,foreground,bg_means,bg_stdev,pvals,minus_logs,regs,active
2,0.0,0.0,0.0,1.0,-0.0,0,0
3,0.0,0.0,0.0,1.0,-0.0,0,0
4,0.0,0.0,0.0,1.0,-0.0,0,0
5,0.0,0.0,0.0,1.0,-0.0,0,0
6,0.0,0.0,0.0,1.0,-0.0,0,0
7,0.0,0.0,0.0,1.0,-0.0,0,0
8,0.0,0.0,0.0,1.0,-0.0,0,0
9,0.0,0.0,0.0,1.0,-0.0,0,0
10,0.0,0.0,0.0,1.0,-0.0,0,0
11,0.0,0.0,0.0,1.0,-0.0,0,0
12,0.0,0.0,0.0,1.0,-0.0,0,0
13,0.0,0.0,0.0,1.0,-0.0,0,0
14,0.0,0.0,0.0,1.0,-0.0,0,0
15,0.0,0.0,0.0,1.0,-0.0,0,0
16,0.0,0.0,0.0,1.0,-0.0,0,0
17,0.0,0.0,0.0,1.0,-0.0,0,0
18,0.0,0.0,0.0,1.0,-0.0,0,0
19,0.0,0.0,0.0,1.0,-0.0,0,0
20,0.0,0.10099009900990098,0.14246420394934614,1.0,-0.0,0,0
21,0.0,0.10099009900990098,0.14246420394934614,1.0,-0.0,0,0
22,0.2,0.14851485148514848,0.1749760161138576,0.384286809828641,0.4153445219029318,0,0
23,0.2,0.14851485148514848,0.1749760161138576,0.384286809828641,0.4153445219029318,0,0
24,0.4,0.20396039603960395,0.19290421984883258,0.15475432384726479,0.8103572079183505,0,0
25,0.4,0.10099009900990098,0.12467387119760154,0.00823486275275507,2.084343634650613,0,0
26,0.4,0.1564356435643564,0.13380630421010817,0.03435851934828755,1.4639655599957357,0,0
27,0.2,0.11089108910891088,0.09940515166741493,0.18501385583113084,0.732795745728507,0,0
28,0.2,0.11089108910891088,0.09940515166741493,0.18501385583113084,0.732795745728507,0,0
29,0.0,0.05346534653465348,0.08851285797476044,1.0,-0.0,0,0
30,0.0,0.05346534653465348,0.08851285797476044,1.0,-0.0,0,0
31,0.0,0.07920792079207921,0.10560230990870005,1.0,-0.0,0,0
32,0.0,0.07920792079207921,0.10560230990870005,1.0,-0.0,0,0
33,0.0,0.07920792079207921,0.10560230990870005,1.0,-0.0,0,0
34,0.0,0.07920792079207921,0.10560230990870005,1.0,-0.0,0,0
35,0.0,0.07920792079207921,0.10560230990870005,1.0,-0.0,0,0
36,0.0,0.0,0.0,1.0,-0.0,0,0
37,0.0,0.0,0.0,1.0,-0.0,0,0
38,0.0,0.0,0.0,1.0,-0.0,0,0
39,0.0,0.0,0.0,1.0,-0.0,0,0
40,0.0,0.0,0.0,1.0,-0.0,0,0
41,0.0,0.0,0.0,1.0,-0.0,0,0
42,0.0,0.0,0.0,1.0,-0.0,0,0
43,0.0,0.0,0.0,1.0,-0.0,0,0
44,0.0,0.0,0.0,1.0,-0.0,0,0
45,0.0,0.0,0.0,1.0,-0.0,0,0
46,0.0,0.0,0.0,1.0,-0.0,0,0
47,0.0,0.0,0.0,1.0,-0.0,0,0
48,0.0,0.0,0.0,1.0,-0.0,0,0
49,0.0,0.0,0.0,1.0,-0.0,0,0
50,0.0,0.1386138613861386,0.14554118673277588,1.0,-0.0,0,0
51,0.0,0.20594059405940587,0.18552669588707663,1.0,-0.0,0,0
52,0.0,0.20594059405940587,0.18552669588707663,1.0,-0.0,0,0
53,0.0,0.20594059405940587,0.18552669588707663,1.0,-0.0,1,0
54,0.0,0.20594059405940587,0.18552669588707663,1.0,-0.0,0,0
55,0.0,0.06732673267326733,0.11000352009767247,1.0,-0.0,0,0
56,0.0,0.0,0.0,1.0,-0.0,0,0
57,0.2,0.19999999999999996,5.551115123125783e-17,0.15865525393145707,0.7995455414919704,0,0
58,0.2,0.19999999999999996,5.551115123125783e-17,0.15865525393145707,0.7995455414919704,0,0
59,0.2,0.19999999999999996,5.551115123125783e-17,0.15865525393145707,0.7995455414919704,0,0
60,0.2,0.19999999999999996,5.551115123125783e-17,0.15865525393145707,0.7995455414919704,0,0
61,0.2,0.19999999999999996,5.551115123125783e-17,0.15865525393145707,0.7995455414919704,0,0
62,0.0,0.0,0.0,1.0,-0.0,0,0
63,0.0,0.0,0.0,1.0,-0.0,0,0
64,0.0,0.0,0.0,1.0,-0.0,0,0
65,0.0,0.017821782178217824,0.05698017651460656,1.0,-0.0,0,0
66,0.0,0.017821782178217824,0.05698017651460656,1.0,-0.0,0,0
67,0.0,0.12079207920792079,0.14372473118118065,1.0,-0.0,0,0
68,0.0,0.15445544554455443,0.15639804034834157,1.0,-0.0,0,0
69,0.0,0.15445544554455443,0.15639804034834157,1.0,-0.0,0,0
70,0.0,0.13663366336633662,0.15137833547418925,1.0,-0.0,0,0
71,0.0,0.17821782178217818,0.17777723316802727,1.0,-0.0,0,0
72,0.0,0.1168316831683168,0.12353642740976015,1.0,-0.0,0,0
73,0.0,0.08316831683168316,0.0985732947695338,1.0,-0.0,0,0
74,0.0,0.08316831683168316,0.0985732947695338,1.0,-0.0,0,0
75,0.0,0.08316831683168316,0.0985732947695338,1.0,-0.0,0,0
76,0.0,0.041584158415841586,0.08116396646304633,1.0,-0.0,0,0
77,0.0,0.0,0.0,1.0,-0.0,0,0
78,0.0,0.0,0.0,1.0,-0.0,0,0
79,0.0,0.09306930693069305,0.1306930693069307,1.0,-0.0,0,0
80,0.0,0.09306930693069305,0.1306930693069307,1.0,-0.0,0,0
81,0.0,0.09306930693069305,0.1306930693069307,1.0,-0.0,0,0
82,0.0,0.09306930693069305,0.1306930693069307,1.0,-0.0,0,0
83,0.0,0.09306930693069305,0.1306930693069307,1.0,-0.0,0,0
84,0.0,0.0,0.0,1.0,-0.0,0,0
85,0.0,0.0,0.0,1.0,-0.0,0,0
86,0.0,0.0,0.0,1.0,-0.0,0,0
87,0.0,0.0,0.0,1.0,-0.0,0,0
88,0.0,0.0,0.0,1.0,-0.0,0,0
89,0.0,0.0,0.0,1.0,-0.0,0,0
90,0.0,0.0,0.0,1.0,-0.0,0,0
91,0.0,0.0,0.0,1.0,-0.0,0,0
92,0.0,0.0,0.0,1.0,-0.0,0,0
93,0.0,0.0,0.0,1.0,-0.0,0,0
94,0.0,0.0,0.0,1.0,-0.0,0,0
95,0.2,0.011881188118811883,0.047276579747775535,3.4586556520905853e-05,4.461092674713385,0,0
96,0.2,0.011881188118811883,0.047276579747775535,3.4586556520905853e-05,4.461092674713385,0,0
97,0.4,0.11287128712871287,0.15264231556912292,0.02998216442242227,1.5231370184929314,0,0
98,0.4,0.14059405940594058,0.15806892707703052,0.05038896989483329,1.2976645198653556,0,0
99,0.4,0.14059405940594058,0.15806892707703052,0.05038896989483329,1.2976645198653556,0,0
100,0.2,0.12673267326732673,0.14818445096134422,0.31050010150204044,0.507938253517131,0,0
101,0.2,0.12673267326732673,0.14818445096134422,0.31050010150204044,0.507938253517131,0,0
102,0.0,0.025742574257425745,0.07264925278354116,1.0,-0.0,0,0
103,0.0,0.0,0.0,1.0,-0.0,0,0
104,0.0,0.0,0.0,1.0,-0.0,0,0
105,0.0,0.0,0.0,1.0,-0.0,0,0
106,0.0,0.0,0.0,1.0,-0.0,0,0
107,0.0,0.0,0.0,1.0,-0.0,0,0
108,0.0,0.0,0.0,1.0,-0.0,0,0
109,0.0,0.0,0.0,1.0,-0.0,0,0
110,0.0,0.0,0.0,1.0,-0.0,0,0
111,0.0,0.0,0.0,1.0,-0.0,0,0
112,0.0,0.0,0.0,1.0,-0.0,0,0
113,0.0,0.0,0.0,1.0,-0.0,0,0
114,0.0,0.0,0.0,1.0,-0.0,0,0
115,0.0,0.0,0.0,1.0,-0.0,0,0
116,0.0,0.0,0.0,1.0,-0.0,0,0
117,0.0,0.0,0.0,1.0,-0.0,0,0
118,0.0,0.0,0.0,1.0,-0.0,0,0
119,0.0,0.0,0.0,1.0,-0.0,0,0
120,0.0,0.0,0.0,1.0,-0.0,0,0
121,0.0,0.027722772277227727,0.06910862719451544,1.0,-0.0,0,0
122,0.0,0.027722772277227727,0.06910862719451544,1.0,-0.0,0,0
123,0.0,0.04752475247524753,0.08965727859541997,1.0,-0.0,0,0
124,0.0,0.2396039603960396,0.19904684155451982,1.0,-0.0,0,0
125,0.0,0.2396039603960396,0.19904684155451982,1.0,-0.0,0,0
126,0.0,0.33564356435643555,0.2467949637690178,1.0,-0.0,0,0
127,0.0,0.35643564356435636,0.25110285123401754,1.0,-0.0,0,0
128,0.0,0.33564356435643555,0.23190308594424455,1.0,-0.0,0,0
129,0.0,0.16831683168316827,0.14821091010823154,1.0,-0.0,0,0
130,0.0,0.16831683168316827,0.14821091010823154,1.0,-0.0,0,0
131,0.0,0.04356435643564357,0.08721867542790196,1.0,-0.0,0,0
132,0.0,0.023762376237623766,0.06471340450838887,1.0,-0.0,0,0
133,0.0,0.023762376237623766,0.06471340450838887,1.0,-0.0,0,0
134,0.0,0.0,0.0,1.0,-0.0,0,0
135,0.0,0.0,0.0,1.0,-0.0,0,0
136,0.0,0.0,0.0,1.0,-0.0,0,0
137,0.0,0.0,0.0,1.0,-0.0,0,0
138,0.0,0.0,0.0,1.0,-0.0,0,0
139,0.0,0.015841584158415842,0.05401260078014202,1.0,-0.0,0,0
140,0.0,0.09504950495049505,0.13078304733432375,1.0,-0.0,0,0
141,0.0,0.22376237623762377,0.1808388127814792,1.0,-0.0,0,0
142,0.2,0.2831683168316832,0.1934928079256413,1.0,-0.0,0,0
143,0.2,0.2831683168316832,0.1934928079256413,1.0,-0.0,0,0
144,0.2,0.26732673267326734,0.1914555558854942,1.0,-0.0,0,0
145,0.2,0.18811881188118812,0.15624753698676327,0.4696933181800719,0.32818561801169405,0,0
146,0.2,0.05940594059405942,0.0996808946427978,0.07920469585235769,1.1012490693914336,0,0
147,0.0,0.0,0.0,1.0,-0.0,0,0
148,0.0,0.0,0.0,1.0,-0.0,0,0
149,0.0,0.0,0.0,1.0,-0.0,0,0
150,0.0,0.0,0.0,1.0,-0.0,0,0
151,0.0,0.013861386138613863,0.05079507064705211,1.0,-0.0,0,0
152,0.2,0.14653465346534653,0.15387043310940524,0.36411915772488007,0.43875647054333955,0,0
153,0.2,0.14653465346534653,0.15387043310940524,0.36411915772488007,0.43875647054333955,0,0
154,0.2,0.14653465346534653,0.15387043310940524,0.36411915772488007,0.43875647054333955,2,0
155,0.2,0.14653465346534653,0.15387043310940524,0.36411915772488007,0.43875647054333955,0,0
156,0.2,0.13267326732673268,0.13578441772620808,0.3100052432174904,0.5086309607426088,0,0
157,0.0,0.0,0.0,1.0,-0.0,0,0
158,0.0,0.0,0.0,1.0,-0.0,0,0
159,0.0,0.0,0.0,1.0,-0.0,0,0
160,0.0,0.0,0.0,1.0,-0.0,0,0
161,0.0,0.0,0.0,1.0,-0.0,0,0
162,0.0,0.0,0.0,1.0,-0.0,0,0
163,0.0,0.0,0.0,1.0,-0.0,0,0
164,0.0,0.023762376237623766,0.06471340450838887,1.0,-0.0,0,0
165,0.0,0.023762376237623766,0.06471340450838887,1.0,-0.0,0,0
166,0.0,0.023762376237623766,0.06471340450838887,1.0,-0.0,0,0
167,0.0,0.023762376237623766,0.06471340450838887,1.0,-0.0,0,0
168,0.0,0.023762376237623766,0.06471340450838887,1.0,-0.0,0,0
169,0.2,0.05544554455445545,0.09384550979067555,0.06173814835066573,1.2094464000101814,0,0
170,0.2,0.10297029702970298,0.1396285351588451,0.2435548705963595,0.6134031810091819,0,0
171,0.2,0.10297029702970298,0.1396285351588451,0.2435548705963595,0.6134031810091819,0,0
172,0.6,0.17425742574257427,0.17499842451711448,0.007490529655115001,2.1254874722656885,0,0
173,0.6,0.17425742574257427,0.17499842451711448,0.007490529655115001,2.1254874722656885,0,0
174,0.6,0.14653465346534653,0.1638426898490107,0.002822778970331458,2.5493231267143894,0,0
175,0.6,0.097029702970297,0.13383560593042218,8.559731444322826e-05,4.0675398607992825,0,0
176,0.6,0.097029702970297,0.13383560593042218,8.559731444322826e-05,4.0675398607992825,0,0
177,0.2,0.047524752475247525,0.09809478080396704,0.06004850186537829,1.2214978232271951,0,0
178,0.2,0.047524752475247525,0.09809478080396704,0.06004850186537829,1.2214978232271951,0,0
179,0.0,0.019801980198019802,0.059735061897023205,1.0,-0.0,0,0
180,0.0,0.019801980198019802,0.059735061897023205,1.0,-0.0,0,0
181,0.0,0.019801980198019802,0.059735061897023205,1.0,-0.0,0,0
182,0.0,0.0,0.0,1.0,-0.0,0,0
183,0.0,0.0,0.0,1.0,-0.0,0,0
184,0.0,0.0,0.0,1.0,-0.0,0,0
185,0.0,0.0,0.0,1.0,-0.0,0,0
186,0.0,0.0,0.0,1.0,-0.0,0,0
187,0.0,0.0,0.0,1.0,-0.0,0,0
188,0.0,0.0,0.0,1.0,-0.0,0,0
189,0.0,0.0,0.0,1.0,-0.0,0,0
190,0.0,0.0,0.0,1.0,-0.0,0,0
191,0.0,0.0,0.0,1.0,-0.0,0,0
192,0.0,0.0,0.0,1.0,-0.0,0,0
193,0.0,0.0,0.0,1.0,-0.0,0,0
194,0.0,0.0,0.0,1.0,-0.0,0,0
195,0.0,0.0,0.0,1.0,-0.0,0,0
196,0.0,0.0,0.0,1.0,-0.0,0,0
197,0.0,0.0,0.0,1.0,-0.0,0,0
198,0.0,0.0,0.0,1.0,-0.0,0,0
199,0.0,0.0,0.0,1.0,-0.0,0,0
200,0.0,0.0,0.0,1.0,-0.0,0,0
201,0.0,0.0,0.0,1.0,-0.0,0,0
202,0.0,0.0,0.0,1.0,-0.0,0,0
203,0.0,0.0,0.0,1.0,-0.0,0,0
204,0.0,0.0,0.0,1.0,-0.0,0,0
205,0.0,0.0,0.0,1.0,-0.0,0,0
206,0.0,0.03762376237623763,0.08307396817189318,1.0,-0.0,0,0
207,0.0,0.03762376237623763,0.08307396817189318,1.0,-0.0,0,0
208,0.2,0.09306930693069305,0.11795067415315191,0.18231677881311903,0.7391733609082306,0,0
209,0.2,0.1306930693069307,0.1419402846531281,0.3126749433702566,0.5049069201387142,0,0
210,0.4,0.17029702970297025,0.15513938444198727,0.06935350611941059,1.1589315785730607,1,0
211,0.4,0.13267326732673265,0.1414975848312859,0.02942802338139737,1.5312389075701454,0,0
212,0.4,0.32772277227722774,0.22432243937724122,0.37364968425748823,0.4275353803964072,0,0
213,0.2,0.27128712871287125,0.2190603848498573,1.0,-0.0,0,0
214,0.2,0.2356435643564356,0.21506810269125487,1.0,-0.0,0,0
215,0.0,0.19603960396039605,0.19696750100290228,1.0,-0.0,0,0
216,0.0,0.19603960396039605,0.19696750100290228,1.0,-0.0,0,0
217,0.0,0.08514851485148514,0.11378818137472192,1.0,-0.0,0,0
218,0.0,0.17821782178217818,0.16863104044391106,1.0,-0.0,0,0
219,0.0,0.17821782178217818,0.16863104044391106,1.0,-0.0,0,0
220,0.0,0.17821782178217818,0.16863104044391106,1.0,-0.0,0,0
221,0.0,0.2079207920792079,0.17782134115361306,1.0,-0.0,0,0
222,0.0,0.12178217821782177,0.13759170507754623,1.0,-0.0,0,0
223,0.0,0.0297029702970297,0.07112192077650681,1.0,-0.0,0,0
224,0.0,0.06732673267326733,0.11000352009767247,1.0,-0.0,0,0
225,0.0,0.06732673267326733,0.11000352009767247,1.0,-0.0,0,0
226,0.0,0.03762376237623762,0.07816140339006157,1.0,-0.0,0,0
227,0.0,0.03762376237623762,0.07816140339006157,1.0,-0.0,0,0
228,0.0,0.03762376237623762,0.07816140339006157,1.0,-0.0,0,0
229,0.0,0.0,0.0,1.0,-0.0,0,0
230,0.0,0.0,0.0,1.0,-0.0,0,0
231,0.0,0.0,0.0,1.0,-0.0,0,0
232,0.0,0.0,0.0,1.0,-0.0,0,0
233,0.0,0.0,0.0,1.0,-0.0,0,0
234,0.0,0.0,0.0,1.0,-0.0,0,0
235,0.0,0.0,0.0,1.0,-0.0,0,0
236,0.0,0.0,0.0,1.0,-0.0,0,0
237,0.0,0.0,0.0,1.0,-0.0,0,0
238,0.0,0.0,0.0,1.0,-0.0,0,0
239,0.0,0.05346534653465347,0.10104832334394512,1.0,-0.0,0,0
240,0.0,0.16237623762376235,0.17511042352027043,1.0,-0.0,0,0
241,0.2,0.3089108910891089,0.23466808660634533,1.0,-0.0,0,0
242,0.2,0.39801980198019804,0.2602284594217744,1.0,-0.0,0,0
243,0.4,0.5138613861386139,0.2688551831359565,1.0,-0.0,0,0
244,0.6,0.48514851485148514,0.26152111726402144,0.33027021097138026,0.48113059613654563,0,0
245,0.8,0.5089108910891089,0.21159414256664313,0.08445796348149255,1.0733593948435438,0,0
246,0.8,0.39801980198019804,0.22248826780496067,0.03540080214321057,1.4509868972277937,0,0
247,1.0,0.35445544554455444,0.22669591988853358,0.002202352277040037,2.6571132122770607,0,0
248,1.0,0.32673267326732675,0.2350020387983651,0.0020854248962717476,2.680805446058895,0,0
249,0.8,0.4178217821782178,0.27445573128726575,0.08188628600817395,1.0867888260745424,0,0
250,1.6,0.4356435643564357,0.24111299615331405,6.857909507199522e-07,6.163808249868959,0,0
251,1.4,0.39801980198019804,0.2445364165391776,2.088467357743246e-05,4.680172308267077,0,0
252,1.2,0.3544554455445545,0.2467711299750397,0.00030578316962523515,3.514586421932328,0,0
253,1.0,0.2653465346534654,0.22534270647011964,0.0005567452677408082,3.254343465722372,0,0
254,1.0,0.1485148514851485,0.16326729671147555,9.176842948971306e-08,7.0373067006786565,0,0
255,0.2,0.06930693069306931,0.10316052497133552,0.10259725727169978,0.9888642490457182,0,0
256,0.2,0.08118811881188118,0.11664694237642095,0.1542060090621744,0.8118987024738039,0,0
257,0.2,0.08118811881188118,0.11664694237642095,0.1542060090621744,0.8118987024738039,0,0
258,0.2,0.2178217821782178,0.19108654387033375,1.0,-0.0,0,0
259,0.2,0.2178217821782178,0.19108654387033375,1.0,-0.0,0,0
260,0.0,0.16435643564356434,0.16744093589393827,1.0,-0.0,0,0
261,0.0,0.19009900990099005,0.17206086333646306,1.0,-0.0,0,0
262,0.2,0.3455445544554456,0.24354020648204344,1.0,-0.0,0,0
263,0.2,0.20990099009900992,0.18958263199843847,1.0,-0.0,0,0
264,0.2,0.20990099009900992,0.18958263199843847,1.0,-0.0,0,0
265,0.2,0.19405940594059404,0.1767818940250744,0.486596431775095,0.3128310800868039,0,0
266,0.2,0.15643564356435644,0.15569444662458046,0.38981288800990216,0.4091438063188209,0,0
267,0.0,0.0594059405940594,0.09562531855564069,1.0,-0.0,0,0
268,0.4,0.23168316831683167,0.2043733203554957,0.20509043949780226,0.6880545842446215,0,0
269,0.4,0.23168316831683167,0.2043733203554957,0.20509043949780226,0.6880545842446215,0,0
270,0.4,0.23168316831683167,0.2043733203554957,0.20509043949780226,0.6880545842446215,0,0
271,0.4,0.2613861386138614,0.21934659811561177,0.26371308365771445,0.5788683229202896,0,0
272,0.4,0.20198019801980194,0.17909574739952497,0.13443589015051033,0.8714847728481825,0,0
273,0.0,0.0297029702970297,0.07112192077650681,1.0,-0.0,0,0
274,0.0,0.0297029702970297,0.07112192077650681,1.0,-0.0,0,0
275,0.0,0.0297029702970297,0.07112192077650681,1.0,-0.0,0,0
276,0.0,0.0,0.0,1.0,-0.0,0,0
277,0.0,0.0,0.0,1.0,-0.0,0,0
278,0.0,0.0,0.0,1.0,-0.0,0,0
279,0.0,0.0,0.0,1.0,-0.0,0,0
280,0.0,0.0,0.0,1.0,-0.0,0,0
281,0.0,0.0,0.0,1.0,-0.0,0,0
282,0.0,0.0,0.0,1.0,-0.0,0,0
283,0.0,0.0,0.0,1.0,-0.0,0,0
284,0.0,0.0,0.0,1.0,-0.0,0,0
285,0.0,0.0,0.0,1.0,-0.0,0,0
286,0.0,0.0,0.0,1.0,-0.0,0,0
287,0.0,0.0,0.0,1.0,-0.0,0,0
288,0.0,0.0,0.0,1.0,-0.0,0,0
289,0.0,0.0,0.0,1.0,-0.0,0,0
290,0.0,0.0,0.0,1.0,-0.0,0,0
291,0.0,0.0,0.0,1.0,-0.0,0,0
292,0.0,0.0,0.0,1.0,-0.0,0,0
293,0.0,0.0,0.0,1.0,-0.0,0,0
294,0.0,0.0,0.0,1.0,-0.0,0,0
295,0.0,0.0,0.0,1.0,-0.0,0,0
296,0.0,0.0,0.0,1.0,-0.0,0,0
297,0.0,0.0,0.0,1.0,-0.0,0,0
298,0.0,0.0,0.0,1.0,-0.0,0,0
299,0.0,0.0,0.0,1.0,-0.0,0,0
300,0.0,0.07326732673267328,0.10425700262248065,1.0,-0.0,0,0
301,0.2,0.1762376237623762,0.15488642587743504,0.4390342986246754,0.3575015500959866,0,0
302,0.2,0.2059405940594059,0.1699282214093064,1.0,-0.0,0,0
303,0.2,0.22376237623762374,0.17640441545600072,1.0,-0.0,0,0
304,0.2,0.2475247524752475,0.1827155227631251,1.0,-0.0,0,0
305,0.2,0.2059405940594059,0.18120705414231045,1.0,-0.0,0,0
306,0.0,0.10297029702970295,0.127780323207142,1.0,-0.0,0,0
307,0.0,0.07326732673267328,0.11509022642946842,1.0,-0.0,0,0
308,0.0,0.05544554455445545,0.09797478714338997,1.0,-0.0,0,0
309,0.0,0.14257425742574256,0.1550129567586608,1.0,-0.0,0,0
310,0.0,0.14653465346534653,0.15387043310940524,1.0,-0.0,0,0
311,0.4,0.22772277227722773,0.19094284660479482,0.18346336880843306,0.7364506361119689,0,0
312,0.4,0.27524752475247527,0.21220480514247628,0.27830402559675094,0.555480511661606,0,0
313,0.4,0.27524752475247527,0.21220480514247628,0.27830402559675094,0.555480511661606,0,0
314,0.4,0.16633663366336632,0.15937826461670404,0.0713114692115758,1.1468406158041966,0,0
315,0.4,0.1306930693069307,0.1303024465454424,0.019377285191947664,1.712707068809764,0,0
316,0.0,0.04752475247524753,0.08512548617902843,1.0,-0.0,0,0
317,0.0,0.13465346534653466,0.13529260081218794,1.0,-0.0,0,0
318,0.0,0.13465346534653466,0.13529260081218794,1.0,-0.0,0,0
319,0.0,0.13465346534653466,0.13529260081218794,1.0,-0.0,0,0
320,0.0,0.13465346534653466,0.13529260081218794,1.0,-0.0,0,0
321,0.0,0.16237623762376235,0.15080738823492887,1.0,-0.0,0,0
322,0.0,0.057425742574257435,0.09885135821266286,1.0,-0.0,0,0
323,0.0,0.057425742574257435,0.09885135821266286,1.0,-0.0,0,0
324,0.0,0.18613861386138614,0.17407731466008644,1.0,-0.0,0,0
325,0.0,0.21584158415841584,0.18387074305594647,1.0,-0.0,0,0
326,0.0,0.18811881188118812,0.17535656953133036,1.0,-0.0,0,0
327,0.0,0.2079207920792079,0.18003474269593195,1.0,-0.0,0,0
328,0.0,0.2079207920792079,0.18003474269593195,1.0,-0.0,0,0
329,0.0,0.14653465346534653,0.148633615879566,1.0,-0.0,0,0
330,0.0,0.3326732673267327,0.22030982274568575,1.0,-0.0,0,0
331,0.0,0.3326732673267327,0.22030982274568575,1.0,-0.0,0,0
332,0.0,0.36831683168316826,0.23162392404918355,1.0,-0.0,0,0
333,0.0,0.3920792079207921,0.24683468164489966,1.0,-0.0,0,0
334,0.0,0.3564356435643564,0.22968589899008357,1.0,-0.0,0,0
335,0.0,0.1396039603960396,0.16294274516570856,1.0,-0.0,0,0
336,0.0,0.1396039603960396,0.16294274516570856,1.0,-0.0,0,0
337,0.0,0.05346534653465347,0.09287951999650357,1.0,-0.0,0,0
338,0.0,0.10099009900990098,0.1308729634998678,1.0,-0.0,0,0
339,0.0,0.09504950495049502,0.1307830473343237,1.0,-0.0,0,0
340,0.0,0.31287128712871287,0.23278910114353418,1.0,-0.0,0,0
341,0.0,0.31287128712871287,0.23278910114353418,1.0,-0.0,0,0
342,0.0,0.31287128712871287,0.23278910114353418,1.0,-0.0,0,0
343,0.0,0.24158415841584152,0.20932107448676,1.0,-0.0,0,0
