,foreground,bg_means,bg_stdev,pvals,minus_logs,regs,active
2,0.0,0.0,0.0,1.0,-0.0,0,0
3,0.0,0.0,0.0,1.0,-0.0,0,0
4,0.0,0.0,0.0,1.0,-0.0,0,0
5,0.0,0.0,0.0,1.0,-0.0,0,0
6,0.0,0.0,0.0,1.0,-0.0,0,0
7,0.0,0.0,0.0,1.0,-0.0,0,0
8,0.0,0.0,0.0,1.0,-0.0,0,0
9,0.0,0.013861386138613863,0.05079507064705211,1.0,-0.0,0,0
10,0.0,0.013861386138613863,0.05079507064705211,1.0,-0.0,0,0
11,0.0,0.013861386138613863,0.05079507064705211,1.0,-0.0,0,0
12,0.0,0.013861386138613863,0.05079507064705211,1.0,-0.0,0,0
13,0.0,0.013861386138613863,0.05079507064705211,1.0,-0.0,0,0
14,0.0,0.0,0.0,1.0,-0.0,0,0
15,0.0,0.0,0.0,1.0,-0.0,0,0
16,0.0,0.0,0.0,1.0,-0.0,0,0
17,0.0,0.0792079207920792,0.12293186689242579,1.0,-0.0,0,0
18,0.0,0.0792079207920792,0.12293186689242579,1.0,-0.0,0,0
19,0.0,0.0792079207920792,0.12293186689242579,1.0,-0.0,0,0
20,0.0,0.0792079207920792,0.12293186689242579,1.0,-0.0,0,0
21,0.0,0.0792079207920792,0.12293186689242579,1.0,-0.0,0,0
22,0.0,0.019801980198019802,0.059735061897023205,1.0,-0.0,0,0
23,0.0,0.019801980198019802,0.059735061897023205,1.0,-0.0,0,0
24,0.0,0.019801980198019802,0.059735061897023205,1.0,-0.0,0,0
25,0.0,0.019801980198019802,0.059735061897023205,1.0,-0.0,0,0
26,0.0,0.019801980198019802,0.059735061897023205,1.0,-0.0,0,0
27,0.0,0.0,0.0,1.0,-0.0,0,0
28,0.0,0.09900990099009903,0.13679141417164786,1.0,-0.0,0,0
29,0.2,0.12475247524752475,0.14852805221860732,0.30621016232029796,0.5139804002922561,0,0
30,0.6,0.297029702970297,0.23481842386627264,0.09848502065086175,1.0066298196889891,0,0
31,0.6,0.297029702970297,0.23481842386627264,0.09848502065086175,1.0066298196889891,0,0
32,0.6,0.3603960396039604,0.25332607559896925,0.17211708858200703,0.7641760087634467,0,0
33,0.6,0.31683168316831684,0.21666660382716724,0.09561806105474392,1.0194600671845,0,0
34,0.4,0.41386138613861395,0.27755285036654453,1.0,-0.0,0,0
35,0.0,0.24158415841584158,0.21307151531852703,1.0,-0.0,0,0
36,0.0,0.300990099009901,0.23483512206532425,1.0,-0.0,0,0
37,0.0,0.23960396039603957,0.22342039932781524,1.0,-0.0,0,0
38,0.0,0.18217821782178212,0.18476425418501982,1.0,-0.0,0,0
39,0.0,0.0594059405940594,0.10357779667819421,1.0,-0.0,0,0
40,0.0,0.0594059405940594,0.10357779667819421,1.0,-0.0,0,0
41,0.0,0.0,0.0,1.0,-0.0,0,0
42,0.0,0.0,0.0,1.0,-0.0,0,0
43,0.0,0.0,0.0,1.0,-0.0,0,0
44,0.0,0.0,0.0,1.0,-0.0,0,0
45,0.0,0.0,0.0,1.0,-0.0,0,0
46,0.0,0.0,0.0,1.0,-0.0,0,0
47,0.0,0.1089108910891089,0.14765427233510692,1.0,-0.0,0,0
48,0.0,0.1089108910891089,0.14765427233510692,1.0,-0.0,0,0
49,0.0,0.20396039603960398,0.1823503276549915,1.0,-0.0,0,0
50,0.0,0.20396039603960398,0.1823503276549915,1.0,-0.0,0,0
51,0.0,0.20396039603960398,0.1823503276549915,1.0,-0.0,0,0
52,0.0,0.09306930693069307,0.12448501897427099,1.0,-0.0,0,0
53,0.0,0.14257425742574256,0.14714883329235087,1.0,-0.0,0,0
54,0.0,0.04752475247524753,0.08965727859541997,1.0,-0.0,0,0
55,0.0,0.04752475247524753,0.08965727859541997,1.0,-0.0,0,0
56,0.0,0.04752475247524753,0.08965727859541997,1.0,-0.0,0,0
57,0.0,0.1485148514851485,0.14799910448360235,1.0,-0.0,0,0
58,0.0,0.09900990099009899,0.14521752172118102,1.0,-0.0,0,0
59,0.0,0.09900990099009899,0.14521752172118102,1.0,-0.0,0,0
60,0.0,0.09900990099009899,0.14521752172118102,1.0,-0.0,0,0
61,0.0,0.1584158415841584,0.17421241542909127,1.0,-0.0,0,0
62,0.0,0.05742574257425742,0.09885135821266286,1.0,-0.0,0,0
63,0.0,0.08514851485148517,0.12379009590564581,1.0,-0.0,0,0
64,0.0,0.19009900990099013,0.19166025556535224,1.0,-0.0,0,0
65,0.0,0.19009900990099013,0.19166025556535224,1.0,-0.0,0,0
66,0.0,0.1306930693069307,0.1500775867049221,1.0,-0.0,0,0
67,0.0,0.299009900990099,0.2365155676976814,1.0,-0.0,0,0
68,0.0,0.2712871287128713,0.2279207060584263,1.0,-0.0,0,0
69,0.0,0.17425742574257425,0.1983363806027551,1.0,-0.0,0,0
70,0.2,0.194059405940594,0.21882756092738695,0.4891710940721602,0.3105392140557374,0,0
71,0.2,0.194059405940594,0.21882756092738695,0.4891710940721602,0.3105392140557374,0,0
72,0.2,0.025742574257425745,0.06697637435757531,0.004637140001348011,2.3337497919853583,0,0
73,0.2,0.025742574257425745,0.06697637435757531,0.004637140001348011,2.3337497919853583,0,0
74,0.2,0.19801980198019803,0.18129359046727286,0.49564259826311885,0.3048313750248198,0,0
75,0.0,0.17821782178217827,0.1821782178217822,1.0,-0.0,0,0
76,0.0,0.17821782178217827,0.1821782178217822,1.0,-0.0,0,0
77,0.0,0.17821782178217827,0.1821782178217822,1.0,-0.0,0,0
78,0.0,0.17821782178217827,0.1821782178217822,1.0,-0.0,0,0
79,0.2,0.3801980198019802,0.2602435272229174,1.0,-0.0,0,0
80,0.2,0.60990099009901,0.3286651522085166,1.0,-0.0,0,0
81,0.2,0.60990099009901,0.3286651522085166,1.0,-0.0,0,0
82,0.2,0.60990099009901,0.3286651522085166,1.0,-0.0,0,0
83,0.2,0.60990099009901,0.3286651522085166,1.0,-0.0,0,0
84,0.0,0.22970297029702968,0.20563572254648982,1.0,-0.0,0,0
85,0.0,0.0,0.0,1.0,-0.0,0,0
86,0.0,0.0,0.0,1.0,-0.0,0,0
87,0.0,0.0,0.0,1.0,-0.0,0,0
88,0.0,0.0,0.0,1.0,-0.0,0,0
89,0.0,0.017821782178217824,0.056980176514606566,1.0,-0.0,0,0
90,0.0,0.03564356435643565,0.07653920035678292,1.0,-0.0,0,0
91,0.8,0.31683168316831684,0.21848683352073972,0.013503040540240718,1.869568428455581,0,0
92,0.8,0.31683168316831684,0.21848683352073972,0.013503040540240718,1.869568428455581,0,0
93,0.8,0.31683168316831684,0.21848683352073972,0.013503040540240718,1.869568428455581,0,0
94,0.8,0.297029702970297,0.20988230815423534,0.00827760845906762,2.082095120105826,0,0
95,0.8,0.2792079207920792,0.20887100177575063,0.0063268976386499235,2.198809191829631,0,0
96,0.0,0.0,0.0,1.0,-0.0,0,0
97,0.0,0.05346534653465348,0.08851285797476045,1.0,-0.0,0,0
98,0.0,0.05346534653465348,0.08851285797476045,1.0,-0.0,0,0
99,0.0,0.05346534653465348,0.08851285797476045,1.0,-0.0,0,0
100,0.0,0.05346534653465348,0.08851285797476045,1.0,-0.0,0,0
101,0.2,0.2158415841584158,0.18387074305594647,1.0,-0.0,0,0
102,0.2,0.16237623762376235,0.16818865241652334,0.4114954635871043,0.3856349481794096,0,0
103,0.2,0.16237623762376235,0.16818865241652334,0.4114954635871043,0.3856349481794096,0,0
104,0.2,0.16237623762376235,0.16818865241652334,0.4114954635871043,0.3856349481794096,0,0
105,0.2,0.16237623762376235,0.16818865241652334,0.4114954635871043,0.3856349481794096,0,0
106,0.0,0.0,0.0,1.0,-0.0,0,0
107,0.0,0.0,0.0,1.0,-0.0,0,0
108,0.0,0.0,0.0,1.0,-0.0,0,0
109,0.0,0.015841584158415842,0.05401260078014202,1.0,-0.0,0,0
110,0.0,0.015841584158415842,0.05401260078014202,1.0,-0.0,0,0
111,0.0,0.015841584158415842,0.05401260078014202,1.0,-0.0,0,0
112,0.0,0.015841584158415842,0.05401260078014202,1.0,-0.0,0,0
113,0.0,0.061386138613861385,0.10046456153636295,1.0,-0.0,0,0
114,0.0,0.04554455445544554,0.08387254884969257,1.0,-0.0,0,0
115,0.0,0.04554455445544554,0.08387254884969257,1.0,-0.0,0,0
116,0.0,0.04554455445544554,0.08387254884969257,1.0,-0.0,0,0
117,0.0,0.04554455445544554,0.08387254884969257,1.0,-0.0,0,0
118,0.0,0.0,0.0,1.0,-0.0,0,0
119,0.0,0.0,0.0,1.0,-0.0,0,0
120,0.0,0.007920792079207921,0.03900537743285587,1.0,-0.0,0,0
121,0.0,0.007920792079207921,0.03900537743285587,1.0,-0.0,0,0
122,0.0,0.031683168316831684,0.07826167463512675,1.0,-0.0,0,0
123,0.0,0.031683168316831684,0.07826167463512675,1.0,-0.0,0,0
124,0.0,0.031683168316831684,0.07826167463512675,1.0,-0.0,0,0
125,0.0,0.08910891089108909,0.12420120222231065,1.0,-0.0,0,0
126,0.0,0.08910891089108909,0.12420120222231065,1.0,-0.0,0,0
127,0.0,0.06534653465346535,0.10571364605971598,1.0,-0.0,0,0
128,0.0,0.06534653465346535,0.10571364605971598,1.0,-0.0,0,0
129,0.2,0.12673267326732673,0.1454872925680942,0.30727142456894074,0.5124778261056941,0,0
130,0.2,0.08514851485148514,0.1269490726718781,0.18281079492823915,0.737998162872722,0,0
131,0.2,0.08514851485148514,0.1269490726718781,0.18281079492823915,0.737998162872722,0,0
132,0.2,0.2237623762376237,0.1830157245051246,1.0,-0.0,0,0
133,0.2,0.2237623762376237,0.1830157245051246,1.0,-0.0,0,0
134,0.0,0.16237623762376235,0.15341104117423018,1.0,-0.0,0,0
135,0.0,0.1386138613861386,0.15088537189345533,1.0,-0.0,0,0
136,0.4,0.26534653465346536,0.18478547560060526,0.23309211750331443,0.6324724128058795,0,0
137,0.4,0.12673267326732673,0.15343659903216253,0.03745795881552715,1.4264558921851773,0,0
138,0.4,0.12673267326732673,0.15343659903216253,0.03745795881552715,1.4264558921851773,0,0
139,0.4,0.12673267326732673,0.15343659903216253,0.03745795881552715,1.4264558921851773,0,0
140,0.4,0.12673267326732673,0.15343659903216253,0.03745795881552715,1.4264558921851773,0,0
141,0.0,0.0,0.0,1.0,-0.0,0,0
142,0.0,0.0,0.0,1.0,-0.0,0,0
143,0.0,0.0,0.0,1.0,-0.0,0,0
144,0.0,0.03564356435643565,0.07653920035678292,1.0,-0.0,0,0
145,0.0,0.03564356435643565,0.07653920035678292,1.0,-0.0,0,0
146,0.0,0.03564356435643565,0.07653920035678292,1.0,-0.0,0,0
147,0.0,0.03564356435643565,0.07653920035678292,1.0,-0.0,0,0
148,0.0,0.12178217821782175,0.13468258275748082,1.0,-0.0,0,0
149,0.0,0.08514851485148513,0.12054836637801526,1.0,-0.0,0,0
150,0.0,0.1069306930693069,0.12762679639066946,1.0,-0.0,0,0
151,0.0,0.1069306930693069,0.12762679639066946,1.0,-0.0,0,0
152,0.0,0.1069306930693069,0.12762679639066946,1.0,-0.0,0,0
153,0.0,0.021782178217821784,0.06230547612891991,1.0,-0.0,0,0
154,0.2,0.10099009900990098,0.1396566153069739,0.2391769893682686,0.621280605081162,0,0
155,0.2,0.1108910891089109,0.14752142995793405,0.2729083748352631,0.563983136778129,0,0
156,0.2,0.1108910891089109,0.14752142995793405,0.2729083748352631,0.563983136778129,0,0
157,0.2,0.1108910891089109,0.14752142995793405,0.2729083748352631,0.563983136778129,0,0
158,0.2,0.15247524752475247,0.1760929431716096,0.3936245635601097,0.40491780788868925,0,0
159,0.0,0.07128712871287128,0.11461224656227946,1.0,-0.0,0,0
160,0.0,0.039603960396039604,0.08452453849668534,1.0,-0.0,0,0
161,0.0,0.039603960396039604,0.08452453849668534,1.0,-0.0,0,0
162,0.0,0.039603960396039604,0.08452453849668534,1.0,-0.0,0,0
163,0.0,0.0,0.0,1.0,-0.0,0,0
164,0.4,0.25346534653465347,0.20660593209144543,0.23908558193958868,0.6214466132312686,0,0
165,0.8,0.3900990099009901,0.2410804682616108,0.044540425370476276,1.3512456396780814,0,0
166,0.8,0.3900990099009901,0.2410804682616108,0.044540425370476276,1.3512456396780814,0,0
167,1.0,0.4811881188118811,0.2830921451243651,0.033426514078968295,1.4759089119269018,0,0
168,1.0,0.4811881188118811,0.2830921451243651,0.033426514078968295,1.4759089119269018,0,0
169,0.6,0.22772277227722773,0.18674852677785872,0.023105107554218324,1.6362920055008354,0,0
170,0.4,0.1297029702970297,0.14728201173692715,0.033235475418418696,1.4783981044595986,0,0
171,0.6,0.17029702970297025,0.1626175458823589,0.004115861615064734,2.3855392356647314,0,0
172,0.4,0.07722772277227724,0.1124710639300034,0.002053494791492543,2.6875063943583766,0,0
173,0.4,0.07722772277227724,0.1124710639300034,0.002053494791492543,2.6875063943583766,0,0
174,0.4,0.07722772277227724,0.1124710639300034,0.002053494791492543,2.6875063943583766,0,0
175,0.2,0.039603960396039604,0.07970143286137867,0.022085672454221338,1.6558893730090938,0,0
176,0.0,0.0,0.0,1.0,-0.0,0,0
177,0.0,0.0,0.0,1.0,-0.0,0,0
178,0.0,0.013861386138613863,0.05079507064705211,1.0,-0.0,0,0
179,0.0,0.013861386138613863,0.05079507064705211,1.0,-0.0,0,0
180,0.0,0.013861386138613863,0.05079507064705211,1.0,-0.0,0,0
181,0.0,0.013861386138613863,0.05079507064705211,1.0,-0.0,0,0
182,0.0,0.061386138613861385,0.09644194583672017,1.0,-0.0,0,0
