,foreground,bg_means,bg_stdev,pvals,minus_logs,regs,active
2,0.4,0.2851485148514851,0.17876703054720586,0.2602857901396461,0.5845495408127469,0,0
3,0.4,0.3465346534653465,0.1843180400510114,0.38588090173557604,0.41354671527701625,0,0
4,0.4,0.3465346534653465,0.1843180400510114,0.38588090173557604,0.41354671527701625,0,0
5,0.0,0.05940594059405942,0.09138994660763826,1.0,-0.0,0,0
6,0.0,0.12475247524752472,0.12219602867755656,1.0,-0.0,0,0
7,0.4,0.6178217821782177,0.20890854486974947,1.0,-0.0,0,0
8,0.4,0.5584158415841584,0.20932107448676,1.0,-0.0,0,0
9,0.4,0.5584158415841584,0.20932107448676,1.0,-0.0,1,0
10,0.6,0.6297029702970296,0.20755271521986346,1.0,-0.0,0,0
11,0.6,0.5663366336633663,0.20502461949377873,0.4347900684454548,0.3617203847067113,0,0
12,0.2,0.17227722772277226,0.15422679190986738,0.42867313017152364,0.3678737378188682,0,0
13,0.2,0.17227722772277226,0.15422679190986738,0.42867313017152364,0.3678737378188682,0,0
14,0.2,0.17227722772277226,0.15422679190986738,0.42867313017152364,0.3678737378188682,0,0
15,0.0,0.09900990099009901,0.11814997140733703,1.0,-0.0,0,0
16,0.0,0.09900990099009901,0.11814997140733703,1.0,-0.0,1,0
17,0.0,0.0,0.0,1.0,-0.0,0,0
18,0.0,0.0,0.0,1.0,-0.0,0,0
19,0.0,0.0,0.0,1.0,-0.0,0,0
20,0.0,0.11584158415841582,0.1264383959631253,1.0,-0.0,0,0
21,0.0,0.11584158415841582,0.1264383959631253,1.0,-0.0,0,0
22,0.0,0.11584158415841582,0.1264383959631253,1.0,-0.0,0,0
23,0.2,0.21386138613861383,0.17633771771004506,1.0,-0.0,0,0
24,0.4,0.3247524752475247,0.19263978624974748,0.34804181114411276,0.4583685800234699,0,0
25,0.4,0.20792079207920788,0.13764869066917043,0.08144300041829812,1.0891462349937229,0,0
26,0.4,0.20792079207920788,0.13764869066917043,0.08144300041829812,1.0891462349937229,0,0
27,0.4,0.20792079207920788,0.13764869066917043,0.08144300041829812,1.0891462349937229,0,0
28,0.2,0.11089108910891085,0.11423528793549273,0.21768156108160297,0.6621783567175721,0,0
