,foreground,bg_means,bg_stdev,pvals,minus_logs,regs,active
2,0.0,0.0712871287128713,0.10372911567294095,1.0,-0.0,0,0
3,0.0,0.039603960396039604,0.08452453849668534,1.0,-0.0,0,0
4,0.0,0.039603960396039604,0.08452453849668534,1.0,-0.0,0,0
5,0.0,0.039603960396039604,0.08452453849668534,1.0,-0.0,0,0
6,0.0,0.039603960396039604,0.08452453849668534,1.0,-0.0,0,0
7,0.0,0.0,0.0,1.0,-0.0,0,0
8,0.0,0.051485148514851475,0.09186070102766893,1.0,-0.0,0,0
9,0.0,0.051485148514851475,0.09186070102766893,1.0,-0.0,0,0
10,0.0,0.051485148514851475,0.09186070102766893,1.0,-0.0,0,0
11,0.0,0.051485148514851475,0.09186070102766893,1.0,-0.0,0,0
12,0.0,0.10099009900990098,0.1308729634998678,1.0,-0.0,0,0
13,0.0,0.10693069306930691,0.1450554183905936,1.0,-0.0,0,0
14,0.0,0.10693069306930691,0.1450554183905936,1.0,-0.0,0,0
15,0.0,0.1564356435643564,0.16793200037318168,1.0,-0.0,0,0
16,0.0,0.1564356435643564,0.16793200037318168,1.0,-0.0,0,0
17,0.0,0.10495049504950493,0.12771893462651168,1.0,-0.0,0,0
18,0.0,0.04752475247524753,0.09397077637785879,1.0,-0.0,0,0
19,0.0,0.04752475247524753,0.09397077637785879,1.0,-0.0,0,0
20,0.0,0.0,0.0,1.0,-0.0,0,0
21,0.0,0.0,0.0,1.0,-0.0,0,0
22,0.0,0.013861386138613863,0.05079507064705211,1.0,-0.0,0,0
23,0.0,0.013861386138613863,0.05079507064705211,1.0,-0.0,0,0
24,0.0,0.013861386138613863,0.05079507064705211,1.0,-0.0,0,0
25,0.0,0.36633663366336633,0.2595797165651317,1.0,-0.0,0,0
26,0.0,0.36633663366336633,0.2595797165651317,1.0,-0.0,0,0
27,0.0,0.3524752475247525,0.25038349177146524,1.0,-0.0,0,0
28,0.0,0.4653465346534654,0.27590916985983605,1.0,-0.0,0,0
29,0.0,0.4653465346534654,0.27590916985983605,1.0,-0.0,0,0
30,0.0,0.11287128712871287,0.1577461090428074,1.0,-0.0,0,0
31,0.0,0.11287128712871287,0.1577461090428074,1.0,-0.0,0,0
32,0.0,0.11287128712871287,0.1577461090428074,1.0,-0.0,0,0
33,0.0,0.009900990099009901,0.04338396495090424,1.0,-0.0,0,0
34,0.0,0.06930693069306931,0.10693069306930696,1.0,-0.0,0,0
35,0.0,0.06930693069306931,0.10693069306930696,1.0,-0.0,0,0
36,0.0,0.09702970297029702,0.12464241569787099,1.0,-0.0,0,0
37,0.0,0.16435643564356434,0.1626416570168798,1.0,-0.0,0,0
38,0.0,0.15445544554455443,0.16381875548472422,1.0,-0.0,0,0
39,0.0,0.13465346534653466,0.1667604219518994,1.0,-0.0,0,0
40,0.0,0.16633663366336632,0.19102497256412113,1.0,-0.0,0,0
41,0.0,0.17821782178217818,0.18858722298311487,1.0,-0.0,0,0
42,0.0,0.11089108910891086,0.15018206119491914,1.0,-0.0,0,0
43,0.0,0.11089108910891086,0.15018206119491914,1.0,-0.0,0,0
44,0.0,0.12475247524752475,0.1511709677939985,1.0,-0.0,0,0
45,0.0,0.2693069306930693,0.22766249740403607,1.0,-0.0,0,0
46,0.0,0.25544554455445545,0.22359583743834088,1.0,-0.0,0,0
47,0.0,0.25544554455445545,0.22359583743834088,1.0,-0.0,0,0
48,0.0,0.25544554455445545,0.22359583743834088,1.0,-0.0,0,0
49,0.0,0.20990099009900987,0.205616653067843,1.0,-0.0,0,0
50,0.0,0.08514851485148514,0.13304219431477882,1.0,-0.0,0,0
51,0.0,0.05940594059405942,0.10733330877518932,1.0,-0.0,0,0
52,0.0,0.05940594059405942,0.10733330877518932,1.0,-0.0,0,0
53,0.0,0.09702970297029703,0.1451905170679078,1.0,-0.0,0,0
54,0.0,0.09504950495049505,0.13957235791450376,1.0,-0.0,0,0
55,0.2,0.15247524752475244,0.16685445095398732,0.3878881137404293,0.41129352851036954,0,0
56,0.2,0.15247524752475244,0.16685445095398732,0.3878881137404293,0.41129352851036954,0,0
57,0.2,0.19405940594059404,0.18764923153239024,0.4873724059028559,0.31213906338143604,0,0
58,0.2,0.18415841584158413,0.17504323271769953,0.4639445574865058,0.33353391560099993,0,0
59,0.2,0.1861386138613861,0.17633771771004506,0.46867259363346025,0.32913044178970496,0,0
60,0.0,0.07920792079207921,0.10928827506175545,1.0,-0.0,0,0
61,0.2,0.12079207920792076,0.13224402263020987,0.2746021974004339,0.5612959918076954,0,0
62,0.2,0.07722772277227723,0.10889288780093087,0.12977421193735644,0.886811599723601,0,0
63,0.2,0.0594059405940594,0.09968089464279778,0.07920469585235763,1.1012490693914339,0,0
64,0.2,0.09306930693069307,0.12126186845461279,0.188938075772638,0.7236805120007752,0,0
65,0.2,0.09306930693069307,0.12126186845461279,0.188938075772638,0.7236805120007752,0,0
66,0.0,0.08118811881188118,0.11320083903331846,1.0,-0.0,0,0
67,0.0,0.08118811881188118,0.11320083903331846,1.0,-0.0,0,0
68,0.0,0.1188118811881188,0.13838736799727644,1.0,-0.0,0,0
69,0.0,0.10891089108910891,0.13937555924568534,1.0,-0.0,0,0
70,0.0,0.10891089108910891,0.13937555924568534,1.0,-0.0,0,0
71,0.0,0.0930693069306931,0.14229896414433016,1.0,-0.0,0,0
72,0.0,0.0930693069306931,0.14229896414433016,1.0,-0.0,0,0
73,0.0,0.04554455445544555,0.09283729243351321,1.0,-0.0,0,0
74,0.0,0.011881188118811881,0.047276579747775535,1.0,-0.0,0,0
75,0.0,0.011881188118811881,0.047276579747775535,1.0,-0.0,0,0
76,0.0,0.0,0.0,1.0,-0.0,0,0
77,0.0,0.011881188118811883,0.04727657974777555,1.0,-0.0,0,0
78,0.0,0.011881188118811883,0.04727657974777555,1.0,-0.0,0,0
79,0.0,0.011881188118811883,0.04727657974777555,1.0,-0.0,0,0
80,0.0,0.011881188118811883,0.04727657974777555,1.0,-0.0,0,0
81,0.0,0.05346534653465347,0.10104832334394513,1.0,-0.0,0,0
82,0.0,0.041584158415841586,0.09039772047931348,1.0,-0.0,0,0
83,0.0,0.041584158415841586,0.09039772047931348,1.0,-0.0,0,0
84,0.0,0.041584158415841586,0.09039772047931348,1.0,-0.0,0,0
85,0.0,0.041584158415841586,0.09039772047931348,1.0,-0.0,0,0
86,0.0,0.0,0.0,1.0,-0.0,0,0
87,0.0,0.011881188118811883,0.047276579747775535,1.0,-0.0,0,0
88,0.0,0.011881188118811883,0.047276579747775535,1.0,-0.0,0,0
89,0.0,0.0891089108910891,0.11765109526742927,1.0,-0.0,0,0
90,0.0,0.0891089108910891,0.11765109526742927,1.0,-0.0,0,0
91,0.0,0.0891089108910891,0.11765109526742927,1.0,-0.0,0,0
92,0.0,0.07722772277227723,0.10889288780093088,1.0,-0.0,0,0
93,0.0,0.07722772277227723,0.10889288780093088,1.0,-0.0,0,0
94,0.0,0.0,0.0,1.0,-0.0,0,0
95,0.0,0.017821782178217824,0.05698017651460656,1.0,-0.0,0,0
96,0.0,0.017821782178217824,0.05698017651460656,1.0,-0.0,0,0
97,0.0,0.041584158415841586,0.09039772047931348,1.0,-0.0,0,0
98,0.0,0.041584158415841586,0.09039772047931348,1.0,-0.0,0,0
99,0.0,0.1188118811881188,0.14939672169394075,1.0,-0.0,0,0
100,0.0,0.16831683168316827,0.17057311261273692,1.0,-0.0,0,0
101,0.0,0.19405940594059404,0.18120705414231045,1.0,-0.0,0,0
102,0.0,0.17029702970297028,0.17885474744676658,1.0,-0.0,0,0
103,0.0,0.17029702970297028,0.17885474744676658,1.0,-0.0,0,0
104,0.0,0.09108910891089109,0.13937555924568534,1.0,-0.0,0,0
105,0.0,0.025742574257425748,0.06697637435757531,1.0,-0.0,0,0
106,0.0,0.033663366336633666,0.08930671115865095,1.0,-0.0,0,0
107,0.0,0.033663366336633666,0.08930671115865095,1.0,-0.0,0,0
108,0.0,0.04950495049504951,0.09912864166957489,1.0,-0.0,0,0
109,0.0,0.08118811881188118,0.12951766673875514,1.0,-0.0,0,0
110,0.0,0.3841584158415843,0.2767322304677731,1.0,-0.0,0,0
111,0.0,0.35049504950495053,0.26312055828709846,1.0,-0.0,0,0
112,0.0,0.35049504950495053,0.26312055828709846,1.0,-0.0,0,0
113,0.0,0.40000000000000013,0.26699649569399087,1.0,-0.0,0,0
114,0.0,0.36831683168316837,0.2636118858290684,1.0,-0.0,0,0
115,0.0,0.06534653465346536,0.10571364605971598,1.0,-0.0,0,0
116,0.0,0.12475247524752475,0.14583724862987696,1.0,-0.0,0,0
117,0.0,0.18217821782178217,0.19108654387033375,1.0,-0.0,0,0
118,0.0,0.11485148514851484,0.16732380336061473,1.0,-0.0,0,0
119,0.0,0.12673267326732673,0.16821196500273505,1.0,-0.0,0,0
120,0.0,0.14950495049504947,0.17667095463917198,1.0,-0.0,0,0
121,0.0,0.08910891089108909,0.13342479626077636,1.0,-0.0,0,0
122,0.0,0.0891089108910891,0.11071414454252958,1.0,-0.0,0,0
123,0.0,0.0891089108910891,0.11071414454252958,1.0,-0.0,0,0
124,0.0,0.12673267326732673,0.15343659903216247,1.0,-0.0,0,0
125,0.0,0.10495049504950495,0.1367053908443026,1.0,-0.0,0,0
126,0.0,0.10495049504950495,0.1367053908443026,1.0,-0.0,0,0
127,0.0,0.04950495049504951,0.09504950495049506,1.0,-0.0,0,0
128,0.0,0.04950495049504951,0.09504950495049506,1.0,-0.0,0,0
129,0.0,0.0,0.0,1.0,-0.0,0,0
130,0.0,0.033663366336633666,0.07994704648786674,1.0,-0.0,0,0
131,0.0,0.033663366336633666,0.07994704648786674,1.0,-0.0,0,0
132,0.0,0.033663366336633666,0.07994704648786674,1.0,-0.0,0,0
133,0.0,0.033663366336633666,0.07994704648786674,1.0,-0.0,0,0
134,0.0,0.033663366336633666,0.07994704648786674,1.0,-0.0,0,0
135,0.0,0.0,0.0,1.0,-0.0,0,0
136,0.0,0.0,0.0,1.0,-0.0,0,0
137,0.2,0.023762376237623766,0.06471340450838889,0.0032311212459077425,2.490646745033819,0,0
138,0.2,0.023762376237623766,0.06471340450838889,0.0032311212459077425,2.490646745033819,0,0
139,0.2,0.023762376237623766,0.06471340450838889,0.0032311212459077425,2.490646745033819,0,0
140,0.2,0.023762376237623766,0.06471340450838889,0.0032311212459077425,2.490646745033819,0,0
141,0.2,0.05346534653465347,0.09287951999650357,0.05731896239780438,1.2417016799108866,0,0
142,0.0,0.02970297029702971,0.07112192077650682,1.0,-0.0,0,0
143,0.0,0.02970297029702971,0.07112192077650682,1.0,-0.0,0,0
144,0.0,0.02970297029702971,0.07112192077650682,1.0,-0.0,0,0
145,0.0,0.05346534653465348,0.09704990696905225,1.0,-0.0,0,0
146,0.0,0.023762376237623766,0.07056843438101175,1.0,-0.0,0,0
147,0.0,0.023762376237623766,0.07056843438101175,1.0,-0.0,0,0
148,0.0,0.023762376237623766,0.07056843438101175,1.0,-0.0,0,0
149,0.0,0.023762376237623766,0.07056843438101175,1.0,-0.0,0,0
150,0.0,0.06534653465346535,0.11976515267356391,1.0,-0.0,0,0
151,0.0,0.06534653465346535,0.11976515267356391,1.0,-0.0,0,0
152,0.2,0.1386138613861386,0.17290201942925204,0.3612819667290401,0.44215371555770405,0,0
153,0.2,0.1386138613861386,0.17290201942925204,0.3612819667290401,0.44215371555770405,0,0
154,0.2,0.1386138613861386,0.17290201942925204,0.3612819667290401,0.44215371555770405,0,0
155,0.2,0.07326732673267328,0.1115960618107356,0.12805415268855674,0.8926063331621106,0,0
156,0.2,0.09900990099009899,0.13386490123687583,0.22529911544679287,0.6472405133686278,0,0
157,0.0,0.025742574257425748,0.07264925278354116,1.0,-0.0,0,0
158,0.0,0.0712871287128713,0.11461224656227947,1.0,-0.0,0,0
159,0.0,0.09306930693069305,0.12762679639066946,1.0,-0.0,0,0
160,0.0,0.2158415841584158,0.18812923368734447,1.0,-0.0,0,0
161,0.0,0.19009900990099005,0.18320845158368915,1.0,-0.0,0,0
162,0.0,0.19009900990099005,0.18320845158368915,1.0,-0.0,0,0
163,0.0,0.14455445544554454,0.16439221845954266,1.0,-0.0,0,0
164,0.0,0.12079207920792079,0.1517663861889879,1.0,-0.0,0,0
165,0.0,0.007920792079207921,0.03900537743285587,1.0,-0.0,0,0
166,0.0,0.007920792079207921,0.03900537743285587,1.0,-0.0,0,0
167,0.0,0.021782178217821784,0.06836703565002801,1.0,-0.0,0,0
168,0.0,0.021782178217821784,0.06836703565002801,1.0,-0.0,0,0
169,0.0,0.03564356435643565,0.08154954567118415,1.0,-0.0,0,0
170,0.2,0.3861386138613862,0.25055570040216446,1.0,-0.0,0,0
171,0.2,0.3861386138613862,0.25055570040216446,1.0,-0.0,0,0
172,0.2,0.3722772277227723,0.2388581798379172,1.0,-0.0,0,0
173,0.2,0.3722772277227723,0.2388581798379172,1.0,-0.0,0,0
174,0.2,0.3722772277227723,0.2405105180307165,1.0,-0.0,0,0
175,0.0,0.013861386138613863,0.05079507064705211,1.0,-0.0,0,0
176,0.0,0.2613861386138614,0.22114477003269262,1.0,-0.0,0,0
177,0.0,0.2613861386138614,0.22114477003269262,1.0,-0.0,0,0
178,0.0,0.2613861386138614,0.22114477003269262,1.0,-0.0,0,0
179,0.0,0.24752475247524752,0.22007832062494737,1.0,-0.0,0,0
180,0.0,0.24752475247524752,0.22007832062494737,1.0,-0.0,0,0
181,0.0,0.0,0.0,1.0,-0.0,0,0
182,0.0,0.0,0.0,1.0,-0.0,0,0
183,0.6,0.22376237623762377,0.20926486833462027,0.03609630802945033,1.4425372159456764,0,0
184,0.6,0.2396039603960396,0.2162136859778244,0.04777199931668231,1.3208265825803074,0,0
185,0.6,0.2396039603960396,0.2162136859778244,0.04777199931668231,1.3208265825803074,0,0
186,0.6,0.2396039603960396,0.2162136859778244,0.04777199931668231,1.3208265825803074,0,0
187,0.6,0.2396039603960396,0.2162136859778244,0.04777199931668231,1.3208265825803074,0,0
188,0.0,0.015841584158415842,0.05401260078014202,1.0,-0.0,0,0
189,0.8,0.23168316831683167,0.2229108479916085,0.005393485234429943,2.268130505883632,0,0
190,0.8,0.23168316831683167,0.2229108479916085,0.005393485234429943,2.268130505883632,0,0
191,0.8,0.3386138613861387,0.2636267602478039,0.040046294125787266,1.3974376672248758,0,0
192,1.0,0.3544554455445545,0.2623295306830054,0.006931083098048761,2.1591988942841,0,0
193,1.0,0.3544554455445545,0.2623295306830054,0.006931083098048761,2.1591988942841,0,0
194,0.2,0.12079207920792079,0.14645435316515326,0.2943099975322995,0.5311949849293931,0,0
195,0.2,0.12079207920792079,0.14645435316515326,0.2943099975322995,0.5311949849293931,0,0
196,0.2,0.01386138613861386,0.05079507064705211,0.00012391038159364294,3.90689230556944,0,0
197,0.0,0.0,0.0,1.0,-0.0,0,0
198,0.0,0.015841584158415842,0.05401260078014202,1.0,-0.0,0,0
199,0.0,0.015841584158415842,0.05401260078014202,1.0,-0.0,0,0
200,0.2,0.03762376237623763,0.08307396817189318,0.025315250600093615,1.5966177690988217,0,0
201,0.4,0.3722772277227723,0.24860753271573963,0.45560509687702083,0.3414114260916565,0,0
202,0.4,0.3722772277227723,0.24860753271573963,0.45560509687702083,0.3414114260916565,0,0
203,0.4,0.3564356435643564,0.24632580919199432,0.4298104966046449,0.36672298260490244,0,0
204,0.4,0.3564356435643564,0.24632580919199432,0.4298104966046449,0.36672298260490244,0,0
205,0.2,0.3683168316831684,0.2416653004456095,1.0,-0.0,0,0
206,0.0,0.03366336633663367,0.07482947971362848,1.0,-0.0,0,0
207,0.0,0.05544554455445545,0.09384550979067553,1.0,-0.0,0,0
208,0.0,0.36039603960396044,0.24213538800210338,1.0,-0.0,0,0
209,0.6,0.5861386138613861,0.2981891561834625,0.4814617602332746,0.31743820070803047,0,0
210,0.6,0.5861386138613861,0.2914727720144738,0.4810349033428852,0.31782341057156077,0,0
211,0.6,0.5861386138613861,0.2914727720144738,0.4810349033428852,0.31782341057156077,0,0
212,0.6,0.5643564356435643,0.2777505677836268,0.4489441488937679,0.347807684243806,0,0
213,0.6,0.2594059405940594,0.22078985924382347,0.06146193737987523,1.2113937541979618,0,0
214,0.0,0.033663366336633666,0.07482947971362847,1.0,-0.0,0,0
215,0.0,0.0297029702970297,0.07112192077650681,1.0,-0.0,0,0
216,0.0,0.0297029702970297,0.07112192077650681,1.0,-0.0,0,0
217,0.0,0.0297029702970297,0.07112192077650681,1.0,-0.0,0,0
218,0.0,0.0297029702970297,0.07112192077650681,1.0,-0.0,0,0
219,0.0,0.0297029702970297,0.07112192077650681,1.0,-0.0,0,0
220,0.0,0.0,0.0,1.0,-0.0,0,0
221,0.0,0.0,0.0,1.0,-0.0,0,0
222,2.2,0.3386138613861387,0.2894071430723978,6.30833954221744e-11,10.200084939099819,0,0
223,2.2,0.3386138613861387,0.2894071430723978,6.30833954221744e-11,10.200084939099819,0,0
224,2.2,0.3386138613861387,0.2894071430723978,6.30833954221744e-11,10.200084939099819,0,0
225,2.2,0.3386138613861387,0.2894071430723978,6.30833954221744e-11,10.200084939099819,0,0
226,2.2,0.3386138613861387,0.2894071430723978,6.30833954221744e-11,10.200084939099819,0,0
227,0.0,0.0,0.0,1.0,-0.0,0,0
228,0.0,0.03960396039603961,0.08908690597387718,1.0,-0.0,0,0
229,0.0,0.03960396039603961,0.08908690597387718,1.0,-0.0,0,0
230,0.0,0.08316831683168317,0.12353642740976017,1.0,-0.0,0,0
231,0.0,0.08316831683168317,0.12353642740976017,1.0,-0.0,0,0
232,0.0,0.09306930693069307,0.13069306930693073,1.0,-0.0,0,0
233,0.0,0.05346534653465347,0.09287951999650358,1.0,-0.0,0,0
234,0.2,0.0712871287128713,0.11461224656227946,0.1307125990009052,0.8836825500410105,0,0
235,0.2,0.02772277227722772,0.07461957893630407,0.010478998804251384,1.9796802091996195,0,0
236,0.2,0.06534653465346535,0.11295810453031022,0.11661777127180524,0.9332352628086957,0,0
237,0.2,0.06534653465346536,0.10939585993610405,0.10918337986089162,0.9618434658808062,0,0
238,0.2,0.06534653465346536,0.10939585993610405,0.10918337986089162,0.9618434658808062,0,0
239,0.0,0.04752475247524753,0.08965727859541997,1.0,-0.0,0,0
240,0.0,0.04752475247524753,0.08965727859541997,1.0,-0.0,0,0
241,0.0,0.009900990099009901,0.04338396495090425,1.0,-0.0,0,0
242,0.0,0.0,0.0,1.0,-0.0,0,0
243,0.4,0.27326732673267323,0.2316069943320942,0.2921246336691555,0.5344318192143991,0,0
244,0.4,0.27326732673267323,0.2316069943320942,0.2921246336691555,0.5344318192143991,0,0
245,0.4,0.35445544554455444,0.2467711299750397,0.42678632665218796,0.3697895029182042,0,0
246,0.4,0.35445544554455444,0.2467711299750397,0.42678632665218796,0.3697895029182042,0,0
247,0.4,0.39999999999999997,0.2640132009900825,0.4999999999999999,0.3010299956639813,0,0
248,0.0,0.12475247524752477,0.15632280678012317,1.0,-0.0,0,0
249,0.0,0.12475247524752477,0.15632280678012317,1.0,-0.0,0,0
250,0.2,0.12772277227722773,0.1422024855871583,0.30563207600720477,0.5148010686110489,0,0
251,0.4,0.16633663366336632,0.1491077275011224,0.058548287670935326,1.232485801974001,0,0
252,0.4,0.1188118811881188,0.14399729871443837,0.0254256857888514,1.5947273243325633,0,0
253,0.4,0.1188118811881188,0.14399729871443837,0.0254256857888514,1.5947273243325633,0,0
254,0.6,0.16435643564356434,0.17664875840130073,0.006828573768027323,2.16566999461368,0,0
255,0.6,0.18217821782178212,0.18900261384538625,0.013529463518978008,1.86871942405033,0,0
256,0.6,0.15643564356435644,0.16314716771521567,0.003275970453824947,2.4846600238220744,0,0
257,0.6,0.2059405940594059,0.18552669588707663,0.01683491316394962,1.7737891194015103,0,0
258,0.8,0.26138613861386134,0.206321049942671,0.0045196812555960515,2.3448921921392625,0,0
259,0.6,0.2356435643564357,0.1957894193157747,0.03137485586884057,1.5034182605869528,0,0
260,0.4,0.2613861386138614,0.21200144639414265,0.25660921583809904,0.5907277504717645,0,0
261,0.2,0.24950495049504945,0.20759049672836247,1.0,-0.0,0,0
262,0.2,0.4099009900990099,0.2734107816886053,1.0,-0.0,0,0
263,0.2,0.5821782178217821,0.34134156976305857,1.0,-0.0,0,0
264,0.2,0.5821782178217821,0.33192986244829287,1.0,-0.0,0,0
265,0.2,0.45544554455445546,0.30327429257943206,1.0,-0.0,0,0
266,0.6,0.7227722772277225,0.39095749132549834,1.0,-0.0,0,0
267,0.6,0.5128712871287129,0.32750583588984744,0.3951053064643968,0.40328713748451145,0,0
268,0.4,0.2851485148514851,0.2538363621221713,0.32546784410096685,0.487491912838826,0,0
269,0.4,0.2673267326732673,0.24255607125200096,0.2921963106608365,0.5343252718711121,0,0
270,0.4,0.2673267326732673,0.24255607125200096,0.2921963106608365,0.5343252718711121,0,0
271,0.0,0.021782178217821784,0.06836703565002801,1.0,-0.0,0,0
272,0.2,0.2356435643564356,0.20371993900374946,1.0,-0.0,0,0
273,0.2,0.28118811881188116,0.21650366255202547,1.0,-0.0,0,0
274,0.2,0.28118811881188116,0.21650366255202547,1.0,-0.0,0,0
275,0.4,0.30297029702970296,0.23142068570289673,0.3375063274602223,0.47171808074317934,0,0
276,0.4,0.3544554455445545,0.2483708312122797,0.42725260075389987,0.36931528498023947,0,0
277,0.2,0.14059405940594058,0.1630028960574786,0.35776206680006417,0.44640570919277556,0,0
278,0.4,0.15247524752475244,0.16203780234042603,0.0633091563528593,1.1985334737749924,0,0
279,0.4,0.15247524752475244,0.16203780234042603,0.0633091563528593,1.1985334737749924,0,0
280,0.2,0.1287128712871287,0.15816812315022463,0.3261011693951096,0.48664764381614467,0,0
281,0.2,0.05742574257425742,0.10656335878870264,0.0904597157907538,1.0435447810683363,0,0
282,0.2,0.11287128712871287,0.15002532217723416,0.28070109344213096,0.5517558956129466,0,0
283,0.0,0.05544554455445544,0.10943169805661862,1.0,-0.0,0,0
284,0.0,0.05544554455445544,0.10943169805661862,1.0,-0.0,0,0
285,0.2,0.16831683168316827,0.16586448785245092,0.42425559055206075,0.37237242613482685,0,0
286,0.2,0.19207920792079203,0.18003474269593195,0.48245383259946595,0.31654423922505537,0,0
287,0.2,0.13663366336633662,0.1539723340696535,0.34033696996690244,0.4680908720016445,0,0
288,0.2,0.13663366336633662,0.1539723340696535,0.34033696996690244,0.4680908720016445,0,0
289,0.2,0.2356435643564356,0.20371993900374946,1.0,-0.0,0,0
290,0.0,0.12277227722772276,0.16643090209465897,1.0,-0.0,0,0
291,0.0,0.09900990099009899,0.15318082856090076,1.0,-0.0,0,0
292,0.2,0.21188118811881188,0.20838232603685225,1.0,-0.0,0,0
293,0.2,0.23762376237623759,0.22814425050680082,1.0,-0.0,0,0
294,0.2,0.1376237623762376,0.16581719933036296,0.35339350604271325,0.4517414353491416,0,0
295,0.2,0.1376237623762376,0.16581719933036296,0.35339350604271325,0.4517414353491416,0,0
296,0.2,0.1376237623762376,0.16581719933036296,0.35339350604271325,0.4517414353491416,0,0
297,0.0,0.025742574257425745,0.07791016068477624,1.0,-0.0,0,0
298,0.0,0.0,0.0,1.0,-0.0,0,0
299,0.0,0.0,0.0,1.0,-0.0,0,0
300,0.0,0.0,0.0,1.0,-0.0,0,0
301,0.0,0.0,0.0,1.0,-0.0,0,0
302,0.0,0.0,0.0,1.0,-0.0,0,0
303,0.0,0.0,0.0,1.0,-0.0,0,0
304,0.0,0.0,0.0,1.0,-0.0,0,0
305,0.0,0.0,0.0,1.0,-0.0,0,0
306,0.0,0.04356435643564357,0.08721867542790195,1.0,-0.0,0,0
307,0.0,0.04356435643564357,0.08721867542790195,1.0,-0.0,0,0
308,0.0,0.04356435643564357,0.08721867542790195,1.0,-0.0,0,0
309,0.0,0.04356435643564357,0.08721867542790195,1.0,-0.0,0,0
310,0.0,0.04356435643564357,0.08721867542790195,1.0,-0.0,0,0
311,0.0,0.021782178217821784,0.06836703565002801,1.0,-0.0,0,0
312,0.0,0.021782178217821784,0.06836703565002801,1.0,-0.0,0,0
313,0.0,0.041584158415841586,0.08590499787518362,1.0,-0.0,0,0
314,0.0,0.09306930693069305,0.12762679639066946,1.0,-0.0,0,0
315,0.0,0.11485148514851483,0.13886822488939993,1.0,-0.0,0,0
316,0.0,0.09306930693069305,0.11795067415315191,1.0,-0.0,0,0
317,0.0,0.09306930693069305,0.11795067415315191,1.0,-0.0,0,0
318,0.0,0.18613861386138614,0.16472581657889443,1.0,-0.0,0,0
319,0.0,0.13267326732673268,0.15989409297573345,1.0,-0.0,0,0
320,0.0,0.11089108910891088,0.1420507440353343,1.0,-0.0,0,0
321,0.0,0.11089108910891088,0.1420507440353343,1.0,-0.0,0,0
322,0.2,0.13267326732673268,0.16477341831853246,0.3414159160913107,0.46671623685482516,0,0
323,0.2,0.04554455445544555,0.08846854615322249,0.040415922396446834,1.3934475050229045,0,0
324,0.2,0.04554455445544555,0.08846854615322249,0.040415922396446834,1.3934475050229045,0,0
325,0.2,0.04554455445544555,0.08846854615322249,0.040415922396446834,1.3934475050229045,0,0
326,0.2,0.04554455445544555,0.08846854615322249,0.040415922396446834,1.3934475050229045,0,0
327,0.0,0.023762376237623766,0.06471340450838889,1.0,-0.0,0,0
328,0.0,0.0,0.0,1.0,-0.0,0,0
329,0.0,0.0,0.0,1.0,-0.0,0,0
330,0.0,0.0,0.0,1.0,-0.0,0,0
331,0.2,0.023762376237623766,0.06471340450838889,0.0032311212459077425,2.490646745033819,0,0
332,0.2,0.05148514851485149,0.10399339410297728,0.07662893002971194,1.1156072384578781,0,0
333,0.2,0.05148514851485149,0.10399339410297728,0.07662893002971194,1.1156072384578781,0,0
334,0.2,0.0891089108910891,0.13342479626077636,0.2029548846422558,0.6926004917837524,0,0
335,0.2,0.0891089108910891,0.13342479626077636,0.2029548846422558,0.6926004917837524,0,0
336,0.0,0.06534653465346535,0.11976515267356391,1.0,-0.0,0,0
337,0.0,0.05544554455445545,0.10575073206193022,1.0,-0.0,0,0
338,0.0,0.05544554455445545,0.10575073206193022,1.0,-0.0,0,0
339,0.0,0.017821782178217824,0.05698017651460657,1.0,-0.0,0,0
340,0.0,0.017821782178217824,0.05698017651460657,1.0,-0.0,0,0
341,0.0,0.017821782178217824,0.05698017651460657,1.0,-0.0,0,0
342,0.0,0.0,0.0,1.0,-0.0,0,0
343,0.0,0.023762376237623763,0.06471340450838889,1.0,-0.0,0,0
344,0.0,0.023762376237623763,0.06471340450838889,1.0,-0.0,0,0
345,0.0,0.023762376237623763,0.06471340450838889,1.0,-0.0,0,0
346,0.0,0.37623762376237624,0.26742205854479106,1.0,-0.0,0,0
347,0.0,0.37623762376237624,0.26742205854479106,1.0,-0.0,0,0
348,0.0,0.3524752475247525,0.25817104599717483,1.0,-0.0,0,0
349,0.0,0.3524752475247525,0.25817104599717483,1.0,-0.0,0,0
350,0.0,0.3524752475247525,0.25817104599717483,1.0,-0.0,0,0
351,0.0,0.0,0.0,1.0,-0.0,0,0
352,0.0,0.0,0.0,1.0,-0.0,0,0
353,0.0,0.0,0.0,1.0,-0.0,0,0
354,0.0,0.04752475247524753,0.08965727859541997,1.0,-0.0,0,0
355,0.0,0.04752475247524753,0.08965727859541997,1.0,-0.0,0,0
356,0.0,0.04752475247524753,0.08965727859541997,1.0,-0.0,0,0
357,0.0,0.04752475247524753,0.08965727859541997,1.0,-0.0,0,0
358,0.0,0.04752475247524753,0.08965727859541997,1.0,-0.0,0,0
359,0.0,0.0,0.0,1.0,-0.0,0,0
360,0.0,0.0,0.0,1.0,-0.0,0,0
361,0.0,0.06336633663366337,0.10120342446875752,1.0,-0.0,0,0
362,0.0,0.09108910891089109,0.11440678673785577,1.0,-0.0,0,0
363,0.0,0.10297029702970295,0.1308429983103508,1.0,-0.0,0,0
364,0.0,0.13663366336633662,0.1565233492702535,1.0,-0.0,0,0
365,0.0,0.13663366336633662,0.1565233492702535,1.0,-0.0,0,0
