,foreground,bg_means,bg_stdev,pvals,minus_logs,regs,active
2,0.0,0.0,0.0,1.0,-0.0,0,0
3,0.0,0.0,0.0,1.0,-0.0,0,0
4,0.0,0.0,0.0,1.0,-0.0,0,0
5,0.0,0.0,0.0,1.0,-0.0,0,0
6,0.0,0.0,0.0,1.0,-0.0,0,0
7,0.0,0.0,0.0,1.0,-0.0,0,0
8,0.0,0.0,0.0,1.0,-0.0,0,0
9,0.0,0.015841584158415842,0.054012600780142014,1.0,-0.0,0,0
10,0.0,0.015841584158415842,0.054012600780142014,1.0,-0.0,0,0
11,0.0,0.015841584158415842,0.054012600780142014,1.0,-0.0,0,0
12,0.0,0.015841584158415842,0.054012600780142014,1.0,-0.0,0,0
13,0.0,0.11683168316831684,0.15737280385192495,1.0,-0.0,0,0
14,0.0,0.10099009900990098,0.15057319492752774,1.0,-0.0,0,0
15,0.0,0.10099009900990098,0.15057319492752774,1.0,-0.0,0,0
16,0.0,0.10099009900990098,0.15057319492752774,1.0,-0.0,0,0
17,0.0,0.10099009900990098,0.15057319492752774,1.0,-0.0,0,0
18,0.0,0.0,0.0,1.0,-0.0,0,0
19,0.0,0.0,0.0,1.0,-0.0,0,0
20,0.0,0.0,0.0,1.0,-0.0,0,0
21,0.0,0.0,0.0,1.0,-0.0,0,0
22,0.0,0.0,0.0,1.0,-0.0,0,0
23,0.0,0.0,0.0,1.0,-0.0,0,0
24,0.0,0.08316831683168316,0.14146987009498416,1.0,-0.0,0,0
25,0.0,0.1504950495049505,0.1788985897681621,1.0,-0.0,0,0
26,0.0,0.24356435643564353,0.22795511178072334,1.0,-0.0,0,0
27,0.0,0.24356435643564353,0.22795511178072334,1.0,-0.0,0,0
28,0.0,0.24356435643564353,0.22795511178072334,1.0,-0.0,0,0
29,0.0,0.1603960396039604,0.18243632168365972,1.0,-0.0,0,0
30,0.0,0.09306930693069305,0.13661931335176505,1.0,-0.0,0,0
31,0.0,0.0,0.0,1.0,-0.0,0,0
32,0.0,0.0,0.0,1.0,-0.0,0,0
33,0.0,0.011881188118811881,0.047276579747775535,1.0,-0.0,0,0
34,0.0,0.011881188118811881,0.047276579747775535,1.0,-0.0,0,0
35,0.0,0.011881188118811881,0.047276579747775535,1.0,-0.0,0,0
36,0.0,0.011881188118811881,0.047276579747775535,1.0,-0.0,0,0
37,0.0,0.011881188118811881,0.047276579747775535,1.0,-0.0,0,0
38,0.0,0.0,0.0,1.0,-0.0,0,0
39,0.0,0.0,0.0,1.0,-0.0,0,0
40,0.0,0.0059405940594059415,0.03395332316729158,1.0,-0.0,0,0
41,0.0,0.0059405940594059415,0.03395332316729158,1.0,-0.0,0,0
42,0.0,0.0059405940594059415,0.03395332316729158,1.0,-0.0,0,0
43,0.0,0.0059405940594059415,0.03395332316729158,1.0,-0.0,0,0
44,0.0,0.0059405940594059415,0.03395332316729158,1.0,-0.0,0,0
45,0.0,0.0,0.0,1.0,-0.0,0,0
46,0.0,0.0,0.0,1.0,-0.0,0,0
47,0.0,0.0,0.0,1.0,-0.0,0,0
48,0.0,0.0,0.0,1.0,-0.0,0,0
49,0.0,0.0,0.0,1.0,-0.0,0,0
50,0.0,0.0,0.0,1.0,-0.0,0,0
51,0.0,0.0,0.0,1.0,-0.0,0,0
52,0.0,0.0,0.0,1.0,-0.0,0,0
53,0.0,0.0,0.0,1.0,-0.0,0,0
54,0.0,0.0,0.0,1.0,-0.0,0,0
55,0.0,0.0,0.0,1.0,-0.0,0,0
56,0.0,0.0,0.0,1.0,-0.0,0,0
57,0.0,0.0,0.0,1.0,-0.0,0,0
58,0.0,0.0,0.0,1.0,-0.0,0,0
59,0.0,0.0,0.0,1.0,-0.0,0,0
60,0.0,0.0,0.0,1.0,-0.0,0,0
61,0.0,0.0,0.0,1.0,-0.0,0,0
62,0.0,0.0712871287128713,0.11461224656227947,1.0,-0.0,0,0
63,0.0,0.0712871287128713,0.11461224656227947,1.0,-0.0,0,0
64,0.0,0.08316831683168316,0.12978985828256587,1.0,-0.0,0,0
65,0.0,0.08316831683168316,0.12978985828256587,1.0,-0.0,0,0
66,0.0,0.08316831683168316,0.12978985828256587,1.0,-0.0,0,0
67,0.0,0.011881188118811883,0.047276579747775535,1.0,-0.0,0,0
68,0.0,0.011881188118811883,0.047276579747775535,1.0,-0.0,0,0
69,0.0,0.0,0.0,1.0,-0.0,0,0
70,0.0,0.0,0.0,1.0,-0.0,0,0
71,0.0,0.015841584158415842,0.05401260078014202,1.0,-0.0,0,0
72,0.0,0.015841584158415842,0.05401260078014202,1.0,-0.0,0,0
73,0.0,0.015841584158415842,0.05401260078014202,1.0,-0.0,0,0
74,0.0,0.015841584158415842,0.05401260078014202,1.0,-0.0,0,0
75,0.0,0.015841584158415842,0.05401260078014202,1.0,-0.0,0,0
76,0.0,0.0,0.0,1.0,-0.0,0,0
77,0.0,0.0,0.0,1.0,-0.0,0,0
78,0.0,0.0,0.0,1.0,-0.0,0,0
79,0.0,0.0,0.0,1.0,-0.0,0,0
80,0.0,0.0,0.0,1.0,-0.0,0,0
81,0.0,0.0,0.0,1.0,-0.0,0,0
82,0.0,0.0,0.0,1.0,-0.0,0,0
83,0.0,0.0,0.0,1.0,-0.0,0,0
84,0.0,0.0,0.0,1.0,-0.0,0,0
85,0.0,0.0,0.0,1.0,-0.0,0,0
86,0.0,0.0,0.0,1.0,-0.0,0,0
87,0.0,0.011881188118811883,0.05501958015623684,1.0,-0.0,0,0
88,0.0,0.011881188118811883,0.05501958015623684,1.0,-0.0,0,0
89,0.0,0.011881188118811883,0.05501958015623684,1.0,-0.0,0,0
90,0.0,0.011881188118811883,0.05501958015623684,1.0,-0.0,0,0
91,0.0,0.031683168316831684,0.07826167463512675,1.0,-0.0,0,0
92,0.0,0.019801980198019802,0.059735061897023205,1.0,-0.0,0,0
93,0.0,0.019801980198019802,0.059735061897023205,1.0,-0.0,0,0
94,0.0,0.019801980198019802,0.059735061897023205,1.0,-0.0,0,0
95,0.0,0.019801980198019802,0.059735061897023205,1.0,-0.0,0,0
96,0.0,0.0,0.0,1.0,-0.0,0,0
97,0.0,0.0,0.0,1.0,-0.0,0,0
98,0.0,0.0,0.0,1.0,-0.0,0,0
99,0.0,0.0,0.0,1.0,-0.0,0,0
100,0.0,0.0,0.0,1.0,-0.0,0,0
101,0.0,0.0,0.0,1.0,-0.0,0,0
102,0.0,0.0,0.0,1.0,-0.0,0,0
103,0.0,0.0,0.0,1.0,-0.0,0,0
104,0.0,0.0,0.0,1.0,-0.0,0,0
105,0.0,0.0,0.0,1.0,-0.0,0,0
106,0.0,0.0,0.0,1.0,-0.0,0,0
107,0.0,0.0,0.0,1.0,-0.0,0,0
108,0.0,0.0,0.0,1.0,-0.0,0,0
109,0.0,0.0,0.0,1.0,-0.0,0,0
110,0.0,0.0,0.0,1.0,-0.0,0,0
111,0.0,0.0,0.0,1.0,-0.0,0,0
112,0.0,0.0,0.0,1.0,-0.0,0,0
113,0.0,0.07524752475247524,0.11553229422427584,1.0,-0.0,0,0
114,0.0,0.07524752475247524,0.11553229422427584,1.0,-0.0,0,0
115,0.0,0.07524752475247524,0.11553229422427584,1.0,-0.0,0,0
116,0.0,0.07524752475247524,0.11553229422427584,1.0,-0.0,0,0
117,0.0,0.07524752475247524,0.11553229422427584,1.0,-0.0,0,0
118,0.0,0.0,0.0,1.0,-0.0,0,0
119,0.0,0.0,0.0,1.0,-0.0,0,0
120,0.0,0.0,0.0,1.0,-0.0,0,0
121,0.0,0.0,0.0,1.0,-0.0,0,0
122,0.0,0.0,0.0,1.0,-0.0,0,0
123,0.0,0.0,0.0,1.0,-0.0,0,0
124,0.0,0.0,0.0,1.0,-0.0,0,0
125,0.0,0.0,0.0,1.0,-0.0,0,0
126,0.0,0.06930693069306931,0.10316052497133553,1.0,-0.0,0,0
127,0.0,0.06930693069306931,0.10316052497133553,1.0,-0.0,0,0
128,0.0,0.06930693069306931,0.10316052497133553,1.0,-0.0,0,0
129,0.0,0.06930693069306931,0.10316052497133553,1.0,-0.0,0,0
130,0.0,0.06930693069306931,0.10316052497133553,1.0,-0.0,0,0
131,0.4,0.08910891089108909,0.13342479626077636,0.00990083493366727,2.0043281799686357,0,0
132,0.4,0.08910891089108909,0.13342479626077636,0.00990083493366727,2.0043281799686357,0,0
133,0.4,0.08910891089108909,0.13342479626077636,0.00990083493366727,2.0043281799686357,0,0
134,0.4,0.08910891089108909,0.13342479626077636,0.00990083493366727,2.0043281799686357,0,0
135,0.4,0.08910891089108909,0.13342479626077636,0.00990083493366727,2.0043281799686357,0,0
136,0.0,0.0,0.0,1.0,-0.0,0,0
137,0.0,0.0,0.0,1.0,-0.0,0,0
138,0.0,0.023762376237623766,0.06471340450838887,1.0,-0.0,0,0
139,0.0,0.023762376237623766,0.06471340450838887,1.0,-0.0,0,0
140,0.0,0.08712871287128714,0.1390657415135005,1.0,-0.0,0,0
141,0.0,0.08712871287128714,0.1390657415135005,1.0,-0.0,0,0
142,0.0,0.08712871287128714,0.1390657415135005,1.0,-0.0,0,0
143,0.0,0.06336633663366337,0.11917436454123627,1.0,-0.0,0,0
144,0.0,0.06336633663366337,0.11917436454123627,1.0,-0.0,0,0
145,0.0,0.0,0.0,1.0,-0.0,0,0
146,0.0,0.0,0.0,1.0,-0.0,0,0
147,0.0,0.0,0.0,1.0,-0.0,0,0
148,0.4,0.009900990099009901,0.04338396495090425,1.0121630622599335e-17,16.99474951582134,0,0
149,0.4,0.009900990099009901,0.04338396495090425,1.0121630622599335e-17,16.99474951582134,0,0
150,0.4,0.009900990099009901,0.04338396495090425,1.0121630622599335e-17,16.99474951582134,0,0
151,0.4,0.009900990099009901,0.04338396495090425,1.0121630622599335e-17,16.99474951582134,0,0
152,0.4,0.009900990099009901,0.04338396495090425,1.0121630622599335e-17,16.99474951582134,0,0
153,0.0,0.0,0.0,1.0,-0.0,0,0
154,0.4,0.08316831683168317,0.14146987009498416,0.012559424650142774,1.9010302552637428,0,0
155,0.4,0.1841584158415841,0.17276589394999792,0.10577223168413231,0.9756283323879553,0,0
156,0.4,0.1841584158415841,0.17276589394999792,0.10577223168413231,0.9756283323879553,0,0
157,0.4,0.1841584158415841,0.17276589394999792,0.10577223168413231,0.9756283323879553,0,0
158,0.4,0.1841584158415841,0.17276589394999792,0.10577223168413231,0.9756283323879553,0,0
159,0.0,0.09900990099009901,0.11474901540158751,1.0,-0.0,0,0
160,0.0,0.0,0.0,1.0,-0.0,0,0
161,0.0,0.011881188118811883,0.047276579747775535,1.0,-0.0,0,0
162,0.0,0.011881188118811883,0.047276579747775535,1.0,-0.0,0,0
163,0.0,0.09702970297029702,0.13383560593042218,1.0,-0.0,0,0
164,0.0,0.1504950495049505,0.16746435256923542,1.0,-0.0,0,0
165,0.0,0.1504950495049505,0.16746435256923542,1.0,-0.0,0,0
166,0.0,0.13663366336633662,0.16393839236292437,1.0,-0.0,0,0
167,0.0,0.13663366336633662,0.16393839236292437,1.0,-0.0,0,0
168,0.0,0.051485148514851496,0.10011267057239238,1.0,-0.0,0,0
169,0.0,0.0,0.0,1.0,-0.0,0,0
170,0.0,0.04950495049504951,0.09078727434730813,1.0,-0.0,0,0
171,0.0,0.04950495049504951,0.09078727434730813,1.0,-0.0,0,0
172,1.2,0.12079207920792079,0.1517663861889879,5.76114130370575e-13,12.239491472687535,0,0
173,1.2,0.12079207920792079,0.1517663861889879,5.76114130370575e-13,12.239491472687535,0,0
174,1.2,0.12079207920792079,0.1517663861889879,5.76114130370575e-13,12.239491472687535,0,0
175,1.8,0.17029702970297034,0.17885474744676658,1.0040483340894024e-17,16.99824538009632,0,0
176,1.8,0.17029702970297034,0.17885474744676658,1.0040483340894024e-17,16.99824538009632,0,0
177,0.8,0.15445544554455445,0.166218722942046,5.1438270070888604e-05,4.2887136456689925,0,0
178,0.8,0.15445544554455445,0.166218722942046,5.1438270070888604e-05,4.2887136456689925,0,0
179,0.8,0.15445544554455445,0.166218722942046,5.1438270070888604e-05,4.2887136456689925,0,0
180,0.2,0.05544554455445544,0.09797478714338996,0.07004915208881982,1.1545971172715026,0,0
181,0.2,0.1306930693069307,0.17896433311200005,0.3492793794518515,0.4568270532247094,0,0
182,0.0,0.07524752475247526,0.13156027914354926,1.0,-0.0,0,0
183,0.0,0.10099009900990098,0.14246420394934614,1.0,-0.0,0,0
184,0.0,0.10099009900990098,0.14246420394934614,1.0,-0.0,0,0
185,0.0,0.10099009900990098,0.14246420394934614,1.0,-0.0,0,0
186,0.0,0.025742574257425748,0.06697637435757531,1.0,-0.0,0,0
187,0.0,0.025742574257425748,0.06697637435757531,1.0,-0.0,0,0
188,0.0,0.0,0.0,1.0,-0.0,0,0
189,0.0,0.0,0.0,1.0,-0.0,0,0
190,0.0,0.0,0.0,1.0,-0.0,0,0
191,0.0,0.0,0.0,1.0,-0.0,0,0
192,0.0,0.0,0.0,1.0,-0.0,0,0
193,0.0,0.0,0.0,1.0,-0.0,0,0
194,0.0,0.009900990099009901,0.04338396495090424,1.0,-0.0,0,0
195,0.0,0.009900990099009901,0.04338396495090424,1.0,-0.0,0,0
196,0.0,0.009900990099009901,0.04338396495090424,1.0,-0.0,0,0
197,0.0,0.009900990099009901,0.04338396495090424,1.0,-0.0,0,0
198,0.0,0.017821782178217824,0.056980176514606566,1.0,-0.0,0,0
199,0.0,0.039603960396039604,0.08452453849668534,1.0,-0.0,0,0
200,0.0,0.039603960396039604,0.08452453849668534,1.0,-0.0,0,0
201,0.0,0.039603960396039604,0.08452453849668534,1.0,-0.0,0,0
202,0.0,0.039603960396039604,0.08452453849668534,1.0,-0.0,0,0
203,0.0,0.031683168316831684,0.07826167463512675,1.0,-0.0,0,0
204,0.0,0.0,0.0,1.0,-0.0,0,0
205,0.0,0.017821782178217824,0.05698017651460656,1.0,-0.0,0,0
206,0.0,0.11881188118811879,0.19125063711128137,1.0,-0.0,0,0
207,0.2,0.22376237623762377,0.23086085769171755,1.0,-0.0,0,0
208,0.2,0.2495049504950495,0.2361505487155618,1.0,-0.0,0,0
209,0.4,0.3326732673267328,0.26592223641511753,0.40006377460223363,0.39787077179674457,0,0
210,0.4,0.31485148514851485,0.26751002150705533,0.37512858582401754,0.4258198401611841,0,0
211,0.4,0.21386138613861383,0.19550883243085126,0.1705300670931001,0.7681990370738816,0,0
212,0.2,0.20990099009900987,0.19166025556535224,1.0,-0.0,0,0
213,0.2,0.1841584158415841,0.1772913210740546,0.4644005242402011,0.3331072986783,0,0
214,0.0,0.09900990099009901,0.14246420394934614,1.0,-0.0,0,0
215,0.0,0.09900990099009901,0.14246420394934614,1.0,-0.0,0,0
216,0.0,0.11683168316831682,0.149632756335149,1.0,-0.0,0,0
217,0.0,0.017821782178217824,0.05698017651460657,1.0,-0.0,0,0
218,0.0,0.017821782178217824,0.05698017651460657,1.0,-0.0,0,0
219,0.0,0.07524752475247526,0.12851469892742934,1.0,-0.0,0,0
220,0.0,0.07524752475247526,0.12851469892742934,1.0,-0.0,0,0
221,0.0,0.05742574257425742,0.11718356139020587,1.0,-0.0,0,0
222,0.0,0.05742574257425742,0.11718356139020587,1.0,-0.0,0,0
223,0.0,0.14059405940594058,0.16300289605747864,1.0,-0.0,0,0
224,0.0,0.08118811881188118,0.12325042629382525,1.0,-0.0,0,0
225,0.2,0.100990099009901,0.14246420394934614,0.2435336350202682,0.6134410488439428,0,0
226,0.2,0.100990099009901,0.14246420394934614,0.2435336350202682,0.6134410488439428,0,0
227,0.2,0.100990099009901,0.14246420394934614,0.2435336350202682,0.6134410488439428,0,0
228,0.2,0.019801980198019802,0.06603299802191316,0.0031772151480729785,2.497953375523118,0,0
229,0.2,0.019801980198019802,0.06603299802191316,0.0031772151480729785,2.497953375523118,0,0
230,0.0,0.0,0.0,1.0,-0.0,0,0
231,0.0,0.0,0.0,1.0,-0.0,0,0
232,0.0,0.0,0.0,1.0,-0.0,0,0
233,0.2,0.05148514851485149,0.10011267057239238,0.0689738517569684,1.1613155207112393,0,0
234,0.2,0.05148514851485149,0.10011267057239238,0.0689738517569684,1.1613155207112393,0,0
235,0.2,0.05148514851485149,0.10011267057239238,0.0689738517569684,1.1613155207112393,0,0
236,0.2,0.05148514851485149,0.10011267057239238,0.0689738517569684,1.1613155207112393,0,0
237,0.2,0.05148514851485149,0.10011267057239238,0.0689738517569684,1.1613155207112393,0,0
238,0.2,0.021782178217821784,0.06836703565002801,0.0045699030283054085,2.3400930154046975,0,0
239,0.2,0.03366336633663367,0.07994704648786674,0.018735949469970602,1.7273242935431963,0,0
240,0.4,0.07524752475247526,0.11553229422427584,0.002469974202944899,2.607307582601543,0,0
241,0.4,0.07524752475247526,0.11553229422427584,0.002469974202944899,2.607307582601543,0,0
242,0.4,0.0891089108910891,0.12734998170941408,0.007318586066631573,2.1355728154953875,0,0
243,0.2,0.06732673267326733,0.1135467024699521,0.12131331785204298,0.9160915193958917,0,0
244,0.2,0.15049504950495046,0.17212921831366917,0.38682516638824044,0.4124852789840712,0,0
245,0.0,0.10693069306930691,0.13948804962658473,1.0,-0.0,0,0
246,0.0,0.10693069306930691,0.13948804962658473,1.0,-0.0,0,0
247,0.0,0.09306930693069307,0.12448501897427099,1.0,-0.0,0,0
248,0.0,0.09306930693069307,0.12448501897427099,1.0,-0.0,0,0
249,0.0,0.0,0.0,1.0,-0.0,0,0
250,0.0,0.0,0.0,1.0,-0.0,0,0
251,0.0,0.0,0.0,1.0,-0.0,0,0
252,0.0,0.0,0.0,1.0,-0.0,0,0
253,0.0,0.0891089108910891,0.15536669501729133,1.0,-0.0,0,0
254,0.0,0.0891089108910891,0.15536669501729133,1.0,-0.0,0,0
255,0.0,0.0891089108910891,0.15536669501729133,1.0,-0.0,0,0
256,0.0,0.0891089108910891,0.15536669501729133,1.0,-0.0,0,0
257,0.0,0.0891089108910891,0.15536669501729133,1.0,-0.0,0,0
258,0.0,0.0,0.0,1.0,-0.0,0,0
259,0.0,0.0,0.0,1.0,-0.0,0,0
260,0.0,0.0,0.0,1.0,-0.0,0,0
261,0.0,0.0,0.0,1.0,-0.0,0,0
262,0.0,0.0,0.0,1.0,-0.0,0,0
263,0.0,0.0,0.0,1.0,-0.0,0,0
264,0.0,0.0,0.0,1.0,-0.0,0,0
265,0.0,0.0,0.0,1.0,-0.0,0,0
266,0.0,0.0,0.0,1.0,-0.0,0,0
267,0.0,0.0,0.0,1.0,-0.0,0,0
268,0.0,0.0,0.0,1.0,-0.0,0,0
269,0.0,0.0,0.0,1.0,-0.0,0,0
270,0.0,0.0,0.0,1.0,-0.0,0,0
271,0.0,0.0,0.0,1.0,-0.0,0,0
272,0.0,0.0,0.0,1.0,-0.0,0,0
273,0.0,0.0,0.0,1.0,-0.0,0,0
274,0.0,0.0,0.0,1.0,-0.0,0,0
275,0.0,0.009900990099009901,0.04338396495090425,1.0,-0.0,0,0
276,0.0,0.009900990099009901,0.04338396495090425,1.0,-0.0,0,0
277,0.0,0.009900990099009901,0.04338396495090425,1.0,-0.0,0,0
278,0.0,0.009900990099009901,0.04338396495090425,1.0,-0.0,0,0
279,0.0,0.009900990099009901,0.04338396495090425,1.0,-0.0,0,0
280,0.0,0.019801980198019802,0.07710068251062092,1.0,-0.0,0,0
281,0.0,0.019801980198019802,0.07710068251062092,1.0,-0.0,0,0
282,0.0,0.06930693069306931,0.10693069306930697,1.0,-0.0,0,0
283,0.0,0.06930693069306931,0.10693069306930697,1.0,-0.0,0,0
284,0.0,0.07524752475247526,0.11553229422427584,1.0,-0.0,0,0
285,0.0,0.05544554455445545,0.08952597667688965,1.0,-0.0,0,0
286,0.0,0.08514851485148514,0.130031327995105,1.0,-0.0,0,0
287,0.0,0.04950495049504951,0.09912864166957489,1.0,-0.0,0,0
288,0.0,0.04950495049504951,0.09912864166957489,1.0,-0.0,0,0
289,0.0,0.04356435643564357,0.0916470215081674,1.0,-0.0,0,0
290,0.0,0.04356435643564357,0.0916470215081674,1.0,-0.0,0,0
291,0.0,0.013861386138613863,0.05079507064705211,1.0,-0.0,0,0
292,0.0,0.09504950495049502,0.12771893462651168,1.0,-0.0,0,0
293,0.0,0.09504950495049502,0.12771893462651168,1.0,-0.0,0,0
294,0.0,0.09504950495049502,0.12771893462651168,1.0,-0.0,0,0
295,0.0,0.09504950495049502,0.12771893462651168,1.0,-0.0,0,0
296,0.0,0.09504950495049502,0.12771893462651168,1.0,-0.0,0,0
297,0.0,0.0,0.0,1.0,-0.0,0,0
298,0.0,0.0,0.0,1.0,-0.0,0,0
299,0.0,0.0,0.0,1.0,-0.0,0,0
300,0.0,0.0,0.0,1.0,-0.0,0,0
301,0.0,0.0,0.0,1.0,-0.0,0,0
302,0.0,0.0,0.0,1.0,-0.0,0,0
303,0.0,0.0,0.0,1.0,-0.0,0,0
304,0.0,0.0,0.0,1.0,-0.0,0,0
305,0.0,0.0,0.0,1.0,-0.0,0,0
306,0.0,0.0,0.0,1.0,-0.0,0,0
307,0.0,0.0,0.0,1.0,-0.0,0,0
308,0.0,0.07722772277227723,0.105193069190443,1.0,-0.0,0,0
309,0.0,0.07722772277227723,0.105193069190443,1.0,-0.0,0,0
310,0.0,0.07722772277227723,0.105193069190443,1.0,-0.0,0,0
311,0.0,0.07722772277227723,0.105193069190443,1.0,-0.0,0,0
312,0.0,0.07722772277227723,0.105193069190443,1.0,-0.0,0,0
313,0.0,0.0,0.0,1.0,-0.0,0,0
314,0.0,0.0,0.0,1.0,-0.0,0,0
315,0.0,0.0,0.0,1.0,-0.0,0,0
316,0.0,0.10099009900990097,0.14791959918402456,1.0,-0.0,0,0
317,0.0,0.12079207920792079,0.15689867556071532,1.0,-0.0,0,0
318,0.0,0.12079207920792079,0.15689867556071532,1.0,-0.0,0,0
319,0.0,0.12079207920792079,0.15689867556071532,1.0,-0.0,0,0
320,0.0,0.16237623762376233,0.17735766020493526,1.0,-0.0,0,0
321,0.0,0.05940594059405942,0.11096178792967841,1.0,-0.0,0,0
322,0.0,0.039603960396039604,0.08452453849668534,1.0,-0.0,0,0
323,0.0,0.13663366336633662,0.1733323781704483,1.0,-0.0,0,0
324,0.0,0.13663366336633662,0.1733323781704483,1.0,-0.0,0,0
325,0.0,0.09702970297029702,0.15315522802114465,1.0,-0.0,0,0
326,0.0,0.09702970297029702,0.15315522802114465,1.0,-0.0,0,0
327,0.0,0.09702970297029702,0.15315522802114465,1.0,-0.0,0,0
328,0.0,0.0,0.0,1.0,-0.0,0,0
329,0.0,0.0,0.0,1.0,-0.0,0,0
330,0.0,0.0297029702970297,0.07112192077650681,1.0,-0.0,0,0
331,0.0,0.07920792079207921,0.11631029826208643,1.0,-0.0,0,0
332,0.0,0.07920792079207921,0.11631029826208643,1.0,-0.0,0,0
333,0.0,0.07920792079207921,0.11631029826208643,1.0,-0.0,0,0
334,0.0,0.07920792079207921,0.11631029826208643,1.0,-0.0,0,0
335,0.0,0.049504950495049514,0.08631483056516186,1.0,-0.0,0,0
336,0.0,0.04554455445544555,0.09700949476369022,1.0,-0.0,0,0
337,0.0,0.04554455445544555,0.09700949476369022,1.0,-0.0,0,0
338,0.0,0.08712871287128712,0.1390657415135005,1.0,-0.0,0,0
339,0.0,0.08712871287128712,0.1390657415135005,1.0,-0.0,0,0
340,0.0,0.08712871287128712,0.1390657415135005,1.0,-0.0,0,0
341,0.0,0.0871287128712871,0.13324834725751067,1.0,-0.0,0,0
342,0.0,0.0871287128712871,0.13324834725751067,1.0,-0.0,0,0
343,0.0,0.04554455445544555,0.08387254884969257,1.0,-0.0,0,0
344,0.0,0.13861386138613863,0.16104257909978187,1.0,-0.0,0,0
345,0.0,0.13861386138613863,0.16104257909978187,1.0,-0.0,0,0
346,0.2,0.1396039603960396,0.17467322130693363,0.3647593355944048,0.4379935840260089,0,0
347,0.2,0.24158415841584158,0.20742042574532268,1.0,-0.0,0,0
348,0.2,0.24158415841584158,0.20742042574532268,1.0,-0.0,0,0
349,0.2,0.15049504950495046,0.1473352494078279,0.36843464837398976,0.4336395345825325,0,0
350,0.2,0.2594059405940594,0.19608960258498426,1.0,-0.0,0,0
351,0.0,0.21188118811881188,0.18200594523684843,1.0,-0.0,0,0
352,0.0,0.1089108910891089,0.14494724878689189,1.0,-0.0,0,0
353,0.0,0.1089108910891089,0.14494724878689189,1.0,-0.0,0,0
354,0.0,0.1089108910891089,0.14494724878689189,1.0,-0.0,0,0
355,0.0,0.0,0.0,1.0,-0.0,0,0
356,0.0,0.0,0.0,1.0,-0.0,0,0
357,0.0,0.08514851485148514,0.12054836637801526,1.0,-0.0,0,0
358,0.0,0.08514851485148514,0.12054836637801526,1.0,-0.0,0,0
359,0.0,0.08514851485148514,0.12054836637801526,1.0,-0.0,0,0
360,0.0,0.10495049504950495,0.1307830473343237,1.0,-0.0,0,0
361,0.0,0.10495049504950495,0.1307830473343237,1.0,-0.0,0,0
362,0.0,0.019801980198019802,0.059735061897023205,1.0,-0.0,0,0
363,0.0,0.019801980198019802,0.059735061897023205,1.0,-0.0,0,0
364,0.0,0.019801980198019802,0.059735061897023205,1.0,-0.0,0,0
365,0.0,0.0,0.0,1.0,-0.0,0,0
366,0.0,0.0,0.0,1.0,-0.0,0,0
367,0.0,0.04356435643564357,0.08255312311158745,1.0,-0.0,0,0
368,0.0,0.04356435643564357,0.08255312311158745,1.0,-0.0,0,0
369,0.0,0.04356435643564357,0.08255312311158745,1.0,-0.0,0,0
370,0.0,0.1089108910891089,0.12750384183766533,1.0,-0.0,0,0
371,0.0,0.1089108910891089,0.12750384183766533,1.0,-0.0,0,0
372,0.0,0.09108910891089109,0.12750384183766536,1.0,-0.0,0,0
373,0.0,0.11287128712871286,0.13618810981425267,1.0,-0.0,0,0
374,0.0,0.1623762376237624,0.15341104117423018,1.0,-0.0,0,0
375,0.0,0.09504950495049502,0.11805036483793173,1.0,-0.0,0,0
376,0.0,0.12079207920792079,0.12611234319279727,1.0,-0.0,0,0
377,0.2,0.19009900990099005,0.16259343117237499,0.47572175099908387,0.3226469912689327,0,0
378,0.2,0.16831683168316827,0.15602150973142348,0.41954045958751107,0.3772261503816554,0,0
379,0.2,0.11881188118811878,0.14672184992350656,0.2900128572797208,0.5375827478877421,1,0
380,0.2,0.13861386138613857,0.15088537189345533,0.3420629138954295,0.46589400901766276,0,0
381,0.2,0.11287128712871283,0.14188502271424044,0.26958132937662765,0.5693101893974305,0,0
382,0.0,0.017821782178217824,0.0635517090529949,1.0,-0.0,0,0
383,0.0,0.017821782178217824,0.0635517090529949,1.0,-0.0,0,0
384,0.0,0.017821782178217824,0.0635517090529949,1.0,-0.0,0,0
385,0.0,0.0,0.0,1.0,-0.0,0,0
386,0.0,0.0,0.0,1.0,-0.0,0,0
387,0.0,0.0,0.0,1.0,-0.0,0,0
388,0.0,0.0,0.0,1.0,-0.0,0,0
389,0.0,0.0,0.0,1.0,-0.0,0,0
390,0.0,0.0,0.0,1.0,-0.0,0,0
391,0.0,0.0,0.0,1.0,-0.0,0,0
392,0.0,0.0,0.0,1.0,-0.0,0,0
393,0.0,0.03564356435643565,0.08154954567118416,1.0,-0.0,0,0
394,0.0,0.03564356435643565,0.08154954567118416,1.0,-0.0,0,0
395,0.0,0.03564356435643565,0.08154954567118416,1.0,-0.0,0,0
396,0.0,0.03564356435643565,0.08154954567118416,1.0,-0.0,0,0
397,0.0,0.03564356435643565,0.08154954567118416,1.0,-0.0,0,0
398,0.0,0.03564356435643565,0.08154954567118416,1.0,-0.0,0,0
399,0.0,0.03564356435643565,0.08154954567118416,1.0,-0.0,0,0
400,0.0,0.03564356435643565,0.08154954567118416,1.0,-0.0,0,0
401,0.0,0.04554455445544555,0.08846854615322249,1.0,-0.0,0,0
402,0.0,0.13168316831683166,0.15978369851381538,1.0,-0.0,0,0
403,0.0,0.20396039603960395,0.22335018549851124,1.0,-0.0,0,0
404,0.0,0.20396039603960395,0.22335018549851124,1.0,-0.0,0,0
405,0.0,0.20396039603960395,0.22335018549851124,1.0,-0.0,0,0
406,0.0,0.19405940594059404,0.20958317055962605,1.0,-0.0,0,0
407,0.0,0.10693069306930694,0.13661931335176508,1.0,-0.0,0,0
408,0.0,0.0,0.0,1.0,-0.0,0,0
409,0.2,0.049504950495049514,0.08631483056516186,0.040617958542992716,1.3912819080063723,0,0
410,0.2,0.049504950495049514,0.08631483056516186,0.040617958542992716,1.3912819080063723,0,0
411,0.2,0.049504950495049514,0.08631483056516186,0.040617958542992716,1.3912819080063723,0,0
412,0.2,0.06534653465346536,0.10939585993610405,0.10918337986089162,0.9618434658808062,0,0
413,0.2,0.06534653465346536,0.10939585993610405,0.10918337986089162,0.9618434658808062,0,0
414,0.0,0.039603960396039604,0.07970143286137867,1.0,-0.0,0,0
415,0.0,0.039603960396039604,0.07970143286137867,1.0,-0.0,0,0
416,0.0,0.08316831683168316,0.11694909354640316,1.0,-0.0,0,0
417,0.0,0.06732673267326733,0.11000352009767247,1.0,-0.0,0,0
418,0.0,0.06732673267326733,0.11000352009767247,1.0,-0.0,0,0
419,0.0,0.04356435643564357,0.08255312311158745,1.0,-0.0,0,0
420,0.0,0.04356435643564357,0.08255312311158745,1.0,-0.0,0,0
421,0.0,0.0,0.0,1.0,-0.0,0,0
422,0.0,0.0,0.0,1.0,-0.0,0,0
423,0.0,0.0,0.0,1.0,-0.0,0,0
424,0.0,0.019801980198019802,0.059735061897023205,1.0,-0.0,0,0
425,0.0,0.019801980198019802,0.059735061897023205,1.0,-0.0,0,0
426,0.0,0.019801980198019802,0.059735061897023205,1.0,-0.0,0,0
427,0.0,0.019801980198019802,0.059735061897023205,1.0,-0.0,0,0
428,0.0,0.019801980198019802,0.059735061897023205,1.0,-0.0,0,0
429,0.0,0.0,0.0,1.0,-0.0,0,0
430,0.0,0.0,0.0,1.0,-0.0,0,0
431,0.0,0.0,0.0,1.0,-0.0,0,0
432,0.0,0.0,0.0,1.0,-0.0,0,0
433,0.0,0.0,0.0,1.0,-0.0,0,0
434,0.0,0.0,0.0,1.0,-0.0,0,0
435,0.0,0.0,0.0,1.0,-0.0,0,0
436,0.0,0.0,0.0,1.0,-0.0,0,0
437,0.0,0.0,0.0,1.0,-0.0,0,0
438,0.0,0.0,0.0,1.0,-0.0,0,0
439,0.0,0.0,0.0,1.0,-0.0,0,0
440,0.0,0.0,0.0,1.0,-0.0,0,0
441,0.0,0.0,0.0,1.0,-0.0,0,0
442,0.0,0.0,0.0,1.0,-0.0,0,0
443,0.0,0.0,0.0,1.0,-0.0,0,0
444,0.2,0.04752475247524753,0.09397077637785879,0.05233944412570533,1.2811708941229774,0,0
445,0.2,0.04752475247524753,0.09397077637785879,0.05233944412570533,1.2811708941229774,0,0
446,0.2,0.04752475247524753,0.09397077637785879,0.05233944412570533,1.2811708941229774,0,0
447,0.4,0.07326732673267328,0.1115960618107356,0.0017067629990529696,2.7678267807888814,0,0
448,0.4,0.07326732673267328,0.1115960618107356,0.0017067629990529696,2.7678267807888814,0,0
449,0.2,0.025742574257425748,0.07264925278354116,0.008228653963589683,2.084671200510097,0,0
450,0.2,0.025742574257425748,0.07264925278354116,0.008228653963589683,2.084671200510097,0,0
451,0.2,0.025742574257425748,0.07264925278354116,0.008228653963589683,2.084671200510097,0,0
452,0.2,0.025742574257425748,0.07264925278354115,0.008228653963589664,2.084671200510098,0,0
453,0.2,0.033663366336633666,0.07994704648786674,0.018735949469970602,1.7273242935431963,0,0
454,0.2,0.033663366336633666,0.07994704648786674,0.018735949469970602,1.7273242935431963,0,0
455,0.2,0.033663366336633666,0.07994704648786674,0.018735949469970602,1.7273242935431963,1,0
456,0.2,0.0712871287128713,0.11110305060677653,0.12333004940280463,0.9089310945328983,0,0
457,0.0,0.04554455445544554,0.08846854615322249,1.0,-0.0,0,0
458,0.0,0.03762376237623763,0.07816140339006158,1.0,-0.0,0,0
459,0.0,0.03762376237623763,0.07816140339006158,1.0,-0.0,0,0
460,0.0,0.03762376237623763,0.07816140339006158,1.0,-0.0,0,0
461,0.0,0.0,0.0,1.0,-0.0,0,0
462,0.0,0.0,0.0,1.0,-0.0,0,0
463,0.2,0.039603960396039604,0.07970143286137867,0.022085672454221338,1.6558893730090938,0,0
464,0.2,0.039603960396039604,0.07970143286137867,0.022085672454221338,1.6558893730090938,0,0
465,0.2,0.039603960396039604,0.07970143286137867,0.022085672454221338,1.6558893730090938,0,0
466,0.2,0.039603960396039604,0.07970143286137867,0.022085672454221338,1.6558893730090938,0,0
467,0.2,0.039603960396039604,0.07970143286137867,0.022085672454221338,1.6558893730090938,0,0
468,0.0,0.06732673267326733,0.11000352009767247,1.0,-0.0,0,0
469,0.0,0.06732673267326733,0.11000352009767247,1.0,-0.0,0,0
470,0.0,0.06732673267326733,0.11000352009767247,1.0,-0.0,0,0
471,0.0,0.06732673267326733,0.11000352009767247,1.0,-0.0,0,0
472,0.0,0.12772277227722773,0.14496077440151445,1.0,-0.0,0,0
473,0.0,0.0594059405940594,0.1073333087751893,1.0,-0.0,0,0
474,0.0,0.0594059405940594,0.1073333087751893,1.0,-0.0,0,0
475,0.0,0.0594059405940594,0.1073333087751893,1.0,-0.0,0,0
476,0.0,0.0594059405940594,0.1073333087751893,1.0,-0.0,0,0
477,0.0,0.0,0.0,1.0,-0.0,0,0
478,0.0,0.0,0.0,1.0,-0.0,0,0
479,0.0,0.0,0.0,1.0,-0.0,0,0
480,0.0,0.06534653465346535,0.10939585993610405,1.0,-0.0,0,0
481,0.0,0.13267326732673265,0.1414975848312859,1.0,-0.0,0,0
482,0.0,0.13267326732673265,0.1414975848312859,1.0,-0.0,0,0
483,0.0,0.13267326732673265,0.1414975848312859,1.0,-0.0,0,0
484,0.0,0.13267326732673265,0.1414975848312859,1.0,-0.0,0,0
485,0.0,0.06534653465346535,0.10939585993610405,1.0,-0.0,0,0
486,0.0,0.0,0.0,1.0,-0.0,0,0
487,0.0,0.0,0.0,1.0,-0.0,0,0
488,0.0,0.0,0.0,1.0,-0.0,0,0
489,0.0,0.0,0.0,1.0,-0.0,0,0
490,0.0,0.0,0.0,1.0,-0.0,0,0
491,0.0,0.0,0.0,1.0,-0.0,0,0
492,0.0,0.0,0.0,1.0,-0.0,0,0
493,0.0,0.0,0.0,1.0,-0.0,0,0
494,0.0,0.0,0.0,1.0,-0.0,0,0
495,0.0,0.0,0.0,1.0,-0.0,0,0
496,0.0,0.0,0.0,1.0,-0.0,0,0
497,0.0,0.009900990099009901,0.04338396495090424,1.0,-0.0,0,0
498,0.0,0.009900990099009901,0.04338396495090424,1.0,-0.0,0,0
499,0.0,0.009900990099009901,0.04338396495090424,1.0,-0.0,0,0
500,0.0,0.009900990099009901,0.04338396495090424,1.0,-0.0,0,0
501,0.0,0.009900990099009901,0.04338396495090424,1.0,-0.0,0,0
502,0.0,0.0,0.0,1.0,-0.0,0,0
503,0.0,0.0,0.0,1.0,-0.0,0,0
504,0.0,0.0,0.0,1.0,-0.0,0,0
505,0.0,0.0,0.0,1.0,-0.0,0,0
506,0.0,0.0,0.0,1.0,-0.0,0,0
507,0.0,0.0,0.0,1.0,-0.0,0,0
508,0.0,0.0,0.0,1.0,-0.0,0,0
509,0.0,0.0,0.0,1.0,-0.0,0,0
510,0.0,0.0,0.0,1.0,-0.0,0,0
511,0.0,0.13861386138613863,0.14554118673277588,1.0,-0.0,0,0
512,0.0,0.15247524752475247,0.15453158823862712,1.0,-0.0,0,0
513,0.0,0.15247524752475247,0.15453158823862712,1.0,-0.0,0,0
514,0.0,0.21980198019801975,0.17235687245139758,1.0,-0.0,0,0
515,0.0,0.21980198019801975,0.17235687245139758,1.0,-0.0,0,0
516,0.0,0.08118811881188118,0.11999411807954947,1.0,-0.0,0,0
517,0.0,0.06732673267326733,0.11000352009767247,1.0,-0.0,0,0
518,0.0,0.06732673267326733,0.11000352009767247,1.0,-0.0,0,0
519,0.0,0.0,0.0,1.0,-0.0,0,0
520,0.0,0.017821782178217824,0.05698017651460656,1.0,-0.0,0,0
521,0.0,0.017821782178217824,0.05698017651460656,1.0,-0.0,0,0
522,0.0,0.017821782178217824,0.05698017651460656,1.0,-0.0,0,0
523,0.0,0.017821782178217824,0.05698017651460656,1.0,-0.0,0,0
524,0.0,0.017821782178217824,0.05698017651460656,1.0,-0.0,0,0
525,0.0,0.0,0.0,1.0,-0.0,0,0
526,0.0,0.0,0.0,1.0,-0.0,0,0
527,0.0,0.0,0.0,1.0,-0.0,0,0
528,0.0,0.0,0.0,1.0,-0.0,0,0
529,0.0,0.0,0.0,1.0,-0.0,0,0
530,0.0,0.0,0.0,1.0,-0.0,0,0
531,0.0,0.0,0.0,1.0,-0.0,0,0
532,0.0,0.08118811881188118,0.12951766673875514,1.0,-0.0,0,0
533,0.0,0.08118811881188118,0.12951766673875514,1.0,-0.0,0,0
534,0.0,0.11287128712871286,0.13618810981425267,1.0,-0.0,0,0
535,0.0,0.11287128712871286,0.13618810981425267,1.0,-0.0,0,0
536,0.0,0.11287128712871286,0.13618810981425267,1.0,-0.0,0,0
537,0.0,0.031683168316831684,0.07826167463512676,1.0,-0.0,0,0
538,0.0,0.031683168316831684,0.07826167463512676,1.0,-0.0,2,0
539,0.0,0.0,0.0,1.0,-0.0,0,0
540,0.0,0.0,0.0,1.0,-0.0,0,0
541,0.0,0.0,0.0,1.0,-0.0,0,0
542,0.0,0.07722772277227723,0.11930590361498669,1.0,-0.0,0,0
543,0.0,0.07722772277227723,0.11930590361498669,1.0,-0.0,0,0
544,0.0,0.1465346534653465,0.15893479355105833,1.0,-0.0,0,0
545,0.0,0.1465346534653465,0.15893479355105833,1.0,-0.0,0,0
546,0.0,0.1465346534653465,0.15893479355105833,1.0,-0.0,0,0
547,0.0,0.06732673267326732,0.11000352009767247,1.0,-0.0,0,0
548,0.0,0.06732673267326732,0.11000352009767247,1.0,-0.0,0,0
549,0.0,0.0,0.0,1.0,-0.0,0,0
550,0.0,0.0,0.0,1.0,-0.0,0,0
551,0.0,0.0,0.0,1.0,-0.0,0,0
552,0.0,0.0,0.0,1.0,-0.0,0,0
553,0.0,0.0,0.0,1.0,-0.0,0,0
554,0.0,0.0,0.0,1.0,-0.0,0,0
555,0.0,0.0,0.0,1.0,-0.0,0,0
556,0.0,0.0,0.0,1.0,-0.0,0,0
557,0.0,0.0,0.0,1.0,-0.0,0,0
558,0.0,0.017821782178217824,0.05698017651460656,1.0,-0.0,0,0
559,0.0,0.09900990099009901,0.1367914141716479,1.0,-0.0,0,0
560,0.0,0.09900990099009901,0.1367914141716479,1.0,-0.0,0,0
561,0.0,0.09900990099009901,0.1367914141716479,1.0,-0.0,0,0
562,0.0,0.11881188118811879,0.14399729871443837,1.0,-0.0,0,0
563,0.0,0.10099009900990098,0.13386490123687583,1.0,-0.0,0,0
564,0.0,0.019801980198019802,0.0597350618970232,1.0,-0.0,0,0
565,0.0,0.1900990099009901,0.17883282225545563,1.0,-0.0,0,0
