,foreground,bg_means,bg_stdev,pvals,minus_logs,regs,active
2,0.6,0.18019801980198016,0.1700435599289386,0.006778522023451865,2.168864988585887,0,0
3,0.0,0.0594059405940594,0.10357779667819421,1.0,-0.0,0,0
4,0.0,0.0,0.0,1.0,-0.0,0,0
5,0.0,0.0,0.0,1.0,-0.0,0,0
6,0.0,0.0,0.0,1.0,-0.0,0,0
7,0.0,0.0,0.0,1.0,-0.0,0,0
8,1.0,0.3089108910891089,0.21530499200983355,0.0006641030344008166,3.1777645353905495,0,0
9,1.0,0.3089108910891089,0.21530499200983355,0.0006641030344008166,3.1777645353905495,0,0
10,1.0,0.3089108910891089,0.21530499200983355,0.0006641030344008166,3.1777645353905495,0,0
11,1.0,0.3089108910891089,0.21530499200983355,0.0006641030344008166,3.1777645353905495,0,0
12,1.0,0.3089108910891089,0.21530499200983355,0.0006641030344008166,3.1777645353905495,0,0
13,0.0,0.0,0.0,1.0,-0.0,0,0
14,0.0,0.0,0.0,1.0,-0.0,0,0
15,0.0,0.0,0.0,1.0,-0.0,0,0
16,0.0,0.0,0.0,1.0,-0.0,0,0
17,0.2,0.06930693069306931,0.09924724028627063,0.09394556775030262,1.027123704621387,0,0
18,0.2,0.06930693069306931,0.09924724028627063,0.09394556775030262,1.027123704621387,0,0
19,0.2,0.06930693069306931,0.09924724028627063,0.09394556775030262,1.027123704621387,0,0
20,0.2,0.1742574257425742,0.16084767121704766,0.4364235263557617,0.3600918458676393,0,0
21,0.2,0.1742574257425742,0.16084767121704766,0.4364235263557617,0.3600918458676393,0,0
22,0.0,0.10297029702970295,0.12464241569787099,1.0,-0.0,0,0
23,0.2,0.14455445544554454,0.1492391578726081,0.35512460070634777,0.4496192415791163,0,0
24,0.4,0.2475247524752475,0.1760929431716096,0.19327815744633908,0.713817223242643,0,0
25,0.6,0.2514851485148515,0.19016088102057818,0.03342085821075653,1.4759824020964167,0,0
26,0.8,0.36039603960396044,0.21251870409042983,0.01929452168885331,1.7145659831183118,0,0
27,0.8,0.36039603960396044,0.21251870409042983,0.01929452168885331,1.7145659831183118,0,0
28,0.8,0.4673267326732674,0.23593459023535018,0.07926640289753252,1.1009108496052409,0,0
29,0.6,0.3643564356435644,0.2094708838274517,0.1303058258268806,0.8850361670356393,0,0
30,0.6,0.4257425742574258,0.24480886274099947,0.23829118285269368,0.6228920269328737,0,0
31,0.4,0.7168316831683168,0.2914862247074408,1.0,-0.0,0,0
32,0.4,0.7168316831683168,0.2914862247074408,1.0,-0.0,0,0
33,0.2,0.5683168316831683,0.2695543417977922,1.0,-0.0,0,0
34,0.2,0.5683168316831683,0.2695543417977922,1.0,-0.0,0,0
35,0.2,0.5128712871287129,0.2327891011435342,1.0,-0.0,0,0
36,0.4,0.22970297029702966,0.13898112590389378,0.11022642122931926,0.957714292791305,0,0
37,0.6,0.3227722772277228,0.19894831814029956,0.08173945547811325,1.0875682597445424,0,0
38,0.8,0.38811881188118824,0.2300611751243101,0.036701917084453584,1.4353112502586811,0,0
39,0.8,0.43168316831683184,0.25443810858995364,0.07386875079534104,1.1315392453309487,0,0
40,0.6,0.3168316831683168,0.2392518483041854,0.11829413838263315,0.9270367746547988,0,0
41,0.6,0.2752475247524752,0.2213397283931655,0.07115909254030472,1.1477695989137324,0,0
42,0.4,0.18415841584158413,0.1772913210740546,0.11171838492705922,0.9518753513664505,0,0
43,0.2,0.1168316831683168,0.14963275633514897,0.2891682393217906,0.5388494093192814,0,0
44,0.2,0.07326732673267328,0.1115960618107356,0.12805415268855674,0.8926063331621106,0,0
45,0.2,0.07326732673267328,0.1115960618107356,0.12805415268855674,0.8926063331621106,0,0
46,0.0,0.0,0.0,1.0,-0.0,0,0
47,0.0,0.0,0.0,1.0,-0.0,0,0
48,0.2,0.09108910891089109,0.13057300215314485,0.20211242547219427,0.6944069860981138,0,0
49,0.2,0.09108910891089109,0.13057300215314485,0.20211242547219427,0.6944069860981138,0,0
50,0.2,0.17029702970297025,0.17208365134574602,0.4314798834544272,0.3650394472451601,0,0
51,0.2,0.17029702970297025,0.17208365134574602,0.4314798834544272,0.3650394472451601,0,0
52,0.2,0.17029702970297025,0.17208365134574602,0.4314798834544272,0.3650394472451601,0,0
53,0.0,0.07722772277227724,0.11593886073904515,1.0,-0.0,0,0
54,0.0,0.07722772277227724,0.11593886073904515,1.0,-0.0,0,0
55,0.0,0.0,0.0,1.0,-0.0,0,0
56,0.0,0.0891089108910891,0.12734998170941406,1.0,-0.0,0,0
57,0.0,0.0891089108910891,0.12734998170941406,1.0,-0.0,0,0
58,0.0,0.0891089108910891,0.12734998170941406,1.0,-0.0,0,0
59,0.0,0.0891089108910891,0.12734998170941406,1.0,-0.0,0,0
60,0.0,0.0891089108910891,0.12734998170941406,1.0,-0.0,0,0
61,0.0,0.0,0.0,1.0,-0.0,0,0
62,0.0,0.0,0.0,1.0,-0.0,0,0
63,0.0,0.0,0.0,1.0,-0.0,0,0
64,0.0,0.11980198019801978,0.13498793637349912,1.0,-0.0,0,0
65,0.0,0.19801980198019795,0.15541716332949373,1.0,-0.0,0,0
66,0.0,0.19801980198019795,0.15541716332949373,1.0,-0.0,0,0
67,0.0,0.19801980198019795,0.15541716332949373,1.0,-0.0,0,0
68,0.0,0.19801980198019795,0.15541716332949373,1.0,-0.0,0,0
69,0.0,0.07722772277227724,0.10135828825401766,1.0,-0.0,0,0
70,0.0,0.3465346534653465,0.2178037796341003,1.0,-0.0,0,0
71,0.0,0.46336633663366333,0.25629607425526235,1.0,-0.0,0,0
72,0.4,0.8396039603960392,0.37232988883909,1.0,-0.0,0,0
73,0.4,0.8396039603960392,0.37232988883909,1.0,-0.0,0,0
74,0.4,0.8396039603960392,0.37232988883909,1.0,-0.0,0,0
75,0.4,0.4930693069306931,0.26485842500392404,1.0,-0.0,0,0
76,0.4,0.3762376237623763,0.23762376237623759,0.46017216272297107,0.33707965672662343,0,0
77,0.2,0.23366336633663368,0.15687368174525435,1.0,-0.0,0,0
78,0.2,0.23366336633663368,0.15687368174525435,1.0,-0.0,0,0
79,0.2,0.23366336633663368,0.15687368174525435,1.0,-0.0,0,0
80,0.2,0.41386138613861384,0.23923545838477553,1.0,-0.0,0,0
81,0.2,0.41386138613861384,0.23923545838477553,1.0,-0.0,0,0
82,0.0,0.8198019801980198,0.3347881854322068,1.0,-0.0,0,0
83,0.0,0.8198019801980198,0.3347881854322068,1.0,-0.0,0,0
84,0.0,0.8198019801980198,0.3347881854322068,1.0,-0.0,0,0
85,0.0,0.6396039603960395,0.29520229946272036,1.0,-0.0,0,0
86,0.0,0.6396039603960395,0.29520229946272036,1.0,-0.0,0,0
87,0.0,0.0,0.0,1.0,-0.0,0,0
88,0.0,0.0,0.0,1.0,-0.0,0,0
89,0.0,0.0,0.0,1.0,-0.0,0,0
90,0.0,0.0,0.0,1.0,-0.0,0,0
91,0.0,0.025742574257425745,0.0669763743575753,1.0,-0.0,0,0
92,0.0,0.025742574257425745,0.0669763743575753,1.0,-0.0,0,0
93,0.0,0.025742574257425745,0.0669763743575753,1.0,-0.0,0,0
94,0.4,0.25742574257425743,0.14981608173764543,0.17063423815752554,0.7679338222248269,0,0
95,0.4,0.25742574257425743,0.14981608173764543,0.17063423815752554,0.7679338222248269,0,0
96,0.4,0.2910891089108911,0.1791614183963172,0.27162937124585435,0.5660232716509744,0,0
97,0.4,0.36831683168316837,0.1861175467328187,0.43241383042313586,0.3641004239222587,0,0
98,0.4,0.36831683168316837,0.1861175467328187,0.43241383042313586,0.3641004239222587,0,0
99,0.0,0.13663366336633662,0.09304823860966917,1.0,-0.0,0,0
100,0.0,0.13663366336633662,0.09304823860966917,1.0,-0.0,0,0
101,0.0,0.07524752475247526,0.09688815701168371,1.0,-0.0,0,0
102,0.0,0.0,0.0,1.0,-0.0,0,0
103,0.0,0.0,0.0,1.0,-0.0,0,0
104,0.2,0.24950495049504953,0.19172162285084568,1.0,-0.0,0,0
105,0.2,0.24950495049504953,0.19172162285084568,1.0,-0.0,0,0
106,0.2,0.24950495049504953,0.19172162285084568,1.0,-0.0,0,0
107,0.2,0.40990099009900993,0.23777223084581584,1.0,-0.0,0,0
