,foreground,bg_means,bg_stdev,pvals,minus_logs,regs,active
2,0.0,0.05148514851485149,0.08744317689433512,1.0,-0.0,0,0
3,0.0,0.05148514851485149,0.08744317689433512,1.0,-0.0,0,0
4,0.0,0.05148514851485149,0.08744317689433512,1.0,-0.0,0,0
5,0.0,0.05148514851485149,0.08744317689433512,1.0,-0.0,0,0
6,0.0,0.033663366336633666,0.07482947971362845,1.0,-0.0,0,0
7,0.0,0.0,0.0,1.0,-0.0,0,0
8,0.0,0.02772277227722772,0.06910862719451544,1.0,-0.0,0,0
9,0.0,0.02772277227722772,0.06910862719451544,1.0,-0.0,0,0
10,0.0,0.02772277227722772,0.06910862719451544,1.0,-0.0,0,0
11,0.0,0.11485148514851483,0.1172170185104851,1.0,-0.0,0,0
12,0.0,0.11485148514851483,0.1172170185104851,1.0,-0.0,0,0
13,0.0,0.08514851485148513,0.10281786127324492,1.0,-0.0,0,0
14,0.0,0.19603960396039602,0.15915668354384255,1.0,-0.0,0,0
15,0.0,0.19603960396039602,0.15915668354384255,1.0,-0.0,0,0
16,0.0,0.10891089108910891,0.12750384183766536,1.0,-0.0,0,0
17,0.0,0.14455445544554454,0.14383382017690993,1.0,-0.0,0,0
18,0.0,0.14455445544554454,0.14383382017690993,1.0,-0.0,0,0
19,0.0,0.033663366336633666,0.07482947971362845,1.0,-0.0,0,0
20,0.0,0.033663366336633666,0.07482947971362845,1.0,-0.0,0,0
21,0.0,0.033663366336633666,0.07482947971362845,1.0,-0.0,0,0
22,0.0,0.0,0.0,1.0,-0.0,0,0
23,0.0,0.06534653465346535,0.10939585993610405,1.0,-0.0,0,0
24,0.0,0.2396039603960396,0.17123847531982936,1.0,-0.0,0,0
25,0.0,0.2396039603960396,0.17123847531982936,1.0,-0.0,0,0
26,0.0,0.2396039603960396,0.17123847531982936,1.0,-0.0,0,0
27,0.0,0.2396039603960396,0.17123847531982936,1.0,-0.0,0,0
28,0.0,0.21386138613861383,0.1694660823392845,1.0,-0.0,0,0
29,0.0,0.039603960396039604,0.08452453849668534,1.0,-0.0,0,0
30,0.0,0.039603960396039604,0.08452453849668534,1.0,-0.0,0,0
31,0.0,0.10891089108910891,0.13937555924568534,1.0,-0.0,0,0
32,0.0,0.10891089108910891,0.13937555924568534,1.0,-0.0,0,0
33,0.0,0.06930693069306931,0.10693069306930696,1.0,-0.0,0,0
34,0.0,0.06930693069306931,0.10693069306930696,1.0,-0.0,0,0
35,0.0,0.06930693069306931,0.10693069306930696,1.0,-0.0,0,0
36,0.0,0.0,0.0,1.0,-0.0,0,0
37,0.0,0.0,0.0,1.0,-0.0,0,0
38,0.0,0.025742574257425748,0.06697637435757531,1.0,-0.0,0,0
39,0.0,0.10693069306930691,0.14505541839059358,1.0,-0.0,0,0
40,0.0,0.10693069306930691,0.14505541839059358,1.0,-0.0,0,0
41,0.2,0.21782178217821782,0.22707613744910327,1.0,-0.0,0,0
42,0.2,0.4455445544554455,0.2868486172234743,1.0,-0.0,0,0
43,0.2,0.41980198019801984,0.27790581850057555,1.0,-0.0,0,0
44,0.2,0.33663366336633677,0.2436206970175002,1.0,-0.0,0,0
45,0.2,0.33663366336633677,0.2436206970175002,1.0,-0.0,0,0
46,0.0,0.22772277227722768,0.18245781385805057,1.0,-0.0,0,0
47,0.0,0.04554455445544554,0.08846854615322249,1.0,-0.0,0,0
48,0.0,0.04554455445544554,0.08846854615322249,1.0,-0.0,0,0
49,0.0,0.04554455445544554,0.08846854615322249,1.0,-0.0,0,0
50,0.0,0.04554455445544554,0.08846854615322249,1.0,-0.0,0,0
51,0.0,0.04554455445544554,0.08846854615322249,1.0,-0.0,0,0
52,0.0,0.0,0.0,1.0,-0.0,0,0
53,0.4,0.2792079207920792,0.21632247274494804,0.28828940710608,0.5401713150169081,0,0
54,0.4,0.2792079207920792,0.21632247274494804,0.28828940710608,0.5401713150169081,0,0
55,0.4,0.2792079207920792,0.21632247274494804,0.28828940710608,0.5401713150169081,0,0
56,0.4,0.3564356435643564,0.24952066585742427,0.43070004773080184,0.365825080108255,0,0
57,0.4,0.3564356435643564,0.24952066585742427,0.43070004773080184,0.365825080108255,0,0
58,0.0,0.09900990099009903,0.13087296349986777,1.0,-0.0,0,0
59,0.0,0.09900990099009903,0.13087296349986777,1.0,-0.0,0,0
60,0.0,0.14257425742574256,0.15243666735776418,1.0,-0.0,0,0
61,0.0,0.06534653465346535,0.10189845806153354,1.0,-0.0,0,0
62,0.0,0.100990099009901,0.12781100644043508,1.0,-0.0,0,0
63,0.0,0.07722772277227723,0.1124710639300034,1.0,-0.0,0,0
64,0.0,0.07722772277227723,0.1124710639300034,1.0,-0.0,0,0
65,0.0,0.03564356435643565,0.07653920035678292,1.0,-0.0,0,0
66,0.0,0.03564356435643565,0.07653920035678292,1.0,-0.0,0,0
67,0.4,0.36831683168316826,0.2575323465483018,0.4510432641220161,0.34578179854712165,0,0
68,0.4,0.36831683168316826,0.2575323465483018,0.4510432641220161,0.34578179854712165,0,0
69,0.4,0.36831683168316826,0.2575323465483018,0.4510432641220161,0.34578179854712165,0,0
70,0.4,0.36831683168316826,0.2575323465483018,0.4510432641220161,0.34578179854712165,0,0
71,0.4,0.36831683168316826,0.2575323465483018,0.4510432641220161,0.34578179854712165,0,0
72,0.0,0.0,0.0,1.0,-0.0,0,0
73,0.0,0.051485148514851475,0.10011267057239238,1.0,-0.0,0,0
74,0.0,0.051485148514851475,0.10011267057239238,1.0,-0.0,0,0
75,0.0,0.051485148514851475,0.10011267057239238,1.0,-0.0,0,0
76,0.0,0.051485148514851475,0.10011267057239238,1.0,-0.0,0,0
77,0.0,0.30297029702970296,0.21176086154922535,1.0,-0.0,0,0
78,0.0,0.25148514851485143,0.18806669418746558,1.0,-0.0,0,0
79,0.2,0.297029702970297,0.2098823081542353,1.0,-0.0,0,0
80,0.2,0.297029702970297,0.2098823081542353,1.0,-0.0,0,0
81,0.2,0.297029702970297,0.2098823081542353,1.0,-0.0,0,0
82,0.2,0.07326732673267328,0.11159606181073561,0.12805415268855674,0.8926063331621106,0,0
83,0.2,0.3920792079207921,0.24843397366435155,1.0,-0.0,0,0
84,0.0,0.3465346534653465,0.23018045285893685,1.0,-0.0,0,0
85,0.0,0.3465346534653465,0.23018045285893685,1.0,-0.0,0,0
86,0.0,0.3465346534653465,0.23018045285893685,1.0,-0.0,0,0
87,0.0,0.44752475247524753,0.2716265853383326,1.0,-0.0,0,0
88,0.0,0.13069306930693067,0.1474150698648297,1.0,-0.0,0,0
89,0.0,0.13069306930693067,0.1474150698648297,1.0,-0.0,0,0
90,0.0,0.13069306930693067,0.1474150698648297,1.0,-0.0,0,0
91,0.0,0.13069306930693067,0.1474150698648297,1.0,-0.0,0,0
92,0.0,0.0,0.0,1.0,-0.0,0,0
93,0.0,0.0,0.0,1.0,-0.0,0,0
94,0.0,0.0,0.0,1.0,-0.0,0,0
95,0.0,0.0,0.0,1.0,-0.0,0,0
96,0.8,0.500990099009901,0.23984113946360017,0.10625379580082685,0.9736555463044009,0,0
97,0.8,0.500990099009901,0.23984113946360017,0.10625379580082685,0.9736555463044009,0,0
98,0.8,0.500990099009901,0.23984113946360017,0.10625379580082685,0.9736555463044009,0,0
99,1.0,0.8574257425742574,0.3163362463004492,0.3261011693951096,0.48664764381614467,0,0
100,1.0,0.8574257425742574,0.3163362463004492,0.3261011693951096,0.48664764381614467,0,0
101,0.2,0.40198019801980206,0.2509310181015997,1.0,-0.0,0,0
102,0.2,0.45346534653465354,0.2697869920443998,1.0,-0.0,0,0
103,0.2,0.45346534653465354,0.2697869920443998,1.0,-0.0,0,0
104,0.0,0.09702970297029702,0.12464241569787099,1.0,-0.0,0,0
105,0.0,0.09702970297029702,0.12464241569787099,1.0,-0.0,0,0
106,0.0,0.05148514851485149,0.09186070102766894,1.0,-0.0,0,0
107,0.0,0.0,0.0,1.0,-0.0,0,0
108,0.0,0.0,0.0,1.0,-0.0,0,0
109,0.0,0.11287128712871286,0.15264231556912292,1.0,-0.0,0,0
110,0.0,0.20396039603960398,0.19290421984883255,1.0,-0.0,0,0
111,0.0,0.20396039603960398,0.19290421984883255,1.0,-0.0,0,0
112,0.2,0.5188118811881188,0.281689693498349,1.0,-0.0,0,0
113,0.4,0.5544554455445544,0.2895967672797141,1.0,-0.0,0,0
114,0.4,0.4396039603960396,0.25643373216918297,1.0,-0.0,0,0
115,0.4,0.35049504950495053,0.23615054871556182,0.41697705664418,0.37988784058248615,0,0
116,0.4,0.35049504950495053,0.23615054871556182,0.41697705664418,0.37988784058248615,0,0
117,0.2,0.03564356435643565,0.07653920035678292,0.015882722457572503,1.7990750531077893,0,0
118,0.0,0.0,0.0,1.0,-0.0,0,0
119,0.0,0.017821782178217824,0.05698017651460656,1.0,-0.0,0,0
120,0.0,0.017821782178217824,0.05698017651460656,1.0,-0.0,0,0
121,0.0,0.057425742574257435,0.10656335878870264,1.0,-0.0,0,0
122,0.0,0.12475247524752472,0.15376846462033406,1.0,-0.0,0,0
123,0.0,0.12475247524752472,0.15376846462033406,1.0,-0.0,0,0
124,0.2,0.14455445544554454,0.15186969892129912,0.35752349826485164,0.4466954088800076,0,0
125,0.2,0.14455445544554454,0.15186969892129912,0.35752349826485164,0.4466954088800076,0,0
126,0.2,0.10297029702970295,0.1308429983103508,0.22917288574708755,0.6398367665781117,0,0
127,0.2,0.03564356435643565,0.08626938974571076,0.028380055950301422,1.5469867526811094,0,0
128,0.2,0.03564356435643565,0.08626938974571076,0.028380055950301422,1.5469867526811094,0,0
129,0.0,0.0,0.0,1.0,-0.0,0,0
130,0.0,0.0,0.0,1.0,-0.0,0,0
131,0.0,0.0,0.0,1.0,-0.0,0,0
132,0.0,0.0,0.0,1.0,-0.0,0,0
133,0.0,0.0,0.0,1.0,-0.0,0,0
134,0.0,0.0,0.0,1.0,-0.0,0,0
135,0.8,0.36831683168316837,0.26058984618460523,0.04880405677243576,1.3115440763445003,0,0
136,2.0,0.691089108910891,0.3521079407803694,0.00010065896582016786,3.997147535898959,0,0
137,2.0,0.691089108910891,0.3521079407803694,0.00010065896582016786,3.997147535898959,0,0
138,2.0,0.7207920792079207,0.3482109385976311,0.00011955132912652957,3.922445591199325,0,0
139,2.4,0.805940594059406,0.37066218031582177,8.517889199518824e-06,5.069668013516853,0,0
140,1.6,0.43762376237623757,0.2782019656522492,1.4692936478883156e-05,4.832891398959333,0,0
141,0.4,0.13069306930693064,0.13912212332871524,0.02644859980820536,1.5775973146180604,0,0
142,0.4,0.1762376237623762,0.17185563527720502,0.09645188823811109,1.0156892657560734,0,0
143,0.4,0.1485148514851485,0.16804870898437327,0.06726150598460054,1.172233413062421,0,0
144,0.2,0.16237623762376235,0.16818865241652334,0.4114954635871043,0.3856349481794096,0,0
145,0.2,0.16237623762376235,0.16818865241652334,0.4114954635871043,0.3856349481794096,0,0
146,0.2,0.17821782178217818,0.18647536422960087,0.45350532886441747,0.3434176054444277,0,0
147,0.2,0.2099009900990099,0.20943344153850713,1.0,-0.0,0,0
148,0.2,0.22970297029702968,0.2205055193200009,1.0,-0.0,0,0
149,0.0,0.31287128712871287,0.22412132779280655,1.0,-0.0,0,0
150,0.0,0.31287128712871287,0.22412132779280655,1.0,-0.0,0,0
151,0.4,0.4792079207920792,0.2685925294343723,1.0,-0.0,0,0
152,0.4,0.401980198019802,0.2632546476491378,1.0,-0.0,0,0
153,0.4,0.44158415841584164,0.2733247177501563,1.0,-0.0,0,0
154,0.4,0.2594059405940594,0.20785477499798227,0.24939169496062802,0.603118013138256,0,0
155,0.6,0.3782178217821782,0.2546999634188281,0.1919429930193236,0.7168277374074085,0,0
156,0.4,0.19405940594059404,0.19182385803267066,0.14150275184469946,0.8492351142079092,0,0
157,0.4,0.19405940594059404,0.19182385803267066,0.14150275184469946,0.8492351142079092,0,0
158,0.4,0.1346534653465346,0.15184387732816487,0.04027568825231455,1.394957029390968,0,0
159,0.4,0.14455445544554452,0.15445544554455445,0.04907938778557166,1.3091008632841992,0,0
160,0.2,0.025742574257425745,0.06697637435757531,0.004637140001348011,2.3337497919853583,0,0
161,0.0,0.061386138613861385,0.1080614942545921,1.0,-0.0,0,0
162,0.2,0.11089108910891088,0.15536669501729133,0.2831397870226645,0.5479990989489611,0,0
163,0.8,0.19801980198019797,0.1856112183041662,0.0005909101776274847,3.22847852982167,0,0
164,0.8,0.27128712871287125,0.2364492425231587,0.0126741729202571,1.8970803718674651,0,0
165,0.8,0.27128712871287125,0.2364492425231587,0.0126741729202571,1.8970803718674651,0,0
166,0.8,0.2712871287128713,0.2364492425231587,0.0126741729202571,1.8970803718674651,0,0
167,0.6,0.2217821782178218,0.22142828908505918,0.043810502620837445,1.35842176430176,0,0
168,0.0,0.2217821782178218,0.2046992289576329,1.0,-0.0,0,0
169,0.0,0.15247524752475247,0.17382935720677026,1.0,-0.0,0,0
170,0.0,0.15247524752475247,0.17382935720677026,1.0,-0.0,0,0
171,0.0,0.12079207920792076,0.14094225464771679,1.0,-0.0,0,0
172,0.0,0.28316831683168314,0.225620950387154,1.0,-0.0,0,0
173,0.2,0.30693069306930687,0.2153778286127323,1.0,-0.0,0,0
174,0.2,0.29306930693069305,0.2153778286127323,1.0,-0.0,0,0
175,0.2,0.29306930693069305,0.2153778286127323,1.0,-0.0,0,0
176,0.2,0.28118811881188116,0.20329604384492034,1.0,-0.0,0,0
177,0.2,0.1188118811881188,0.13838736799727644,0.2787117051527264,0.5548447916867998,0,0
178,0.0,0.009900990099009901,0.04338396495090424,1.0,-0.0,0,0
179,0.0,0.009900990099009901,0.04338396495090424,1.0,-0.0,0,0
180,0.0,0.009900990099009901,0.04338396495090424,1.0,-0.0,0,0
181,0.0,0.0,0.0,1.0,-0.0,0,0
182,0.0,0.0,0.0,1.0,-0.0,0,0
183,0.0,0.0,0.0,1.0,-0.0,0,0
184,0.0,0.0,0.0,1.0,-0.0,0,0
185,0.0,0.0,0.0,1.0,-0.0,0,0
186,0.0,0.0,0.0,1.0,-0.0,0,0
187,0.0,0.11089108910891088,0.13042276277287215,1.0,-0.0,0,0
188,0.0,0.11089108910891088,0.13042276277287215,1.0,-0.0,0,0
189,0.2,0.22178217821782176,0.17096346688435152,1.0,-0.0,0,0
190,0.2,0.22178217821782176,0.17096346688435152,1.0,-0.0,0,0
191,0.2,0.26138613861386134,0.1839986531535419,1.0,-0.0,0,0
192,0.2,0.1821782178217822,0.166736906416007,0.4574398498588292,0.3396660045304478,0,0
193,0.4,0.3693069306930693,0.26316526233243653,0.4535764739619775,0.34334947945347105,0,0
194,0.2,0.2594059405940594,0.2261070533368425,1.0,-0.0,0,0
195,0.2,0.2871287128712871,0.23448421017018475,1.0,-0.0,0,0
196,0.2,0.24752475247524752,0.21644932153567853,1.0,-0.0,0,0
197,0.2,0.21584158415841584,0.2062069868822941,1.0,-0.0,0,0
198,0.0,0.02772277227722772,0.06910862719451542,1.0,-0.0,0,0
199,0.0,0.22970297029702968,0.1937358385526338,1.0,-0.0,0,0
