,foreground,bg_means,bg_stdev,pvals,minus_logs,regs,active
2,0.2,0.21782178217821782,0.166736906416007,1.0,-0.0,0,0
3,0.2,0.3118811881188119,0.17871218562167912,1.0,-0.0,0,0
4,0.2,0.3118811881188119,0.17871218562167912,1.0,-0.0,0,0
5,0.2,0.29306930693069305,0.16546210462772584,1.0,-0.0,0,0
6,0.2,0.14455445544554454,0.11644507269694382,0.3169830762127715,0.4989639242289653,0,0
7,0.2,0.14455445544554454,0.11644507269694382,0.3169830762127715,0.4989639242289653,0,0
8,0.2,0.031683168316831684,0.0730260947112308,0.01058647624307391,1.9752485727397298,0,0
9,0.2,0.031683168316831684,0.0730260947112308,0.01058647624307391,1.9752485727397298,0,0
10,0.0,0.0,0.0,1.0,-0.0,0,0
11,0.0,0.0,0.0,1.0,-0.0,0,0
12,0.0,0.0,0.0,1.0,-0.0,0,0
13,0.0,0.03564356435643565,0.07653920035678292,1.0,-0.0,0,0
14,0.0,0.03564356435643565,0.07653920035678292,1.0,-0.0,0,0
15,0.0,0.08712871287128712,0.11402914890208293,1.0,-0.0,0,0
16,0.0,0.08712871287128712,0.11402914890208293,1.0,-0.0,0,0
17,0.0,0.08712871287128712,0.11402914890208293,1.0,-0.0,0,0
18,0.0,0.05148514851485149,0.08744317689433512,1.0,-0.0,0,0
19,0.0,0.10495049504950493,0.09987738782509697,1.0,-0.0,0,0
20,0.0,0.051485148514851496,0.08744317689433512,1.0,-0.0,0,0
21,0.0,0.051485148514851496,0.08744317689433512,1.0,-0.0,0,0
22,0.0,0.051485148514851496,0.08744317689433512,1.0,-0.0,0,0
23,0.0,0.051485148514851496,0.08744317689433512,1.0,-0.0,0,0
24,0.0,0.0,0.0,1.0,-0.0,0,0
25,0.0,0.0,0.0,1.0,-0.0,0,0
26,0.0,0.025742574257425748,0.06697637435757531,1.0,-0.0,0,0
27,0.0,0.025742574257425748,0.06697637435757531,1.0,-0.0,0,0
28,0.0,0.025742574257425748,0.06697637435757531,1.0,-0.0,0,0
29,0.0,0.0712871287128713,0.09578920096988376,1.0,-0.0,0,0
30,0.0,0.0712871287128713,0.09578920096988376,1.0,-0.0,0,0
31,0.0,0.04554455445544555,0.08387254884969257,1.0,-0.0,0,0
32,0.0,0.04554455445544555,0.08387254884969257,1.0,-0.0,0,0
33,0.0,0.04554455445544555,0.08387254884969257,1.0,-0.0,0,0
34,0.0,0.0,0.0,1.0,-0.0,0,0
35,0.0,0.0,0.0,1.0,-0.0,0,0
36,0.0,0.027722772277227727,0.06910862719451544,1.0,-0.0,0,0
37,0.0,0.027722772277227727,0.06910862719451544,1.0,-0.0,0,0
38,0.0,0.027722772277227727,0.06910862719451544,1.0,-0.0,0,0
39,0.0,0.027722772277227727,0.06910862719451544,1.0,-0.0,0,0
40,0.0,0.027722772277227727,0.06910862719451544,1.0,-0.0,0,0
41,0.0,0.0,0.0,1.0,-0.0,0,0
42,0.0,0.04554455445544555,0.08387254884969256,1.0,-0.0,0,0
43,0.0,0.04554455445544555,0.08387254884969256,1.0,-0.0,0,0
44,0.0,0.04554455445544555,0.08387254884969256,1.0,-0.0,0,0
45,0.0,0.19009900990099005,0.141774434215198,1.0,-0.0,0,0
46,0.0,0.19009900990099005,0.141774434215198,1.0,-0.0,0,0
47,0.0,0.14455445544554454,0.1293358874677856,1.0,-0.0,0,0
48,0.0,0.14455445544554454,0.1293358874677856,1.0,-0.0,0,0
49,0.0,0.14455445544554454,0.1293358874677856,1.0,-0.0,0,0
50,0.0,0.0,0.0,1.0,-0.0,0,0
51,0.0,0.0,0.0,1.0,-0.0,0,0
52,0.0,0.0,0.0,1.0,-0.0,0,0
53,0.0,0.0,0.0,1.0,-0.0,0,0
54,0.0,0.0,0.0,1.0,-0.0,0,0
55,0.0,0.0,0.0,1.0,-0.0,0,0
56,0.0,0.0,0.0,1.0,-0.0,0,0
57,0.0,0.0,0.0,1.0,-0.0,0,0
58,0.0,0.0,0.0,1.0,-0.0,0,0
59,0.0,0.0,0.0,1.0,-0.0,0,0
60,0.0,0.0,0.0,1.0,-0.0,0,0
61,0.0,0.0,0.0,1.0,-0.0,0,0
62,0.0,0.0,0.0,1.0,-0.0,0,0
63,0.0,0.0,0.0,1.0,-0.0,0,0
64,0.0,0.0,0.0,1.0,-0.0,0,0
65,0.0,0.0,0.0,1.0,-0.0,0,0
66,0.0,0.0,0.0,1.0,-0.0,0,0
67,0.0,0.0,0.0,1.0,-0.0,0,0
68,0.0,0.0,0.0,1.0,-0.0,0,0
69,0.0,0.0,0.0,1.0,-0.0,0,0
70,0.0,0.0,0.0,1.0,-0.0,0,0
71,0.0,0.0,0.0,1.0,-0.0,0,0
72,0.0,0.0,0.0,1.0,-0.0,0,0
73,0.0,0.0,0.0,1.0,-0.0,0,0
74,0.0,0.0,0.0,1.0,-0.0,0,0
75,0.0,0.0,0.0,1.0,-0.0,0,0
76,0.0,0.0,0.0,1.0,-0.0,0,0
77,0.0,0.0,0.0,1.0,-0.0,0,0
78,0.0,0.0,0.0,1.0,-0.0,0,0
79,0.0,0.0,0.0,1.0,-0.0,0,0
80,0.0,0.04950495049504951,0.08631483056516186,1.0,-0.0,0,0
81,0.0,0.04950495049504951,0.08631483056516186,1.0,-0.0,0,0
82,0.0,0.0871287128712871,0.09916819030137755,1.0,-0.0,0,0
83,0.0,0.12673267326732668,0.09636059453937773,1.0,-0.0,0,0
84,0.0,0.12673267326732668,0.09636059453937773,1.0,-0.0,0,0
85,0.0,0.07524752475247526,0.09688815701168371,1.0,-0.0,0,0
86,0.0,0.07524752475247526,0.09688815701168371,1.0,-0.0,0,0
87,0.0,0.03762376237623763,0.07816140339006158,1.0,-0.0,0,0
88,0.0,0.0,0.0,1.0,-0.0,0,0
89,0.0,0.0,0.0,1.0,-0.0,0,0
90,0.0,0.10495049504950493,0.09987738782509697,1.0,-0.0,0,0
91,0.0,0.10495049504950493,0.09987738782509697,1.0,-0.0,0,0
92,0.0,0.30693069306930687,0.17924894229914234,1.0,-0.0,0,0
93,0.0,0.30693069306930687,0.17924894229914234,1.0,-0.0,0,0
94,0.0,0.30693069306930687,0.17924894229914234,1.0,-0.0,0,0
95,0.0,0.20198019801980194,0.15023427119517357,1.0,-0.0,0,0
96,0.0,0.20198019801980194,0.15023427119517357,1.0,-0.0,0,0
97,0.0,0.0,0.0,1.0,-0.0,0,0
98,0.0,0.0,0.0,1.0,-0.0,0,0
99,0.0,0.031683168316831684,0.0730260947112308,1.0,-0.0,0,0
100,2.4,1.6613861386138618,0.23671443171910672,0.0009034147586504715,3.0441128188575286,0,0
101,2.4,1.6613861386138618,0.23671443171910672,0.0009034147586504715,3.0441128188575286,0,0
102,2.6,1.7623762376237626,0.24969346956274246,0.00039738731150654075,3.400786003936489,0,0
103,2.6,1.7623762376237626,0.24969346956274246,0.00039738731150654075,3.400786003936489,0,0
104,2.6,1.730693069306931,0.23620035724750016,0.00011644358953954854,3.9338844152807164,0,0
105,0.4,0.2851485148514851,0.17876703054720586,0.2602857901396461,0.5845495408127469,0,0
106,0.4,0.31485148514851485,0.193654862232042,0.3300800591731409,0.48138071151535444,0,0
