,foreground,bg_means,bg_stdev,pvals,minus_logs,regs,active
2,0.2,0.011881188118811883,0.047276579747775535,3.4586556520905853e-05,4.461092674713385,0,0
3,0.2,0.011881188118811883,0.047276579747775535,3.4586556520905853e-05,4.461092674713385,0,0
4,0.0,0.0,0.0,1.0,-0.0,0,0
5,0.0,0.0,0.0,1.0,-0.0,0,0
6,1.0,0.3623762376237625,0.20433494399230784,0.0009027729465248892,3.0444214639396447,0,0
7,1.0,0.38811881188118813,0.22659211346323793,0.0034631823433704085,2.4605246413888096,0,0
8,1.0,0.38811881188118813,0.22659211346323793,0.0034631823433704085,2.4605246413888096,0,0
9,1.0,0.38811881188118813,0.22659211346323793,0.0034631823433704085,2.4605246413888096,0,0
10,1.2,0.4594059405940595,0.25724289012364326,0.0019948938186836666,2.700080215359181,0,0
11,0.2,0.10891089108910891,0.13937555924568534,0.2567003926389666,0.5905734670480496,0,0
12,0.2,0.08316831683168316,0.12353642740976017,0.17214403052095056,0.7641080328301242,0,0
13,0.2,0.08316831683168316,0.12353642740976017,0.17214403052095056,0.7641080328301242,0,0
14,0.2,0.10495049504950493,0.14784005112815915,0.26013761214092834,0.584796850555697,0,0
15,0.0,0.09306930693069305,0.11454380090280847,1.0,-0.0,0,0
16,0.0,0.11188118811881187,0.12046701920202083,1.0,-0.0,0,0
17,0.0,0.21782178217821774,0.17598156946925847,1.0,-0.0,0,0
18,0.2,0.3564356435643564,0.2244535020246298,1.0,-0.0,0,0
19,0.6,0.46534653465346537,0.2565713162256716,0.2998545601603922,0.523089342065703,0,0
20,0.6,0.4237623762376238,0.2359512094436429,0.22755471563683494,0.6429141601407315,0,0
21,0.8,0.4396039603960396,0.22867643617032954,0.05751190580787657,1.240242240676827,0,0
22,1.0,0.41188118811881197,0.2401678986607145,0.007167009984166899,2.144661990526194,0,0
23,0.8,0.3148514851485148,0.21681133771359987,0.012621850046999037,1.898876983735614,0,0
24,0.6,0.21980198019801975,0.21342088848011848,0.03741972096093736,1.4268994553602468,0,0
25,0.6,0.20198019801980197,0.2019607833806434,0.02437465600015463,1.6130615047899932,0,0
26,0.4,0.1564356435643564,0.17486393102381254,0.08182814080571428,1.0870973161951825,0,0
27,0.2,0.07722772277227724,0.11593886073904516,0.14481359215141582,0.8391906735026712,0,0
28,0.2,0.03762376237623763,0.08771182015980238,0.03206701867154286,1.4939414153345645,0,0
29,0.0,0.0,0.0,1.0,-0.0,0,0
30,0.2,0.03564356435643565,0.07653920035678292,0.015882722457572503,1.7990750531077893,0,0
31,0.2,0.03564356435643565,0.07653920035678292,0.015882722457572503,1.7990750531077893,0,0
32,0.2,0.03564356435643565,0.07653920035678292,0.015882722457572503,1.7990750531077893,0,0
33,0.2,0.03564356435643565,0.07653920035678292,0.015882722457572503,1.7990750531077893,0,0
34,0.2,0.03564356435643565,0.07653920035678292,0.015882722457572503,1.7990750531077893,0,0
35,0.0,0.011881188118811881,0.047276579747775535,1.0,-0.0,0,0
36,0.0,0.04554455445544555,0.09283729243351323,1.0,-0.0,0,0
37,0.0,0.07722772277227724,0.122580495370631,1.0,-0.0,0,0
38,0.0,0.07722772277227724,0.122580495370631,1.0,-0.0,0,0
39,0.0,0.07722772277227724,0.122580495370631,1.0,-0.0,0,0
40,0.0,0.10099009900990098,0.1308729634998678,1.0,-0.0,0,0
41,0.0,0.06732673267326733,0.10634234916512914,1.0,-0.0,0,0
42,0.0,0.03564356435643565,0.08154954567118415,1.0,-0.0,0,0
43,0.0,0.03564356435643565,0.08154954567118415,1.0,-0.0,0,0
44,0.0,0.08316831683168317,0.12353642740976017,1.0,-0.0,0,0
45,0.0,0.0594059405940594,0.09562531855564069,1.0,-0.0,0,0
46,0.0,0.0594059405940594,0.09562531855564069,1.0,-0.0,0,0
47,0.0,0.0594059405940594,0.09562531855564069,1.0,-0.0,0,0
48,0.0,0.0594059405940594,0.09562531855564069,1.0,-0.0,0,0
49,0.0,0.03762376237623763,0.09211646217515253,1.0,-0.0,0,0
50,0.0,0.05148514851485149,0.096075322540263,1.0,-0.0,0,0
51,0.0,0.2316831683168317,0.19239537111273064,1.0,-0.0,0,0
52,0.0,0.2316831683168317,0.19239537111273064,1.0,-0.0,0,0
53,0.0,0.2316831683168317,0.19239537111273064,1.0,-0.0,0,0
54,0.0,0.22772277227722773,0.1846156359731749,1.0,-0.0,0,0
55,0.0,0.20198019801980197,0.179095747399525,1.0,-0.0,0,0
56,0.0,0.021782178217821784,0.06230547612891991,1.0,-0.0,0,0
57,0.0,0.021782178217821784,0.06230547612891991,1.0,-0.0,0,0
58,0.0,0.021782178217821784,0.06230547612891991,1.0,-0.0,0,0
59,0.0,0.0,0.0,1.0,-0.0,0,0
60,0.0,0.0,0.0,1.0,-0.0,0,0
61,0.0,0.0,0.0,1.0,-0.0,0,0
62,0.0,0.0,0.0,1.0,-0.0,0,0
63,0.0,0.0,0.0,1.0,-0.0,0,0
64,0.0,0.0,0.0,1.0,-0.0,0,0
65,0.0,0.0,0.0,1.0,-0.0,0,0
66,0.0,0.0,0.0,1.0,-0.0,0,0
67,0.0,0.011881188118811883,0.047276579747775535,1.0,-0.0,0,0
68,0.0,0.061386138613861385,0.10433219700847123,1.0,-0.0,0,0
69,0.0,0.17425742574257425,0.16329131190564994,1.0,-0.0,0,0
70,0.0,0.17425742574257425,0.16329131190564994,1.0,-0.0,0,0
71,0.0,0.17425742574257425,0.16329131190564994,1.0,-0.0,0,0
72,0.0,0.16237623762376235,0.15080738823492887,1.0,-0.0,0,0
73,0.0,0.13465346534653463,0.14921288105967925,1.0,-0.0,0,0
74,0.0,0.021782178217821784,0.06230547612891991,1.0,-0.0,0,0
75,0.0,0.021782178217821784,0.06230547612891991,1.0,-0.0,0,0
76,0.0,0.061386138613861385,0.10433219700847123,1.0,-0.0,0,0
77,0.0,0.13069306930693067,0.16273806583211367,1.0,-0.0,0,0
78,0.0,0.15247524752475247,0.1644637607354148,1.0,-0.0,0,0
79,0.0,0.15247524752475247,0.1644637607354148,1.0,-0.0,0,0
80,0.0,0.15247524752475247,0.1644637607354148,1.0,-0.0,0,0
81,0.4,0.19009900990099005,0.17660435755646178,0.11731075876770582,0.9306621561779068,0,0
82,0.4,0.11881188118811879,0.13838736799727644,0.021082319860427867,1.6760816018490217,0,0
83,0.4,0.07722772277227724,0.11593886073904516,0.002684759588187435,2.5710945979339654,1,0
84,0.4,0.12079207920792079,0.13224402263020987,0.017372904643323788,1.7601275641029035,0,0
85,0.4,0.12079207920792079,0.13224402263020987,0.017372904643323788,1.7601275641029035,0,0
86,0.0,0.041584158415841586,0.08116396646304633,1.0,-0.0,0,0
87,0.0,0.041584158415841586,0.08116396646304633,1.0,-0.0,0,0
88,0.0,0.041584158415841586,0.08116396646304633,1.0,-0.0,0,0
89,0.0,0.05742574257425742,0.11021718851545144,1.0,-0.0,0,0
90,0.0,0.05742574257425742,0.11021718851545144,1.0,-0.0,0,0
91,0.0,0.0712871287128713,0.12768822926854265,1.0,-0.0,0,0
92,0.0,0.0712871287128713,0.12768822926854265,1.0,-0.0,0,0
93,0.0,0.0712871287128713,0.12768822926854265,1.0,-0.0,0,0
94,0.0,0.01386138613861386,0.05079507064705211,1.0,-0.0,0,0
95,0.0,0.01386138613861386,0.05079507064705211,1.0,-0.0,0,0
96,0.0,0.0,0.0,1.0,-0.0,0,0
97,0.0,0.0,0.0,1.0,-0.0,0,0
98,0.0,0.0,0.0,1.0,-0.0,0,0
99,0.0,0.023762376237623766,0.06471340450838889,1.0,-0.0,0,0
100,0.0,0.023762376237623766,0.06471340450838889,1.0,-0.0,0,0
101,0.0,0.04554455445544555,0.08846854615322249,1.0,-0.0,0,0
102,0.0,0.04554455445544555,0.08846854615322249,1.0,-0.0,0,0
103,0.0,0.04554455445544555,0.08846854615322249,1.0,-0.0,0,0
104,0.0,0.021782178217821784,0.06230547612891991,1.0,-0.0,0,0
105,0.0,0.0712871287128713,0.10372911567294095,1.0,-0.0,0,0
106,0.0,0.05940594059405942,0.0996808946427978,1.0,-0.0,0,0
107,0.0,0.05940594059405942,0.0996808946427978,1.0,-0.0,0,0
108,0.0,0.05940594059405942,0.0996808946427978,1.0,-0.0,0,0
109,0.0,0.08514851485148514,0.12379009590564582,1.0,-0.0,0,0
110,0.0,0.03564356435643565,0.08154954567118415,1.0,-0.0,0,0
111,0.0,0.025742574257425745,0.06697637435757531,1.0,-0.0,0,0
112,0.0,0.025742574257425745,0.06697637435757531,1.0,-0.0,0,0
113,0.0,0.1168316831683168,0.1469621807150849,1.0,-0.0,0,31
114,0.0,0.09108910891089109,0.12750384183766536,1.0,-0.0,0,0
115,0.0,0.11287128712871286,0.13324834725751067,1.0,-0.0,0,0
116,0.0,0.39603960396039606,0.20094863738570085,1.0,-0.0,0,0
117,0.0,0.39603960396039606,0.20094863738570085,1.0,-0.0,0,0
118,0.0,0.30495049504950494,0.17709215457672375,1.0,-0.0,0,0
119,0.0,0.30495049504950494,0.17709215457672375,1.0,-0.0,0,0
120,0.0,0.2811881188118812,0.17160446766964987,1.0,-0.0,0,0
121,0.0,0.0,0.0,1.0,-0.0,0,0
122,0.0,0.0,0.0,1.0,-0.0,0,0
123,0.0,0.0,0.0,1.0,-0.0,0,0
124,0.0,0.021782178217821784,0.06230547612891991,1.0,-0.0,0,0
125,0.0,0.021782178217821784,0.06230547612891991,1.0,-0.0,0,0
126,0.0,0.021782178217821784,0.06230547612891991,1.0,-0.0,0,0
127,0.0,0.021782178217821784,0.06230547612891991,1.0,-0.0,0,0
128,0.0,0.05742574257425742,0.09885135821266286,1.0,-0.0,0,0
129,0.0,0.03564356435643565,0.08154954567118415,1.0,-0.0,0,0
130,0.0,0.03564356435643565,0.08154954567118415,1.0,-0.0,0,0
131,0.0,0.10099009900990098,0.1338649012368758,1.0,-0.0,0,0
132,0.0,0.10099009900990098,0.1338649012368758,1.0,-0.0,0,0
133,0.0,0.2792079207920792,0.20504374403274056,1.0,-0.0,0,0
134,0.0,0.29504950495049503,0.207949078698219,1.0,-0.0,0,0
135,0.0,0.3584158415841584,0.22394630134846624,1.0,-0.0,0,0
136,0.0,0.3445544554455445,0.21639496687323803,1.0,-0.0,0,0
137,0.0,0.3821782178217822,0.22178217821782178,1.0,-0.0,0,0
138,0.0,0.16831683168316827,0.15085938181973,1.0,-0.0,0,0
139,0.0,0.18415841584158413,0.16574624125023033,1.0,-0.0,0,0
140,0.0,0.20792079207920788,0.1927822186435128,1.0,-0.0,0,0
141,0.0,0.1564356435643564,0.15312962320143525,1.0,-0.0,0,0
142,0.0,0.1168316831683168,0.1357555366416048,1.0,-0.0,0,0
143,0.0,0.1168316831683168,0.1357555366416048,1.0,-0.0,0,0
144,0.0,0.3089108910891089,0.22954928282989867,1.0,-0.0,0,0
145,0.0,0.22376237623762374,0.21114891505055558,1.0,-0.0,0,0
146,0.0,0.22376237623762374,0.21114891505055558,1.0,-0.0,0,0
147,0.0,0.26732673267326734,0.22912183230290264,1.0,-0.0,0,0
148,0.2,0.39801980198019804,0.25250436640467455,1.0,-0.0,0,0
149,0.2,0.17425742574257425,0.17499842451711448,0.4415258548359576,0.35504385995998367,0,8
150,0.2,0.17425742574257425,0.17499842451711448,0.4415258548359576,0.35504385995998367,0,0
151,0.2,0.39207920792079193,0.2516020621666311,1.0,-0.0,0,0
152,0.2,0.4257425742574256,0.25895963420546575,1.0,-0.0,0,0
153,0.0,0.3108910891089109,0.2188633961132372,1.0,-0.0,0,0
154,0.0,0.3524752475247524,0.2254122996485762,1.0,-0.0,0,0
155,0.0,0.38019801980198026,0.2429276068591148,1.0,-0.0,0,0
156,0.0,0.16237623762376235,0.16096951630021047,1.0,-0.0,0,0
157,0.0,0.08316831683168316,0.12353642740976016,1.0,-0.0,0,0
158,0.0,0.13168316831683166,0.15728557182028188,1.0,-0.0,0,0
159,0.0,0.08910891089108909,0.13342479626077636,1.0,-0.0,0,0
160,0.2,0.07722772277227724,0.12576985749069639,0.16449106805243702,0.783857679482127,0,0
161,0.2,0.10495049504950495,0.1337769960717191,0.2386948661603236,0.6221569216812192,0,0
162,0.2,0.10495049504950495,0.1337769960717191,0.2386948661603236,0.6221569216812192,0,0
163,0.2,0.04356435643564357,0.08255312311158745,0.029048226759887566,1.5368803738382273,0,0
164,0.2,0.04356435643564357,0.08255312311158745,0.029048226759887566,1.5368803738382273,0,0
165,0.0,0.04356435643564357,0.09164702150816742,1.0,-0.0,0,0
166,0.0,0.015841584158415842,0.05401260078014202,1.0,-0.0,0,0
167,0.0,0.015841584158415842,0.05401260078014202,1.0,-0.0,0,0
168,0.0,0.015841584158415842,0.05401260078014202,1.0,-0.0,0,0
169,0.0,0.031683168316831684,0.0730260947112308,1.0,-0.0,0,0
170,0.0,0.015841584158415842,0.05401260078014202,1.0,-0.0,0,0
171,0.0,0.021782178217821784,0.06230547612891991,1.0,-0.0,0,0
172,0.0,0.021782178217821784,0.06230547612891991,1.0,-0.0,0,0
173,0.0,0.02772277227722772,0.06910862719451544,1.0,-0.0,0,0
174,0.0,0.011881188118811883,0.047276579747775535,1.0,-0.0,0,0
175,0.2,0.0297029702970297,0.07648795214189293,0.012991839772286904,1.8863293442020952,0,0
176,0.2,0.023762376237623766,0.07056843438101175,0.00625538335613176,2.203746069767374,0,0
177,0.2,0.023762376237623766,0.07056843438101175,0.00625538335613176,2.203746069767374,0,0
178,0.2,0.017821782178217824,0.056980176514606566,0.0006937928196726553,3.15877019915046,0,0
179,0.2,0.017821782178217824,0.056980176514606566,0.0006937928196726553,3.15877019915046,0,0
180,0.2,0.019801980198019802,0.0597350618970232,0.0012780474741147156,2.893453013655617,0,0
181,0.2,0.019801980198019802,0.0597350618970232,0.0012780474741147156,2.893453013655617,0,0
182,0.2,0.019801980198019802,0.0597350618970232,0.0012780474741147156,2.893453013655617,0,0
183,0.2,0.019801980198019802,0.0597350618970232,0.0012780474741147156,2.893453013655617,0,0
184,0.2,0.019801980198019802,0.0597350618970232,0.0012780474741147156,2.893453013655617,0,0
185,0.0,0.017821782178217824,0.05698017651460656,1.0,-0.0,0,0
186,0.0,0.017821782178217824,0.05698017651460656,1.0,-0.0,0,0
187,0.0,0.03762376237623763,0.07816140339006158,1.0,-0.0,0,0
188,0.2,0.06930693069306931,0.11057238501634628,0.11860911207080789,0.9258819452883051,0,0
189,0.2,0.06930693069306931,0.11057238501634628,0.11860911207080789,0.9258819452883051,0,0
190,0.2,0.051485148514851496,0.1001126705723924,0.06897385175696842,1.1613155207112391,0,0
191,0.2,0.051485148514851496,0.1001126705723924,0.06897385175696842,1.1613155207112391,0,0
192,0.2,0.03168316831683169,0.0730260947112308,0.01058647624307391,1.9752485727397298,0,0
193,0.0,0.0,0.0,1.0,-0.0,0,0
194,0.0,0.0,0.0,1.0,-0.0,0,0
195,0.2,0.015841584158415842,0.05401260078014202,0.00032535620257014524,3.4876409094885674,0,0
196,0.2,0.015841584158415842,0.05401260078014202,0.00032535620257014524,3.4876409094885674,0,0
197,0.2,0.015841584158415842,0.05401260078014202,0.00032535620257014524,3.4876409094885674,0,0
198,0.2,0.015841584158415842,0.05401260078014202,0.00032535620257014524,3.4876409094885674,0,0
199,0.2,0.015841584158415842,0.05401260078014202,0.00032535620257014524,3.4876409094885674,0,0
200,0.0,0.0,0.0,1.0,-0.0,0,0
201,0.0,0.0,0.0,1.0,-0.0,0,0
202,0.0,0.0,0.0,1.0,-0.0,0,0
203,0.0,0.0,0.0,1.0,-0.0,0,0
204,0.0,0.0,0.0,1.0,-0.0,0,0
