,foreground,bg_means,bg_stdev,pvals,minus_logs,regs,active
2,0.0,0.15643564356435638,0.15821769786485684,1.0,-0.0,0,0
3,0.0,0.15643564356435638,0.15821769786485684,1.0,-0.0,0,0
4,0.2,0.8851485148514852,0.39436278684265985,1.0,-0.0,0,0
5,0.2,1.1722772277227724,0.40592610454701056,1.0,-0.0,0,0
6,0.4,1.300990099009901,0.4094176132999022,1.0,-0.0,0,0
7,1.4,1.8673267326732677,0.5083673948014815,1.0,-0.0,0,0
8,1.4,1.8673267326732677,0.5083673948014815,1.0,-0.0,0,0
9,1.2,1.0633663366336632,0.4135628275511766,0.3705557166339346,0.43114648240147263,0,0
10,1.2,0.7326732673267327,0.37892733201595596,0.1087340676501677,0.963634365072374,0,0
11,1.8,0.8277227722772278,0.38075454318325697,0.005331489515987216,2.273151440466598,0,0
12,0.8,0.22376237623762377,0.19556899208121015,0.0016071324451587736,2.793948331182268,0,0
13,2.4,1.003960396039604,0.4405039400548008,0.0007643285848581371,3.1167198980834625,0,0
14,3.4,1.805940594059406,0.5108373599807695,0.0009027729465248855,3.0444214639396465,0,0
15,3.4,1.805940594059406,0.5108373599807695,0.0009027729465248855,3.0444214639396465,0,0
16,2.6,1.582178217821782,0.48018066723776276,0.017017185986218965,1.7691122545744338,0,0
17,2.6,1.6019801980198018,0.4894895700746258,0.02073005365444484,1.683399573844433,0,0
18,1.0,0.8217821782178217,0.3868133226933596,0.3224949403987435,0.49147709459194855,0,0
19,0.0,0.019801980198019802,0.059735061897023205,1.0,-0.0,0,0
20,0.0,0.019801980198019802,0.059735061897023205,1.0,-0.0,0,0
21,0.0,0.019801980198019802,0.059735061897023205,1.0,-0.0,0,0
22,0.0,0.0,0.0,1.0,-0.0,0,0
23,0.0,0.0,0.0,1.0,-0.0,0,0
24,0.0,0.019801980198019802,0.059735061897023205,1.0,-0.0,0,0
25,0.0,0.05544554455445545,0.09384550979067553,1.0,-0.0,0,0
26,0.2,0.4277227722772278,0.2549000238420756,1.0,-0.0,0,0
27,0.2,0.48514851485148525,0.2776799705815145,1.0,-0.0,0,0
28,0.2,0.48514851485148525,0.2776799705815145,1.0,-0.0,0,0
29,0.2,0.5405940594059405,0.2945640234738543,1.0,-0.0,0,0
30,0.2,0.502970297029703,0.27948164379211643,1.0,-0.0,0,0
31,0.0,0.19207920792079206,0.16867754011126218,1.0,-0.0,0,0
32,0.0,0.13465346534653463,0.14653465346534653,1.0,-0.0,0,0
33,0.0,0.13465346534653463,0.14653465346534653,1.0,-0.0,0,0
34,0.0,0.0594059405940594,0.09968089464279778,1.0,-0.0,0,0
35,0.0,0.0594059405940594,0.09968089464279778,1.0,-0.0,0,0
36,0.0,0.0,0.0,1.0,-0.0,0,0
37,0.0,0.0,0.0,1.0,-0.0,0,0
38,0.0,0.0,0.0,1.0,-0.0,0,0
39,0.0,0.009900990099009901,0.04338396495090424,1.0,-0.0,0,0
40,0.0,0.05544554455445544,0.10575073206193022,1.0,-0.0,0,0
41,0.0,0.35445544554455444,0.26830039042097764,1.0,-0.0,0,0
42,0.0,0.35445544554455444,0.26830039042097764,1.0,-0.0,0,0
43,0.0,0.35445544554455444,0.26830039042097764,1.0,-0.0,0,0
44,0.0,0.3445544554455445,0.2656862019859021,1.0,-0.0,0,0
45,0.0,0.29702970297029707,0.24472876298989713,1.0,-0.0,0,0
46,0.0,0.0,0.0,1.0,-0.0,0,0
47,0.0,0.0,0.0,1.0,-0.0,0,0
48,0.0,0.0,0.0,1.0,-0.0,0,0
49,0.0,0.0,0.0,1.0,-0.0,0,0
50,0.0,0.0,0.0,1.0,-0.0,0,0
51,0.0,0.0,0.0,1.0,-0.0,0,0
52,0.0,0.027722772277227727,0.07461957893630407,1.0,-0.0,0,0
53,0.0,0.03564356435643565,0.08626938974571076,1.0,-0.0,0,0
54,0.0,0.03564356435643565,0.08626938974571076,1.0,-0.0,0,0
55,0.0,0.06732673267326733,0.12032045569079852,1.0,-0.0,0,0
56,0.0,0.06732673267326733,0.12032045569079852,1.0,-0.0,0,0
57,0.0,0.07524752475247526,0.12851469892742934,1.0,-0.0,0,0
58,0.0,0.06732673267326734,0.12673267326732676,1.0,-0.0,0,0
59,0.0,0.06732673267326734,0.12673267326732676,1.0,-0.0,0,0
60,0.0,0.03564356435643565,0.08154954567118416,1.0,-0.0,0,0
61,0.0,0.03564356435643565,0.08154954567118416,1.0,-0.0,0,0
62,0.0,0.015841584158415842,0.054012600780142014,1.0,-0.0,0,0
63,0.0,0.30495049504950494,0.2397920871797323,1.0,-0.0,0,0
64,0.0,0.30495049504950494,0.2397920871797323,1.0,-0.0,0,0
65,1.2,0.7603960396039602,0.3424082468473383,0.09959562154437614,1.001759753754154,0,0
66,1.8,1.0376237623762377,0.3906966322420126,0.025509178442588227,1.5933035282030683,0,0
67,1.8,1.0217821782178218,0.39391509373026407,0.024100169804729652,1.6179798974667379,0,0
68,1.8,0.7316831683168318,0.3809656030494006,0.0025218115152956643,2.5982873764964984,0,0
69,1.8,0.7683168316831682,0.3917290165279587,0.004223433808332953,2.3743343078980548,0,0
70,0.6,0.3445544554455446,0.23900588149884527,0.14258361607306236,0.8459303753106224,0,0
71,0.0,0.06534653465346535,0.0938037170877387,1.0,-0.0,0,0
72,0.0,0.06534653465346535,0.0938037170877387,1.0,-0.0,0,0
73,0.0,0.06534653465346535,0.0938037170877387,1.0,-0.0,0,0
74,0.0,0.0297029702970297,0.07112192077650681,1.0,-0.0,0,0
75,0.0,0.0,0.0,1.0,-0.0,0,0
76,0.0,0.0,0.0,1.0,-0.0,0,0
77,0.0,0.0,0.0,1.0,-0.0,0,0
78,0.0,0.0,0.0,1.0,-0.0,0,0
79,0.0,0.0,0.0,1.0,-0.0,0,0
80,0.0,0.0,0.0,1.0,-0.0,0,0
81,0.0,0.0,0.0,1.0,-0.0,0,0
82,0.0,0.03564356435643565,0.07653920035678292,1.0,-0.0,0,0
83,0.2,0.37425742574257426,0.24318573163041607,1.0,-0.0,0,0
84,0.2,0.37425742574257426,0.24318573163041607,1.0,-0.0,0,0
85,0.2,0.37425742574257426,0.24318573163041607,1.0,-0.0,0,0
86,0.2,0.37425742574257426,0.24318573163041607,1.0,-0.0,0,0
87,0.2,0.3386138613861386,0.23164085252894673,1.0,-0.0,0,0
88,0.0,0.0,0.0,1.0,-0.0,0,0
89,0.0,0.0,0.0,1.0,-0.0,0,0
90,0.0,0.0,0.0,1.0,-0.0,0,0
91,0.0,0.0,0.0,1.0,-0.0,0,0
92,0.0,0.031683168316831684,0.07826167463512675,1.0,-0.0,0,0
93,0.0,0.031683168316831684,0.07826167463512675,1.0,-0.0,0,0
94,0.0,0.508910891089109,0.332437445884092,1.0,-0.0,0,0
95,0.0,0.508910891089109,0.332437445884092,1.0,-0.0,0,0
96,0.0,0.508910891089109,0.332437445884092,1.0,-0.0,0,0
97,0.0,0.4772277227722773,0.3353382179525124,1.0,-0.0,0,0
98,0.0,0.4772277227722773,0.3353382179525124,1.0,-0.0,0,0
99,0.0,0.06336633663366337,0.1158034971660471,1.0,-0.0,0,0
100,0.0,0.06336633663366337,0.1158034971660471,1.0,-0.0,0,0
101,0.0,0.06336633663366337,0.1158034971660471,1.0,-0.0,0,0
102,0.0,0.06336633663366337,0.1158034971660471,1.0,-0.0,0,0
103,0.0,0.09900990099009901,0.14521752172118105,1.0,-0.0,0,0
104,0.0,0.03564356435643565,0.08154954567118416,1.0,-0.0,0,0
105,0.0,0.03564356435643565,0.08154954567118416,1.0,-0.0,0,0
106,0.0,0.03564356435643565,0.08154954567118416,1.0,-0.0,0,0
107,0.0,0.03564356435643565,0.08154954567118416,1.0,-0.0,0,0
108,0.0,0.0,0.0,1.0,-0.0,0,0
109,0.0,0.0,0.0,1.0,-0.0,0,0
110,0.0,0.0,0.0,1.0,-0.0,0,0
111,0.0,0.0,0.0,1.0,-0.0,0,0
112,0.0,0.0,0.0,1.0,-0.0,0,0
113,0.0,0.0,0.0,1.0,-0.0,0,0
114,0.0,0.0,0.0,1.0,-0.0,0,0
115,0.0,0.0,0.0,1.0,-0.0,0,0
116,0.0,0.0,0.0,1.0,-0.0,0,0
117,0.0,0.0,0.0,1.0,-0.0,0,0
118,0.0,0.0,0.0,1.0,-0.0,0,0
119,0.4,0.6712871287128711,0.3360624157207595,1.0,-0.0,0,0
120,0.4,0.7425742574257426,0.32498180745836225,1.0,-0.0,0,0
121,0.4,0.7425742574257426,0.32498180745836225,1.0,-0.0,0,0
122,0.4,0.8673267326732673,0.35407358157105184,1.0,-0.0,0,0
123,0.4,0.8673267326732673,0.35407358157105184,1.0,-0.0,0,0
124,0.0,0.19603960396039605,0.16162589249435141,1.0,-0.0,0,0
125,0.0,0.1425742574257426,0.14714883329235087,1.0,-0.0,0,0
126,0.0,0.1900990099009901,0.19371559764587087,1.0,-0.0,0,0
127,0.0,0.06336633663366337,0.1158034971660471,1.0,-0.0,0,0
128,0.0,0.06336633663366337,0.1158034971660471,1.0,-0.0,0,0
129,0.0,0.10495049504950495,0.12771893462651168,1.0,-0.0,0,0
130,0.0,0.13960396039603962,0.17007814623254636,1.0,-0.0,0,0
131,0.0,0.12871287128712872,0.1678852942116962,1.0,-0.0,0,0
132,0.0,0.12871287128712872,0.1678852942116962,1.0,-0.0,0,0
133,0.0,0.12871287128712872,0.1678852942116962,1.0,-0.0,0,0
134,0.0,0.08712871287128714,0.13324834725751067,1.0,-0.0,0,0
135,0.0,0.06930693069306931,0.12084076279122662,1.0,-0.0,0,0
136,0.0,0.031683168316831684,0.08316831683168317,1.0,-0.0,0,0
137,0.0,0.031683168316831684,0.08316831683168317,1.0,-0.0,0,0
138,0.0,0.031683168316831684,0.08316831683168317,1.0,-0.0,0,0
139,0.0,0.031683168316831684,0.08316831683168317,1.0,-0.0,0,0
140,0.0,0.0,0.0,1.0,-0.0,0,0
141,0.0,0.0,0.0,1.0,-0.0,0,0
142,0.0,0.0,0.0,1.0,-0.0,0,0
143,0.0,0.0,0.0,1.0,-0.0,0,0
144,0.0,0.0,0.0,1.0,-0.0,0,0
145,0.0,0.0,0.0,1.0,-0.0,0,0
146,0.0,0.0,0.0,1.0,-0.0,0,0
147,0.0,0.021782178217821784,0.06230547612891991,1.0,-0.0,0,0
148,0.0,0.021782178217821784,0.06230547612891991,1.0,-0.0,0,0
149,0.0,0.047524752475247525,0.08965727859542,1.0,-0.0,0,0
150,0.0,0.07524752475247524,0.13156027914354926,1.0,-0.0,0,0
151,0.2,0.10693069306930694,0.14229896414433021,0.2565428085145366,0.5908401551120015,0,0
152,0.4,0.1188118811881188,0.1467218499235066,0.027652607908948273,1.5582639042487492,0,0
153,0.4,0.1188118811881188,0.1467218499235066,0.027652607908948273,1.5582639042487492,0,0
154,0.8,0.2653465346534654,0.22534270647011967,0.008831121861723294,2.0539841223105766,0,0
155,1.4,0.7128712871287131,0.3485936004640388,0.02435361683101941,1.6134365312416263,0,0
156,1.2,0.6811881188118813,0.32963011712563994,0.05775281591590939,1.238426835558304,0,0
157,1.0,0.6475247524752474,0.30977285175486996,0.1275914209510211,0.894178525919624,0,0
158,1.0,0.6475247524752474,0.30977285175486996,0.1275914209510211,0.894178525919624,0,0
159,1.4,0.9168316831683168,0.35850882224826797,0.08887476384441957,1.0512215402560081,0,0
160,0.8,0.44158415841584153,0.24906451775889302,0.07506843591185815,1.124542632780553,0,0
161,0.8,0.44158415841584153,0.24906451775889302,0.07506843591185815,1.124542632780553,0,0
162,1.0,0.5841584158415841,0.29205067825087716,0.07724235867082549,1.1121444730842005,0,0
163,1.0,0.5841584158415841,0.29205067825087716,0.07724235867082549,1.1121444730842005,0,0
164,0.2,0.14257425742574256,0.16491614109827338,0.36384057185536844,0.43908887440266103,0,0
165,0.2,0.14257425742574256,0.16491614109827338,0.36384057185536844,0.43908887440266103,0,0
166,0.2,0.14257425742574256,0.16491614109827338,0.36384057185536844,0.43908887440266103,0,0
167,2.2,0.7504950495049505,0.3994113892921491,0.00014220404339236752,3.8470880548156194,0,0
168,2.2,0.7504950495049505,0.3994113892921491,0.00014220404339236752,3.8470880548156194,0,0
169,2.2,0.7504950495049505,0.3994113892921491,0.00014220404339236752,3.8470880548156194,0,0
170,2.2,0.7504950495049505,0.3994113892921491,0.00014220404339236752,3.8470880548156194,0,0
171,2.2,1.2514851485148515,0.46641966005345864,0.020995556541080245,1.677872608784241,0,0
172,0.0,0.5663366336633663,0.2534034577908339,1.0,-0.0,0,0
173,0.0,0.5663366336633663,0.2534034577908339,1.0,-0.0,0,0
174,0.0,0.5663366336633663,0.2534034577908339,1.0,-0.0,0,0
175,0.0,0.5663366336633663,0.2534034577908339,1.0,-0.0,0,0
176,0.0,0.06336633663366338,0.10504385908811757,1.0,-0.0,0,0
177,0.0,0.0,0.0,1.0,-0.0,0,0
178,0.0,0.0,0.0,1.0,-0.0,0,0
179,0.0,0.0,0.0,1.0,-0.0,0,0
180,0.0,0.0,0.0,1.0,-0.0,0,0
181,0.0,0.27722772277227725,0.21975737661790232,1.0,-0.0,0,0
182,0.0,0.27722772277227725,0.21975737661790232,1.0,-0.0,0,0
183,0.0,0.27722772277227725,0.21975737661790232,1.0,-0.0,0,0
184,0.0,0.32277227722772284,0.23875966130213716,1.0,-0.0,0,0
185,0.0,0.3346534653465347,0.23898947471101073,1.0,-0.0,0,0
186,0.0,0.1762376237623762,0.1808388127814792,1.0,-0.0,0,0
187,0.0,0.1762376237623762,0.1808388127814792,1.0,-0.0,0,0
188,0.0,0.32673267326732675,0.2264189969940339,1.0,-0.0,0,0
189,0.0,0.407920792079208,0.2593530291438781,1.0,-0.0,0,0
190,0.0,0.6178217821782178,0.3307345678592153,1.0,-0.0,0,0
191,0.0,0.6653465346534653,0.37242466008373615,1.0,-0.0,0,0
192,0.0,0.6653465346534653,0.37242466008373615,1.0,-0.0,0,0
193,0.0,0.5148514851485149,0.3035715253653508,1.0,-0.0,0,0
194,0.0,0.4673267326732674,0.2914996767795668,1.0,-0.0,0,0
