,foreground,bg_means,bg_stdev,pvals,minus_logs,regs,active
2,0.0,0.22772277227722768,0.21066552339846717,1.0,-0.0,0,0
3,0.0,0.2851485148514852,0.2168113377135999,1.0,-0.0,0,0
4,0.0,0.24554455445544554,0.1906345591534058,1.0,-0.0,0,0
5,0.0,0.22574257425742572,0.17724708119287325,1.0,-0.0,0,0
6,0.0,0.17821782178217818,0.1732644978552662,1.0,-0.0,0,0
7,0.0,0.057425742574257435,0.09048443294095733,1.0,-0.0,0,0
8,0.0,0.0,0.0,1.0,-0.0,0,0
9,0.0,0.03762376237623763,0.07816140339006158,1.0,-0.0,0,0
10,0.0,0.03762376237623763,0.07816140339006158,1.0,-0.0,0,0
11,0.0,0.05544554455445545,0.09384550979067553,1.0,-0.0,0,0
12,0.0,0.05544554455445545,0.09384550979067553,1.0,-0.0,0,0
13,0.0,0.11980198019801977,0.13202145188739237,1.0,-0.0,0,0
14,0.0,0.08118811881188118,0.11320083903331847,1.0,-0.0,0,0
15,0.0,0.08118811881188118,0.11320083903331847,1.0,-0.0,0,0
16,0.2,0.12079207920792075,0.09781456661567106,0.2090343694436938,0.6797823012929157,0,0
17,0.2,0.12079207920792075,0.09781456661567106,0.2090343694436938,0.6797823012929157,0,0
18,0.2,0.05544554455445545,0.08952597667688965,0.05319163734110222,1.2741566410525869,0,0
19,0.4,0.2594059405940594,0.224348658031977,0.26543561523036374,0.5760408054343389,0,0
20,0.4,0.2792079207920792,0.22529049747846167,0.29592348774639887,0.5288205630792224,0,0
21,0.2,0.22376237623762374,0.1975836781507552,1.0,-0.0,0,0
22,0.2,0.3544554455445545,0.2483708312122797,1.0,-0.0,0,0
23,0.2,0.3544554455445545,0.2483708312122797,1.0,-0.0,0,0
24,0.0,0.15049504950495052,0.1602125830191587,1.0,-0.0,0,0
25,0.0,0.1306930693069307,0.1447035715361989,1.0,-0.0,0,0
26,0.0,0.1306930693069307,0.1447035715361989,1.0,-0.0,0,0
27,0.0,0.0,0.0,1.0,-0.0,0,0
28,0.0,0.0,0.0,1.0,-0.0,0,0
29,0.0,0.011881188118811881,0.047276579747775535,1.0,-0.0,0,0
30,0.0,0.011881188118811881,0.047276579747775535,1.0,-0.0,0,0
31,1.6,0.3564356435643564,0.24952066585742427,3.1171655207916283e-07,6.506240136171066,0,0
32,1.6,0.3564356435643564,0.24952066585742427,3.1171655207916283e-07,6.506240136171066,0,0
33,1.6,0.40396039603960393,0.26696712152637964,3.730390524596913e-06,5.42824570068473,0,0
34,1.6,0.3920792079207921,0.25782147800015515,1.3990796799497795e-06,5.854157550999885,0,0
35,1.6,0.5425742574257426,0.2888510989370161,0.00012571509683423113,3.900612565765838,0,0
36,0.0,0.19801980198019803,0.16043270574676513,1.0,-0.0,0,0
37,0.0,0.19801980198019803,0.16043270574676513,1.0,-0.0,0,0
38,0.0,0.1504950495049505,0.14462225454661556,1.0,-0.0,0,0
39,0.2,0.19801980198019806,0.18346510608951241,0.49569417099276025,0.30478618805584057,0,0
40,0.2,0.04752475247524753,0.08512548617902843,0.03663203844700429,1.4361389136681444,0,0
41,0.4,0.23762376237623756,0.19843520784522387,0.20659768975058967,0.6848745392257908,0,0
42,0.4,0.23762376237623756,0.19843520784522387,0.20659768975058967,0.6848745392257908,0,0
43,0.4,0.23762376237623756,0.19843520784522387,0.20659768975058967,0.6848745392257908,0,0
44,0.2,0.19009900990099005,0.17434741150934766,0.4773566954975,0.321156981557809,0,0
45,0.2,0.19009900990099005,0.17434741150934766,0.4773566954975,0.321156981557809,0,0
46,0.2,0.06336633663366338,0.10504385908811757,0.09667550266855758,1.014683561115634,0,0
47,0.2,0.06336633663366338,0.10504385908811757,0.09667550266855758,1.014683561115634,0,0
48,0.2,0.06336633663366338,0.10504385908811757,0.09667550266855758,1.014683561115634,0,0
49,0.2,0.06336633663366338,0.10504385908811757,0.09667550266855758,1.014683561115634,0,0
50,0.2,0.06336633663366338,0.10504385908811757,0.09667550266855758,1.014683561115634,0,0
51,0.0,0.0,0.0,1.0,-0.0,0,0
52,0.0,0.019801980198019806,0.059735061897023184,1.0,-0.0,0,0
53,0.0,0.07524752475247524,0.10845991237726064,1.0,-0.0,0,0
54,0.0,0.07524752475247524,0.10845991237726064,1.0,-0.0,0,0
55,0.0,0.1069306930693069,0.12762679639066946,1.0,-0.0,0,0
56,0.0,0.13069306930693064,0.13624568246946198,1.0,-0.0,0,0
57,0.2,0.2158415841584158,0.18387074305594645,1.0,-0.0,0,0
58,0.2,0.1603960396039604,0.15925520208224236,0.4018032452859214,0.3959865598623439,0,0
59,0.2,0.1603960396039604,0.15925520208224236,0.4018032452859214,0.3959865598623439,0,0
60,0.2,0.22970297029702966,0.1601636257733956,1.0,-0.0,0,0
61,0.2,0.295049504950495,0.17025097235805686,1.0,-0.0,0,0
62,0.0,0.1900990099009901,0.14177443421519798,1.0,-0.0,0,0
63,0.0,0.1900990099009901,0.14177443421519798,1.0,-0.0,0,0
64,0.0,0.1900990099009901,0.14177443421519798,1.0,-0.0,0,0
65,0.0,0.08712871287128712,0.12077584698595573,1.0,-0.0,0,0
66,0.0,0.06534653465346535,0.0938037170877387,1.0,-0.0,0,0
67,0.0,0.06534653465346535,0.0938037170877387,1.0,-0.0,0,0
68,0.0,0.15643564356435644,0.15821769786485684,1.0,-0.0,0,0
69,0.2,0.29900990099009894,0.1921710508199857,1.0,-0.0,0,0
70,0.2,0.29900990099009894,0.1921710508199857,1.0,-0.0,0,0
71,0.2,0.33267326732673264,0.19756383146513928,1.0,-0.0,0,0
72,0.2,0.33267326732673264,0.19756383146513928,1.0,-0.0,0,0
73,0.4,0.30297029702970296,0.1942007971476509,0.3086657139748056,0.5105116084787327,0,0
74,0.2,0.16237623762376233,0.14546033799767885,0.39795146773333384,0.4001698891845997,0,0
75,1.0,0.4930693069306931,0.24302443577687444,0.018492718559961926,1.732999239797907,0,0
76,1.0,0.3940594059405941,0.20576915941409613,0.001616031285223927,2.791550235845716,0,0
77,1.0,0.3940594059405941,0.20576915941409613,0.001616031285223927,2.791550235845716,0,0
78,0.8,0.39603960396039595,0.21057243624647037,0.027530686733967608,1.5601829552956314,0,0
79,0.8,0.39603960396039595,0.21057243624647037,0.027530686733967608,1.5601829552956314,0,0
80,0.0,0.06336633663366338,0.09304823860966917,1.0,-0.0,0,0
81,0.0,0.06336633663366338,0.09304823860966917,1.0,-0.0,0,0
82,0.0,0.09999999999999998,0.09950371902099893,1.0,-0.0,0,0
83,0.2,0.09900990099009901,0.1396566153069739,0.234799546255409,0.629302746687466,0,0
84,0.2,0.09900990099009901,0.1396566153069739,0.234799546255409,0.629302746687466,0,0
85,0.2,0.09900990099009901,0.1396566153069739,0.234799546255409,0.629302746687466,0,0
86,0.4,0.2871287128712871,0.2187558729448155,0.3029379695149365,0.5186462898319876,0,0
87,0.4,0.2514851485148515,0.20227119398977023,0.2314023690696858,0.6356321991067194,0,0
88,0.4,0.33663366336633666,0.1733323781704483,0.3573403575499645,0.446917932380057,0,0
89,0.4,0.5188118811881188,0.25043046950572356,1.0,-0.0,0,0
90,0.4,0.796039603960396,0.28836198101499555,1.0,-0.0,0,0
91,0.2,0.6079207920792079,0.28412909083858123,1.0,-0.0,0,0
92,0.2,0.8297029702970296,0.3381793286231567,1.0,-0.0,0,0
93,0.0,0.8811881188118811,0.3260057921149573,1.0,-0.0,0,0
94,0.0,0.699009900990099,0.309101236101372,1.0,-0.0,0,0
95,0.0,0.45940594059405937,0.25877786560501187,1.0,-0.0,0,0
96,0.0,0.45940594059405937,0.25877786560501187,1.0,-0.0,0,0
97,0.0,0.23762376237623759,0.20238747522615821,1.0,-0.0,0,0
98,0.2,0.394059405940594,0.25244224206706195,1.0,-0.0,0,0
99,0.2,0.394059405940594,0.25244224206706195,1.0,-0.0,0,0
100,0.4,0.6534653465346534,0.28961030711501995,1.0,-0.0,0,0
101,0.4,0.6534653465346534,0.28961030711501995,1.0,-0.0,0,0
102,0.4,0.6534653465346534,0.28961030711501995,1.0,-0.0,0,0
103,0.2,0.297029702970297,0.2297029702970297,1.0,-0.0,0,0
104,0.2,0.297029702970297,0.2297029702970297,1.0,-0.0,0,0
105,0.0,0.0,0.0,1.0,-0.0,0,0
106,0.0,0.0,0.0,1.0,-0.0,0,0
107,0.0,0.0,0.0,1.0,-0.0,0,0
108,0.0,0.0,0.0,1.0,-0.0,0,0
109,0.0,0.10693069306930694,0.12762679639066948,1.0,-0.0,0,0
110,0.0,0.10693069306930694,0.12762679639066948,1.0,-0.0,0,0
111,0.0,0.1603960396039604,0.15420136502124185,1.0,-0.0,0,0
112,0.0,0.3207920792079208,0.22174681471951557,1.0,-0.0,0,0
113,0.0,0.3207920792079208,0.22174681471951557,1.0,-0.0,0,0
114,0.0,0.21188118811881188,0.19051110448801098,1.0,-0.0,0,0
115,0.0,0.21188118811881188,0.19051110448801098,1.0,-0.0,0,0
116,0.0,0.20396039603960398,0.20094863738570082,1.0,-0.0,0,0
117,0.2,0.25346534653465347,0.17775517507089314,1.0,-0.0,0,0
118,0.4,0.2772277227722772,0.18448815364518203,0.2528733240794267,0.597096982502776,0,0
119,0.4,0.2772277227722772,0.18448815364518203,0.2528733240794267,0.597096982502776,0,0
120,0.6,0.31584158415841584,0.20906802780663472,0.08704679870276728,1.0602471961869515,0,0
