,foreground,bg_means,bg_stdev,pvals,minus_logs,regs,active
2,0.2,0.13366336633663364,0.16184409300358452,0.340947041182155,0.4673130741116746,0,0
3,0.2,0.299009900990099,0.251134080989904,1.0,-0.0,0,0
4,0.2,0.299009900990099,0.251134080989904,1.0,-0.0,0,0
5,0.4,0.42970297029702975,0.2983600570695475,1.0,-0.0,0,0
6,0.6,0.5485148514851487,0.3154797890581675,0.4351819219247675,0.3613291541448715,0,0
7,2.2,0.9356435643564355,0.3764303831383322,0.00039140073352499733,3.407378364764987,0,0
8,3.6,1.0514851485148513,0.4464632991660184,5.7078805533968185e-09,8.243525123774528,0,0
9,6.6,1.7544554455445547,0.5017838974081062,1.0000230372237578e-17,16.999989995176083,0,0
10,6.6,1.6534653465346534,0.4994183461214673,1.0000019879596807e-17,16.999999136640938,0,0
11,7.4,1.7861386138613864,0.5028689380991923,1.0000000000030703e-17,16.999999999998668,0,0
12,8.0,1.6356435643564355,0.49343896437907436,1e-17,17.0,0,0
13,10.2,2.174257425742574,0.6265817158226644,1e-17,17.0,0,0
14,7.8,1.6455445544554457,0.5620902912696971,1.0000000000335077e-17,16.999999999985448,0,0
15,7.6,1.6198019801980201,0.567436445079094,1.0000000028559274e-17,16.999999998759687,0,0
16,6.8,1.384158415841584,0.5569955957781914,1.000011992598911e-17,16.9999947917117,0,0
17,4.4,1.0574257425742575,0.46188304521397155,2.296376498901498e-13,12.638956906347888,0,0
18,1.2,0.30297029702970296,0.2331257449942406,5.958281781811778e-05,4.224878961780228,0,0
19,0.6,0.1386138613861386,0.15088537189345533,0.001114623530733916,2.952871792824745,0,0
20,0.6,0.12079207920792079,0.1517663861889879,0.0007955412785991235,3.099337281004556,0,0
21,0.4,0.10693069306930694,0.14776046024695158,0.02366092655151798,1.6259682525934425,0,0
22,0.4,0.08514851485148514,0.13598641357140118,0.010297829212359208,1.9872543151447362,0,0
23,0.0,0.019801980198019802,0.06603299802191315,1.0,-0.0,0,0
24,0.0,1.0574257425742573,0.4877400976972021,1.0,-0.0,0,0
25,0.0,1.106930693069307,0.4983651342918538,1.0,-0.0,0,0
26,0.0,1.106930693069307,0.4983651342918538,1.0,-0.0,0,0
27,0.0,1.106930693069307,0.4983651342918538,1.0,-0.0,0,0
28,0.0,1.106930693069307,0.4983651342918538,1.0,-0.0,0,0
29,0.0,0.061386138613861385,0.12184253515180327,1.0,-0.0,0,0
30,0.0,0.0,0.0,1.0,-0.0,0,0
31,0.0,0.009900990099009901,0.04338396495090424,1.0,-0.0,0,0
32,0.0,0.009900990099009901,0.04338396495090424,1.0,-0.0,0,0
33,0.0,0.009900990099009901,0.04338396495090424,1.0,-0.0,0,0
34,0.0,0.0594059405940594,0.10733330877518932,1.0,-0.0,0,0
35,0.0,0.3148514851485148,0.2553918126004412,1.0,-0.0,0,0
36,0.0,0.504950495049505,0.324075604680852,1.0,-0.0,0,0
37,0.0,0.5801980198019803,0.34412172667292606,1.0,-0.0,0,0
38,0.0,0.5920792079207922,0.3468909059874565,1.0,-0.0,0,0
39,0.2,0.6059405940594059,0.3359106971665747,1.0,-0.0,0,0
40,0.2,0.35049504950495053,0.2378216997386524,1.0,-0.0,0,0
41,0.2,0.36831683168316837,0.2907588886016262,1.0,-0.0,0,0
42,0.2,0.45544554455445546,0.29128436907645394,1.0,-0.0,0,0
43,0.2,0.46336633663366333,0.28966446012729485,1.0,-0.0,0,0
44,0.0,0.41980198019801995,0.2602435272229174,1.0,-0.0,0,0
45,0.0,0.4277227722772278,0.2655533404236073,1.0,-0.0,0,0
46,0.0,0.607920792079208,0.3305210912270309,1.0,-0.0,0,0
47,0.0,0.44554455445544555,0.2868486172234744,1.0,-0.0,0,0
48,0.0,0.42574257425742573,0.2892987305782127,1.0,-0.0,0,0
49,0.0,0.405940594059406,0.2890139542960944,1.0,-0.0,0,0
50,0.0,0.47524752475247534,0.3231668608004474,1.0,-0.0,0,0
51,0.0,0.3643564356435644,0.2690592920837381,1.0,-0.0,0,0
52,0.0,0.3900990099009902,0.2600475777089397,1.0,-0.0,0,0
53,0.0,0.6871287128712871,0.33111374203688676,1.0,-0.0,0,0
54,0.2,0.9683168316831683,0.37940304676545794,1.0,-0.0,0,0
55,0.6,1.115841584158416,0.41380453444374354,1.0,-0.0,0,0
56,0.6,0.8297029702970297,0.38833091799696484,1.0,-0.0,0,0
57,0.6,0.803960396039604,0.37440931487503043,1.0,-0.0,0,0
58,0.6,0.6554455445544554,0.3572378212003743,1.0,-0.0,0,0
59,0.4,0.37623762376237624,0.25838359496842855,0.46336272561089664,0.33407890518695027,0,0
60,0.0,0.49504950495049505,0.31034195053542335,1.0,-0.0,0,0
61,0.0,0.49504950495049505,0.31034195053542335,1.0,-0.0,0,0
62,0.0,0.49504950495049505,0.31034195053542335,1.0,-0.0,0,0
63,0.0,0.4138613861386139,0.2887424776681807,1.0,-0.0,0,0
64,0.0,0.4574257425742574,0.3022511363689635,1.0,-0.0,0,0
65,0.0,0.11089108910891086,0.12420120222231065,1.0,-0.0,0,0
66,0.0,0.1386138613861386,0.14823736453237937,1.0,-0.0,0,0
67,0.0,0.1386138613861386,0.14823736453237937,1.0,-0.0,0,0
68,0.0,0.06930693069306931,0.10693069306930694,1.0,-0.0,0,0
69,0.0,0.025742574257425748,0.0669763743575753,1.0,-0.0,0,0
70,0.0,0.033663366336633666,0.07482947971362847,1.0,-0.0,0,0
71,0.0,0.18415841584158413,0.18170407519927861,1.0,-0.0,0,0
72,0.0,0.4138613861386139,0.26885518313595647,1.0,-0.0,0,0
73,0.0,0.4693069306930694,0.2997499202742859,1.0,-0.0,0,0
74,0.0,0.5425742574257427,0.32130505373420704,1.0,-0.0,0,0
75,0.0,0.5346534653465347,0.31730163166660263,1.0,-0.0,0,0
76,0.0,0.3574257425742575,0.2645176947246977,1.0,-0.0,0,0
77,0.0,0.1287128712871287,0.14781352559621008,1.0,-0.0,0,0
78,0.0,0.09900990099009901,0.13965661530697393,1.0,-0.0,0,0
79,0.0,0.02772277227722772,0.07461957893630407,1.0,-0.0,0,0
80,0.0,0.06336633663366337,0.10504385908811757,1.0,-0.0,0,0
81,0.0,0.06336633663366337,0.10504385908811757,1.0,-0.0,0,0
82,0.0,0.08118811881188118,0.11664694237642095,1.0,-0.0,0,0
83,0.0,0.05346534653465347,0.09704990696905225,1.0,-0.0,0,0
84,0.0,0.08118811881188118,0.12325042629382527,1.0,-0.0,0,0
85,0.0,0.06732673267326733,0.10634234916512914,1.0,-0.0,0,0
86,0.0,0.06732673267326733,0.10634234916512914,1.0,-0.0,0,0
87,0.0,0.05544554455445545,0.09384550979067553,1.0,-0.0,0,0
88,0.0,0.11881188118811879,0.14939672169394075,1.0,-0.0,0,0
89,0.0,0.09108910891089106,0.13357165904190144,1.0,-0.0,0,0
90,0.0,0.13069306930693067,0.1474150698648297,1.0,-0.0,0,0
91,0.0,0.15643564356435644,0.15821769786485684,1.0,-0.0,0,0
92,0.0,0.2396039603960396,0.18883656715060815,1.0,-0.0,0,0
93,0.0,0.1762376237623762,0.17185563527720504,1.0,-0.0,0,0
94,0.0,0.32871287128712884,0.2208608870273059,1.0,-0.0,0,0
95,0.0,0.30891089108910896,0.1898926272433561,1.0,-0.0,0,0
96,0.0,0.3346534653465347,0.18478547560060524,1.0,-0.0,0,0
97,0.0,0.7524752475247525,0.36058095571582643,1.0,-0.0,0,0
98,0.0,0.7940594059405941,0.3706621803158218,1.0,-0.0,0,0
99,0.0,0.691089108910891,0.368593529622271,1.0,-0.0,0,0
100,0.0,0.6495049504950494,0.34744435051985784,1.0,-0.0,0,0
101,0.0,0.6,0.3481208393817888,1.0,-0.0,0,0
102,0.0,0.15841584158415842,0.16244866773856384,1.0,-0.0,0,0
103,0.0,0.19207920792079206,0.1886288032334235,1.0,-0.0,0,0
104,0.0,0.1425742574257426,0.1575471230171571,1.0,-0.0,0,0
105,0.0,0.1425742574257426,0.1575471230171571,1.0,-0.0,0,0
106,0.0,0.22376237623762377,0.20544494810840294,1.0,-0.0,0,0
107,0.0,0.1584158415841584,0.17192407185067915,1.0,-0.0,0,0
108,0.0,0.42970297029702975,0.2819818667210609,1.0,-0.0,0,0
109,0.0,0.4772277227722772,0.28834838256265183,1.0,-0.0,0,0
110,0.0,0.594059405940594,0.29578617583901534,1.0,-0.0,0,0
111,0.0,0.5386138613861386,0.2680957037002187,1.0,-0.0,0,0
112,0.0,0.7524752475247524,0.3367268362613857,1.0,-0.0,0,0
113,0.0,0.4158415841584158,0.263537501142402,1.0,-0.0,0,0
114,0.2,0.5009900990099011,0.3253315291550551,1.0,-0.0,0,0
115,0.2,0.3861386138613862,0.2873676029096513,1.0,-0.0,0,0
116,0.2,0.36039603960396044,0.2772135781398656,1.0,-0.0,0,0
117,0.2,0.3999999999999999,0.2579431206009312,1.0,-0.0,0,0
118,0.2,0.46534653465346537,0.2829951696625718,1.0,-0.0,0,0
119,0.0,0.3326732673267327,0.24255607125200096,1.0,-0.0,0,0
120,0.0,0.3326732673267327,0.24255607125200096,1.0,-0.0,0,0
121,0.0,0.3326732673267327,0.24255607125200096,1.0,-0.0,0,0
122,0.0,0.11287128712871286,0.11745095149573798,1.0,-0.0,0,0
123,0.0,0.033663366336633666,0.07482947971362845,1.0,-0.0,0,0
124,0.0,0.033663366336633666,0.07482947971362845,1.0,-0.0,0,0
125,0.0,0.07326732673267328,0.10798889666879984,1.0,-0.0,0,0
126,0.0,0.48514851485148525,0.3188426281219237,1.0,-0.0,0,0
127,0.0,0.4514851485148515,0.3039716836037507,1.0,-0.0,0,0
128,0.0,0.4514851485148515,0.3039716836037507,1.0,-0.0,0,0
129,0.0,0.4732673267326733,0.31304669854050704,1.0,-0.0,0,0
130,0.0,0.48316831683168315,0.3345069689311473,1.0,-0.0,0,0
131,0.0,0.08514851485148513,0.1172170185104851,1.0,-0.0,0,0
132,0.0,0.24752475247524752,0.1848703369027138,1.0,-0.0,0,0
133,0.0,0.24752475247524752,0.1848703369027138,1.0,-0.0,0,0
134,0.0,0.4475247524752475,0.2535272201707599,1.0,-0.0,0,0
135,0.0,0.4514851485148515,0.27381205572187894,1.0,-0.0,0,0
136,0.0,0.5504950495049505,0.26462144168837715,1.0,-0.0,0,0
137,0.0,0.38811881188118824,0.22306910917447825,1.0,-0.0,0,0
138,0.0,0.4217821782178218,0.23697932415808698,1.0,-0.0,0,0
139,0.2,0.293069306930693,0.20012739791085365,1.0,-0.0,0,0
140,0.2,0.23960396039603957,0.19502688716427924,1.0,-0.0,0,0
141,0.2,0.14455445544554454,0.17826182075131722,0.377887264810719,0.422637744006846,0,0
142,0.8,0.7326732673267325,0.3607222981936063,0.4259697959388081,0.370621194141771,0,0
143,1.0,0.7584158415841583,0.36837005896666414,0.25597022971516026,0.5918105418063176,0,0
144,1.6,0.782178217821782,0.3745349696436005,0.014497081366742803,1.8387194235515414,0,0
145,1.6,0.8059405940594058,0.3791135523558148,0.018107019090148623,1.7421530405338883,0,0
146,1.6,0.8099009900990097,0.37903079905554254,0.01855623926376386,1.7315100363331417,0,0
147,1.0,0.22376237623762377,0.19758367815075523,4.271157508991905e-05,4.369454412646059,0,0
148,0.8,0.1643564356435643,0.15769638607575878,2.7792936154471855e-05,4.556065570231389,0,0
149,0.0,0.04554455445544555,0.09283729243351323,1.0,-0.0,0,0
150,0.0,0.07722772277227723,0.11930590361498669,1.0,-0.0,0,0
151,0.4,0.24950495049504953,0.23277225617074587,0.25896697118917833,0.586755622578906,0,0
152,0.4,0.2613861386138614,0.24003724835937693,0.28181163026933853,0.5500410876724764,0,0
153,0.4,0.2613861386138614,0.24003724835937693,0.28181163026933853,0.5500410876724764,0,0
154,0.6,0.2910891089108911,0.2461984267352835,0.10478962057124432,0.9796817321602326,0,0
155,0.6,0.2356435643564356,0.21872002014232197,0.04787087752057169,1.319928611397328,0,0
156,0.6,0.21386138613861383,0.20920864708209408,0.03246711991312862,1.4885562349746182,0,0
157,0.6,0.22772277227722768,0.23213124142131242,0.05438612892903349,1.2645118520984102,0,0
158,1.4,0.40594059405940597,0.27925707031769015,0.0001856696882102426,3.7312589918851207,0,0
159,1.4,0.4099009900990099,0.30361027340627256,0.0005549331683732009,3.255759316614997,0,0
160,1.4,0.4099009900990099,0.30361027340627256,0.0005549331683732009,3.255759316614997,0,0
161,1.0,0.2376237623762376,0.22287566357847935,0.0003123758953490668,3.5053224860648475,0,0
162,1.2,0.5564356435643564,0.31667075120719684,0.021062543631211413,1.6764891821394952,0,0
163,0.4,0.407920792079208,0.250023035895856,1.0,-0.0,0,0
164,0.2,0.514851485148515,0.2874903833480284,1.0,-0.0,0,0
165,0.2,0.514851485148515,0.2874903833480284,1.0,-0.0,0,0
166,0.2,0.5227722772277229,0.2937909232059094,1.0,-0.0,0,0
167,0.0,0.1801980198019802,0.18985132378941597,1.0,-0.0,0,0
168,0.0,0.15049504950495046,0.17667095463917196,1.0,-0.0,0,0
169,0.0,0.023762376237623766,0.06471340450838889,1.0,-0.0,0,0
170,0.0,0.023762376237623766,0.06471340450838889,1.0,-0.0,0,0
171,0.0,0.04356435643564356,0.08721867542790196,1.0,-0.0,0,0
172,0.8,0.21188118811881188,0.2121493629977959,0.0027840073844508954,2.5553296171139097,0,0
173,0.8,0.21188118811881188,0.2121493629977959,0.0027840073844508954,2.5553296171139097,0,0
174,0.8,0.21386138613861383,0.2110931955839434,0.002745846480006152,2.5613237477802513,0,0
175,0.8,0.21386138613861383,0.2110931955839434,0.002745846480006152,2.5613237477802513,0,0
176,0.8,0.1861386138613861,0.20345028972738727,0.0012753760652909868,2.8943617375836608,0,0
177,0.0,0.041584158415841586,0.0946774898050053,1.0,-0.0,0,0
178,0.0,0.041584158415841586,0.0946774898050053,1.0,-0.0,0,0
179,0.0,0.023762376237623766,0.07056843438101175,1.0,-0.0,0,0
180,0.0,0.023762376237623766,0.07056843438101175,1.0,-0.0,0,0
181,0.4,0.04950495049504951,0.09504950495049506,0.00011323404682251737,3.946022971345902,0,0
182,0.4,0.025742574257425748,0.07264925278354116,1.291600921765437e-07,6.888871653715653,0,0
183,0.6,0.031683168316831684,0.08316831683168317,4.148203657436373e-12,11.38213992992774,0,0
184,0.6,0.031683168316831684,0.08316831683168317,4.148203657436373e-12,11.38213992992774,0,0
185,0.6,0.031683168316831684,0.08316831683168317,4.148203657436373e-12,11.38213992992774,0,0
186,0.2,0.0059405940594059415,0.03395332316729158,5.469865928325192e-09,8.262023318511567,0,0
187,0.2,0.0059405940594059415,0.03395332316729158,5.469865928325192e-09,8.262023318511567,0,0
188,0.0,0.0,0.0,1.0,-0.0,0,0
189,0.0,0.0,0.0,1.0,-0.0,0,0
190,0.0,0.0,0.0,1.0,-0.0,0,0
191,0.0,0.0,0.0,1.0,-0.0,0,0
192,0.0,0.12376237623762376,0.14291762832290006,1.0,-0.0,0,0
193,0.0,0.12376237623762376,0.14291762832290006,1.0,-0.0,0,0
194,0.0,0.12376237623762376,0.14291762832290006,1.0,-0.0,0,0
195,0.0,0.12376237623762376,0.14291762832290006,1.0,-0.0,0,0
196,0.0,0.12376237623762376,0.14291762832290006,1.0,-0.0,0,0
197,0.0,0.009900990099009901,0.04338396495090425,1.0,-0.0,0,0
198,0.0,0.009900990099009901,0.04338396495090425,1.0,-0.0,0,0
199,0.0,0.009900990099009901,0.04338396495090425,1.0,-0.0,0,0
200,0.0,0.009900990099009901,0.04338396495090425,1.0,-0.0,0,0
201,0.0,0.009900990099009901,0.04338396495090425,1.0,-0.0,0,0
202,0.0,0.009900990099009901,0.043383964950904234,1.0,-0.0,0,0
203,0.0,0.03564356435643565,0.08626938974571076,1.0,-0.0,0,0
204,0.0,0.04356435643564357,0.09164702150816742,1.0,-0.0,0,0
205,0.4,0.100990099009901,0.13965661530697393,0.01613555020883286,1.7922162209272026,0,0
206,1.0,0.14455445544554454,0.15950123220279025,4.086808051526314e-08,7.388615759675383,0,0
207,1.0,0.14059405940594058,0.15554326246855826,1.645654470808806e-08,7.78366134602154,0,0
208,1.0,0.11287128712871287,0.14188502271424047,2.0203428609758413e-10,9.694574922635336,0,0
209,1.0,0.11683168316831684,0.14696218071508493,9.30517295276788e-10,9.031275550342492,0,0
210,0.6,0.05940594059405942,0.1144753143191654,1.1655970589839876e-06,5.933451557041632,0,0
211,0.4,0.22574257425742572,0.20616895183873857,0.19899495074208634,0.7011579431514493,0,0
212,0.4,0.2198019801980198,0.20586441850878456,0.19069888091506837,0.7196518555320575,0,0
213,0.4,0.2198019801980198,0.20586441850878456,0.19069888091506837,0.7196518555320575,0,0
214,0.4,0.3663366336633664,0.27870891438022644,0.4519313618137456,0.34492751972201435,0,0
215,0.4,0.3663366336633664,0.27870891438022644,0.4519313618137456,0.34492751972201435,0,0
216,0.0,0.15841584158415842,0.1915374620094059,1.0,-0.0,0,0
217,0.0,0.15841584158415842,0.1915374620094059,1.0,-0.0,0,0
218,0.0,0.15841584158415842,0.1915374620094059,1.0,-0.0,0,0
219,0.0,0.019801980198019802,0.06603299802191315,1.0,-0.0,0,0
220,0.0,0.019801980198019802,0.06603299802191315,1.0,-0.0,0,0
221,0.0,0.041584158415841586,0.08590499787518362,1.0,-0.0,0,0
222,0.0,0.06138613861386138,0.10046456153636296,1.0,-0.0,0,0
223,0.4,0.3584158415841585,0.26147613212267823,0.4368201947679951,0.35969729183819743,0,0
224,0.4,0.33861386138613864,0.2621201814260632,0.4074184231184841,0.38995933646056313,0,0
225,1.2,0.6415841584158416,0.3345655751948784,0.047551020418272465,1.322840158910165,0,0
226,1.2,0.6475247524752474,0.3355486299341443,0.049832137962117544,1.3024904797719106,0,0
227,1.8,0.8415841584158416,0.3596663268638548,0.0038524381072344736,2.4142643298717,0,0
228,1.6,0.6574257425742573,0.3574792203760747,0.004185538038804603,2.3782487067831184,0,0
229,1.6,0.697029702970297,0.3632786469851446,0.006466417573359671,2.1893362539542225,0,0
230,0.8,0.3940594059405941,0.255560646414284,0.05609439380415354,1.2510805409110959,0,0
231,1.0,0.5445544554455446,0.34367704375029334,0.09255013275995451,1.0336229539302635,0,0
232,0.6,0.5564356435643564,0.3632678529500815,0.4522718698144014,0.34460042345085196,0,0
233,0.4,0.4455445544554456,0.31701727237675476,1.0,-0.0,0,0
234,0.4,0.40594059405940597,0.2944441926911585,1.0,-0.0,0,0
235,0.4,0.40594059405940597,0.2944441926911585,1.0,-0.0,0,0
236,0.2,0.22970297029702966,0.21870209153700954,1.0,-0.0,0,0
237,0.0,0.0039603960396039604,0.02786385599895106,1.0,-0.0,0,0
238,0.0,0.0039603960396039604,0.02786385599895106,1.0,-0.0,0,0
239,0.0,0.0039603960396039604,0.02786385599895106,1.0,-0.0,0,0
240,0.0,0.021782178217821784,0.06230547612891991,1.0,-0.0,0,0
241,0.0,0.01782178217821782,0.05698017651460657,1.0,-0.0,0,0
242,0.0,0.01782178217821782,0.05698017651460657,1.0,-0.0,0,0
243,0.0,0.01782178217821782,0.05698017651460657,1.0,-0.0,0,0
244,0.0,0.01782178217821782,0.05698017651460657,1.0,-0.0,0,0
245,0.0,0.021782178217821784,0.06230547612891991,1.0,-0.0,0,0
246,0.0,0.021782178217821784,0.06230547612891991,1.0,-0.0,0,0
247,0.0,0.021782178217821784,0.06230547612891991,1.0,-0.0,0,0
248,0.0,0.021782178217821784,0.06230547612891991,1.0,-0.0,0,0
249,0.0,0.021782178217821784,0.06230547612891991,1.0,-0.0,0,0
250,0.0,0.0,0.0,1.0,-0.0,0,0
251,0.2,0.05544554455445544,0.11299281281336322,0.10039143277323,0.9983033475303007,0,0
252,0.2,0.11287128712871286,0.14188502271424044,0.2695813293766277,0.5693101893974304,0,0
253,0.2,0.14455445544554454,0.15445544554455448,0.35980713557990285,0.44393022811595895,0,0
254,0.2,0.14455445544554454,0.15445544554455448,0.35980713557990285,0.44393022811595895,0,0
255,0.2,0.14455445544554454,0.15445544554455448,0.35980713557990285,0.44393022811595895,0,0
256,0.0,0.10495049504950493,0.13078304733432372,1.0,-0.0,0,0
257,0.0,0.0712871287128713,0.11801714396634724,1.0,-0.0,0,0
258,0.0,0.041584158415841586,0.08590499787518362,1.0,-0.0,0,0
259,0.0,0.041584158415841586,0.08590499787518362,1.0,-0.0,0,0
260,0.0,0.041584158415841586,0.08590499787518362,1.0,-0.0,0,0
261,0.0,0.023762376237623766,0.06471340450838887,1.0,-0.0,0,0
262,0.0,0.0,0.0,1.0,-0.0,0,0
263,0.0,0.017821782178217824,0.0635517090529949,1.0,-0.0,0,0
264,0.0,0.017821782178217824,0.0635517090529949,1.0,-0.0,0,0
265,0.0,0.017821782178217824,0.0635517090529949,1.0,-0.0,0,0
266,0.0,0.017821782178217824,0.0635517090529949,1.0,-0.0,0,0
267,0.0,0.017821782178217824,0.0635517090529949,1.0,-0.0,0,0
268,0.0,0.0039603960396039604,0.02786385599895107,1.0,-0.0,0,0
269,0.0,0.025742574257425738,0.0669763743575753,1.0,-0.0,0,0
270,0.0,0.025742574257425738,0.0669763743575753,1.0,-0.0,0,0
271,0.0,0.0297029702970297,0.07112192077650681,1.0,-0.0,0,0
272,0.0,0.047524752475247525,0.09397077637785882,1.0,-0.0,0,0
273,0.0,0.05544554455445544,0.1129928128133632,1.0,-0.0,0,0
274,0.0,0.05940594059405942,0.11447531431916541,1.0,-0.0,0,0
275,0.0,0.06732673267326733,0.11698261772468857,1.0,-0.0,0,0
276,0.0,0.06336633663366337,0.11233152161332939,1.0,-0.0,0,0
277,0.0,0.04554455445544555,0.09700949476369024,1.0,-0.0,0,0
278,0.0,0.033663366336633666,0.07482947971362845,1.0,-0.0,0,0
279,0.0,0.007920792079207921,0.03900537743285587,1.0,-0.0,0,0
280,0.0,0.0,0.0,1.0,-0.0,0,0
281,0.0,0.0,0.0,1.0,-0.0,0,0
282,0.0,0.0,0.0,1.0,-0.0,0,0
283,0.0,0.0,0.0,1.0,-0.0,0,0
284,0.0,0.0,0.0,1.0,-0.0,0,0
285,0.0,0.0,0.0,1.0,-0.0,0,0
286,0.0,0.0,0.0,1.0,-0.0,0,0
287,0.0,0.0,0.0,1.0,-0.0,0,0
288,0.0,0.0,0.0,1.0,-0.0,0,0
289,0.0,0.021782178217821784,0.06230547612891991,1.0,-0.0,0,0
290,0.0,0.021782178217821784,0.06230547612891991,1.0,-0.0,0,0
291,0.0,0.021782178217821784,0.06230547612891991,1.0,-0.0,0,0
292,0.2,0.033663366336633666,0.07994704648786674,0.018735949469970602,1.7273242935431963,0,0
293,0.2,0.047524752475247525,0.10586191211583096,0.07488815124685981,1.1255868906472768,0,0
294,0.4,0.04554455445544555,0.10485704788018796,0.0003619437273747471,3.4413589454622207,0,0
295,0.4,0.06336633663366337,0.1158034971660471,0.0018249237780268543,2.7387552700971685,0,0
296,0.4,0.09504950495049505,0.15049504950495055,0.02136621711973873,1.6702723626955736,0,0
297,0.2,0.08316831683168317,0.13280619910579974,0.189506702131846,0.7223754260789857,0,0
298,0.2,0.07722772277227724,0.1257698574906964,0.16449106805243702,0.783857679482127,0,0
299,0.0,0.14653465346534653,0.1686077858012515,1.0,-0.0,0,0
300,0.0,0.1504950495049505,0.149999183084401,1.0,-0.0,0,0
301,0.0,0.11683168316831684,0.13280619910579972,1.0,-0.0,0,0
302,0.0,0.14257425742574256,0.15243666735776418,1.0,-0.0,0,0
303,0.0,0.1485148514851485,0.16082329112274815,1.0,-0.0,0,0
304,0.0,0.08118811881188118,0.12325042629382527,1.0,-0.0,0,0
305,0.0,0.05940594059405942,0.10733330877518932,1.0,-0.0,0,0
306,0.0,0.05940594059405942,0.10733330877518932,1.0,-0.0,0,0
307,0.0,0.039603960396039604,0.08452453849668534,1.0,-0.0,0,0
308,0.0,0.025742574257425748,0.07264925278354115,1.0,-0.0,0,0
309,0.0,0.011881188118811883,0.05501958015623685,1.0,-0.0,0,0
310,0.2,0.03762376237623763,0.08771182015980238,0.03206701867154286,1.4939414153345645,0,0
311,1.0,0.061386138613861385,0.12184253515180327,6.629501320061577e-15,14.178519138577245,0,0
312,1.0,0.06732673267326733,0.13283572143563108,1.0994428054837515e-12,11.958827358307627,0,0
313,1.0,0.0811881188118812,0.13838736799727644,1.57459861108784e-11,10.80283013597361,0,0
314,1.0,0.10495049504950495,0.1423816080178024,1.6259009330409196e-10,9.788905919716358,0,0
315,0.8,0.1861386138613861,0.187230838076401,0.0005215541902409723,3.282700561063051,0,0
316,0.0,0.16237623762376235,0.17735766020493526,1.0,-0.0,0,0
317,0.0,0.17029702970297028,0.1810555160500984,1.0,-0.0,0,0
318,0.8,0.20792079207920788,0.1886288032334235,0.0008480353207983187,3.0715860589362665,0,0
319,0.8,0.17623762376237626,0.17414487814590618,0.00017057904456709277,3.7680743224525965,0,0
320,0.8,0.09504950495049505,0.1337769960717191,6.836281032966706e-08,7.16518009215406,0,0
321,0.8,0.12673267326732673,0.15083338726765974,4.028772458646177e-06,5.39482726047088,0,0
322,0.8,0.1089108910891089,0.14218869759220787,5.858447039254032e-07,6.2322174917746525,0,0
323,0.0,0.057425742574257435,0.09476028605152792,1.0,-0.0,0,0
324,0.0,0.06534653465346535,0.10189845806153354,1.0,-0.0,0,0
325,0.0,0.039603960396039604,0.08452453849668534,1.0,-0.0,0,0
326,0.0,0.007920792079207921,0.03900537743285587,1.0,-0.0,0,0
327,0.0,0.009900990099009901,0.04338396495090424,1.0,-0.0,0,0
328,0.0,0.05346534653465347,0.10489443673781407,1.0,-0.0,0,0
329,0.0,0.04554455445544555,0.10100951085035129,1.0,-0.0,0,0
330,0.0,0.04554455445544555,0.10100951085035129,1.0,-0.0,0,0
331,0.0,0.18019801980198022,0.18775368421597716,1.0,-0.0,0,0
332,0.0,0.25742574257425743,0.22041658787080204,1.0,-0.0,0,0
333,0.0,0.39603960396039606,0.26096575856690013,1.0,-0.0,0,0
334,0.0,0.6415841584158417,0.2956005220900925,1.0,-0.0,0,0
335,0.4,0.805940594059406,0.3475007748914269,1.0,-0.0,0,0
336,0.4,0.6712871287128711,0.3051818589989463,1.0,-0.0,0,0
337,0.4,0.6217821782178218,0.29098806086087486,1.0,-0.0,0,0
338,0.4,0.49702970297029697,0.2999852951988736,1.0,-0.0,0,0
339,0.4,0.29900990099009905,0.22448843914088532,0.3264029174701727,0.48624596806911236,0,0
340,0.0,0.18415841584158413,0.1704581324091671,1.0,-0.0,0,0
341,0.0,0.19603960396039602,0.17571398456617046,1.0,-0.0,0,0
342,0.0,0.16633663366336632,0.16184409300358457,1.0,-0.0,0,0
343,0.0,0.1069306930693069,0.12448501897427097,1.0,-0.0,0,0
344,0.0,0.06732673267326733,0.09861306612268303,1.0,-0.0,0,0
345,0.0,0.021782178217821784,0.06230547612891991,1.0,-0.0,0,0
346,0.0,0.02772277227722772,0.06910862719451544,1.0,-0.0,0,0
347,0.0,0.02772277227722772,0.06910862719451544,1.0,-0.0,0,0
348,0.0,0.10495049504950493,0.12457948087149173,1.0,-0.0,0,0
349,0.0,0.09702970297029702,0.124642415697871,1.0,-0.0,0,0
350,0.0,0.09504950495049502,0.12457948087149173,1.0,-0.0,0,0
351,0.2,0.49306930693069306,0.2891631578023257,1.0,-0.0,0,0
352,0.2,0.7762376237623763,0.3574243712433582,1.0,-0.0,0,0
353,0.2,0.697029702970297,0.3337324017074409,1.0,-0.0,0,0
354,0.2,0.8297029702970297,0.38112510730325794,1.0,-0.0,0,0
355,0.2,0.8396039603960396,0.38488244519330655,1.0,-0.0,0,0
356,0.0,0.4297029702970297,0.30622083355328455,1.0,-0.0,0,0
357,0.0,0.14851485148514848,0.17944571499737336,1.0,-0.0,0,0
358,0.0,0.14851485148514848,0.17944571499737336,1.0,-0.0,0,0
359,0.0,0.015841584158415842,0.06090517425437506,1.0,-0.0,0,0
360,0.0,0.1089108910891089,0.14218869759220787,1.0,-0.0,0,0
361,0.0,0.1287128712871287,0.14781352559621005,1.0,-0.0,0,0
362,0.0,0.1287128712871287,0.14781352559621005,1.0,-0.0,0,0
363,0.0,0.16831683168316827,0.18181194346357277,1.0,-0.0,0,0
364,0.0,0.27524752475247527,0.2402168742038931,1.0,-0.0,0,0
365,0.0,0.17227722772277226,0.18674852677785872,1.0,-0.0,0,0
366,0.0,0.1475247524752475,0.1749648108360059,1.0,-0.0,0,0
367,0.0,0.1475247524752475,0.1749648108360059,1.0,-0.0,0,0
368,0.0,0.10693069306930691,0.13661931335176508,1.0,-0.0,0,0
369,0.0,0.0,0.0,1.0,-0.0,0,0
370,0.0,0.07524752475247524,0.12539516989297084,1.0,-0.0,0,0
371,0.0,0.07524752475247524,0.12539516989297084,1.0,-0.0,0,0
372,0.0,0.07524752475247524,0.12539516989297084,1.0,-0.0,0,0
373,0.0,0.37821782178217817,0.26832961863506516,1.0,-0.0,0,0
374,0.0,0.403960396039604,0.2699177696853661,1.0,-0.0,0,0
375,0.0,0.3277227722772277,0.2525587126646189,1.0,-0.0,0,0
376,0.0,0.3277227722772277,0.2525587126646189,1.0,-0.0,0,0
377,0.0,0.3277227722772277,0.2525587126646189,1.0,-0.0,0,0
378,0.0,0.05544554455445545,0.10943169805661863,1.0,-0.0,0,0
379,0.0,0.05742574257425742,0.10277971700879981,1.0,-0.0,0,0
380,0.0,0.11485148514851484,0.14984225277142663,1.0,-0.0,0,0
381,0.0,0.2217821782178218,0.2027552591868547,1.0,-0.0,0,0
382,0.0,0.2217821782178218,0.2027552591868547,1.0,-0.0,0,0
383,0.0,0.20594059405940596,0.18552669588707663,1.0,-0.0,0,0
384,0.0,0.3762376237623763,0.25684626324104487,1.0,-0.0,0,0
385,0.0,0.3485148514851486,0.2447928448875626,1.0,-0.0,0,0
386,0.0,0.24752475247524752,0.19528808849012488,1.0,-0.0,0,0
387,0.0,0.24752475247524752,0.19528808849012488,1.0,-0.0,0,0
388,0.0,0.30396039603960395,0.2038834806428689,1.0,-0.0,0,0
389,0.0,0.11683168316831684,0.13575553664160483,1.0,-0.0,0,0
390,0.0,0.09306930693069305,0.12126186845461277,1.0,-0.0,0,0
391,0.0,0.08712871287128714,0.12077584698595571,1.0,-0.0,0,0
392,0.0,0.08712871287128714,0.12077584698595571,1.0,-0.0,0,0
393,0.0,0.03564356435643565,0.07653920035678292,1.0,-0.0,0,0
394,0.0,0.03564356435643565,0.07653920035678292,1.0,-0.0,0,0
395,0.0,0.05544554455445545,0.1019369320889802,1.0,-0.0,0,0
396,0.0,0.05544554455445545,0.1019369320889802,1.0,-0.0,0,0
397,0.0,0.05544554455445545,0.1019369320889802,1.0,-0.0,0,0
398,0.0,0.03762376237623763,0.08307396817189318,1.0,-0.0,0,0
399,0.0,0.025742574257425748,0.07264925278354116,1.0,-0.0,0,0
400,0.0,0.02970297029702971,0.07112192077650681,1.0,-0.0,0,0
401,0.0,0.17821782178217818,0.1821782178217822,1.0,-0.0,0,0
402,0.0,0.17821782178217818,0.1821782178217822,1.0,-0.0,0,0
403,0.0,0.17821782178217818,0.1821782178217822,1.0,-0.0,0,0
404,0.0,0.20990099009900987,0.19574936009912708,1.0,-0.0,0,0
405,0.0,0.1801980198019802,0.17463954503246998,1.0,-0.0,0,0
406,0.0,0.031683168316831684,0.07826167463512675,1.0,-0.0,0,0
407,0.0,0.031683168316831684,0.07826167463512675,1.0,-0.0,0,0
408,0.0,0.031683168316831684,0.07826167463512675,1.0,-0.0,0,0
409,0.0,0.013861386138613863,0.05079507064705211,1.0,-0.0,0,0
410,0.0,0.03564356435643565,0.08154954567118415,1.0,-0.0,0,0
411,0.0,0.03564356435643565,0.08154954567118415,1.0,-0.0,0,0
412,0.0,0.03564356435643565,0.08154954567118415,1.0,-0.0,0,0
413,0.0,0.03564356435643565,0.08154954567118415,1.0,-0.0,0,0
414,0.0,0.021782178217821784,0.06230547612891991,1.0,-0.0,0,0
415,0.0,0.0,0.0,1.0,-0.0,0,0
416,0.0,0.0,0.0,1.0,-0.0,0,0
417,0.0,0.0,0.0,1.0,-0.0,0,0
418,0.0,0.0,0.0,1.0,-0.0,0,0
419,0.0,0.0,0.0,1.0,-0.0,0,0
420,0.0,0.0,0.0,1.0,-0.0,0,0
421,0.0,0.0,0.0,1.0,-0.0,0,0
422,0.0,0.0,0.0,1.0,-0.0,0,0
423,0.0,0.0059405940594059415,0.033953323167291584,1.0,-0.0,0,0
424,0.0,0.0059405940594059415,0.033953323167291584,1.0,-0.0,0,0
425,0.0,0.0059405940594059415,0.033953323167291584,1.0,-0.0,0,0
426,0.0,0.027722772277227727,0.06910862719451544,1.0,-0.0,0,0
427,0.0,0.027722772277227727,0.06910862719451544,1.0,-0.0,0,0
428,0.0,0.13069306930693067,0.17219754615690822,1.0,-0.0,0,0
429,0.0,0.18415841584158418,0.2062069868822941,1.0,-0.0,0,0
430,0.0,0.403960396039604,0.2869852833978981,1.0,-0.0,0,0
431,0.0,0.3821782178217822,0.2815783096689654,1.0,-0.0,0,0
432,0.0,0.3821782178217822,0.2815783096689654,1.0,-0.0,0,0
433,0.0,0.2910891089108911,0.24132432057951878,1.0,-0.0,0,0
434,0.0,0.23960396039603962,0.22518604318145746,1.0,-0.0,0,0
435,0.0,0.033663366336633666,0.08930671115865095,1.0,-0.0,0,0
436,0.0,0.05544554455445545,0.11299281281336322,1.0,-0.0,0,0
437,0.0,0.0613861386138614,0.11854756076907538,1.0,-0.0,0,0
438,0.0,0.041584158415841586,0.09039772047931348,1.0,-0.0,0,0
439,0.0,0.041584158415841586,0.09039772047931348,1.0,-0.0,0,0
440,0.0,0.1207920792079208,0.15689867556071532,1.0,-0.0,0,0
441,0.0,0.09900990099009901,0.15057319492752777,1.0,-0.0,0,0
442,0.0,0.10099009900990098,0.14791959918402456,1.0,-0.0,0,0
443,0.0,0.1188118811881188,0.1669249379461988,1.0,-0.0,0,0
444,0.0,0.12673267326732673,0.17055012277334236,1.0,-0.0,0,0
445,0.0,0.05346534653465347,0.09704990696905225,1.0,-0.0,0,0
446,0.0,0.057425742574257435,0.10277971700879983,1.0,-0.0,0,0
447,0.0,0.04950495049504951,0.09504950495049506,1.0,-0.0,0,0
448,0.0,0.07326732673267328,0.11509022642946842,1.0,-0.0,0,0
449,0.0,0.08712871287128712,0.127165103825761,1.0,-0.0,0,0
450,0.0,0.11089108910891088,0.15018206119491914,1.0,-0.0,0,0
451,0.0,0.10693069306930691,0.15041686348382532,1.0,-0.0,0,0
452,0.0,0.12475247524752477,0.16851473513974877,1.0,-0.0,0,0
453,0.0,0.08316831683168316,0.13575553664160483,1.0,-0.0,0,0
454,0.0,0.10099009900990098,0.14246420394934614,1.0,-0.0,0,0
455,0.0,0.09504950495049505,0.12457948087149175,1.0,-0.0,0,0
456,0.0,0.09504950495049505,0.12457948087149175,1.0,-0.0,0,0
457,0.0,0.1188118811881188,0.14122019271030048,1.0,-0.0,0,0
458,0.0,0.1188118811881188,0.14122019271030048,1.0,-0.0,0,0
459,0.0,0.10099009900990098,0.12781100644043505,1.0,-0.0,0,0
460,0.0,0.15841584158415842,0.16486858056632595,1.0,-0.0,0,0
461,0.0,0.15841584158415842,0.16486858056632595,1.0,-0.0,0,0
462,0.0,0.11683168316831682,0.15225649732072147,1.0,-0.0,0,0
463,0.0,0.11683168316831682,0.15225649732072147,1.0,-0.0,0,0
464,0.0,0.09504950495049505,0.13078304733432375,1.0,-0.0,0,0
465,0.0,0.0019801980198019802,0.0198019801980198,1.0,-0.0,0,0
466,0.0,0.0019801980198019802,0.0198019801980198,1.0,-0.0,0,0
467,0.0,0.057425742574257435,0.11021718851545144,1.0,-0.0,0,0
468,0.0,0.057425742574257435,0.11021718851545144,1.0,-0.0,0,0
469,0.0,0.057425742574257435,0.11021718851545144,1.0,-0.0,0,0
470,0.0,0.09108910891089109,0.13650445892763635,1.0,-0.0,0,0
471,0.0,0.09108910891089109,0.13650445892763635,1.0,-0.0,0,0
472,0.0,0.25544554455445545,0.22711067111783748,1.0,-0.0,0,0
473,0.0,0.25544554455445545,0.22711067111783748,1.0,-0.0,0,0
474,0.0,0.25544554455445545,0.22711067111783748,1.0,-0.0,0,0
475,0.0,0.2376237623762376,0.23666473137946398,1.0,-0.0,0,0
476,0.0,0.2752475247524752,0.2483234638367727,1.0,-0.0,0,0
477,0.0,0.05346534653465348,0.09287951999650355,1.0,-0.0,0,0
478,0.0,0.05346534653465348,0.09287951999650355,1.0,-0.0,0,0
479,0.0,0.05346534653465348,0.09287951999650355,1.0,-0.0,0,0
480,0.0,0.31287128712871287,0.2187558729448155,1.0,-0.0,0,0
481,0.0,0.31386138613861386,0.23421649584265256,1.0,-0.0,0,0
482,0.0,0.31386138613861386,0.23421649584265256,1.0,-0.0,0,0
483,0.0,0.35049504950495053,0.25548391760287076,1.0,-0.0,0,0
484,0.0,0.35049504950495053,0.25548391760287076,1.0,-0.0,0,0
485,0.0,0.23366336633663368,0.18036114909680317,1.0,-0.0,0,0
486,0.0,0.19405940594059404,0.15531621030596104,1.0,-0.0,0,0
487,0.0,0.19405940594059404,0.15531621030596104,1.0,-0.0,0,0
488,0.0,0.1801980198019802,0.17911764040705117,1.0,-0.0,0,0
489,0.0,0.1801980198019802,0.17911764040705117,1.0,-0.0,0,0
490,0.0,0.06336633663366337,0.10120342446875752,1.0,-0.0,0,0
491,0.0,0.0811881188118812,0.11999411807954946,1.0,-0.0,0,0
492,0.0,0.1188118811881188,0.14122019271030048,1.0,-0.0,0,0
493,0.0,0.09702970297029702,0.13084299831035082,1.0,-0.0,0,0
494,0.0,0.09702970297029702,0.13084299831035082,1.0,-0.0,0,0
495,0.0,0.08316831683168316,0.10630546955619442,1.0,-0.0,0,0
496,0.0,0.09306930693069305,0.11795067415315191,1.0,-0.0,0,0
497,0.0,0.05544554455445544,0.1019369320889802,1.0,-0.0,0,0
498,0.0,0.05544554455445544,0.1019369320889802,1.0,-0.0,0,0
499,0.0,0.05544554455445544,0.1019369320889802,1.0,-0.0,0,0
500,0.0,0.05148514851485149,0.09186070102766893,1.0,-0.0,0,0
501,0.0,0.023762376237623766,0.06471340450838887,1.0,-0.0,0,0
502,0.0,0.023762376237623766,0.06471340450838887,1.0,-0.0,0,0
503,0.0,0.041584158415841586,0.09039772047931348,1.0,-0.0,0,0
504,0.0,0.041584158415841586,0.09039772047931348,1.0,-0.0,0,0
505,0.0,0.027722772277227727,0.07461957893630407,1.0,-0.0,0,0
506,0.0,0.11287128712871286,0.16748776597061785,1.0,-0.0,0,0
507,0.0,0.16633663366336635,0.1991453162261327,1.0,-0.0,0,0
508,0.0,0.15247524752475242,0.18053499120857794,1.0,-0.0,0,0
509,0.0,0.22970297029702974,0.19977440467551033,1.0,-0.0,0,0
510,0.0,0.2198019801980198,0.20000980272026075,1.0,-0.0,0,0
511,0.0,0.1346534653465346,0.13233294611171187,1.0,-0.0,0,0
512,0.0,0.10297029702970295,0.12142344330103674,1.0,-0.0,0,0
513,0.0,0.09900990099009899,0.12145573247679728,1.0,-0.0,0,0
514,0.0,0.021782178217821784,0.06836703565002801,1.0,-0.0,0,0
515,0.0,0.021782178217821784,0.06836703565002801,1.0,-0.0,0,0
516,0.0,0.025742574257425745,0.07264925278354115,1.0,-0.0,0,0
517,0.0,0.0039603960396039604,0.02786385599895106,1.0,-0.0,0,0
518,0.0,0.0039603960396039604,0.02786385599895106,1.0,-0.0,0,0
519,0.0,0.0039603960396039604,0.02786385599895106,1.0,-0.0,0,0
520,0.0,0.0039603960396039604,0.02786385599895106,1.0,-0.0,0,0
521,0.0,0.01386138613861386,0.05079507064705211,1.0,-0.0,0,0
522,0.0,0.1089108910891089,0.14494724878689189,1.0,-0.0,0,0
523,0.0,0.19999999999999996,0.2068145962637134,1.0,-0.0,0,0
524,0.0,0.20594059405940587,0.20958317055962605,1.0,-0.0,0,0
525,0.0,0.20594059405940587,0.20958317055962605,1.0,-0.0,0,0
526,0.0,0.22376237623762374,0.22032762052595836,1.0,-0.0,0,0
527,0.0,0.16435643564356434,0.21135309408516964,1.0,-0.0,0,0
528,0.0,0.07524752475247524,0.13156027914354923,1.0,-0.0,0,0
529,0.0,0.06930693069306931,0.11751770396006173,1.0,-0.0,0,0
530,0.0,0.06930693069306931,0.11751770396006173,1.0,-0.0,0,0
531,0.0,0.03762376237623763,0.08307396817189318,1.0,-0.0,0,0
532,0.0,0.0,0.0,1.0,-0.0,0,0
533,0.0,0.0,0.0,1.0,-0.0,0,0
534,0.0,0.017821782178217824,0.05698017651460656,1.0,-0.0,0,0
535,0.0,0.04752475247524753,0.08965727859541997,1.0,-0.0,0,0
536,0.0,0.04752475247524753,0.08965727859541997,1.0,-0.0,0,0
537,0.0,0.0613861386138614,0.10046456153636296,1.0,-0.0,0,0
538,0.0,0.06930693069306931,0.10693069306930697,1.0,-0.0,0,0
539,0.0,0.05148514851485149,0.1001126705723924,1.0,-0.0,0,0
540,0.0,0.021782178217821784,0.06836703565002801,1.0,-0.0,0,0
541,0.0,0.04950495049504951,0.10304643034659555,1.0,-0.0,0,0
542,0.0,0.03564356435643565,0.08626938974571076,1.0,-0.0,0,0
543,0.0,0.059405940594059424,0.09968089464279778,1.0,-0.0,0,0
544,0.0,0.07524752475247526,0.11205191564986228,1.0,-0.0,0,0
545,0.0,0.07524752475247526,0.11205191564986228,1.0,-0.0,0,0
546,0.0,0.057425742574257435,0.10656335878870264,1.0,-0.0,0,0
547,0.0,0.057425742574257435,0.10656335878870264,1.0,-0.0,0,0
548,0.0,0.0594059405940594,0.10357779667819421,1.0,-0.0,0,0
549,0.0,0.04356435643564357,0.09164702150816742,1.0,-0.0,0,0
550,0.0,0.04356435643564357,0.09164702150816742,1.0,-0.0,0,0
551,0.0,0.033663366336633666,0.08475617647141663,1.0,-0.0,0,0
552,0.0,0.033663366336633666,0.08475617647141663,1.0,-0.0,0,0
553,0.0,0.0,0.0,1.0,-0.0,0,0
554,0.0,0.0,0.0,1.0,-0.0,0,0
555,0.0,0.0,0.0,1.0,-0.0,0,0
556,0.2,0.015841584158415842,0.05401260078014202,0.00032535620257014524,3.4876409094885674,0,0
557,0.2,0.015841584158415842,0.05401260078014202,0.00032535620257014524,3.4876409094885674,0,0
558,0.4,0.02970297029702971,0.08622392497852373,8.750538336211237e-06,5.05796522820578,0,0
559,0.4,0.02970297029702971,0.08622392497852373,8.750538336211237e-06,5.05796522820578,0,0
560,0.4,0.03762376237623763,0.09211646217515253,4.179062966957279e-05,4.37892108518658,0,0
561,0.2,0.021782178217821784,0.06230547612891991,0.002115616449879084,2.6745630648030154,0,0
562,0.4,0.05544554455445545,0.09384550979067556,0.00012056218946056196,3.9187888736495773,0,0
563,0.2,0.041584158415841586,0.08116396646304633,0.025480968483881664,1.5937840693032386,0,0
564,0.2,0.06930693069306931,0.11409790329416186,0.12601207675801535,0.8995878309298326,0,0
565,0.2,0.061386138613861385,0.11166631429601336,0.10724339580581539,0.9696294427647089,0,0
566,0.2,0.07524752475247526,0.11891084986932618,0.14706004433802256,0.8325053074261877,0,0
567,0.0,0.09504950495049505,0.12457948087149175,1.0,-0.0,0,0
568,0.0,0.10495049504950493,0.12771893462651165,1.0,-0.0,0,0
569,0.0,0.07722772277227721,0.10889288780093088,1.0,-0.0,0,0
570,0.0,0.10891089108910891,0.13650445892763632,1.0,-0.0,0,0
571,0.2,0.12277227722772276,0.15913204437912432,0.31372967932523066,0.5034443944120148,0,0
572,0.2,0.06930693069306931,0.12407485305204392,0.14609247881555892,0.8353721419916437,0,0
573,0.2,0.0594059405940594,0.1178841668604928,0.11650405553071382,0.9336589564924316,0,0
574,0.2,0.07920792079207921,0.13810372890425895,0.19088287100671486,0.7192330415436154,0,0
575,0.2,0.05742574257425742,0.11021718851545144,0.09790604061927334,1.009190512214366,0,0
576,0.2,0.11287128712871286,0.15002532217723413,0.2807010934421308,0.5517558956129468,0,0
577,0.2,0.11287128712871286,0.15002532217723413,0.2807010934421308,0.5517558956129468,0,0
578,0.2,0.11287128712871286,0.15002532217723413,0.2807010934421308,0.5517558956129468,0,0
579,0.2,0.09306930693069307,0.13948804962658473,0.22166149082647374,0.654309750161273,0,0
580,0.2,0.08316831683168317,0.13575553664160483,0.19472824262570337,0.7105710555319672,0,0
581,0.0,0.0,0.0,1.0,-0.0,0,0
582,0.0,0.0,0.0,1.0,-0.0,0,0
583,0.0,0.0,0.0,1.0,-0.0,0,0
584,0.0,0.0,0.0,1.0,-0.0,0,0
585,0.0,0.0,0.0,1.0,-0.0,0,0
586,0.0,0.0,0.0,1.0,-0.0,0,0
587,0.4,0.12772277227722775,0.14766755000001713,0.032602296627120685,1.4867518055347004,0,0
588,0.4,0.12772277227722775,0.14766755000001713,0.032602296627120685,1.4867518055347004,0,0
589,0.4,0.12772277227722775,0.14766755000001713,0.032602296627120685,1.4867518055347004,0,0
590,0.6,0.1584158415841584,0.17421241542909127,0.005626450264844199,2.249765515734178,0,0
591,0.8,0.17029702970297028,0.17662655937408128,0.00018181311632259342,3.740374789205097,0,0
592,0.4,0.041584158415841586,0.0859049978751836,1.5081313231807445e-05,4.8215608398657475,0,0
593,0.4,0.04356435643564357,0.08721867542790195,2.18786067554328e-05,4.659980337626219,0,0
594,0.4,0.04356435643564357,0.08721867542790195,2.18786067554328e-05,4.659980337626219,0,0
595,0.2,0.013861386138613863,0.05079507064705211,0.00012391038159364294,3.90689230556944,0,0
596,0.0,0.0019801980198019802,0.0198019801980198,1.0,-0.0,0,0
597,0.0,0.013861386138613863,0.05807080514303042,1.0,-0.0,0,0
598,0.0,0.033663366336633666,0.07482947971362847,1.0,-0.0,0,0
599,0.0,0.033663366336633666,0.07482947971362847,1.0,-0.0,0,0
600,0.0,0.033663366336633666,0.07482947971362847,1.0,-0.0,0,0
601,0.0,0.033663366336633666,0.07482947971362847,1.0,-0.0,0,0
602,0.0,0.023762376237623766,0.06471340450838889,1.0,-0.0,0,0
603,0.0,0.0019801980198019802,0.0198019801980198,1.0,-0.0,0,0
604,0.0,0.0019801980198019802,0.0198019801980198,1.0,-0.0,0,0
605,0.0,0.0019801980198019802,0.0198019801980198,1.0,-0.0,0,0
606,0.0,0.0019801980198019802,0.0198019801980198,1.0,-0.0,0,0
607,0.0,0.0,0.0,1.0,-0.0,0,0
608,0.0,0.0,0.0,1.0,-0.0,0,0
609,0.0,0.0,0.0,1.0,-0.0,0,0
610,0.0,0.0,0.0,1.0,-0.0,0,0
611,0.0,0.05148514851485149,0.09186070102766893,1.0,-0.0,0,0
612,0.2,0.11089108910891088,0.12734998170941406,0.2420521177649097,0.6160911132726649,0,0
613,0.2,0.1465346534653465,0.14041265664345215,0.35168585300370747,0.45384510136175493,0,0
614,0.2,0.19207920792079206,0.16631305820670148,0.48100723584739485,0.31784839043498536,0,0
615,0.2,0.291089108910891,0.21530499200983352,1.0,-0.0,0,0
616,0.2,0.45742574257425744,0.28609578630465754,1.0,-0.0,0,0
617,0.0,0.41980198019801984,0.2677444481236339,1.0,-0.0,0,0
618,0.0,0.3960396039603961,0.2728365093013835,1.0,-0.0,0,0
619,0.0,0.35049504950495053,0.25548391760287076,1.0,-0.0,0,0
620,0.0,0.2495049504950495,0.2150863342093389,1.0,-0.0,0,0
621,0.0,0.039603960396039604,0.08452453849668534,1.0,-0.0,0,0
622,0.0,0.0297029702970297,0.07112192077650681,1.0,-0.0,0,0
623,0.0,0.019801980198019802,0.0597350618970232,1.0,-0.0,0,0
624,0.0,0.041584158415841586,0.08590499787518362,1.0,-0.0,0,0
625,0.0,0.16039603960396034,0.17580322478754876,1.0,-0.0,0,0
626,0.0,0.15247524752475244,0.17832779885020875,1.0,-0.0,0,0
627,0.0,0.1386138613861386,0.17517758855125914,1.0,-0.0,0,0
628,0.0,0.18811881188118812,0.20454592488897794,1.0,-0.0,0,0
629,0.0,0.16633663366336632,0.1910249725641211,1.0,-0.0,0,0
630,0.0,0.05148514851485149,0.09186070102766894,1.0,-0.0,0,0
631,0.0,0.08514851485148514,0.13304219431477882,1.0,-0.0,0,0
632,0.0,0.09900990099009901,0.15057319492752777,1.0,-0.0,0,0
633,0.0,0.10693069306930694,0.15811853289249217,1.0,-0.0,0,0
634,0.0,0.13465346534653463,0.1804480910874379,1.0,-0.0,0,0
635,0.0,0.13465346534653466,0.17600384984783346,1.0,-0.0,0,0
636,0.0,0.13762376237623758,0.1609695163002105,1.0,-0.0,0,0
637,0.0,0.12277227722772274,0.15148191286261606,1.0,-0.0,0,0
638,0.0,0.09108910891089109,0.13057300215314485,1.0,-0.0,0,0
639,0.0,0.06336633663366337,0.10874875419996817,1.0,-0.0,0,0
640,0.0,0.0594059405940594,0.10357779667819421,1.0,-0.0,0,0
641,0.0,0.023762376237623763,0.07056843438101175,1.0,-0.0,0,0
642,0.0,0.023762376237623763,0.07056843438101175,1.0,-0.0,0,0
643,0.0,0.0,0.0,1.0,-0.0,0,0
644,0.0,0.0,0.0,1.0,-0.0,0,0
645,0.0,0.03960396039603961,0.07970143286137867,1.0,-0.0,0,0
646,0.0,0.05544554455445546,0.09797478714338996,1.0,-0.0,0,0
647,0.0,0.07326732673267328,0.11509022642946844,1.0,-0.0,0,0
648,0.0,0.07326732673267328,0.11509022642946844,1.0,-0.0,0,0
649,0.0,0.12277227722772276,0.14615954128511632,1.0,-0.0,0,0
650,0.0,0.08316831683168316,0.11694909354640316,1.0,-0.0,0,0
651,0.0,0.11881188118811879,0.1520245363775781,1.0,-0.0,0,0
652,0.0,0.10891089108910891,0.13937555924568537,1.0,-0.0,0,0
653,0.0,0.10891089108910891,0.13937555924568537,1.0,-0.0,0,0
654,0.0,0.05940594059405942,0.10357779667819421,1.0,-0.0,0,0
655,0.0,0.12277227722772276,0.15148191286261609,1.0,-0.0,0,0
656,0.0,0.08514851485148514,0.12379009590564582,1.0,-0.0,0,0
657,0.0,0.09306930693069305,0.13368903310588712,1.0,-0.0,0,0
658,0.0,0.09306930693069305,0.13368903310588712,1.0,-0.0,0,0
659,0.0,0.09306930693069305,0.13368903310588712,1.0,-0.0,0,0
660,0.0,0.0297029702970297,0.07112192077650681,1.0,-0.0,0,0
661,0.0,0.015841584158415842,0.05401260078014202,1.0,-0.0,0,0
662,0.0,0.0,0.0,1.0,-0.0,0,0
663,0.0,0.0059405940594059415,0.03395332316729158,1.0,-0.0,0,0
664,0.0,0.3089108910891089,0.2793553434269446,1.0,-0.0,0,0
665,0.0,0.3089108910891089,0.2793553434269446,1.0,-0.0,0,0
666,0.0,0.3089108910891089,0.2793553434269446,1.0,-0.0,0,0
667,0.0,0.3089108910891089,0.2793553434269446,1.0,-0.0,0,0
668,0.0,0.30891089108910885,0.2750693917494707,1.0,-0.0,0,0
669,0.0,0.04554455445544554,0.09700949476369024,1.0,-0.0,0,0
670,0.0,0.04554455445544554,0.09700949476369024,1.0,-0.0,0,0
671,0.0,0.061386138613861385,0.10806149425459212,1.0,-0.0,0,0
672,0.0,0.09504950495049505,0.14513649268759363,1.0,-0.0,0,0
673,0.0,0.13465346534653466,0.1737391031211394,1.0,-0.0,0,0
674,0.0,0.09504950495049502,0.13670539084430264,1.0,-0.0,0,0
675,0.0,0.1089108910891089,0.13937555924568534,1.0,-0.0,0,0
676,0.0,0.29702970297029707,0.2495363802300731,1.0,-0.0,0,0
677,0.0,0.35643564356435653,0.26191066483306613,1.0,-0.0,0,0
678,0.0,0.3089108910891089,0.24780182512412924,1.0,-0.0,0,0
679,0.0,0.3089108910891089,0.24780182512412924,1.0,-0.0,0,0
680,0.0,0.29504950495049503,0.24307283577120237,1.0,-0.0,0,0
681,0.0,0.0910891089108911,0.1243589581632284,1.0,-0.0,0,0
682,0.0,0.0,0.0,1.0,-0.0,0,0
683,0.0,0.0,0.0,1.0,-0.0,0,0
684,0.0,0.0297029702970297,0.07112192077650681,1.0,-0.0,0,0
685,0.0,0.0297029702970297,0.07112192077650681,1.0,-0.0,0,0
686,0.0,0.10693069306930691,0.13948804962658473,1.0,-0.0,0,0
687,0.0,0.10693069306930691,0.13948804962658473,1.0,-0.0,0,0
688,0.0,0.10693069306930691,0.13948804962658473,1.0,-0.0,0,0
689,0.0,0.07722772277227723,0.12576985749069639,1.0,-0.0,0,0
690,0.0,0.07722772277227723,0.12576985749069639,1.0,-0.0,0,0
691,0.0,0.013861386138613863,0.05079507064705211,1.0,-0.0,0,0
692,0.0,0.013861386138613863,0.05079507064705211,1.0,-0.0,0,0
693,0.0,0.013861386138613863,0.05079507064705211,1.0,-0.0,0,0
694,0.0,0.013861386138613863,0.05079507064705211,1.0,-0.0,0,0
695,0.0,0.013861386138613863,0.05079507064705211,1.0,-0.0,0,0
696,0.0,0.0,0.0,1.0,-0.0,0,0
697,0.0,0.0,0.0,1.0,-0.0,0,0
698,0.0,0.0,0.0,1.0,-0.0,0,0
699,0.0,0.1089108910891089,0.14765427233510692,1.0,-0.0,0,0
700,0.0,0.1089108910891089,0.14765427233510692,1.0,-0.0,0,0
701,0.0,0.13267326732673265,0.1671596799240022,1.0,-0.0,0,0
702,0.0,0.13267326732673265,0.1671596799240022,1.0,-0.0,0,0
703,0.0,0.14356435643564355,0.17143300604381728,1.0,-0.0,0,0
704,0.0,0.03762376237623762,0.09211646217515253,1.0,-0.0,0,0
705,0.0,0.03762376237623762,0.09211646217515253,1.0,-0.0,0,0
706,0.0,0.17029702970297025,0.18750290002005252,1.0,-0.0,0,0
707,0.0,0.17029702970297025,0.18750290002005252,1.0,-0.0,0,0
708,0.0,0.1603960396039604,0.17580322478754876,1.0,-0.0,0,0
709,0.0,0.19999999999999998,0.20098766032759424,1.0,-0.0,0,0
710,0.0,0.38019801980198026,0.2692195548413044,1.0,-0.0,0,0
711,0.0,0.3069306930693069,0.24786511252782334,1.0,-0.0,0,0
712,0.0,0.32079207920792085,0.25497692836150293,1.0,-0.0,0,0
713,0.0,0.32079207920792085,0.25497692836150293,1.0,-0.0,0,0
714,0.0,0.27722772277227725,0.24530489741706024,1.0,-0.0,0,0
715,0.0,0.09702970297029703,0.12464241569787102,1.0,-0.0,0,0
716,0.0,0.013861386138613863,0.05079507064705211,1.0,-0.0,0,0
717,0.0,0.0,0.0,1.0,-0.0,0,0
718,0.0,0.0,0.0,1.0,-0.0,0,0
719,0.0,0.0,0.0,1.0,-0.0,0,0
720,0.0,0.0,0.0,1.0,-0.0,0,0
721,0.0,0.0,0.0,1.0,-0.0,0,0
722,0.0,0.017821782178217824,0.05698017651460656,1.0,-0.0,0,0
723,0.0,0.1801980198019802,0.21155707606157345,1.0,-0.0,0,0
724,0.0,0.19207920792079206,0.21046067731622056,1.0,-0.0,0,0
725,0.0,0.30099009900990104,0.27664719982189795,1.0,-0.0,0,0
726,0.0,0.30099009900990104,0.27664719982189795,1.0,-0.0,0,0
727,0.0,0.3108910891089109,0.27786348599859084,1.0,-0.0,0,0
728,0.0,0.16633663366336632,0.18036114909680317,1.0,-0.0,0,0
729,0.0,0.15445544554455445,0.17549068547409524,1.0,-0.0,0,0
730,0.2,0.06732673267326734,0.09451167971312259,0.08019271897573961,1.0958650612944516,0,0
731,0.2,0.06930693069306931,0.09924724028627063,0.09394556775030262,1.027123704621387,0,0
732,0.2,0.19801980198019803,0.1856112183041662,0.4957439548349122,0.30474257293273915,0,0
733,0.2,0.19207920792079206,0.18003474269593198,0.482453832599466,0.3165442392250553,0,0
734,0.2,0.2316831683168317,0.2024262207946621,1.0,-0.0,0,0
735,0.0,0.21782178217821782,0.1972062495766079,1.0,-0.0,0,0
736,0.0,0.2158415841584158,0.19837591740781296,1.0,-0.0,0,0
737,0.0,0.0594059405940594,0.10733330877518932,1.0,-0.0,0,0
738,0.0,0.057425742574257435,0.10656335878870264,1.0,-0.0,0,0
739,0.0,0.017821782178217824,0.05698017651460656,1.0,-0.0,0,0
740,0.0,0.007920792079207921,0.03900537743285587,1.0,-0.0,0,0
741,0.0,0.007920792079207921,0.03900537743285587,1.0,-0.0,0,0
742,0.0,0.007920792079207921,0.03900537743285587,1.0,-0.0,0,0
743,0.0,0.0,0.0,1.0,-0.0,0,0
744,0.0,0.0,0.0,1.0,-0.0,0,0
745,0.0,0.031683168316831684,0.0730260947112308,1.0,-0.0,0,0
746,0.0,0.047524752475247525,0.09397077637785882,1.0,-0.0,0,0
747,0.0,0.047524752475247525,0.09397077637785882,1.0,-0.0,0,0
748,0.0,0.047524752475247525,0.09397077637785882,1.0,-0.0,0,0
749,0.0,0.047524752475247525,0.09397077637785882,1.0,-0.0,0,0
750,0.0,0.015841584158415842,0.05401260078014202,1.0,-0.0,0,0
751,0.0,0.0396039603960396,0.10155153588085614,1.0,-0.0,0,0
752,0.0,0.0396039603960396,0.10155153588085614,1.0,-0.0,0,0
753,0.0,0.0396039603960396,0.10155153588085614,1.0,-0.0,0,0
754,0.0,0.0396039603960396,0.10155153588085614,1.0,-0.0,0,0
755,0.0,0.0396039603960396,0.10155153588085614,1.0,-0.0,0,0
756,0.0,0.0,0.0,1.0,-0.0,0,0
757,0.0,0.061386138613861385,0.10433219700847123,1.0,-0.0,0,0
758,0.0,0.08118811881188118,0.1264228887090089,1.0,-0.0,0,0
759,0.0,0.08118811881188118,0.1264228887090089,1.0,-0.0,0,0
760,0.0,0.08118811881188118,0.1264228887090089,1.0,-0.0,0,0
761,0.0,0.13465346534653463,0.14653465346534653,1.0,-0.0,0,0
762,0.0,0.27524752475247527,0.2352188534716693,1.0,-0.0,0,0
763,0.0,0.29108910891089107,0.25411426832535927,1.0,-0.0,0,0
764,0.0,0.29108910891089107,0.25411426832535927,1.0,-0.0,0,0
765,0.0,0.29108910891089107,0.25411426832535927,1.0,-0.0,0,0
766,0.0,0.2396039603960396,0.22518604318145746,1.0,-0.0,0,0
767,0.0,0.03564356435643565,0.07653920035678292,1.0,-0.0,0,0
768,0.0,0.0,0.0,1.0,-0.0,0,0
769,0.0,0.0,0.0,1.0,-0.0,0,0
770,0.0,0.0,0.0,1.0,-0.0,0,0
771,0.0,0.0,0.0,1.0,-0.0,0,0
772,0.4,0.11683168316831682,0.14424216912058863,0.024814654441067042,1.6052917682354544,0,0
773,0.4,0.23366336633663365,0.21630434541657617,0.22094858734345985,0.655708770797327,0,0
774,0.4,0.5861386138613862,0.31748694616348755,1.0,-0.0,0,0
775,1.2,0.9405940594059405,0.3771120635561276,0.2457657673359585,0.609478610027517,0,0
776,1.2,1.003960396039604,0.39096752089134257,0.3080371809881016,0.5113968597222832,0,0
777,0.8,1.0495049504950493,0.4121000941509902,1.0,-0.0,0,0
778,0.8,1.0574257425742573,0.41395138535379944,1.0,-0.0,0,0
