,foreground,bg_means,bg_stdev,pvals,minus_logs,regs,active
2,0.0,0.03564356435643565,0.07653920035678292,1.0,-0.0,0,0
3,0.2,0.11683168316831684,0.1548357845728682,0.295585849930015,0.5293163600079367,0,0
4,0.2,0.11683168316831684,0.1548357845728682,0.295585849930015,0.5293163600079367,0,0
5,0.2,0.08118811881188118,0.12325042629382527,0.16752607431728717,0.7759175883237079,0,0
6,0.2,0.12079207920792079,0.1517663861889879,0.3008675846233133,0.521624600487126,0,0
7,0.2,0.12079207920792079,0.1517663861889879,0.3008675846233133,0.521624600487126,0,0
8,0.0,0.09306930693069307,0.13948804962658473,1.0,-0.0,0,0
9,0.0,0.09306930693069307,0.13948804962658473,1.0,-0.0,0,0
10,0.0,0.09306930693069307,0.13948804962658473,1.0,-0.0,0,0
11,0.0,0.05346534653465346,0.10860442931328386,1.0,-0.0,0,0
12,0.0,0.05346534653465346,0.10860442931328386,1.0,-0.0,0,0
13,0.0,0.0,0.0,1.0,-0.0,0,0
14,0.0,0.0,0.0,1.0,-0.0,0,0
15,0.0,0.08712871287128714,0.12401163019288061,1.0,-0.0,0,0
16,0.2,0.36039603960396044,0.22867643617032957,1.0,-0.0,0,0
17,0.8,0.6138613861386139,0.32852195338440376,0.28549497838319726,0.5444015262260046,0,0
18,1.2,0.9297029702970298,0.38833091799696484,0.2431993278688202,0.614037629659442,0,0
19,1.2,0.9900990099009901,0.4111093300889052,0.3048253274019937,0.5159489510662053,0,0
20,1.2,0.9504950495049505,0.40726660992481456,0.2700595283135281,0.5685404952167608,0,0
21,4.2,1.615841584158416,0.49766438117526524,1.037039905361089e-07,6.9842045316103105,0,0
22,3.6,1.4039603960396039,0.4624345374232156,1.0228026163324644e-06,5.990208169717564,0,0
23,3.2,1.1663366336633663,0.4494831416177572,3.0276584589630677e-06,5.518893117862079,0,0
24,3.2,1.186138613861386,0.4205205880151569,8.3818869364562e-07,6.0766582016749675,0,0
25,3.8,1.3247524752475248,0.458021128959223,3.254527773951905e-08,7.487512017862278,0,0
26,0.8,0.5168316831683168,0.2583532415357285,0.13652823826731136,0.8647775137856758,0,0
27,0.8,0.47326732673267324,0.24164907421935525,0.08817235195508012,1.0546675744567935,0,0
28,0.8,0.5108910891089108,0.2904080400446521,0.15974012175799462,0.7965859888730913,0,0
29,1.8,1.2732673267326733,0.40757459114657674,0.09811643176222658,1.008258254331871,0,0
30,1.2,1.2653465346534654,0.42785109919462727,1.0,-0.0,0,0
31,1.0,1.1366336633663365,0.43865744145743807,1.0,-0.0,0,0
32,1.0,1.1366336633663365,0.43865744145743807,1.0,-0.0,0,0
33,1.0,1.0851485148514852,0.40525902696107574,1.0,-0.0,0,0
34,0.0,0.2435643564356436,0.19418060470702989,1.0,-0.0,0,0
35,0.0,0.06336633663366337,0.10874875419996817,1.0,-0.0,0,0
36,0.0,0.06336633663366337,0.10874875419996817,1.0,-0.0,0,0
37,0.2,0.19603960396039602,0.1711468549412428,0.4907691646834529,0.30912273206670543,0,0
38,0.6,0.2376237623762376,0.1902845629074887,0.028429630457615818,1.5462287854471357,0,0
39,1.0,0.3386138613861387,0.22114477003269256,0.0013915193373455954,2.8565107540844235,0,0
40,1.0,0.3386138613861387,0.22114477003269256,0.0013915193373455954,2.8565107540844235,0,0
41,1.2,0.3920792079207921,0.2516020621666311,0.0006611266661934735,3.1797153254481425,0,0
42,1.0,0.25940594059405936,0.19200774418261227,5.736890592099731e-05,4.241323432442893,0,0
43,0.6,0.2376237623762376,0.1881917524042253,0.027079095303497752,1.5673658492654017,0,0
44,0.2,0.21980198019801983,0.19600959866383086,1.0,-0.0,0,0
45,0.4,0.3405940594059407,0.22785187902800044,0.3971535460469212,0.40104155543176195,0,0
46,0.2,0.4039603960396041,0.25011711794467817,1.0,-0.0,0,0
47,0.4,0.4396039603960396,0.2595041760936765,1.0,-0.0,0,0
48,0.6,0.5425742574257425,0.3087331298645057,0.42622062748916256,0.37036553587958637,0,0
49,0.6,0.6099009900990099,0.2889053942568447,1.0,-0.0,0,0
50,0.4,0.48910891089108915,0.26621698516045655,1.0,-0.0,0,0
51,0.6,0.4752475247524752,0.2483234638367727,0.30770049980671754,0.5118717983150273,0,0
52,0.8,1.9425742574257427,0.49178328452813463,1.0,-0.0,0,0
53,0.6,2.0396039603960396,0.5522374306277106,1.0,-0.0,0,0
54,0.6,1.8891089108910892,0.5208334885468514,1.0,-0.0,0,0
55,0.6,1.8891089108910892,0.5208334885468514,1.0,-0.0,0,0
56,0.4,1.786138613861386,0.4949306788084584,1.0,-0.0,0,0
57,0.0,0.28118811881188116,0.19125063711128137,1.0,-0.0,0,0
58,0.0,0.0,0.0,1.0,-0.0,0,0
59,0.0,0.0,0.0,1.0,-0.0,0,0
60,0.0,0.0,0.0,1.0,-0.0,0,0
61,0.0,0.0,0.0,1.0,-0.0,0,0
62,0.0,0.0,0.0,1.0,-0.0,0,0
63,0.2,0.3861386138613862,0.24252373690922555,1.0,-0.0,0,0
64,0.4,0.9128712871287128,0.3716869134780219,1.0,-0.0,0,0
65,0.4,0.9900990099009901,0.3933871573190642,1.0,-0.0,0,0
66,0.8,1.4079207920792078,0.45111153553027383,1.0,-0.0,0,0
67,1.2,1.6158415841584157,0.45440259404924016,1.0,-0.0,0,0
68,1.0,1.3346534653465347,0.4146895877293758,1.0,-0.0,0,0
69,3.4,1.4693069306930697,0.44627003641014273,7.582128191644232e-06,5.120208877196173,0,0
70,3.6,1.5277227722772277,0.4738965947870172,6.131838117377981e-06,5.212409319189073,0,0
71,3.2,1.1089108910891088,0.4282358492170542,5.223360722153675e-07,6.282049981011311,0,0
72,2.8,0.9009900990099009,0.371908391122221,1.6441805254395523e-07,6.784050500118359,0,0
73,2.8,0.8376237623762375,0.3443609334762821,6.039658444729421e-09,8.218987620942368,0,0
74,0.2,0.1762376237623762,0.14701553420412347,0.43579793149421325,0.36071483545456573,0,0
75,0.0,0.08514851485148514,0.1269490726718781,1.0,-0.0,0,0
76,0.2,0.1188118811881188,0.157148395081398,0.3027060274312931,0.518978931358957,0,0
77,0.2,0.18217821782178212,0.21079577635122798,0.46631146258052825,0.33132390885542307,0,0
78,0.2,0.14158415841584157,0.16725348446557364,0.36344506624853823,0.4395612222960914,0,0
79,0.2,0.14158415841584157,0.16725348446557364,0.36344506624853823,0.4395612222960914,0,0
80,0.2,0.09504950495049502,0.13670539084430264,0.22132887875055152,0.6549619161055136,0,0
81,0.0,0.061386138613861385,0.11854756076907538,1.0,-0.0,0,0
82,0.0,0.0,0.0,1.0,-0.0,0,0
83,0.0,0.0,0.0,1.0,-0.0,0,0
84,0.0,0.0,0.0,1.0,-0.0,0,0
85,1.2,0.5762376237623762,0.3008728275973633,0.019077943660072004,1.7194684380811665,0,0
86,1.8,0.6633663366336634,0.3220364570337603,0.00020815822348957673,3.6816064272196822,0,0
87,2.2,1.120792079207921,0.4278236038098705,0.0058253116458854195,2.234680835543511,0,0
88,2.6,1.2633663366336632,0.4930653306134151,0.0033553947592733988,2.474256378121298,0,0
89,3.8,1.5940594059405944,0.5298648776340457,1.568998717305952e-05,4.804377411459064,0,0
90,2.6,1.0178217821782178,0.43244550726451014,0.00012676055382395882,3.897015872020678,0,0
91,2.0,0.9603960396039604,0.41935339380432624,0.006586380803913965,2.1813531633511802,0,0
92,1.8,0.6277227722772277,0.30962091541690406,7.649370837936595e-05,4.116374284173067,0,0
93,1.8,0.7009900990099008,0.3301649901095657,0.0004363105395179586,3.3602042960684013,0,0
94,0.6,0.3722772277227722,0.2470093644279236,0.17828525966151942,0.7488845621095314,0,0
95,0.6,0.4534653465346534,0.2854783570841996,0.30387244129620916,0.5173086850325754,0,0
96,0.6,0.4237623762376238,0.2775952302396048,0.26275573295317145,0.5804477995137436,0,0
97,0.6,0.4653465346534654,0.30456449789671886,0.3292018876608541,0.4825376831853381,0,0
98,0.6,0.508910891089109,0.28910891089108903,0.3763548249723191,0.4244025118193687,0,0
99,0.8,0.7524752475247525,0.3850148664754608,0.45088086653739395,0.34593819390952635,0,0
100,0.8,0.8118811881188119,0.39883174166678936,1.0,-0.0,0,0
101,0.8,0.887128712871287,0.3934270262922403,1.0,-0.0,0,0
102,0.6,0.7217821782178216,0.33643558528895345,1.0,-0.0,0,0
103,0.2,0.47722772277227726,0.2855882198387318,1.0,-0.0,0,0
104,0.0,0.23366336633663368,0.19512739059128734,1.0,-0.0,0,0
105,0.0,0.1168316831683168,0.149632756335149,1.0,-0.0,0,0
106,0.0,0.041584158415841586,0.08116396646304633,1.0,-0.0,0,0
107,0.0,0.041584158415841586,0.08116396646304633,1.0,-0.0,0,0
108,0.0,0.025742574257425745,0.0669763743575753,1.0,-0.0,0,0
109,0.0,0.025742574257425745,0.0669763743575753,1.0,-0.0,0,0
110,0.0,0.0,0.0,1.0,-0.0,0,0
111,0.0,0.07920792079207921,0.11966689053257921,1.0,-0.0,0,0
112,0.0,0.07920792079207921,0.11966689053257921,1.0,-0.0,0,0
113,0.0,0.07920792079207921,0.11966689053257921,1.0,-0.0,0,0
114,0.0,0.07920792079207921,0.11966689053257921,1.0,-0.0,0,0
115,0.0,0.13861386138613857,0.13999313775947436,1.0,-0.0,0,0
116,0.0,0.05742574257425742,0.09885135821266286,1.0,-0.0,0,0
117,0.0,0.05742574257425742,0.09885135821266286,1.0,-0.0,0,0
118,0.0,0.05742574257425742,0.09885135821266286,1.0,-0.0,0,0
119,0.0,0.05742574257425742,0.09885135821266286,1.0,-0.0,0,0
120,0.0,0.1801980198019802,0.1676983394830901,1.0,-0.0,0,0
121,0.0,0.1801980198019802,0.1676983394830901,1.0,-0.0,0,0
122,0.2,0.4297029702970297,0.2222943167480988,1.0,-0.0,0,0
123,0.2,0.4297029702970297,0.2222943167480988,1.0,-0.0,0,0
124,0.2,0.4297029702970297,0.2222943167480988,1.0,-0.0,0,0
125,0.2,0.2495049504950495,0.21323707922331575,1.0,-0.0,0,0
126,0.2,0.2495049504950495,0.21323707922331575,1.0,-0.0,0,0
127,0.0,0.0,0.0,1.0,-0.0,0,0
128,0.0,0.017821782178217824,0.05698017651460656,1.0,-0.0,0,0
129,0.0,0.21188118811881188,0.2064730360037557,1.0,-0.0,0,0
130,0.0,0.3900990099009902,0.24915896174298346,1.0,-0.0,0,0
