,foreground,bg_means,bg_stdev,pvals,minus_logs,regs,active
2,0.0,0.05346534653465347,0.11219180573635876,1.0,-0.0,0,0
3,0.0,0.05346534653465347,0.11219180573635876,1.0,-0.0,0,0
4,0.0,0.05346534653465347,0.11219180573635876,1.0,-0.0,0,0
5,0.0,0.10693069306930694,0.15041686348382535,1.0,-0.0,0,0
6,0.0,0.11287128712871286,0.1651062462231749,1.0,-0.0,0,0
7,0.0,0.11287128712871286,0.1651062462231749,1.0,-0.0,0,0
8,0.0,0.2891089108910891,0.2428791779241499,1.0,-0.0,0,0
9,0.0,0.2891089108910891,0.2428791779241499,1.0,-0.0,0,0
10,0.0,0.23564356435643566,0.22052330130618514,1.0,-0.0,0,0
11,0.0,0.38811881188118813,0.24827608742427693,1.0,-0.0,0,0
12,0.0,0.38811881188118813,0.24827608742427693,1.0,-0.0,0,0
13,0.0,0.23168316831683167,0.18181194346357277,1.0,-0.0,0,0
14,0.0,0.23366336633663365,0.18254375725135072,1.0,-0.0,0,0
15,0.0,0.3485148514851485,0.22454083462278474,1.0,-0.0,0,0
16,0.0,0.13663366336633662,0.15397233406965347,1.0,-0.0,0,0
17,0.0,0.13663366336633662,0.15397233406965347,1.0,-0.0,0,0
18,0.0,0.1485148514851485,0.14529850556708232,1.0,-0.0,0,0
19,0.0,0.14653465346534653,0.143205423617937,1.0,-0.0,0,0
20,0.0,0.03168316831683169,0.07826167463512676,1.0,-0.0,0,0
21,0.0,0.03168316831683169,0.07826167463512676,1.0,-0.0,0,0
22,0.0,0.06930693069306931,0.11409790329416186,1.0,-0.0,0,0
23,0.0,0.03762376237623763,0.08307396817189318,1.0,-0.0,0,0
24,0.0,0.03762376237623763,0.08307396817189318,1.0,-0.0,0,0
25,0.0,0.03762376237623763,0.08307396817189318,1.0,-0.0,0,0
26,0.0,0.16831683168316836,0.17740187251029735,1.0,-0.0,0,0
27,0.0,0.2475247524752475,0.20128009124076135,1.0,-0.0,0,0
28,0.0,0.2475247524752475,0.20128009124076135,1.0,-0.0,0,0
29,0.0,0.2475247524752475,0.20128009124076135,1.0,-0.0,0,0
30,0.0,0.2613861386138614,0.20823173355030916,1.0,-0.0,0,0
31,0.0,0.13267326732673265,0.1496589594272569,1.0,-0.0,0,0
32,0.2,0.031683168316831684,0.0730260947112308,0.01058647624307391,1.9752485727397298,0,0
33,0.2,0.05544554455445545,0.09797478714338996,0.07004915208881982,1.1545971172715026,0,0
34,0.2,0.05544554455445545,0.09797478714338996,0.07004915208881982,1.1545971172715026,0,0
35,0.2,0.051485148514851496,0.09186070102766894,0.0529672293593788,1.275992743798466,0,0
36,0.2,0.06930693069306931,0.10693069306930696,0.11081180122969687,0.9554139856724337,0,0
37,0.0,0.051485148514851496,0.096075322540263,1.0,-0.0,0,0
38,0.0,0.02772277227722773,0.06910862719451544,1.0,-0.0,0,0
39,0.0,0.02772277227722773,0.06910862719451544,1.0,-0.0,0,0
40,0.0,0.01782178217821782,0.05698017651460657,1.0,-0.0,0,0
41,0.0,0.0,0.0,1.0,-0.0,0,0
42,0.0,0.0,0.0,1.0,-0.0,0,0
43,0.0,0.0,0.0,1.0,-0.0,0,0
44,0.0,0.0,0.0,1.0,-0.0,0,0
45,0.0,0.0,0.0,1.0,-0.0,0,0
46,0.0,0.0,0.0,1.0,-0.0,0,0
47,0.0,0.0,0.0,1.0,-0.0,0,0
48,0.0,0.0,0.0,1.0,-0.0,0,0
49,0.0,0.0,0.0,1.0,-0.0,0,0
50,0.0,0.0,0.0,1.0,-0.0,0,0
51,0.0,0.007920792079207921,0.03900537743285587,1.0,-0.0,0,0
52,0.2,0.015841584158415842,0.05401260078014202,0.00032535620257014524,3.4876409094885674,0,0
53,0.2,0.019801980198019802,0.059735061897023205,0.001278047474114718,2.8934530136556162,0,0
54,0.2,0.019801980198019802,0.059735061897023205,0.001278047474114718,2.8934530136556162,0,0
55,0.2,0.019801980198019802,0.059735061897023205,0.001278047474114718,2.8934530136556162,0,0
56,0.2,0.011881188118811881,0.047276579747775535,3.4586556520905853e-05,4.461092674713385,0,0
57,0.0,0.0039603960396039604,0.027863855998951068,1.0,-0.0,0,0
58,0.0,0.0,0.0,1.0,-0.0,0,0
59,0.0,0.0,0.0,1.0,-0.0,0,0
60,0.0,0.0,0.0,1.0,-0.0,0,0
61,0.0,0.0,0.0,1.0,-0.0,0,0
62,0.0,0.0,0.0,1.0,-0.0,0,0
63,0.0,0.0,0.0,1.0,-0.0,0,0
64,0.0,0.009900990099009901,0.04338396495090424,1.0,-0.0,0,0
65,0.0,0.023762376237623766,0.06471340450838889,1.0,-0.0,0,0
66,0.0,0.023762376237623766,0.06471340450838889,1.0,-0.0,0,0
67,0.0,0.023762376237623766,0.06471340450838889,1.0,-0.0,0,0
68,0.0,0.023762376237623766,0.06471340450838889,1.0,-0.0,0,0
69,0.0,0.013861386138613863,0.05079507064705211,1.0,-0.0,0,0
70,0.0,0.0,0.0,1.0,-0.0,0,0
71,0.0,0.0,0.0,1.0,-0.0,0,0
72,0.0,0.0,0.0,1.0,-0.0,0,0
73,0.0,0.0,0.0,1.0,-0.0,0,0
74,0.0,0.0,0.0,1.0,-0.0,0,0
75,0.0,0.021782178217821784,0.06230547612891991,1.0,-0.0,0,0
76,0.0,0.021782178217821784,0.06230547612891991,1.0,-0.0,0,0
77,0.0,0.021782178217821784,0.06230547612891991,1.0,-0.0,0,0
78,0.0,0.021782178217821784,0.06230547612891991,1.0,-0.0,0,0
79,0.0,0.021782178217821784,0.06230547612891991,1.0,-0.0,0,0
80,0.0,0.0,0.0,1.0,-0.0,0,0
81,0.0,0.0,0.0,1.0,-0.0,0,0
82,0.0,0.0,0.0,1.0,-0.0,0,0
83,0.0,0.007920792079207921,0.03900537743285587,1.0,-0.0,0,0
84,0.0,0.017821782178217824,0.05698017651460656,1.0,-0.0,0,0
85,0.0,0.017821782178217824,0.05698017651460656,1.0,-0.0,0,0
86,0.0,0.017821782178217824,0.05698017651460656,1.0,-0.0,0,0
87,0.0,0.017821782178217824,0.05698017651460656,1.0,-0.0,0,0
88,0.0,0.013861386138613863,0.05079507064705211,1.0,-0.0,0,0
89,0.0,0.0039603960396039604,0.027863855998951064,1.0,-0.0,0,0
90,0.0,0.009900990099009901,0.04338396495090425,1.0,-0.0,0,0
91,0.0,0.017821782178217824,0.0635517090529949,1.0,-0.0,0,0
92,0.0,0.017821782178217824,0.0635517090529949,1.0,-0.0,0,0
93,0.0,0.013861386138613863,0.050795070647052104,1.0,-0.0,0,0
94,0.0,0.013861386138613863,0.050795070647052104,1.0,-0.0,0,0
95,0.0,0.021782178217821784,0.06230547612891991,1.0,-0.0,0,0
96,0.0,0.013861386138613863,0.05079507064705211,1.0,-0.0,0,0
97,0.0,0.013861386138613863,0.05079507064705211,1.0,-0.0,0,0
98,0.0,0.013861386138613863,0.05079507064705211,1.0,-0.0,0,0
99,0.0,0.013861386138613863,0.05079507064705211,1.0,-0.0,0,0
100,0.0,0.007920792079207921,0.03900537743285587,1.0,-0.0,0,0
101,0.0,0.007920792079207921,0.03900537743285587,1.0,-0.0,0,0
102,0.6,0.06336633663366337,0.11233152161332939,8.886264150983551e-07,6.051280781168356,0,0
103,0.6,0.06336633663366337,0.11233152161332939,8.886264150983551e-07,6.051280781168356,0,0
104,0.6,0.07524752475247526,0.11553229422427584,2.785603469279752e-06,5.555080705342154,0,0
105,0.8,0.11287128712871286,0.14188502271424044,6.399306930163095e-07,6.193867059251221,0,0
106,0.8,0.14257425742574256,0.15243666735776418,8.060742072524159e-06,5.093624975171648,0,0
107,0.2,0.1069306930693069,0.13948804962658473,0.2523156018373569,0.5980558942213152,0,0
108,0.2,0.1069306930693069,0.13948804962658473,0.2523156018373569,0.5980558942213152,0,0
109,0.2,0.09504950495049502,0.12771893462651168,0.20561525732768127,0.686944662403549,0,0
110,0.0,0.05544554455445545,0.09384550979067553,1.0,-0.0,0,0
111,0.0,0.057425742574257435,0.10277971700879986,1.0,-0.0,0,0
112,0.0,0.041584158415841586,0.08590499787518362,1.0,-0.0,0,0
113,0.0,0.041584158415841586,0.08590499787518362,1.0,-0.0,0,0
114,0.0,0.06732673267326733,0.10634234916512914,1.0,-0.0,0,0
115,0.0,0.06930693069306931,0.10316052497133549,1.0,-0.0,0,0
116,0.0,0.039603960396039604,0.07970143286137865,1.0,-0.0,0,0
117,0.0,0.033663366336633666,0.07482947971362847,1.0,-0.0,0,0
118,0.0,0.32079207920792085,0.22529049747846167,1.0,-0.0,0,0
119,0.0,0.3594059405940594,0.24703317523701074,1.0,-0.0,0,0
120,0.0,0.41980198019801984,0.2750408797626877,1.0,-0.0,0,0
121,0.0,0.41980198019801984,0.2750408797626877,1.0,-0.0,0,0
122,0.0,0.4811881188118812,0.2830921451243651,1.0,-0.0,0,0
123,0.0,0.194059405940594,0.17452724385370855,1.0,-0.0,0,0
124,0.0,0.16633663366336635,0.15687368174525435,1.0,-0.0,0,0
125,0.0,0.09702970297029702,0.13084299831035082,1.0,-0.0,0,0
126,0.0,0.09702970297029702,0.13084299831035082,1.0,-0.0,0,0
127,0.0,0.03564356435643565,0.08154954567118415,1.0,-0.0,0,0
128,0.0,0.03564356435643565,0.08154954567118415,1.0,-0.0,0,0
129,0.0,0.0594059405940594,0.0956253185556407,1.0,-0.0,0,0
130,0.0,0.0594059405940594,0.0956253185556407,1.0,-0.0,0,0
131,0.0,0.08316831683168316,0.11694909354640316,1.0,-0.0,0,0
132,0.0,0.10297029702970295,0.13383560593042218,1.0,-0.0,0,0
133,0.0,0.17227722772277224,0.1665722047113908,1.0,-0.0,0,0
134,0.0,0.33069306930693076,0.2616560262837058,1.0,-0.0,0,0
135,0.0,0.33069306930693076,0.2616560262837058,1.0,-0.0,0,0
136,0.0,0.3742574257425743,0.28792651198916097,1.0,-0.0,0,0
137,0.0,0.3544554455445545,0.2653317566447851,1.0,-0.0,0,0
138,0.0,0.2851485148514851,0.2522713212545122,1.0,-0.0,0,0
139,0.0,0.06534653465346535,0.11295810453031019,1.0,-0.0,0,0
140,0.0,0.06534653465346535,0.11295810453031019,1.0,-0.0,0,0
141,0.0,0.08118811881188118,0.11999411807954947,1.0,-0.0,0,0
142,0.0,0.11881188118811878,0.13838736799727644,1.0,-0.0,0,0
143,0.0,0.11881188118811878,0.13838736799727644,1.0,-0.0,0,0
144,0.0,0.11881188118811878,0.13838736799727644,1.0,-0.0,0,0
145,0.0,0.11881188118811878,0.13838736799727644,1.0,-0.0,0,0
146,0.0,0.08712871287128714,0.13024224675172555,1.0,-0.0,0,0
147,0.0,0.049504950495049514,0.09912864166957489,1.0,-0.0,0,0
148,0.0,0.12673267326732673,0.16821196500273505,1.0,-0.0,0,0
149,0.0,0.2693069306930693,0.2555299576544719,1.0,-0.0,0,0
150,0.0,0.27722772277227725,0.2639686405462663,1.0,-0.0,0,0
151,0.0,0.22772277227722773,0.2252034555954159,1.0,-0.0,0,0
152,0.0,0.22772277227722773,0.2252034555954159,1.0,-0.0,0,0
153,0.0,0.1603960396039604,0.18243632168365972,1.0,-0.0,0,0
154,0.0,0.017821782178217824,0.05698017651460656,1.0,-0.0,0,0
155,0.0,0.009900990099009901,0.04338396495090424,1.0,-0.0,0,0
156,0.0,0.009900990099009901,0.04338396495090424,1.0,-0.0,0,0
157,0.0,0.009900990099009901,0.04338396495090424,1.0,-0.0,0,0
158,0.0,0.0,0.0,1.0,-0.0,0,0
159,0.0,0.0,0.0,1.0,-0.0,0,0
160,0.0,0.0,0.0,1.0,-0.0,0,0
161,0.0,0.0,0.0,1.0,-0.0,0,0
162,0.0,0.0,0.0,1.0,-0.0,0,0
163,0.0,0.0,0.0,1.0,-0.0,0,0
164,0.0,0.0,0.0,1.0,-0.0,0,0
165,0.0,0.0,0.0,1.0,-0.0,0,0
166,0.0,0.031683168316831684,0.0730260947112308,1.0,-0.0,0,0
167,0.0,0.0594059405940594,0.0956253185556407,1.0,-0.0,0,0
168,0.0,0.0594059405940594,0.0956253185556407,1.0,-0.0,0,0
169,0.0,0.06930693069306931,0.10316052497133552,1.0,-0.0,0,0
170,0.0,0.06930693069306931,0.10316052497133552,1.0,-0.0,0,0
171,0.0,0.03762376237623763,0.07816140339006158,1.0,-0.0,0,0
172,0.0,0.06534653465346535,0.09793475658517416,1.0,-0.0,0,0
173,0.0,0.08118811881188118,0.11320083903331847,1.0,-0.0,0,0
174,0.0,0.17821782178217818,0.1589594632902137,1.0,-0.0,0,0
175,0.0,0.22772277227722773,0.19706701472672838,1.0,-0.0,0,0
176,0.0,0.22772277227722773,0.19706701472672838,1.0,-0.0,0,0
177,0.0,0.17227722772277226,0.17355845414780538,1.0,-0.0,0,0
178,0.0,0.491089108910891,0.31279608069668313,1.0,-0.0,0,0
179,0.0,0.5306930693069308,0.3497502855312533,1.0,-0.0,0,0
180,0.0,0.5663366336633664,0.33780808533746026,1.0,-0.0,0,0
181,0.0,0.6198019801980198,0.35544416558380015,1.0,-0.0,0,0
182,0.0,0.6336633663366337,0.35939366642980214,1.0,-0.0,0,0
183,0.2,0.34851485148514855,0.25118091834339135,1.0,-0.0,0,0
184,0.2,0.20594059405940587,0.19590954781832295,1.0,-0.0,0,0
185,0.4,0.1465346534653465,0.16140739700843432,0.058167400890974795,1.2353203414608016,0,0
186,0.4,0.09108910891089109,0.12750384183766536,0.007701602182696177,2.1134189181103133,0,0
187,0.4,0.07722772277227723,0.11593886073904515,0.002684759588187431,2.5710945979339663,0,0
188,0.2,0.027722772277227727,0.06910862719451544,0.0063361735559086295,2.1981729353735644,0,0
189,0.2,0.023762376237623766,0.06471340450838887,0.003231121245907738,2.4906467450338194,0,0
190,0.0,0.0,0.0,1.0,-0.0,0,0
191,0.2,0.025742574257425748,0.07264925278354116,0.008228653963589683,2.084671200510097,0,0
192,0.2,0.025742574257425748,0.07264925278354116,0.008228653963589683,2.084671200510097,0,0
193,0.6,0.2099009900990099,0.19574936009912708,0.02313896603323068,1.6356560514385072,0,0
194,0.6,0.2871287128712871,0.2187558729448155,0.07632545975534828,1.1173305709977326,0,0
195,1.0,0.4732673267326733,0.2921043788449232,0.0356757026527875,1.447627464457936,0,0
196,1.0,0.5128712871287129,0.31138889324916097,0.058864872277886414,1.2301437939552904,0,0
197,1.0,0.5683168316831684,0.3338733657693584,0.09801334757543607,1.0087147775357233,0,0
198,1.2,0.5346534653465347,0.2926274431897893,0.011492064737055612,1.9396019362071666,0,0
199,1.2,0.5524752475247524,0.3072052429052979,0.017524492700075993,1.7563545451585372,0,0
200,0.8,0.36633663366336633,0.2549615493133655,0.04448115325269718,1.3518239614262273,0,0
201,0.6,0.299009900990099,0.23984113946360017,0.10474734994637826,0.9798569556478072,0,0
202,0.6,0.3524752475247524,0.24070608156867712,0.15189783192479,0.8184484248852041,0,0
203,0.4,0.2712871287128713,0.20793022137977643,0.26795174118746956,0.5719434165055977,0,0
204,0.6,0.2633663366336633,0.1886495899218147,0.03717618885869924,1.4297351342648614,0,0
205,1.6,0.5465346534653466,0.32321539164030655,0.0005583801114404555,3.2530700589477317,0,0
206,2.4,0.798019801980198,0.37810894705825904,1.133530016237141e-05,4.945566975128501,0,0
207,2.8,0.7663366336633664,0.38183434999511573,5.018971479971186e-08,7.299385272165389,0,0
208,3.0,0.8415841584158418,0.3841584158415841,9.627960219404665e-09,8.016465712801736,0,0
209,3.6,0.9584158415841585,0.40717994823430803,4.3633162170878756e-11,10.360183311798899,0,0
210,3.0,0.8059405940594059,0.36636339211880276,1.057288172013498e-09,8.97580662626093,0,0
211,2.2,0.5722772277227723,0.2925202241907922,1.3146806554157538e-08,7.881179727351948,0,0
212,1.8,0.5168316831683167,0.27325297709490076,1.3271849571715184e-06,5.877068549417712,0,0
213,1.2,0.3722772277227723,0.25177343731785756,0.0005052805047292448,3.2964674578509157,0,0
214,0.4,0.16831683168316827,0.18611754673281874,0.10659864155188249,0.9722483297398453,0,0
215,0.2,0.05148514851485149,0.08744317689433512,0.04471467951449677,1.3495498776386112,0,0
216,0.4,0.05544554455445545,0.08952597667688963,5.9384454031489346e-05,4.226327231988299,0,0
217,0.4,0.05940594059405942,0.09138994660763824,9.695466705811596e-05,4.013431280666738,0,0
218,0.4,0.05940594059405942,0.09138994660763824,9.695466705811596e-05,4.013431280666738,0,0
219,0.4,0.05940594059405942,0.09138994660763824,9.695466705811596e-05,4.013431280666738,0,0
220,0.2,0.057425742574257435,0.09476028605152792,0.06621628156331662,1.1790352111084907,0,0
221,0.0,0.03564356435643565,0.08154954567118416,1.0,-0.0,0,0
222,0.0,0.011881188118811883,0.047276579747775535,1.0,-0.0,0,0
223,0.0,0.011881188118811883,0.047276579747775535,1.0,-0.0,0,0
224,0.0,0.011881188118811883,0.047276579747775535,1.0,-0.0,0,0
225,0.2,0.015841584158415842,0.05401260078014202,0.00032535620257014524,3.4876409094885674,0,0
226,0.2,0.015841584158415842,0.05401260078014202,0.00032535620257014524,3.4876409094885674,0,0
227,0.4,0.10693069306930691,0.13368903310588712,0.014183557714894442,1.8482148197771036,0,0
228,0.4,0.10693069306930691,0.13368903310588712,0.014183557714894442,1.8482148197771036,0,0
229,0.4,0.10693069306930691,0.13368903310588712,0.014183557714894442,1.8482148197771036,0,0
230,0.2,0.09108910891089109,0.1243589581632284,0.19057525368436823,0.7199334934461744,0,0
231,0.2,0.09108910891089109,0.1243589581632284,0.19057525368436823,0.7199334934461744,0,0
232,0.0,0.0,0.0,1.0,-0.0,0,0
233,0.2,0.07326732673267328,0.11159606181073561,0.12805415268855674,0.8926063331621106,0,0
234,0.2,0.07326732673267328,0.11159606181073561,0.12805415268855674,0.8926063331621106,0,0
235,0.2,0.07326732673267328,0.11159606181073561,0.12805415268855674,0.8926063331621106,0,0
236,0.2,0.13663366336633662,0.16393839236292437,0.34955383374135385,0.4564859303720934,0,0
237,0.2,0.14356435643564355,0.16910705589447975,0.3692926682028659,0.43262931458201914,0,0
238,0.0,0.06930693069306931,0.12084076279122662,1.0,-0.0,0,0
239,0.6,0.22970297029702966,0.1957693907320881,0.029279078742241,1.5334425923491495,0,0
240,0.6,0.3,0.2329322342282713,0.09888547386788078,1.0048675009444137,0,0
241,0.6,0.38217821782178224,0.25962503029796624,0.20073856509333404,0.6973691845713677,0,0
242,0.6,0.42574257425742573,0.2865477222005502,0.2715516009599531,0.5661476324367235,0,0
243,0.6,0.46732673267326735,0.31121254743567744,0.33494069782956215,0.4750320791876721,0,0
244,0.0,0.3069306930693069,0.2693069306930693,1.0,-0.0,0,0
245,0.0,0.2376237623762376,0.2432663394524549,1.0,-0.0,0,0
246,0.0,0.10693069306930691,0.15041686348382535,1.0,-0.0,0,0
247,0.0,0.057425742574257435,0.10277971700879983,1.0,-0.0,0,0
248,0.0,0.015841584158415842,0.05401260078014202,1.0,-0.0,0,0
249,0.0,0.1881188118811881,0.18630706513012396,1.0,-0.0,0,0
250,0.2,0.2475247524752475,0.23233385819665348,1.0,-0.0,0,0
251,0.4,0.4811881188118812,0.3110865249371166,1.0,-0.0,0,0
252,0.4,0.4811881188118812,0.3110865249371166,1.0,-0.0,0,0
253,0.4,0.5683168316831684,0.3326850540109053,1.0,-0.0,0,0
254,0.4,0.4297029702970297,0.27773644977879985,1.0,-0.0,0,0
255,0.2,0.4970297029702971,0.30780456881449975,1.0,-0.0,0,0
256,0.0,0.3623762376237625,0.2753401083695103,1.0,-0.0,0,0
257,0.0,0.3623762376237625,0.2753401083695103,1.0,-0.0,0,0
258,0.0,0.293069306930693,0.24945779846769936,1.0,-0.0,0,0
259,0.0,0.2594059405940593,0.2363828987388777,1.0,-0.0,0,0
260,0.0,0.1306930693069307,0.16988206407546308,1.0,-0.0,0,0
261,0.0,0.0871287128712871,0.12401163019288061,1.0,-0.0,0,0
262,0.0,0.1287128712871287,0.1556440682228007,1.0,-0.0,0,0
263,0.0,0.11089108910891088,0.1527963700899836,1.0,-0.0,0,0
264,0.0,0.12475247524752475,0.17084874938711278,1.0,-0.0,0,0
265,0.0,0.28910891089108914,0.24450434408621793,1.0,-0.0,0,0
266,0.0,0.21980198019801975,0.20586441850878456,1.0,-0.0,0,0
267,0.0,0.21188118811881182,0.18842081022360838,1.0,-0.0,0,0
268,0.0,0.3366336633663367,0.22678238894606587,1.0,-0.0,0,0
269,0.0,0.32079207920792085,0.2199535647138513,1.0,-0.0,0,0
270,0.0,0.1584158415841584,0.15238521194115637,1.0,-0.0,0,0
271,0.0,0.17227722772277224,0.15422679190986735,1.0,-0.0,0,0
272,0.0,0.1386138613861386,0.1312320120853932,1.0,-0.0,0,0
273,0.2,0.0594059405940594,0.10357779667819421,0.08733081746926054,1.0588324745635311,0,0
274,0.2,0.12673267326732673,0.16821196500273505,0.3315760073519535,0.4794169022822943,0,0
275,0.2,0.14059405940594058,0.17244784995704746,0.36524025761990064,0.43742135956436157,0,0
276,0.2,0.15841584158415842,0.17870121461668875,0.40799634638786464,0.38934372600495837,0,0
277,0.2,0.2554455445544554,0.22536010677951354,1.0,-0.0,0,0
278,0.0,0.24950495049504945,0.23106458844855168,1.0,-0.0,0,0
279,0.0,0.18217821782178217,0.20118266149922803,1.0,-0.0,0,0
280,0.0,0.16831683168316827,0.19444294287406302,1.0,-0.0,0,0
281,0.0,0.13663366336633664,0.18224277805692737,1.0,-0.0,0,0
282,0.0,0.039603960396039604,0.08908690597387718,1.0,-0.0,0,0
283,0.0,0.0,0.0,1.0,-0.0,0,0
284,0.0,0.0,0.0,1.0,-0.0,0,0
285,0.0,0.0,0.0,1.0,-0.0,0,0
286,0.0,0.0,0.0,1.0,-0.0,0,0
287,0.0,0.0,0.0,1.0,-0.0,0,0
288,0.0,0.0,0.0,1.0,-0.0,0,0
289,0.0,0.0,0.0,1.0,-0.0,0,0
290,0.0,0.0,0.0,1.0,-0.0,0,0
291,0.0,0.0,0.0,1.0,-0.0,0,0
292,0.0,0.0,0.0,1.0,-0.0,0,0
293,0.0,0.0,0.0,1.0,-0.0,0,0
294,0.0,0.0,0.0,1.0,-0.0,0,0
295,0.0,0.0039603960396039604,0.027863855998951068,1.0,-0.0,0,0
296,0.0,0.0039603960396039604,0.027863855998951068,1.0,-0.0,0,0
297,0.0,0.0039603960396039604,0.027863855998951068,1.0,-0.0,0,0
298,0.0,0.0039603960396039604,0.027863855998951068,1.0,-0.0,0,0
299,0.0,0.0039603960396039604,0.027863855998951068,1.0,-0.0,0,0
300,0.0,0.0,0.0,1.0,-0.0,0,0
301,0.0,0.0,0.0,1.0,-0.0,0,0
302,0.0,0.0,0.0,1.0,-0.0,0,0
303,0.0,0.1089108910891089,0.13937555924568534,1.0,-0.0,0,0
304,0.0,0.1267326732673267,0.1454872925680942,1.0,-0.0,0,0
305,0.0,0.18415841584158413,0.18170407519927861,1.0,-0.0,0,0
306,0.2,0.30297029702970296,0.23312574499424055,1.0,-0.0,0,0
307,0.2,0.39603960396039606,0.27283650930138353,1.0,-0.0,0,0
308,0.2,0.4455445544554455,0.27558210308300685,1.0,-0.0,0,0
309,0.2,0.4297029702970297,0.2719728271428023,1.0,-0.0,0,0
310,0.2,0.6178217821782178,0.30455162289944415,1.0,-0.0,0,0
311,0.0,0.5485148514851484,0.27090382692534953,1.0,-0.0,0,0
312,0.0,0.4554455445544555,0.26568620198590204,1.0,-0.0,0,0
313,0.0,0.29504950495049503,0.24950495049504945,1.0,-0.0,0,0
314,0.0,0.29900990099009894,0.251134080989904,1.0,-0.0,0,0
315,0.0,0.11287128712871286,0.16268986856589096,1.0,-0.0,0,0
316,0.0,0.06336633663366337,0.1224524739306163,1.0,-0.0,0,0
317,0.0,0.06336633663366337,0.1224524739306163,1.0,-0.0,0,0
318,0.0,0.19603960396039596,0.2029099161576158,1.0,-0.0,0,0
319,0.0,0.23366336633663365,0.20308376446837878,1.0,-0.0,0,0
320,0.0,0.17425742574257425,0.17724708119287327,1.0,-0.0,0,0
321,0.0,0.2653465346534653,0.2070230501177842,1.0,-0.0,0,0
322,0.0,0.3900990099009901,0.24108046826161078,1.0,-0.0,0,0
323,0.0,0.4000000000000001,0.26550903846187707,1.0,-0.0,0,0
324,0.0,0.37623762376237624,0.26143113924062394,1.0,-0.0,0,0
325,0.0,0.41584158415841577,0.27094724679905036,1.0,-0.0,0,0
326,0.0,0.3584158415841584,0.2568920591339365,1.0,-0.0,0,0
327,0.0,0.24752475247524752,0.21827136321830296,1.0,-0.0,0,0
328,0.0,0.10495049504950495,0.13377699607171908,1.0,-0.0,0,0
329,0.0,0.10495049504950495,0.14513649268759363,1.0,-0.0,0,0
330,0.0,0.15247524752475247,0.1715359035858037,1.0,-0.0,0,0
331,0.0,0.25148514851485143,0.22277007699683543,1.0,-0.0,0,0
332,0.0,0.291089108910891,0.2243136991446542,1.0,-0.0,0,0
333,0.0,0.3326732673267327,0.24091776292603453,1.0,-0.0,0,0
334,0.0,0.3148514851485148,0.22924159879176859,1.0,-0.0,0,0
335,0.0,0.22772277227722768,0.2010461805385672,1.0,-0.0,0,0
336,0.0,0.09306930693069307,0.12448501897427099,1.0,-0.0,0,0
337,0.0,0.039603960396039604,0.08452453849668534,1.0,-0.0,0,0
338,0.0,0.0,0.0,1.0,-0.0,0,0
339,0.0,0.0,0.0,1.0,-0.0,0,0
