,foreground,bg_means,bg_stdev,pvals,minus_logs,regs,active
2,0.0,0.49900990099009906,0.2619406060352026,1.0,-0.0,0,0
3,0.0,0.36039603960396044,0.22518604318145746,1.0,-0.0,0,0
4,0.0,0.3544554455445545,0.21959672871521851,1.0,-0.0,0,0
5,0.0,0.3801980198019803,0.23294065108257056,1.0,-0.0,0,0
6,0.0,0.17029702970297025,0.15767151871203472,1.0,-0.0,0,0
7,0.0,0.40198019801980206,0.2571666632306538,1.0,-0.0,0,0
8,0.0,0.35841584158415846,0.24586373378485155,1.0,-0.0,0,0
9,0.0,0.27326732673267323,0.2174975083999363,1.0,-0.0,0,0
10,0.0,0.24752475247524755,0.20517756589288905,1.0,-0.0,0,0
11,0.0,0.24752475247524755,0.20517756589288905,1.0,-0.0,0,0
12,0.0,0.0,0.0,1.0,-0.0,0,0
13,0.0,0.15247524752475247,0.15707352091130253,1.0,-0.0,0,0
14,0.0,0.3544554455445545,0.22139286905938516,1.0,-0.0,0,0
15,0.0,0.3544554455445545,0.22139286905938516,1.0,-0.0,0,0
16,0.0,0.36831683168316837,0.22990772710811866,1.0,-0.0,0,0
17,0.0,0.36831683168316837,0.22990772710811866,1.0,-0.0,0,0
18,0.0,0.2495049504950495,0.18964467158515452,1.0,-0.0,0,0
19,0.0,0.29108910891089107,0.2346680866063453,1.0,-0.0,0,0
20,0.0,0.29108910891089107,0.2346680866063453,1.0,-0.0,0,0
21,0.0,0.2772277227722772,0.21428268001455503,1.0,-0.0,0,0
22,0.0,0.3346534653465346,0.23732654679728532,1.0,-0.0,0,0
23,0.0,0.299009900990099,0.22972004033534676,1.0,-0.0,0,0
24,0.0,0.05544554455445545,0.09384550979067553,1.0,-0.0,0,0
25,0.0,0.05544554455445545,0.09384550979067553,1.0,-0.0,0,0
26,0.0,0.31881188118811893,0.25513066785594307,1.0,-0.0,0,0
27,0.0,0.2633663366336634,0.23702895853378222,1.0,-0.0,0,0
28,0.0,0.2633663366336634,0.23702895853378222,1.0,-0.0,0,0
29,0.0,0.2633663366336634,0.23702895853378222,1.0,-0.0,0,0
30,0.0,0.2633663366336634,0.23702895853378222,1.0,-0.0,0,0
31,0.0,0.0,0.0,1.0,-0.0,0,0
32,0.0,0.015841584158415842,0.05401260078014202,1.0,-0.0,0,0
33,0.0,0.015841584158415842,0.05401260078014202,1.0,-0.0,0,0
34,0.0,0.0613861386138614,0.11166631429601336,1.0,-0.0,0,0
35,0.0,0.0613861386138614,0.11166631429601336,1.0,-0.0,0,0
36,0.0,0.0613861386138614,0.11166631429601336,1.0,-0.0,0,0
37,0.0,0.2138613861386138,0.19550883243085124,1.0,-0.0,0,0
38,0.0,0.2138613861386138,0.19550883243085124,1.0,-0.0,0,0
39,0.0,0.16831683168316824,0.1705731126127369,1.0,-0.0,0,0
40,0.0,0.16831683168316824,0.1705731126127369,1.0,-0.0,0,0
41,0.0,0.19009900990099005,0.18535753542711383,1.0,-0.0,0,0
42,0.0,0.021782178217821784,0.06230547612891991,1.0,-0.0,0,0
43,0.0,0.16831683168316827,0.14821091010823154,1.0,-0.0,0,0
44,0.0,0.4435643564356436,0.25110285123401754,1.0,-0.0,0,0
45,0.0,0.4435643564356436,0.25110285123401754,1.0,-0.0,0,0
46,0.0,0.4217821782178218,0.2515708905054613,1.0,-0.0,0,0
47,0.0,0.4217821782178218,0.2515708905054613,1.0,-0.0,0,0
48,0.0,0.27524752475247516,0.20069480331595924,1.0,-0.0,0,0
49,0.0,0.019801980198019802,0.059735061897023205,1.0,-0.0,0,0
50,0.0,0.08118811881188118,0.12951766673875512,1.0,-0.0,0,0
51,0.0,0.08118811881188118,0.12951766673875512,1.0,-0.0,0,0
52,0.0,0.08118811881188118,0.12951766673875512,1.0,-0.0,0,0
53,0.0,0.08118811881188118,0.12951766673875512,1.0,-0.0,0,0
54,0.0,0.0613861386138614,0.11166631429601336,1.0,-0.0,0,0
55,0.0,0.0,0.0,1.0,-0.0,0,0
56,0.0,0.0,0.0,1.0,-0.0,0,0
57,0.0,0.011881188118811881,0.047276579747775535,1.0,-0.0,0,0
58,0.0,0.011881188118811881,0.047276579747775535,1.0,-0.0,0,0
59,0.0,0.011881188118811881,0.047276579747775535,1.0,-0.0,0,0
60,0.0,0.011881188118811881,0.047276579747775535,1.0,-0.0,0,0
61,0.0,0.011881188118811881,0.047276579747775535,1.0,-0.0,0,0
62,0.0,0.0,0.0,1.0,-0.0,0,0
63,0.0,0.031683168316831684,0.0730260947112308,1.0,-0.0,0,0
64,0.0,0.031683168316831684,0.0730260947112308,1.0,-0.0,0,0
65,0.0,0.031683168316831684,0.0730260947112308,1.0,-0.0,0,0
66,0.2,0.10495049504950495,0.13957235791450373,0.24793409227042545,0.6056637513002845,0,0
67,0.2,0.15049504950495046,0.16021258301915867,0.3786625146087016,0.42174768538449225,0,0
68,0.2,0.23960396039603957,0.18883656715060818,1.0,-0.0,0,0
69,0.4,0.3465346534653467,0.25930766787914217,0.41832320967241665,0.3784880389502702,0,0
70,0.4,0.3465346534653467,0.25930766787914217,0.41832320967241665,0.3784880389502702,0,0
71,0.2,0.3514851485148516,0.24560044078158055,1.0,-0.0,0,0
72,0.4,0.42376237623762375,0.2703677418113619,1.0,-0.0,0,0
73,0.4,0.3564356435643564,0.23815122975640254,0.42742753926520144,0.3691374995664122,0,0
74,0.2,0.2495049504950495,0.20373918601017005,1.0,-0.0,0,0
75,0.2,0.2495049504950495,0.20373918601017005,1.0,-0.0,0,0
76,0.2,0.17029702970297028,0.17885474744676658,0.434049694162681,0.36246054545261197,0,0
77,0.0,0.05346534653465347,0.09704990696905226,1.0,-0.0,0,0
78,0.0,0.0,0.0,1.0,-0.0,0,0
79,0.0,0.0,0.0,1.0,-0.0,0,0
80,0.0,0.0,0.0,1.0,-0.0,0,0
81,0.0,0.017821782178217824,0.05698017651460656,1.0,-0.0,0,0
82,0.0,0.033663366336633666,0.08475617647141663,1.0,-0.0,0,0
83,0.0,0.033663366336633666,0.08475617647141663,1.0,-0.0,0,0
84,0.0,0.05742574257425742,0.10277971700879983,1.0,-0.0,0,0
85,0.0,0.05742574257425742,0.10277971700879983,1.0,-0.0,0,0
86,0.0,0.039603960396039604,0.08908690597387718,1.0,-0.0,0,0
87,0.0,0.023762376237623766,0.07056843438101175,1.0,-0.0,0,0
88,0.0,0.023762376237623766,0.07056843438101175,1.0,-0.0,0,0
89,0.0,0.023762376237623766,0.07056843438101175,1.0,-0.0,0,0
90,0.0,0.023762376237623766,0.07056843438101175,1.0,-0.0,0,0
91,0.0,0.023762376237623766,0.07056843438101175,1.0,-0.0,0,0
92,0.0,0.023762376237623766,0.07056843438101175,1.0,-0.0,0,0
93,0.0,0.023762376237623766,0.07056843438101175,1.0,-0.0,0,0
94,0.0,0.0,0.0,1.0,-0.0,0,0
95,0.0,0.0,0.0,1.0,-0.0,0,0
96,0.0,0.0,0.0,1.0,-0.0,0,0
97,0.0,0.0,0.0,1.0,-0.0,0,0
98,0.0,0.0,0.0,1.0,-0.0,0,0
99,0.0,0.0,0.0,1.0,-0.0,0,0
100,0.0,0.0,0.0,1.0,-0.0,0,0
101,0.0,0.0,0.0,1.0,-0.0,0,0
102,0.0,0.0,0.0,1.0,-0.0,0,0
103,0.0,0.0,0.0,1.0,-0.0,0,0
104,0.0,0.0,0.0,1.0,-0.0,0,0
105,0.0,0.0,0.0,1.0,-0.0,0,0
106,0.0,0.0,0.0,1.0,-0.0,0,0
107,0.0,0.007920792079207921,0.03900537743285587,1.0,-0.0,0,0
108,0.0,0.025742574257425748,0.06697637435757531,1.0,-0.0,0,0
109,0.0,0.025742574257425748,0.06697637435757531,1.0,-0.0,0,0
110,0.0,0.041584158415841586,0.08590499787518362,1.0,-0.0,0,0
111,0.0,0.041584158415841586,0.08590499787518362,1.0,-0.0,0,0
112,0.2,0.07326732673267328,0.11159606181073561,0.12805415268855674,0.8926063331621106,0,0
113,0.2,0.05544554455445544,0.09797478714338996,0.07004915208881982,1.1545971172715026,0,0
114,0.2,0.05544554455445544,0.09797478714338996,0.07004915208881982,1.1545971172715026,0,0
115,0.2,0.03960396039603961,0.08452453849668534,0.028872622852877186,1.5395137620565469,0,0
116,0.4,0.06336633663366337,0.10874875419996817,0.0009823491490400878,3.0077341267229323,0,0
117,0.2,0.023762376237623766,0.06471340450838887,0.003231121245907738,2.4906467450338194,0,0
118,0.4,0.06336633663366337,0.10504385908811757,0.0006760253672663784,3.1700370072283235,0,0
119,0.4,0.06336633663366337,0.10504385908811757,0.0006760253672663784,3.1700370072283235,0,0
120,0.4,0.06336633663366337,0.10504385908811757,0.0006760253672663784,3.1700370072283235,0,0
121,0.2,0.039603960396039604,0.09342674148186497,0.04300687269944554,1.3664621365845593,0,0
122,0.2,0.039603960396039604,0.09342674148186497,0.04300687269944554,1.3664621365845593,0,0
123,0.0,0.0,0.0,1.0,-0.0,0,0
124,0.0,0.0,0.0,1.0,-0.0,0,0
125,0.0,0.0,0.0,1.0,-0.0,0,0
126,0.0,0.0,0.0,1.0,-0.0,0,0
127,0.0,0.023762376237623766,0.07056843438101175,1.0,-0.0,0,0
128,0.0,0.023762376237623766,0.07056843438101175,1.0,-0.0,0,0
129,0.0,0.023762376237623766,0.07056843438101175,1.0,-0.0,0,0
130,0.0,0.023762376237623766,0.07056843438101175,1.0,-0.0,0,0
131,0.0,0.04158415841584159,0.09039772047931348,1.0,-0.0,0,0
132,0.0,0.017821782178217824,0.05698017651460656,1.0,-0.0,0,0
133,0.0,0.017821782178217824,0.05698017651460656,1.0,-0.0,0,0
134,0.0,0.017821782178217824,0.05698017651460656,1.0,-0.0,0,0
135,0.0,0.017821782178217824,0.05698017651460656,1.0,-0.0,0,0
136,0.0,0.009900990099009901,0.04338396495090425,1.0,-0.0,0,0
137,0.0,0.009900990099009901,0.04338396495090425,1.0,-0.0,0,0
138,0.0,0.009900990099009901,0.04338396495090425,1.0,-0.0,0,0
139,0.0,0.009900990099009901,0.04338396495090425,1.0,-0.0,0,0
140,0.0,0.023762376237623766,0.06471340450838889,1.0,-0.0,0,0
141,0.0,0.013861386138613863,0.05079507064705211,1.0,-0.0,0,0
142,0.0,0.013861386138613863,0.05079507064705211,1.0,-0.0,0,0
143,0.0,0.013861386138613863,0.05079507064705211,1.0,-0.0,0,0
144,0.0,0.013861386138613863,0.05079507064705211,1.0,-0.0,0,0
145,0.0,0.0,0.0,1.0,-0.0,0,0
146,0.0,0.0,0.0,1.0,-0.0,0,0
147,0.0,0.0,0.0,1.0,-0.0,0,0
148,0.0,0.0,0.0,1.0,-0.0,0,0
149,0.0,0.0,0.0,1.0,-0.0,0,0
150,0.0,0.0,0.0,1.0,-0.0,0,0
151,0.0,0.0,0.0,1.0,-0.0,0,0
152,0.6,0.29306930693069305,0.2397430248595912,0.10022884374252101,0.9990072797104418,0,0
153,0.6,0.29306930693069305,0.2397430248595912,0.10022884374252101,0.9990072797104418,0,0
154,0.6,0.3940594059405941,0.2764061376065622,0.22811615289060555,0.6418439612692475,0,0
155,0.6,0.5188118811881188,0.3161378541540611,0.3986618013540269,0.39939537521273605,0,0
156,0.6,0.6158415841584158,0.33735508022252436,1.0,-0.0,0,0
157,0.2,0.37623762376237624,0.27472705261029107,1.0,-0.0,0,0
158,0.4,0.41584158415841593,0.2879537480968688,1.0,-0.0,0,0
159,1.0,0.5821782178217823,0.3283309244667341,0.1015865797440313,0.9931636614229384,0,0
160,1.8,0.6574257425742573,0.276235849385692,1.7653125132983065e-05,4.753178400311987,0,0
161,2.2,0.7287128712871285,0.3191376479658604,2.0114469340390657e-06,5.6964914204916814,0,0
162,2.8,0.8712871287128712,0.3632462639177057,5.491603163693023e-08,7.260300853453705,0,0
163,2.8,0.9465346534653465,0.37112735836350036,2.954787224476294e-07,6.529473787392842,0,0
164,2.2,0.679207920792079,0.3045258712718752,2.9575791142597445e-07,6.529063629311393,0,0
165,1.4,0.492079207920792,0.25858838744642976,0.0002231571218965601,3.6513892484110797,0,0
166,1.0,0.3247524752475249,0.23856250217577826,0.0023238763271857866,2.6337869880932123,0,0
167,0.2,0.1277227722772277,0.15032559506261184,0.3153277136676648,0.5012378581007583,0,0
168,0.0,0.013861386138613863,0.05079507064705211,1.0,-0.0,0,0
169,0.0,0.013861386138613863,0.05079507064705211,1.0,-0.0,0,0
170,0.0,0.0,0.0,1.0,-0.0,0,0
171,0.0,0.0,0.0,1.0,-0.0,0,0
172,0.0,0.0,0.0,1.0,-0.0,0,0
173,0.2,0.07128712871287128,0.11801714396634724,0.13771817209143733,0.8610087502417649,0,0
174,0.2,0.07128712871287128,0.11801714396634724,0.13771817209143733,0.8610087502417649,0,0
175,0.2,0.09306930693069305,0.1306930693069307,0.20662668774682014,0.6848135860465708,0,0
176,0.2,0.09306930693069305,0.1306930693069307,0.20662668774682014,0.6848135860465708,0,0
177,0.2,0.09306930693069305,0.1306930693069307,0.20662668774682014,0.6848135860465708,0,0
178,0.0,0.021782178217821784,0.06230547612891991,1.0,-0.0,0,0
179,0.2,0.05940594059405942,0.10733330877518932,0.0951177364230414,1.0217384934469724,0,0
180,0.4,0.061386138613861385,0.10433219700847123,0.0005861494943187688,3.231991605351054,0,0
181,0.4,0.061386138613861385,0.10433219700847123,0.0005861494943187688,3.231991605351054,0,0
182,1.2,0.1584158415841584,0.18090385101871284,4.2642155964219e-09,8.370160845733523,0,0
183,1.2,0.17227722772277224,0.1802741651760957,5.9592565494223315e-09,8.22480791754549,0,0
184,1.0,0.13366336633663362,0.1568736817452543,1.6709443113956067e-08,7.7770380238687915,0,0
185,0.8,0.10891089108910892,0.1529246303073887,3.10444224445361e-06,5.508016415427732,0,0
186,0.8,0.13465346534653466,0.16676042195189944,3.3059665186910426e-05,4.480701549077142,0,0
187,0.2,0.0891089108910891,0.13042276277287215,0.19759489744115794,0.7042242745346299,0,0
188,1.0,0.2178217821782178,0.1992043776627215,4.309344237749025e-05,4.365588812343861,0,0
189,1.0,0.22772277227722768,0.19504699199265746,3.756256263788215e-05,4.425244786439837,0,0
190,1.0,0.2514851485148515,0.2022711939897702,0.00010756595508645833,3.9683251622910913,0,0
191,1.4,0.3465346534653466,0.21040477559032864,2.7663871079408984e-07,6.5580870479868585,0,0
192,1.2,0.29900990099009905,0.18800413388384826,8.240095315134847e-07,6.084067764686659,0,0
193,0.4,0.1584158415841584,0.15496235680407014,0.059499836472546516,1.2254842278709173,0,0
194,0.4,0.21188118811881188,0.196648718676233,0.16937862771473283,0.7711413900568345,0,0
195,1.0,0.37623762376237624,0.25529967436909773,0.007277710886441215,2.1380052011429123,0,0
196,0.8,0.40000000000000013,0.22515121431369342,0.037818371458054834,1.4222971767603694,0,0
197,1.2,0.5940594059405941,0.30371357734713417,0.02301569351507111,1.637975934294635,0,0
198,1.2,0.6990099009900991,0.3325553775086056,0.06597119889649708,1.180645623401707,0,0
199,1.2,0.6534653465346535,0.31951831210344483,0.04358713709597106,1.3606416555121148,0,0
200,1.0,0.6435643564356436,0.297319990164332,0.1152973415202392,0.9381807063774692,0,0
201,0.8,0.500990099009901,0.2542685294142498,0.11980520938372359,0.9215242974941411,0,0
202,0.4,0.3386138613861387,0.21934659811561177,0.3897928087486242,0.4091661774031059,0,0
203,0.4,0.2316831683168317,0.19444294287406302,0.1933448747702322,0.7136673358149042,0,0
204,0.4,0.21386138613861388,0.18295143702892827,0.15447662427530529,0.8111372296133449,0,0
205,0.0,0.03564356435643565,0.08626938974571076,1.0,-0.0,0,0
206,0.0,0.12475247524752475,0.1511709677939985,1.0,-0.0,0,0
207,0.0,0.0891089108910891,0.13042276277287215,1.0,-0.0,0,0
208,0.0,0.15643564356435644,0.18584345673901093,1.0,-0.0,0,0
209,0.0,0.15643564356435644,0.18584345673901093,1.0,-0.0,0,0
210,0.0,0.21188118811881188,0.2064730360037557,1.0,-0.0,0,0
211,0.0,0.12178217821782175,0.14044058001185858,1.0,-0.0,0,0
212,0.0,0.12178217821782175,0.14044058001185858,1.0,-0.0,0,0
213,0.0,0.05544554455445545,0.09384550979067555,1.0,-0.0,0,0
214,0.0,0.05544554455445545,0.09384550979067555,1.0,-0.0,0,0
215,0.0,0.0,0.0,1.0,-0.0,0,0
216,0.0,0.017821782178217824,0.056980176514606566,1.0,-0.0,0,0
217,0.0,0.017821782178217824,0.056980176514606566,1.0,-0.0,0,0
218,0.0,0.017821782178217824,0.056980176514606566,1.0,-0.0,0,0
219,0.0,0.017821782178217824,0.056980176514606566,1.0,-0.0,0,0
220,0.0,0.017821782178217824,0.056980176514606566,1.0,-0.0,0,0
221,0.0,0.0,0.0,1.0,-0.0,0,0
222,0.0,0.0,0.0,1.0,-0.0,0,0
223,0.0,0.0,0.0,1.0,-0.0,0,0
224,0.0,0.0,0.0,1.0,-0.0,0,0
225,0.0,0.0,0.0,1.0,-0.0,0,0
226,0.0,0.0,0.0,1.0,-0.0,0,0
227,0.0,0.0,0.0,1.0,-0.0,0,0
228,0.0,0.0,0.0,1.0,-0.0,0,0
229,0.0,0.0,0.0,1.0,-0.0,0,0
230,0.0,0.0,0.0,1.0,-0.0,0,0
231,0.0,0.025742574257425748,0.0669763743575753,1.0,-0.0,0,0
232,0.4,0.1782178217821782,0.16863104044391106,0.0942227086213532,1.0258444152495685,0,0
233,0.4,0.1782178217821782,0.16863104044391106,0.0942227086213532,1.0258444152495685,0,0
234,0.6,0.23960396039603957,0.1990468415545198,0.03510068468224966,1.4546844120007645,0,0
235,0.6,0.23960396039603957,0.1990468415545198,0.03510068468224966,1.4546844120007645,0,0
236,0.6,0.2752475247524752,0.24185993024932798,0.08967978135597211,1.0473054592446016,0,0
237,0.2,0.12277227722772277,0.1687937332366423,0.32364608111067705,0.48992964729679145,0,0
238,0.2,0.12277227722772277,0.1687937332366423,0.32364608111067705,0.48992964729679145,0,0
239,0.0,0.11485148514851484,0.13886822488939993,1.0,-0.0,0,0
240,0.0,0.11485148514851484,0.13886822488939993,1.0,-0.0,0,0
241,0.0,0.05346534653465347,0.09287951999650357,1.0,-0.0,0,0
242,0.0,0.08316831683168317,0.12028786177019754,1.0,-0.0,0,0
243,0.0,0.10297029702970298,0.13383560593042218,1.0,-0.0,0,0
244,0.0,0.04950495049504951,0.09912864166957489,1.0,-0.0,0,0
245,0.0,0.04950495049504951,0.09912864166957489,1.0,-0.0,0,0
246,0.0,0.04950495049504951,0.09912864166957489,1.0,-0.0,0,0
247,0.0,0.14455445544554457,0.16914183369554556,1.0,-0.0,0,0
248,0.0,0.12277227722772276,0.15148191286261606,1.0,-0.0,0,0
249,0.0,0.38613861386138615,0.2505557004021645,1.0,-0.0,0,0
250,0.0,0.46534653465346526,0.27876518510851644,1.0,-0.0,0,0
251,0.0,0.49306930693069306,0.2905295355693351,1.0,-0.0,0,0
252,0.0,0.39009900990099017,0.2719584092019464,1.0,-0.0,0,0
253,0.0,0.39009900990099017,0.2719584092019464,1.0,-0.0,0,0
254,0.0,0.1504950495049505,0.14462225454661556,1.0,-0.0,0,0
255,0.0,0.06930693069306931,0.10693069306930696,1.0,-0.0,0,0
256,0.0,0.041584158415841586,0.08116396646304633,1.0,-0.0,0,0
257,0.0,0.03762376237623763,0.07816140339006158,1.0,-0.0,0,0
258,0.0,0.049504950495049514,0.09912864166957489,1.0,-0.0,0,0
259,0.0,0.08712871287128712,0.12401163019288061,1.0,-0.0,0,0
260,0.0,0.09504950495049502,0.13078304733432372,1.0,-0.0,0,0
261,0.0,0.12277227722772276,0.1566235242240411,1.0,-0.0,0,0
262,0.0,0.10693069306930691,0.14776046024695155,1.0,-0.0,0,0
263,0.0,0.11485148514851483,0.15503825054307632,1.0,-0.0,0,0
264,0.0,0.05544554455445544,0.10575073206193022,1.0,-0.0,0,0
265,0.0,0.04752475247524753,0.10205226714237722,1.0,-0.0,0,0
266,0.0,0.019801980198019802,0.06603299802191315,1.0,-0.0,0,0
267,0.0,0.019801980198019802,0.06603299802191315,1.0,-0.0,0,0
268,0.0,0.04554455445544554,0.08846854615322249,1.0,-0.0,0,0
269,0.0,0.04554455445544554,0.08846854615322249,1.0,-0.0,0,0
270,0.0,0.061386138613861385,0.10433219700847123,1.0,-0.0,0,0
271,0.0,0.28118811881188116,0.22546448043548958,1.0,-0.0,0,0
272,0.0,0.47524752475247517,0.2909206759953577,1.0,-0.0,0,0
273,0.0,0.4297029702970297,0.2719728271428023,1.0,-0.0,0,0
274,0.0,0.4297029702970297,0.2719728271428023,1.0,-0.0,0,0
275,0.0,0.7267326732673266,0.4026867905813341,1.0,-0.0,0,0
276,0.0,0.6,0.3658707232597518,1.0,-0.0,0,0
277,0.0,0.4198019801980198,0.2998414769227359,1.0,-0.0,0,0
278,0.0,0.4198019801980198,0.2998414769227359,1.0,-0.0,0,0
279,0.0,0.4198019801980198,0.2998414769227359,1.0,-0.0,0,0
280,0.0,0.10693069306930691,0.14505541839059363,1.0,-0.0,0,0
281,0.0,0.013861386138613863,0.0580708051430304,1.0,-0.0,0,0
282,0.0,0.06336633663366337,0.09721138779115705,1.0,-0.0,0,0
283,0.0,0.06336633663366337,0.09721138779115705,1.0,-0.0,0,0
284,0.0,0.3089108910891089,0.24619842673528344,1.0,-0.0,0,0
285,0.0,0.3089108910891089,0.24619842673528344,1.0,-0.0,0,0
286,0.0,0.3465346534653466,0.24997598159302178,1.0,-0.0,0,0
287,0.0,0.28118811881188116,0.2201317658001291,1.0,-0.0,0,0
288,0.0,0.5089108910891089,0.2736258231042951,1.0,-0.0,0,0
289,0.0,0.3504950495049504,0.2460072293778898,1.0,-0.0,0,0
290,0.0,0.3504950495049504,0.2460072293778898,1.0,-0.0,0,0
291,0.0,0.3128712871287129,0.23278910114353418,1.0,-0.0,0,0
292,0.0,0.5128712871287129,0.2903270147819605,1.0,-0.0,0,0
293,0.0,0.28712871287128716,0.20760938490425596,1.0,-0.0,0,0
294,0.0,0.19999999999999998,0.17349066228760007,1.0,-0.0,0,0
295,0.0,0.2178217821782178,0.18042635951740818,1.0,-0.0,0,0
296,0.0,0.2178217821782178,0.18042635951740818,1.0,-0.0,0,0
297,0.0,0.017821782178217824,0.05698017651460657,1.0,-0.0,0,0
298,0.0,0.12574257425742574,0.13976887948531722,1.0,-0.0,0,0
299,0.0,0.12574257425742574,0.13976887948531722,1.0,-0.0,0,0
300,0.0,0.10693069306930691,0.13661931335176508,1.0,-0.0,0,0
301,0.0,0.10693069306930691,0.13661931335176508,1.0,-0.0,0,0
302,0.0,0.10693069306930691,0.13661931335176508,1.0,-0.0,0,0
303,0.0,0.0,0.0,1.0,-0.0,0,0
304,0.0,0.0,0.0,1.0,-0.0,0,0
