,foreground,bg_means,bg_stdev,pvals,minus_logs,regs,active
2,0.0,0.0712871287128713,0.10372911567294095,1.0,-0.0,0,0
3,0.0,0.0712871287128713,0.10372911567294095,1.0,-0.0,0,0
4,0.0,0.0712871287128713,0.10372911567294095,1.0,-0.0,0,0
5,0.0,0.07722772277227723,0.10889288780093086,1.0,-0.0,0,0
6,0.0,0.07920792079207921,0.11285391563386142,1.0,-0.0,0,0
7,0.0,0.04554455445544555,0.09700949476369024,1.0,-0.0,0,0
8,0.0,0.07326732673267328,0.11848138852793338,1.0,-0.0,0,0
9,0.0,0.07326732673267328,0.11848138852793338,1.0,-0.0,0,0
10,0.0,0.06732673267326733,0.1135467024699521,1.0,-0.0,0,0
11,0.0,0.08712871287128712,0.127165103825761,1.0,-0.0,0,0
12,0.0,0.05940594059405942,0.0996808946427978,1.0,-0.0,0,0
13,0.0,0.031683168316831684,0.07826167463512675,1.0,-0.0,0,0
14,0.0,0.03762376237623763,0.08307396817189318,1.0,-0.0,0,0
15,0.0,0.03762376237623763,0.08307396817189318,1.0,-0.0,0,0
16,0.2,0.03564356435643565,0.08154954567118416,0.021930426384501912,1.6589529244266183,0,0
17,0.2,0.08712871287128714,0.13618810981425267,0.20361174109044733,0.6911971824071221,0,0
18,0.2,0.10891089108910891,0.14494724878689189,0.26486134954069185,0.5769814124309087,0,0
19,0.2,0.10297029702970298,0.14519051706790778,0.25197351730651485,0.5986451016471239,0,0
20,0.2,0.10891089108910891,0.1529246303073887,0.2757055103150342,0.5595545538960462,0,0
21,0.0,0.11287128712871286,0.15002532217723416,1.0,-0.0,0,0
22,0.0,0.06534653465346535,0.11295810453031022,1.0,-0.0,0,0
23,0.0,0.04356435643564357,0.08721867542790195,1.0,-0.0,0,0
24,0.0,0.1089108910891089,0.13650445892763632,1.0,-0.0,0,0
25,0.0,0.10297029702970295,0.13676274574124359,1.0,-0.0,0,0
26,0.0,0.07920792079207921,0.12293186689242579,1.0,-0.0,0,0
27,0.0,0.06534653465346535,0.10939585993610405,1.0,-0.0,0,0
28,0.0,0.06534653465346535,0.10939585993610405,1.0,-0.0,0,0
29,0.0,0.0,0.0,1.0,-0.0,0,0
30,0.0,0.0,0.0,1.0,-0.0,0,0
31,0.0,0.0,0.0,1.0,-0.0,0,0
32,0.0,0.0059405940594059415,0.03395332316729158,1.0,-0.0,0,0
33,0.0,0.0059405940594059415,0.03395332316729158,1.0,-0.0,0,0
34,0.0,0.0059405940594059415,0.03395332316729158,1.0,-0.0,0,0
35,0.0,0.0059405940594059415,0.03395332316729158,1.0,-0.0,0,0
36,0.0,0.017821782178217824,0.056980176514606566,1.0,-0.0,0,0
37,0.2,0.03564356435643565,0.08154954567118415,0.0219304263845019,1.6589529244266186,0,0
38,0.2,0.03564356435643565,0.08154954567118415,0.0219304263845019,1.6589529244266186,0,0
39,0.2,0.03564356435643565,0.08154954567118415,0.0219304263845019,1.6589529244266186,0,0
40,0.2,0.04950495049504951,0.09078727434730813,0.0486923704021295,1.312539082970909,0,0
41,0.2,0.03762376237623763,0.08307396817189319,0.025315250600093635,1.5966177690988212,0,0
42,0.0,0.013861386138613863,0.05079507064705211,1.0,-0.0,0,0
43,0.0,0.013861386138613863,0.05079507064705211,1.0,-0.0,0,0
44,0.0,0.013861386138613863,0.05079507064705211,1.0,-0.0,0,0
45,0.0,0.0,0.0,1.0,-0.0,0,0
46,0.0,0.0019801980198019802,0.0198019801980198,1.0,-0.0,0,0
47,0.0,0.0019801980198019802,0.0198019801980198,1.0,-0.0,0,0
48,0.0,0.0019801980198019802,0.0198019801980198,1.0,-0.0,0,0
49,0.0,0.0019801980198019802,0.0198019801980198,1.0,-0.0,0,0
50,0.0,0.0019801980198019802,0.0198019801980198,1.0,-0.0,0,0
51,0.0,0.0,0.0,1.0,-0.0,0,0
52,0.0,0.0,0.0,1.0,-0.0,0,0
53,0.0,0.0,0.0,1.0,-0.0,0,0
54,0.0,0.0,0.0,1.0,-0.0,0,0
55,0.0,0.0,0.0,1.0,-0.0,0,0
56,0.0,0.0039603960396039604,0.02786385599895107,1.0,-0.0,0,0
57,0.0,0.0039603960396039604,0.02786385599895107,1.0,-0.0,0,0
58,0.0,0.02772277227722773,0.06910862719451544,1.0,-0.0,0,0
59,0.0,0.02772277227722773,0.06910862719451544,1.0,-0.0,0,0
60,0.0,0.02772277227722773,0.06910862719451544,1.0,-0.0,0,0
61,0.0,0.023762376237623766,0.06471340450838889,1.0,-0.0,0,0
62,0.0,0.023762376237623766,0.06471340450838889,1.0,-0.0,0,0
63,0.0,0.0,0.0,1.0,-0.0,0,0
64,0.0,0.0,0.0,1.0,-0.0,0,0
65,0.0,0.0,0.0,1.0,-0.0,0,0
66,0.0,0.0,0.0,1.0,-0.0,0,0
67,0.0,0.027722772277227727,0.06910862719451542,1.0,-0.0,0,0
68,0.0,0.027722772277227727,0.06910862719451542,1.0,-0.0,0,0
69,0.0,0.027722772277227727,0.06910862719451542,1.0,-0.0,0,0
70,0.0,0.04752475247524753,0.09397077637785879,1.0,-0.0,0,0
71,0.0,0.04752475247524753,0.09397077637785879,1.0,-0.0,0,0
72,0.0,0.019801980198019802,0.0597350618970232,1.0,-0.0,0,0
73,0.0,0.019801980198019802,0.0597350618970232,1.0,-0.0,0,0
74,0.0,0.12277227722772276,0.14615954128511635,1.0,-0.0,0,0
75,0.0,0.10297029702970295,0.1308429983103508,1.0,-0.0,0,0
76,0.0,0.10297029702970295,0.1308429983103508,1.0,-0.0,0,0
77,0.0,0.12079207920792079,0.14372473118118065,1.0,-0.0,0,0
78,0.0,0.15643564356435644,0.16793200037318168,1.0,-0.0,0,0
79,0.0,0.07326732673267328,0.11848138852793338,1.0,-0.0,0,0
80,0.0,0.07326732673267328,0.11848138852793338,1.0,-0.0,0,0
81,0.0,0.07326732673267328,0.11848138852793338,1.0,-0.0,0,0
82,0.0,0.097029702970297,0.14789308791950764,1.0,-0.0,0,0
83,0.0,0.07920792079207921,0.1292145592164392,1.0,-0.0,0,0
84,0.0,0.057425742574257435,0.10277971700879983,1.0,-0.0,0,0
85,0.0,0.06336633663366337,0.10874875419996817,1.0,-0.0,0,0
86,0.0,0.06336633663366337,0.10874875419996817,1.0,-0.0,0,0
87,0.0,0.0297029702970297,0.07112192077650681,1.0,-0.0,0,0
88,0.0,0.04356435643564357,0.08255312311158745,1.0,-0.0,0,0
89,0.0,0.04356435643564357,0.08255312311158745,1.0,-0.0,0,0
90,0.0,0.03762376237623763,0.07816140339006158,1.0,-0.0,0,0
91,0.0,0.03762376237623763,0.07816140339006158,1.0,-0.0,0,0
92,0.0,0.02970297029702971,0.07112192077650681,1.0,-0.0,0,0
93,0.0,0.015841584158415842,0.05401260078014202,1.0,-0.0,0,0
94,0.0,0.015841584158415842,0.05401260078014202,1.0,-0.0,0,0
95,0.0,0.033663366336633666,0.08475617647141663,1.0,-0.0,0,0
96,0.0,0.033663366336633666,0.08475617647141663,1.0,-0.0,0,0
97,0.0,0.033663366336633666,0.08475617647141663,1.0,-0.0,0,0
98,0.0,0.017821782178217824,0.0635517090529949,1.0,-0.0,0,0
99,0.4,0.06534653465346535,0.1164113937164283,0.0020217479758393043,2.69427298302989,0,0
100,0.4,0.047524752475247525,0.09809478080396702,0.00016331392774761414,3.7869767761573785,0,0
101,0.4,0.06534653465346535,0.10939585993610405,0.0011099951699931328,2.954678910988022,0,0
102,0.4,0.06534653465346535,0.10939585993610405,0.0011099951699931328,2.954678910988022,0,0
103,0.4,0.06534653465346535,0.10939585993610405,0.0011099951699931328,2.954678910988022,0,0
104,0.0,0.017821782178217824,0.05698017651460656,1.0,-0.0,0,0
105,0.0,0.017821782178217824,0.05698017651460656,1.0,-0.0,0,0
106,0.0,0.0,0.0,1.0,-0.0,0,0
107,0.0,0.0,0.0,1.0,-0.0,0,0
108,0.0,0.0,0.0,1.0,-0.0,0,0
109,0.0,0.0,0.0,1.0,-0.0,0,0
110,0.0,0.0039603960396039604,0.02786385599895107,1.0,-0.0,0,0
111,0.0,0.0039603960396039604,0.02786385599895107,1.0,-0.0,0,0
112,0.0,0.0039603960396039604,0.02786385599895107,1.0,-0.0,0,0
113,0.0,0.017821782178217824,0.05698017651460656,1.0,-0.0,0,0
114,0.0,0.017821782178217824,0.05698017651460656,1.0,-0.0,0,0
115,0.0,0.013861386138613863,0.050795070647052104,1.0,-0.0,0,0
116,0.0,0.04356435643564357,0.09164702150816742,1.0,-0.0,0,0
117,0.0,0.05346534653465347,0.09704990696905226,1.0,-0.0,0,0
118,0.0,0.039603960396039604,0.08452453849668534,1.0,-0.0,0,0
119,0.0,0.039603960396039604,0.08452453849668534,1.0,-0.0,0,0
120,0.0,0.0613861386138614,0.10806149425459212,1.0,-0.0,0,0
121,0.0,0.031683168316831684,0.07826167463512675,1.0,-0.0,0,0
122,0.0,0.021782178217821784,0.06836703565002801,1.0,-0.0,0,0
123,0.0,0.021782178217821784,0.06836703565002801,1.0,-0.0,0,0
124,0.0,0.021782178217821784,0.06836703565002801,1.0,-0.0,0,0
125,0.0,0.0,0.0,1.0,-0.0,0,0
126,0.0,0.0,0.0,1.0,-0.0,0,0
127,0.0,0.0039603960396039604,0.027863855998951068,1.0,-0.0,0,0
128,0.0,0.0039603960396039604,0.027863855998951068,1.0,-0.0,0,0
129,0.0,0.08712871287128712,0.11050143705587097,1.0,-0.0,0,0
130,0.0,0.08712871287128712,0.11050143705587097,1.0,-0.0,0,0
131,0.0,0.08712871287128712,0.11050143705587097,1.0,-0.0,0,0
132,0.0,0.08316831683168316,0.10630546955619442,1.0,-0.0,0,0
133,0.0,0.08316831683168316,0.10630546955619442,1.0,-0.0,0,0
134,0.0,0.011881188118811883,0.047276579747775535,1.0,-0.0,0,0
135,0.0,0.011881188118811883,0.047276579747775535,1.0,-0.0,0,0
136,0.0,0.011881188118811883,0.047276579747775535,1.0,-0.0,0,0
137,0.0,0.011881188118811883,0.047276579747775535,1.0,-0.0,0,0
138,0.0,0.011881188118811883,0.047276579747775535,1.0,-0.0,0,0
139,0.0,0.0059405940594059415,0.03395332316729158,1.0,-0.0,0,0
140,0.0,0.0059405940594059415,0.03395332316729158,1.0,-0.0,0,0
141,0.0,0.0059405940594059415,0.03395332316729158,1.0,-0.0,0,0
142,0.0,0.0059405940594059415,0.03395332316729158,1.0,-0.0,0,0
143,0.0,0.0059405940594059415,0.03395332316729158,1.0,-0.0,0,0
144,0.0,0.0,0.0,1.0,-0.0,0,0
145,0.0,0.0,0.0,1.0,-0.0,0,0
146,0.0,0.0,0.0,1.0,-0.0,0,0
147,0.0,0.025742574257425745,0.07264925278354116,1.0,-0.0,0,0
148,0.0,0.025742574257425745,0.07264925278354116,1.0,-0.0,0,0
149,0.0,0.039603960396039604,0.08908690597387718,1.0,-0.0,0,0
150,0.0,0.05544554455445544,0.1019369320889802,1.0,-0.0,0,0
151,0.0,0.05544554455445544,0.1019369320889802,1.0,-0.0,0,0
152,0.0,0.0297029702970297,0.07112192077650681,1.0,-0.0,0,0
153,0.0,0.0297029702970297,0.07112192077650681,1.0,-0.0,0,0
154,0.0,0.0811881188118812,0.12642288870900886,1.0,-0.0,0,0
155,0.0,0.06534653465346535,0.11295810453031022,1.0,-0.0,0,0
156,0.0,0.06534653465346535,0.11295810453031022,1.0,-0.0,0,0
157,0.0,0.0811881188118812,0.12642288870900886,1.0,-0.0,0,0
158,0.0,0.09108910891089109,0.13057300215314485,1.0,-0.0,0,0
159,0.0,0.025742574257425745,0.07264925278354115,1.0,-0.0,0,0
160,0.0,0.025742574257425745,0.07264925278354115,1.0,-0.0,0,0
161,0.0,0.13366336633663364,0.15687368174525435,1.0,-0.0,0,0
162,0.0,0.13267326732673268,0.16477341831853246,1.0,-0.0,0,0
163,0.0,0.12277227722772277,0.15662352422404113,1.0,-0.0,0,0
164,0.0,0.12277227722772277,0.15662352422404113,1.0,-0.0,0,0
165,0.0,0.12277227722772277,0.15662352422404113,1.0,-0.0,0,0
166,0.0,0.021782178217821784,0.06230547612891991,1.0,-0.0,0,0
167,0.0,0.0059405940594059415,0.03395332316729158,1.0,-0.0,0,0
168,0.0,0.16831683168316833,0.1728793392928091,1.0,-0.0,0,0
169,0.0,0.16831683168316833,0.1728793392928091,1.0,-0.0,0,0
170,0.0,0.19405940594059404,0.18974802582007907,1.0,-0.0,0,0
171,0.0,0.2099009900990099,0.1977622086930122,1.0,-0.0,0,0
172,0.0,0.23168316831683167,0.21010638185665007,1.0,-0.0,0,0
173,0.0,0.06930693069306931,0.11751770396006173,1.0,-0.0,0,0
174,0.0,0.06930693069306931,0.11751770396006173,1.0,-0.0,0,0
175,0.0,0.04356435643564357,0.09164702150816742,1.0,-0.0,0,0
176,0.0,0.021782178217821784,0.06230547612891991,1.0,-0.0,0,0
177,0.0,0.0,0.0,1.0,-0.0,0,0
178,0.0,0.013861386138613863,0.05079507064705211,1.0,-0.0,0,0
179,0.0,0.013861386138613863,0.05079507064705211,1.0,-0.0,0,0
180,0.0,0.013861386138613863,0.05079507064705211,1.0,-0.0,0,0
181,0.0,0.017821782178217824,0.0635517090529949,1.0,-0.0,0,0
182,0.0,0.017821782178217824,0.0635517090529949,1.0,-0.0,0,0
183,0.0,0.0039603960396039604,0.027863855998951064,1.0,-0.0,0,0
184,0.0,0.0039603960396039604,0.027863855998951064,1.0,-0.0,0,0
185,0.0,0.033663366336633666,0.08930671115865095,1.0,-0.0,0,0
186,0.0,0.05544554455445545,0.11299281281336322,1.0,-0.0,0,0
187,0.0,0.05544554455445545,0.11299281281336322,1.0,-0.0,0,0
188,0.0,0.05544554455445545,0.11299281281336322,1.0,-0.0,0,0
189,0.0,0.05544554455445545,0.11299281281336322,1.0,-0.0,0,0
190,0.0,0.025742574257425738,0.07791016068477624,1.0,-0.0,0,0
191,0.0,0.0,0.0,1.0,-0.0,0,0
192,0.0,0.0,0.0,1.0,-0.0,0,0
193,0.0,0.019801980198019802,0.059735061897023205,1.0,-0.0,0,0
194,0.0,0.05346534653465347,0.10860442931328386,1.0,-0.0,0,0
195,0.0,0.05346534653465347,0.10860442931328386,1.0,-0.0,0,0
196,0.2,0.1504950495049505,0.16746435256923545,0.38376211344542216,0.4159379027995148,0,0
197,0.2,0.1504950495049505,0.16746435256923545,0.38376211344542216,0.4159379027995148,0,0
198,0.4,0.21782178217821782,0.1972062495766079,0.17779643639182957,0.7500769479264011,0,0
199,0.4,0.18415841584158413,0.19229343978313213,0.13083357471253287,0.8832807923933641,0,0
200,0.4,0.18415841584158413,0.19229343978313213,0.13083357471253287,0.8832807923933641,0,0
201,0.2,0.08712871287128712,0.12077584698595571,0.17500966031852921,0.7569379781294916,0,0
202,0.2,0.1069306930693069,0.13661931335176508,0.24786267822600483,0.6057888619402982,0,0
203,0.0,0.019801980198019802,0.07178047113026478,1.0,-0.0,0,0
204,0.0,0.027722772277227727,0.07975061610139514,1.0,-0.0,0,0
205,0.0,0.027722772277227727,0.07975061610139514,1.0,-0.0,0,0
206,0.0,0.027722772277227727,0.07975061610139514,1.0,-0.0,0,0
207,0.2,0.015841584158415842,0.06090517425437506,0.0012485575013819607,2.9035914517444854,0,0
208,0.2,0.0297029702970297,0.08150144802873932,0.018331504659791168,1.7368018864493864,0,0
209,0.2,0.021782178217821784,0.06836703565002801,0.0045699030283054085,2.3400930154046975,0,0
210,0.2,0.0297029702970297,0.08150144802873932,0.018331504659791168,1.7368018864493864,0,0
211,0.2,0.0297029702970297,0.08150144802873932,0.018331504659791168,1.7368018864493864,0,0
212,0.0,0.021782178217821784,0.06836703565002801,1.0,-0.0,0,0
213,0.0,0.007920792079207921,0.03900537743285587,1.0,-0.0,0,0
214,0.0,0.06336633663366337,0.10874875419996817,1.0,-0.0,0,0
215,0.0,0.10495049504950495,0.1367053908443026,1.0,-0.0,0,0
216,0.0,0.10495049504950495,0.1367053908443026,1.0,-0.0,0,0
217,0.0,0.10495049504950495,0.1367053908443026,1.0,-0.0,0,0
218,0.0,0.1386138613861386,0.14554118673277588,1.0,-0.0,0,0
219,0.0,0.15643564356435644,0.15821769786485684,1.0,-0.0,0,0
220,0.0,0.10495049504950493,0.1337769960717191,1.0,-0.0,0,0
221,0.0,0.10495049504950493,0.1337769960717191,1.0,-0.0,0,0
222,0.0,0.10495049504950493,0.1337769960717191,1.0,-0.0,0,0
223,0.0,0.07326732673267328,0.11509022642946842,1.0,-0.0,0,0
224,0.0,0.0,0.0,1.0,-0.0,0,0
225,0.0,0.0,0.0,1.0,-0.0,0,0
226,0.0,0.0,0.0,1.0,-0.0,0,0
227,0.0,0.0,0.0,1.0,-0.0,0,0
228,0.0,0.0,0.0,1.0,-0.0,0,0
229,0.0,0.0,0.0,1.0,-0.0,0,0
230,0.0,0.0,0.0,1.0,-0.0,0,0
231,0.0,0.03168316831683169,0.0730260947112308,1.0,-0.0,0,0
232,0.0,0.043564356435643575,0.09587103712404123,1.0,-0.0,0,0
233,0.0,0.043564356435643575,0.09587103712404123,1.0,-0.0,0,0
234,0.0,0.043564356435643575,0.09587103712404123,1.0,-0.0,0,0
235,0.0,0.043564356435643575,0.09587103712404123,1.0,-0.0,0,0
236,0.0,0.041584158415841586,0.08590499787518362,1.0,-0.0,0,0
237,0.0,0.0297029702970297,0.07648795214189293,1.0,-0.0,0,0
238,0.0,0.05742574257425742,0.09885135821266286,1.0,-0.0,0,0
239,0.0,0.07920792079207921,0.1261123431927973,1.0,-0.0,0,0
240,0.0,0.07920792079207921,0.1261123431927973,1.0,-0.0,0,0
241,0.0,0.049504950495049514,0.09504950495049506,1.0,-0.0,0,0
242,0.0,0.049504950495049514,0.09504950495049506,1.0,-0.0,0,0
243,0.0,0.033663366336633666,0.07994704648786674,1.0,-0.0,0,0
244,0.0,0.011881188118811881,0.047276579747775535,1.0,-0.0,0,0
245,0.0,0.06732673267326733,0.11698261772468857,1.0,-0.0,0,0
246,0.0,0.07920792079207921,0.1261123431927973,1.0,-0.0,0,0
247,0.0,0.07920792079207921,0.1261123431927973,1.0,-0.0,0,0
248,0.2,0.08118811881188118,0.11320083903331847,0.14695858512597854,0.8328050379416199,0,0
249,0.2,0.10099009900990098,0.1308729634998678,0.22466442305999795,0.6484656952356532,0,0
250,0.2,0.04554455445544555,0.08387254884969256,0.032770541076535604,1.484516387893982,0,0
251,0.2,0.13663366336633662,0.15137833547418925,0.33775577691904884,0.4713972141412851,0,0
252,0.2,0.13663366336633662,0.15137833547418925,0.33775577691904884,0.4713972141412851,0,0
253,0.0,0.12079207920792076,0.14645435316515326,1.0,-0.0,0,0
254,0.0,0.10099009900990097,0.12467387119760154,1.0,-0.0,0,0
255,0.0,0.10099009900990097,0.12467387119760154,1.0,-0.0,0,0
256,0.0,0.0,0.0,1.0,-0.0,0,0
257,0.0,0.03564356435643565,0.08154954567118416,1.0,-0.0,0,0
258,0.0,0.03564356435643565,0.08154954567118416,1.0,-0.0,0,0
259,0.0,0.11683168316831682,0.1647496191679326,1.0,-0.0,0,0
260,0.0,0.11683168316831682,0.1647496191679326,1.0,-0.0,0,0
261,0.0,0.11683168316831682,0.1647496191679326,1.0,-0.0,0,0
262,0.0,0.11287128712871286,0.14188502271424044,1.0,-0.0,0,0
263,0.0,0.11287128712871286,0.14188502271424044,1.0,-0.0,0,0
264,0.0,0.031683168316831684,0.0730260947112308,1.0,-0.0,0,0
265,0.0,0.041584158415841586,0.08116396646304633,1.0,-0.0,0,0
266,0.0,0.041584158415841586,0.08116396646304633,1.0,-0.0,0,0
267,0.0,0.009900990099009901,0.04338396495090424,1.0,-0.0,0,0
268,0.0,0.009900990099009901,0.04338396495090424,1.0,-0.0,0,0
269,0.0,0.009900990099009901,0.04338396495090424,1.0,-0.0,0,0
270,0.0,0.013861386138613863,0.05079507064705211,1.0,-0.0,0,0
271,0.0,0.023762376237623766,0.06471340450838889,1.0,-0.0,0,0
272,0.0,0.023762376237623766,0.06471340450838889,1.0,-0.0,0,0
273,0.0,0.023762376237623766,0.06471340450838889,1.0,-0.0,0,0
274,0.0,0.023762376237623766,0.06471340450838889,1.0,-0.0,0,0
275,0.0,0.009900990099009901,0.04338396495090425,1.0,-0.0,0,0
276,0.0,0.01386138613861386,0.05807080514303042,1.0,-0.0,0,0
277,0.0,0.05148514851485149,0.10011267057239238,1.0,-0.0,0,0
278,0.0,0.08118811881188118,0.11664694237642095,1.0,-0.0,0,0
279,0.0,0.08118811881188118,0.11664694237642095,1.0,-0.0,0,0
280,0.0,0.10099009900990098,0.1308729634998678,1.0,-0.0,0,0
281,0.0,0.10099009900990098,0.1308729634998678,1.0,-0.0,0,0
282,0.0,0.08118811881188118,0.12325042629382527,1.0,-0.0,0,0
283,0.0,0.05148514851485149,0.1001126705723924,1.0,-0.0,0,0
284,0.0,0.05148514851485149,0.1001126705723924,1.0,-0.0,0,0
285,0.0,0.031683168316831684,0.07826167463512675,1.0,-0.0,0,0
286,0.2,0.031683168316831684,0.0730260947112308,0.01058647624307391,1.9752485727397298,0,0
287,0.4,0.05148514851485149,0.1001126705723924,0.00024956189489403087,3.6028217254823813,0,0
288,0.4,0.16831683168316827,0.19239537111273064,0.11425547777643842,0.9421229692795415,0,0
289,0.4,0.16831683168316827,0.19239537111273064,0.11425547777643842,0.9421229692795415,0,0
290,0.4,0.16831683168316827,0.19239537111273064,0.11425547777643842,0.9421229692795415,0,0
291,0.2,0.15445544554455443,0.18854563356305173,0.40456164649733095,0.39301529186698364,0,0
292,0.0,0.11485148514851484,0.16967420068761915,1.0,-0.0,0,0
293,0.2,0.0059405940594059415,0.03395332316729158,5.469865928325192e-09,8.262023318511567,0,0
294,0.2,0.0059405940594059415,0.03395332316729158,5.469865928325192e-09,8.262023318511567,0,0
295,0.2,0.0059405940594059415,0.03395332316729158,5.469865928325192e-09,8.262023318511567,0,0
296,0.2,0.0059405940594059415,0.03395332316729158,5.469865928325192e-09,8.262023318511567,0,0
297,0.2,0.033663366336633666,0.07482947971362845,0.01311209067436901,1.882328056139666,0,0
298,0.0,0.03564356435643565,0.07653920035678292,1.0,-0.0,0,0
299,0.0,0.03564356435643565,0.07653920035678292,1.0,-0.0,0,0
300,0.0,0.03564356435643565,0.07653920035678292,1.0,-0.0,0,0
301,0.0,0.03564356435643565,0.07653920035678292,1.0,-0.0,0,0
302,0.0,0.007920792079207921,0.03900537743285587,1.0,-0.0,0,0
303,0.0,0.0,0.0,1.0,-0.0,0,0
304,0.0,0.0,0.0,1.0,-0.0,0,0
305,0.0,0.0,0.0,1.0,-0.0,0,0
306,0.0,0.0,0.0,1.0,-0.0,0,0
307,0.0,0.0,0.0,1.0,-0.0,0,0
308,0.0,0.0,0.0,1.0,-0.0,0,0
309,0.0,0.033663366336633666,0.07482947971362847,1.0,-0.0,0,0
310,0.0,0.05148514851485149,0.096075322540263,1.0,-0.0,0,0
311,0.0,0.0712871287128713,0.10747934055534188,1.0,-0.0,0,0
312,0.0,0.16237623762376235,0.15080738823492887,1.0,-0.0,0,0
313,0.0,0.17029702970297025,0.14994689122885188,1.0,-0.0,0,0
314,0.0,0.13663366336633662,0.14052431682542707,1.0,-0.0,0,0
315,0.0,0.11683168316831682,0.13575553664160483,1.0,-0.0,0,0
316,0.0,0.09702970297029703,0.13084299831035082,1.0,-0.0,0,0
317,0.0,0.031683168316831684,0.07826167463512675,1.0,-0.0,0,0
318,0.0,0.05148514851485149,0.09607532254026299,1.0,-0.0,0,0
319,0.0,0.07326732673267328,0.11159606181073561,1.0,-0.0,0,0
320,0.0,0.11683168316831684,0.149632756335149,1.0,-0.0,0,0
321,0.0,0.1782178217821782,0.1755353680172698,1.0,-0.0,0,0
322,0.0,0.15445544554455443,0.166218722942046,1.0,-0.0,0,0
323,0.0,0.12475247524752472,0.14852805221860732,1.0,-0.0,0,0
324,0.0,0.10297029702970295,0.1367627457412436,1.0,-0.0,0,0
325,0.0,0.05940594059405942,0.09562531855564071,1.0,-0.0,0,0
326,0.0,0.0,0.0,1.0,-0.0,0,0
327,0.0,0.09108910891089109,0.13357165904190144,1.0,-0.0,0,0
328,0.0,0.09108910891089109,0.13357165904190144,1.0,-0.0,0,0
329,0.0,0.09108910891089109,0.13357165904190144,1.0,-0.0,0,0
330,0.0,0.09108910891089109,0.13357165904190144,1.0,-0.0,0,0
331,0.0,0.09108910891089109,0.13357165904190144,1.0,-0.0,0,0
332,0.0,0.10099009900990098,0.1367914141716479,1.0,-0.0,0,0
333,0.0,0.10099009900990098,0.1367914141716479,1.0,-0.0,0,0
334,0.0,0.24950495049504953,0.21508633420933887,1.0,-0.0,0,0
335,0.0,0.24950495049504953,0.21508633420933887,1.0,-0.0,0,0
336,0.0,0.24950495049504953,0.21508633420933887,1.0,-0.0,0,0
337,0.0,0.16435643564356434,0.1601881062665876,1.0,-0.0,0,0
338,0.4,0.2336633663366337,0.18254375725135072,0.1810910165635114,0.7421030933284833,0,0
339,0.4,0.08514851485148514,0.12694907267187808,0.006566538571338243,2.1826635003809467,0,0
340,0.4,0.08514851485148514,0.12694907267187808,0.006566538571338243,2.1826635003809467,0,0
341,0.4,0.08514851485148514,0.12694907267187808,0.006566538571338243,2.1826635003809467,0,0
342,0.4,0.06930693069306931,0.11751770396006173,0.002446574726960859,2.6114415148269434,0,0
343,0.0,0.0,0.0,1.0,-0.0,0,0
344,0.6,0.0712871287128713,0.10747934055534188,4.3448290866699845e-07,6.362027302800131,0,0
345,0.6,0.0712871287128713,0.10747934055534188,4.3448290866699845e-07,6.362027302800131,0,0
346,0.6,0.16633663366336632,0.1642729120947021,0.004146576385825177,2.382310329886914,0,0
347,0.6,0.17623762376237617,0.17185563527720502,0.0068352987589503705,2.1652424984293024,0,0
348,0.6,0.19207920792079203,0.18222126052003704,0.012590927397052405,1.899942280329861,0,0
349,0.0,0.11881188118811878,0.14399729871443837,1.0,-0.0,0,0
350,0.0,0.1267326732673267,0.1427391785420998,1.0,-0.0,0,0
351,0.0,0.031683168316831684,0.08780118525701135,1.0,-0.0,0,0
352,0.0,0.021782178217821784,0.062305476128919915,1.0,-0.0,0,0
353,0.0,0.0059405940594059415,0.03395332316729158,1.0,-0.0,0,0
354,0.0,0.08712871287128712,0.127165103825761,1.0,-0.0,0,0
355,0.0,0.08118811881188118,0.12325042629382527,1.0,-0.0,0,0
356,0.2,0.10495049504950495,0.13957235791450373,0.24793409227042545,0.6056637513002845,0,0
357,0.2,0.1782178217821782,0.18858722298311487,0.45402366643358566,0.34292150852257186,0,0
358,1.4,0.23366336633663368,0.20502461949377873,6.398115861587841e-09,8.193947899670377,0,0
359,1.4,0.15247524752475247,0.16921136785416444,8.368704421982668e-14,13.077341770911767,0,0
360,1.4,0.15247524752475247,0.16921136785416444,8.368704421982668e-14,13.077341770911767,0,0
361,1.2,0.1277227722772277,0.1476675500000171,1.9152295842084945e-13,12.717779158416743,0,0
362,1.2,0.05544554455445545,0.1019369320889802,1.0000000000014846e-17,16.999999999999357,0,0
363,0.0,0.0,0.0,1.0,-0.0,0,0
364,0.0,0.0,0.0,1.0,-0.0,0,0
365,0.0,0.0,0.0,1.0,-0.0,0,0
366,0.0,0.0,0.0,1.0,-0.0,0,0
367,0.0,0.0,0.0,1.0,-0.0,0,0
368,0.2,0.0019801980198019802,0.0198019801980198,1.0000007619853025e-17,16.999999669074114,0,0
369,0.2,0.0019801980198019802,0.0198019801980198,1.0000007619853025e-17,16.999999669074114,0,0
370,0.2,0.039603960396039604,0.07970143286137867,0.022085672454221338,1.6558893730090938,0,0
371,0.2,0.0594059405940594,0.0956253185556407,0.07074570539322597,1.1502999187808283,0,0
372,0.2,0.0594059405940594,0.0956253185556407,0.07074570539322597,1.1502999187808283,0,0
373,0.0,0.09108910891089109,0.13057300215314485,1.0,-0.0,0,0
374,0.0,0.09108910891089109,0.13057300215314485,1.0,-0.0,0,0
375,0.0,0.08910891089108909,0.13923481846532232,1.0,-0.0,0,0
376,0.0,0.06930693069306931,0.12407485305204392,1.0,-0.0,0,0
377,0.2,0.07722772277227724,0.12888031758632065,0.17039464501736856,0.7685440579023645,0,0
378,0.2,0.04356435643564357,0.09587103712404124,0.05136819286808971,1.289305712477369,0,0
379,0.2,0.04356435643564357,0.09587103712404124,0.05136819286808971,1.289305712477369,0,0
380,0.2,0.007920792079207921,0.03900537743285587,4.2303541670263104e-07,6.3736232717865695,0,0
381,0.2,0.007920792079207921,0.03900537743285587,4.2303541670263104e-07,6.3736232717865695,0,0
382,0.0,0.0,0.0,1.0,-0.0,0,0
383,0.0,0.0,0.0,1.0,-0.0,0,0
384,0.0,0.0,0.0,1.0,-0.0,0,0
385,0.0,0.023762376237623766,0.06471340450838887,1.0,-0.0,0,0
386,0.2,0.04752475247524753,0.10586191211583096,0.07488815124685981,1.1255868906472768,0,0
387,0.2,0.05346534653465348,0.10860442931328386,0.08862815178171947,1.0524283072157026,0,0
388,0.2,0.05346534653465348,0.10860442931328386,0.08862815178171947,1.0524283072157026,0,0
389,0.2,0.06732673267326733,0.1135467024699521,0.12131331785204298,0.9160915193958917,0,0
390,0.2,0.06930693069306931,0.10693069306930696,0.11081180122969687,0.9554139856724337,0,0
391,0.0,0.04554455445544554,0.08846854615322249,1.0,-0.0,0,0
392,0.0,0.13465346534653466,0.17600384984783346,1.0,-0.0,0,0
393,0.0,0.13465346534653466,0.17600384984783346,1.0,-0.0,0,0
394,0.0,0.12079207920792079,0.1666898653919601,1.0,-0.0,0,0
395,0.0,0.09504950495049505,0.15310401409962543,1.0,-0.0,0,0
396,0.0,0.09504950495049505,0.15310401409962543,1.0,-0.0,0,0
397,0.0,0.0,0.0,1.0,-0.0,0,0
398,0.0,0.0,0.0,1.0,-0.0,0,0
399,0.0,0.0,0.0,1.0,-0.0,0,0
400,0.2,0.1603960396039604,0.19092230959515166,0.417835093660864,0.3789950867511012,0,0
401,0.2,0.1603960396039604,0.19092230959515166,0.417835093660864,0.3789950867511012,0,0
402,0.4,0.1722772277227723,0.19906654038593571,0.1263215581450945,0.8985225260519859,0,0
403,0.4,0.1722772277227723,0.19906654038593571,0.1263215581450945,0.8985225260519859,0,0
404,0.6,0.2118811881188119,0.22659211346323793,0.04336986218701002,1.3628119578723628,0,0
405,0.6,0.1504950495049505,0.17212921831366915,0.004508103807988623,2.346006092023099,0,0
406,0.6,0.15445544554455443,0.17773311423617327,0.006091172534951324,2.2152990987556693,0,0
407,0.4,0.14257425742574256,0.16730036701294593,0.06193828867063993,1.2080407981908101,0,0
408,0.4,0.2396039603960396,0.233814349609525,0.24635736900335808,0.6084344426456932,0,0
409,0.2,0.19999999999999998,0.21981089982793922,0.49999999999999994,0.30102999566398125,0,0
410,0.0,0.10099009900990097,0.15057319492752774,1.0,-0.0,0,0
411,0.0,0.11683168316831684,0.17635995309475105,1.0,-0.0,0,0
412,0.0,0.11683168316831684,0.17635995309475105,1.0,-0.0,0,0
413,0.0,0.019801980198019806,0.0597350618970232,1.0,-0.0,0,0
414,0.0,0.025742574257425748,0.06697637435757531,1.0,-0.0,0,0
415,0.0,0.025742574257425748,0.06697637435757531,1.0,-0.0,0,0
416,0.0,0.0059405940594059415,0.033953323167291584,1.0,-0.0,0,0
417,0.0,0.0059405940594059415,0.033953323167291584,1.0,-0.0,0,0
418,0.0,0.0059405940594059415,0.033953323167291584,1.0,-0.0,0,0
419,0.0,0.0,0.0,1.0,-0.0,0,0
420,0.0,0.0,0.0,1.0,-0.0,0,0
421,0.0,0.0,0.0,1.0,-0.0,0,0
422,0.0,0.0,0.0,1.0,-0.0,0,0
423,0.0,0.0039603960396039604,0.027863855998951064,1.0,-0.0,0,0
424,0.0,0.0039603960396039604,0.027863855998951064,1.0,-0.0,0,0
425,0.0,0.0039603960396039604,0.027863855998951064,1.0,-0.0,0,0
426,0.0,0.04356435643564357,0.09164702150816742,1.0,-0.0,0,0
427,0.0,0.05544554455445545,0.11299281281336322,1.0,-0.0,0,0
428,0.0,0.05940594059405942,0.11447531431916541,1.0,-0.0,0,0
429,0.0,0.06534653465346535,0.11641139371642827,1.0,-0.0,0,0
430,0.0,0.07722772277227723,0.122580495370631,1.0,-0.0,0,0
431,0.0,0.03762376237623763,0.07816140339006158,1.0,-0.0,0,0
432,0.0,0.025742574257425745,0.0669763743575753,1.0,-0.0,0,0
433,0.0,0.027722772277227727,0.07461957893630407,1.0,-0.0,0,0
434,0.0,0.09306930693069305,0.12126186845461277,1.0,-0.0,0,0
435,0.0,0.08118811881188118,0.11320083903331847,1.0,-0.0,0,0
436,0.0,0.08118811881188118,0.11320083903331847,1.0,-0.0,0,0
437,0.0,0.18415841584158413,0.198375917407813,1.0,-0.0,0,0
438,0.0,0.17425742574257425,0.1943017278738389,1.0,-0.0,0,0
439,0.0,0.10099009900990098,0.16075012865427646,1.0,-0.0,0,0
440,0.2,0.2613861386138614,0.22114477003269262,1.0,-0.0,0,0
441,0.2,0.2613861386138614,0.22114477003269262,1.0,-0.0,0,0
442,0.2,0.1603960396039604,0.16172290684432014,0.40327166965076444,0.3944022866621287,0,0
443,0.2,0.1603960396039604,0.16172290684432014,0.40327166965076444,0.3944022866621287,0,0
444,0.2,0.1603960396039604,0.16172290684432014,0.40327166965076444,0.3944022866621287,0,0
445,0.0,0.013861386138613863,0.05079507064705211,1.0,-0.0,0,0
446,0.0,0.02772277227722773,0.06910862719451544,1.0,-0.0,0,0
447,0.0,0.02772277227722773,0.06910862719451544,1.0,-0.0,0,0
448,0.0,0.02772277227722773,0.06910862719451544,1.0,-0.0,0,0
449,0.0,0.041584158415841586,0.08590499787518362,1.0,-0.0,0,0
450,0.0,0.02772277227722772,0.06910862719451544,1.0,-0.0,0,0
451,0.0,0.01386138613861386,0.05079507064705211,1.0,-0.0,0,0
452,0.0,0.01386138613861386,0.05079507064705211,1.0,-0.0,0,0
453,0.0,0.01386138613861386,0.05079507064705211,1.0,-0.0,0,0
454,0.0,0.0,0.0,1.0,-0.0,0,0
455,0.0,0.011881188118811881,0.047276579747775535,1.0,-0.0,0,0
456,0.0,0.011881188118811881,0.047276579747775535,1.0,-0.0,0,0
457,0.0,0.011881188118811881,0.047276579747775535,1.0,-0.0,0,0
458,0.0,0.11287128712871286,0.14188502271424047,1.0,-0.0,0,0
459,0.0,0.11881188118811879,0.1467218499235066,1.0,-0.0,0,0
460,0.0,0.10693069306930691,0.13661931335176508,1.0,-0.0,0,0
461,0.0,0.12475247524752475,0.15117096779399852,1.0,-0.0,0,0
462,0.0,0.12475247524752475,0.15117096779399852,1.0,-0.0,0,0
463,0.0,0.033663366336633666,0.08475617647141663,1.0,-0.0,0,0
464,0.0,0.02772277227722773,0.07975061610139512,1.0,-0.0,0,0
465,0.0,0.02772277227722773,0.07975061610139512,1.0,-0.0,0,0
466,0.0,0.009900990099009901,0.04338396495090424,1.0,-0.0,0,0
467,0.0,0.019801980198019802,0.059735061897023205,1.0,-0.0,0,0
468,0.0,0.009900990099009901,0.04338396495090424,1.0,-0.0,0,0
469,0.0,0.009900990099009901,0.04338396495090424,1.0,-0.0,0,0
470,0.0,0.019801980198019802,0.059735061897023205,1.0,-0.0,0,0
471,0.0,0.023762376237623766,0.06471340450838887,1.0,-0.0,0,0
472,0.0,0.013861386138613863,0.050795070647052104,1.0,-0.0,0,0
473,0.0,0.013861386138613863,0.050795070647052104,1.0,-0.0,0,0
474,0.2,0.03960396039603961,0.08908690597387717,0.0358952311958159,1.4449632450960652,0,0
475,0.2,0.039603960396039604,0.08452453849668534,0.028872622852877186,1.5395137620565469,0,0
476,0.2,0.0613861386138614,0.11854756076907538,0.12114784922992496,0.9166842916037904,0,0
477,0.2,0.0613861386138614,0.11854756076907538,0.12114784922992496,0.9166842916037904,0,0
478,0.2,0.07722772277227724,0.12888031758632068,0.17039464501736873,0.7685440579023641,0,0
479,0.0,0.05148514851485149,0.1001126705723924,1.0,-0.0,0,0
480,0.0,0.041584158415841586,0.09039772047931348,1.0,-0.0,0,0
481,0.0,0.015841584158415842,0.05401260078014202,1.0,-0.0,0,0
482,0.0,0.015841584158415842,0.05401260078014202,1.0,-0.0,0,0
483,0.0,0.0,0.0,1.0,-0.0,0,0
484,0.0,0.10099009900990098,0.14246420394934614,1.0,-0.0,0,0
485,0.0,0.10099009900990098,0.14246420394934614,1.0,-0.0,0,0
486,0.0,0.10099009900990098,0.14246420394934614,1.0,-0.0,0,0
487,0.0,0.10693069306930691,0.15041686348382532,1.0,-0.0,0,0
488,0.0,0.10693069306930691,0.15041686348382532,1.0,-0.0,0,0
489,0.0,0.0059405940594059415,0.033953323167291584,1.0,-0.0,0,0
490,0.0,0.009900990099009901,0.05171312814732909,1.0,-0.0,0,0
491,0.0,0.009900990099009901,0.05171312814732909,1.0,-0.0,0,0
492,0.0,0.0039603960396039604,0.02786385599895107,1.0,-0.0,0,0
493,0.0,0.019801980198019802,0.06603299802191315,1.0,-0.0,0,0
494,0.0,0.019801980198019802,0.06603299802191315,1.0,-0.0,0,0
495,0.0,0.015841584158415842,0.06090517425437506,1.0,-0.0,0,0
496,0.0,0.021782178217821784,0.06836703565002801,1.0,-0.0,0,0
497,0.0,0.021782178217821784,0.06836703565002801,1.0,-0.0,0,0
498,0.0,0.0059405940594059415,0.033953323167291584,1.0,-0.0,0,0
499,0.0,0.009900990099009901,0.04338396495090425,1.0,-0.0,0,0
500,0.0,0.009900990099009901,0.04338396495090425,1.0,-0.0,0,0
501,0.0,0.0039603960396039604,0.027863855998951068,1.0,-0.0,0,0
502,0.0,0.0039603960396039604,0.027863855998951068,1.0,-0.0,0,0
503,0.0,0.011881188118811883,0.047276579747775535,1.0,-0.0,0,0
504,0.0,0.007920792079207921,0.03900537743285587,1.0,-0.0,0,0
505,0.0,0.007920792079207921,0.03900537743285587,1.0,-0.0,0,0
506,0.0,0.07326732673267328,0.11848138852793338,1.0,-0.0,0,0
507,0.0,0.20198019801980197,0.193958349116608,1.0,-0.0,0,0
508,0.0,0.20990099009900992,0.19975477565019395,1.0,-0.0,0,0
509,0.0,0.20990099009900992,0.19975477565019395,1.0,-0.0,0,0
510,0.0,0.20990099009900992,0.19975477565019395,1.0,-0.0,0,0
511,0.0,0.14455445544554454,0.16914183369554553,1.0,-0.0,0,0
512,0.0,0.015841584158415842,0.06090517425437506,1.0,-0.0,0,0
513,0.0,0.0,0.0,1.0,-0.0,0,0
514,0.0,0.0,0.0,1.0,-0.0,0,0
515,0.0,0.0,0.0,1.0,-0.0,0,0
516,0.0,0.0,0.0,1.0,-0.0,0,0
517,0.0,0.0,0.0,1.0,-0.0,0,0
518,0.0,0.0,0.0,1.0,-0.0,0,0
519,0.0,0.0,0.0,1.0,-0.0,0,0
520,0.0,0.0,0.0,1.0,-0.0,0,0
521,0.0,0.0,0.0,1.0,-0.0,0,0
522,0.0,0.017821782178217824,0.056980176514606566,1.0,-0.0,0,0
523,0.0,0.017821782178217824,0.056980176514606566,1.0,-0.0,0,0
524,0.0,0.0297029702970297,0.07648795214189293,1.0,-0.0,0,0
525,0.0,0.0297029702970297,0.07648795214189293,1.0,-0.0,0,0
526,0.0,0.04554455445544555,0.09283729243351321,1.0,-0.0,0,0
527,0.0,0.02772277227722773,0.07461957893630405,1.0,-0.0,0,0
528,0.0,0.02772277227722773,0.07461957893630405,1.0,-0.0,0,0
529,0.0,0.1861386138613861,0.1914145896807061,1.0,-0.0,0,0
530,0.0,0.1861386138613861,0.1914145896807061,1.0,-0.0,0,0
531,0.0,0.17029702970297025,0.18322985319016175,1.0,-0.0,0,0
532,0.0,0.17821782178217818,0.19067569294591244,1.0,-0.0,0,0
533,0.0,0.17821782178217818,0.19067569294591244,1.0,-0.0,0,0
534,0.0,0.007920792079207921,0.03900537743285587,1.0,-0.0,0,0
535,0.0,0.007920792079207921,0.03900537743285587,1.0,-0.0,0,0
536,0.0,0.061386138613861385,0.10433219700847123,1.0,-0.0,0,0
537,0.0,0.05346534653465347,0.09287951999650358,1.0,-0.0,0,0
538,0.0,0.05346534653465347,0.09287951999650358,1.0,-0.0,0,0
539,0.0,0.06930693069306931,0.11057238501634628,1.0,-0.0,0,0
540,0.0,0.06930693069306931,0.11057238501634628,1.0,-0.0,0,0
