,foreground,bg_means,bg_stdev,pvals,minus_logs,regs,active
2,0.0,0.0,0.0,1.0,-0.0,0,0
3,0.0,0.0,0.0,1.0,-0.0,0,0
4,0.6,0.26534653465346536,0.2339652354493771,0.07630750417525343,1.1174327508832531,0,0
5,0.6,0.26534653465346536,0.2339652354493771,0.07630750417525343,1.1174327508832531,0,0
6,0.6,0.26534653465346536,0.2339652354493771,0.07630750417525343,1.1174327508832531,0,0
7,0.8,0.3326732673267327,0.26442873635839365,0.03858842171262975,1.413542983945137,0,0
8,0.8,0.3326732673267327,0.26442873635839365,0.03858842171262975,1.413542983945137,0,0
9,0.2,0.1881188118811881,0.16844491341098405,0.4718840964372882,0.3261646591179851,0,0
10,0.8,0.487128712871287,0.27055621708124467,0.1237587320948444,0.9074241486221448,0,0
11,1.0,0.592079207920792,0.2882803806791595,0.0785321867491629,1.1049523093365172,0,0
12,0.8,0.5485148514851484,0.27811738435848216,0.18293380561373018,0.7377060308010027,0,0
13,0.8,0.5485148514851484,0.27811738435848216,0.18293380561373018,0.7377060308010027,0,0
14,0.8,0.42574257425742573,0.24802326038576122,0.06565437544562347,1.182736325651127,0,0
15,0.2,0.13663366336633662,0.1433149079027503,0.3291912157148078,0.48255176221276325,0,0
16,0.0,0.11089108910891088,0.13636075485692528,1.0,-0.0,0,0
17,0.4,0.39009900990099017,0.21686558801789288,0.4817926308825485,0.3171398469103626,0,0
18,0.4,0.48910891089108915,0.2428791779241499,1.0,-0.0,0,0
19,0.4,0.5108910891089109,0.25089976307026446,1.0,-0.0,0,0
20,0.6,0.6198019801980198,0.2904485441997635,1.0,-0.0,0,0
21,1.0,0.8178217821782179,0.3032484324819576,0.2740013641704961,0.5622472749524441,0,0
22,0.6,0.516831683168317,0.2392518483041854,0.36406343670941266,0.4388229355475177,0,0
23,0.6,0.41782178217821786,0.23394847516170567,0.21807502926787364,0.6613940605654195,0,0
24,0.6,0.41386138613861384,0.24088520867104826,0.21984184782478955,0.6578896342532901,0,0
25,0.4,0.33663366336633666,0.21605040312056803,0.38464863179577746,0.4149358080191644,0,0
26,0.2,0.19207920792079206,0.19884974591102086,0.48411311310469873,0.3150531535254366,0,0
27,0.2,0.20594059405940596,0.201883106153393,1.0,-0.0,0,0
28,0.2,0.2376237623762376,0.2174794790130442,1.0,-0.0,0,0
29,0.2,0.22178217821782176,0.2027552591868547,1.0,-0.0,0,0
30,0.2,0.1801980198019802,0.1791176404070512,0.4559854369816893,0.3410490273783009,0,0
31,0.0,0.04554455445544554,0.08846854615322249,1.0,-0.0,0,0
32,0.0,0.0891089108910891,0.11765109526742927,1.0,-0.0,0,0
33,0.0,0.05742574257425742,0.09476028605152792,1.0,-0.0,0,0
34,0.0,0.05742574257425742,0.09476028605152792,1.0,-0.0,0,0
35,0.0,0.14059405940594058,0.14770737583343774,1.0,-0.0,0,0
36,0.2,0.48910891089108915,0.26621698516045655,1.0,-0.0,0,0
37,0.2,0.4297029702970297,0.25699888448170494,1.0,-0.0,0,0
38,0.2,0.5762376237623763,0.2942177124967644,1.0,-0.0,0,0
39,0.4,0.6435643564356436,0.33490528928182406,1.0,-0.0,0,0
40,0.4,0.6455445544554456,0.3457019698747702,1.0,-0.0,0,0
41,0.2,0.4396039603960396,0.28287043807508505,1.0,-0.0,0,0
42,0.2,0.4732673267326733,0.3001290445590083,1.0,-0.0,0,0
43,0.2,0.40594059405940597,0.2571056654443995,1.0,-0.0,0,0
44,0.0,0.33861386138613864,0.24168152558245323,1.0,-0.0,0,0
45,0.0,0.25346534653465347,0.2122787054773449,1.0,-0.0,0,0
46,0.2,0.516831683168317,0.28738124777103025,1.0,-0.0,0,0
47,0.2,0.4811881188118812,0.27886363156093374,1.0,-0.0,0,0
48,0.2,0.41980198019801984,0.2677444481236339,1.0,-0.0,0,0
49,0.2,0.5148514851485148,0.30095101361650906,1.0,-0.0,0,0
50,0.2,0.5148514851485148,0.30095101361650906,1.0,-0.0,0,0
51,0.2,0.401980198019802,0.2556220128808701,1.0,-0.0,0,0
52,0.2,0.5128712871287129,0.29032701478196044,1.0,-0.0,0,0
53,0.2,0.683168316831683,0.3345069689311474,1.0,-0.0,0,0
54,0.4,0.9366336633663366,0.39694944992715486,1.0,-0.0,0,0
55,0.4,0.9485148514851484,0.3946709022293917,1.0,-0.0,0,0
56,0.2,0.689108910891089,0.3335678683444842,1.0,-0.0,0,0
57,0.2,0.7366336633663365,0.3170791113069005,1.0,-0.0,0,0
58,0.2,0.7188118811881188,0.3033518596447473,1.0,-0.0,0,0
59,0.0,0.6138613861386137,0.30863150605337053,1.0,-0.0,0,0
60,0.0,0.6019801980198018,0.30765166042512593,1.0,-0.0,0,0
61,0.0,0.679207920792079,0.29528198695221686,1.0,-0.0,0,0
62,0.2,0.5801980198019802,0.29316294998448145,1.0,-0.0,0,0
63,0.2,0.4118811881188118,0.26374572539837515,1.0,-0.0,0,0
64,0.2,0.16633663366336632,0.1713529319032391,0.42212650920440536,0.3745573736459046,0,0
65,0.2,0.2099009900990099,0.18103385739626768,1.0,-0.0,0,0
66,0.2,0.10099009900990098,0.12467387119760154,0.21355371500123171,0.6704928691423239,0,0
67,0.0,0.13267326732673265,0.16477341831853246,1.0,-0.0,0,0
68,0.0,0.13267326732673265,0.16477341831853246,1.0,-0.0,0,0
69,0.0,0.13267326732673265,0.16477341831853246,1.0,-0.0,0,0
70,0.0,0.0891089108910891,0.13042276277287215,1.0,-0.0,0,0
71,0.0,0.17227722772277226,0.1665722047113908,1.0,-0.0,0,0
72,0.0,0.08118811881188118,0.10964648079134362,1.0,-0.0,0,0
73,0.2,0.1584158415841584,0.1599921574393993,0.39746516006351823,0.400700933561704,0,0
74,0.2,0.1584158415841584,0.1599921574393993,0.39746516006351823,0.400700933561704,0,0
75,0.2,0.1584158415841584,0.1599921574393993,0.39746516006351823,0.400700933561704,0,0
76,0.2,0.07524752475247526,0.11205191564986228,0.13278007588509982,0.8768670874855233,0,0
77,0.2,0.07524752475247526,0.11205191564986228,0.13278007588509982,0.8768670874855233,0,0
78,0.2,0.05346534653465348,0.10489443673781407,0.08121090620767592,1.0903856433234342,0,0
79,0.8,0.19999999999999996,0.19700731252448173,0.0011611899464199604,2.9350967329447695,0,0
80,2.0,0.48910891089108904,0.3011203470141839,2.6165170360404106e-07,6.582276433240671,0,0
81,2.2,0.5425742574257426,0.3112881364456013,5.064054805454218e-08,7.295501602837157,0,0
82,2.2,0.5485148514851484,0.31295900512422437,6.565739563238833e-08,7.182716347998921,0,0
83,2.0,0.4930693069306931,0.2905295355693351,1.0694522930010068e-07,6.970838584022352,0,0
84,1.4,0.3485148514851485,0.2415354601136336,6.7040533371443695e-06,5.173662539136829,0,0
85,0.2,0.05742574257425742,0.09476028605152792,0.06621628156331662,1.1790352111084907,0,0
86,0.4,0.09306930693069305,0.11103244173367276,0.0028519608420019345,2.5448564417301407,0,0
87,0.6,0.24356435643564353,0.18584345673901093,0.027559635881480252,1.5597265246348226,0,0
88,0.6,0.24356435643564353,0.18584345673901093,0.027559635881480252,1.5597265246348226,0,0
89,0.6,0.30297029702970296,0.20607383351679517,0.07473936321400848,1.1264506066980537,0,0
90,0.6,0.30297029702970296,0.20607383351679517,0.07473936321400848,1.1264506066980537,0,0
91,0.2,0.2158415841584158,0.20232934296150185,1.0,-0.0,0,0
92,0.0,0.0594059405940594,0.10357779667819421,1.0,-0.0,0,0
93,0.0,0.18217821782178217,0.1594520565480982,1.0,-0.0,0,0
94,0.0,0.12079207920792079,0.14372473118118065,1.0,-0.0,0,0
95,0.0,0.12079207920792079,0.14372473118118065,1.0,-0.0,0,0
96,0.0,0.13465346534653463,0.15184387732816487,1.0,-0.0,0,0
97,0.0,0.13465346534653463,0.15184387732816487,1.0,-0.0,0,0
98,0.0,0.011881188118811883,0.047276579747775535,1.0,-0.0,0,0
99,0.0,0.10495049504950495,0.1423816080178024,1.0,-0.0,0,0
100,0.0,0.1306930693069307,0.1500775867049221,1.0,-0.0,0,0
101,0.0,0.12475247524752472,0.13744913773527348,1.0,-0.0,0,0
102,0.0,0.13267326732673265,0.13867042693078493,1.0,-0.0,0,0
103,0.0,0.407920792079208,0.25628077436722346,1.0,-0.0,0,0
104,0.0,0.3336633663366337,0.23558531603905675,1.0,-0.0,0,0
105,0.2,0.3940594059405941,0.24447226742565534,1.0,-0.0,0,0
106,0.2,0.38811881188118824,0.246675771770935,1.0,-0.0,0,0
107,0.2,0.3801980198019803,0.24777017536027013,1.0,-0.0,0,0
108,0.2,0.10297029702970295,0.13383560593042218,0.23422856230353267,0.6303601472889672,0,0
109,0.2,0.1465346534653465,0.1662423117767553,0.37387372660140195,0.42727505314732206,0,0
110,0.2,0.2613861386138614,0.10046456153636296,1.0,-0.0,0,0
111,0.2,0.27920792079207923,0.11966689053257921,1.0,-0.0,0,0
112,0.2,0.3089108910891089,0.13057300215314485,1.0,-0.0,0,0
113,0.2,0.3089108910891089,0.13057300215314485,1.0,-0.0,0,0
114,0.6,0.5148514851485148,0.22043437703090285,0.34964612739055406,0.4563712775545209,0,0
115,0.4,0.3465346534653465,0.2159777933375997,0.4022412219835431,0.3955134246328007,0,0
116,0.4,0.3287128712871287,0.2098262523397957,0.3670248080489141,0.43530457979526127,0,0
117,0.4,0.31287128712871287,0.20375843119851977,0.3344683102596544,0.4756450238792017,0,0
118,0.6,0.5009900990099009,0.24474478503731287,0.34290656475950754,0.4648242004740375,0,0
119,0.2,0.32079207920792085,0.19514748506542445,1.0,-0.0,0,0
120,0.2,0.3089108910891089,0.19604960470540755,1.0,-0.0,0,0
121,0.4,0.41584158415841593,0.21001304686832245,1.0,-0.0,0,0
122,0.4,0.46336633663366333,0.23024858382176047,1.0,-0.0,0,0
123,0.2,0.33069306930693065,0.23282278743285656,1.0,-0.0,0,0
124,0.2,0.2435643564356436,0.19213023717381655,1.0,-0.0,0,0
125,0.4,0.36633663366336633,0.2534034577908339,0.44715800742668765,0.3495389877673576,0,0
126,0.2,0.2693069306930693,0.2328227874328566,1.0,-0.0,0,0
127,0.2,0.3445544554455447,0.24065720558288065,1.0,-0.0,0,0
128,0.2,0.4455445544554456,0.26081545863013006,1.0,-0.0,0,0
129,0.4,0.5198019801980198,0.3005011661993476,1.0,-0.0,0,0
130,0.2,0.4772277227722772,0.28558821983873184,1.0,-0.0,0,0
131,0.2,0.4673267326732673,0.28042009182515004,1.0,-0.0,0,0
132,0.2,0.33069306930693076,0.23787115834368713,1.0,-0.0,0,0
133,0.2,0.17425742574257425,0.1680720409815679,0.43913450099030094,0.35740244082525696,0,0
134,0.0,0.09900990099009899,0.12781100644043505,1.0,-0.0,0,0
135,0.4,0.27128712871287125,0.2347683221430326,0.2917584622021475,0.5349765387636529,0,0
136,0.6,0.5544554455445545,0.3016537758592589,0.43999461224070663,0.3565526414421235,0,0
137,0.6,0.5544554455445545,0.3016537758592589,0.43999461224070663,0.3565526414421235,0,0
138,0.6,0.6138613861386139,0.3099120612959303,1.0,-0.0,0,0
139,0.6,0.6138613861386139,0.3099120612959303,1.0,-0.0,0,0
140,0.2,0.34257425742574255,0.23936654631701504,1.0,-0.0,0,0
141,0.2,0.3366336633663367,0.24844975676996547,1.0,-0.0,0,0
142,0.2,0.38217821782178224,0.2744557312872657,1.0,-0.0,0,0
143,0.2,0.32079207920792085,0.24708872486834166,1.0,-0.0,0,0
144,0.2,0.5980198019801981,0.35094785317406557,1.0,-0.0,0,0
145,0.2,0.5980198019801981,0.35094785317406557,1.0,-0.0,0,0
146,0.0,0.3465346534653467,0.2531247711885116,1.0,-0.0,0,1
147,0.0,0.30297029702970296,0.2381676942888814,1.0,-0.0,0,0
148,0.0,0.30297029702970296,0.2381676942888814,1.0,-0.0,0,0
149,0.0,0.027722772277227727,0.06910862719451544,1.0,-0.0,0,0
150,0.0,0.0594059405940594,0.09968089464279778,1.0,-0.0,0,0
151,0.0,0.0712871287128713,0.10747934055534188,1.0,-0.0,0,0
152,0.0,0.2514851485148515,0.19630944524980165,1.0,-0.0,0,0
153,0.0,0.33267326732673275,0.2291218323029026,1.0,-0.0,0,0
154,0.0,0.3623762376237625,0.23666473137946398,1.0,-0.0,0,0
155,0.0,0.32871287128712884,0.23307527941404238,1.0,-0.0,0,0
156,0.0,0.2891089108910891,0.21150146412386042,1.0,-0.0,0,0
157,0.0,0.14059405940594055,0.1450013436754282,1.0,-0.0,0,0
158,0.0,0.0712871287128713,0.09983812012638045,1.0,-0.0,0,0
159,0.2,0.09504950495049502,0.12135883917659059,0.19357570836574056,0.7131491428159775,0,0
160,0.2,0.27326732673267323,0.2081940684087239,1.0,-0.0,0,0
161,0.2,0.27326732673267323,0.2081940684087239,1.0,-0.0,0,0
162,0.2,0.30297029702970296,0.22797231269467202,1.0,-0.0,0,0
163,0.2,0.2891089108910891,0.22245301655419594,1.0,-0.0,0,0
164,0.0,0.27128712871287125,0.21724496082221748,1.0,-0.0,0,0
165,0.0,0.09306930693069305,0.13948804962658473,1.0,-0.0,0,0
166,0.0,0.12079207920792079,0.1517663861889879,1.0,-0.0,0,0
167,0.0,0.0712871287128713,0.11801714396634724,1.0,-0.0,0,0
168,0.0,0.0712871287128713,0.11801714396634724,1.0,-0.0,0,0
169,0.0,0.1603960396039604,0.14356094226052957,1.0,-0.0,0,0
170,0.0,0.26534653465346536,0.18262966020069435,1.0,-0.0,0,0
171,0.0,0.5316831683168316,0.2775175288618817,1.0,-0.0,0,0
172,0.0,0.5207920792079207,0.2829535985760952,1.0,-0.0,0,0
173,0.0,0.5207920792079207,0.2829535985760952,1.0,-0.0,0,0
174,0.4,0.700990099009901,0.3349287051384709,1.0,-0.0,0,0
175,0.4,0.596039603960396,0.31083432665898747,1.0,-0.0,0,0
176,0.4,0.30099009900990104,0.24148675199090922,0.3409024684915005,0.4673698540120713,0,0
177,0.4,0.30099009900990104,0.24148675199090922,0.3409024684915005,0.4673698540120713,0,0
178,0.4,0.34257425742574266,0.25537645853708524,0.41104136420775617,0.3861144716926631,0,0
179,0.0,0.15841584158415842,0.16486858056632595,1.0,-0.0,0,0
180,0.8,0.3267326732673268,0.25905047067743414,0.033855074801993824,1.4703762223020238,0,0
181,1.0,0.4059405940594061,0.2720737313354881,0.014501341295589327,1.8385918260179652,0,0
182,1.2,0.4930693069306932,0.29859652758472977,0.008954083346958852,2.0479788674066897,0,0
183,1.2,0.45346534653465354,0.2826901730652344,0.004135248223868242,2.3834984162152555,0,0
184,1.2,0.3346534653465348,0.24552858459724808,0.0002122032547068457,3.673247959311288,0,0
185,0.4,0.21386138613861383,0.187230838076401,0.16007092428401076,0.7956875473422975,0,0
186,0.2,0.13465346534653463,0.1352926008121879,0.31454732109092753,0.5023140092244271,0,0
187,0.0,0.08712871287128714,0.127165103825761,1.0,-0.0,0,0
188,0.0,0.08712871287128714,0.127165103825761,1.0,-0.0,0,0
189,0.2,0.17227722772277226,0.17355845414780538,0.4365462475118457,0.35996974056033865,0,0
190,0.4,0.20396039603960395,0.18016537621852313,0.1382734506691049,0.8592611990285892,0,0
191,1.0,0.5128712871287129,0.23783818708310273,0.02027256342259753,1.693091332219672,0,0
192,1.4,0.6356435643564357,0.2805878406488218,0.003223602069535263,2.4916585740850636,0,0
193,1.4,0.6356435643564357,0.2805878406488218,0.003223602069535263,2.4916585740850636,0,0
194,1.4,0.5782178217821782,0.2419409797909111,0.00034111505246945474,3.467099115948256,0,0
195,1.2,0.499009900990099,0.2604242728360174,0.003554194048947635,2.449258864632416,0,0
196,0.8,0.2633663366336634,0.18653843724484256,0.0020086544798666064,2.697094762302374,0,0
