,foreground,bg_means,bg_stdev,pvals,minus_logs,regs,active
2,0.0,0.03762376237623763,0.08307396817189319,1.0,-0.0,0,0
3,0.0,0.03762376237623763,0.08307396817189319,1.0,-0.0,0,0
4,0.0,0.03762376237623763,0.08307396817189319,1.0,-0.0,0,0
5,0.2,0.009900990099009901,0.04338396495090425,5.885669548817499e-06,5.230204125035218,0,0
6,0.2,0.009900990099009901,0.04338396495090425,5.885669548817499e-06,5.230204125035218,0,0
7,0.2,0.009900990099009901,0.04338396495090425,5.885669548817499e-06,5.230204125035218,0,0
8,0.2,0.0613861386138614,0.09224407682259105,0.06646004727610072,1.1774393541234773,0,0
9,0.2,0.12178217821782174,0.13468258275748082,0.28070219713674827,0.5517541880045658,0,0
10,0.0,0.1277227722772277,0.14220248558715834,1.0,-0.0,0,0
11,0.0,0.1277227722772277,0.14220248558715834,1.0,-0.0,0,0
12,0.0,0.1277227722772277,0.14220248558715834,1.0,-0.0,0,0
13,0.0,0.07524752475247526,0.10474480123119365,1.0,-0.0,0,0
14,0.0,0.015841584158415842,0.05401260078014202,1.0,-0.0,0,0
15,0.0,0.0,0.0,1.0,-0.0,0,0
16,0.0,0.0,0.0,1.0,-0.0,0,0
17,0.0,0.0,0.0,1.0,-0.0,0,0
18,0.0,0.0,0.0,1.0,-0.0,0,0
19,0.0,0.0,0.0,1.0,-0.0,0,0
20,0.0,0.0,0.0,1.0,-0.0,0,0
21,0.0,0.0,0.0,1.0,-0.0,0,0
22,0.0,0.0,0.0,1.0,-0.0,0,0
23,0.0,0.0,0.0,1.0,-0.0,0,0
24,0.0,0.0,0.0,1.0,-0.0,0,0
25,0.2,0.061386138613861385,0.09644194583672018,0.07531954647324092,1.1230923036946965,0,0
26,0.4,0.100990099009901,0.12145573247679728,0.006910471688883394,2.160492307924242,0,0
27,0.6,0.14059405940594058,0.1450013436754282,0.0007666990780198025,3.115375058996476,0,0
28,0.8,0.194059405940594,0.1699282214093064,0.000181331063693835,3.7415277908564755,0,0
29,0.8,0.194059405940594,0.1699282214093064,0.000181331063693835,3.7415277908564755,0,0
30,0.6,0.13069306930693067,0.1577958163416755,0.0014690524777009716,2.8329626900035607,0,0
31,0.4,0.09108910891089106,0.13057300215314485,0.008995341606131295,2.0459823392844374,0,0
32,0.2,0.05346534653465347,0.09287951999650357,0.05731896239780438,1.2417016799108866,0,0
33,0.0,0.0,0.0,1.0,-0.0,0,0
34,0.0,0.019801980198019802,0.059735061897023205,1.0,-0.0,0,0
35,0.0,0.019801980198019802,0.059735061897023205,1.0,-0.0,0,0
36,0.0,0.019801980198019802,0.059735061897023205,1.0,-0.0,0,0
37,0.0,0.019801980198019802,0.059735061897023205,1.0,-0.0,0,0
38,0.0,0.019801980198019802,0.059735061897023205,1.0,-0.0,0,0
39,0.0,0.0,0.0,1.0,-0.0,0,0
40,0.0,0.20396039603960395,0.17571398456617043,1.0,-0.0,0,0
41,0.0,0.41980198019801973,0.26774444812363396,1.0,-0.0,0,0
42,0.2,0.5089108910891088,0.287735787049006,1.0,-0.0,0,0
43,0.2,0.6396039603960395,0.29919999203181813,1.0,-0.0,0,0
44,0.2,0.6673267326732671,0.31121254743567744,1.0,-0.0,0,0
45,0.2,0.4633663366336634,0.259368147802502,1.0,-0.0,1,0
46,0.2,0.37821782178217817,0.21229717654159364,1.0,-0.0,0,0
47,0.0,0.3227722772277228,0.204833275896804,1.0,-0.0,0,0
48,0.0,0.19207920792079206,0.1639144719728703,1.0,-0.0,1,0
49,1.0,0.4237623762376238,0.22565570675343685,0.005330565105108324,2.2732267480051513,0,0
50,1.4,0.9900990099009901,0.3608309855015636,0.12798002743100362,0.8928578010810374,0,0
51,1.8,1.0039603960396042,0.3807030474171627,0.018265264467537665,1.7383740351432375,0,0
52,1.8,0.9702970297029705,0.38319773724901024,0.015185863603311762,1.8185605051952993,2,0
53,1.8,0.9702970297029705,0.38319773724901024,0.015185863603311762,1.8185605051952993,1,0
54,0.8,0.7089108910891088,0.3498511734220003,0.39729099984347077,0.4008912732597397,0,0
55,0.4,0.14356435643564355,0.17599271001112823,0.07254700363874782,1.1393805202356275,0,0
56,0.0,0.05148514851485149,0.096075322540263,1.0,-0.0,0,0
57,0.0,0.05148514851485149,0.096075322540263,1.0,-0.0,0,0
58,0.0,0.10891089108910887,0.1335716590419014,1.0,-0.0,0,0
59,0.0,0.10891089108910887,0.1335716590419014,1.0,-0.0,0,0
60,0.0,0.10891089108910887,0.1335716590419014,1.0,-0.0,0,0
61,0.0,0.057425742574257435,0.09885135821266287,1.0,-0.0,0,0
62,0.0,0.057425742574257435,0.09885135821266287,1.0,-0.0,0,0
63,0.0,0.03564356435643565,0.07653920035678291,1.0,-0.0,1,0
64,0.0,0.03564356435643565,0.07653920035678291,1.0,-0.0,0,0
65,0.2,0.0891089108910891,0.12734998170941408,0.1919429930193236,0.7168277374074085,0,0
66,0.2,0.0891089108910891,0.12734998170941408,0.1919429930193236,0.7168277374074085,0,0
67,0.2,0.0891089108910891,0.12734998170941408,0.1919429930193236,0.7168277374074085,0,0
68,0.2,0.05346534653465347,0.10860442931328386,0.08862815178171936,1.0524283072157032,0,0
69,0.2,0.08118811881188118,0.11999411807954947,0.1610510040644479,0.7930365632485749,0,0
70,0.0,0.02772277227722772,0.06910862719451544,1.0,-0.0,0,0
71,0.0,0.02772277227722772,0.06910862719451544,1.0,-0.0,0,0
72,0.0,0.02772277227722772,0.06910862719451544,1.0,-0.0,0,0
73,0.0,0.02772277227722772,0.06910862719451544,1.0,-0.0,0,0
74,0.0,0.0,0.0,1.0,-0.0,0,0
75,0.0,0.0,0.0,1.0,-0.0,0,0
76,0.0,0.0910891089108911,0.12750384183766536,1.0,-0.0,0,0
77,0.0,0.0910891089108911,0.12750384183766536,1.0,-0.0,0,0
78,0.0,0.0910891089108911,0.12750384183766536,1.0,-0.0,0,0
79,0.0,0.0910891089108911,0.12750384183766536,1.0,-0.0,0,0
80,0.2,0.4356435643564356,0.2539135888001947,1.0,-0.0,0,0
81,0.2,0.3445544554455446,0.22359583743834086,1.0,-0.0,0,0
82,0.2,0.4732673267326733,0.2635970105709899,1.0,-0.0,0,0
83,0.4,0.5544554455445545,0.2868486172234743,1.0,-0.0,0,0
84,0.4,0.6455445544554455,0.3364122743181797,1.0,-0.0,0,0
85,0.2,0.30099009900990104,0.24148675199090922,1.0,-0.0,0,0
86,1.8,0.8851485148514852,0.37795335733338387,0.007748722114986384,2.110769913515586,0,0
87,1.8,0.7564356435643562,0.34652899571053236,0.001299897323117181,2.886090950589092,0,0
88,1.6,0.6752475247524752,0.33519786991987827,0.0029004739237857443,2.5375310346290223,1,0
89,1.6,0.5841584158415841,0.31801758257243135,0.0007008669729875263,3.154364404829153,0,0
90,1.6,0.5841584158415841,0.31801758257243135,0.0007008669729875263,3.154364404829153,0,0
91,0.0,0.0,0.0,1.0,-0.0,0,0
92,0.0,0.0,0.0,1.0,-0.0,0,0
93,0.0,0.0,0.0,1.0,-0.0,0,0
94,0.0,0.0,0.0,1.0,-0.0,0,0
95,0.0,0.0,0.0,1.0,-0.0,0,0
96,0.0,0.0,0.0,1.0,-0.0,0,0
97,0.0,0.0,0.0,1.0,-0.0,0,0
98,0.0,0.0,0.0,1.0,-0.0,0,0
99,0.0,0.0,0.0,1.0,-0.0,0,0
100,0.0,0.06336633663366337,0.10874875419996817,1.0,-0.0,0,0
101,0.6,0.5465346534653466,0.3292849608360526,0.435508027174074,0.3610038357762321,0,0
102,0.8,0.5920792079207922,0.3468909059874564,0.27445848614087864,0.5615233364721681,0,0
103,0.8,0.6475247524752475,0.370334090378169,0.34027104951794196,0.46817499938920987,0,0
104,0.8,0.7267326732673268,0.39373587395284176,0.4261900615142383,0.37039668197951336,0,0
105,1.0,0.8138613861386137,0.3992641010288251,0.320534659962467,0.4941250025988933,0,0
106,0.4,0.3306930693069308,0.23620035724750013,0.3845989168246865,0.4149919432325468,0,0
107,0.2,0.2851485148514852,0.21312671757740526,1.0,-0.0,0,0
108,0.4,0.2930693069306931,0.23808536024061996,0.32666982597087546,0.48589097883813787,0,0
109,0.4,0.21584158415841584,0.21559619077961134,0.1965020384207326,0.7066329400962683,0,0
110,0.2,0.06336633663366337,0.11233152161332939,0.1119271380917808,0.9510646007408702,0,0
111,0.2,0.06336633663366337,0.11233152161332939,0.1119271380917808,0.9510646007408702,0,0
112,0.2,0.06336633663366337,0.11233152161332939,0.1119271380917808,0.9510646007408702,0,0
113,0.0,0.0,0.0,1.0,-0.0,0,0
114,0.0,0.0,0.0,1.0,-0.0,0,0
115,0.0,0.0,0.0,1.0,-0.0,0,0
116,0.0,0.0,0.0,1.0,-0.0,0,0
117,0.0,0.0,0.0,1.0,-0.0,0,0
118,0.0,0.039603960396039604,0.08452453849668534,1.0,-0.0,0,0
119,0.0,0.039603960396039604,0.08452453849668534,1.0,-0.0,0,0
120,0.0,0.039603960396039604,0.08452453849668534,1.0,-0.0,0,0
121,0.0,0.039603960396039604,0.08452453849668534,1.0,-0.0,0,0
122,0.0,0.039603960396039604,0.08452453849668534,1.0,-0.0,0,0
123,0.0,0.0,0.0,1.0,-0.0,0,0
124,0.0,0.0,0.0,1.0,-0.0,0,0
125,0.0,0.019801980198019802,0.059735061897023205,1.0,-0.0,1,0
126,0.6,0.10495049504950495,0.1367053908443026,0.0001465703407889884,3.833953902374571,0,0
127,1.8,0.42178217821782166,0.2770437862222581,3.266945205999447e-07,6.485858149556287,0,0
128,2.0,0.5089108910891088,0.2835765249891968,7.275422583340079e-08,7.138141776186355,0,0
129,2.0,0.6316831683168317,0.29749139036358146,2.117353930796355e-06,5.674206540495354,1,0
130,2.0,0.7920792079207921,0.3094815749140066,4.749483996886966e-05,4.323353571317789,0,0
131,1.4,0.7049504950495048,0.3203884516106932,0.015026306778065537,1.8231477488210992,0,0
132,0.2,0.3900990099009901,0.2585201413127539,1.0,-0.0,0,0
133,0.0,0.300990099009901,0.22271726493469288,1.0,-0.0,0,0
134,0.0,0.18019801980198016,0.17689276383467165,1.0,-0.0,0,0
135,0.0,0.08118811881188118,0.10964648079134362,1.0,-0.0,0,0
136,0.0,0.16237623762376235,0.15849008161397019,1.0,-0.0,0,0
137,0.2,0.2673267326732673,0.19756383146513928,1.0,-0.0,0,0
138,0.2,0.2673267326732673,0.19756383146513928,1.0,-0.0,0,0
139,1.0,0.7920792079207921,0.38580843969766515,0.2949702164143312,0.5302218331740768,0,0
140,1.4,0.8673267326732673,0.43077386291247116,0.10812716203119684,0.9660651956073045,0,0
141,1.4,0.788118811881188,0.4134585182092352,0.06944870030658344,1.1583358774275985,1,0
142,1.2,0.7158415841584158,0.36389876550777756,0.09168081589135164,1.0377215304602894,0,0
143,1.2,0.7158415841584158,0.36389876550777756,0.09168081589135164,1.0377215304602894,0,0
144,1.8,0.7940594059405938,0.3088855028917298,0.0005636213197784793,3.249012587445172,0,0
145,1.6,0.6772277227722774,0.300455491874894,0.0010658425757053638,2.9723069356014,0,0
146,2.2,0.9524752475247525,0.3714019624398162,0.00039118036658804495,3.4076229506544955,0,0
147,2.2,1.0653465346534652,0.377704280460376,0.001331931097608426,2.8755182411585385,0,0
148,2.2,1.1237623762376239,0.38669672791029885,0.002691639216239215,2.5699831528050514,0,0
149,0.8,0.5207920792079207,0.281550456826554,0.1606768565589245,0.7940466732838265,0,0
150,0.6,0.6237623762376238,0.3212440282918351,1.0,-0.0,0,0
151,0.0,0.3504950495049505,0.23615054871556176,1.0,-0.0,0,0
152,0.0,0.20198019801980197,0.17002049848448067,1.0,-0.0,0,0
153,0.0,0.14455445544554454,0.15950123220279025,1.0,-0.0,0,0
154,0.0,0.14455445544554454,0.15950123220279025,1.0,-0.0,0,0
155,0.0,0.0,0.0,1.0,-0.0,0,0
156,0.0,0.04950495049504951,0.08631483056516186,1.0,-0.0,0,0
157,0.0,0.09900990099009901,0.13965661530697393,1.0,-0.0,0,0
158,0.0,0.09900990099009901,0.13965661530697393,1.0,-0.0,0,0
159,0.0,0.09900990099009901,0.13965661530697393,1.0,-0.0,0,0
160,0.0,0.09900990099009901,0.13965661530697393,1.0,-0.0,0,0
161,0.0,0.049504950495049514,0.10304643034659554,1.0,-0.0,0,0
162,0.0,0.07920792079207921,0.11966689053257921,1.0,-0.0,0,0
163,0.0,0.07920792079207921,0.11966689053257921,1.0,-0.0,0,0
164,0.0,0.07920792079207921,0.11966689053257921,1.0,-0.0,0,0
165,0.0,0.11287128712871286,0.13324834725751067,1.0,-0.0,0,0
166,0.0,0.23564356435643566,0.20757160683372128,1.0,-0.0,0,0
167,0.0,0.15643564356435644,0.1702740025877676,1.0,-0.0,0,0
168,0.0,0.4297029702970297,0.3023159957367556,1.0,-0.0,2,0
169,0.0,0.4297029702970297,0.3023159957367556,1.0,-0.0,0,0
170,0.0,0.39603960396039606,0.2951491625170172,1.0,-0.0,0,0
171,0.0,0.27326732673267323,0.2512901715519256,1.0,-0.0,0,0
172,0.0,0.8396039603960396,0.3807442445872235,1.0,-0.0,0,0
173,0.0,1.1722772277227722,0.4396485571884196,1.0,-0.0,0,0
174,0.0,1.491089108910891,0.5038660457498622,1.0,-0.0,0,0
175,0.2,1.8079207920792082,0.5463983184811027,1.0,-0.0,0,0
176,0.2,1.8079207920792082,0.5463983184811027,1.0,-0.0,0,0
177,0.6,1.5386138613861384,0.4831764323291825,1.0,-0.0,0,0
178,0.6,0.9326732673267327,0.405191291064691,1.0,-0.0,0,0
179,0.6,0.6138613861386139,0.3008337269676506,1.0,-0.0,0,0
180,0.4,0.297029702970297,0.2136228959919582,0.3148962206747791,0.5018325516528757,0,0
181,1.2,0.8415841584158416,0.36729337202729756,0.16457439122798467,0.7836377427181317,0,0
182,0.8,0.5801980198019802,0.34412172667292606,0.2614982473685009,0.5825312175452331,0,0
183,0.8,0.7247524752475246,0.37321348457435266,0.42010667176585065,0.376640421323028,0,0
184,0.8,0.7247524752475246,0.37321348457435266,0.42010667176585065,0.376640421323028,0,0
185,0.8,0.7247524752475246,0.37321348457435266,0.42010667176585065,0.376640421323028,0,0
186,0.0,0.2217821782178218,0.1968081743835003,1.0,-0.0,0,0
187,0.0,0.18613861386138614,0.18077375114498542,1.0,-0.0,0,0
188,0.0,0.07722772277227724,0.1124710639300034,1.0,-0.0,0,0
189,0.0,0.07722772277227724,0.1124710639300034,1.0,-0.0,0,0
190,0.0,0.07722772277227724,0.1124710639300034,1.0,-0.0,0,0
191,0.0,0.03762376237623763,0.07816140339006158,1.0,-0.0,0,0
192,0.0,0.27326732673267334,0.20435413307475536,1.0,-0.0,0,0
193,0.0,0.23564356435643566,0.19578941931577468,1.0,-0.0,0,0
194,0.0,0.3900990099009901,0.2791447158290074,1.0,-0.0,0,0
195,0.0,0.7524752475247525,0.3638610493700873,1.0,-0.0,0,0
196,0.0,0.7524752475247525,0.3638610493700873,1.0,-0.0,0,0
197,0.0,0.5148514851485148,0.3286293583523262,1.0,-0.0,0,0
198,0.0,0.596039603960396,0.3592954580206917,1.0,-0.0,0,0
199,0.0,0.44158415841584164,0.3022251887244663,1.0,-0.0,0,0
200,0.0,0.1207920792079208,0.14913402284168503,1.0,-0.0,0,0
201,0.0,0.17623762376237626,0.18301572450512466,1.0,-0.0,0,0
202,0.0,0.20990099009900987,0.1977622086930122,1.0,-0.0,0,0
203,0.0,0.13069306930693067,0.13912212332871524,1.0,-0.0,0,0
204,0.0,0.36435643564356435,0.23445076259706402,1.0,-0.0,0,0
205,0.6,0.8613861386138612,0.37203489057864175,1.0,-0.0,0,0
206,0.6,0.8079207920792078,0.36686608782956837,1.0,-0.0,0,0
207,0.8,1.2534653465346535,0.45978134201216087,1.0,-0.0,0,0
208,1.0,1.6217821782178217,0.5256968897381873,1.0,-0.0,0,0
209,1.0,1.388118811881188,0.497774677387363,1.0,-0.0,0,0
210,0.4,0.8475247524752473,0.4213589658476324,1.0,-0.0,0,0
211,0.4,0.8475247524752473,0.4213589658476324,1.0,-0.0,0,0
212,0.2,0.36831683168316826,0.2695543417977922,1.0,-0.0,0,0
213,0.0,0.36633663366336633,0.2549615493133655,1.0,-0.0,0,0
214,0.0,0.401980198019802,0.26624644208836534,1.0,-0.0,0,0
215,0.0,0.401980198019802,0.26624644208836534,1.0,-0.0,0,0
216,0.0,0.401980198019802,0.26624644208836534,1.0,-0.0,0,0
217,0.0,0.401980198019802,0.26624644208836534,1.0,-0.0,0,0
218,0.0,0.14059405940594058,0.1701357744476086,1.0,-0.0,0,0
