,foreground,bg_means,bg_stdev,pvals,minus_logs,regs,active
2,0.0,0.4930693069306931,0.337215571602503,1.0,-0.0,0,0
3,0.0,0.3445544554455445,0.24874944550403494,1.0,-0.0,0,0
4,0.0,0.38811881188118813,0.2576693439938712,1.0,-0.0,0,0
5,0.0,0.05346534653465347,0.10104832334394513,1.0,-0.0,0,0
6,0.0,0.05346534653465347,0.10104832334394513,1.0,-0.0,0,0
7,0.0,0.04356435643564357,0.09164702150816742,1.0,-0.0,0,0
8,0.0,0.04356435643564357,0.09164702150816742,1.0,-0.0,0,0
9,0.0,0.0,0.0,1.0,-0.0,0,0
10,0.0,0.0891089108910891,0.12097048989545554,1.0,-0.0,0,0
11,0.0,0.0891089108910891,0.12097048989545554,1.0,-0.0,0,0
12,0.0,0.0891089108910891,0.12097048989545554,1.0,-0.0,0,0
13,0.0,0.0891089108910891,0.12097048989545554,1.0,-0.0,0,0
14,0.0,0.0891089108910891,0.12097048989545554,1.0,-0.0,0,0
15,0.0,0.0,0.0,1.0,-0.0,0,0
16,0.0,0.0,0.0,1.0,-0.0,0,0
17,0.0,0.031683168316831684,0.07302609471123078,1.0,-0.0,0,0
18,0.0,0.031683168316831684,0.07302609471123078,1.0,-0.0,0,0
19,0.0,0.05346534653465347,0.09287951999650358,1.0,-0.0,0,0
20,0.0,0.16435643564356434,0.14997303943573456,1.0,-0.0,0,0
21,0.0,0.1900990099009901,0.17434741150934763,1.0,-0.0,0,0
22,0.0,0.15841584158415842,0.17192407185067915,1.0,-0.0,0,0
23,0.0,0.2613861386138614,0.21200144639414265,1.0,-0.0,0,0
24,0.0,0.2396039603960396,0.2068525125893164,1.0,-0.0,0,0
25,0.0,0.16237623762376235,0.15080738823492887,1.0,-0.0,0,0
26,0.0,0.19801980198019803,0.1856112183041662,1.0,-0.0,0,0
27,0.0,0.23168316831683167,0.1923953711127306,1.0,-0.0,0,0
28,0.0,0.12673267326732673,0.14818445096134422,1.0,-0.0,0,0
29,0.0,0.12673267326732673,0.14818445096134422,1.0,-0.0,0,0
30,0.0,0.09504950495049505,0.13078304733432375,1.0,-0.0,0,0
31,0.0,0.033663366336633666,0.07482947971362847,1.0,-0.0,0,0
32,0.0,0.0,0.0,1.0,-0.0,0,0
33,0.0,0.0,0.0,1.0,-0.0,0,0
34,0.0,0.0,0.0,1.0,-0.0,0,0
35,0.0,0.019801980198019802,0.06603299802191315,1.0,-0.0,0,0
36,0.0,0.019801980198019802,0.06603299802191315,1.0,-0.0,0,0
37,0.0,0.06534653465346535,0.1129581045303102,1.0,-0.0,0,0
38,0.0,0.06534653465346535,0.1129581045303102,1.0,-0.0,0,0
39,0.0,0.06534653465346535,0.1129581045303102,1.0,-0.0,0,0
40,0.0,0.06534653465346535,0.10939585993610403,1.0,-0.0,0,0
41,0.0,0.09306930693069305,0.13948804962658473,1.0,-0.0,0,0
42,0.0,0.06534653465346535,0.10939585993610405,1.0,-0.0,0,0
43,0.0,0.06930693069306931,0.11751770396006171,1.0,-0.0,0,0
44,0.0,0.06930693069306931,0.11751770396006171,1.0,-0.0,0,0
45,0.0,0.04950495049504951,0.10304643034659555,1.0,-0.0,0,0
46,0.0,0.0891089108910891,0.11765109526742927,1.0,-0.0,0,0
47,0.0,0.18019801980198016,0.17004355992893858,1.0,-0.0,0,0
48,0.0,0.28316831683168314,0.1934928079256413,1.0,-0.0,0,0
49,0.2,0.3227722772277228,0.19492633191801528,1.0,-0.0,0,0
50,0.2,0.35643564356435653,0.19821772287116352,1.0,-0.0,0,0
51,0.2,0.2871287128712871,0.19784150388813654,1.0,-0.0,0,0
52,0.2,0.22574257425742572,0.1794675653128269,1.0,-0.0,0,0
53,0.2,0.1465346534653465,0.15387043310940524,0.36411915772488,0.4387564705433396,0,0
54,0.2,0.17821782178217818,0.18858722298311487,0.4540236664335856,0.3429215085225719,0,0
55,0.2,0.18415841584158413,0.1963693596248423,0.46785125025477614,0.3298922056057392,0,0
56,0.2,0.24158415841584152,0.21492219487073477,1.0,-0.0,0,0
57,0.2,0.2475247524752475,0.20128009124076135,1.0,-0.0,0,0
58,0.4,0.29504950495049503,0.22619374750564172,0.3213292634914324,0.49304972140108394,0,0
59,0.2,0.22574257425742575,0.2042389715366862,1.0,-0.0,0,0
60,0.4,0.2712871287128713,0.2226468293652734,0.28159718279473855,0.550371694355279,0,0
61,0.4,0.2930693069306931,0.2430244357768744,0.32996864108952406,0.481527331785463,0,0
62,0.4,0.2613861386138614,0.23503540792012342,0.2776766671269156,0.5564606120169817,0,0
63,0.2,0.28118811881188116,0.2146666175503786,1.0,-0.0,0,0
64,0.2,0.36831683168316837,0.24653266530670756,1.0,-0.0,0,0
65,0.0,0.2811881188118812,0.22370103426252747,1.0,-0.0,0,0
66,0.0,0.20198019801980194,0.1877327983285756,1.0,-0.0,0,0
67,0.0,0.19207920792079206,0.20083152306547483,1.0,-0.0,0,0
68,0.0,0.10891089108910891,0.1503125521928582,1.0,-0.0,0,0
69,0.0,0.11881188118811878,0.1467218499235066,1.0,-0.0,0,0
70,0.0,0.13069306930693064,0.1552657091795062,1.0,-0.0,0,0
71,0.0,0.15049504950495046,0.15772124951873168,1.0,-0.0,0,0
72,0.0,0.15247524752475244,0.15707352091130253,1.0,-0.0,0,0
73,0.0,0.14455445544554454,0.15699861103298854,1.0,-0.0,0,0
74,0.0,0.06138613861386138,0.10433219700847123,1.0,-0.0,0,0
75,0.0,0.06930693069306931,0.11057238501634628,1.0,-0.0,0,0
76,0.0,0.06534653465346535,0.10939585993610405,1.0,-0.0,0,0
77,0.0,0.08118811881188118,0.12951766673875514,1.0,-0.0,0,0
78,0.0,0.07524752475247526,0.12539516989297084,1.0,-0.0,0,0
79,0.0,0.06732673267326733,0.11698261772468856,1.0,-0.0,0,0
80,0.0,0.05742574257425742,0.10656335878870264,1.0,-0.0,0,0
81,0.0,0.07326732673267328,0.11848138852793338,1.0,-0.0,0,0
82,0.0,0.0712871287128713,0.12454800153280307,1.0,-0.0,0,0
83,0.0,0.07920792079207921,0.1292145592164392,1.0,-0.0,0,0
84,0.0,0.08514851485148514,0.14169143619800648,1.0,-0.0,0,0
85,0.0,0.07920792079207921,0.13810372890425895,1.0,-0.0,0,0
86,0.0,0.04950495049504951,0.11399475615543964,1.0,-0.0,0,0
87,0.0,0.025742574257425748,0.07791016068477626,1.0,-0.0,0,0
88,0.0,0.017821782178217824,0.0635517090529949,1.0,-0.0,0,0
89,0.0,0.0059405940594059415,0.033953323167291584,1.0,-0.0,0,0
90,0.0,0.0019801980198019802,0.019801980198019802,1.0,-0.0,0,0
91,0.0,0.0019801980198019802,0.019801980198019802,1.0,-0.0,0,0
92,0.0,0.0019801980198019802,0.0198019801980198,1.0,-0.0,0,0
93,0.0,0.0019801980198019802,0.0198019801980198,1.0,-0.0,0,0
94,0.0,0.009900990099009901,0.04338396495090424,1.0,-0.0,0,0
95,0.0,0.023762376237623766,0.06471340450838889,1.0,-0.0,0,0
96,0.0,0.039603960396039604,0.08452453849668534,1.0,-0.0,0,0
97,0.0,0.06930693069306931,0.12407485305204392,1.0,-0.0,0,0
98,0.2,0.08118811881188118,0.13254020222321994,0.18501385583113095,0.7327957457285068,0,0
99,0.2,0.09504950495049506,0.14513649268759363,0.23480436296361806,0.6292938376057691,0,0
100,0.2,0.08118811881188118,0.13549532985786936,0.19027844328163318,0.7206104103158428,0,0
101,0.2,0.06534653465346535,0.1129581045303102,0.11661777127180513,0.9332352628086961,0,0
102,0.2,0.047524752475247525,0.0939707763778588,0.05233944412570533,1.2811708941229774,0,0
103,0.0,0.03762376237623763,0.08307396817189318,1.0,-0.0,0,0
104,0.0,0.11485148514851483,0.16006566636008887,1.0,-0.0,0,0
105,0.0,0.11485148514851483,0.16006566636008887,1.0,-0.0,0,0
106,0.0,0.11485148514851483,0.16006566636008887,1.0,-0.0,0,0
107,0.0,0.11089108910891088,0.15789518399405605,1.0,-0.0,0,0
108,0.0,0.1306930693069307,0.16515373831281616,1.0,-0.0,0,0
109,0.0,0.031683168316831684,0.08316831683168317,1.0,-0.0,0,0
110,0.0,0.031683168316831684,0.08316831683168317,1.0,-0.0,0,0
111,0.4,0.06534653465346535,0.12620558708220353,0.004004936754878246,2.397404337813017,0,0
112,0.4,0.05544554455445545,0.11644507269694382,0.001543475691978011,2.8115002057821092,0,0
113,0.6,0.07920792079207921,0.1292145592164392,2.7835764451801587e-05,4.555396847191954,0,0
114,0.6,0.08514851485148514,0.13304219431477884,5.44542747583228e-05,4.2639680216735005,0,0
115,0.6,0.08514851485148514,0.13304219431477884,5.44542747583228e-05,4.2639680216735005,0,0
116,0.2,0.05148514851485149,0.096075322540263,0.0610744044260142,1.2141407594058027,0,0
117,1.4,0.1762376237623762,0.1872936566784291,3.20344053043969e-11,10.494383333960746,0,0
118,1.4,0.15247524752475244,0.15957496727054085,2.6977823796572693e-15,14.568993086215574,0,0
119,1.4,0.19207920792079206,0.1733097543528005,1.587850439605287e-12,11.79919040638816,0,0
120,1.4,0.19405940594059404,0.17224308299392188,1.267208118421489e-12,11.897152053420017,0,0
121,1.6,0.21386138613861388,0.1851035048800284,3.4855472141733443e-14,13.457729030065309,0,0
122,0.4,0.10495049504950493,0.1423816080178024,0.019121322397794335,1.7184820759613122,0,0
123,0.4,0.11089108910891088,0.14481192315867106,0.02294280184033969,1.6393535459162385,0,0
124,0.4,0.06930693069306931,0.11751770396006173,0.002446574726960859,2.6114415148269434,0,0
125,0.4,0.17821782178217827,0.20662491026923688,0.14155561032167718,0.8490729134167763,0,0
126,0.2,0.22970297029702968,0.24597534870265994,1.0,-0.0,0,0
127,0.2,0.21386138613861388,0.2375742522679023,1.0,-0.0,0,0
128,0.0,0.1861386138613862,0.2166485052927976,1.0,-0.0,0,0
129,0.0,0.20792079207920797,0.22676509777231912,1.0,-0.0,0,0
130,0.0,0.11881188118811879,0.15202453637757812,1.0,-0.0,0,0
131,0.0,0.06336633663366337,0.10874875419996817,1.0,-0.0,0,0
132,0.0,0.06336633663366337,0.10874875419996817,1.0,-0.0,0,0
133,0.0,0.06336633663366337,0.10874875419996817,1.0,-0.0,0,0
134,0.0,0.05148514851485149,0.10011267057239238,1.0,-0.0,0,0
135,0.0,0.02970297029702971,0.07648795214189294,1.0,-0.0,0,0
136,0.0,0.03564356435643565,0.08154954567118416,1.0,-0.0,0,0
137,0.0,0.051485148514851496,0.09186070102766894,1.0,-0.0,0,0
138,0.0,0.06534653465346535,0.10939585993610405,1.0,-0.0,0,0
139,0.0,0.05148514851485149,0.1001126705723924,1.0,-0.0,0,0
140,0.0,0.0712871287128713,0.12454800153280307,1.0,-0.0,0,0
141,0.0,0.0594059405940594,0.1178841668604928,1.0,-0.0,0,0
142,0.0,0.0613861386138614,0.11166631429601336,1.0,-0.0,0,0
143,0.0,0.1504950495049505,0.16746435256923545,1.0,-0.0,0,0
144,0.0,0.16435643564356434,0.16978971176416646,1.0,-0.0,0,0
145,0.0,0.15247524752475247,0.1715359035858037,1.0,-0.0,0,0
146,0.2,0.15445544554455445,0.16858452795083376,0.39351913338152744,0.4050341468627192,0,0
147,0.2,0.13564356435643565,0.15388317441966679,0.33789452810529097,0.47121884117248314,0,0
148,0.2,0.033663366336633666,0.07482947971362845,0.01311209067436901,1.882328056139666,0,0
149,0.2,0.0297029702970297,0.07112192077650681,0.008322928729312118,2.079723824290396,0,0
150,0.2,0.021782178217821784,0.06230547612891991,0.002115616449879084,2.6745630648030154,0,0
151,0.0,0.021782178217821784,0.06230547612891991,1.0,-0.0,0,0
152,0.6,0.08514851485148514,0.1172170185104851,5.608071145499387e-06,5.251186485429806,0,0
153,0.6,0.09504950495049505,0.12457948087149175,2.5256601632297658e-05,4.597625085753352,0,0
154,0.6,0.08514851485148514,0.1172170185104851,5.608071145499387e-06,5.251186485429806,0,0
155,0.8,0.12673267326732673,0.13415750246300454,2.6040367415266246e-07,6.584352892404269,0,0
156,0.8,0.11287128712871286,0.13324834725751067,1.256349628183438e-07,6.9008894844356785,0,0
157,0.2,0.04950495049504951,0.09504950495049506,0.056672754609762926,1.2466256777282645,0,0
158,0.2,0.05346534653465347,0.10489443673781407,0.08121090620767592,1.0903856433234342,0,0
159,0.4,0.1069306930693069,0.14776046024695155,0.02366092655151797,1.6259682525934427,0,0
160,0.2,0.06732673267326733,0.10634234916512914,0.10608783743468066,0.9743344034481476,0,0
161,0.2,0.06732673267326733,0.10634234916512914,0.10608783743468066,0.9743344034481476,0,0
162,0.2,0.06732673267326733,0.10634234916512914,0.10608783743468066,0.9743344034481476,0,0
163,0.2,0.05346534653465347,0.09287951999650358,0.05731896239780438,1.2417016799108866,0,0
164,0.0,0.06732673267326733,0.1135467024699521,1.0,-0.0,0,0
165,0.0,0.06732673267326733,0.1135467024699521,1.0,-0.0,0,0
166,0.0,0.06732673267326733,0.1135467024699521,1.0,-0.0,0,0
167,0.0,0.06732673267326733,0.1135467024699521,1.0,-0.0,0,0
168,0.0,0.06732673267326733,0.1135467024699521,1.0,-0.0,0,0
169,0.0,0.0,0.0,1.0,-0.0,0,0
170,0.0,0.0,0.0,1.0,-0.0,0,0
171,0.0,0.0,0.0,1.0,-0.0,0,0
172,0.0,0.0,0.0,1.0,-0.0,0,0
173,0.0,0.06336633663366337,0.11580349716604711,1.0,-0.0,0,0
174,0.0,0.1495049504950495,0.18964467158515452,1.0,-0.0,0,0
175,0.0,0.15643564356435644,0.19418060470702989,1.0,-0.0,0,0
176,0.0,0.15643564356435644,0.19418060470702989,1.0,-0.0,0,0
177,0.0,0.15643564356435644,0.19418060470702989,1.0,-0.0,0,0
178,0.0,0.100990099009901,0.14246420394934614,1.0,-0.0,0,0
179,0.0,0.015841584158415842,0.06090517425437506,1.0,-0.0,0,0
180,0.0,0.009900990099009901,0.04338396495090425,1.0,-0.0,0,0
181,0.2,0.02772277227722773,0.06910862719451544,0.0063361735559086295,2.1981729353735644,0,0
182,0.2,0.02772277227722773,0.06910862719451544,0.0063361735559086295,2.1981729353735644,0,0
183,0.2,0.017821782178217824,0.05698017651460656,0.0006937928196726553,3.15877019915046,0,0
184,0.2,0.017821782178217824,0.05698017651460656,0.0006937928196726553,3.15877019915046,0,0
185,0.2,0.025742574257425745,0.0669763743575753,0.0046371400013480064,2.3337497919853587,0,0
186,0.0,0.019801980198019802,0.0597350618970232,1.0,-0.0,0,0
187,0.2,0.12475247524752475,0.14852805221860732,0.30621016232029796,0.5139804002922561,0,0
188,0.2,0.12475247524752475,0.14852805221860732,0.30621016232029796,0.5139804002922561,0,0
189,0.2,0.18217821782178217,0.19720624957660793,0.4639960872886449,0.33348568167812653,0,0
190,0.2,0.23762376237623759,0.20042108402186132,1.0,-0.0,0,0
191,0.2,0.3643564356435644,0.2675833018868731,1.0,-0.0,0,0
192,0.0,0.25742574257425743,0.2360342879326945,1.0,-0.0,0,0
193,0.0,0.25742574257425743,0.2360342879326945,1.0,-0.0,0,0
194,0.0,0.20198019801980194,0.1999901967992491,1.0,-0.0,0,0
195,0.0,0.13663366336633662,0.16393839236292437,1.0,-0.0,0,0
196,0.0,0.0,0.0,1.0,-0.0,0,0
197,0.0,0.0,0.0,1.0,-0.0,0,0
198,0.0,0.0,0.0,1.0,-0.0,0,0
199,0.0,0.0,0.0,1.0,-0.0,0,0
200,0.0,0.0,0.0,1.0,-0.0,0,0
201,0.0,0.047524752475247525,0.09809478080396702,1.0,-0.0,0,0
202,0.0,0.047524752475247525,0.09809478080396702,1.0,-0.0,0,0
203,0.0,0.047524752475247525,0.09809478080396702,1.0,-0.0,0,0
204,0.0,0.047524752475247525,0.09809478080396702,1.0,-0.0,0,0
205,0.0,0.047524752475247525,0.09809478080396702,1.0,-0.0,0,0
206,0.0,0.07326732673267328,0.12811743461086583,1.0,-0.0,0,0
207,0.0,0.11287128712871286,0.16023705603282304,1.0,-0.0,0,0
208,0.0,0.12673267326732673,0.16821196500273505,1.0,-0.0,0,0
209,0.0,0.12673267326732673,0.16821196500273505,1.0,-0.0,0,0
210,0.0,0.15445544554455443,0.1732192295336953,1.0,-0.0,0,0
211,0.0,0.08514851485148514,0.12054836637801526,1.0,-0.0,0,0
212,0.0,0.04554455445544555,0.10100951085035129,1.0,-0.0,0,0
213,0.0,0.07920792079207921,0.1292145592164392,1.0,-0.0,0,0
214,0.0,0.10099009900990098,0.14246420394934614,1.0,-0.0,0,0
215,0.0,0.07524752475247526,0.1189108498693262,1.0,-0.0,0,0
216,0.0,0.08712871287128712,0.13024224675172555,1.0,-0.0,0,0
217,0.0,0.08712871287128712,0.13024224675172555,1.0,-0.0,0,0
218,0.0,0.08316831683168316,0.12978985828256584,1.0,-0.0,0,0
219,0.0,0.06732673267326733,0.1135467024699521,1.0,-0.0,0,0
220,0.0,0.06732673267326733,0.1135467024699521,1.0,-0.0,0,0
221,0.0,0.049504950495049514,0.09504950495049506,1.0,-0.0,0,0
222,0.0,0.1267326732673267,0.13415750246300454,1.0,-0.0,0,0
223,0.0,0.08118811881188118,0.11320083903331846,1.0,-0.0,0,0
224,0.0,0.07524752475247526,0.10474480123119365,1.0,-0.0,0,0
225,0.0,0.07524752475247526,0.10474480123119365,1.0,-0.0,0,0
226,0.2,0.1267326732673267,0.13117223890438967,0.28823164465668516,0.540258340158629,0,0
227,0.4,0.12475247524752475,0.15117096779399852,0.034320932447150454,1.4644409215473697,0,0
228,0.4,0.12475247524752475,0.15117096779399852,0.034320932447150454,1.4644409215473697,0,0
229,0.4,0.12475247524752475,0.15117096779399852,0.034320932447150454,1.4644409215473697,0,0
230,0.4,0.14455445544554454,0.1619651884885428,0.05737898225823948,1.2412471591843126,0,0
231,0.2,0.09306930693069305,0.13661931335176505,0.21690432421099842,0.663731789791914,0,0
232,0.0,0.017821782178217824,0.05698017651460656,1.0,-0.0,0,0
233,0.0,0.017821782178217824,0.05698017651460656,1.0,-0.0,0,0
234,0.0,0.017821782178217824,0.05698017651460656,1.0,-0.0,0,0
235,0.0,0.0,0.0,1.0,-0.0,0,0
236,0.4,0.06534653465346535,0.12620558708220353,0.004004936754878246,2.397404337813017,0,0
237,0.4,0.0712871287128713,0.12768822926854265,0.0050215813958099185,2.299159493348914,0,0
238,0.6,0.11287128712871286,0.14736186103080443,0.0004737591673992943,3.3244423731982113,0,0
239,0.8,0.15049504950495046,0.16981280455064035,6.543142513332379e-05,4.184213620419991,0,0
240,0.8,0.15049504950495046,0.16981280455064035,6.543142513332379e-05,4.184213620419991,0,0
241,0.4,0.09900990099009897,0.14246420394934614,0.01731143063739447,1.7616670400245433,0,0
242,0.4,0.09306930693069305,0.13661931335176508,0.012332392890224012,1.9089526478006824,0,0
243,0.2,0.05148514851485149,0.09607532254026299,0.06107440442601417,1.214140759405803,0,0
244,0.0,0.015841584158415842,0.05401260078014202,1.0,-0.0,0,0
245,0.0,0.015841584158415842,0.05401260078014202,1.0,-0.0,0,0
246,0.0,0.0,0.0,1.0,-0.0,0,0
247,0.0,0.0,0.0,1.0,-0.0,0,0
248,0.0,0.0,0.0,1.0,-0.0,0,0
249,0.0,0.0,0.0,1.0,-0.0,0,0
250,0.0,0.0,0.0,1.0,-0.0,0,0
251,0.0,0.0039603960396039604,0.027863855998951064,1.0,-0.0,0,0
252,0.0,0.0039603960396039604,0.027863855998951064,1.0,-0.0,0,0
253,0.0,0.0039603960396039604,0.027863855998951064,1.0,-0.0,0,0
254,0.0,0.0039603960396039604,0.027863855998951064,1.0,-0.0,0,0
255,0.0,0.0039603960396039604,0.027863855998951064,1.0,-0.0,0,0
256,0.0,0.04752475247524753,0.09397077637785879,1.0,-0.0,0,0
257,0.0,0.04752475247524753,0.09397077637785879,1.0,-0.0,0,0
258,0.0,0.04752475247524753,0.09397077637785879,1.0,-0.0,0,0
259,0.0,0.06732673267326733,0.102550553475042,1.0,-0.0,0,0
260,0.0,0.06732673267326733,0.102550553475042,1.0,-0.0,0,0
261,0.0,0.019801980198019802,0.0597350618970232,1.0,-0.0,0,0
262,0.0,0.019801980198019802,0.0597350618970232,1.0,-0.0,0,0
263,0.0,0.031683168316831684,0.0730260947112308,1.0,-0.0,0,0
264,0.0,0.019801980198019806,0.0597350618970232,1.0,-0.0,0,0
265,0.0,0.03564356435643565,0.07653920035678292,1.0,-0.0,0,0
266,0.0,0.03564356435643565,0.07653920035678292,1.0,-0.0,0,0
267,0.0,0.04554455445544555,0.08846854615322249,1.0,-0.0,0,0
268,0.0,0.033663366336633666,0.07994704648786674,1.0,-0.0,0,0
269,0.0,0.025742574257425745,0.07264925278354116,1.0,-0.0,0,0
270,0.0,0.015841584158415842,0.054012600780142014,1.0,-0.0,0,0
271,0.0,0.1207920792079208,0.1759370002474549,1.0,-0.0,0,0
272,0.0,0.11089108910891088,0.16283441756692102,1.0,-0.0,0,0
273,0.0,0.11089108910891088,0.16283441756692102,1.0,-0.0,0,0
274,0.0,0.11089108910891088,0.16283441756692102,1.0,-0.0,0,0
275,0.0,0.16831683168316827,0.18611754673281874,1.0,-0.0,0,0
276,0.0,0.06732673267326733,0.10634234916512914,1.0,-0.0,0,0
277,0.0,0.07524752475247526,0.11205191564986228,1.0,-0.0,0,0
278,0.0,0.07524752475247526,0.11205191564986228,1.0,-0.0,0,0
279,0.0,0.07524752475247526,0.11205191564986228,1.0,-0.0,0,0
280,0.0,0.013861386138613863,0.05079507064705211,1.0,-0.0,0,0
281,0.0,0.007920792079207921,0.03900537743285587,1.0,-0.0,0,0
282,0.0,0.0,0.0,1.0,-0.0,0,0
283,0.0,0.0,0.0,1.0,-0.0,0,0
284,0.0,0.0,0.0,1.0,-0.0,0,0
285,0.0,0.0,0.0,1.0,-0.0,0,0
286,0.0,0.0,0.0,1.0,-0.0,0,0
287,0.0,0.0,0.0,1.0,-0.0,0,0
288,0.0,0.0,0.0,1.0,-0.0,0,0
289,0.0,0.0,0.0,1.0,-0.0,0,0
290,0.0,0.0,0.0,1.0,-0.0,0,0
291,0.0,0.019801980198019802,0.059735061897023205,1.0,-0.0,0,0
292,0.0,0.05742574257425742,0.11021718851545144,1.0,-0.0,0,0
293,0.0,0.09504950495049502,0.14784005112815918,1.0,-0.0,0,0
294,0.0,0.09504950495049502,0.14784005112815918,1.0,-0.0,0,0
295,0.0,0.1564356435643564,0.18796241544687978,1.0,-0.0,0,0
296,0.0,0.13564356435643563,0.16141954340548717,1.0,-0.0,0,0
297,0.0,0.10495049504950495,0.14784005112815915,1.0,-0.0,0,0
298,0.0,0.07722772277227724,0.10889288780093088,1.0,-0.0,0,0
299,0.0,0.07722772277227724,0.10889288780093088,1.0,-0.0,0,0
300,0.0,0.04356435643564357,0.09164702150816742,1.0,-0.0,0,0
301,0.0,0.08316831683168316,0.13280619910579972,1.0,-0.0,0,0
302,0.0,0.11089108910891088,0.15018206119491914,1.0,-0.0,0,0
303,0.2,0.11485148514851484,0.14984225277142663,0.28493112915219754,0.5452601008465134,0,0
304,0.2,0.11485148514851484,0.14984225277142663,0.28493112915219754,0.5452601008465134,0,0
305,0.2,0.10297029702970295,0.13676274574124359,0.23901498454778186,0.6215748710082738,0,0
306,0.2,0.11683168316831684,0.1598695674609062,0.3014530083910827,0.5207803776764616,0,0
307,0.2,0.08118811881188118,0.1264228887090089,0.17366078882092117,0.7602982306092326,0,0
308,0.0,0.06732673267326733,0.11000352009767247,1.0,-0.0,0,0
309,0.0,0.06732673267326733,0.11000352009767247,1.0,-0.0,0,0
310,0.0,0.05346534653465347,0.09287951999650358,1.0,-0.0,0,0
311,0.0,0.0,0.0,1.0,-0.0,0,0
312,0.0,0.0,0.0,1.0,-0.0,0,0
313,0.0,0.0,0.0,1.0,-0.0,0,0
314,0.0,0.0,0.0,1.0,-0.0,0,0
315,0.0,0.0,0.0,1.0,-0.0,0,0
316,0.0,0.0,0.0,1.0,-0.0,0,0
317,0.0,0.0,0.0,1.0,-0.0,0,0
318,0.0,0.0,0.0,1.0,-0.0,0,0
319,0.0,0.03564356435643565,0.08154954567118415,1.0,-0.0,0,0
320,0.0,0.03564356435643565,0.08154954567118415,1.0,-0.0,0,0
321,0.0,0.047524752475247525,0.09809478080396704,1.0,-0.0,0,0
322,0.0,0.06336633663366337,0.11233152161332939,1.0,-0.0,0,0
323,0.0,0.07524752475247526,0.11891084986932621,1.0,-0.0,0,0
324,0.0,0.04950495049504951,0.09504950495049506,1.0,-0.0,0,0
325,0.0,0.04950495049504951,0.09504950495049506,1.0,-0.0,0,0
326,0.0,0.05148514851485149,0.10011267057239238,1.0,-0.0,0,0
327,0.0,0.03564356435643565,0.08154954567118415,1.0,-0.0,0,0
328,0.0,0.023762376237623766,0.06471340450838889,1.0,-0.0,0,0
329,0.0,0.01386138613861386,0.05079507064705211,1.0,-0.0,0,0
330,0.0,0.01386138613861386,0.05079507064705211,1.0,-0.0,0,0
331,0.0,0.0,0.0,1.0,-0.0,0,0
332,0.0,0.0,0.0,1.0,-0.0,0,0
333,0.0,0.0,0.0,1.0,-0.0,0,0
334,0.0,0.0,0.0,1.0,-0.0,0,0
335,0.0,0.0,0.0,1.0,-0.0,0,0
336,0.0,0.0,0.0,1.0,-0.0,0,0
337,0.0,0.0,0.0,1.0,-0.0,0,0
338,0.0,0.0,0.0,1.0,-0.0,0,0
339,0.0,0.0,0.0,1.0,-0.0,0,0
340,0.0,0.009900990099009901,0.04338396495090425,1.0,-0.0,0,0
341,0.0,0.02970297029702971,0.07648795214189293,1.0,-0.0,0,0
342,0.0,0.03762376237623763,0.09211646217515253,1.0,-0.0,0,0
343,0.0,0.04752475247524753,0.09809478080396702,1.0,-0.0,0,0
344,0.0,0.06534653465346535,0.10939585993610405,1.0,-0.0,0,0
345,0.0,0.05544554455445545,0.1019369320889802,1.0,-0.0,0,0
346,0.0,0.06930693069306931,0.10693069306930696,1.0,-0.0,0,0
347,0.0,0.0613861386138614,0.10433219700847123,1.0,-0.0,0,0
348,0.0,0.06534653465346536,0.10939585993610405,1.0,-0.0,0,0
349,0.0,0.0613861386138614,0.10433219700847123,1.0,-0.0,0,0
350,0.0,0.07326732673267328,0.11509022642946842,1.0,-0.0,0,0
351,0.0,0.08316831683168317,0.12353642740976017,1.0,-0.0,0,0
352,0.0,0.08316831683168317,0.12353642740976017,1.0,-0.0,0,0
353,0.0,0.07722772277227723,0.12258049537063101,1.0,-0.0,0,0
354,0.0,0.07722772277227724,0.12258049537063101,1.0,-0.0,0,0
355,0.0,0.08712871287128714,0.13024224675172555,1.0,-0.0,0,0
356,0.0,0.04356435643564357,0.0916470215081674,1.0,-0.0,0,0
357,0.0,0.04356435643564357,0.0916470215081674,1.0,-0.0,0,0
358,0.0,0.03564356435643565,0.08154954567118415,1.0,-0.0,0,0
359,0.0,0.021782178217821784,0.06230547612891991,1.0,-0.0,0,0
360,0.0,0.0,0.0,1.0,-0.0,0,0
361,0.0,0.0,0.0,1.0,-0.0,0,0
362,0.2,0.04356435643564357,0.08255312311158745,0.029048226759887566,1.5368803738382273,0,0
363,0.4,0.08118811881188118,0.11664694237642094,0.00313672736016238,2.5035232279145325,0,0
364,0.4,0.08118811881188118,0.11664694237642094,0.00313672736016238,2.5035232279145325,0,0
365,0.4,0.13267326732673268,0.16477341831853246,0.052359943232193576,1.2810008329761031,0,0
366,0.4,0.13267326732673268,0.16477341831853246,0.052359943232193576,1.2810008329761031,0,0
367,0.2,0.11485148514851483,0.174279926540104,0.3125719179287595,0.5050500424282042,0,0
368,0.0,0.07722772277227724,0.14615954128511632,1.0,-0.0,0,0
369,0.0,0.07722772277227724,0.14615954128511632,1.0,-0.0,0,0
370,0.0,0.025742574257425745,0.0669763743575753,1.0,-0.0,0,0
371,0.0,0.025742574257425745,0.0669763743575753,1.0,-0.0,0,0
372,0.0,0.0,0.0,1.0,-0.0,0,0
373,0.0,0.0,0.0,1.0,-0.0,0,0
374,0.0,0.0,0.0,1.0,-0.0,0,0
375,0.0,0.0019801980198019802,0.0198019801980198,1.0,-0.0,0,0
376,0.0,0.0019801980198019802,0.0198019801980198,1.0,-0.0,0,0
377,0.0,0.017821782178217824,0.05698017651460656,1.0,-0.0,0,0
378,0.0,0.017821782178217824,0.05698017651460656,1.0,-0.0,0,0
379,0.0,0.03762376237623763,0.08771182015980238,1.0,-0.0,0,0
380,0.0,0.049504950495049514,0.09504950495049506,1.0,-0.0,0,0
381,0.0,0.049504950495049514,0.09504950495049506,1.0,-0.0,0,0
382,0.0,0.051485148514851496,0.09186070102766894,1.0,-0.0,0,0
383,0.0,0.051485148514851496,0.09186070102766894,1.0,-0.0,0,0
384,0.0,0.06336633663366337,0.10504385908811757,1.0,-0.0,0,0
385,0.2,0.05544554455445545,0.1019369320889802,0.07808409030039497,1.1074374449781044,0,0
386,0.2,0.05544554455445545,0.1019369320889802,0.07808409030039497,1.1074374449781044,0,0
387,0.2,0.10297029702970295,0.1367627457412436,0.23901498454778186,0.6215748710082738,0,0
388,0.2,0.10297029702970295,0.1367627457412436,0.23901498454778186,0.6215748710082738,0,0
389,0.2,0.0712871287128713,0.11801714396634724,0.13771817209143733,0.8610087502417649,0,0
390,0.0,0.06534653465346535,0.1164113937164283,1.0,-0.0,0,0
391,0.0,0.12475247524752472,0.14852805221860732,1.0,-0.0,0,0
392,0.0,0.05940594059405942,0.10357779667819422,1.0,-0.0,0,0
393,0.2,0.09504950495049505,0.14784005112815915,0.23888550245460688,0.6218102060266576,0,0
394,0.2,0.15247524752475244,0.1760929431716096,0.39362456356010966,0.4049178078886893,0,0
395,0.2,0.19207920792079206,0.19884974591102086,0.48411311310469873,0.3150531535254366,0,0
396,0.8,0.2732673267326733,0.21382471266048456,0.006881594467190482,2.162310923963084,0,0
397,1.0,0.2871287128712871,0.21693790065345306,0.0005079940922860548,3.2941413383115252,0,0
398,0.8,0.2514851485148515,0.20227119398977023,0.00334615599471631,2.4754538164921813,0,0
399,1.0,0.2079207920792079,0.18651741527630283,1.08482220138552e-05,4.9646414353496535,0,0
400,1.0,0.20396039603960395,0.1866435115714563,9.993904406857428e-06,5.000264808963162,0,0
401,0.4,0.061386138613861385,0.09644194583672018,0.00022315831590622603,3.6513869247101036,0,0
402,0.2,0.09306930693069305,0.12126186845461277,0.18893807577263794,0.7236805120007753,0,0
403,0.4,0.12079207920792079,0.13810372890425895,0.021602325150882774,1.6654995013559455,0,0
404,0.4,0.16831683168316833,0.16101822851688016,0.07509467388099342,1.1243908644089007,0,0
405,0.6,0.1485148514851485,0.15325760452189585,0.0016099611499177252,2.7931846038314583,0,0
406,0.6,0.1485148514851485,0.15325760452189585,0.0016099611499177252,2.7931846038314583,0,0
407,0.6,0.1188118811881188,0.1467218499235066,0.000519782606779743,3.2841782571666007,0,0
408,0.4,0.16237623762376235,0.1817688038394126,0.09555784537750063,1.0197336512119404,0,0
409,0.2,0.2633663366336633,0.23535217860833296,1.0,-0.0,0,0
410,0.0,0.2475247524752475,0.2271624617774255,1.0,-0.0,0,0
411,0.0,0.27326732673267323,0.23668129931895565,1.0,-0.0,0,0
412,0.0,0.2554455445544554,0.23398199453649784,1.0,-0.0,0,0
413,0.0,0.28118811881188116,0.2423943564055343,1.0,-0.0,0,0
414,0.0,0.12079207920792079,0.15689867556071532,1.0,-0.0,0,0
415,0.0,0.14455445544554454,0.16196518848854285,1.0,-0.0,0,0
416,0.0,0.1306930693069307,0.1577958163416755,1.0,-0.0,0,0
417,0.0,0.1306930693069307,0.1577958163416755,1.0,-0.0,0,0
418,0.0,0.04356435643564357,0.09164702150816742,1.0,-0.0,0,0
419,0.0,0.04356435643564357,0.09164702150816742,1.0,-0.0,0,0
420,0.0,0.031683168316831684,0.07826167463512675,1.0,-0.0,0,0
421,0.0,0.017821782178217824,0.0635517090529949,1.0,-0.0,0,0
422,0.0,0.017821782178217824,0.0635517090529949,1.0,-0.0,0,0
423,0.0,0.009900990099009901,0.04338396495090425,1.0,-0.0,0,0
424,0.0,0.009900990099009901,0.04338396495090425,1.0,-0.0,0,0
425,0.0,0.0,0.0,1.0,-0.0,0,0
426,0.0,0.0,0.0,1.0,-0.0,0,0
427,0.0,0.0,0.0,1.0,-0.0,0,0
428,0.0,0.0,0.0,1.0,-0.0,0,0
429,0.0,0.0,0.0,1.0,-0.0,0,0
430,0.0,0.0039603960396039604,0.027863855998951064,1.0,-0.0,0,0
431,0.0,0.03564356435643565,0.08154954567118415,1.0,-0.0,0,0
432,0.0,0.06534653465346535,0.10571364605971598,1.0,-0.0,0,0
433,0.0,0.12376237623762375,0.1401191253095801,1.0,-0.0,0,0
434,0.0,0.14059405940594058,0.15297590428378585,1.0,-0.0,0,0
435,0.0,0.16831683168316827,0.17287933929280913,1.0,-0.0,0,0
436,0.0,0.1376237623762376,0.1609695163002105,1.0,-0.0,0,0
437,0.0,0.10693069306930694,0.15041686348382535,1.0,-0.0,0,0
438,0.0,0.06336633663366337,0.10120342446875752,1.0,-0.0,0,0
439,0.0,0.04752475247524753,0.09397077637785879,1.0,-0.0,0,0
440,0.0,0.015841584158415842,0.05401260078014202,1.0,-0.0,0,0
441,0.0,0.01386138613861386,0.05079507064705211,1.0,-0.0,0,0
442,0.0,0.01386138613861386,0.05079507064705211,1.0,-0.0,0,0
443,0.0,0.0,0.0,1.0,-0.0,0,0
444,0.0,0.0039603960396039604,0.027863855998951068,1.0,-0.0,0,0
445,0.0,0.0039603960396039604,0.027863855998951068,1.0,-0.0,0,0
446,0.0,0.0039603960396039604,0.027863855998951068,1.0,-0.0,0,0
447,0.0,0.011881188118811881,0.047276579747775535,1.0,-0.0,0,0
448,0.0,0.011881188118811881,0.047276579747775535,1.0,-0.0,0,0
449,0.0,0.007920792079207921,0.03900537743285587,1.0,-0.0,0,0
450,0.0,0.007920792079207921,0.03900537743285587,1.0,-0.0,0,0
451,0.0,0.007920792079207921,0.03900537743285587,1.0,-0.0,0,0
452,0.0,0.0,0.0,1.0,-0.0,0,0
453,0.0,0.0,0.0,1.0,-0.0,0,0
454,0.0,0.0059405940594059415,0.033953323167291584,1.0,-0.0,0,0
455,0.0,0.03762376237623763,0.08307396817189318,1.0,-0.0,0,0
456,0.0,0.03762376237623763,0.08307396817189318,1.0,-0.0,0,0
457,0.0,0.03762376237623763,0.08307396817189318,1.0,-0.0,0,0
458,0.0,0.03762376237623763,0.08307396817189318,1.0,-0.0,0,0
459,0.0,0.031683168316831684,0.07826167463512675,1.0,-0.0,0,0
460,0.0,0.0,0.0,1.0,-0.0,0,0
461,0.0,0.07524752475247526,0.1345369326848557,1.0,-0.0,0,0
462,0.0,0.07524752475247526,0.1345369326848557,1.0,-0.0,0,0
463,0.0,0.07524752475247526,0.1345369326848557,1.0,-0.0,0,0
464,0.0,0.0891089108910891,0.14481192315867106,1.0,-0.0,0,0
465,0.0,0.10891089108910891,0.14765427233510695,1.0,-0.0,0,0
466,0.0,0.07524752475247526,0.11205191564986228,1.0,-0.0,0,0
467,0.0,0.07524752475247526,0.11205191564986228,1.0,-0.0,0,0
468,0.0,0.13069306930693067,0.13912212332871524,1.0,-0.0,0,0
469,0.0,0.2079207920792079,0.19071681786668523,1.0,-0.0,0,0
470,0.0,0.18811881188118812,0.18630706513012396,1.0,-0.0,0,0
471,0.0,0.14455445544554454,0.17826182075131722,1.0,-0.0,0,0
472,0.0,0.17227722772277224,0.18674852677785872,1.0,-0.0,0,0
473,0.0,0.21584158415841584,0.2174253818821514,1.0,-0.0,0,0
474,0.0,0.12277227722772277,0.1687937332366423,1.0,-0.0,0,0
475,0.0,0.12277227722772277,0.1687937332366423,1.0,-0.0,0,0
476,0.0,0.12277227722772277,0.1687937332366423,1.0,-0.0,0,0
477,0.0,0.09702970297029702,0.1396285351588451,1.0,-0.0,0,0
478,0.0,0.0,0.0,1.0,-0.0,0,0
479,0.0,0.0,0.0,1.0,-0.0,0,0
480,0.0,0.013861386138613863,0.05079507064705211,1.0,-0.0,0,0
481,0.0,0.013861386138613863,0.05079507064705211,1.0,-0.0,0,0
482,0.0,0.013861386138613863,0.05079507064705211,1.0,-0.0,0,0
483,0.2,0.039603960396039604,0.08452453849668534,0.028872622852877186,1.5395137620565469,0,0
484,0.2,0.039603960396039604,0.08452453849668534,0.028872622852877186,1.5395137620565469,0,0
485,0.2,0.025742574257425748,0.0669763743575753,0.0046371400013480064,2.3337497919853587,0,0
486,0.2,0.025742574257425748,0.0669763743575753,0.0046371400013480064,2.3337497919853587,0,0
487,0.2,0.025742574257425748,0.0669763743575753,0.0046371400013480064,2.3337497919853587,0,0
488,0.0,0.0,0.0,1.0,-0.0,0,0
489,0.0,0.0,0.0,1.0,-0.0,0,0
490,0.0,0.0,0.0,1.0,-0.0,0,0
491,0.0,0.04554455445544554,0.08387254884969257,1.0,-0.0,0,0
492,0.0,0.04554455445544554,0.08387254884969257,1.0,-0.0,0,0
493,0.0,0.04554455445544554,0.08387254884969257,1.0,-0.0,0,0
494,0.0,0.04554455445544554,0.08387254884969257,1.0,-0.0,0,0
495,0.0,0.04554455445544554,0.08387254884969257,1.0,-0.0,0,0
496,0.0,0.0,0.0,1.0,-0.0,0,0
497,0.0,0.0,0.0,1.0,-0.0,0,0
498,0.0,0.04752475247524753,0.11309687375282086,1.0,-0.0,0,0
499,0.0,0.04752475247524753,0.11309687375282086,1.0,-0.0,0,0
500,0.0,0.09108910891089109,0.14765427233510692,1.0,-0.0,0,0
501,0.0,0.09108910891089109,0.14765427233510692,1.0,-0.0,0,0
502,0.0,0.09108910891089109,0.14765427233510692,1.0,-0.0,0,0
503,0.0,0.04356435643564357,0.08721867542790195,1.0,-0.0,0,0
504,0.0,0.04356435643564357,0.08721867542790195,1.0,-0.0,0,0
505,0.0,0.0,0.0,1.0,-0.0,0,0
506,0.2,0.031683168316831684,0.07826167463512675,0.015750221703151112,1.8027133286186672,0,0
507,0.2,0.031683168316831684,0.07826167463512675,0.015750221703151112,1.8027133286186672,0,0
508,0.2,0.031683168316831684,0.07826167463512675,0.015750221703151112,1.8027133286186672,0,0
509,0.2,0.031683168316831684,0.07826167463512675,0.015750221703151112,1.8027133286186672,0,0
510,0.2,0.031683168316831684,0.07826167463512675,0.015750221703151112,1.8027133286186672,0,0
511,0.0,0.0,0.0,1.0,-0.0,0,0
512,0.0,0.0,0.0,1.0,-0.0,0,0
513,0.0,0.019801980198019802,0.059735061897023205,1.0,-0.0,0,0
514,0.0,0.04554455445544555,0.08846854615322249,1.0,-0.0,0,0
515,0.0,0.06534653465346535,0.10189845806153354,1.0,-0.0,0,0
516,0.0,0.06534653465346535,0.10189845806153354,1.0,-0.0,0,0
517,0.0,0.06534653465346535,0.10189845806153354,1.0,-0.0,0,0
518,0.0,0.04554455445544555,0.08387254884969257,1.0,-0.0,0,0
519,0.0,0.019801980198019802,0.059735061897023205,1.0,-0.0,0,0
520,0.0,0.04356435643564357,0.09587103712404123,1.0,-0.0,0,0
521,0.0,0.04356435643564357,0.09587103712404123,1.0,-0.0,0,0
522,0.0,0.04356435643564357,0.09587103712404123,1.0,-0.0,0,0
523,0.0,0.05148514851485149,0.10399339410297727,1.0,-0.0,0,0
524,0.0,0.07920792079207922,0.12293186689242579,1.0,-0.0,0,0
525,0.0,0.04554455445544555,0.09700949476369022,1.0,-0.0,0,0
526,0.0,0.04554455445544555,0.09700949476369022,1.0,-0.0,0,0
527,0.0,0.04554455445544555,0.09700949476369022,1.0,-0.0,0,0
528,0.0,0.03762376237623763,0.09211646217515253,1.0,-0.0,0,0
529,0.0,0.03564356435643565,0.08154954567118415,1.0,-0.0,0,0
530,0.0,0.03762376237623763,0.07816140339006158,1.0,-0.0,0,0
531,0.0,0.03762376237623763,0.07816140339006158,1.0,-0.0,0,0
532,0.0,0.09504950495049502,0.1423816080178024,1.0,-0.0,0,0
533,0.0,0.09504950495049502,0.1423816080178024,1.0,-0.0,0,0
534,0.0,0.06930693069306931,0.13624568246946198,1.0,-0.0,0,0
535,0.0,0.057425742574257435,0.12375841577821578,1.0,-0.0,0,0
536,0.0,0.057425742574257435,0.12375841577821578,1.0,-0.0,0,0
537,0.2,0.05544554455445545,0.1094316980566186,0.09325802196181344,1.0303138003353092,0,0
538,0.2,0.05544554455445545,0.1094316980566186,0.09325802196181344,1.0303138003353092,0,0
539,0.2,0.05544554455445545,0.1094316980566186,0.09325802196181344,1.0303138003353092,0,0
540,0.2,0.05544554455445545,0.1094316980566186,0.09325802196181344,1.0303138003353092,0,0
541,0.2,0.05544554455445545,0.1094316980566186,0.09325802196181344,1.0303138003353092,0,0
542,0.0,0.057425742574257435,0.11375371577303027,1.0,-0.0,0,0
543,0.0,0.11683168316831684,0.15483578457286823,1.0,-0.0,0,0
544,0.0,0.16435643564356436,0.1743923869806257,1.0,-0.0,0,0
545,0.0,0.22772277227722773,0.21439244661272866,1.0,-0.0,0,0
546,0.0,0.22772277227722773,0.21439244661272866,1.0,-0.0,0,0
547,0.0,0.17029702970297028,0.1896033141162111,1.0,-0.0,0,0
548,0.0,0.1089108910891089,0.15549283508436104,1.0,-0.0,0,0
549,0.0,0.06336633663366338,0.1224524739306163,1.0,-0.0,0,0
550,0.0,0.023762376237623763,0.07056843438101175,1.0,-0.0,0,0
551,0.0,0.023762376237623763,0.07056843438101175,1.0,-0.0,0,0
552,0.0,0.023762376237623763,0.07056843438101175,1.0,-0.0,0,0
553,0.0,0.023762376237623763,0.07056843438101175,1.0,-0.0,0,0
554,0.0,0.023762376237623763,0.07056843438101175,1.0,-0.0,0,0
555,0.0,0.0,0.0,1.0,-0.0,0,0
556,0.0,0.0,0.0,1.0,-0.0,0,0
557,0.0,0.0,0.0,1.0,-0.0,0,0
558,0.0,0.0,0.0,1.0,-0.0,0,0
559,0.0,0.05544554455445545,0.1019369320889802,1.0,-0.0,0,0
560,0.0,0.05544554455445545,0.1019369320889802,1.0,-0.0,0,0
561,0.0,0.05544554455445545,0.1019369320889802,1.0,-0.0,0,0
562,0.0,0.05544554455445545,0.1019369320889802,1.0,-0.0,0,0
563,0.0,0.05544554455445545,0.1019369320889802,1.0,-0.0,0,0
564,0.0,0.0,0.0,1.0,-0.0,0,0
565,0.0,0.0,0.0,1.0,-0.0,0,0
566,0.0,0.05940594059405942,0.11447531431916541,1.0,-0.0,0,0
567,0.0,0.05940594059405942,0.11447531431916541,1.0,-0.0,0,0
568,0.0,0.11089108910891088,0.15536669501729133,1.0,-0.0,0,0
569,0.0,0.11089108910891088,0.15536669501729133,1.0,-0.0,0,0
570,0.0,0.11089108910891088,0.15536669501729133,1.0,-0.0,0,0
571,0.0,0.05148514851485149,0.10399339410297728,1.0,-0.0,0,0
572,0.0,0.06930693069306931,0.12084076279122662,1.0,-0.0,0,0
573,0.2,0.031683168316831684,0.0730260947112308,0.01058647624307391,1.9752485727397298,0,0
574,0.2,0.031683168316831684,0.0730260947112308,0.01058647624307391,1.9752485727397298,0,0
575,0.2,0.031683168316831684,0.0730260947112308,0.01058647624307391,1.9752485727397298,0,0
576,0.2,0.09306930693069305,0.12126186845461277,0.18893807577263794,0.7236805120007753,0,0
577,0.2,0.07524752475247524,0.11205191564986226,0.13278007588509977,0.8768670874855236,0,0
578,0.0,0.061386138613861385,0.09644194583672018,1.0,-0.0,0,0
579,0.0,0.061386138613861385,0.09644194583672018,1.0,-0.0,0,0
580,0.0,0.061386138613861385,0.09644194583672018,1.0,-0.0,0,0
581,0.0,0.0,0.0,1.0,-0.0,0,0
582,0.0,0.0,0.0,1.0,-0.0,0,0
583,0.2,0.02970297029702971,0.07648795214189294,0.012991839772286911,1.886329344202095,0,0
584,0.2,0.02970297029702971,0.07648795214189294,0.012991839772286911,1.886329344202095,0,0
585,0.2,0.04752475247524754,0.09397077637785879,0.05233944412570533,1.2811708941229774,0,0
586,0.2,0.04752475247524754,0.09397077637785879,0.05233944412570533,1.2811708941229774,0,0
587,0.2,0.04752475247524754,0.09397077637785879,0.05233944412570533,1.2811708941229774,0,0
588,0.0,0.017821782178217824,0.0635517090529949,1.0,-0.0,0,0
589,0.0,0.017821782178217824,0.0635517090529949,1.0,-0.0,0,0
590,0.0,0.011881188118811881,0.047276579747775535,1.0,-0.0,0,0
591,0.0,0.033663366336633666,0.07994704648786674,1.0,-0.0,0,0
592,0.0,0.033663366336633666,0.07994704648786674,1.0,-0.0,0,0
593,0.0,0.033663366336633666,0.07994704648786674,1.0,-0.0,0,0
594,0.0,0.033663366336633666,0.07994704648786674,1.0,-0.0,0,0
595,0.0,0.021782178217821784,0.06836703565002801,1.0,-0.0,0,0
596,0.0,0.0,0.0,1.0,-0.0,0,0
597,0.0,0.0,0.0,1.0,-0.0,0,0
598,0.0,0.025742574257425745,0.06697637435757531,1.0,-0.0,0,0
599,0.0,0.025742574257425745,0.06697637435757531,1.0,-0.0,0,0
600,0.0,0.025742574257425745,0.06697637435757531,1.0,-0.0,0,0
601,0.0,0.025742574257425745,0.06697637435757531,1.0,-0.0,0,0
602,0.0,0.025742574257425745,0.06697637435757531,1.0,-0.0,0,0
603,0.0,0.0,0.0,1.0,-0.0,0,0
604,0.0,0.0,0.0,1.0,-0.0,0,0
605,0.0,0.0,0.0,1.0,-0.0,0,0
606,0.0,0.0,0.0,1.0,-0.0,0,0
607,0.0,0.0,0.0,1.0,-0.0,0,0
608,0.2,0.039603960396039604,0.08452453849668534,0.028872622852877186,1.5395137620565469,0,0
609,0.2,0.039603960396039604,0.08452453849668534,0.028872622852877186,1.5395137620565469,0,0
610,0.4,0.09504950495049505,0.15049504950495052,0.02136621711973873,1.6702723626955736,0,0
611,0.4,0.09504950495049505,0.15049504950495052,0.02136621711973873,1.6702723626955736,0,0
612,0.4,0.10297029702970295,0.15315522802114462,0.0262261450317196,1.5812655414527403,0,0
613,0.2,0.06336633663366337,0.1224524739306163,0.13225179138884718,0.8785984366082987,0,0
614,0.2,0.06336633663366337,0.1224524739306163,0.13225179138884718,0.8785984366082987,0,0
615,0.0,0.007920792079207921,0.03900537743285587,1.0,-0.0,0,0
616,0.0,0.007920792079207921,0.03900537743285587,1.0,-0.0,0,0
617,0.0,0.03762376237623762,0.08307396817189318,1.0,-0.0,0,0
618,0.0,0.07722772277227724,0.12576985749069639,1.0,-0.0,0,0
619,0.0,0.14059405940594058,0.14770737583343774,1.0,-0.0,0,0
620,0.0,0.14059405940594058,0.14770737583343774,1.0,-0.0,0,0
621,0.0,0.20990099009900987,0.18748198619476633,1.0,-0.0,0,0
622,0.0,0.17227722772277224,0.18245781385805057,1.0,-0.0,0,0
623,0.0,0.13069306930693067,0.16273806583211373,1.0,-0.0,0,0
624,0.0,0.09306930693069307,0.13368903310588715,1.0,-0.0,0,0
625,0.0,0.11089108910891086,0.15018206119491914,1.0,-0.0,0,0
626,0.0,0.041584158415841586,0.09039772047931348,1.0,-0.0,0,0
627,0.0,0.041584158415841586,0.09039772047931348,1.0,-0.0,0,0
628,0.0,0.041584158415841586,0.09039772047931348,1.0,-0.0,0,0
629,0.0,0.023762376237623766,0.06471340450838887,1.0,-0.0,0,0
630,0.0,0.013861386138613863,0.05079507064705211,1.0,-0.0,0,0
631,0.0,0.013861386138613863,0.05079507064705211,1.0,-0.0,0,0
632,0.2,0.023762376237623766,0.06471340450838887,0.003231121245907738,2.4906467450338194,0,0
633,0.2,0.031683168316831684,0.07826167463512675,0.015750221703151112,1.8027133286186672,0,0
634,0.2,0.031683168316831684,0.0730260947112308,0.01058647624307391,1.9752485727397298,0,0
635,0.2,0.031683168316831684,0.07826167463512675,0.015750221703151112,1.8027133286186672,0,0
636,0.2,0.031683168316831684,0.07826167463512675,0.015750221703151112,1.8027133286186672,0,0
637,0.0,0.021782178217821784,0.06230547612891991,1.0,-0.0,0,0
638,0.0,0.061386138613861385,0.10433219700847123,1.0,-0.0,0,0
639,0.0,0.07722772277227723,0.11593886073904515,1.0,-0.0,0,0
640,0.0,0.06930693069306931,0.10693069306930696,1.0,-0.0,0,0
641,0.0,0.08514851485148514,0.1172170185104851,1.0,-0.0,0,0
642,0.0,0.08514851485148514,0.1172170185104851,1.0,-0.0,0,0
643,0.0,0.08910891089108909,0.12097048989545554,1.0,-0.0,0,0
644,0.0,0.06732673267326733,0.11000352009767247,1.0,-0.0,0,0
645,0.0,0.06732673267326733,0.11000352009767247,1.0,-0.0,0,0
646,0.0,0.05148514851485149,0.096075322540263,1.0,-0.0,0,0
647,0.0,0.05148514851485149,0.096075322540263,1.0,-0.0,0,0
648,0.0,0.0,0.0,1.0,-0.0,0,0
649,0.0,0.0,0.0,1.0,-0.0,0,0
650,0.0,0.0,0.0,1.0,-0.0,0,0
651,0.0,0.0,0.0,1.0,-0.0,0,0
652,0.0,0.0,0.0,1.0,-0.0,0,0
653,0.0,0.0,0.0,1.0,-0.0,0,0
654,0.0,0.0,0.0,1.0,-0.0,0,0
655,0.0,0.0,0.0,1.0,-0.0,0,0
656,0.0,0.1306930693069307,0.16988206407546308,1.0,-0.0,0,0
657,0.0,0.1306930693069307,0.16988206407546308,1.0,-0.0,0,0
658,0.0,0.1306930693069307,0.16988206407546308,1.0,-0.0,0,0
659,0.0,0.1306930693069307,0.16988206407546308,1.0,-0.0,0,0
660,0.0,0.1306930693069307,0.16988206407546308,1.0,-0.0,0,0
661,0.0,0.0,0.0,1.0,-0.0,0,0
662,0.0,0.0,0.0,1.0,-0.0,0,0
663,0.0,0.0,0.0,1.0,-0.0,0,0
664,0.0,0.0,0.0,1.0,-0.0,0,0
665,0.0,0.0,0.0,1.0,-0.0,0,0
666,0.0,0.0,0.0,1.0,-0.0,0,0
667,0.0,0.007920792079207921,0.03900537743285587,1.0,-0.0,0,0
668,0.0,0.0712871287128713,0.12454800153280307,1.0,-0.0,0,0
669,0.0,0.11287128712871286,0.15774610904280742,1.0,-0.0,0,0
670,0.0,0.12079207920792079,0.16429678029854689,1.0,-0.0,0,0
671,0.0,0.12079207920792079,0.16429678029854689,1.0,-0.0,0,0
672,0.0,0.14851485148514848,0.16082329112274815,1.0,-0.0,0,0
673,0.0,0.10693069306930691,0.13661931335176505,1.0,-0.0,0,0
674,0.0,0.06534653465346535,0.10189845806153354,1.0,-0.0,0,0
675,0.2,0.1089108910891089,0.13937555924568532,0.2567003926389665,0.5905734670480498,0,0
676,0.2,0.1089108910891089,0.13937555924568532,0.2567003926389665,0.5905734670480498,0,0
677,0.4,0.17227722772277226,0.17126137275595765,0.09181191154908676,1.0371009703842902,0,0
678,0.4,0.16831683168316827,0.17515520306927515,0.09296247140910475,1.0316923390730486,0,0
679,0.4,0.18415841584158413,0.1963693596248423,0.13584887611747154,0.8669439501647465,0,0
680,0.2,0.1306930693069307,0.15779581634167553,0.33025140653746393,0.48115532405360667,0,0
681,0.2,0.15247524752475247,0.1644637607354148,0.3863029596859729,0.4130719644662017,0,0
682,0.0,0.06336633663366337,0.10874875419996817,1.0,-0.0,0,0
683,0.0,0.1386138613861386,0.15088537189345533,1.0,-0.0,0,0
684,0.0,0.16633663366336632,0.16666633990099655,1.0,-0.0,0,0
685,0.0,0.21188118811881188,0.1884208102236084,1.0,-0.0,0,0
686,0.0,0.2059405940594059,0.19590954781832295,1.0,-0.0,0,0
687,0.0,0.19801980198019803,0.19598959258073068,1.0,-0.0,0,0
688,0.0,0.11485148514851483,0.15757201001249713,1.0,-0.0,0,0
689,0.0,0.0712871287128713,0.12768822926854265,1.0,-0.0,0,0
690,0.0,0.12277227722772276,0.16879373323664226,1.0,-0.0,0,0
691,0.0,0.13366336633663367,0.15937826461670404,1.0,-0.0,0,0
692,0.0,0.13366336633663367,0.15937826461670404,1.0,-0.0,0,0
693,0.0,0.1207920792079208,0.15689867556071532,1.0,-0.0,0,0
694,0.0,0.1207920792079208,0.15689867556071532,1.0,-0.0,0,0
695,0.0,0.023762376237623766,0.06471340450838889,1.0,-0.0,0,0
696,0.0,0.0,0.0,1.0,-0.0,0,0
697,0.0,0.0,0.0,1.0,-0.0,0,0
698,0.0,0.0,0.0,1.0,-0.0,0,0
699,0.0,0.0,0.0,1.0,-0.0,0,0
700,0.0,0.0,0.0,1.0,-0.0,0,0
701,0.0,0.0,0.0,1.0,-0.0,0,0
702,0.0,0.0,0.0,1.0,-0.0,0,0
703,0.0,0.0,0.0,1.0,-0.0,0,0
704,0.0,0.0,0.0,1.0,-0.0,0,0
705,0.0,0.0,0.0,1.0,-0.0,0,0
706,0.0,0.0,0.0,1.0,-0.0,0,0
707,0.0,0.0,0.0,1.0,-0.0,0,0
708,0.0,0.0,0.0,1.0,-0.0,0,0
709,0.0,0.061386138613861385,0.10433219700847123,1.0,-0.0,0,0
710,0.0,0.08712871287128712,0.12077584698595571,1.0,-0.0,0,0
711,0.0,0.10099009900990098,0.1367914141716479,1.0,-0.0,0,0
712,0.0,0.12277227722772276,0.14884451859775158,1.0,-0.0,0,0
713,0.0,0.12277227722772276,0.14884451859775158,1.0,-0.0,0,0
714,0.0,0.061386138613861385,0.10806149425459212,1.0,-0.0,0,0
715,0.0,0.03564356435643565,0.08154954567118415,1.0,-0.0,0,0
716,0.0,0.12079207920792079,0.13224402263020987,1.0,-0.0,0,0
717,0.0,0.14059405940594058,0.12756533392797154,1.0,-0.0,0,0
718,0.0,0.1762376237623762,0.14968515793239018,1.0,-0.0,0,0
719,0.0,0.2435643564356436,0.18584345673901095,1.0,-0.0,0,0
720,0.0,0.25346534653465347,0.18856642941968177,1.0,-0.0,0,0
721,0.0,0.15643564356435644,0.16793200037318168,1.0,-0.0,0,0
722,0.0,0.11287128712871287,0.15521519162190436,1.0,-0.0,0,0
723,0.0,0.07722772277227724,0.11930590361498672,1.0,-0.0,0,0
724,0.0,0.0811881188118812,0.11664694237642093,1.0,-0.0,0,0
725,0.0,0.0712871287128713,0.10747934055534188,1.0,-0.0,0,0
726,0.2,0.1089108910891089,0.13650445892763632,0.2522910036310732,0.5980982355824722,0,0
727,0.2,0.1504950495049505,0.16981280455064035,0.38532429939157214,0.4141736025652085,0,0
728,0.2,0.1782178217821782,0.18217821782178217,0.45241378725420794,0.3444641684742911,0,0
729,0.2,0.10495049504950495,0.1531040140996254,0.2673601682426244,0.5729032941606614,0,0
730,0.2,0.15445544554455443,0.1842967648111355,0.4024052887673831,0.3953363200311632,0,0
731,0.0,0.11485148514851483,0.14169143619800648,1.0,-0.0,0,0
732,0.0,0.07524752475247526,0.11553229422427584,1.0,-0.0,0,0
733,0.0,0.047524752475247525,0.09397077637785882,1.0,-0.0,0,0
734,0.2,0.10297029702970295,0.14789308791950762,0.25588631331026723,0.5919529427677171,0,0
735,0.2,0.05544554455445545,0.10575073206193021,0.0858227237563678,1.0663977063776964,0,0
736,0.2,0.05544554455445545,0.10575073206193021,0.0858227237563678,1.0663977063776964,0,0
737,0.2,0.05544554455445545,0.10575073206193021,0.0858227237563678,1.0663977063776964,0,0
738,0.2,0.05544554455445545,0.10575073206193021,0.0858227237563678,1.0663977063776964,0,0
739,0.0,0.0,0.0,1.0,-0.0,0,0
740,0.0,0.0,0.0,1.0,-0.0,0,0
741,0.0,0.039603960396039604,0.07970143286137867,1.0,-0.0,0,0
742,0.0,0.1069306930693069,0.13661931335176508,1.0,-0.0,0,0
743,0.0,0.11287128712871286,0.14464936528910632,1.0,-0.0,0,0
744,0.0,0.21980198019801975,0.201980198019802,1.0,-0.0,0,0
745,0.0,0.21980198019801975,0.201980198019802,1.0,-0.0,0,0
746,0.0,0.19801980198019797,0.1856112183041662,1.0,-0.0,0,0
747,0.0,0.22574257425742572,0.1880875429979268,1.0,-0.0,0,0
748,0.0,0.2475247524752475,0.19730564288445387,1.0,-0.0,0,0
749,0.8,0.20396039603960398,0.2233501854985112,0.003808034556836743,2.4192991191700703,0,0
750,0.8,0.2079207920792079,0.22676509777231912,0.004514154433433699,2.345423587384795,0,0
751,0.8,0.1900990099009901,0.20943344153850713,0.0017947677305282603,2.745991747574164,0,0
752,0.8,0.09306930693069307,0.13661931335176508,1.1428768090623153e-07,6.942000579777774,0,0
753,0.8,0.06534653465346535,0.11641139371642828,1.3876416108585544e-10,9.85772268555576,0,0
754,0.0,0.009900990099009901,0.04338396495090424,1.0,-0.0,0,0
755,0.0,0.0059405940594059415,0.03395332316729158,1.0,-0.0,0,0
756,0.0,0.0059405940594059415,0.03395332316729158,1.0,-0.0,0,0
757,0.0,0.033663366336633666,0.08475617647141663,1.0,-0.0,0,0
758,0.0,0.033663366336633666,0.08475617647141663,1.0,-0.0,0,0
759,0.0,0.02772277227722772,0.07975061610139514,1.0,-0.0,0,0
760,0.0,0.02772277227722772,0.07975061610139514,1.0,-0.0,0,0
761,0.0,0.02772277227722772,0.07975061610139514,1.0,-0.0,0,0
762,0.0,0.0,0.0,1.0,-0.0,0,0
763,0.0,0.0,0.0,1.0,-0.0,0,0
764,0.0,0.0,0.0,1.0,-0.0,0,0
765,0.0,0.0059405940594059415,0.03395332316729158,1.0,-0.0,0,0
766,0.0,0.0059405940594059415,0.03395332316729158,1.0,-0.0,0,0
767,0.0,0.0059405940594059415,0.03395332316729158,1.0,-0.0,0,0
768,0.0,0.0059405940594059415,0.03395332316729158,1.0,-0.0,0,0
769,0.0,0.009900990099009901,0.04338396495090424,1.0,-0.0,0,0
770,0.0,0.015841584158415842,0.054012600780142014,1.0,-0.0,0,0
771,0.0,0.015841584158415842,0.054012600780142014,1.0,-0.0,0,0
772,0.0,0.015841584158415842,0.054012600780142014,1.0,-0.0,0,0
773,0.0,0.015841584158415842,0.054012600780142014,1.0,-0.0,0,0
774,0.0,0.011881188118811881,0.047276579747775535,1.0,-0.0,0,0
775,0.0,0.0,0.0,1.0,-0.0,0,0
776,0.0,0.0,0.0,1.0,-0.0,0,0
777,0.0,0.0,0.0,1.0,-0.0,0,0
778,0.0,0.0,0.0,1.0,-0.0,0,0
779,0.0,0.0,0.0,1.0,-0.0,0,0
780,0.0,0.0,0.0,1.0,-0.0,0,0
781,0.0,0.0,0.0,1.0,-0.0,0,0
782,0.0,0.0,0.0,1.0,-0.0,0,0
783,0.0,0.0,0.0,1.0,-0.0,0,0
784,0.0,0.0,0.0,1.0,-0.0,0,0
785,0.0,0.0,0.0,1.0,-0.0,0,0
786,0.0,0.0,0.0,1.0,-0.0,0,0
787,0.0,0.0,0.0,1.0,-0.0,0,0
788,0.0,0.0039603960396039604,0.02786385599895107,1.0,-0.0,0,0
789,0.0,0.021782178217821784,0.06836703565002801,1.0,-0.0,0,0
790,0.0,0.031683168316831684,0.07826167463512675,1.0,-0.0,0,0
791,0.0,0.031683168316831684,0.07826167463512675,1.0,-0.0,0,0
792,0.0,0.04356435643564357,0.09164702150816742,1.0,-0.0,0,0
793,0.0,0.039603960396039604,0.08452453849668534,1.0,-0.0,0,0
794,0.0,0.07920792079207921,0.13224402263020987,1.0,-0.0,0,0
795,0.0,0.13267326732673268,0.18081712817047954,1.0,-0.0,0,0
796,0.0,0.14059405940594058,0.18140170282136692,1.0,-0.0,0,0
797,0.0,0.1287128712871287,0.1606525268671035,1.0,-0.0,0,0
798,0.0,0.1287128712871287,0.1606525268671035,1.0,-0.0,0,0
799,0.0,0.11089108910891088,0.13342479626077636,1.0,-0.0,0,0
800,0.2,0.08712871287128712,0.12401163019288061,0.18136723570535113,0.7414411662151199,0,0
801,0.2,0.1277227722772277,0.1476675500000171,0.312258348046925,0.5054859421860101,0,0
802,0.2,0.20198019801980197,0.193958349116608,1.0,-0.0,0,0
803,0.2,0.20198019801980197,0.193958349116608,1.0,-0.0,0,0
804,0.2,0.1722772277227723,0.17806373977319878,0.43813862657056557,0.35838845746558384,0,0
805,0.0,0.1306930693069307,0.16515373831281618,1.0,-0.0,0,0
806,0.0,0.08316831683168316,0.14146987009498416,1.0,-0.0,0,0
807,0.0,0.009900990099009901,0.04338396495090424,1.0,-0.0,0,0
808,0.0,0.009900990099009901,0.04338396495090424,1.0,-0.0,0,0
809,0.0,0.0,0.0,1.0,-0.0,0,0
810,0.0,0.0,0.0,1.0,-0.0,0,0
811,0.0,0.0,0.0,1.0,-0.0,0,0
812,0.0,0.0,0.0,1.0,-0.0,0,0
813,0.0,0.0,0.0,1.0,-0.0,0,0
814,0.0,0.0,0.0,1.0,-0.0,0,0
815,0.0,0.0297029702970297,0.07648795214189293,1.0,-0.0,0,0
816,0.0,0.0297029702970297,0.07648795214189293,1.0,-0.0,0,0
817,0.0,0.0297029702970297,0.07648795214189293,1.0,-0.0,0,0
818,0.0,0.0297029702970297,0.07648795214189293,1.0,-0.0,0,0
819,0.0,0.0297029702970297,0.07648795214189293,1.0,-0.0,0,0
820,0.0,0.0,0.0,1.0,-0.0,0,0
821,0.2,0.0297029702970297,0.07112192077650681,0.008322928729312118,2.079723824290396,0,0
822,0.2,0.0297029702970297,0.07112192077650681,0.008322928729312118,2.079723824290396,0,0
823,0.2,0.0297029702970297,0.07112192077650681,0.008322928729312118,2.079723824290396,0,0
824,0.2,0.0297029702970297,0.07112192077650681,0.008322928729312118,2.079723824290396,0,0
825,0.2,0.0297029702970297,0.07112192077650681,0.008322928729312118,2.079723824290396,0,0
826,0.0,0.0,0.0,1.0,-0.0,0,0
827,0.0,0.0,0.0,1.0,-0.0,0,0
828,0.0,0.0,0.0,1.0,-0.0,0,0
829,0.0,0.0,0.0,1.0,-0.0,0,0
830,0.0,0.0,0.0,1.0,-0.0,0,0
831,0.0,0.0,0.0,1.0,-0.0,0,0
832,0.0,0.0,0.0,1.0,-0.0,0,0
833,0.0,0.0059405940594059415,0.03395332316729158,1.0,-0.0,0,0
834,0.0,0.02970297029702971,0.07112192077650682,1.0,-0.0,0,0
835,0.0,0.02970297029702971,0.07112192077650682,1.0,-0.0,0,0
836,0.0,0.06930693069306931,0.11409790329416186,1.0,-0.0,0,0
837,0.0,0.1297029702970297,0.15256522997432256,1.0,-0.0,0,0
838,0.0,0.14257425742574256,0.1575471230171571,1.0,-0.0,0,0
839,0.0,0.1277227722772277,0.14496077440151445,1.0,-0.0,0,0
840,0.0,0.14257425742574256,0.14981608173764543,1.0,-0.0,0,0
841,0.0,0.13267326732673265,0.1442693512878177,1.0,-0.0,0,0
842,0.0,0.08712871287128714,0.11745095149573796,1.0,-0.0,0,0
843,0.0,0.06930693069306931,0.10316052497133552,1.0,-0.0,0,0
844,0.0,0.11287128712871286,0.13618810981425267,1.0,-0.0,0,0
845,0.0,0.10693069306930691,0.1306930693069307,1.0,-0.0,0,0
846,0.0,0.07722772277227724,0.1124710639300034,1.0,-0.0,0,0
847,0.0,0.08118811881188118,0.11999411807954947,1.0,-0.0,0,0
848,0.0,0.08118811881188118,0.11999411807954947,1.0,-0.0,0,0
849,0.2,0.05544554455445544,0.11644507269694382,0.10722973538703191,0.9696847657272933,0,0
850,0.2,0.047524752475247525,0.10586191211583096,0.07488815124685981,1.1255868906472768,0,0
851,0.2,0.047524752475247525,0.10586191211583096,0.07488815124685981,1.1255868906472768,0,0
852,0.2,0.027722772277227727,0.07461957893630407,0.010478998804251384,1.9796802091996195,0,0
853,0.2,0.027722772277227727,0.07461957893630407,0.010478998804251384,1.9796802091996195,0,0
854,0.0,0.0,0.0,1.0,-0.0,0,0
855,0.0,0.0,0.0,1.0,-0.0,0,0
856,0.0,0.01386138613861386,0.05079507064705211,1.0,-0.0,0,0
857,0.0,0.033663366336633666,0.08475617647141663,1.0,-0.0,0,0
858,0.0,0.09108910891089109,0.12750384183766536,1.0,-0.0,0,0
859,0.0,0.09108910891089109,0.12750384183766536,1.0,-0.0,0,0
860,0.0,0.09108910891089109,0.12750384183766536,1.0,-0.0,0,0
861,0.0,0.10495049504950495,0.1423816080178024,1.0,-0.0,0,0
862,0.0,0.10693069306930691,0.13661931335176508,1.0,-0.0,0,0
863,0.0,0.06336633663366337,0.10874875419996817,1.0,-0.0,0,0
864,0.0,0.0712871287128713,0.1213265242141813,1.0,-0.0,0,0
865,0.0,0.0712871287128713,0.1213265242141813,1.0,-0.0,0,0
866,0.2,0.08910891089108909,0.13636075485692528,0.20804639598911934,0.6818398031375332,0,0
867,0.2,0.09504950495049505,0.13670539084430264,0.22132887875055152,0.6549619161055136,0,0
868,0.2,0.09306930693069307,0.13368903310588712,0.2118998952955819,0.6738692578836474,0,0
869,0.2,0.08514851485148514,0.12379009590564582,0.17675768599419261,0.7526216925958915,0,0
870,0.2,0.08514851485148514,0.12379009590564582,0.17675768599419261,0.7526216925958915,0,0
871,0.0,0.039603960396039604,0.07970143286137865,1.0,-0.0,0,0
872,0.0,0.011881188118811881,0.047276579747775535,1.0,-0.0,0,0
873,0.0,0.04554455445544554,0.09283729243351323,1.0,-0.0,0,0
874,0.0,0.04554455445544554,0.09283729243351323,1.0,-0.0,0,0
875,0.0,0.05544554455445545,0.10575073206193022,1.0,-0.0,0,0
876,0.0,0.05544554455445545,0.10575073206193022,1.0,-0.0,0,0
877,0.0,0.05544554455445545,0.10575073206193022,1.0,-0.0,0,0
878,0.0,0.06336633663366337,0.10874875419996817,1.0,-0.0,0,0
879,0.0,0.06336633663366337,0.10874875419996817,1.0,-0.0,0,0
880,0.0,0.061386138613861385,0.10433219700847123,1.0,-0.0,0,0
881,0.0,0.061386138613861385,0.10433219700847123,1.0,-0.0,0,0
882,0.0,0.09108910891089109,0.13357165904190144,1.0,-0.0,0,0
883,0.0,0.09504950495049502,0.1213588391765906,1.0,-0.0,0,0
884,0.0,0.09504950495049502,0.1213588391765906,1.0,-0.0,0,0
885,0.0,0.08712871287128712,0.11402914890208296,1.0,-0.0,0,0
886,0.0,0.09306930693069305,0.11795067415315191,1.0,-0.0,0,0
887,0.0,0.12079207920792076,0.14645435316515326,1.0,-0.0,0,0
888,0.0,0.08118811881188118,0.11999411807954947,1.0,-0.0,0,0
889,0.0,0.08118811881188118,0.11999411807954947,1.0,-0.0,0,0
890,0.0,0.11485148514851484,0.14717547862227365,1.0,-0.0,0,0
891,0.0,0.1603960396039604,0.18243632168365972,1.0,-0.0,0,0
892,0.0,0.100990099009901,0.14246420394934614,1.0,-0.0,0,0
893,0.0,0.08316831683168317,0.12978985828256584,1.0,-0.0,0,0
894,0.0,0.15841584158415842,0.18523056370168028,1.0,-0.0,0,0
895,0.0,0.12277227722772277,0.1566235242240411,1.0,-0.0,0,0
896,0.0,0.08910891089108909,0.14481192315867106,1.0,-0.0,0,0
897,0.0,0.1207920792079208,0.16186831934800644,1.0,-0.0,0,0
898,0.0,0.1207920792079208,0.16186831934800644,1.0,-0.0,0,0
899,0.0,0.05544554455445544,0.1019369320889802,1.0,-0.0,0,0
900,0.0,0.07524752475247524,0.1189108498693262,1.0,-0.0,0,0
901,0.0,0.07326732673267328,0.10425700262248067,1.0,-0.0,0,0
902,0.0,0.051485148514851496,0.09186070102766894,1.0,-0.0,0,0
903,0.0,0.051485148514851496,0.09186070102766894,1.0,-0.0,0,0
904,0.0,0.057425742574257435,0.10277971700879984,1.0,-0.0,0,0
905,0.0,0.08514851485148514,0.13304219431477882,1.0,-0.0,0,0
906,0.0,0.07524752475247524,0.1253951698929708,1.0,-0.0,0,0
907,0.0,0.16633663366336632,0.19308707712077475,1.0,-0.0,0,0
908,0.0,0.20396039603960395,0.21244488724065505,1.0,-0.0,0,0
909,0.2,0.21980198019801975,0.22250589133604334,1.0,-0.0,0,0
910,0.2,0.201980198019802,0.21525034838338525,1.0,-0.0,0,0
911,0.2,0.20396039603960398,0.21244488724065505,1.0,-0.0,0,0
912,0.2,0.10297029702970294,0.15315522802114465,0.26319108868849883,0.5797288194613102,0,0
913,0.2,0.06534653465346535,0.1164113937164283,0.12369676173807938,0.9076416696327345,0,0
914,0.0,0.03564356435643565,0.09074407316744236,1.0,-0.0,0,0
915,0.0,0.0059405940594059415,0.03395332316729157,1.0,-0.0,0,0
916,0.0,0.0,0.0,1.0,-0.0,0,0
917,0.0,0.0,0.0,1.0,-0.0,0,0
918,0.0,0.0,0.0,1.0,-0.0,0,0
919,0.0,0.0,0.0,1.0,-0.0,0,0
920,0.0,0.0,0.0,1.0,-0.0,0,0
921,0.0,0.0,0.0,1.0,-0.0,0,0
922,0.0,0.009900990099009901,0.04338396495090424,1.0,-0.0,0,0
923,0.0,0.009900990099009901,0.04338396495090424,1.0,-0.0,0,0
924,0.0,0.009900990099009901,0.04338396495090424,1.0,-0.0,0,0
925,0.0,0.009900990099009901,0.04338396495090424,1.0,-0.0,0,0
926,0.0,0.023762376237623766,0.06471340450838889,1.0,-0.0,0,0
927,0.0,0.013861386138613863,0.05079507064705211,1.0,-0.0,0,0
928,0.0,0.017821782178217824,0.05698017651460656,1.0,-0.0,0,0
929,0.0,0.017821782178217824,0.05698017651460656,1.0,-0.0,0,0
930,0.0,0.03564356435643565,0.08154954567118415,1.0,-0.0,0,0
931,0.0,0.021782178217821784,0.068367035650028,1.0,-0.0,0,0
932,0.0,0.04356435643564357,0.08721867542790196,1.0,-0.0,0,0
933,0.0,0.03960396039603961,0.08452453849668534,1.0,-0.0,0,0
934,0.0,0.03960396039603961,0.08452453849668534,1.0,-0.0,0,0
935,0.0,0.021782178217821784,0.06230547612891991,1.0,-0.0,0,0
936,0.0,0.021782178217821784,0.06230547612891991,1.0,-0.0,0,0
937,0.0,0.0,0.0,1.0,-0.0,0,0
938,0.0,0.0,0.0,1.0,-0.0,0,0
939,0.0,0.0,0.0,1.0,-0.0,0,0
940,0.0,0.0,0.0,1.0,-0.0,0,0
941,0.0,0.0,0.0,1.0,-0.0,0,0
942,0.0,0.015841584158415842,0.05401260078014202,1.0,-0.0,0,0
943,0.2,0.0297029702970297,0.07112192077650681,0.008322928729312118,2.079723824290396,0,0
944,0.2,0.05544554455445544,0.09384550979067553,0.0617381483506657,1.2094464000101817,0,0
945,0.2,0.05544554455445544,0.09384550979067553,0.0617381483506657,1.2094464000101817,0,0
946,0.2,0.05544554455445544,0.09384550979067553,0.0617381483506657,1.2094464000101817,0,0
947,0.2,0.039603960396039604,0.07970143286137865,0.02208567245422131,1.6558893730090944,0,0
948,0.2,0.03564356435643565,0.07653920035678292,0.015882722457572503,1.7990750531077893,0,0
949,0.2,0.009900990099009901,0.04338396495090425,5.885669548817499e-06,5.230204125035218,0,0
950,0.2,0.025742574257425748,0.06697637435757531,0.004637140001348011,2.3337497919853583,0,0
951,0.8,0.1425742574257426,0.16249693654596944,2.6075358467139554e-05,4.583769712461142,0,0
952,1.0,0.1801980198019802,0.18985132378941597,7.86797163857803e-06,5.104137214237101,0,0
953,0.8,0.17029702970297028,0.1896033141162111,0.000448220420076918,3.3485083617128044,0,0
954,0.8,0.17029702970297028,0.1896033141162111,0.000448220420076918,3.3485083617128044,0,0
955,0.8,0.15445544554455445,0.179947600995427,0.00016699399156769744,3.7772991544568293,0,0
956,0.2,0.05544554455445544,0.1019369320889802,0.07808409030039497,1.1074374449781044,0,0
957,0.0,0.017821782178217824,0.056980176514606566,1.0,-0.0,0,0
958,0.0,0.023762376237623766,0.07056843438101175,1.0,-0.0,0,0
959,0.0,0.023762376237623766,0.07056843438101175,1.0,-0.0,0,0
960,0.0,0.02772277227722772,0.07461957893630407,1.0,-0.0,0,0
961,0.0,0.009900990099009901,0.04338396495090424,1.0,-0.0,0,0
962,0.0,0.011881188118811883,0.05501958015623684,1.0,-0.0,0,0
963,0.0,0.015841584158415842,0.05401260078014202,1.0,-0.0,0,0
964,0.0,0.07722772277227724,0.12888031758632065,1.0,-0.0,0,0
965,0.0,0.0910891089108911,0.13057300215314485,1.0,-0.0,0,0
966,0.0,0.0910891089108911,0.13057300215314485,1.0,-0.0,0,0
967,0.0,0.0891089108910891,0.13042276277287215,1.0,-0.0,0,0
968,0.0,0.07920792079207921,0.11966689053257921,1.0,-0.0,0,0
969,0.0,0.017821782178217824,0.05698017651460656,1.0,-0.0,0,0
970,0.0,0.0,0.0,1.0,-0.0,0,0
971,0.0,0.0,0.0,1.0,-0.0,0,0
972,0.0,0.0,0.0,1.0,-0.0,0,0
973,0.0,0.0,0.0,1.0,-0.0,0,0
974,0.0,0.0,0.0,1.0,-0.0,0,0
975,0.0,0.0,0.0,1.0,-0.0,0,0
976,0.0,0.0,0.0,1.0,-0.0,0,0
977,0.0,0.0,0.0,1.0,-0.0,0,0
978,0.0,0.0,0.0,1.0,-0.0,0,0
979,0.0,0.025742574257425748,0.07264925278354116,1.0,-0.0,0,0
980,0.0,0.025742574257425748,0.07264925278354116,1.0,-0.0,0,0
981,0.0,0.027722772277227727,0.07461957893630407,1.0,-0.0,0,0
982,0.0,0.041584158415841586,0.09039772047931348,1.0,-0.0,0,0
983,0.0,0.041584158415841586,0.09039772047931348,1.0,-0.0,0,0
984,0.0,0.03564356435643565,0.08626938974571076,1.0,-0.0,0,0
985,0.0,0.04752475247524753,0.10586191211583096,1.0,-0.0,0,0
986,0.0,0.061386138613861385,0.11515834731523733,1.0,-0.0,0,0
987,0.0,0.047524752475247525,0.08965727859542,1.0,-0.0,0,0
988,0.0,0.06336633663366337,0.10504385908811757,1.0,-0.0,0,0
989,0.0,0.051485148514851496,0.096075322540263,1.0,-0.0,0,0
990,0.0,0.039603960396039604,0.0890869059738772,1.0,-0.0,0,0
991,0.2,0.097029702970297,0.12142344330103676,0.1982116077311204,0.7028709158146248,0,0
992,0.4,0.15643564356435638,0.15569444662458046,0.05886487227788633,1.230143793955291,0,0
993,0.4,0.17227722772277224,0.16174715133989812,0.0795812955712233,1.0991889948848659,0,0
994,0.4,0.1861386138613861,0.17407731466008644,0.10962168539118868,0.9601035251021118,0,0
995,0.4,0.1861386138613861,0.17407731466008644,0.10962168539118868,0.9601035251021118,0,0
996,0.2,0.11089108910891088,0.1420507440353343,0.26523019637673806,0.5763770331585043,0,0
997,0.0,0.05346534653465347,0.09287951999650358,1.0,-0.0,0,0
998,0.0,0.021782178217821784,0.06230547612891991,1.0,-0.0,0,0
999,0.0,0.0,0.0,1.0,-0.0,0,0
1000,0.0,0.0,0.0,1.0,-0.0,0,0
1001,0.0,0.039603960396039604,0.09757374253271223,1.0,-0.0,0,0
1002,0.0,0.07920792079207921,0.1292145592164392,1.0,-0.0,0,0
1003,0.2,0.0891089108910891,0.13636075485692528,0.20804639598911934,0.6818398031375332,0,0
1004,0.2,0.0891089108910891,0.13636075485692528,0.20804639598911934,0.6818398031375332,0,0
1005,0.2,0.09702970297029702,0.14243667729389656,0.2348645731342125,0.629182487065092,0,0
1006,0.2,0.057425742574257435,0.09885135821266287,0.07460753442729876,1.127217312004932,0,0
1007,0.2,0.017821782178217824,0.05698017651460656,0.0006937928196726553,3.15877019915046,0,0
1008,0.0,0.007920792079207921,0.03900537743285587,1.0,-0.0,0,0
1009,0.0,0.017821782178217824,0.05698017651460656,1.0,-0.0,0,0
1010,0.0,0.009900990099009901,0.04338396495090425,1.0,-0.0,0,0
1011,0.2,0.041584158415841586,0.09039772047931349,0.03984979219979861,1.3995739389282478,0,0
1012,0.2,0.04554455445544555,0.09283729243351321,0.04808399917069303,1.3179994190099724,0,0
1013,0.2,0.04554455445544555,0.09283729243351321,0.04808399917069303,1.3179994190099724,0,0
1014,0.2,0.03564356435643565,0.08626938974571076,0.028380055950301422,1.5469867526811094,0,0
1015,0.4,0.04752475247524753,0.09809478080396702,0.00016331392774761414,3.7869767761573785,0,0
1016,0.2,0.033663366336633666,0.07482947971362845,0.01311209067436901,1.882328056139666,0,0
1017,0.2,0.02970297029702971,0.07112192077650681,0.008322928729312118,2.079723824290396,0,0
1018,0.2,0.04752475247524753,0.08965727859541997,0.044504787234598886,1.3515932708674616,0,0
1019,0.2,0.04752475247524753,0.08965727859541997,0.044504787234598886,1.3515932708674616,0,0
1020,0.0,0.2198019801980198,0.22778303120076682,1.0,-0.0,0,0
1021,0.0,0.26732673267326734,0.24900153520187168,1.0,-0.0,0,0
1022,0.0,0.26732673267326734,0.24900153520187168,1.0,-0.0,0,0
1023,0.0,0.2495049504950495,0.24276613950537684,1.0,-0.0,0,0
1024,0.0,0.2495049504950495,0.24276613950537684,1.0,-0.0,0,0
1025,0.0,0.09108910891089109,0.13057300215314485,1.0,-0.0,0,0
1026,0.0,0.0811881188118812,0.12642288870900886,1.0,-0.0,0,0
1027,0.0,0.0811881188118812,0.12642288870900886,1.0,-0.0,0,0
1028,0.0,0.14059405940594058,0.16779184288566223,1.0,-0.0,0,0
1029,0.0,0.18217821782178212,0.1868954489346046,1.0,-0.0,0,0
1030,0.0,0.1564356435643564,0.1725842262930766,1.0,-0.0,0,0
1031,0.0,0.09900990099009901,0.13386490123687583,1.0,-0.0,0,0
1032,0.0,0.09900990099009901,0.13386490123687583,1.0,-0.0,0,0
1033,0.0,0.039603960396039604,0.08452453849668534,1.0,-0.0,0,0
1034,0.0,0.0,0.0,1.0,-0.0,0,0
1035,0.0,0.0,0.0,1.0,-0.0,0,0
1036,0.0,0.0,0.0,1.0,-0.0,0,0
1037,0.0,0.0,0.0,1.0,-0.0,0,0
1038,0.0,0.05148514851485149,0.10011267057239238,1.0,-0.0,0,0
1039,0.0,0.06930693069306931,0.11057238501634628,1.0,-0.0,0,0
1040,0.0,0.06930693069306931,0.11057238501634628,1.0,-0.0,0,0
1041,0.0,0.08514851485148514,0.1269490726718781,1.0,-0.0,0,0
1042,0.0,0.08514851485148514,0.1269490726718781,1.0,-0.0,0,0
1043,0.0,0.033663366336633666,0.07482947971362845,1.0,-0.0,0,0
