,foreground,bg_means,bg_stdev,pvals,minus_logs,regs,active
2,0.0,0.23762376237623759,0.19440260619841393,1.0,-0.0,0,0
3,0.0,0.06930693069306931,0.11057238501634628,1.0,-0.0,0,0
4,0.0,0.06930693069306931,0.11057238501634628,1.0,-0.0,0,0
5,0.0,0.06930693069306931,0.11057238501634628,1.0,-0.0,0,0
6,0.0,0.06930693069306931,0.11057238501634628,1.0,-0.0,0,0
7,0.0,0.11089108910891088,0.16997436620891035,1.0,-0.0,0,0
8,0.0,0.041584158415841586,0.0946774898050053,1.0,-0.0,0,0
9,0.0,0.10495049504950493,0.14513649268759363,1.0,-0.0,0,0
10,0.2,0.13564356435643563,0.1686194135234681,0.3513542563881492,0.4542547809493346,0,0
11,0.4,0.15445544554455443,0.17549068547409524,0.08087822742183538,1.0921683755841116,0,0
12,1.0,0.25346534653465347,0.1967882494860173,7.424129680856325e-05,4.129354450691616,0,0
13,1.0,0.25346534653465347,0.1967882494860173,7.424129680856325e-05,4.129354450691616,0,0
14,1.0,0.22574257425742575,0.20229057883757837,6.47383826590608e-05,4.188838154655706,0,0
15,0.8,0.19603960396039605,0.19290421984883255,0.0008714101494433835,3.0597773860784994,0,0
16,0.6,0.1782178217821782,0.17777723316802724,0.008833315876292892,2.0538762390663066,0,0
17,0.0,0.03564356435643565,0.08154954567118416,1.0,-0.0,0,0
18,0.0,0.06732673267326734,0.11354670246995212,1.0,-0.0,0,0
19,0.0,0.031683168316831684,0.0730260947112308,1.0,-0.0,0,0
20,0.0,0.043564356435643575,0.08721867542790195,1.0,-0.0,0,0
21,0.2,0.11386138613861384,0.1297596429735119,0.25339889509458335,0.5961952831201845,0,0
22,0.2,0.14059405940594055,0.15806892707703055,0.3535242386351092,0.4515808043717551,0,0
23,0.2,0.10693069306930691,0.1450554183905936,0.2605625477598812,0.584088007925498,0,0
24,0.2,0.10693069306930691,0.1450554183905936,0.2605625477598812,0.584088007925498,0,0
25,0.2,0.19207920792079206,0.21046067731622056,0.48498915293312117,0.31426797453994265,0,0
26,0.0,0.1900990099009901,0.19574936009912708,1.0,-0.0,0,0
27,0.0,0.16435643564356436,0.16505874046871052,1.0,-0.0,0,0
28,0.0,0.16435643564356436,0.16505874046871052,1.0,-0.0,0,0
29,0.0,0.16435643564356436,0.16505874046871052,1.0,-0.0,0,0
30,0.0,0.06732673267326733,0.11698261772468857,1.0,-0.0,0,0
31,0.0,0.023762376237623766,0.06471340450838887,1.0,-0.0,0,0
32,0.0,0.023762376237623766,0.06471340450838887,1.0,-0.0,0,0
33,0.0,0.023762376237623766,0.06471340450838887,1.0,-0.0,0,0
34,0.0,0.023762376237623766,0.06471340450838887,1.0,-0.0,0,0
35,0.2,0.0891089108910891,0.12097048989545554,0.17965547706514468,0.7455595381425463,0,0
36,0.2,0.11089108910891088,0.13923481846532235,0.2610895049836087,0.5832105851640816,0,0
37,0.2,0.11089108910891088,0.13923481846532235,0.2610895049836087,0.5832105851640816,0,0
38,0.2,0.11089108910891088,0.13923481846532235,0.2610895049836087,0.5832105851640816,0,0
39,0.2,0.15049504950495046,0.17212921831366915,0.38682516638824044,0.4124852789840712,0,0
40,0.0,0.15247524752475244,0.18910631899110214,1.0,-0.0,0,0
41,0.0,0.10495049504950493,0.13670539084430264,1.0,-0.0,0,0
42,0.0,0.11683168316831682,0.1442421691205886,1.0,-0.0,0,0
43,0.0,0.14059405940594058,0.17244784995704746,1.0,-0.0,0,0
44,0.0,0.10099009900990098,0.15057319492752777,1.0,-0.0,0,0
45,0.0,0.04950495049504951,0.09504950495049506,1.0,-0.0,0,0
46,0.0,0.04950495049504951,0.09504950495049506,1.0,-0.0,0,0
47,0.0,0.03762376237623762,0.08307396817189318,1.0,-0.0,0,0
48,0.0,0.057425742574257435,0.10277971700879983,1.0,-0.0,0,0
49,0.0,0.057425742574257435,0.10277971700879983,1.0,-0.0,0,0
50,0.0,0.041584158415841586,0.08590499787518362,1.0,-0.0,0,0
51,0.0,0.10099009900990098,0.13679141417164786,1.0,-0.0,0,0
52,0.4,0.15445544554455443,0.16381875548472422,0.06695246345667406,1.1742334388766573,0,0
53,0.4,0.11089108910891088,0.13923481846532232,0.018927910261660796,1.7228973317270238,0,0
54,0.4,0.16237623762376235,0.1609695163002105,0.06994463593946672,1.1552455859786703,0,0
55,0.4,0.21188118811881188,0.19664871867623296,0.16937862771473283,0.7711413900568345,0,0
56,0.4,0.1603960396039604,0.1712384753198294,0.08087030591703288,1.0922109140326013,0,0
57,0.0,0.11485148514851484,0.14717547862227368,1.0,-0.0,0,0
58,0.0,0.1306930693069307,0.1577958163416755,1.0,-0.0,0,0
59,0.0,0.09702970297029702,0.13383560593042218,1.0,-0.0,0,0
60,0.0,0.05346534653465347,0.09704990696905227,1.0,-0.0,0,0
61,0.0,0.04554455445544555,0.08387254884969257,1.0,-0.0,0,0
62,0.0,0.03762376237623763,0.07816140339006158,1.0,-0.0,0,0
63,0.0,0.021782178217821784,0.06230547612891991,1.0,-0.0,0,0
64,0.0,0.0059405940594059415,0.033953323167291584,1.0,-0.0,0,0
65,0.0,0.0,0.0,1.0,-0.0,0,0
66,0.0,0.0,0.0,1.0,-0.0,0,0
67,0.0,0.0,0.0,1.0,-0.0,0,0
68,0.0,0.0,0.0,1.0,-0.0,0,0
69,0.0,0.0,0.0,1.0,-0.0,0,0
70,0.0,0.0,0.0,1.0,-0.0,0,0
71,0.2,0.10495049504950496,0.1581929124495149,0.27397143652067224,0.5622947131215335,0,0
72,0.2,0.1801980198019802,0.18985132378941597,0.4584646208907145,0.3386941726324958,0,0
73,0.2,0.23564356435643566,0.20371993900374946,1.0,-0.0,0,0
74,0.2,0.25742574257425743,0.2131083184132516,1.0,-0.0,0,0
75,0.2,0.32277227722772295,0.2420544035562106,1.0,-0.0,0,0
76,0.0,0.21782178217821782,0.2089085448697495,1.0,-0.0,0,0
77,0.0,0.14455445544554454,0.16196518848854283,1.0,-0.0,0,0
78,0.0,0.08712871287128712,0.11745095149573798,1.0,-0.0,0,0
79,0.0,0.09900990099009899,0.12781100644043505,1.0,-0.0,0,0
80,0.0,0.033663366336633666,0.07994704648786674,1.0,-0.0,0,0
81,0.0,0.033663366336633666,0.07994704648786674,1.0,-0.0,0,0
82,0.0,0.05346534653465347,0.10104832334394513,1.0,-0.0,0,0
83,0.0,0.10297029702970298,0.14789308791950764,1.0,-0.0,0,0
84,0.0,0.06930693069306931,0.1303024465454424,1.0,-0.0,0,0
85,0.2,0.11287128712871286,0.16023705603282304,0.29330716027366566,0.5326773348053848,0,0
86,0.2,0.11287128712871286,0.16023705603282304,0.29330716027366566,0.5326773348053848,0,0
87,0.4,0.14059405940594058,0.1857168172307858,0.08123954149203806,1.0902325363755483,0,0
88,0.4,0.09108910891089109,0.1529246303073887,0.0216906295983616,1.6637278418481454,0,0
89,0.6,0.12277227722772277,0.16160162980675777,0.0015729386779710457,2.803288208297194,0,0
90,0.4,0.07920792079207921,0.12293186689242579,0.00453358435601149,2.3435582989790555,0,0
91,0.4,0.07920792079207921,0.12293186689242579,0.00453358435601149,2.3435582989790555,0,0
92,0.2,0.031683168316831684,0.0730260947112308,0.01058647624307391,1.9752485727397298,0,0
93,0.2,0.031683168316831684,0.0730260947112308,0.01058647624307391,1.9752485727397298,0,0
94,0.0,0.0,0.0,1.0,-0.0,0,0
95,0.0,0.0,0.0,1.0,-0.0,0,0
96,0.0,0.14059405940594058,0.17244784995704746,1.0,-0.0,0,0
97,0.0,0.21386138613861383,0.19951907671778213,1.0,-0.0,0,0
98,0.0,0.22376237623762377,0.20155264396038763,1.0,-0.0,0,0
99,0.0,0.22376237623762377,0.20155264396038763,1.0,-0.0,0,0
100,0.0,0.22376237623762377,0.20155264396038763,1.0,-0.0,0,0
101,0.0,0.08118811881188118,0.10964648079134362,1.0,-0.0,0,0
102,0.0,0.04356435643564357,0.08721867542790195,1.0,-0.0,0,0
103,0.0,0.033663366336633666,0.07482947971362848,1.0,-0.0,0,0
104,0.0,0.033663366336633666,0.07482947971362848,1.0,-0.0,0,0
105,0.0,0.09900990099009899,0.13386490123687583,1.0,-0.0,0,0
106,0.0,0.19207920792079203,0.1710093323357157,1.0,-0.0,0,0
107,0.0,0.42772277227722777,0.271453298822872,1.0,-0.0,0,0
108,0.0,0.4811881188118812,0.2900026873508564,1.0,-0.0,0,0
109,0.0,0.5287128712871287,0.3064768282757663,1.0,-0.0,0,0
110,0.0,0.4613861386138614,0.28248203203340805,1.0,-0.0,0,0
111,0.0,0.41386138613861384,0.25055570040216446,1.0,-0.0,0,0
112,0.0,0.14455445544554454,0.14656141045515514,1.0,-0.0,0,0
113,0.0,0.0891089108910891,0.12420120222231065,1.0,-0.0,0,0
114,0.0,0.04356435643564357,0.09164702150816742,1.0,-0.0,0,0
115,0.0,0.04356435643564357,0.09164702150816742,1.0,-0.0,0,0
116,0.0,0.0891089108910891,0.12734998170941408,1.0,-0.0,0,0
117,0.0,0.1920792079207921,0.1968480181280898,1.0,-0.0,0,0
118,0.0,0.22970297029702977,0.21320029835556073,1.0,-0.0,0,0
119,0.0,0.26138613861386145,0.2138613861386139,1.0,-0.0,0,0
120,0.0,0.30099009900990104,0.24312122613017503,1.0,-0.0,0,0
121,0.0,0.2871287128712871,0.24762770136336065,1.0,-0.0,0,0
122,0.0,0.2079207920792079,0.20083152306547483,1.0,-0.0,0,0
123,0.0,0.19603960396039605,0.19494644711665693,1.0,-0.0,0,0
124,0.0,0.17029702970297034,0.18960331411621106,1.0,-0.0,0,0
125,0.0,0.13465346534653466,0.17144444215376922,1.0,-0.0,0,0
126,0.0,0.05940594059405942,0.10357779667819422,1.0,-0.0,0,0
127,0.0,0.03762376237623763,0.08307396817189318,1.0,-0.0,0,0
128,0.0,0.011881188118811883,0.047276579747775535,1.0,-0.0,0,0
129,0.0,0.0059405940594059415,0.03395332316729158,1.0,-0.0,0,0
130,0.0,0.0,0.0,1.0,-0.0,0,0
131,0.0,0.0,0.0,1.0,-0.0,0,0
132,0.0,0.015841584158415842,0.05401260078014202,1.0,-0.0,0,0
133,0.0,0.0297029702970297,0.07112192077650681,1.0,-0.0,0,0
134,0.0,0.0297029702970297,0.07112192077650681,1.0,-0.0,0,0
135,0.0,0.0297029702970297,0.07112192077650681,1.0,-0.0,0,0
136,0.0,0.0297029702970297,0.07112192077650681,1.0,-0.0,0,0
137,0.0,0.01386138613861386,0.05079507064705211,1.0,-0.0,0,0
138,0.0,0.0,0.0,1.0,-0.0,0,0
139,0.0,0.04950495049504951,0.10304643034659552,1.0,-0.0,0,0
140,0.0,0.04950495049504951,0.10304643034659552,1.0,-0.0,0,0
141,0.0,0.04950495049504951,0.10304643034659552,1.0,-0.0,0,0
142,0.0,0.14653465346534653,0.1638426898490107,1.0,-0.0,0,0
143,0.0,0.14653465346534653,0.1638426898490107,1.0,-0.0,0,0
144,0.0,0.11089108910891086,0.15018206119491914,1.0,-0.0,0,0
145,0.0,0.11089108910891086,0.15018206119491914,1.0,-0.0,0,0
146,0.0,0.11089108910891086,0.15018206119491914,1.0,-0.0,0,0
147,0.0,0.025742574257425748,0.06697637435757531,1.0,-0.0,0,0
148,0.0,0.025742574257425748,0.06697637435757531,1.0,-0.0,0,0
149,0.0,0.009900990099009901,0.04338396495090424,1.0,-0.0,0,0
150,0.0,0.019801980198019802,0.059735061897023205,1.0,-0.0,0,0
151,0.0,0.03564356435643565,0.08626938974571076,1.0,-0.0,0,0
152,0.0,0.025742574257425748,0.07791016068477624,1.0,-0.0,0,0
153,0.0,0.09306930693069305,0.12762679639066946,1.0,-0.0,0,0
154,0.0,0.09306930693069305,0.12762679639066946,1.0,-0.0,0,0
155,0.0,0.08316831683168316,0.11694909354640316,1.0,-0.0,0,0
156,0.0,0.06930693069306931,0.10693069306930696,1.0,-0.0,0,0
157,0.0,0.06930693069306931,0.10693069306930696,1.0,-0.0,0,0
158,0.0,0.0019801980198019802,0.019801980198019802,1.0,-0.0,0,0
159,0.0,0.013861386138613863,0.05079507064705212,1.0,-0.0,0,0
160,0.0,0.013861386138613863,0.05079507064705212,1.0,-0.0,0,0
161,0.0,0.09306930693069305,0.13948804962658473,1.0,-0.0,0,0
162,0.0,0.12673267326732673,0.15851482056387722,1.0,-0.0,0,0
163,0.0,0.1762376237623762,0.18301572450512466,1.0,-0.0,0,0
164,0.0,0.2514851485148515,0.22098513071529313,1.0,-0.0,0,0
165,0.0,0.2514851485148515,0.22098513071529313,1.0,-0.0,0,0
166,0.0,0.18217821782178212,0.1931479910747968,1.0,-0.0,0,0
167,0.0,0.23564356435643566,0.21135309408516964,1.0,-0.0,0,0
168,0.0,0.20198019801980197,0.19190560696373418,1.0,-0.0,0,0
169,0.0,0.11287128712871287,0.15264231556912292,1.0,-0.0,0,0
170,0.0,0.11287128712871287,0.15264231556912292,1.0,-0.0,0,0
171,0.0,0.15445544554455443,0.1842967648111355,1.0,-0.0,0,0
172,0.0,0.10297029702970295,0.14789308791950762,1.0,-0.0,0,0
173,0.0,0.0891089108910891,0.13923481846532235,1.0,-0.0,0,0
174,0.0,0.0891089108910891,0.13923481846532235,1.0,-0.0,0,0
175,0.0,0.0891089108910891,0.13923481846532235,1.0,-0.0,0,0
176,0.0,0.06336633663366337,0.10120342446875752,1.0,-0.0,0,0
177,0.0,0.03762376237623763,0.08307396817189318,1.0,-0.0,0,0
178,0.0,0.03762376237623763,0.08307396817189318,1.0,-0.0,0,0
179,0.0,0.09702970297029702,0.127780323207142,1.0,-0.0,0,0
180,0.0,0.15247524752475247,0.17153590358580373,1.0,-0.0,0,0
181,0.0,0.16633663366336632,0.18683249644342292,1.0,-0.0,0,0
182,0.0,0.15445544554455445,0.17321922953369534,1.0,-0.0,0,0
183,0.0,0.19405940594059407,0.18764923153239027,1.0,-0.0,0,0
184,0.2,0.18811881188118812,0.16844491341098405,0.47188409643728824,0.32616465911798503,0,0
185,0.2,0.13465346534653463,0.14380655568606182,0.32476838510357986,0.4884262541948038,0,0
186,0.2,0.09306930693069305,0.12448501897427097,0.19517455309290543,0.7095768064016368,0,0
187,0.2,0.09306930693069305,0.12448501897427097,0.19517455309290543,0.7095768064016368,0,0
188,0.2,0.05346534653465347,0.09704990696905226,0.0655357875709919,1.1835214771048093,0,0
189,0.0,0.0,0.0,1.0,-0.0,0,0
190,0.2,0.023762376237623766,0.06471340450838889,0.0032311212459077425,2.490646745033819,0,0
191,0.2,0.07326732673267328,0.12177815335858849,0.14901092980675446,0.8267818753416014,0,0
192,0.2,0.1089108910891089,0.14765427233510692,0.2686476890928793,0.5708168908798665,0,0
193,0.2,0.12079207920792076,0.15435386352400063,0.3039203993074953,0.5172401488527574,0,0
194,0.2,0.16237623762376235,0.17511042352027043,0.41493926719196533,0.38201546438084427,0,0
195,0.0,0.13762376237623758,0.1634113349368535,1.0,-0.0,0,0
196,0.0,0.08712871287128712,0.14188502271424044,1.0,-0.0,0,0
197,0.0,0.051485148514851496,0.10399339410297731,1.0,-0.0,0,0
198,0.0,0.039603960396039604,0.0890869059738772,1.0,-0.0,0,0
199,0.0,0.0,0.0,1.0,-0.0,0,0
200,0.0,0.0,0.0,1.0,-0.0,0,0
201,0.0,0.01386138613861386,0.05079507064705211,1.0,-0.0,0,0
202,0.0,0.01386138613861386,0.05079507064705211,1.0,-0.0,0,0
203,0.0,0.05148514851485149,0.08744317689433512,1.0,-0.0,0,0
204,0.0,0.05148514851485149,0.08744317689433512,1.0,-0.0,0,0
205,0.0,0.05148514851485149,0.08744317689433512,1.0,-0.0,0,0
206,0.0,0.03762376237623763,0.07816140339006158,1.0,-0.0,0,0
207,0.0,0.03762376237623763,0.07816140339006158,1.0,-0.0,0,0
208,0.0,0.0,0.0,1.0,-0.0,0,0
209,0.0,0.0,0.0,1.0,-0.0,0,0
210,0.0,0.0,0.0,1.0,-0.0,0,0
211,0.0,0.0,0.0,1.0,-0.0,0,0
212,0.0,0.0,0.0,1.0,-0.0,0,0
213,0.0,0.0,0.0,1.0,-0.0,0,0
214,0.0,0.0019801980198019802,0.019801980198019802,1.0,-0.0,0,0
215,0.0,0.0019801980198019802,0.019801980198019802,1.0,-0.0,0,0
216,0.0,0.0019801980198019802,0.019801980198019802,1.0,-0.0,0,0
217,0.0,0.0019801980198019802,0.019801980198019802,1.0,-0.0,0,0
218,0.0,0.05742574257425742,0.11021718851545144,1.0,-0.0,0,0
219,0.0,0.05544554455445544,0.10943169805661862,1.0,-0.0,0,0
220,0.0,0.05544554455445544,0.10943169805661862,1.0,-0.0,0,0
221,0.0,0.05544554455445544,0.10943169805661862,1.0,-0.0,0,0
222,0.0,0.05544554455445544,0.10943169805661862,1.0,-0.0,0,0
223,0.0,0.0059405940594059415,0.03395332316729158,1.0,-0.0,0,0
224,0.0,0.0059405940594059415,0.03395332316729158,1.0,-0.0,0,0
225,0.0,0.051485148514851475,0.10773441987117183,1.0,-0.0,0,0
226,0.0,0.057425742574257435,0.11375371577303027,1.0,-0.0,0,0
227,0.0,0.0712871287128713,0.1213265242141813,1.0,-0.0,0,0
228,0.0,0.06534653465346535,0.1197651526735639,1.0,-0.0,0,0
229,0.0,0.11683168316831684,0.15483578457286823,1.0,-0.0,0,0
230,0.0,0.0712871287128713,0.10372911567294095,1.0,-0.0,0,0
231,0.0,0.13069306930693067,0.13624568246946198,1.0,-0.0,0,0
232,0.0,0.11485148514851483,0.130031327995105,1.0,-0.0,0,0
233,0.0,0.11485148514851483,0.130031327995105,1.0,-0.0,0,0
234,0.0,0.1574257425742574,0.1873983075535997,1.0,-0.0,0,0
235,0.0,0.16435643564356436,0.1917011692717774,1.0,-0.0,0,0
236,0.0,0.1089108910891089,0.16050601290423322,1.0,-0.0,0,0
237,0.0,0.1089108910891089,0.16050601290423322,1.0,-0.0,0,0
238,0.0,0.1584158415841584,0.1915374620094059,1.0,-0.0,0,0
239,0.0,0.1287128712871287,0.13954426081146826,1.0,-0.0,0,0
240,0.0,0.13069306930693067,0.14470357153619887,1.0,-0.0,0,0
241,0.0,0.2059405940594059,0.18974802582007907,1.0,-0.0,0,0
242,0.0,0.2059405940594059,0.18974802582007907,1.0,-0.0,0,0
243,0.0,0.17227722772277226,0.17806373977319878,1.0,-0.0,0,0
244,0.0,0.1188118811881188,0.15964866828313962,1.0,-0.0,0,0
245,0.0,0.20198019801980197,0.19598959258073068,1.0,-0.0,0,0
246,0.2,0.22178217821782176,0.17777723316802727,1.0,-0.0,0,0
247,0.2,0.22178217821782176,0.17777723316802727,1.0,-0.0,1,0
248,0.2,0.20792079207920788,0.17782134115361303,1.0,-0.0,0,0
249,0.4,0.23168316831683167,0.18611754673281874,0.1829028869695572,0.7377794394932222,0,0
250,0.4,0.14257425742574256,0.1444323368618651,0.03734791092806798,1.4277336856233145,0,0
251,0.2,0.03564356435643565,0.08154954567118416,0.021930426384501912,1.6589529244266183,0,0
252,0.2,0.03564356435643565,0.08154954567118416,0.021930426384501912,1.6589529244266183,0,0
253,0.2,0.03564356435643565,0.08154954567118416,0.021930426384501912,1.6589529244266183,0,0
254,0.0,0.0,0.0,1.0,-0.0,0,0
255,0.0,0.009900990099009901,0.04338396495090424,1.0,-0.0,0,0
256,0.0,0.009900990099009901,0.04338396495090424,1.0,-0.0,0,0
257,0.0,0.009900990099009901,0.04338396495090424,1.0,-0.0,0,0
258,0.2,0.06534653465346535,0.1129581045303102,0.11661777127180513,0.9332352628086961,0,0
259,0.6,0.14059405940594058,0.15554326246855826,0.0015706713486211994,2.803914678366771,0,0
260,0.8,0.18019801980198016,0.16531985318607367,8.873233555455363e-05,4.051918087115054,0,0
261,0.8,0.18019801980198016,0.16531985318607367,8.873233555455363e-05,4.051918087115054,0,0
262,0.8,0.18019801980198016,0.16531985318607367,8.873233555455363e-05,4.051918087115054,0,0
263,0.8,0.17425742574257425,0.14532549015373286,8.319146262212722e-06,5.079921240131674,0,0
264,0.4,0.13465346534653466,0.1293055660777387,0.02008050506071095,1.6972253681046423,0,0
265,0.6,0.35148514851485163,0.2374008855764921,0.14759241319138122,0.8309359663192262,0,0
266,0.6,0.40990099009900993,0.24271767835318123,0.21675178439927267,0.6640373185273335,0,0
267,0.6,0.4415841584158416,0.25379001483555713,0.2662479755393993,0.5747136857707095,0,0
268,0.4,0.45346534653465354,0.28128571726934765,1.0,-0.0,0,0
269,0.4,0.6455445544554455,0.3445544554455445,1.0,-0.0,0,0
270,0.0,0.4435643564356435,0.2905835172746633,1.0,-0.0,0,0
271,0.0,0.39801980198019804,0.2735828283432957,1.0,-0.0,0,0
272,0.0,0.4099009900990099,0.2675539921434382,1.0,-0.0,0,0
273,0.0,0.34851485148514855,0.2431696068595446,1.0,-0.0,0,0
274,0.0,0.1584158415841584,0.1742124154290913,1.0,-0.0,0,0
275,0.0,0.09108910891089109,0.1335716590419014,1.0,-0.0,0,0
276,0.0,0.08118811881188118,0.11999411807954947,1.0,-0.0,0,0
277,0.0,0.03762376237623763,0.09211646217515253,1.0,-0.0,0,0
278,0.0,0.05148514851485149,0.10773441987117183,1.0,-0.0,0,0
279,0.0,0.061386138613861385,0.10046456153636296,1.0,-0.0,0,0
280,0.0,0.061386138613861385,0.10046456153636296,1.0,-0.0,0,0
281,0.0,0.0594059405940594,0.09968089464279778,1.0,-0.0,0,0
282,0.0,0.08712871287128714,0.12401163019288061,1.0,-0.0,0,0
283,0.0,0.09306930693069305,0.1422989641443302,1.0,-0.0,0,0
284,0.0,0.05544554455445545,0.10575073206193021,1.0,-0.0,0,0
285,0.0,0.05544554455445545,0.10575073206193021,1.0,-0.0,0,0
286,0.0,0.05544554455445545,0.10575073206193021,1.0,-0.0,0,0
287,0.0,0.027722772277227727,0.07461957893630405,1.0,-0.0,0,0
288,0.0,0.007920792079207921,0.03900537743285587,1.0,-0.0,0,0
289,0.0,0.0,0.0,1.0,-0.0,0,0
290,0.0,0.009900990099009901,0.04338396495090424,1.0,-0.0,0,0
291,0.0,0.009900990099009901,0.04338396495090424,1.0,-0.0,0,0
292,0.0,0.009900990099009901,0.04338396495090424,1.0,-0.0,0,0
293,0.2,0.09702970297029702,0.127780323207142,0.21016800358682974,0.6774334011688355,0,0
294,0.2,0.13861386138613857,0.15088537189345533,0.3420629138954295,0.46589400901766276,0,0
295,0.4,0.1762376237623762,0.18301572450512466,0.11073281723484664,0.9557236507395717,0,0
296,0.4,0.1762376237623762,0.18301572450512466,0.11073281723484664,0.9557236507395717,0,0
297,0.4,0.1762376237623762,0.18301572450512466,0.11073281723484664,0.9557236507395717,0,0
298,0.2,0.1504950495049505,0.1744148703671667,0.38826862252096295,0.41086770504142284,0,0
299,0.2,0.10891089108910891,0.15549283508436104,0.27900192305653193,0.5543928032856786,0,0
300,0.0,0.12277227722772276,0.15407416763506465,1.0,-0.0,0,0
301,0.0,0.12277227722772276,0.15407416763506465,1.0,-0.0,0,0
302,0.0,0.12277227722772276,0.15407416763506465,1.0,-0.0,0,0
303,0.0,0.0613861386138614,0.10433219700847123,1.0,-0.0,0,0
304,0.0,0.0613861386138614,0.10433219700847123,1.0,-0.0,0,0
305,0.0,0.0,0.0,1.0,-0.0,0,0
306,0.0,0.0,0.0,1.0,-0.0,0,0
307,0.0,0.0,0.0,1.0,-0.0,0,0
308,0.0,0.0,0.0,1.0,-0.0,0,0
309,0.0,0.0,0.0,1.0,-0.0,0,0
310,0.0,0.0,0.0,1.0,-0.0,0,0
311,0.0,0.011881188118811881,0.047276579747775535,1.0,-0.0,0,0
312,0.0,0.017821782178217824,0.056980176514606566,1.0,-0.0,0,0
313,0.2,0.12673267326732673,0.15599637537608815,0.31929423625965986,0.49580892105722785,0,0
314,0.2,0.12673267326732673,0.15599637537608815,0.31929423625965986,0.49580892105722785,0,0
315,0.2,0.12673267326732673,0.15599637537608815,0.31929423625965986,0.49580892105722785,0,0
316,0.2,0.18217821782178217,0.17371653227296088,0.4591437258549907,0.3380513458894503,0,0
317,0.2,0.17623762376237626,0.17414487814590618,0.44573207631638706,0.3509261115589876,0,0
318,0.0,0.06534653465346535,0.1129581045303102,1.0,-0.0,0,0
319,0.2,0.1603960396039604,0.15420136502124185,0.3986539441012462,0.3994039348368125,0,0
320,0.2,0.1603960396039604,0.15420136502124185,0.3986539441012462,0.3994039348368125,0,0
321,0.4,0.1069306930693069,0.12126186845461277,0.007828166243359535,2.106339959993205,0,0
322,0.6,0.13465346534653463,0.13233294611171187,0.00021865245990224948,3.660245632355422,0,0
323,0.6,0.13465346534653463,0.13233294611171187,0.00021865245990224948,3.660245632355422,1,0
324,0.4,0.05544554455445544,0.09384550979067553,0.00012056218946056165,3.918788873649578,0,0
325,0.4,0.07920792079207921,0.11285391563386142,0.0022377614537823515,2.650186211296351,0,0
326,0.2,0.14257425742574256,0.14714883329235084,0.34817355884066437,0.45820421336118244,0,0
327,0.0,0.11485148514851483,0.130031327995105,1.0,-0.0,0,0
328,0.0,0.1485148514851485,0.15065129981473455,1.0,-0.0,0,0
329,0.0,0.13267326732673265,0.14698885988036148,1.0,-0.0,0,0
330,0.0,0.15841584158415842,0.1672534844655737,1.0,-0.0,0,0
331,0.0,0.0811881188118812,0.12951766673875512,1.0,-0.0,0,0
332,0.0,0.0811881188118812,0.12951766673875512,1.0,-0.0,0,0
333,0.0,0.049504950495049514,0.1068206254198905,1.0,-0.0,0,0
334,0.0,0.049504950495049514,0.1068206254198905,1.0,-0.0,0,0
335,0.0,0.0,0.0,1.0,-0.0,0,0
336,0.0,0.0,0.0,1.0,-0.0,0,0
337,0.0,0.0,0.0,1.0,-0.0,0,0
338,0.0,0.0,0.0,1.0,-0.0,0,0
339,0.0,0.0,0.0,1.0,-0.0,0,0
340,0.0,0.0,0.0,1.0,-0.0,0,0
341,0.0,0.0,0.0,1.0,-0.0,0,0
342,0.0,0.0,0.0,1.0,-0.0,0,0
343,0.0,0.0,0.0,1.0,-0.0,0,0
344,0.0,0.0,0.0,1.0,-0.0,0,0
345,0.0,0.0,0.0,1.0,-0.0,0,0
346,0.0,0.0,0.0,1.0,-0.0,0,0
347,0.0,0.0,0.0,1.0,-0.0,0,0
348,0.0,0.0,0.0,1.0,-0.0,0,0
349,0.0,0.0,0.0,1.0,-0.0,0,0
350,0.0,0.0,0.0,1.0,-0.0,0,0
351,0.0,0.0,0.0,1.0,-0.0,0,0
352,0.0,0.0,0.0,1.0,-0.0,0,0
353,0.2,0.0712871287128713,0.10372911567294095,0.10732951799335329,0.9692808210103285,0,0
354,0.2,0.0712871287128713,0.10372911567294095,0.10732951799335329,0.9692808210103285,0,0
355,0.2,0.1069306930693069,0.1422989641443302,0.2565428085145365,0.5908401551120017,0,0
356,0.2,0.1069306930693069,0.1422989641443302,0.2565428085145365,0.5908401551120017,0,0
357,0.2,0.1069306930693069,0.1422989641443302,0.2565428085145365,0.5908401551120017,0,0
358,0.0,0.03564356435643565,0.08626938974571076,1.0,-0.0,0,0
359,0.0,0.03564356435643565,0.08626938974571076,1.0,-0.0,0,0
360,0.0,0.0,0.0,1.0,-0.0,0,0
361,0.0,0.0,0.0,1.0,-0.0,0,0
362,0.0,0.0,0.0,1.0,-0.0,0,0
363,0.0,0.0,0.0,1.0,-0.0,0,0
364,0.0,0.0,0.0,1.0,-0.0,0,0
365,0.0,0.0,0.0,1.0,-0.0,0,0
366,0.0,0.0,0.0,1.0,-0.0,0,0
367,0.0,0.0,0.0,1.0,-0.0,0,0
368,0.0,0.0,0.0,1.0,-0.0,0,0
369,0.0,0.0,0.0,1.0,-0.0,0,0
370,0.0,0.0,0.0,1.0,-0.0,0,0
371,0.0,0.0,0.0,1.0,-0.0,0,0
372,0.0,0.0,0.0,1.0,-0.0,0,0
373,0.0,0.0,0.0,1.0,-0.0,0,0
374,0.0,0.0,0.0,1.0,-0.0,0,0
375,0.0,0.0,0.0,1.0,-0.0,0,0
376,0.0,0.0,0.0,1.0,-0.0,0,0
377,0.0,0.0,0.0,1.0,-0.0,0,0
378,0.0,0.0,0.0,1.0,-0.0,0,0
379,0.0,0.0,0.0,1.0,-0.0,0,0
380,0.0,0.0,0.0,1.0,-0.0,0,0
381,0.0,0.0,0.0,1.0,-0.0,0,0
382,0.0,0.0,0.0,1.0,-0.0,0,0
383,0.0,0.0,0.0,1.0,-0.0,0,0
384,0.0,0.0,0.0,1.0,-0.0,0,0
385,0.0,0.0,0.0,1.0,-0.0,0,0
386,0.0,0.0,0.0,1.0,-0.0,0,0
387,0.0,0.0,0.0,1.0,-0.0,0,0
388,0.0,0.0,0.0,1.0,-0.0,0,0
389,0.4,0.1287128712871287,0.13954426081146826,0.02594207193318682,1.585995340772551,0,0
390,0.4,0.16237623762376235,0.1634113349368535,0.0729530661168451,1.1369564505882992,0,0
391,0.4,0.20396039603960395,0.19494644711665693,0.15730221395806027,0.803265164833787,0,0
392,0.4,0.20396039603960395,0.19494644711665693,0.15730221395806027,0.803265164833787,0,0
393,1.0,0.299009900990099,0.2314376290485066,0.0012274285357428963,2.9110037842852483,0,0
394,0.6,0.1722772277227723,0.17806373977319878,0.008151143457817839,2.0887814633352217,0,0
395,0.8,0.16435643564356434,0.1743923869806257,0.00013374565065032336,3.873720332142451,0,0
396,0.8,0.12277227722772277,0.15148191286261606,3.898496486440327e-06,5.4091028528554554,0,0
397,1.0,0.14653465346534653,0.1709405295438197,2.9760974287183306e-07,6.526352855363341,0,0
398,0.4,0.049504950495049514,0.11399475615543964,0.0010537153338708298,2.9772766999650724,0,0
399,1.0,0.12277227722772276,0.166430902094659,6.790692781157963e-08,7.16808591707646,0,0
400,0.8,0.097029702970297,0.13962853515884507,2.394553918343442e-07,6.620775379471073,0,0
401,0.8,0.09504950495049502,0.13957235791450373,2.1999472760528783e-07,6.65758772735674,0,0
402,0.6,0.07326732673267328,0.11848138852793338,4.380312807813138e-06,5.3584948744602094,0,0
403,0.6,0.07326732673267328,0.11848138852793338,4.380312807813138e-06,5.3584948744602094,0,0
404,0.0,0.0,0.0,1.0,-0.0,0,0
405,0.4,0.041584158415841586,0.08116396646304633,5.028416963610415e-06,5.298568717166065,0,0
406,0.4,0.041584158415841586,0.08116396646304633,5.028416963610415e-06,5.298568717166065,0,0
407,0.4,0.041584158415841586,0.08116396646304633,5.028416963610415e-06,5.298568717166065,0,0
408,0.4,0.041584158415841586,0.08116396646304633,5.028416963610415e-06,5.298568717166065,0,0
409,0.4,0.05148514851485149,0.09186070102766893,7.413495117120212e-05,4.1299769941514715,0,0
410,0.0,0.009900990099009901,0.04338396495090424,1.0,-0.0,0,0
411,0.0,0.009900990099009901,0.04338396495090424,1.0,-0.0,0,0
412,0.0,0.019801980198019802,0.059735061897023205,1.0,-0.0,0,0
413,0.6,0.08712871287128712,0.11050143705587097,1.7310468013739698e-06,5.7616911901813985,0,0
414,0.6,0.07722772277227724,0.10889288780093088,7.901905037888938e-07,6.10226819381031,0,0
415,0.8,0.12475247524752472,0.12851469892742934,7.431705425584626e-08,7.128911513031977,0,0
416,0.8,0.13861386138613857,0.1427941099193659,1.8129685541863054e-06,5.741609728646798,0,0
417,0.8,0.1564356435643564,0.16555687101844338,5.0688860816440054e-05,4.295087469019118,0,0
418,0.4,0.10495049504950496,0.15049504950495055,0.024967152617285788,1.602630984004769,0,0
419,0.4,0.12673267326732673,0.16821196500273508,0.052130139840454885,1.2829111100651842,0,0
420,0.2,0.08118811881188118,0.13254020222321994,0.18501385583113095,0.7327957457285068,0,0
421,0.2,0.1504950495049505,0.17667095463917196,0.389658235931134,0.40931613995182475,0,0
422,0.2,0.17821782178217815,0.16863104044391106,0.4486113165352715,0.34812977523179905,0,0
423,0.0,0.16435643564356434,0.16505874046871052,1.0,-0.0,0,0
424,0.0,0.14257425742574256,0.1444323368618651,1.0,-0.0,0,0
425,0.0,0.14257425742574256,0.1444323368618651,1.0,-0.0,0,0
426,0.0,0.08514851485148514,0.12379009590564582,1.0,-0.0,0,0
427,0.0,0.08712871287128712,0.13324834725751067,1.0,-0.0,0,0
428,0.0,0.08316831683168316,0.12978985828256584,1.0,-0.0,0,0
429,0.0,0.08316831683168316,0.12978985828256584,1.0,-0.0,0,0
430,0.0,0.08316831683168316,0.12978985828256584,1.0,-0.0,0,0
431,0.0,0.057425742574257435,0.11021718851545144,1.0,-0.0,0,0
432,0.0,0.0,0.0,1.0,-0.0,0,0
433,0.0,0.0,0.0,1.0,-0.0,0,0
434,0.2,0.06534653465346535,0.10939585993610405,0.10918337986089162,0.9618434658808062,0,0
435,0.4,0.13663366336633662,0.14331490790275034,0.033055096672573205,1.4807615683682807,0,0
436,0.4,0.13663366336633662,0.14331490790275034,0.033055096672573205,1.4807615683682807,0,0
437,0.4,0.13663366336633662,0.14331490790275034,0.033055096672573205,1.4807615683682807,0,0
438,0.6,0.28118811881188116,0.20329604384492034,0.05841549634816018,1.233471928816386,0,0
439,0.4,0.2158415841584158,0.1922934397831321,0.16910835492850557,0.771834935218871,0,0
440,0.2,0.17029702970297025,0.16503498246348225,0.4285841962189427,0.36796384734329984,0,0
441,0.2,0.1861386138613861,0.1694660823392845,0.46740508209797504,0.3303065698318793,0,0
442,0.2,0.1861386138613861,0.1694660823392845,0.46740508209797504,0.3303065698318793,0,0
443,0.0,0.039603960396039604,0.08452453849668534,1.0,-0.0,0,0
444,0.0,0.0594059405940594,0.10733330877518932,1.0,-0.0,0,0
445,0.0,0.04752475247524753,0.09397077637785879,1.0,-0.0,0,0
446,0.0,0.031683168316831684,0.07826167463512675,1.0,-0.0,0,0
447,0.0,0.031683168316831684,0.07826167463512675,1.0,-0.0,0,0
448,0.0,0.031683168316831684,0.07826167463512675,1.0,-0.0,0,0
449,0.0,0.011881188118811883,0.047276579747775535,1.0,-0.0,0,0
450,0.0,0.0,0.0,1.0,-0.0,0,0
451,0.0,0.0,0.0,1.0,-0.0,0,0
452,0.0,0.0,0.0,1.0,-0.0,0,0
453,0.0,0.0019801980198019802,0.019801980198019802,1.0,-0.0,0,0
454,0.0,0.0019801980198019802,0.019801980198019802,1.0,-0.0,0,0
455,0.0,0.013861386138613863,0.05079507064705211,1.0,-0.0,0,0
456,0.0,0.013861386138613863,0.05079507064705211,1.0,-0.0,0,0
457,0.0,0.013861386138613863,0.05079507064705211,1.0,-0.0,0,0
458,0.0,0.019801980198019802,0.059735061897023205,1.0,-0.0,0,0
459,0.0,0.019801980198019802,0.059735061897023205,1.0,-0.0,0,0
460,0.0,0.057425742574257435,0.10656335878870264,1.0,-0.0,0,0
461,0.0,0.08712871287128712,0.127165103825761,1.0,-0.0,0,0
462,0.0,0.08712871287128712,0.127165103825761,1.0,-0.0,0,0
463,0.0,0.07920792079207921,0.12293186689242579,1.0,-0.0,0,0
464,0.0,0.07920792079207921,0.12293186689242579,1.0,-0.0,0,0
465,0.0,0.05940594059405942,0.10733330877518932,1.0,-0.0,0,0
466,0.0,0.02970297029702971,0.07648795214189293,1.0,-0.0,0,0
467,0.0,0.02970297029702971,0.07648795214189293,1.0,-0.0,0,0
468,0.0,0.03564356435643565,0.08154954567118416,1.0,-0.0,0,0
469,0.0,0.03564356435643565,0.08154954567118416,1.0,-0.0,0,0
470,0.0,0.019801980198019802,0.059735061897023205,1.0,-0.0,0,0
471,0.0,0.019801980198019802,0.059735061897023205,1.0,-0.0,0,0
472,0.0,0.02772277227722772,0.06910862719451544,1.0,-0.0,0,0
473,0.0,0.09702970297029702,0.14243667729389659,1.0,-0.0,0,0
474,0.0,0.09702970297029702,0.14243667729389659,1.0,-0.0,0,0
475,0.0,0.11485148514851483,0.14984225277142663,1.0,-0.0,0,0
476,0.0,0.13267326732673265,0.1623520870714426,1.0,-0.0,0,0
477,0.0,0.2079207920792079,0.18438185104134303,1.0,-0.0,0,0
478,0.0,0.13267326732673265,0.14698885988036148,1.0,-0.0,0,0
479,0.0,0.13267326732673265,0.14698885988036148,1.0,-0.0,0,0
480,0.0,0.11188118811881186,0.12371088037574078,1.0,-0.0,0,0
481,0.0,0.09504950495049505,0.11113833822100819,1.0,-0.0,0,0
482,0.0,0.013861386138613863,0.05079507064705211,1.0,-0.0,0,0
483,0.0,0.06732673267326733,0.11000352009767247,1.0,-0.0,0,0
484,0.0,0.06732673267326733,0.11000352009767247,1.0,-0.0,0,0
485,0.0,0.05544554455445545,0.09797478714338996,1.0,-0.0,0,0
486,0.0,0.05346534653465347,0.09704990696905227,1.0,-0.0,0,0
487,0.0,0.05346534653465347,0.09704990696905227,1.0,-0.0,0,0
488,0.0,0.07920792079207922,0.11631029826208643,1.0,-0.0,0,0
489,0.0,0.07920792079207922,0.11631029826208643,1.0,-0.0,0,0
490,0.0,0.10693069306930691,0.13948804962658473,1.0,-0.0,0,0
491,0.0,0.12277227722772277,0.15148191286261609,1.0,-0.0,0,0
492,0.0,0.13465346534653466,0.16436836411443276,1.0,-0.0,0,0
493,0.0,0.05544554455445545,0.09797478714338996,1.0,-0.0,0,0
494,0.0,0.06534653465346536,0.10939585993610405,1.0,-0.0,0,0
495,0.0,0.11089108910891088,0.15536669501729133,1.0,-0.0,0,0
496,0.0,0.12277227722772276,0.15407416763506465,1.0,-0.0,0,0
497,0.0,0.12871287128712872,0.1630990913423683,1.0,-0.0,0,0
498,0.0,0.12871287128712872,0.1630990913423683,1.0,-0.0,0,0
499,0.0,0.1188118811881188,0.15714839508139802,1.0,-0.0,0,0
500,0.0,0.07920792079207922,0.1261123431927973,1.0,-0.0,0,0
501,0.0,0.051485148514851496,0.10773441987117183,1.0,-0.0,0,0
502,0.0,0.03366336633663367,0.07482947971362847,1.0,-0.0,0,0
503,0.0,0.03366336633663367,0.07482947971362847,1.0,-0.0,0,0
504,0.0,0.03762376237623763,0.08307396817189319,1.0,-0.0,0,0
505,0.0,0.0039603960396039604,0.027863855998951064,1.0,-0.0,0,0
506,0.0,0.0039603960396039604,0.027863855998951064,1.0,-0.0,0,0
507,0.0,0.0039603960396039604,0.027863855998951064,1.0,-0.0,0,0
508,0.0,0.0039603960396039604,0.027863855998951064,1.0,-0.0,0,0
509,0.0,0.0,0.0,1.0,-0.0,0,0
510,0.0,0.0,0.0,1.0,-0.0,0,0
511,0.0,0.0,0.0,1.0,-0.0,0,0
512,0.0,0.04356435643564357,0.09164702150816742,1.0,-0.0,0,0
513,0.0,0.08910891089108909,0.12097048989545554,1.0,-0.0,0,0
514,0.0,0.08910891089108909,0.12097048989545554,1.0,-0.0,0,0
515,0.0,0.08910891089108909,0.12097048989545554,1.0,-0.0,0,0
516,0.0,0.10495049504950495,0.14513649268759363,1.0,-0.0,0,0
517,0.0,0.061386138613861385,0.11166631429601336,1.0,-0.0,0,0
518,0.0,0.015841584158415842,0.05401260078014202,1.0,-0.0,0,0
519,0.0,0.015841584158415842,0.05401260078014202,1.0,-0.0,0,0
520,0.0,0.05544554455445545,0.09384550979067555,1.0,-0.0,0,0
521,0.0,0.039603960396039604,0.07970143286137865,1.0,-0.0,0,0
522,0.0,0.039603960396039604,0.07970143286137865,1.0,-0.0,0,0
523,0.0,0.039603960396039604,0.07970143286137865,1.0,-0.0,0,0
524,0.0,0.039603960396039604,0.07970143286137865,1.0,-0.0,0,0
525,0.0,0.0,0.0,1.0,-0.0,0,0
526,0.0,0.03564356435643565,0.07653920035678292,1.0,-0.0,0,0
527,0.0,0.03564356435643565,0.07653920035678292,1.0,-0.0,0,0
528,0.0,0.03564356435643565,0.07653920035678292,1.0,-0.0,0,0
529,0.0,0.03564356435643565,0.07653920035678292,1.0,-0.0,0,0
530,0.0,0.08118811881188118,0.1264228887090089,1.0,-0.0,0,0
531,0.0,0.12079207920792079,0.1517663861889879,1.0,-0.0,0,0
532,0.0,0.1762376237623762,0.19147603570112592,1.0,-0.0,0,0
533,0.0,0.1762376237623762,0.19147603570112592,1.0,-0.0,0,0
534,0.0,0.1762376237623762,0.19147603570112592,1.0,-0.0,0,0
535,0.0,0.21782178217821785,0.21079577635122798,1.0,-0.0,0,0
536,0.0,0.14158415841584157,0.1624486677385638,1.0,-0.0,0,0
537,0.0,0.10693069306930691,0.15041686348382532,1.0,-0.0,0,0
538,0.2,0.299009900990099,0.2227172649346929,1.0,-0.0,0,0
539,0.2,0.299009900990099,0.2227172649346929,1.0,-0.0,0,0
540,0.2,0.2118811881188119,0.19257871154715578,1.0,-0.0,0,0
541,0.2,0.22772277227722773,0.2010461805385672,1.0,-0.0,0,0
542,0.2,0.2079207920792079,0.1968480181280898,1.0,-0.0,0,0
543,0.0,0.015841584158415842,0.054012600780142014,1.0,-0.0,0,0
544,0.0,0.025742574257425745,0.07264925278354116,1.0,-0.0,0,0
545,0.0,0.025742574257425745,0.07264925278354116,1.0,-0.0,0,0
546,0.0,0.06930693069306931,0.11057238501634628,1.0,-0.0,0,0
547,0.0,0.0910891089108911,0.13057300215314485,1.0,-0.0,0,0
548,0.0,0.0910891089108911,0.13057300215314485,1.0,-0.0,0,0
549,0.0,0.08118811881188118,0.1264228887090089,1.0,-0.0,0,0
550,0.0,0.08118811881188118,0.1264228887090089,1.0,-0.0,0,0
551,0.0,0.021782178217821784,0.062305476128919915,1.0,-0.0,0,0
552,0.0,0.0059405940594059415,0.033953323167291584,1.0,-0.0,0,0
553,0.0,0.0059405940594059415,0.033953323167291584,1.0,-0.0,0,0
554,0.0,0.0059405940594059415,0.033953323167291584,1.0,-0.0,0,0
555,0.0,0.041584158415841586,0.09039772047931348,1.0,-0.0,0,0
556,0.0,0.041584158415841586,0.09039772047931348,1.0,-0.0,0,0
