,foreground,bg_means,bg_stdev,pvals,minus_logs,regs,active
2,0.2,0.16633663366336632,0.1781518029535443,0.42506251997560723,0.3715471874002857,0,0
3,0.2,0.16633663366336632,0.1781518029535443,0.42506251997560723,0.3715471874002857,0,0
4,0.2,0.16633663366336632,0.1781518029535443,0.42506251997560723,0.3715471874002857,0,0
5,0.2,0.1782178217821782,0.1732644978552662,0.44997823421572336,0.3468084928660352,0,0
6,0.2,0.18613861386138614,0.17633771771004503,0.4686725936334603,0.3291304417897049,0,0
7,0.0,0.08910891089108909,0.12097048989545554,1.0,-0.0,0,0
8,0.0,0.08910891089108909,0.12097048989545554,1.0,-0.0,0,0
9,0.0,0.08910891089108909,0.12097048989545554,1.0,-0.0,0,0
10,0.0,0.017821782178217824,0.056980176514606566,1.0,-0.0,0,0
11,0.0,0.009900990099009901,0.04338396495090425,1.0,-0.0,0,0
12,0.0,0.0,0.0,1.0,-0.0,0,0
13,0.0,0.0,0.0,1.0,-0.0,0,0
14,0.0,0.0,0.0,1.0,-0.0,0,0
15,0.0,0.015841584158415842,0.054012600780142014,1.0,-0.0,0,0
16,0.0,0.02970297029702971,0.07112192077650681,1.0,-0.0,0,0
17,0.0,0.02970297029702971,0.07112192077650681,1.0,-0.0,0,0
18,0.0,0.03762376237623763,0.08307396817189318,1.0,-0.0,0,0
19,0.0,0.2475247524752475,0.18700032265866198,1.0,-0.0,0,0
20,0.0,0.25742574257425743,0.1996762402527609,1.0,-0.0,0,0
21,0.0,0.5504950495049505,0.2903135083729474,1.0,-0.0,0,0
22,0.0,0.5504950495049505,0.2903135083729474,1.0,-0.0,0,0
23,0.0,0.6198019801980199,0.31403468370601395,1.0,-0.0,0,0
24,0.0,0.40990099009900993,0.26903014314349943,1.0,-0.0,0,0
25,0.0,0.3841584158415842,0.26203040911402015,1.0,-0.0,0,0
26,0.0,0.13663366336633662,0.18653843724484256,1.0,-0.0,0,0
27,0.0,0.13663366336633662,0.18653843724484256,1.0,-0.0,0,0
28,0.0,0.1920792079207921,0.19884974591102086,1.0,-0.0,0,0
29,0.0,0.26732673267326734,0.24091776292603453,1.0,-0.0,0,0
30,0.0,0.26732673267326734,0.24091776292603453,1.0,-0.0,0,0
31,0.0,0.20792079207920788,0.20666286139643167,1.0,-0.0,0,0
32,0.0,0.20792079207920788,0.20666286139643167,1.0,-0.0,0,0
33,0.0,0.07524752475247526,0.12219602867755656,1.0,-0.0,0,0
34,0.0,0.061386138613861385,0.11166631429601334,1.0,-0.0,0,0
35,0.0,0.061386138613861385,0.11166631429601334,1.0,-0.0,0,0
36,0.0,0.08118811881188118,0.13838736799727647,1.0,-0.0,0,0
37,0.0,0.08118811881188118,0.13838736799727647,1.0,-0.0,0,0
38,0.0,0.297029702970297,0.2837009461396029,1.0,-0.0,0,0
39,0.0,0.2514851485148515,0.23989018171735144,1.0,-0.0,0,0
40,0.0,0.2514851485148515,0.23989018171735144,1.0,-0.0,0,0
41,0.0,0.23168316831683167,0.23162392404918355,1.0,-0.0,0,0
42,0.0,0.3584158415841585,0.2915534788613796,1.0,-0.0,0,0
43,0.0,0.14257425742574253,0.16249693654596944,1.0,-0.0,0,0
44,0.0,0.12475247524752472,0.1511709677939985,1.0,-0.0,0,0
45,0.0,0.1782178217821782,0.17777723316802727,1.0,-0.0,0,0
46,0.0,0.1782178217821782,0.17777723316802727,1.0,-0.0,0,0
47,0.0,0.05544554455445545,0.10575073206193021,1.0,-0.0,0,0
48,0.0,0.05544554455445545,0.10575073206193021,1.0,-0.0,0,0
49,0.0,0.20792079207920788,0.2047375370386191,1.0,-0.0,0,0
50,0.0,0.19207920792079206,0.19884974591102086,1.0,-0.0,0,0
51,0.0,0.19207920792079206,0.19884974591102086,1.0,-0.0,0,0
52,0.0,0.1881188118811881,0.19462435446028695,1.0,-0.0,0,0
53,0.0,0.30297029702970296,0.2619256358619636,1.0,-0.0,0,0
54,0.0,0.15247524752475244,0.1715359035858037,1.0,-0.0,0,0
55,0.0,0.11485148514851484,0.14445948324625327,1.0,-0.0,0,0
56,0.0,0.11485148514851484,0.14445948324625327,1.0,-0.0,0,0
57,0.0,0.11485148514851484,0.14445948324625327,1.0,-0.0,0,0
58,0.0,0.0,0.0,1.0,-0.0,0,0
59,0.2,0.015841584158415842,0.05401260078014202,0.00032535620257014524,3.4876409094885674,0,0
60,0.2,0.015841584158415842,0.05401260078014202,0.00032535620257014524,3.4876409094885674,0,0
61,0.2,0.015841584158415842,0.05401260078014202,0.00032535620257014524,3.4876409094885674,0,0
62,0.2,0.015841584158415842,0.05401260078014202,0.00032535620257014524,3.4876409094885674,0,0
63,0.2,0.015841584158415842,0.05401260078014202,0.00032535620257014524,3.4876409094885674,0,0
64,0.0,0.0,0.0,1.0,-0.0,0,0
65,0.0,0.0,0.0,1.0,-0.0,0,0
66,0.0,0.0,0.0,1.0,-0.0,0,0
67,0.0,0.0,0.0,1.0,-0.0,0,0
68,0.2,0.017821782178217824,0.05698017651460656,0.0006937928196726553,3.15877019915046,0,0
69,0.2,0.017821782178217824,0.05698017651460656,0.0006937928196726553,3.15877019915046,0,0
70,0.2,0.017821782178217824,0.05698017651460656,0.0006937928196726553,3.15877019915046,0,0
71,0.2,0.017821782178217824,0.05698017651460656,0.0006937928196726553,3.15877019915046,0,0
72,0.2,0.017821782178217824,0.05698017651460656,0.0006937928196726553,3.15877019915046,0,0
73,0.0,0.013861386138613863,0.05079507064705211,1.0,-0.0,0,0
74,0.0,0.013861386138613863,0.05079507064705211,1.0,-0.0,0,0
75,0.0,0.013861386138613863,0.05079507064705211,1.0,-0.0,0,0
76,0.0,0.013861386138613863,0.05079507064705211,1.0,-0.0,0,0
77,0.0,0.013861386138613863,0.05079507064705211,1.0,-0.0,0,0
78,0.0,0.0,0.0,1.0,-0.0,0,0
79,0.0,0.0,0.0,1.0,-0.0,0,0
80,0.0,0.0,0.0,1.0,-0.0,0,0
81,0.0,0.0,0.0,1.0,-0.0,0,0
82,0.0,0.0,0.0,1.0,-0.0,0,0
83,0.0,0.0,0.0,1.0,-0.0,0,0
84,0.0,0.0,0.0,1.0,-0.0,0,0
85,0.0,0.0,0.0,1.0,-0.0,0,0
86,0.0,0.0,0.0,1.0,-0.0,0,0
87,0.0,0.0,0.0,1.0,-0.0,0,0
88,0.0,0.0,0.0,1.0,-0.0,0,0
89,0.0,0.0,0.0,1.0,-0.0,0,0
90,0.0,0.013861386138613863,0.05079507064705211,1.0,-0.0,0,0
91,0.0,0.061386138613861385,0.10433219700847123,1.0,-0.0,0,0
92,0.0,0.11683168316831682,0.14146987009498416,1.0,-0.0,0,0
93,0.0,0.1306930693069307,0.15269368434579803,1.0,-0.0,0,0
94,0.0,0.1306930693069307,0.15269368434579803,1.0,-0.0,0,0
95,0.0,0.37425742574257415,0.26500643195875795,1.0,-0.0,0,0
96,0.0,0.32673267326732675,0.24811810071567658,1.0,-0.0,0,0
97,0.0,0.2693069306930693,0.22766249740403607,1.0,-0.0,0,0
98,0.0,0.2554455445544554,0.22536010677951354,1.0,-0.0,0,0
99,0.0,0.2554455445544554,0.22536010677951354,1.0,-0.0,0,0
100,0.0,0.0,0.0,1.0,-0.0,0,0
101,0.0,0.0,0.0,1.0,-0.0,0,0
102,0.0,0.0,0.0,1.0,-0.0,0,0
103,0.0,0.0,0.0,1.0,-0.0,0,0
104,0.0,0.0,0.0,1.0,-0.0,0,0
105,0.0,0.0,0.0,1.0,-0.0,0,0
106,0.0,0.0,0.0,1.0,-0.0,0,0
107,0.0,0.0,0.0,1.0,-0.0,0,0
108,0.0,0.0,0.0,1.0,-0.0,0,0
109,0.2,0.17029702970297034,0.18322985319016175,0.43561052085572194,0.3609016397188166,0,0
110,0.2,0.1782178217821782,0.18433931283543808,0.4529690554124824,0.34393146580756134,0,0
111,0.2,0.1782178217821782,0.18433931283543808,0.4529690554124824,0.34393146580756134,0,0
112,0.2,0.19603960396039605,0.19084013945594866,0.4917215737036523,0.3082807371340544,0,0
113,0.2,0.19603960396039605,0.19084013945594866,0.4917215737036523,0.3082807371340544,0,0
114,0.0,0.025742574257425748,0.07791016068477624,1.0,-0.0,0,0
115,0.0,0.051485148514851496,0.096075322540263,1.0,-0.0,0,0
116,0.0,0.051485148514851496,0.096075322540263,1.0,-0.0,0,0
117,0.0,0.1346534653465346,0.14102569358229589,1.0,-0.0,0,0
118,0.0,0.1346534653465346,0.14102569358229589,1.0,-0.0,0,0
119,0.0,0.22970297029702966,0.1957693907320881,1.0,-0.0,0,0
120,0.0,0.19603960396039602,0.1801653762185231,1.0,-0.0,0,0
121,0.0,0.2396039603960396,0.20102667569442348,1.0,-0.0,0,0
122,0.0,0.15445544554455443,0.1613831014717559,1.0,-0.0,0,0
123,0.0,0.19405940594059404,0.1675813868644411,1.0,-0.0,0,0
124,0.0,0.10495049504950495,0.13957235791450373,1.0,-0.0,0,0
125,0.0,0.12970297029702968,0.15513938444198724,1.0,-0.0,0,0
126,0.0,0.09702970297029702,0.13084299831035082,1.0,-0.0,0,0
127,0.0,0.08316831683168317,0.12028786177019754,1.0,-0.0,0,0
128,0.0,0.04356435643564357,0.09164702150816742,1.0,-0.0,0,0
129,0.0,0.03564356435643565,0.08626938974571075,1.0,-0.0,0,0
130,0.0,0.011881188118811881,0.05501958015623684,1.0,-0.0,0,0
131,0.0,0.0,0.0,1.0,-0.0,0,0
132,0.0,0.0,0.0,1.0,-0.0,0,0
133,0.0,0.0,0.0,1.0,-0.0,0,0
134,0.0,0.13366336633663367,0.14910772750112236,1.0,-0.0,0,0
135,0.0,0.13366336633663367,0.14910772750112236,1.0,-0.0,0,0
136,0.0,0.14653465346534653,0.15127468716660816,1.0,-0.0,0,0
137,0.0,0.14653465346534653,0.15127468716660816,1.0,-0.0,0,0
138,0.0,0.14653465346534653,0.15127468716660816,1.0,-0.0,0,0
139,0.0,0.021782178217821784,0.06230547612891991,1.0,-0.0,0,0
140,0.0,0.025742574257425748,0.06697637435757531,1.0,-0.0,0,0
141,0.0,0.013861386138613863,0.05079507064705212,1.0,-0.0,0,0
142,0.0,0.013861386138613863,0.05079507064705212,1.0,-0.0,0,0
143,0.0,0.013861386138613863,0.05079507064705212,1.0,-0.0,0,0
144,0.0,0.0039603960396039604,0.027863855998951064,1.0,-0.0,0,0
145,0.0,0.0,0.0,1.0,-0.0,0,0
146,0.0,0.0,0.0,1.0,-0.0,0,0
147,0.0,0.05148514851485149,0.096075322540263,1.0,-0.0,0,0
148,0.0,0.15643564356435644,0.18153135265530043,1.0,-0.0,0,0
149,0.0,0.17623762376237626,0.18939639130642924,1.0,-0.0,0,0
150,0.0,0.17623762376237626,0.18939639130642924,1.0,-0.0,0,0
151,0.0,0.21782178217821782,0.20508198776039435,1.0,-0.0,0,0
152,0.0,0.19603960396039602,0.19084013945594866,1.0,-0.0,0,0
153,0.0,0.09108910891089109,0.12750384183766536,1.0,-0.0,0,0
154,0.0,0.1881188118811881,0.1884208102236084,1.0,-0.0,0,0
155,0.0,0.1881188118811881,0.1884208102236084,1.0,-0.0,0,0
156,0.0,0.1465346534653465,0.17551302816760664,1.0,-0.0,0,0
157,0.0,0.11485148514851483,0.16732380336061473,1.0,-0.0,0,0
158,0.0,0.11485148514851483,0.16732380336061473,1.0,-0.0,0,0
159,0.0,0.0,0.0,1.0,-0.0,0,0
160,0.0,0.0,0.0,1.0,-0.0,0,0
161,0.0,0.0,0.0,1.0,-0.0,0,0
162,0.0,0.0,0.0,1.0,-0.0,0,0
163,0.0,0.013861386138613863,0.05079507064705211,1.0,-0.0,0,0
164,0.0,0.013861386138613863,0.05079507064705211,1.0,-0.0,0,0
165,0.0,0.017821782178217824,0.05698017651460656,1.0,-0.0,0,0
166,0.0,0.017821782178217824,0.05698017651460656,1.0,-0.0,0,0
167,0.0,0.017821782178217824,0.05698017651460656,1.0,-0.0,0,0
168,0.0,0.021782178217821784,0.06836703565002801,1.0,-0.0,0,0
169,0.0,0.021782178217821784,0.06836703565002801,1.0,-0.0,0,0
170,0.0,0.01782178217821782,0.0635517090529949,1.0,-0.0,0,0
171,0.0,0.16237623762376235,0.16341133493685353,1.0,-0.0,0,0
172,0.0,0.16237623762376235,0.16341133493685353,1.0,-0.0,0,0
173,0.0,0.16435643564356434,0.16018810626658758,1.0,-0.0,0,0
174,0.0,0.16435643564356434,0.16018810626658758,1.0,-0.0,0,0
175,0.0,0.18019801980198016,0.16769833948309013,1.0,-0.0,0,0
176,0.0,0.03564356435643565,0.07653920035678292,1.0,-0.0,0,0
177,0.0,0.049504950495049514,0.08631483056516186,1.0,-0.0,0,0
178,0.0,0.02970297029702971,0.07112192077650681,1.0,-0.0,0,0
179,0.0,0.057425742574257435,0.10277971700879983,1.0,-0.0,0,0
180,0.0,0.041584158415841586,0.09467748980500532,1.0,-0.0,0,0
181,0.0,0.07920792079207921,0.1261123431927973,1.0,-0.0,0,0
182,0.0,0.06534653465346535,0.11295810453031022,1.0,-0.0,0,0
183,0.0,0.06534653465346535,0.11295810453031022,1.0,-0.0,0,0
184,0.0,0.04950495049504951,0.09912864166957489,1.0,-0.0,0,0
185,0.0,0.04950495049504951,0.09912864166957489,1.0,-0.0,0,0
186,0.0,0.06732673267326733,0.10634234916512914,1.0,-0.0,0,0
187,0.0,0.06732673267326733,0.10634234916512914,1.0,-0.0,0,0
188,0.0,0.08712871287128712,0.12401163019288061,1.0,-0.0,0,0
189,0.0,0.07524752475247526,0.10845991237726064,1.0,-0.0,0,0
190,0.0,0.3940594059405941,0.2903810341358156,1.0,-0.0,0,0
191,0.0,0.35643564356435636,0.2693651655149616,1.0,-0.0,0,0
192,0.0,0.3801980198019802,0.27504087976268776,1.0,-0.0,0,0
193,0.0,0.41782178217821786,0.3019396174648892,1.0,-0.0,0,0
194,0.0,0.44554455445544555,0.3145088115925465,1.0,-0.0,0,0
195,0.0,0.12673267326732673,0.17737976773511835,1.0,-0.0,0,0
196,0.0,0.10891089108910891,0.16295477712032463,1.0,-0.0,0,0
197,0.0,0.08514851485148513,0.13304219431477882,1.0,-0.0,0,0
198,0.0,0.051485148514851496,0.09186070102766894,1.0,-0.0,0,0
199,0.0,0.023762376237623766,0.06471340450838889,1.0,-0.0,0,0
200,0.0,0.023762376237623766,0.06471340450838889,1.0,-0.0,0,0
201,0.0,0.023762376237623766,0.06471340450838889,1.0,-0.0,0,0
202,0.0,0.06930693069306931,0.11057238501634631,1.0,-0.0,0,0
203,0.0,0.08118811881188118,0.12325042629382527,1.0,-0.0,0,0
204,0.0,0.09306930693069305,0.13368903310588712,1.0,-0.0,0,0
205,0.0,0.09306930693069305,0.13368903310588712,1.0,-0.0,0,0
206,0.0,0.10297029702970295,0.1367627457412436,1.0,-0.0,0,0
207,0.0,0.12079207920792079,0.1517663861889879,1.0,-0.0,0,0
208,0.0,0.13663366336633664,0.15137833547418927,1.0,-0.0,0,0
209,0.0,0.17227722772277224,0.1665722047113908,1.0,-0.0,0,0
210,0.0,0.1762376237623762,0.16718313599370643,1.0,-0.0,0,0
211,0.0,0.16633663366336632,0.1642729120947021,1.0,-0.0,0,0
212,0.0,0.10099009900990098,0.12467387119760154,1.0,-0.0,0,0
213,0.2,0.05742574257425742,0.10277971700879983,0.08269301175340939,1.0825311903890302,0,0
214,0.2,0.015841584158415842,0.054012600780142014,0.00032535620257014524,3.4876409094885674,0,0
215,0.2,0.033663366336633666,0.07994704648786674,0.018735949469970602,1.7273242935431963,0,0
216,0.2,0.07920792079207921,0.12293186689242579,0.16290372061051445,0.7880689965867439,0,0
217,0.2,0.10297029702970295,0.127780323207142,0.2238222754810133,0.6500966933346087,0,0
218,0.0,0.09702970297029702,0.12142344330103676,1.0,-0.0,0,0
219,0.0,0.15445544554455443,0.15891011998209012,1.0,-0.0,0,0
220,0.0,0.1346534653465346,0.14380655568606185,1.0,-0.0,0,0
221,0.0,0.24950495049504953,0.1998136569412739,1.0,-0.0,0,0
222,0.0,0.23168316831683167,0.19646917631386082,1.0,-0.0,0,0
223,0.0,0.35049504950495053,0.2344674869800505,1.0,-0.0,0,0
224,0.0,0.3366336633663367,0.22502927082529486,1.0,-0.0,0,0
225,0.2,0.4000000000000001,0.2371447316774637,1.0,-0.0,0,0
226,0.2,0.25346534653465347,0.2104047755903286,1.0,-0.0,0,0
227,0.2,0.31683168316831684,0.24253990461944716,1.0,-0.0,0,0
228,0.6,0.2792079207920792,0.24548066878909677,0.09564174712949709,1.0193524990371354,0,0
229,0.6,0.2495049504950495,0.2361505487155618,0.06887770742529173,1.1619213166809257,0,0
230,0.4,0.18415841584158413,0.19434208548729184,0.1333644493931604,0.8749599237179717,0,0
231,0.4,0.16831683168316833,0.183977340979595,0.10396050322285057,0.9831316269549975,0,0
232,0.4,0.097029702970297,0.13383560593042218,0.01179476052120518,1.928310872529548,0,0
233,0.0,0.017821782178217824,0.056980176514606566,1.0,-0.0,0,0
234,0.0,0.0,0.0,1.0,-0.0,0,0
235,0.2,0.01386138613861386,0.05079507064705211,0.00012391038159364294,3.90689230556944,0,0
236,0.2,0.01386138613861386,0.05079507064705211,0.00012391038159364294,3.90689230556944,0,0
237,0.2,0.01386138613861386,0.05079507064705211,0.00012391038159364294,3.90689230556944,0,0
238,0.2,0.01386138613861386,0.05079507064705211,0.00012391038159364294,3.90689230556944,0,0
239,0.4,0.06930693069306931,0.12084076279122662,0.0031038676436218036,2.508096806379782,0,0
240,0.2,0.05544554455445545,0.1019369320889802,0.07808409030039497,1.1074374449781044,0,0
241,0.2,0.05544554455445545,0.1019369320889802,0.07808409030039497,1.1074374449781044,0,0
242,0.2,0.05544554455445545,0.1019369320889802,0.07808409030039497,1.1074374449781044,0,0
243,0.2,0.05544554455445545,0.1019369320889802,0.07808409030039497,1.1074374449781044,0,0
244,0.0,0.0,0.0,1.0,-0.0,0,0
245,0.0,0.0,0.0,1.0,-0.0,0,0
246,0.0,0.0,0.0,1.0,-0.0,0,0
247,0.2,0.0019801980198019802,0.0198019801980198,1.0000007619853025e-17,16.999999669074114,0,0
248,0.2,0.0019801980198019802,0.0198019801980198,1.0000007619853025e-17,16.999999669074114,0,0
249,0.2,0.015841584158415842,0.05401260078014202,0.00032535620257014524,3.4876409094885674,0,0
250,0.2,0.015841584158415842,0.05401260078014202,0.00032535620257014524,3.4876409094885674,0,0
251,0.2,0.015841584158415842,0.05401260078014202,0.00032535620257014524,3.4876409094885674,0,0
252,0.6,0.14653465346534655,0.19476533553959288,0.00994901384970305,2.0022199645665575,0,0
253,0.6,0.16831683168316827,0.20046020966089131,0.015641247724744012,1.8057286056011443,0,0
254,0.8,0.19999999999999998,0.19900743804199783,0.0012850543613824252,2.8910785000766177,0,0
255,0.8,0.19999999999999998,0.19900743804199783,0.0012850543613824252,2.8910785000766177,0,0
256,0.8,0.19999999999999998,0.19900743804199783,0.0012850543613824252,2.8910785000766177,0,0
257,0.4,0.10495049504950495,0.13377699607171908,0.013708376899074306,1.8630139635551268,0,0
258,0.8,0.1801980198019802,0.17689276383467162,0.00022930995197537114,3.6395770966255006,0,0
259,1.0,0.21584158415841584,0.1881292336873445,1.5351389128890415e-05,4.813852319619016,0,0
260,1.0,0.22574257425742575,0.1943017278738389,3.3765637584221414e-05,4.471525045242043,0,0
261,1.0,0.22970297029702974,0.1957693907320881,4.164749795166662e-05,4.380411084495477,0,0
262,1.0,0.19603960396039602,0.1866435115714563,8.256810290507631e-06,5.083187693693078,0,0
263,0.6,0.10099009900990098,0.12145573247679727,1.990545649550039e-05,4.701027858210327,0,0
264,0.2,0.019801980198019802,0.059735061897023205,0.001278047474114718,2.8934530136556162,0,0
265,0.6,0.17227722772277226,0.2010461805385672,0.01668989513929449,1.7775463919348238,0,0
266,0.6,0.17227722772277226,0.20687146814606538,0.019339889520424553,1.7135460111634113,0,0
267,1.2,0.2633663366336633,0.2531867280542512,0.00010806382777663071,3.9663196531874734,0,0
268,1.2,0.2633663366336633,0.2531867280542512,0.00010806382777663071,3.9663196531874734,0,0
269,1.4,0.3168316831683169,0.2644139070542652,2.0973288605750752e-05,4.678333466942746,0,0
270,1.0,0.15643564356435644,0.17711429524750805,9.545079229348235e-07,6.020220462374983,0,0
271,1.0,0.19999999999999998,0.2048906977385796,4.720612762054526e-05,4.326001623843376,0,0
272,0.2,0.14059405940594058,0.14770737583343774,0.34377331843294273,0.4637278336030419,0,0
273,0.2,0.1584158415841584,0.15749733722889644,0.39587806720805707,0.40243855875391565,0,0
274,0.0,0.10297029702970295,0.14243667729389659,1.0,-0.0,0,0
275,0.0,0.10297029702970295,0.14243667729389659,1.0,-0.0,0,0
276,0.0,0.05544554455445545,0.1164450726969438,1.0,-0.0,0,0
277,0.0,0.017821782178217824,0.05698017651460656,1.0,-0.0,0,0
278,0.0,0.0,0.0,1.0,-0.0,0,0
279,0.0,0.0,0.0,1.0,-0.0,0,0
280,0.0,0.009900990099009901,0.04338396495090425,1.0,-0.0,0,0
281,0.0,0.011881188118811883,0.04727657974777555,1.0,-0.0,0,0
282,0.0,0.011881188118811883,0.04727657974777555,1.0,-0.0,0,0
283,0.0,0.011881188118811883,0.04727657974777555,1.0,-0.0,0,0
284,0.0,0.011881188118811883,0.04727657974777555,1.0,-0.0,0,0
285,0.2,0.021782178217821784,0.06836703565002801,0.0045699030283054085,2.3400930154046975,0,0
286,0.2,0.08316831683168317,0.12028786177019754,0.16570755996746267,0.7806576775960137,0,0
287,0.2,0.09306930693069307,0.12448501897427099,0.1951745530929055,0.7095768064016366,0,0
288,0.4,0.13663366336633662,0.15903344954662385,0.04885648824850174,1.3110777528580528,0,0
289,0.4,0.1782178217821782,0.18433931283543808,0.1144650860285605,0.9413269609869053,0,0
290,0.2,0.1801980198019802,0.18348647776016433,0.45702931768457766,0.3400559397545684,0,0
291,0.4,0.14257425742574256,0.15754712301715712,0.05113359463608718,1.2912936757705697,0,0
292,0.6,0.16435643564356434,0.16264165701687977,0.0036971012851545353,2.4321386514065604,0,0
293,0.8,0.15445544554455443,0.16381875548472422,4.063865041514004e-05,4.391060723140223,0,0
294,0.8,0.13069306930693067,0.152693684345798,5.84392136558777e-06,5.233295636461403,0,0
295,0.8,0.1069306930693069,0.13368903310588712,1.0847801892545105e-07,6.964658254686461,0,0
296,0.6,0.08910891089108909,0.12097048989545554,1.2039132539669062e-05,4.919404804341244,0,0
297,0.4,0.057425742574257435,0.10277971700879983,0.00042943261266422447,3.3671049767551833,0,0
298,0.0,0.025742574257425748,0.06697637435757531,1.0,-0.0,0,0
299,0.0,0.01782178217821782,0.06355170905299491,1.0,-0.0,0,0
300,0.0,0.01782178217821782,0.06355170905299491,1.0,-0.0,0,0
301,0.2,0.03564356435643565,0.08626938974571076,0.028380055950301422,1.5469867526811094,0,0
302,0.2,0.03564356435643565,0.08626938974571076,0.028380055950301422,1.5469867526811094,0,0
303,0.2,0.03564356435643565,0.08626938974571076,0.028380055950301422,1.5469867526811094,0,0
304,0.2,0.025742574257425748,0.07791016068477624,0.012654752832206337,1.897746332896654,0,0
305,0.2,0.025742574257425748,0.07791016068477624,0.012654752832206337,1.897746332896654,0,0
306,0.0,0.0,0.0,1.0,-0.0,0,0
307,0.0,0.033663366336633666,0.07994704648786674,1.0,-0.0,0,0
308,0.0,0.033663366336633666,0.07994704648786674,1.0,-0.0,0,0
309,0.0,0.039603960396039604,0.08452453849668534,1.0,-0.0,0,0
310,0.0,0.07326732673267328,0.12177815335858849,1.0,-0.0,0,0
311,0.0,0.07326732673267328,0.12177815335858849,1.0,-0.0,0,0
312,0.0,0.039603960396039604,0.09342674148186497,1.0,-0.0,0,0
313,0.0,0.04752475247524753,0.10205226714237721,1.0,-0.0,0,0
314,0.0,0.041584158415841586,0.09039772047931348,1.0,-0.0,0,0
315,0.0,0.007920792079207921,0.03900537743285587,1.0,-0.0,0,0
316,0.0,0.007920792079207921,0.03900537743285587,1.0,-0.0,0,0
317,0.0,0.007920792079207921,0.03900537743285587,1.0,-0.0,0,0
318,0.0,0.0,0.0,1.0,-0.0,0,0
319,0.0,0.013861386138613863,0.05079507064705211,1.0,-0.0,0,0
320,0.2,0.0712871287128713,0.10747934055534188,0.11554433714027447,0.9372513345552421,0,0
321,0.2,0.0712871287128713,0.10747934055534188,0.11554433714027447,0.9372513345552421,0,0
322,0.4,0.09504950495049502,0.1337769960717191,0.011317385673310367,1.9462538839942942,0,0
323,0.4,0.09504950495049502,0.1337769960717191,0.011317385673310367,1.9462538839942942,0,0
324,0.4,0.08118811881188118,0.12951766673875514,0.006917252800710744,2.1600663521299848,0,0
325,0.2,0.033663366336633666,0.07994704648786674,0.018735949469970602,1.7273242935431963,0,0
326,0.2,0.033663366336633666,0.07994704648786674,0.018735949469970602,1.7273242935431963,0,0
327,0.0,0.009900990099009901,0.05171312814732909,1.0,-0.0,0,0
328,0.0,0.009900990099009901,0.05171312814732909,1.0,-0.0,0,0
329,0.0,0.021782178217821784,0.06836703565002801,1.0,-0.0,0,0
330,0.0,0.023762376237623766,0.06471340450838889,1.0,-0.0,0,0
331,0.0,0.03762376237623763,0.08307396817189318,1.0,-0.0,0,0
332,0.0,0.03762376237623763,0.08307396817189318,1.0,-0.0,0,0
333,0.0,0.03960396039603961,0.09342674148186494,1.0,-0.0,0,0
334,0.0,0.039603960396039604,0.08452453849668534,1.0,-0.0,0,0
335,0.0,0.03168316831683169,0.07826167463512676,1.0,-0.0,0,0
336,0.0,0.017821782178217824,0.05698017651460656,1.0,-0.0,0,0
337,0.0,0.017821782178217824,0.05698017651460656,1.0,-0.0,0,0
338,0.0,0.015841584158415842,0.05401260078014202,1.0,-0.0,0,0
339,0.2,0.1584158415841584,0.1787012146166888,0.4079963463878646,0.3893437260049584,0,0
340,0.2,0.16237623762376235,0.17511042352027043,0.41493926719196533,0.38201546438084427,0,0
341,0.4,0.28118811881188116,0.23408252386209705,0.3058795428108302,0.5144495676098306,0,0
342,0.4,0.28118811881188116,0.23408252386209705,0.3058795428108302,0.5144495676098306,0,0
343,0.4,0.28118811881188116,0.23408252386209705,0.3058795428108302,0.5144495676098306,0,0
344,0.2,0.15247524752475247,0.1715359035858037,0.39086922215113845,0.40796852546483753,0,0
345,0.2,0.18217821782178217,0.18900261384538627,0.4624378716488634,0.3349466063033224,0,0
346,0.2,0.08118811881188118,0.13549532985786936,0.19027844328163318,0.7206104103158428,0,0
347,0.2,0.08118811881188118,0.13549532985786936,0.19027844328163318,0.7206104103158428,0,0
348,0.2,0.10693069306930691,0.15811853289249214,0.27806325009730914,0.5558564053630555,0,0
349,0.4,0.12277227722772276,0.14884451859775158,0.03126404885921342,1.5049547792487379,0,0
350,0.6,0.1485148514851485,0.16326729671147555,0.0028434115926369154,2.546160270287434,0,0
351,0.4,0.13465346534653466,0.14921288105967928,0.03767660056897986,1.4239282890196818,0,0
352,0.4,0.13465346534653466,0.14921288105967928,0.03767660056897986,1.4239282890196818,0,0
353,0.4,0.10693069306930691,0.13661931335176508,0.015970314734999692,1.7966865249180772,0,0
354,0.2,0.06732673267326734,0.10255055347504202,0.09787844017657184,1.0093129603266378,0,0
355,0.2,0.047524752475247525,0.09397077637785882,0.05233944412570536,1.281170894122977,0,0
356,0.2,0.041584158415841586,0.08590499787518362,0.03258561123651815,1.4869741281544258,0,0
357,0.2,0.041584158415841586,0.08590499787518362,0.03258561123651815,1.4869741281544258,0,0
358,0.2,0.041584158415841586,0.08590499787518362,0.03258561123651815,1.4869741281544258,0,0
359,0.4,0.08316831683168316,0.12978985828256584,0.007321040435860052,2.1354271944274883,0,0
360,0.2,0.041584158415841586,0.09877199139279148,0.05437313246532605,1.2646156463395057,0,0
361,0.2,0.041584158415841586,0.09877199139279148,0.05437313246532605,1.2646156463395057,0,0
362,0.2,0.041584158415841586,0.09877199139279148,0.05437313246532605,1.2646156463395057,0,0
363,0.2,0.041584158415841586,0.09877199139279148,0.05437313246532605,1.2646156463395057,0,0
364,0.0,0.0,0.0,1.0,-0.0,0,0
365,0.0,0.0,0.0,1.0,-0.0,0,0
366,0.0,0.0,0.0,1.0,-0.0,0,0
367,0.0,0.0,0.0,1.0,-0.0,0,0
368,0.0,0.0,0.0,1.0,-0.0,0,0
369,0.0,0.0,0.0,1.0,-0.0,0,0
370,0.2,0.023762376237623766,0.06471340450838889,0.0032311212459077425,2.490646745033819,0,0
371,0.6,0.10495049504950493,0.13078304733432372,7.677004369830197e-05,4.114808212188176,0,0
372,0.6,0.11485148514851483,0.13598641357140115,0.00018011584290085795,3.7444480851715323,0,0
373,0.6,0.1762376237623762,0.16479721403218364,0.005064162859124187,2.29549233622892,0,0
374,0.6,0.1762376237623762,0.16479721403218364,0.005064162859124187,2.29549233622892,0,0
375,0.4,0.1762376237623762,0.1695354835089425,0.09344159835667339,1.0294597413837905,0,0
376,0.0,0.09306930693069307,0.13368903310588715,1.0,-0.0,0,0
377,0.6,0.19603960396039602,0.20485241829915377,0.024307192023088398,1.6142652081378752,0,0
378,0.6,0.16237623762376235,0.183934709223495,0.008674323336746408,2.061764393491433,0,0
379,0.6,0.23762376237623759,0.24810229651165946,0.07206371701160155,1.1422833409368034,0,0
380,0.6,0.21386138613861388,0.22908760180561694,0.04594125051505151,1.3377971875390142,0,0
381,0.6,0.21386138613861388,0.22908760180561694,0.04594125051505151,1.3377971875390142,0,0
382,0.0,0.1207920792079208,0.15940286572275733,1.0,-0.0,0,0
383,0.0,0.12475247524752475,0.15376846462033406,1.0,-0.0,0,0
384,0.0,0.051485148514851496,0.09186070102766894,1.0,-0.0,0,0
385,0.0,0.0712871287128713,0.11461224656227947,1.0,-0.0,0,0
386,0.0,0.07920792079207921,0.13520562388207177,1.0,-0.0,0,0
387,0.0,0.07920792079207921,0.1261123431927973,1.0,-0.0,0,0
388,0.0,0.057425742574257435,0.11021718851545144,1.0,-0.0,0,0
389,0.4,0.10495049504950495,0.1556692594616519,0.029022269678067855,1.5372686266978683,0,0
390,0.4,0.08514851485148517,0.13886822488939993,0.01168692894045996,1.9322995965742877,0,0
391,0.4,0.07722772277227723,0.12888031758632065,0.006132370515258439,2.212371613134205,0,0
392,0.4,0.06336633663366337,0.11233152161332938,0.001364205599377552,2.86512017224089,0,0
393,0.4,0.05544554455445544,0.10575073206193021,0.0005606549752454359,3.2513043195704925,0,0
394,0.0,0.0059405940594059415,0.03395332316729158,1.0,-0.0,0,0
395,0.0,0.0059405940594059415,0.03395332316729158,1.0,-0.0,0,0
396,0.0,0.007920792079207921,0.03900537743285587,1.0,-0.0,0,0
397,0.0,0.0019801980198019802,0.0198019801980198,1.0,-0.0,0,0
398,0.0,0.0019801980198019802,0.0198019801980198,1.0,-0.0,0,0
399,0.0,0.0019801980198019802,0.0198019801980198,1.0,-0.0,0,0
400,0.0,0.0019801980198019802,0.0198019801980198,1.0,-0.0,0,0
401,0.0,0.0,0.0,1.0,-0.0,0,0
402,0.0,0.0,0.0,1.0,-0.0,0,0
403,0.0,0.0,0.0,1.0,-0.0,0,0
404,0.0,0.0,0.0,1.0,-0.0,0,0
405,0.0,0.0,0.0,1.0,-0.0,0,0
406,0.0,0.0,0.0,1.0,-0.0,0,0
407,0.0,0.011881188118811881,0.047276579747775535,1.0,-0.0,0,0
408,0.0,0.011881188118811881,0.047276579747775535,1.0,-0.0,0,0
409,0.0,0.011881188118811881,0.047276579747775535,1.0,-0.0,0,0
410,0.0,0.011881188118811881,0.047276579747775535,1.0,-0.0,0,0
411,0.0,0.011881188118811881,0.047276579747775535,1.0,-0.0,0,0
412,0.0,0.0,0.0,1.0,-0.0,0,0
413,0.0,0.0,0.0,1.0,-0.0,0,0
414,0.0,0.0,0.0,1.0,-0.0,0,0
415,0.0,0.0,0.0,1.0,-0.0,0,0
416,0.0,0.0297029702970297,0.07112192077650681,1.0,-0.0,0,0
417,0.0,0.0297029702970297,0.07112192077650681,1.0,-0.0,0,0
418,0.0,0.07722772277227724,0.1124710639300034,1.0,-0.0,0,0
419,0.0,0.07722772277227724,0.1124710639300034,1.0,-0.0,0,0
420,0.0,0.07722772277227724,0.1124710639300034,1.0,-0.0,0,0
421,0.0,0.04752475247524753,0.08965727859541997,1.0,-0.0,0,0
422,0.0,0.10891089108910892,0.13937555924568534,1.0,-0.0,0,0
423,0.0,0.06930693069306931,0.11751770396006173,1.0,-0.0,0,0
424,0.0,0.06930693069306931,0.11751770396006173,1.0,-0.0,0,0
425,0.2,0.07722772277227724,0.1257698574906964,0.16449106805243702,0.783857679482127,0,0
426,0.2,0.12871287128712872,0.16550949460567813,0.3333384496102347,0.47711458885834046,0,0
427,0.2,0.06732673267326733,0.1135467024699521,0.12131331785204298,0.9160915193958917,0,0
428,0.2,0.09504950495049505,0.13957235791450376,0.22604258799392601,0.6458097290460244,0,0
429,0.2,0.12673267326732673,0.1609938742509136,0.3245208507080678,0.48875739422094644,0,0
430,0.0,0.13267326732673265,0.16951235294283326,1.0,-0.0,0,0
431,0.0,0.11287128712871286,0.13324834725751067,1.0,-0.0,0,0
432,0.0,0.14257425742574256,0.15754712301715712,1.0,-0.0,0,0
433,0.0,0.11485148514851484,0.14169143619800648,1.0,-0.0,0,0
434,0.0,0.10495049504950496,0.13377699607171914,1.0,-0.0,0,0
435,0.0,0.22178217821782176,0.21229717654159364,1.0,-0.0,0,0
436,0.0,0.1900990099009901,0.20753382188631928,1.0,-0.0,0,0
437,0.0,0.19999999999999998,0.2068145962637134,1.0,-0.0,0,0
438,0.0,0.1900990099009901,0.20943344153850715,1.0,-0.0,0,0
439,0.0,0.19207920792079206,0.20473753703861913,1.0,-0.0,0,0
440,0.0,0.11683168316831682,0.1357555366416048,1.0,-0.0,0,0
441,0.0,0.11683168316831682,0.1357555366416048,1.0,-0.0,0,0
442,0.0,0.07920792079207921,0.11631029826208643,1.0,-0.0,0,0
443,0.0,0.07920792079207921,0.11631029826208643,1.0,-0.0,0,0
444,0.0,0.05544554455445544,0.09384550979067553,1.0,-0.0,0,0
445,0.0,0.0,0.0,1.0,-0.0,0,0
446,0.0,0.0,0.0,1.0,-0.0,0,0
447,0.0,0.0910891089108911,0.13357165904190144,1.0,-0.0,0,0
448,0.0,0.0910891089108911,0.13357165904190144,1.0,-0.0,0,0
449,0.0,0.0910891089108911,0.13357165904190144,1.0,-0.0,0,0
450,0.0,0.10099009900990098,0.13679141417164786,1.0,-0.0,0,0
451,0.0,0.13465346534653463,0.15184387732816487,1.0,-0.0,0,0
452,0.0,0.16831683168316827,0.18611754673281872,1.0,-0.0,0,0
453,0.0,0.16831683168316827,0.18611754673281872,1.0,-0.0,0,0
454,0.0,0.16831683168316827,0.18611754673281872,1.0,-0.0,0,0
455,0.0,0.1584158415841584,0.1873564542180574,1.0,-0.0,0,0
456,0.0,0.12475247524752477,0.16374693140141008,1.0,-0.0,0,0
457,0.0,0.0,0.0,1.0,-0.0,0,0
458,0.0,0.08118811881188118,0.11664694237642095,1.0,-0.0,0,0
459,0.0,0.15148514851485148,0.18272625274656001,1.0,-0.0,0,0
460,0.0,0.15148514851485148,0.18272625274656001,1.0,-0.0,0,0
461,0.0,0.15148514851485148,0.18272625274656001,1.0,-0.0,0,0
462,0.0,0.15148514851485148,0.18272625274656001,1.0,-0.0,0,0
463,0.0,0.06930693069306931,0.11409790329416186,1.0,-0.0,0,0
464,0.0,0.04950495049504951,0.08631483056516186,1.0,-0.0,0,0
465,0.0,0.08910891089108909,0.11765109526742927,1.0,-0.0,0,0
466,0.0,0.08910891089108909,0.11765109526742927,1.0,-0.0,0,0
467,0.0,0.10297029702970295,0.12464241569787099,1.0,-0.0,0,0
468,0.0,0.1762376237623762,0.16953548350894254,1.0,-0.0,0,0
469,0.0,0.12475247524752472,0.14583724862987693,1.0,-0.0,0,0
470,0.0,0.19207920792079206,0.16631305820670148,1.0,-0.0,0,0
471,0.0,0.19207920792079206,0.16631305820670148,1.0,-0.0,0,0
472,0.0,0.1782178217821782,0.15389591467505304,1.0,-0.0,0,0
473,0.0,0.10495049504950495,0.13377699607171908,1.0,-0.0,0,0
474,0.0,0.10495049504950495,0.13377699607171908,1.0,-0.0,0,0
475,0.0,0.029702970297029712,0.08150144802873932,1.0,-0.0,0,0
476,0.0,0.029702970297029712,0.08150144802873932,1.0,-0.0,0,0
477,0.0,0.029702970297029712,0.08150144802873932,1.0,-0.0,0,0
478,0.0,0.029702970297029712,0.08150144802873932,1.0,-0.0,0,0
479,0.0,0.029702970297029712,0.08150144802873932,1.0,-0.0,0,0
480,0.0,0.24752475247524752,0.20709879949833507,1.0,-0.0,0,0
481,0.0,0.24752475247524752,0.20709879949833507,1.0,-0.0,0,0
482,0.0,0.2693069306930693,0.21514101949371994,1.0,-0.0,0,0
483,0.0,0.2851485148514851,0.22222374712195594,1.0,-0.0,0,0
484,0.0,0.4138613861386139,0.2673780662117742,1.0,-0.0,0,0
485,0.0,0.20792079207920788,0.17330975435280052,1.0,-0.0,0,0
486,0.0,0.20792079207920788,0.17330975435280052,1.0,-0.0,0,0
487,0.0,0.1861386138613861,0.15734788534906086,1.0,-0.0,0,0
488,0.0,0.17029702970297025,0.15513938444198727,1.0,-0.0,0,0
489,0.0,0.17029702970297025,0.18322985319016175,1.0,-0.0,0,0
490,0.0,0.2792079207920792,0.22529049747846167,1.0,-0.0,0,0
491,0.0,0.3584158415841585,0.24906451775889302,1.0,-0.0,0,0
492,0.0,0.3584158415841585,0.24906451775889302,1.0,-0.0,0,0
493,0.0,0.4554455445544555,0.30196558964828124,1.0,-0.0,0,0
494,0.0,0.3267326732673268,0.2512901715519256,1.0,-0.0,0,0
495,0.0,0.22772277227722773,0.20494810349204928,1.0,-0.0,0,0
496,0.0,0.1495049504950495,0.18754472067408437,1.0,-0.0,0,0
497,0.0,0.15841584158415842,0.18945849187904937,1.0,-0.0,0,0
498,0.0,0.12079207920792076,0.1568986755607153,1.0,-0.0,0,0
499,0.0,0.2217821782178218,0.19881030333482982,1.0,-0.0,0,0
500,0.0,0.17029702970297028,0.172083651345746,1.0,-0.0,0,0
501,0.0,0.17029702970297028,0.172083651345746,1.0,-0.0,0,0
502,0.0,0.16237623762376235,0.17052712983454243,1.0,-0.0,0,0
503,0.0,0.09900990099009899,0.12781100644043505,1.0,-0.0,0,0
