,foreground,bg_means,bg_stdev,pvals,minus_logs,regs,active
2,0.0,0.013861386138613863,0.05079507064705211,1.0,-0.0,0,0
3,0.0,0.013861386138613863,0.05079507064705211,1.0,-0.0,0,0
4,0.0,0.013861386138613863,0.05079507064705211,1.0,-0.0,0,0
5,0.0,0.07722772277227724,0.1257698574906964,1.0,-0.0,0,0
6,0.0,0.0712871287128713,0.11801714396634724,1.0,-0.0,0,0
7,0.2,0.14455445544554454,0.15699861103298854,0.36198444951918846,0.4413100859117701,0,0
8,0.2,0.15247524752475242,0.1644637607354148,0.3863029596859727,0.41307196446620187,0,0
9,0.2,0.15247524752475242,0.1644637607354148,0.3863029596859727,0.41307196446620187,0,0
10,0.2,0.08712871287128712,0.127165103825761,0.18737894802554306,0.7272792035758483,0,0
11,0.2,0.12475247524752475,0.14852805221860732,0.30621016232029796,0.5139804002922561,0,0
12,0.0,0.04554455445544555,0.09700949476369022,1.0,-0.0,0,0
13,0.0,0.05148514851485149,0.096075322540263,1.0,-0.0,0,0
14,0.0,0.05148514851485149,0.096075322540263,1.0,-0.0,0,0
15,0.0,0.05148514851485149,0.096075322540263,1.0,-0.0,0,0
16,0.0,0.013861386138613863,0.05079507064705211,1.0,-0.0,0,0
17,0.0,0.061386138613861385,0.10046456153636296,1.0,-0.0,0,0
18,0.0,0.08514851485148514,0.12694907267187808,1.0,-0.0,0,0
19,0.0,0.08514851485148514,0.12694907267187808,1.0,-0.0,0,0
20,0.0,0.08514851485148514,0.12694907267187808,1.0,-0.0,0,0
21,0.0,0.08514851485148514,0.12694907267187808,1.0,-0.0,0,0
22,0.0,0.08316831683168316,0.12978985828256587,1.0,-0.0,0,0
23,0.0,0.04554455445544555,0.08846854615322249,1.0,-0.0,0,0
24,0.0,0.04554455445544555,0.08846854615322249,1.0,-0.0,0,0
25,0.0,0.04554455445544555,0.08846854615322249,1.0,-0.0,0,0
26,0.0,0.06732673267326733,0.102550553475042,1.0,-0.0,0,0
27,0.0,0.04356435643564357,0.08721867542790196,1.0,-0.0,0,0
28,0.0,0.13267326732673265,0.14698885988036148,1.0,-0.0,0,0
29,0.0,0.13267326732673265,0.14698885988036148,1.0,-0.0,0,0
30,0.0,0.13267326732673265,0.14698885988036148,1.0,-0.0,0,0
31,0.0,0.21188118811881188,0.19051110448801098,1.0,-0.0,0,0
32,0.0,0.19009900990099005,0.18535753542711383,1.0,-0.0,0,0
33,0.0,0.10099009900990098,0.13386490123687583,1.0,-0.0,0,0
34,0.0,0.10099009900990098,0.13386490123687583,1.0,-0.0,0,0
35,0.0,0.10099009900990098,0.13386490123687583,1.0,-0.0,0,0
36,0.0,0.0,0.0,1.0,-0.0,0,0
37,0.0,0.0,0.0,1.0,-0.0,0,0
38,0.0,0.011881188118811883,0.047276579747775535,1.0,-0.0,0,0
39,0.0,0.033663366336633666,0.07482947971362847,1.0,-0.0,0,0
40,0.0,0.033663366336633666,0.07482947971362847,1.0,-0.0,0,0
41,0.0,0.039603960396039604,0.08452453849668534,1.0,-0.0,0,0
42,0.0,0.039603960396039604,0.08452453849668534,1.0,-0.0,0,0
43,0.0,0.033663366336633666,0.07994704648786674,1.0,-0.0,0,0
44,0.0,0.021782178217821784,0.06230547612891991,1.0,-0.0,0,0
45,0.0,0.021782178217821784,0.06230547612891991,1.0,-0.0,0,0
46,0.0,0.015841584158415842,0.05401260078014202,1.0,-0.0,0,0
47,0.0,0.015841584158415842,0.05401260078014202,1.0,-0.0,0,0
48,0.0,0.033663366336633666,0.07994704648786674,1.0,-0.0,0,0
49,0.0,0.023762376237623766,0.06471340450838889,1.0,-0.0,0,0
50,0.0,0.023762376237623766,0.06471340450838889,1.0,-0.0,0,0
51,0.0,0.023762376237623766,0.06471340450838889,1.0,-0.0,0,0
52,0.0,0.023762376237623766,0.06471340450838889,1.0,-0.0,0,0
53,0.0,0.0,0.0,1.0,-0.0,0,0
54,0.0,0.0,0.0,1.0,-0.0,0,0
55,0.0,0.0,0.0,1.0,-0.0,0,0
56,0.0,0.0,0.0,1.0,-0.0,0,13
57,0.0,0.041584158415841586,0.09039772047931348,1.0,-0.0,0,0
58,0.0,0.041584158415841586,0.09039772047931348,1.0,-0.0,0,0
59,0.0,0.041584158415841586,0.09039772047931348,1.0,-0.0,0,0
60,0.0,0.041584158415841586,0.09039772047931348,1.0,-0.0,0,0
61,0.0,0.05346534653465347,0.09704990696905226,1.0,-0.0,0,0
62,0.0,0.023762376237623766,0.06471340450838887,1.0,-0.0,0,0
63,0.0,0.09504950495049502,0.13377699607171908,1.0,-0.0,0,0
64,0.0,0.16237623762376235,0.17283397009132112,1.0,-0.0,0,0
65,0.0,0.17821782178217818,0.1821782178217822,1.0,-0.0,0,0
66,0.0,0.16633663366336632,0.18254375725135072,1.0,-0.0,0,0
67,0.0,0.15445544554455443,0.17549068547409524,1.0,-0.0,0,0
68,0.0,0.0891089108910891,0.13636075485692528,1.0,-0.0,0,0
69,0.0,0.023762376237623766,0.06471340450838889,1.0,-0.0,0,0
70,0.0,0.007920792079207921,0.03900537743285587,1.0,-0.0,0,0
71,0.0,0.007920792079207921,0.03900537743285587,1.0,-0.0,0,0
72,0.2,0.009900990099009901,0.04338396495090425,5.885669548817499e-06,5.230204125035218,0,0
73,0.2,0.0019801980198019802,0.0198019801980198,1.0000007619853025e-17,16.999999669074114,0,0
74,0.2,0.0019801980198019802,0.0198019801980198,1.0000007619853025e-17,16.999999669074114,0,0
75,0.2,0.0019801980198019802,0.0198019801980198,1.0000007619853025e-17,16.999999669074114,0,0
76,0.2,0.0019801980198019802,0.0198019801980198,1.0000007619853025e-17,16.999999669074114,0,0
77,0.0,0.015841584158415842,0.05401260078014201,1.0,-0.0,0,0
78,0.2,0.041584158415841586,0.08116396646304633,0.025480968483881664,1.5937840693032386,0,0
79,0.2,0.06732673267326733,0.09861306612268303,0.0892492780205021,1.049395288414427,0,0
80,0.4,0.08514851485148514,0.11025275966000045,0.002146939051569098,2.668180284368099,0,0
81,0.4,0.08514851485148514,0.11025275966000045,0.002146939051569098,2.668180284368099,0,0
82,0.4,0.06930693069306931,0.10316052497133552,0.0006738676536446146,3.1714253897194147,0,0
83,0.2,0.04356435643564357,0.08721867542790195,0.036438310127516485,1.438441772185106,0,0
84,0.2,0.017821782178217824,0.05698017651460656,0.0006937928196726553,3.15877019915046,0,0
85,0.0,0.011881188118811881,0.047276579747775535,1.0,-0.0,0,0
86,0.0,0.011881188118811881,0.047276579747775535,1.0,-0.0,0,0
87,0.0,0.011881188118811881,0.047276579747775535,1.0,-0.0,0,0
88,0.0,0.011881188118811881,0.047276579747775535,1.0,-0.0,0,0
89,0.0,0.011881188118811881,0.047276579747775535,1.0,-0.0,0,0
90,0.0,0.0,0.0,1.0,-0.0,0,0
91,0.0,0.0,0.0,1.0,-0.0,0,0
92,0.0,0.015841584158415842,0.05401260078014202,1.0,-0.0,0,0
93,0.0,0.015841584158415842,0.05401260078014202,1.0,-0.0,0,0
94,0.0,0.015841584158415842,0.05401260078014202,1.0,-0.0,0,0
95,0.0,0.015841584158415842,0.05401260078014202,1.0,-0.0,0,0
96,0.0,0.033663366336633666,0.07994704648786674,1.0,-0.0,0,0
97,0.0,0.017821782178217824,0.056980176514606566,1.0,-0.0,0,0
98,0.2,0.023762376237623766,0.07056843438101176,0.006255383356131765,2.2037460697673734,0,0
99,0.2,0.023762376237623766,0.07056843438101176,0.006255383356131765,2.2037460697673734,0,0
100,0.2,0.023762376237623766,0.07056843438101176,0.006255383356131765,2.2037460697673734,0,0
101,0.2,0.013861386138613863,0.05807080514303042,0.0006744368600574647,3.1710587021998844,0,0
102,0.2,0.013861386138613863,0.05807080514303042,0.0006744368600574647,3.1710587021998844,0,0
103,0.0,0.06534653465346535,0.1129581045303102,1.0,-0.0,0,0
104,0.0,0.06534653465346535,0.1129581045303102,1.0,-0.0,0,0
105,0.0,0.06534653465346535,0.1129581045303102,1.0,-0.0,0,0
106,0.0,0.057425742574257435,0.10277971700879983,1.0,-0.0,0,0
107,0.0,0.057425742574257435,0.10277971700879983,1.0,-0.0,0,0
108,0.0,0.017821782178217824,0.05698017651460656,1.0,-0.0,0,0
109,0.0,0.017821782178217824,0.05698017651460656,1.0,-0.0,0,0
110,0.0,0.017821782178217824,0.05698017651460656,1.0,-0.0,0,0
111,0.0,0.025742574257425748,0.07791016068477624,1.0,-0.0,0,0
112,0.0,0.049504950495049514,0.1068206254198905,1.0,-0.0,0,0
113,0.0,0.031683168316831684,0.08316831683168317,1.0,-0.0,0,0
114,0.0,0.031683168316831684,0.08316831683168317,1.0,-0.0,0,0
115,0.0,0.031683168316831684,0.08316831683168317,1.0,-0.0,0,0
116,0.0,0.023762376237623766,0.07056843438101175,1.0,-0.0,0,0
117,0.0,0.0,0.0,1.0,-0.0,0,0
118,0.0,0.023762376237623766,0.06471340450838889,1.0,-0.0,0,0
119,0.0,0.05544554455445546,0.1019369320889802,1.0,-0.0,0,0
120,0.0,0.05544554455445546,0.1019369320889802,1.0,-0.0,0,0
121,0.0,0.06534653465346535,0.10571364605971598,1.0,-0.0,0,0
122,0.2,0.08316831683168316,0.12028786177019754,0.16570755996746261,0.7806576775960139,0,0
123,0.4,0.12277227722772276,0.14615954128511635,0.028930645492943205,1.53864187637981,0,0
124,0.4,0.09108910891089109,0.12113245340338318,0.0053831960242207355,2.268959805455098,0,0
125,0.4,0.09108910891089109,0.12113245340338318,0.0053831960242207355,2.268959805455098,0,0
126,0.4,0.08118811881188118,0.10964648079134362,0.0018208689931552154,2.739721299453008,0,0
127,0.2,0.06336633663366337,0.09721138779115705,0.07993165121597691,1.097281215347649,0,0
128,0.0,0.0,0.0,1.0,-0.0,0,0
129,0.0,0.0,0.0,1.0,-0.0,0,0
130,0.0,0.0,0.0,1.0,-0.0,0,0
131,0.0,0.0,0.0,1.0,-0.0,0,0
132,0.0,0.0,0.0,1.0,-0.0,0,0
133,0.0,0.0,0.0,1.0,-0.0,0,0
134,0.0,0.0,0.0,1.0,-0.0,0,0
135,0.0,0.0,0.0,1.0,-0.0,0,0
136,0.0,0.0,0.0,1.0,-0.0,0,0
137,0.0,0.0,0.0,1.0,-0.0,0,0
138,0.0,0.0,0.0,1.0,-0.0,0,0
139,0.2,0.025742574257425748,0.0669763743575753,0.0046371400013480064,2.3337497919853587,0,0
140,0.2,0.025742574257425748,0.0669763743575753,0.0046371400013480064,2.3337497919853587,0,0
141,0.2,0.033663366336633666,0.07994704648786674,0.018735949469970602,1.7273242935431963,0,0
142,0.2,0.0712871287128713,0.11110305060677654,0.12333004940280475,0.9089310945328979,0,0
143,0.2,0.07920792079207921,0.12293186689242579,0.16290372061051445,0.7880689965867439,0,0
144,0.0,0.05346534653465347,0.10489443673781407,1.0,-0.0,0,0
145,0.0,0.05346534653465347,0.10489443673781407,1.0,-0.0,0,0
146,0.0,0.04554455445544555,0.08846854615322249,1.0,-0.0,0,0
147,0.0,0.013861386138613863,0.05079507064705211,1.0,-0.0,0,0
148,0.0,0.0059405940594059415,0.033953323167291584,1.0,-0.0,0,0
149,0.0,0.0059405940594059415,0.033953323167291584,1.0,-0.0,0,0
150,0.0,0.0059405940594059415,0.033953323167291584,1.0,-0.0,0,0
151,0.0,0.025742574257425745,0.07264925278354115,1.0,-0.0,0,0
152,0.0,0.019801980198019802,0.0597350618970232,1.0,-0.0,0,0
153,0.0,0.031683168316831684,0.07826167463512676,1.0,-0.0,0,0
154,0.0,0.09504950495049502,0.1213588391765906,1.0,-0.0,0,0
155,0.0,0.1287128712871287,0.13954426081146826,1.0,-0.0,0,0
156,0.0,0.1287128712871287,0.1337476815110359,1.0,-0.0,0,0
157,0.0,0.15247524752475244,0.14931796056640678,1.0,-0.0,0,0
158,0.0,0.17227722772277226,0.15927982219556597,1.0,-0.0,0,0
159,0.0,0.10693069306930694,0.13948804962658476,1.0,-0.0,0,0
160,0.0,0.07524752475247526,0.1189108498693262,1.0,-0.0,0,0
161,0.0,0.05544554455445545,0.1019369320889802,1.0,-0.0,0,0
162,0.0,0.061386138613861385,0.09644194583672018,1.0,-0.0,0,0
163,0.0,0.031683168316831684,0.07826167463512676,1.0,-0.0,0,0
164,0.0,0.0613861386138614,0.11166631429601337,1.0,-0.0,0,0
165,0.0,0.0613861386138614,0.11166631429601337,1.0,-0.0,0,0
166,0.0,0.0613861386138614,0.11166631429601337,1.0,-0.0,0,0
167,0.0,0.03168316831683169,0.0730260947112308,1.0,-0.0,0,0
168,0.0,0.02970297029702971,0.07112192077650681,1.0,-0.0,0,0
169,0.0,0.007920792079207921,0.03900537743285587,1.0,-0.0,0,0
170,0.0,0.007920792079207921,0.03900537743285587,1.0,-0.0,0,0
171,0.0,0.007920792079207921,0.03900537743285587,1.0,-0.0,0,0
172,0.0,0.007920792079207921,0.03900537743285587,1.0,-0.0,0,0
173,0.0,0.007920792079207921,0.03900537743285587,1.0,-0.0,0,0
174,0.0,0.0,0.0,1.0,-0.0,0,0
175,0.0,0.0,0.0,1.0,-0.0,0,0
176,0.0,0.0,0.0,1.0,-0.0,0,0
177,0.0,0.0,0.0,1.0,-0.0,0,0
178,0.0,0.0,0.0,1.0,-0.0,0,0
179,0.0,0.0039603960396039604,0.02786385599895107,1.0,-0.0,0,0
180,0.0,0.009900990099009901,0.04338396495090424,1.0,-0.0,0,0
181,0.0,0.009900990099009901,0.04338396495090424,1.0,-0.0,0,0
182,0.0,0.015841584158415842,0.05401260078014202,1.0,-0.0,0,0
183,0.0,0.03168316831683169,0.0730260947112308,1.0,-0.0,0,0
184,0.0,0.02772277227722773,0.06910862719451545,1.0,-0.0,0,0
185,0.0,0.03762376237623763,0.07816140339006158,1.0,-0.0,0,0
186,0.2,0.04356435643564357,0.08255312311158745,0.029048226759887566,1.5368803738382273,0,0
187,0.2,0.03762376237623763,0.07816140339006158,0.01888012292982573,1.723995182306426,0,0
188,0.2,0.021782178217821784,0.06230547612891991,0.002115616449879084,2.6745630648030154,0,0
189,0.2,0.021782178217821784,0.06230547612891991,0.002115616449879084,2.6745630648030154,0,0
190,0.2,0.0059405940594059415,0.033953323167291584,5.469865928325272e-09,8.262023318511561,0,0
191,0.0,0.0,0.0,1.0,-0.0,0,0
192,0.0,0.0,0.0,1.0,-0.0,0,0
193,0.0,0.0,0.0,1.0,-0.0,0,0
194,0.0,0.0,0.0,1.0,-0.0,0,0
195,0.0,0.0,0.0,1.0,-0.0,0,0
196,0.0,0.0,0.0,1.0,-0.0,0,0
197,0.0,0.0,0.0,1.0,-0.0,0,0
198,0.0,0.0,0.0,1.0,-0.0,0,0
199,0.0,0.0,0.0,1.0,-0.0,0,0
200,0.0,0.011881188118811881,0.047276579747775535,1.0,-0.0,0,0
201,0.0,0.011881188118811881,0.047276579747775535,1.0,-0.0,0,0
202,0.0,0.05544554455445545,0.09797478714338996,1.0,-0.0,0,0
203,0.0,0.06732673267326733,0.102550553475042,1.0,-0.0,0,0
204,0.0,0.11089108910891086,0.13042276277287215,1.0,-0.0,0,0
205,0.2,0.16831683168316827,0.14276664687268067,0.41218700615958936,0.38490570310056116,0,0
206,0.2,0.19603960396039602,0.15915668354384258,0.4900738922440556,0.30973843308490856,0,0
207,0.2,0.15247524752475244,0.1466416521312762,0.37293582788472524,0.42836589203372033,0,0
208,0.2,0.14059405940594058,0.14770737583343774,0.34377331843294273,0.4637278336030419,0,0
209,0.2,0.09504950495049502,0.12457948087149173,0.19977140085777179,0.6994666849722295,0,0
210,0.0,0.02772277227722773,0.07461957893630405,1.0,-0.0,0,0
211,0.0,0.0,0.0,1.0,-0.0,0,0
212,0.0,0.0,0.0,1.0,-0.0,0,0
213,0.0,0.009900990099009901,0.04338396495090425,1.0,-0.0,0,0
214,0.0,0.009900990099009901,0.04338396495090425,1.0,-0.0,0,0
215,0.0,0.009900990099009901,0.04338396495090425,1.0,-0.0,0,0
216,0.0,0.009900990099009901,0.04338396495090425,1.0,-0.0,0,0
217,0.0,0.009900990099009901,0.04338396495090425,1.0,-0.0,0,0
218,0.2,0.0594059405940594,0.1144753143191654,0.1096933614963745,0.9598196545832709,0,0
219,0.2,0.08514851485148514,0.12054836637801526,0.17036041751406306,0.7686313042414473,0,0
220,0.2,0.09900990099009899,0.12467387119760154,0.20896026115900324,0.679936297622463,0,0
221,0.2,0.09900990099009899,0.12467387119760154,0.20896026115900324,0.679936297622463,0,0
222,0.2,0.09900990099009899,0.12467387119760154,0.20896026115900324,0.679936297622463,0,0
223,0.0,0.06336633663366338,0.10120342446875755,1.0,-0.0,0,0
224,0.0,0.04554455445544555,0.09283729243351321,1.0,-0.0,0,0
225,0.0,0.031683168316831684,0.07826167463512675,1.0,-0.0,0,0
226,0.0,0.031683168316831684,0.07826167463512675,1.0,-0.0,0,0
227,0.0,0.03762376237623763,0.08771182015980238,1.0,-0.0,0,0
228,0.0,0.013861386138613863,0.05079507064705211,1.0,-0.0,0,0
229,0.0,0.0059405940594059415,0.03395332316729157,1.0,-0.0,0,0
230,0.0,0.0059405940594059415,0.03395332316729157,1.0,-0.0,0,0
231,0.0,0.04554455445544555,0.09700949476369024,1.0,-0.0,0,0
232,0.0,0.039603960396039604,0.08908690597387718,1.0,-0.0,0,0
233,0.0,0.07920792079207921,0.12611234319279727,1.0,-0.0,0,0
234,0.0,0.07920792079207921,0.12611234319279727,1.0,-0.0,0,0
235,0.0,0.10693069306930694,0.14776046024695155,1.0,-0.0,0,0
236,0.0,0.06732673267326733,0.11698261772468857,1.0,-0.0,0,0
237,0.0,0.08910891089108909,0.13636075485692528,1.0,-0.0,0,0
238,0.0,0.057425742574257435,0.10656335878870264,1.0,-0.0,0,0
239,0.0,0.057425742574257435,0.10656335878870264,1.0,-0.0,0,0
240,0.0,0.0297029702970297,0.0815014480287393,1.0,-0.0,0,0
241,0.0,0.0297029702970297,0.0815014480287393,1.0,-0.0,0,0
242,0.0,0.007920792079207921,0.03900537743285587,1.0,-0.0,0,0
243,0.0,0.0,0.0,1.0,-0.0,0,0
244,0.0,0.0,0.0,1.0,-0.0,0,0
245,0.0,0.0,0.0,1.0,-0.0,0,0
246,0.0,0.0059405940594059415,0.03395332316729158,1.0,-0.0,0,0
247,0.0,0.0059405940594059415,0.03395332316729158,1.0,-0.0,0,0
248,0.0,0.0059405940594059415,0.03395332316729158,1.0,-0.0,0,0
249,0.0,0.0059405940594059415,0.03395332316729158,1.0,-0.0,0,0
250,0.0,0.0059405940594059415,0.03395332316729158,1.0,-0.0,0,0
251,0.0,0.0,0.0,1.0,-0.0,0,0
252,0.0,0.0,0.0,1.0,-0.0,0,0
253,0.0,0.007920792079207921,0.03900537743285587,1.0,-0.0,0,0
254,0.0,0.007920792079207921,0.03900537743285587,1.0,-0.0,0,0
255,0.0,0.007920792079207921,0.03900537743285587,1.0,-0.0,0,0
256,0.0,0.009900990099009901,0.04338396495090425,1.0,-0.0,0,0
257,0.0,0.009900990099009901,0.04338396495090425,1.0,-0.0,0,0
258,0.0,0.0019801980198019802,0.0198019801980198,1.0,-0.0,0,0
259,0.0,0.057425742574257435,0.0947602860515279,1.0,-0.0,0,0
260,0.0,0.06732673267326733,0.10634234916512914,1.0,-0.0,0,0
261,0.0,0.07326732673267328,0.11509022642946842,1.0,-0.0,0,0
262,0.0,0.07326732673267328,0.11509022642946842,1.0,-0.0,0,0
263,0.0,0.09504950495049505,0.1277189346265117,1.0,-0.0,0,0
264,0.0,0.039603960396039604,0.08452453849668534,1.0,-0.0,0,0
265,0.0,0.0297029702970297,0.07648795214189293,1.0,-0.0,0,0
266,0.0,0.10297029702970295,0.1367627457412436,1.0,-0.0,0,0
267,0.0,0.19207920792079206,0.17782134115361306,1.0,-0.0,0,0
268,0.0,0.1762376237623762,0.16718313599370643,1.0,-0.0,0,0
269,0.0,0.1762376237623762,0.16718313599370643,1.0,-0.0,0,0
270,0.0,0.1762376237623762,0.16718313599370643,1.0,-0.0,0,0
271,0.0,0.09306930693069307,0.13368903310588715,1.0,-0.0,0,0
272,0.0,0.047524752475247525,0.0939707763778588,1.0,-0.0,0,0
273,0.0,0.041584158415841586,0.09039772047931348,1.0,-0.0,0,0
274,0.0,0.05544554455445545,0.09797478714338996,1.0,-0.0,0,0
275,0.0,0.07920792079207921,0.11631029826208643,1.0,-0.0,0,0
276,0.0,0.07920792079207921,0.11631029826208643,1.0,-0.0,0,0
277,0.0,0.03762376237623762,0.08307396817189318,1.0,-0.0,0,0
278,0.0,0.03762376237623762,0.08307396817189318,1.0,-0.0,0,0
279,0.0,0.023762376237623766,0.07056843438101175,1.0,-0.0,0,0
280,0.0,0.0,0.0,1.0,-0.0,0,0
281,0.0,0.0,0.0,1.0,-0.0,0,0
282,0.2,0.009900990099009901,0.04338396495090424,5.885669548817485e-06,5.230204125035219,0,0
283,0.2,0.009900990099009901,0.04338396495090424,5.885669548817485e-06,5.230204125035219,0,0
284,0.2,0.023762376237623766,0.06471340450838889,0.0032311212459077425,2.490646745033819,0,0
285,0.2,0.03762376237623762,0.08771182015980238,0.03206701867154286,1.4939414153345645,0,0
286,0.2,0.04950495049504951,0.09912864166957489,0.06448460512601864,1.190543955238279,0,0
287,0.0,0.039603960396039604,0.08452453849668534,1.0,-0.0,0,0
288,0.0,0.039603960396039604,0.08452453849668534,1.0,-0.0,0,0
289,0.0,0.025742574257425748,0.06697637435757531,1.0,-0.0,0,0
290,0.0,0.011881188118811881,0.047276579747775535,1.0,-0.0,0,0
291,0.0,0.0,0.0,1.0,-0.0,0,0
292,0.0,0.0059405940594059415,0.03395332316729158,1.0,-0.0,0,0
293,0.0,0.015841584158415842,0.054012600780142014,1.0,-0.0,0,0
294,0.0,0.015841584158415842,0.054012600780142014,1.0,-0.0,0,0
295,0.0,0.015841584158415842,0.054012600780142014,1.0,-0.0,0,0
296,0.0,0.017821782178217824,0.0635517090529949,1.0,-0.0,0,0
297,0.0,0.019801980198019802,0.06603299802191315,1.0,-0.0,0,0
298,0.0,0.009900990099009901,0.04338396495090424,1.0,-0.0,0,0
299,0.0,0.019801980198019802,0.059735061897023205,1.0,-0.0,0,0
300,0.0,0.019801980198019802,0.059735061897023205,1.0,-0.0,0,0
301,0.0,0.017821782178217824,0.05698017651460656,1.0,-0.0,0,0
302,0.0,0.009900990099009901,0.04338396495090425,1.0,-0.0,0,0
303,0.0,0.009900990099009901,0.04338396495090425,1.0,-0.0,0,0
304,0.0,0.013861386138613863,0.05079507064705211,1.0,-0.0,0,0
305,0.0,0.013861386138613863,0.05079507064705211,1.0,-0.0,0,0
306,0.0,0.015841584158415842,0.05401260078014202,1.0,-0.0,0,0
307,0.0,0.027722772277227727,0.06910862719451544,1.0,-0.0,0,0
308,0.0,0.03564356435643565,0.08154954567118415,1.0,-0.0,0,0
309,0.0,0.0297029702970297,0.07112192077650681,1.0,-0.0,0,0
310,0.0,0.031683168316831684,0.07826167463512675,1.0,-0.0,0,0
311,0.0,0.0297029702970297,0.07648795214189293,1.0,-0.0,0,0
312,0.0,0.017821782178217824,0.0635517090529949,1.0,-0.0,0,0
313,0.0,0.009900990099009901,0.04338396495090424,1.0,-0.0,0,0
314,0.0,0.0019801980198019802,0.0198019801980198,1.0,-0.0,0,0
315,0.2,0.015841584158415842,0.05401260078014202,0.00032535620257014524,3.4876409094885674,0,0
316,0.2,0.015841584158415842,0.05401260078014202,0.00032535620257014524,3.4876409094885674,0,0
317,0.2,0.015841584158415842,0.05401260078014202,0.00032535620257014524,3.4876409094885674,0,0
318,0.4,0.041584158415841586,0.09039772047931348,3.671690339710168e-05,4.435133953131464,0,0
319,0.4,0.041584158415841586,0.09039772047931348,3.671690339710168e-05,4.435133953131464,0,0
320,0.2,0.03762376237623763,0.07816140339006158,0.01888012292982573,1.723995182306426,0,0
321,0.2,0.04950495049504951,0.09078727434730813,0.0486923704021295,1.312539082970909,0,0
322,0.4,0.08514851485148513,0.11025275966000045,0.002146939051569098,2.668180284368099,0,0
323,0.2,0.07920792079207921,0.11285391563386142,0.1422331097238646,0.8469992946288156,0,0
324,0.2,0.10495049504950493,0.1367053908443026,0.2434376750920733,0.6136122082817695,0,7
325,0.2,0.10891089108910891,0.1503125521928582,0.27225803422868594,0.565019295521861,0,0
326,0.2,0.11089108910891088,0.16762817770351135,0.29750613694416406,0.5265040712346022,0,0
327,0.0,0.0910891089108911,0.16536728392960764,1.0,-0.0,0,0
328,0.0,0.0712871287128713,0.13954426081146826,1.0,-0.0,0,0
329,0.0,0.04554455445544554,0.09283729243351323,1.0,-0.0,0,0
330,0.0,0.041584158415841586,0.08590499787518362,1.0,-0.0,0,0
331,0.0,0.027722772277227727,0.06910862719451544,1.0,-0.0,0,0
332,0.0,0.011881188118811883,0.047276579747775535,1.0,-0.0,0,0
333,0.0,0.05148514851485149,0.096075322540263,1.0,-0.0,0,0
334,0.0,0.05148514851485149,0.096075322540263,1.0,-0.0,0,0
335,0.0,0.039603960396039604,0.08908690597387718,1.0,-0.0,0,0
336,0.0,0.039603960396039604,0.08908690597387718,1.0,-0.0,0,0
337,0.0,0.039603960396039604,0.08908690597387718,1.0,-0.0,0,0
338,0.0,0.0,0.0,1.0,-0.0,0,0
339,0.0,0.0,0.0,1.0,-0.0,0,0
340,0.0,0.0,0.0,1.0,-0.0,0,0
341,0.0,0.017821782178217824,0.05698017651460656,1.0,-0.0,0,0
342,0.0,0.017821782178217824,0.05698017651460656,1.0,-0.0,0,0
343,0.0,0.06534653465346535,0.09793475658517417,1.0,-0.0,0,0
344,0.0,0.06534653465346535,0.09793475658517417,1.0,-0.0,0,0
345,0.0,0.08118811881188118,0.10597297552680914,1.0,-0.0,0,0
346,0.0,0.06336633663366337,0.09304823860966917,1.0,-0.0,0,0
347,0.0,0.06336633663366337,0.09304823860966917,1.0,-0.0,0,0
348,0.0,0.015841584158415842,0.054012600780142014,1.0,-0.0,0,0
349,0.0,0.015841584158415842,0.054012600780142014,1.0,-0.0,0,0
350,0.0,0.0,0.0,1.0,-0.0,0,0
351,0.0,0.0,0.0,1.0,-0.0,0,0
352,0.0,0.0,0.0,1.0,-0.0,0,0
353,0.0,0.0,0.0,1.0,-0.0,0,0
354,0.0,0.0,0.0,1.0,-0.0,0,0
355,0.0,0.0,0.0,1.0,-0.0,0,0
356,0.0,0.0,0.0,1.0,-0.0,0,0
357,0.0,0.0,0.0,1.0,-0.0,0,0
358,0.0,0.0,0.0,1.0,-0.0,0,0
359,0.0,0.0,0.0,1.0,-0.0,0,0
360,0.0,0.0,0.0,1.0,-0.0,0,0
361,0.0,0.0,0.0,1.0,-0.0,0,0
362,0.0,0.0,0.0,1.0,-0.0,0,0
363,0.0,0.0,0.0,1.0,-0.0,0,0
364,0.0,0.0,0.0,1.0,-0.0,0,0
365,0.0,0.0,0.0,1.0,-0.0,0,0
366,0.0,0.0,0.0,1.0,-0.0,0,0
367,0.0,0.0,0.0,1.0,-0.0,0,0
368,0.0,0.0,0.0,1.0,-0.0,0,0
369,0.0,0.0,0.0,1.0,-0.0,0,0
370,0.0,0.0,0.0,1.0,-0.0,0,0
371,0.0,0.025742574257425745,0.07264925278354115,1.0,-0.0,0,0
372,0.0,0.031683168316831684,0.07826167463512675,1.0,-0.0,0,0
373,0.0,0.031683168316831684,0.07826167463512675,1.0,-0.0,0,0
374,0.0,0.031683168316831684,0.07826167463512675,1.0,-0.0,0,0
375,0.0,0.031683168316831684,0.07826167463512675,1.0,-0.0,0,0
376,0.0,0.019801980198019802,0.0597350618970232,1.0,-0.0,0,0
377,0.0,0.02772277227722773,0.07461957893630405,1.0,-0.0,0,0
378,0.0,0.06534653465346535,0.10571364605971598,1.0,-0.0,0,0
379,0.0,0.09306930693069305,0.1306930693069307,1.0,-0.0,0,0
380,0.0,0.1277227722772277,0.1476675500000171,1.0,-0.0,0,0
381,0.0,0.11287128712871286,0.13324834725751067,1.0,-0.0,0,0
382,0.0,0.12871287128712872,0.15307840071356585,1.0,-0.0,0,0
383,0.0,0.09108910891089109,0.1243589581632284,1.0,-0.0,0,0
384,0.0,0.13069306930693067,0.1419402846531281,1.0,-0.0,0,0
385,0.0,0.09504950495049505,0.12457948087149176,1.0,-0.0,0,0
386,0.0,0.09702970297029703,0.12464241569787102,1.0,-0.0,0,0
387,0.0,0.06732673267326733,0.10255055347504201,1.0,-0.0,0,0
388,0.0,0.07326732673267328,0.10425700262248065,1.0,-0.0,0,0
389,0.0,0.007920792079207921,0.03900537743285587,1.0,-0.0,0,0
390,0.0,0.007920792079207921,0.03900537743285587,1.0,-0.0,0,0
391,0.0,0.0059405940594059415,0.03395332316729158,1.0,-0.0,0,0
392,0.0,0.0059405940594059415,0.03395332316729158,1.0,-0.0,0,0
393,0.0,0.05346534653465347,0.10104832334394513,1.0,-0.0,0,0
394,0.2,0.1900990099009901,0.18320845158368915,0.4784507662669939,0.3201627455332332,0,0
395,0.2,0.22772277227722773,0.19906654038593571,1.0,-0.0,0,0
396,0.2,0.22772277227722773,0.19906654038593571,1.0,-0.0,0,0
397,0.4,0.32871287128712867,0.22617641133029492,0.37631107273565,0.4244530026282005,0,0
398,0.4,0.27326732673267323,0.19442277558231408,0.25725197949107864,0.5896412747628281,0,0
399,0.2,0.17227722772277226,0.1846156359731749,0.44031729348685367,0.35623425726492464,0,0
400,0.4,0.27524752475247527,0.1946847874238488,0.2608288806903559,0.5836443223342009,0,0
401,0.4,0.27524752475247527,0.1946847874238488,0.2608288806903559,0.5836443223342009,0,0
402,0.2,0.17623762376237617,0.15230799622201516,0.43801048446569546,0.3585154938541172,0,0
403,0.2,0.17623762376237617,0.15230799622201516,0.43801048446569546,0.3585154938541172,0,0
404,0.2,0.14257425742574253,0.13883998529075728,0.33957951482085613,0.46905851650995145,0,0
405,0.0,0.0,0.0,1.0,-0.0,0,0
406,0.0,0.0,0.0,1.0,-0.0,0,0
407,0.0,0.0,0.0,1.0,-0.0,0,0
408,0.0,0.0,0.0,1.0,-0.0,0,0
409,0.0,0.0,0.0,1.0,-0.0,0,0
410,0.0,0.0,0.0,1.0,-0.0,0,0
411,0.0,0.0,0.0,1.0,-0.0,0,0
412,0.0,0.0,0.0,1.0,-0.0,0,0
413,0.0,0.0,0.0,1.0,-0.0,0,0
414,0.0,0.009900990099009901,0.04338396495090424,1.0,-0.0,0,0
415,0.0,0.03564356435643565,0.07653920035678292,1.0,-0.0,0,0
416,0.0,0.07524752475247526,0.10474480123119365,1.0,-0.0,0,0
417,0.0,0.07524752475247526,0.10474480123119365,1.0,-0.0,0,0
418,0.0,0.07524752475247526,0.10474480123119365,1.0,-0.0,0,0
419,0.0,0.06534653465346535,0.10189845806153354,1.0,-0.0,0,0
420,0.0,0.039603960396039604,0.07970143286137867,1.0,-0.0,0,0
421,0.0,0.0,0.0,1.0,-0.0,0,0
422,0.0,0.0,0.0,1.0,-0.0,0,0
423,0.0,0.0,0.0,1.0,-0.0,0,0
424,0.0,0.031683168316831684,0.0730260947112308,1.0,-0.0,0,0
425,0.0,0.04752475247524753,0.08965727859541997,1.0,-0.0,0,0
426,0.0,0.05346534653465347,0.09704990696905227,1.0,-0.0,0,0
427,0.0,0.06732673267326733,0.10634234916512914,1.0,-0.0,0,0
428,0.0,0.10891089108910891,0.14218869759220787,1.0,-0.0,0,0
429,0.0,0.07722772277227723,0.122580495370631,1.0,-0.0,0,0
430,0.0,0.061386138613861385,0.1080614942545921,1.0,-0.0,0,0
431,0.0,0.07722772277227723,0.12888031758632068,1.0,-0.0,0,0
432,0.0,0.06930693069306931,0.12407485305204392,1.0,-0.0,0,0
433,0.0,0.05544554455445545,0.1019369320889802,1.0,-0.0,0,0
434,0.0,0.05544554455445545,0.1019369320889802,1.0,-0.0,0,0
435,0.0,0.05544554455445545,0.1019369320889802,1.0,-0.0,0,0
436,0.0,0.033663366336633666,0.07482947971362847,1.0,-0.0,0,0
437,0.0,0.027722772277227727,0.06910862719451544,1.0,-0.0,0,0
438,0.0,0.07722772277227724,0.12888031758632065,1.0,-0.0,0,0
439,0.0,0.12475247524752475,0.14852805221860732,1.0,-0.0,0,0
440,0.0,0.13465346534653466,0.15443005630372467,1.0,-0.0,0,0
441,0.0,0.13465346534653466,0.15443005630372467,1.0,-0.0,0,0
442,0.0,0.13465346534653466,0.15443005630372467,1.0,-0.0,0,0
443,0.0,0.05544554455445545,0.1019369320889802,1.0,-0.0,0,0
444,0.0,0.02970297029702971,0.08150144802873932,1.0,-0.0,0,0
445,0.0,0.02970297029702971,0.07648795214189293,1.0,-0.0,0,0
446,0.0,0.02970297029702971,0.07648795214189293,1.0,-0.0,0,0
447,0.0,0.05148514851485149,0.09186070102766891,1.0,-0.0,0,0
448,0.0,0.05148514851485149,0.09186070102766891,1.0,-0.0,0,0
449,0.0,0.0297029702970297,0.07112192077650681,1.0,-0.0,0,0
450,0.0,0.021782178217821784,0.06230547612891991,1.0,-0.0,0,0
451,0.0,0.021782178217821784,0.06230547612891991,1.0,-0.0,0,0
452,0.0,0.0,0.0,1.0,-0.0,0,0
453,0.0,0.01386138613861386,0.05079507064705211,1.0,-0.0,0,0
454,0.0,0.01386138613861386,0.05079507064705211,1.0,-0.0,0,0
455,0.0,0.041584158415841586,0.09039772047931348,1.0,-0.0,0,0
456,0.0,0.041584158415841586,0.09039772047931348,1.0,-0.0,0,0
457,0.0,0.1603960396039604,0.1712384753198294,1.0,-0.0,0,0
458,0.0,0.1504950495049505,0.16981280455064035,1.0,-0.0,0,0
459,0.0,0.1504950495049505,0.16981280455064035,1.0,-0.0,0,0
460,0.0,0.13168316831683166,0.15728557182028188,1.0,-0.0,0,0
461,0.0,0.13168316831683166,0.15728557182028188,1.0,-0.0,0,0
462,0.0,0.013861386138613863,0.05079507064705211,1.0,-0.0,0,0
463,0.0,0.009900990099009901,0.04338396495090425,1.0,-0.0,0,0
464,0.0,0.011881188118811883,0.04727657974777554,1.0,-0.0,0,0
465,0.0,0.0019801980198019802,0.0198019801980198,1.0,-0.0,0,0
466,0.0,0.0019801980198019802,0.0198019801980198,1.0,-0.0,0,0
467,0.0,0.0019801980198019802,0.0198019801980198,1.0,-0.0,0,0
468,0.0,0.0019801980198019802,0.0198019801980198,1.0,-0.0,0,0
469,0.0,0.0,0.0,1.0,-0.0,0,0
470,0.0,0.0,0.0,1.0,-0.0,0,0
471,0.0,0.0,0.0,1.0,-0.0,0,0
472,0.0,0.0,0.0,1.0,-0.0,0,0
473,0.0,0.0,0.0,1.0,-0.0,0,0
474,0.0,0.0,0.0,1.0,-0.0,0,0
475,0.0,0.0,0.0,1.0,-0.0,0,0
476,0.0,0.0,0.0,1.0,-0.0,0,0
477,0.0,0.0,0.0,1.0,-0.0,0,0
478,0.0,0.0,0.0,1.0,-0.0,0,0
479,0.0,0.0,0.0,1.0,-0.0,0,0
480,0.0,0.0,0.0,1.0,-0.0,0,0
481,0.0,0.0,0.0,1.0,-0.0,0,0
482,0.0,0.0,0.0,1.0,-0.0,0,0
483,0.0,0.0,0.0,1.0,-0.0,0,0
484,0.0,0.0,0.0,1.0,-0.0,0,0
485,0.0,0.0,0.0,1.0,-0.0,0,0
486,0.0,0.0059405940594059415,0.033953323167291584,1.0,-0.0,0,0
487,0.0,0.0059405940594059415,0.033953323167291584,1.0,-0.0,0,0
488,0.0,0.019801980198019802,0.06603299802191315,1.0,-0.0,0,0
489,0.0,0.05544554455445545,0.1019369320889802,1.0,-0.0,0,0
490,0.0,0.06534653465346535,0.10939585993610405,1.0,-0.0,0,0
491,0.0,0.07920792079207921,0.11631029826208643,1.0,-0.0,0,0
492,0.0,0.07920792079207921,0.11631029826208643,1.0,-0.0,0,0
493,0.0,0.06534653465346535,0.10939585993610405,1.0,-0.0,0,0
494,0.0,0.039603960396039604,0.08908690597387718,1.0,-0.0,0,0
495,0.0,0.047524752475247525,0.08512548617902845,1.0,-0.0,0,0
496,0.0,0.04356435643564357,0.0916470215081674,1.0,-0.0,0,0
497,0.0,0.06732673267326733,0.1135467024699521,1.0,-0.0,0,0
498,0.0,0.06732673267326733,0.1135467024699521,1.0,-0.0,0,0
499,0.0,0.057425742574257435,0.11021718851545144,1.0,-0.0,0,0
500,0.0,0.09108910891089109,0.1243589581632284,1.0,-0.0,0,0
501,0.0,0.08118811881188118,0.12325042629382527,1.0,-0.0,0,0
502,0.0,0.05742574257425742,0.10277971700879983,1.0,-0.0,0,0
503,0.0,0.06336633663366337,0.10874875419996817,1.0,-0.0,0,0
504,0.2,0.08316831683168316,0.13280619910579972,0.1895067021318459,0.7223754260789861,0,0
505,0.2,0.031683168316831684,0.09220155823225992,0.03396044515156099,1.469026625683695,0,0
506,0.2,0.025742574257425748,0.07264925278354116,0.008228653963589683,2.084671200510097,0,0
507,0.2,0.025742574257425748,0.07264925278354116,0.008228653963589683,2.084671200510097,0,0
508,0.2,0.019801980198019802,0.059735061897023205,0.001278047474114718,2.8934530136556162,0,0
509,0.0,0.0,0.0,1.0,-0.0,0,0
510,0.0,0.0,0.0,1.0,-0.0,0,0
511,0.0,0.0,0.0,1.0,-0.0,0,0
512,0.0,0.0297029702970297,0.07648795214189293,1.0,-0.0,0,0
513,0.0,0.0891089108910891,0.12097048989545554,1.0,-0.0,0,0
514,0.2,0.11089108910891088,0.13636075485692528,0.2567237116992276,0.5905340168581737,0,0
515,0.2,0.2356435643564356,0.2094708838274517,1.0,-0.0,0,0
516,0.2,0.3287128712871287,0.24629396975423545,1.0,-0.0,0,0
517,0.2,0.297029702970297,0.24147051376663706,1.0,-0.0,0,0
518,0.2,0.23762376237623759,0.21006905283763708,1.0,-0.0,0,0
519,0.0,0.24356435643564353,0.20796793430679011,1.0,-0.0,0,0
520,0.0,0.13069306930693067,0.1419402846531281,1.0,-0.0,0,0
521,0.0,0.03762376237623763,0.08307396817189319,1.0,-0.0,0,0
522,0.0,0.03762376237623763,0.08307396817189319,1.0,-0.0,0,0
523,0.0,0.03762376237623763,0.08307396817189319,1.0,-0.0,0,0
524,0.0,0.009900990099009901,0.04338396495090424,1.0,-0.0,0,0
525,0.0,0.0,0.0,1.0,-0.0,0,0
526,0.0,0.0,0.0,1.0,-0.0,0,0
527,0.0,0.0,0.0,1.0,-0.0,0,0
528,0.0,0.0,0.0,1.0,-0.0,0,0
529,0.0,0.0,0.0,1.0,-0.0,0,0
530,0.0,0.0,0.0,1.0,-0.0,0,0
531,0.0,0.0,0.0,1.0,-0.0,0,0
532,0.0,0.0,0.0,1.0,-0.0,0,0
533,0.0,0.0,0.0,1.0,-0.0,0,0
534,0.2,0.03564356435643565,0.07653920035678292,0.015882722457572503,1.7990750531077893,0,0
535,0.2,0.03564356435643565,0.07653920035678292,0.015882722457572503,1.7990750531077893,0,0
536,0.2,0.04752475247524753,0.09397077637785879,0.05233944412570533,1.2811708941229774,0,0
537,0.2,0.051485148514851496,0.096075322540263,0.06107440442601424,1.2141407594058025,0,0
538,0.2,0.051485148514851496,0.096075322540263,0.06107440442601424,1.2141407594058025,0,0
539,0.0,0.015841584158415842,0.054012600780142014,1.0,-0.0,0,0
540,0.0,0.015841584158415842,0.054012600780142014,1.0,-0.0,0,0
541,0.0,0.0039603960396039604,0.02786385599895106,1.0,-0.0,0,0
542,0.0,0.0,0.0,1.0,-0.0,0,0
543,0.0,0.009900990099009901,0.04338396495090424,1.0,-0.0,0,0
544,0.0,0.0297029702970297,0.07648795214189293,1.0,-0.0,0,0
545,0.0,0.0297029702970297,0.07648795214189293,1.0,-0.0,0,0
546,0.0,0.0297029702970297,0.07648795214189293,1.0,-0.0,0,0
547,0.0,0.0297029702970297,0.07648795214189293,1.0,-0.0,0,0
548,0.0,0.023762376237623766,0.06471340450838889,1.0,-0.0,0,0
549,0.0,0.0039603960396039604,0.027863855998951068,1.0,-0.0,0,0
550,0.0,0.0039603960396039604,0.027863855998951068,1.0,-0.0,0,0
551,0.0,0.009900990099009901,0.04338396495090425,1.0,-0.0,0,0
552,0.2,0.13267326732673268,0.15739771840980324,0.3344168985199323,0.47571178521468127,0,0
553,0.2,0.16831683168316827,0.17287933929280913,0.42729405778134905,0.36927314671173983,0,0
554,0.2,0.20396039603960395,0.18016537621852313,1.0,-0.0,0,0
555,0.4,0.2930693069306931,0.20978887347562813,0.3051286484025856,0.5155170147139999,0,0
556,0.4,0.32277227722772284,0.22685154046130196,0.3667652813522363,0.4356117821371882,0,0
557,0.2,0.2613861386138614,0.2120014463941426,1.0,-0.0,0,0
558,0.2,0.22376237623762374,0.19353333422369295,1.0,-0.0,0,0
559,0.2,0.23168316831683167,0.1903257723422778,1.0,-0.0,0,0
560,0.0,0.15841584158415842,0.16486858056632595,1.0,-0.0,0,0
561,0.0,0.1207920792079208,0.1517663861889879,1.0,-0.0,0,0
562,0.0,0.05940594059405942,0.11096178792967841,1.0,-0.0,0,0
563,0.0,0.06336633663366337,0.11233152161332939,1.0,-0.0,0,0
564,0.0,0.019801980198019802,0.0597350618970232,1.0,-0.0,0,0
565,0.0,0.0039603960396039604,0.02786385599895107,1.0,-0.0,0,0
566,0.0,0.0039603960396039604,0.02786385599895107,1.0,-0.0,0,0
567,0.0,0.03762376237623763,0.07816140339006158,1.0,-0.0,0,0
568,0.0,0.06534653465346535,0.10571364605971599,1.0,-0.0,0,0
569,0.2,0.10891089108910887,0.13650445892763632,0.25229100363107315,0.5980982355824723,0,0
570,0.6,0.1485148514851485,0.15065129981473455,0.0013637522487213829,2.8652645202851907,0,0
571,0.6,0.1485148514851485,0.15065129981473455,0.0013637522487213829,2.8652645202851907,0,0
572,0.6,0.11287128712871287,0.14464936528910635,0.00037905622443066406,3.42129636747528,0,0
573,0.6,0.08118811881188118,0.11320083903331846,2.2905560203666537e-06,5.640059082172727,0,0
574,0.4,0.03762376237623763,0.07816140339006158,1.773886841056072e-06,5.751074087927284,0,0
575,0.0,0.0,0.0,1.0,-0.0,0,0
576,0.0,0.0,0.0,1.0,-0.0,0,0
577,0.0,0.0,0.0,1.0,-0.0,0,0
578,0.0,0.0,0.0,1.0,-0.0,0,0
579,0.0,0.0,0.0,1.0,-0.0,0,0
580,0.0,0.0,0.0,1.0,-0.0,0,0
581,0.0,0.0,0.0,1.0,-0.0,0,0
582,0.0,0.0,0.0,1.0,-0.0,0,0
583,0.0,0.0,0.0,1.0,-0.0,0,0
584,0.0,0.0,0.0,1.0,-0.0,0,0
585,0.0,0.0,0.0,1.0,-0.0,0,0
586,0.0,0.0,0.0,1.0,-0.0,0,0
587,0.0,0.021782178217821784,0.06230547612891991,1.0,-0.0,0,0
588,0.0,0.021782178217821784,0.06230547612891991,1.0,-0.0,0,0
589,0.0,0.021782178217821784,0.06230547612891991,1.0,-0.0,0,0
590,0.0,0.02772277227722772,0.06910862719451544,1.0,-0.0,0,0
591,0.0,0.0613861386138614,0.10433219700847123,1.0,-0.0,0,0
592,0.0,0.19009900990099005,0.16501122103762106,1.0,-0.0,0,0
593,0.2,0.2910891089108911,0.2000490087978147,1.0,-0.0,0,0
594,0.8,0.3425742574257426,0.21124174816783503,0.015178014872071629,1.8187850259689688,0,0
595,0.8,0.33663366336633666,0.2123525800943289,0.014552506245533395,1.8370622056558557,0,0
596,0.8,0.30990099009900995,0.20753382188631925,0.009099652939446755,2.040975171344563,0,0
597,0.8,0.1881188118811881,0.16123725137284975,7.384790145033594e-05,4.131661841604416,0,0
598,0.6,0.08514851485148513,0.12054836637801526,9.73375352701698e-06,5.0117196549295455,0,0
599,0.0,0.03564356435643565,0.07653920035678292,1.0,-0.0,0,0
600,0.0,0.03564356435643565,0.07653920035678292,1.0,-0.0,0,0
601,0.0,0.027722772277227727,0.06910862719451544,1.0,-0.0,0,0
602,0.0,0.0,0.0,1.0,-0.0,0,0
603,0.2,0.007920792079207921,0.03900537743285587,4.2303541670263104e-07,6.3736232717865695,0,0
604,0.2,0.017821782178217824,0.0635517090529949,0.0020744436267099344,2.6830983626867595,0,0
605,0.2,0.10099009900990098,0.1308729634998678,0.22466442305999795,0.6484656952356532,0,0
606,0.2,0.10099009900990098,0.1308729634998678,0.22466442305999795,0.6484656952356532,0,0
