,foreground,bg_means,bg_stdev,pvals,minus_logs,regs,active
2,0.2,0.09306930693069305,0.11103244173367276,0.16775918204763657,0.7753137000502466,0,0
3,0.2,0.04752475247524753,0.08965727859541997,0.044504787234598886,1.3515932708674616,0,0
4,0.2,0.04752475247524753,0.08965727859541997,0.044504787234598886,1.3515932708674616,0,0
5,0.8,0.300990099009901,0.22448843914088532,0.01311209067436899,1.8823280561396667,0,0
6,1.0,0.3326732673267327,0.22912183230290264,0.0017925056168788932,2.746539474781118,0,0
7,1.2,0.4732673267326732,0.27535434923990015,0.004154319099062796,2.3815001477528597,0,0
8,1.4,0.5346534653465347,0.2979918410619266,0.001842570728550087,2.734575832408146,0,0
9,1.4,0.5346534653465347,0.2979918410619266,0.001842570728550087,2.734575832408146,0,0
10,0.8,0.28118811881188116,0.22721424063197726,0.011204589241894974,1.9506040599899857,0,0
11,0.8,0.33663366336633666,0.22148140850266038,0.018213759551656966,1.7396004010465402,0,0
12,0.4,0.18415841584158413,0.17504323271769956,0.10877373204660835,0.9634759704886656,0,0
13,0.2,0.1306930693069307,0.1577958163416755,0.3302514065374639,0.4811553240536067,0,0
14,0.2,0.1900990099009901,0.19574936009912708,0.47983012556888904,0.31891248884502815,0,0
15,0.4,0.2792079207920792,0.2199535647138513,0.29144411424195904,0.5354447108988329,0,0
16,0.2,0.30495049504950494,0.21543243990430327,1.0,-0.0,0,0
17,0.2,0.36831683168316826,0.24813390391308857,1.0,-0.0,0,0
18,0.2,0.41782178217821786,0.2503051759546637,1.0,-0.0,0,0
19,0.2,0.4336633663366337,0.25651017686671324,1.0,-0.0,0,0
20,0.0,0.4000000000000001,0.2594739537473219,1.0,-0.0,0,0
21,0.0,0.2871287128712871,0.20375843119851977,1.0,-0.0,0,0
22,0.0,0.2099009900990099,0.1576466474257041,1.0,-0.0,0,0
23,0.0,0.13069306930693067,0.13624568246946198,1.0,-0.0,0,0
24,0.0,0.0712871287128713,0.11110305060677654,1.0,-0.0,0,0
25,0.0,0.06534653465346535,0.10571364605971598,1.0,-0.0,0,0
26,0.0,0.10099009900990098,0.1338649012368758,1.0,-0.0,0,0
27,0.0,0.10099009900990098,0.1338649012368758,1.0,-0.0,0,0
28,0.0,0.10099009900990098,0.1338649012368758,1.0,-0.0,0,0
29,0.0,0.08514851485148513,0.1172170185104851,1.0,-0.0,0,0
30,0.0,0.06930693069306931,0.10316052497133552,1.0,-0.0,0,0
31,0.0,0.18415841584158413,0.17951125796479814,1.0,-0.0,0,0
32,0.0,0.18415841584158413,0.17951125796479814,1.0,-0.0,0,0
33,0.0,0.36237623762376237,0.24969346956274244,1.0,-0.0,0,0
34,0.0,0.36237623762376237,0.24969346956274244,1.0,-0.0,0,0
35,0.0,0.3267326732673268,0.2544226969718657,1.0,-0.0,0,0
36,0.0,0.20198019801980197,0.16043270574676513,1.0,-0.0,0,0
37,0.0,0.22574257425742572,0.17272049494935862,1.0,-0.0,0,32
38,0.0,0.14653465346534653,0.14863361587956597,1.0,-0.0,0,0
39,0.0,0.14653465346534653,0.14863361587956597,1.0,-0.0,0,0
40,0.0,0.14653465346534653,0.14863361587956597,1.0,-0.0,0,32
41,0.0,0.12079207920792079,0.13810372890425895,1.0,-0.0,0,0
42,0.0,0.13663366336633662,0.15137833547418925,1.0,-0.0,0,0
43,0.0,0.03762376237623762,0.07816140339006157,1.0,-0.0,0,0
44,0.0,0.03762376237623762,0.07816140339006157,1.0,-0.0,0,0
45,0.0,0.12277227722772276,0.15407416763506465,1.0,-0.0,0,0
46,0.0,0.1485148514851485,0.16567525277902487,1.0,-0.0,0,0
47,0.0,0.1089108910891089,0.13357165904190138,1.0,-0.0,0,0
48,0.0,0.1089108910891089,0.13357165904190138,1.0,-0.0,0,0
49,0.0,0.19009900990099005,0.17434741150934763,1.0,-0.0,0,0
50,0.0,0.16237623762376233,0.1584900816139702,1.0,-0.0,0,0
51,0.0,0.13861386138613857,0.1482373645323794,1.0,-0.0,0,0
52,0.0,0.16633663366336632,0.15432845757147498,1.0,-0.0,0,0
53,0.0,0.2514851485148515,0.18806669418746558,1.0,-0.0,0,0
54,0.0,0.2396039603960396,0.17123847531982936,1.0,-0.0,0,0
55,0.0,0.24950495049504953,0.21508633420933893,1.0,-0.0,0,0
56,0.0,0.24950495049504953,0.21508633420933893,1.0,-0.0,0,0
57,0.6,0.46534653465346537,0.28018227573582566,0.3154031178638317,0.5011340178417238,0,0
58,0.6,0.3801980198019802,0.2477701753602701,0.18750703762260218,0.7269824274386419,0,0
59,0.8,0.3603960396039604,0.23381434960952496,0.030044427531886644,1.5222360666419652,0,0
60,0.8,0.29108910891089107,0.2078170415357492,0.007165834966667373,2.14473319810837,0,0
61,1.0,0.36237623762376237,0.23498535246051624,0.003329212872636113,2.4776584348056327,0,0
62,0.4,0.11683168316831682,0.13280619910579972,0.016495532452665745,1.782633661475261,0,0
63,0.4,0.11683168316831682,0.13280619910579972,0.016495532452665745,1.782633661475261,0,0
64,0.2,0.097029702970297,0.12464241569787102,0.20436640857029564,0.6895904870669047,0,0
65,0.2,0.097029702970297,0.12464241569787102,0.20436640857029564,0.6895904870669047,0,0
66,0.0,0.02772277227722773,0.06910862719451544,1.0,-0.0,0,0
67,0.0,0.02772277227722773,0.06910862719451544,1.0,-0.0,0,0
68,0.0,0.02772277227722773,0.06910862719451544,1.0,-0.0,0,0
69,0.0,0.041584158415841586,0.08116396646304633,1.0,-0.0,0,0
70,0.0,0.19999999999999996,0.175758610340748,1.0,-0.0,0,0
71,0.0,0.19999999999999996,0.175758610340748,1.0,-0.0,0,0
72,0.0,0.2396039603960396,0.19298551113766993,1.0,-0.0,0,0
73,0.0,0.38811881188118813,0.23851318692932355,1.0,-0.0,0,0
74,0.0,0.3465346534653466,0.22671321633840336,1.0,-0.0,0,0
75,0.0,0.18811881188118812,0.16123725137284975,1.0,-0.0,0,0
76,0.0,0.18811881188118812,0.16123725137284975,1.0,-0.0,0,0
77,0.0,0.19207920792079203,0.16631305820670148,1.0,-0.0,0,0
78,0.0,0.14455445544554454,0.14105349559214359,1.0,-0.0,0,0
79,0.0,0.22376237623762374,0.19147603570112592,1.0,-0.0,0,0
80,0.0,0.2495049504950495,0.20178596757001183,1.0,-0.0,0,0
81,0.0,0.38613861386138615,0.256800459181253,1.0,-0.0,0,0
82,0.0,0.36831683168316826,0.23836517997313517,1.0,-0.0,0,0
83,0.2,0.29504950495049503,0.2154324399043033,1.0,-0.0,0,0
84,0.2,0.4138613861386139,0.26737806621177423,1.0,-0.0,0,0
85,0.2,0.48910891089108904,0.2821069911842871,1.0,-0.0,0,0
86,0.2,0.38811881188118813,0.25144616521742535,1.0,-0.0,0,0
87,0.2,0.3841584158415842,0.23828291416223885,1.0,-0.0,0,0
88,0.0,0.35643564356435653,0.22968589899008357,1.0,-0.0,0,0
89,0.0,0.18415841584158413,0.16333933170139628,1.0,-0.0,0,0
90,0.0,0.08118811881188118,0.09821462786247323,1.0,-0.0,0,0
91,0.0,0.04752475247524753,0.08512548617902843,1.0,-0.0,0,0
92,0.2,0.0891089108910891,0.11765109526742927,0.17295763001760883,0.7620602743466306,0,0
93,0.2,0.0891089108910891,0.11765109526742927,0.17295763001760883,0.7620602743466306,0,0
94,0.4,0.30198019801980197,0.19598959258073065,0.30849262126164045,0.5107552192601622,0,0
95,0.4,0.30198019801980197,0.19598959258073065,0.30849262126164045,0.5107552192601622,0,0
96,0.4,0.30198019801980197,0.19598959258073065,0.30849262126164045,0.5107552192601622,0,0
97,0.2,0.2376237623762376,0.18607540532013478,1.0,-0.0,0,0
98,0.2,0.2376237623762376,0.18607540532013478,1.0,-0.0,0,0
99,0.0,0.0,0.0,1.0,-0.0,0,0
100,0.2,0.07722772277227724,0.10889288780093088,0.12977421193735644,0.886811599723601,0,0
101,0.2,0.07722772277227724,0.10889288780093088,0.12977421193735644,0.886811599723601,0,0
102,0.2,0.07722772277227724,0.10889288780093088,0.12977421193735644,0.886811599723601,0,0
103,0.2,0.11287128712871287,0.13618810981425267,0.26116191493532087,0.5830901556488499,0,0
104,0.2,0.25346534653465347,0.1947653355395929,1.0,-0.0,0,0
105,0.0,0.1762376237623762,0.16718313599370643,1.0,-0.0,0,0
106,0.0,0.22574257425742575,0.1816609099592826,1.0,-0.0,0,0
107,0.0,0.22574257425742575,0.1816609099592826,1.0,-0.0,0,0
108,0.0,0.19009900990099005,0.1697435167662324,1.0,-0.0,0,0
109,0.0,0.1089108910891089,0.12113245340338316,1.0,-0.0,0,0
110,0.2,0.13663366336633662,0.13179850528549494,0.31533575554113774,0.5012267823323202,0,0
111,0.2,0.1584158415841584,0.1299408294378053,0.3744751432060627,0.4265770044710996,0,0
112,0.2,0.1584158415841584,0.1299408294378053,0.3744751432060627,0.4265770044710996,0,0
113,0.2,0.1584158415841584,0.1299408294378053,0.3744751432060627,0.4265770044710996,0,0
114,0.6,0.22574257425742572,0.1859700100098835,0.02208567245422131,1.6558893730090944,0,0
115,0.4,0.2554455445544554,0.19112758038833513,0.2247273566346556,0.6483440565870892,0,0
116,0.4,0.22376237623762374,0.1872936566784291,0.1733602374940445,0.7610505067281418,0,0
117,0.4,0.22376237623762374,0.1872936566784291,0.1733602374940445,0.7610505067281418,0,0
118,0.4,0.22376237623762374,0.1872936566784291,0.1733602374940445,0.7610505067281418,0,0
119,0.0,0.19207920792079206,0.20083152306547483,1.0,-0.0,0,0
120,0.2,0.3485148514851485,0.24959922782714822,1.0,-0.0,0,0
121,0.2,0.3069306930693069,0.22788629514163644,1.0,-0.0,0,0
122,0.6,0.35841584158415846,0.24586373378485155,0.1629037206105145,0.7880689965867438,0,0
123,0.6,0.3821782178217822,0.253449875765479,0.19505236342811233,0.7098487830216643,0,0
124,0.6,0.30693069306930687,0.2226116032232342,0.09400228693362618,1.0268615805431454,0,0
125,0.4,0.12277227722772277,0.166430902094659,0.04788433455359343,1.31980654357259,0,0
126,0.4,0.20396039603960398,0.22156991256553446,0.1881388948401636,0.7255214114231723,0,0
127,0.2,0.24752475247524752,0.21827136321830296,1.0,-0.0,0,0
128,0.2,0.2237623762376237,0.19556899208121015,1.0,-0.0,0,0
129,0.4,0.2495049504950495,0.19981365694127384,0.2256717810492006,0.6465227435399371,1,0
130,0.8,0.2772277227722772,0.20483327589680397,0.005352493302132679,2.2714438674895985,0,0
131,0.8,0.22376237623762374,0.20155264396038763,0.002124939964106847,2.67265333555505,0,0
