,foreground,bg_means,bg_stdev,pvals,minus_logs,regs,active
2,0.0,0.021782178217821784,0.06230547612891991,1.0,-0.0,0,0
3,0.0,0.021782178217821784,0.06230547612891991,1.0,-0.0,0,0
4,0.0,0.015841584158415842,0.05401260078014202,1.0,-0.0,0,0
5,0.0,0.009900990099009901,0.04338396495090424,1.0,-0.0,0,0
6,0.0,0.015841584158415842,0.05401260078014202,1.0,-0.0,0,0
7,0.0,0.017821782178217824,0.05698017651460656,1.0,-0.0,0,0
8,0.0,0.023762376237623766,0.06471340450838889,1.0,-0.0,0,0
9,0.0,0.023762376237623766,0.06471340450838889,1.0,-0.0,0,0
10,0.0,0.047524752475247525,0.08965727859542,1.0,-0.0,0,0
11,0.0,0.031683168316831684,0.07826167463512676,1.0,-0.0,0,0
12,0.0,0.0297029702970297,0.07648795214189293,1.0,-0.0,0,0
13,0.0,0.023762376237623766,0.07056843438101175,1.0,-0.0,0,0
14,0.0,0.023762376237623766,0.07056843438101175,1.0,-0.0,0,0
15,0.0,0.015841584158415842,0.05401260078014202,1.0,-0.0,0,0
16,0.0,0.017821782178217824,0.056980176514606566,1.0,-0.0,0,0
17,0.2,0.05544554455445544,0.1094316980566186,0.09325802196181344,1.0303138003353092,0,0
18,0.2,0.06534653465346535,0.11976515267356391,0.130440226039647,0.8845884572772558,0,0
19,0.2,0.06732673267326733,0.12032045569079852,0.13508613344131226,0.8693892289128149,0,0
20,0.2,0.06930693069306931,0.12722675963729912,0.1521525260030101,0.8177208331838148,0,0
21,0.4,0.09306930693069305,0.1450554183905936,0.01717433061606676,1.7651201809300558,0,0
22,0.4,0.07326732673267328,0.1115960618107356,0.0017067629990529696,2.7678267807888814,0,0
23,0.4,0.06336633663366337,0.10504385908811757,0.0006760253672663784,3.1700370072283235,0,0
24,0.4,0.07920792079207921,0.1261123431927973,0.005484248282112376,2.2608828921191138,0,0
25,0.4,0.0712871287128713,0.11801714396634724,0.0026739305247560365,2.572849880958499,0,0
26,0.2,0.04554455445544555,0.09283729243351321,0.04808399917069303,1.3179994190099724,0,0
27,0.0,0.027722772277227727,0.06910862719451544,1.0,-0.0,0,0
28,0.0,0.033663366336633666,0.07994704648786674,1.0,-0.0,0,0
29,0.0,0.08316831683168316,0.12353642740976016,1.0,-0.0,0,0
30,0.0,0.07326732673267328,0.11848138852793338,1.0,-0.0,0,0
31,0.0,0.07326732673267328,0.11848138852793338,1.0,-0.0,0,0
32,0.0,0.07326732673267328,0.11848138852793338,1.0,-0.0,0,0
33,0.0,0.06732673267326733,0.11000352009767247,1.0,-0.0,0,0
34,0.0,0.0,0.0,1.0,-0.0,0,0
35,0.0,0.0,0.0,1.0,-0.0,0,0
36,0.0,0.007920792079207921,0.03900537743285587,1.0,-0.0,0,0
37,0.0,0.007920792079207921,0.03900537743285587,1.0,-0.0,0,0
38,0.0,0.01386138613861386,0.05079507064705211,1.0,-0.0,0,0
39,0.0,0.01386138613861386,0.05079507064705211,1.0,-0.0,0,0
40,0.0,0.01386138613861386,0.05079507064705211,1.0,-0.0,0,0
41,0.0,0.0059405940594059415,0.03395332316729158,1.0,-0.0,0,0
42,0.0,0.0059405940594059415,0.03395332316729158,1.0,-0.0,0,0
43,0.0,0.0594059405940594,0.1178841668604928,1.0,-0.0,0,0
44,0.0,0.0594059405940594,0.1178841668604928,1.0,-0.0,0,0
45,0.0,0.0594059405940594,0.1178841668604928,1.0,-0.0,0,0
46,0.0,0.07524752475247526,0.1345369326848557,1.0,-0.0,0,0
47,0.0,0.07524752475247526,0.1345369326848557,1.0,-0.0,0,0
48,0.0,0.019801980198019802,0.0597350618970232,1.0,-0.0,0,0
49,0.0,0.039603960396039604,0.08452453849668534,1.0,-0.0,0,0
50,0.2,0.13465346534653463,0.13818888176132993,0.3181499748810212,0.4973681067167222,0,0
51,0.2,0.15247524752475247,0.15957496727054085,0.38291994993344347,0.41689200654260716,0,0
52,0.4,0.17425742574257425,0.17272049494935865,0.09560941600580726,1.0194993345231613,0,0
53,0.4,0.18415841584158413,0.18170407519927864,0.11744148654350768,0.930178460207666,0,0
54,0.4,0.19801980198019797,0.1856112183041662,0.13825570675213777,0.8593169333700136,0,0
55,0.2,0.11485148514851484,0.13598641357140118,0.2656067797011654,0.5757608436518118,0,0
56,0.2,0.09306930693069305,0.12448501897427097,0.19517455309290543,0.7095768064016368,0,0
57,0.0,0.14059405940594058,0.15297590428378585,1.0,-0.0,0,0
58,0.0,0.12475247524752475,0.1485280522186073,1.0,-0.0,0,0
59,0.0,0.10693069306930694,0.14776046024695158,1.0,-0.0,0,0
60,0.0,0.15445544554455445,0.1638187554847242,1.0,-0.0,0,0
61,0.2,0.19603960396039602,0.19494644711665693,0.49189592434829693,0.3081267758150896,0,0
62,0.2,0.1485148514851485,0.1749760161138576,0.38428680982864105,0.4153445219029317,0,0
63,0.2,0.22574257425742575,0.20808103207694087,1.0,-0.0,0,0
64,0.2,0.2475247524752475,0.22364844203557221,1.0,-0.0,0,0
65,0.2,0.25346534653465347,0.2085140052449613,1.0,-0.0,0,0
66,0.0,0.20990099009900987,0.20561665306784296,1.0,-0.0,0,0
67,0.0,0.2574257425742574,0.23936654631701504,1.0,-0.0,0,0
68,0.0,0.19009900990099005,0.19574936009912708,1.0,-0.0,0,0
69,0.0,0.15841584158415842,0.18523056370168028,1.0,-0.0,0,0
70,0.0,0.1405940594059406,0.18140170282136692,1.0,-0.0,0,0
71,0.0,0.1306930693069307,0.16753458295712845,1.0,-0.0,0,0
72,0.0,0.0891089108910891,0.12734998170941408,1.0,-0.0,0,0
73,0.0,0.07920792079207921,0.11966689053257923,1.0,-0.0,0,0
74,0.0,0.07722772277227724,0.11930590361498669,1.0,-0.0,0,0
75,0.0,0.0297029702970297,0.07112192077650681,1.0,-0.0,0,0
76,0.0,0.0297029702970297,0.07112192077650681,1.0,-0.0,0,0
77,0.0,0.0039603960396039604,0.02786385599895107,1.0,-0.0,0,0
78,0.0,0.0039603960396039604,0.02786385599895107,1.0,-0.0,0,0
79,0.2,0.14257425742574256,0.1719696811025362,0.3692163947184931,0.4327190227661418,0,0
80,0.2,0.1485148514851485,0.1749760161138576,0.38428680982864105,0.4153445219029317,0,0
81,0.2,0.15643564356435644,0.17711429524750807,0.4028537041863341,0.3948526387214619,0,0
82,0.2,0.15643564356435644,0.17711429524750807,0.4028537041863341,0.3948526387214619,0,0
83,0.2,0.15643564356435644,0.17711429524750807,0.4028537041863341,0.3948526387214619,0,0
84,0.0,0.033663366336633666,0.09777447046042383,1.0,-0.0,0,0
85,0.0,0.03564356435643564,0.09500824186847648,1.0,-0.0,0,0
86,0.0,0.027722772277227727,0.08913091037565861,1.0,-0.0,0,0
87,0.0,0.04752475247524753,0.10953914206684619,1.0,-0.0,0,0
88,0.0,0.06534653465346535,0.1164113937164283,1.0,-0.0,0,0
89,0.0,0.06930693069306931,0.10316052497133553,1.0,-0.0,0,0
90,0.0,0.08514851485148513,0.11025275966000045,1.0,-0.0,0,0
91,0.0,0.08514851485148513,0.11025275966000045,1.0,-0.0,0,0
92,0.0,0.07524752475247526,0.10845991237726066,1.0,-0.0,0,0
93,0.0,0.06534653465346535,0.10939585993610405,1.0,-0.0,0,0
94,0.0,0.041584158415841586,0.0987719913927915,1.0,-0.0,0,0
95,0.0,0.017821782178217824,0.0635517090529949,1.0,-0.0,0,0
96,0.0,0.017821782178217824,0.0635517090529949,1.0,-0.0,0,0
97,0.0,0.007920792079207921,0.04809884277818266,1.0,-0.0,0,0
98,0.0,0.0,0.0,1.0,-0.0,0,0
99,0.0,0.0,0.0,1.0,-0.0,0,0
100,0.0,0.0,0.0,1.0,-0.0,0,0
101,0.0,0.0,0.0,1.0,-0.0,0,0
102,0.0,0.0,0.0,1.0,-0.0,0,0
103,0.0,0.0,0.0,1.0,-0.0,0,0
104,0.0,0.0,0.0,1.0,-0.0,0,0
105,0.0,0.0,0.0,1.0,-0.0,0,0
106,0.0,0.0,0.0,1.0,-0.0,0,0
107,0.0,0.007920792079207921,0.03900537743285587,1.0,-0.0,0,0
108,0.0,0.007920792079207921,0.03900537743285587,1.0,-0.0,0,0
109,0.0,0.017821782178217824,0.05698017651460656,1.0,-0.0,0,0
110,0.0,0.017821782178217824,0.05698017651460656,1.0,-0.0,0,0
111,0.0,0.03762376237623763,0.08307396817189318,1.0,-0.0,0,0
112,0.0,0.039603960396039604,0.08452453849668534,1.0,-0.0,0,0
113,0.0,0.039603960396039604,0.08452453849668534,1.0,-0.0,0,0
114,0.0,0.0297029702970297,0.07112192077650681,1.0,-0.0,0,0
115,0.0,0.0297029702970297,0.07112192077650681,1.0,-0.0,0,0
116,0.0,0.027722772277227727,0.07461957893630407,1.0,-0.0,0,0
117,0.0,0.017821782178217824,0.05698017651460656,1.0,-0.0,0,0
118,0.0,0.017821782178217824,0.05698017651460656,1.0,-0.0,0,0
119,0.0,0.017821782178217824,0.05698017651460656,1.0,-0.0,0,0
120,0.0,0.017821782178217824,0.05698017651460656,1.0,-0.0,0,0
121,0.0,0.0,0.0,1.0,-0.0,0,0
122,0.0,0.0,0.0,1.0,-0.0,0,0
123,0.0,0.0,0.0,1.0,-0.0,0,0
124,0.0,0.0,0.0,1.0,-0.0,0,0
125,0.0,0.0,0.0,1.0,-0.0,0,0
126,0.0,0.0,0.0,1.0,-0.0,0,0
127,0.0,0.0059405940594059415,0.03395332316729158,1.0,-0.0,0,0
128,0.0,0.015841584158415842,0.06090517425437506,1.0,-0.0,0,0
129,0.0,0.09108910891089109,0.13937555924568534,1.0,-0.0,0,0
130,0.0,0.09108910891089109,0.13937555924568534,1.0,-0.0,0,0
131,0.0,0.10693069306930691,0.15559367350941145,1.0,-0.0,0,0
132,0.0,0.11683168316831682,0.1598695674609062,1.0,-0.0,0,0
133,0.0,0.14257425742574256,0.16730036701294593,1.0,-0.0,0,0
134,0.0,0.09702970297029702,0.127780323207142,1.0,-0.0,0,0
135,0.0,0.09702970297029702,0.127780323207142,1.0,-0.0,0,0
136,0.0,0.09900990099009899,0.1308729634998678,1.0,-0.0,0,0
137,0.0,0.08316831683168316,0.12028786177019754,1.0,-0.0,0,0
138,0.0,0.04950495049504951,0.08631483056516186,1.0,-0.0,0,0
139,0.0,0.02772277227722773,0.06910862719451544,1.0,-0.0,0,0
140,0.0,0.02772277227722773,0.06910862719451544,1.0,-0.0,0,0
141,0.0,0.017821782178217824,0.056980176514606566,1.0,-0.0,0,0
142,0.0,0.017821782178217824,0.056980176514606566,1.0,-0.0,0,0
143,0.0,0.0297029702970297,0.07648795214189294,1.0,-0.0,0,0
144,0.0,0.019801980198019802,0.059735061897023205,1.0,-0.0,0,0
145,0.0,0.019801980198019802,0.059735061897023205,1.0,-0.0,0,0
146,0.0,0.011881188118811883,0.047276579747775535,1.0,-0.0,0,0
147,0.0,0.027722772277227727,0.07975061610139514,1.0,-0.0,0,0
148,0.0,0.021782178217821784,0.07393328595086918,1.0,-0.0,0,0
149,0.0,0.03762376237623763,0.09211646217515253,1.0,-0.0,0,0
150,0.0,0.03762376237623763,0.09211646217515253,1.0,-0.0,0,0
151,0.0,0.03762376237623763,0.09211646217515253,1.0,-0.0,0,0
152,0.0,0.021782178217821784,0.06230547612891991,1.0,-0.0,0,0
153,0.0,0.015841584158415842,0.05401260078014202,1.0,-0.0,0,0
154,0.4,0.11881188118811878,0.1467218499235066,0.027652607908948273,1.5582639042487492,0,0
155,0.4,0.11881188118811878,0.1467218499235066,0.027652607908948273,1.5582639042487492,0,0
156,0.4,0.14455445544554452,0.15950123220279028,0.05463011223018569,1.262567907285156,0,0
157,0.4,0.2871287128712871,0.239497562498865,0.318719092371477,0.4965919200116049,0,0
158,0.4,0.2871287128712871,0.239497562498865,0.318719092371477,0.4965919200116049,0,0
159,0.0,0.16831683168316833,0.18611754673281872,1.0,-0.0,0,0
160,0.0,0.17227722772277226,0.18674852677785872,1.0,-0.0,0,0
161,0.0,0.1485148514851485,0.1703891070439521,1.0,-0.0,0,0
162,0.0,0.0039603960396039604,0.02786385599895107,1.0,-0.0,0,0
163,0.0,0.0039603960396039604,0.02786385599895107,1.0,-0.0,0,0
164,0.0,0.023762376237623766,0.06471340450838887,1.0,-0.0,0,0
165,0.0,0.02772277227722773,0.06910862719451545,1.0,-0.0,0,0
166,0.0,0.06534653465346535,0.10571364605971598,1.0,-0.0,0,0
167,0.0,0.11089108910891088,0.14752142995793405,1.0,-0.0,0,0
168,0.0,0.11089108910891088,0.14752142995793405,1.0,-0.0,0,0
169,0.0,0.09108910891089109,0.13057300215314485,1.0,-0.0,0,0
170,0.0,0.08316831683168317,0.12670172889541695,1.0,-0.0,0,0
171,0.0,0.1584158415841584,0.15238521194115637,1.0,-0.0,0,0
172,0.0,0.11089108910891086,0.13636075485692528,1.0,-0.0,0,0
173,0.0,0.11089108910891086,0.13636075485692528,1.0,-0.0,0,0
174,0.0,0.11089108910891086,0.13636075485692528,1.0,-0.0,0,0
175,0.0,0.19999999999999998,0.1734906622876001,1.0,-0.0,0,0
176,0.0,0.14653465346534653,0.15387043310940526,1.0,-0.0,0,0
177,0.0,0.2455445544554455,0.22494212786000678,1.0,-0.0,0,0
178,0.2,0.29504950495049503,0.23138679528963696,1.0,-0.0,0,0
179,0.2,0.3584158415841584,0.23431692455984224,1.0,-0.0,0,0
180,0.4,0.3574257425742575,0.2538209139669598,0.43339649008865305,0.3631146101857957,0,0
181,0.6,0.3782178217821782,0.2593227891823523,0.1962102622382909,0.7072782817832443,0,0
182,0.6,0.32970297029702966,0.25389814534375615,0.14353110734760655,0.8430539645374493,0,0
183,0.4,0.30495049504950494,0.22619374750564175,0.33716500732014615,0.4721575049736222,0,0
184,0.4,0.28316831683168314,0.2054067719586525,0.2847520315654726,0.5455331687606197,0,0
185,0.2,0.27128712871287125,0.20601674144380122,1.0,-0.0,0,0
186,0.0,0.2158415841584158,0.2192393119276745,1.0,-0.0,0,0
187,0.0,0.16633663366336632,0.1781518029535443,1.0,-0.0,0,0
188,0.0,0.15247524752475247,0.16685445095398732,1.0,-0.0,0,0
189,0.0,0.11089108910891088,0.15018206119491914,1.0,-0.0,0,0
190,0.0,0.03564356435643565,0.08626938974571075,1.0,-0.0,0,0
191,0.0,0.013861386138613863,0.05079507064705211,1.0,-0.0,0,0
192,0.0,0.011881188118811883,0.047276579747775535,1.0,-0.0,0,0
193,0.0,0.0,0.0,1.0,-0.0,0,0
194,0.0,0.0,0.0,1.0,-0.0,0,0
195,0.0,0.0,0.0,1.0,-0.0,0,0
196,0.0,0.0,0.0,1.0,-0.0,0,0
197,0.0,0.0594059405940594,0.10733330877518932,1.0,-0.0,0,0
198,0.0,0.10099009900990098,0.13679141417164786,1.0,-0.0,0,0
199,0.0,0.10099009900990098,0.13679141417164786,1.0,-0.0,0,0
200,0.0,0.10099009900990098,0.13679141417164786,1.0,-0.0,0,0
201,0.0,0.12475247524752472,0.1511709677939985,1.0,-0.0,0,0
202,0.0,0.10495049504950495,0.1395723579145037,1.0,-0.0,0,0
203,0.0,0.07722772277227724,0.12888031758632065,1.0,-0.0,0,0
204,0.0,0.07722772277227724,0.12888031758632065,1.0,-0.0,0,0
205,0.0,0.07722772277227724,0.12888031758632065,1.0,-0.0,0,0
206,0.0,0.06534653465346535,0.12620558708220353,1.0,-0.0,0,0
207,0.0,0.04554455445544555,0.09283729243351321,1.0,-0.0,0,0
208,0.0,0.03564356435643565,0.07653920035678292,1.0,-0.0,0,0
209,0.0,0.0712871287128713,0.11110305060677655,1.0,-0.0,0,0
210,0.0,0.0712871287128713,0.11110305060677655,1.0,-0.0,0,0
211,0.0,0.06534653465346536,0.11641139371642828,1.0,-0.0,0,0
212,0.0,0.05742574257425742,0.09885135821266286,1.0,-0.0,0,0
213,0.0,0.06930693069306931,0.10693069306930696,1.0,-0.0,0,0
214,0.0,0.033663366336633666,0.08475617647141663,1.0,-0.0,0,0
215,0.0,0.04356435643564357,0.09164702150816742,1.0,-0.0,0,0
216,0.0,0.049504950495049514,0.09078727434730813,1.0,-0.0,0,0
217,0.0,0.04554455445544555,0.08846854615322249,1.0,-0.0,0,0
218,0.0,0.0297029702970297,0.07648795214189293,1.0,-0.0,0,0
219,0.0,0.0297029702970297,0.07648795214189293,1.0,-0.0,0,0
220,0.0,0.025742574257425745,0.07791016068477624,1.0,-0.0,0,0
221,0.0,0.01386138613861386,0.06453136925465475,1.0,-0.0,0,0
222,0.0,0.015841584158415842,0.05401260078014202,1.0,-0.0,0,0
223,0.0,0.015841584158415842,0.05401260078014202,1.0,-0.0,0,0
224,0.0,0.015841584158415842,0.05401260078014202,1.0,-0.0,0,0
225,0.0,0.021782178217821784,0.06230547612891991,1.0,-0.0,0,0
226,0.0,0.021782178217821784,0.06230547612891991,1.0,-0.0,0,0
227,0.0,0.011881188118811883,0.047276579747775535,1.0,-0.0,0,0
228,0.0,0.015841584158415842,0.05401260078014202,1.0,-0.0,0,0
229,0.0,0.0297029702970297,0.07648795214189293,1.0,-0.0,0,0
230,0.0,0.06732673267326733,0.12032045569079852,1.0,-0.0,0,0
231,0.0,0.06732673267326733,0.12032045569079852,1.0,-0.0,0,0
232,0.0,0.06732673267326733,0.12032045569079852,1.0,-0.0,0,0
233,0.0,0.06336633663366337,0.11917436454123627,1.0,-0.0,0,0
234,0.2,0.05940594059405942,0.11447531431916541,0.10969336149637444,0.9598196545832711,0,0
235,0.2,0.015841584158415842,0.054012600780142014,0.00032535620257014524,3.4876409094885674,0,0
236,0.2,0.017821782178217824,0.05698017651460656,0.0006937928196726553,3.15877019915046,0,0
237,0.2,0.031683168316831684,0.07826167463512675,0.015750221703151112,1.8027133286186672,0,0
238,0.4,0.04356435643564357,0.08721867542790195,2.18786067554328e-05,4.659980337626219,0,0
239,0.2,0.0594059405940594,0.09968089464279778,0.07920469585235763,1.1012490693914339,0,0
240,0.2,0.07326732673267328,0.10798889666879985,0.12028338488133557,0.9197943589669167,0,0
241,0.2,0.0712871287128713,0.10747934055534188,0.11554433714027447,0.9372513345552421,0,0
242,0.2,0.05742574257425744,0.09048443294095733,0.0575501079162854,1.2399538576570683,0,0
243,0.0,0.04554455445544555,0.08387254884969257,1.0,-0.0,0,0
244,0.0,0.0198019801980198,0.0597350618970232,1.0,-0.0,0,0
245,0.0,0.0,0.0,1.0,-0.0,0,0
246,0.0,0.0,0.0,1.0,-0.0,0,0
247,0.0,0.0,0.0,1.0,-0.0,0,0
248,0.0,0.0,0.0,1.0,-0.0,0,0
249,0.0,0.009900990099009901,0.04338396495090425,1.0,-0.0,0,0
250,0.0,0.009900990099009901,0.04338396495090425,1.0,-0.0,0,0
251,0.0,0.009900990099009901,0.04338396495090425,1.0,-0.0,0,0
252,0.0,0.009900990099009901,0.04338396495090425,1.0,-0.0,0,0
253,0.0,0.009900990099009901,0.04338396495090425,1.0,-0.0,0,0
254,0.0,0.0,0.0,1.0,-0.0,0,0
255,0.0,0.0,0.0,1.0,-0.0,0,0
256,0.0,0.015841584158415842,0.05401260078014202,1.0,-0.0,0,0
257,0.0,0.015841584158415842,0.05401260078014202,1.0,-0.0,0,0
258,0.2,0.05544554455445545,0.1019369320889802,0.07808409030039497,1.1074374449781044,0,0
259,0.2,0.08316831683168316,0.12028786177019754,0.16570755996746261,0.7806576775960139,0,0
260,0.2,0.08514851485148513,0.12054836637801526,0.170360417514063,0.7686313042414474,0,0
261,0.2,0.11881188118811878,0.13549532985786933,0.27452144151213265,0.5614237292949859,0,0
262,0.2,0.1267326732673267,0.13415750246300454,0.29248857166832704,0.5338910983282821,0,0
263,0.0,0.08514851485148513,0.1172170185104851,1.0,-0.0,0,0
264,0.0,0.07326732673267328,0.1115960618107356,1.0,-0.0,0,0
265,0.0,0.09504950495049505,0.12457948087149175,1.0,-0.0,0,0
266,0.0,0.0891089108910891,0.14481192315867106,1.0,-0.0,0,0
267,0.0,0.09504950495049502,0.15049504950495052,1.0,-0.0,0,0
268,0.0,0.09504950495049502,0.15049504950495052,1.0,-0.0,0,0
269,0.2,0.1267326732673267,0.15851482056387725,0.32196493319807473,0.4921914269001145,0,0
270,0.2,0.17425742574257425,0.17946756531282693,0.4429719044017671,0.3536238181340862,0,0
271,0.2,0.1584158415841584,0.1696048562801098,0.4031575270181521,0.39452522743865126,0,0
272,0.2,0.15445544554455443,0.166218722942046,0.39204086748793565,0.40666865849130684,0,0
273,0.2,0.15445544554455443,0.166218722942046,0.39204086748793565,0.40666865849130684,0,0
274,0.0,0.10495049504950493,0.1395723579145037,1.0,-0.0,0,0
275,0.0,0.03564356435643565,0.08154954567118415,1.0,-0.0,0,0
276,0.0,0.019801980198019802,0.059735061897023205,1.0,-0.0,0,0
277,0.0,0.011881188118811883,0.047276579747775535,1.0,-0.0,0,0
278,0.0,0.011881188118811883,0.047276579747775535,1.0,-0.0,0,0
279,0.0,0.011881188118811883,0.047276579747775535,1.0,-0.0,0,0
280,0.0,0.011881188118811883,0.047276579747775535,1.0,-0.0,0,0
281,0.0,0.0,0.0,1.0,-0.0,0,0
282,0.0,0.0,0.0,1.0,-0.0,0,0
283,0.0,0.007920792079207921,0.03900537743285587,1.0,-0.0,0,0
284,0.0,0.0396039603960396,0.08452453849668534,1.0,-0.0,0,0
285,0.0,0.0396039603960396,0.08452453849668534,1.0,-0.0,0,0
286,0.0,0.04554455445544555,0.09283729243351323,1.0,-0.0,0,0
287,0.0,0.04554455445544555,0.09283729243351323,1.0,-0.0,0,0
288,0.0,0.07722772277227724,0.122580495370631,1.0,-0.0,0,0
289,0.0,0.04554455445544556,0.09283729243351321,1.0,-0.0,0,0
290,0.4,0.13267326732673265,0.15228224894835943,0.03958957875783073,1.4024191192157907,0,0
291,0.4,0.13267326732673265,0.14698885988036148,0.034479595974861936,1.462437831795006,0,0
292,0.4,0.1603960396039604,0.15925520208224236,0.06622269453182321,1.1789931522385215,0,0
293,0.4,0.14653465346534653,0.15127468716660813,0.04691509970755809,1.3286873563414034,0,0
294,0.4,0.16831683168316827,0.16823527435849067,0.0842348122830577,1.0745083876228696,0,0
295,0.0,0.11089108910891088,0.14481192315867106,1.0,-0.0,0,0
296,0.0,0.12475247524752475,0.15632280678012314,1.0,-0.0,0,0
297,0.0,0.1297029702970297,0.14994689122885185,1.0,-0.0,0,0
298,0.0,0.10297029702970295,0.13962853515884507,1.0,-0.0,0,0
299,0.0,0.08118811881188118,0.1264228887090089,1.0,-0.0,0,0
300,0.0,0.051485148514851496,0.10011267057239238,1.0,-0.0,0,0
301,0.0,0.06534653465346535,0.10939585993610405,1.0,-0.0,0,0
302,0.0,0.07722772277227724,0.1193059036149867,1.0,-0.0,0,0
303,0.0,0.07920792079207921,0.12293186689242579,1.0,-0.0,0,0
304,0.0,0.08118811881188118,0.12325042629382525,1.0,-0.0,0,0
305,0.0,0.11683168316831682,0.14146987009498416,1.0,-0.0,0,0
306,0.0,0.08316831683168316,0.12028786177019754,1.0,-0.0,0,0
307,0.0,0.05742574257425744,0.09885135821266286,1.0,-0.0,0,0
308,0.0,0.05544554455445545,0.09797478714338996,1.0,-0.0,0,0
309,0.0,0.05346534653465348,0.09704990696905226,1.0,-0.0,0,0
310,0.0,0.017821782178217824,0.056980176514606566,1.0,-0.0,0,0
311,0.0,0.06732673267326733,0.10634234916512914,1.0,-0.0,0,0
312,0.0,0.0594059405940594,0.10733330877518932,1.0,-0.0,0,0
313,0.0,0.0594059405940594,0.10733330877518932,1.0,-0.0,0,0
314,0.2,0.09900990099009901,0.14521752172118105,0.2433897446954803,0.613697724856954,0,0
315,0.2,0.10297029702970298,0.1451905170679078,0.25197351730651485,0.5986451016471239,0,0
316,0.2,0.05346534653465347,0.09704990696905226,0.0655357875709919,1.1835214771048093,0,0
317,0.2,0.08514851485148514,0.12054836637801526,0.17036041751406306,0.7686313042414473,0,0
318,0.2,0.08712871287128712,0.12077584698595571,0.17500966031852921,0.7569379781294916,0,0
319,0.0,0.05544554455445545,0.10575073206193022,1.0,-0.0,0,0
320,0.0,0.07326732673267328,0.11509022642946842,1.0,-0.0,0,0
321,0.0,0.13168316831683166,0.15474712241238045,1.0,-0.0,0,0
322,0.0,0.10099009900990098,0.14246420394934614,1.0,-0.0,0,0
323,0.0,0.10297029702970295,0.14243667729389656,1.0,-0.0,0,0
324,0.0,0.11485148514851484,0.15246238855382305,1.0,-0.0,0,0
325,0.0,0.09900990099009901,0.1367914141716479,1.0,-0.0,0,0
326,0.0,0.08316831683168316,0.13864214704328154,1.0,-0.0,0,0
327,0.0,0.0712871287128713,0.1213265242141813,1.0,-0.0,0,0
328,0.0,0.06732673267326733,0.12032045569079852,1.0,-0.0,0,0
329,0.0,0.047524752475247525,0.09809478080396704,1.0,-0.0,0,0
330,0.0,0.06534653465346535,0.1164113937164283,1.0,-0.0,0,0
331,0.0,0.023762376237623766,0.06471340450838887,1.0,-0.0,0,0
332,0.0,0.023762376237623766,0.06471340450838887,1.0,-0.0,0,0
333,0.0,0.023762376237623766,0.06471340450838887,1.0,-0.0,0,0
334,0.0,0.023762376237623766,0.06471340450838887,1.0,-0.0,0,0
335,0.0,0.0,0.0,1.0,-0.0,0,0
336,0.0,0.0,0.0,1.0,-0.0,0,0
337,0.0,0.0,0.0,1.0,-0.0,0,0
338,0.0,0.05742574257425742,0.11021718851545144,1.0,-0.0,0,0
339,0.0,0.05742574257425742,0.11021718851545144,1.0,-0.0,0,0
340,0.0,0.05742574257425742,0.11021718851545144,1.0,-0.0,0,0
341,0.0,0.08118811881188118,0.12325042629382527,1.0,-0.0,0,0
342,0.2,0.1762376237623762,0.15742262902456866,0.4400090061911395,0.3565384341977091,0,0
343,0.2,0.11881188118811879,0.1467218499235066,0.29001285727972087,0.537582747887742,0,0
344,0.2,0.12277227722772277,0.14884451859775158,0.3019332727396555,0.5200890255293896,0,0
345,0.2,0.12574257425742574,0.14802559676063967,0.3079559555253254,0.5115113927207444,0,0
346,0.8,0.20792079207920788,0.19071681786668523,0.0009530241174881718,3.0208961088480333,0,0
347,0.6,0.12277227722772277,0.15407416763506465,0.0009761655414222911,3.010476526974811,0,0
348,0.6,0.16237623762376235,0.17283397009132112,0.005669936988467081,2.246421767511521,0,0
349,0.6,0.19405940594059404,0.2038353937815092,0.023212324065366968,1.6342813749152696,0,0
350,1.4,0.2574257425742574,0.20935853687175557,2.4144230044898333e-08,7.617186639614792,0,0
351,0.8,0.19009900990099005,0.19371559764587087,0.0008207357970584225,3.0857966240570747,0,0
352,0.8,0.20396039603960395,0.2105724362464704,0.0023232714982871177,2.6339000354351674,0,0
353,0.8,0.17821782178217818,0.19274153441415962,0.0006276896757922544,3.2022550145440127,0,0
354,0.8,0.17425742574257425,0.19225265211912826,0.0005673753318648783,3.2461295502247838,0,0
355,0.0,0.16039603960396043,0.16890984643276133,1.0,-0.0,0,0
356,0.0,0.12673267326732673,0.15599637537608815,1.0,-0.0,0,0
357,0.0,0.10495049504950493,0.13957235791450373,1.0,-0.0,0,0
358,0.0,0.09108910891089109,0.13650445892763632,1.0,-0.0,0,0
359,0.0,0.0594059405940594,0.11096178792967841,1.0,-0.0,0,0
360,0.0,0.007920792079207921,0.03900537743285587,1.0,-0.0,0,0
361,0.0,0.0019801980198019802,0.0198019801980198,1.0,-0.0,0,0
362,0.0,0.023762376237623766,0.06471340450838889,1.0,-0.0,0,0
363,0.0,0.02970297029702971,0.07112192077650681,1.0,-0.0,0,0
364,0.0,0.02970297029702971,0.07112192077650681,1.0,-0.0,0,0
365,0.0,0.02970297029702971,0.07112192077650681,1.0,-0.0,0,0
366,0.0,0.031683168316831684,0.0730260947112308,1.0,-0.0,0,0
367,0.0,0.023762376237623766,0.06471340450838887,1.0,-0.0,0,0
368,0.0,0.017821782178217824,0.05698017651460656,1.0,-0.0,0,0
369,0.0,0.025742574257425745,0.07264925278354116,1.0,-0.0,0,0
370,0.0,0.04158415841584159,0.0946774898050053,1.0,-0.0,0,0
371,0.0,0.100990099009901,0.14791959918402456,1.0,-0.0,0,0
372,0.0,0.08514851485148514,0.13304219431477882,1.0,-0.0,0,0
373,0.0,0.08514851485148514,0.13304219431477882,1.0,-0.0,0,0
374,0.0,0.07920792079207921,0.1322440226302099,1.0,-0.0,0,0
375,0.0,0.08316831683168316,0.12028786177019754,1.0,-0.0,0,0
376,0.0,0.03564356435643565,0.09074407316744237,1.0,-0.0,0,0
377,0.0,0.039603960396039604,0.09342674148186496,1.0,-0.0,0,0
378,0.0,0.07524752475247526,0.11553229422427584,1.0,-0.0,0,0
379,0.2,0.09702970297029702,0.13383560593042218,0.22083419262354137,0.6559336822197845,0,0
380,0.2,0.08514851485148514,0.12379009590564582,0.17675768599419261,0.7526216925958915,0,0
381,0.2,0.08910891089108909,0.13342479626077636,0.2029548846422558,0.6926004917837524,0,0
382,0.4,0.09702970297029702,0.13962853515884507,0.015009832844483557,1.8236241442072714,0,0
383,0.4,0.0613861386138614,0.10806149425459212,0.0008635882888169143,3.0636932557966734,0,0
384,0.2,0.04950495049504951,0.08631483056516186,0.040617958542992695,1.3912819080063725,0,0
385,0.2,0.041584158415841586,0.08116396646304633,0.025480968483881664,1.5937840693032386,0,0
386,0.2,0.023762376237623766,0.06471340450838887,0.003231121245907738,2.4906467450338194,0,0
387,0.0,0.039603960396039604,0.08908690597387718,1.0,-0.0,0,0
388,0.0,0.039603960396039604,0.08908690597387718,1.0,-0.0,0,0
389,0.0,0.027722772277227727,0.07461957893630407,1.0,-0.0,0,0
390,0.0,0.027722772277227727,0.07461957893630407,1.0,-0.0,0,0
391,0.0,0.027722772277227727,0.07461957893630407,1.0,-0.0,0,0
392,0.0,0.0,0.0,1.0,-0.0,0,0
393,0.0,0.0,0.0,1.0,-0.0,0,0
394,0.0,0.0039603960396039604,0.027863855998951064,1.0,-0.0,0,0
395,0.0,0.01386138613861386,0.05079507064705211,1.0,-0.0,0,0
396,0.0,0.015841584158415842,0.05401260078014202,1.0,-0.0,0,0
397,0.0,0.015841584158415842,0.05401260078014202,1.0,-0.0,0,0
398,0.0,0.015841584158415842,0.05401260078014202,1.0,-0.0,0,0
399,0.0,0.011881188118811881,0.047276579747775535,1.0,-0.0,0,0
400,0.0,0.0019801980198019802,0.019801980198019802,1.0,-0.0,0,0
401,0.0,0.0,0.0,1.0,-0.0,0,0
402,0.0,0.0,0.0,1.0,-0.0,0,0
403,0.0,0.019801980198019802,0.059735061897023205,1.0,-0.0,0,0
404,0.0,0.03564356435643564,0.08154954567118416,1.0,-0.0,0,0
405,0.0,0.03564356435643564,0.08154954567118416,1.0,-0.0,0,0
406,0.0,0.03564356435643564,0.08154954567118416,1.0,-0.0,0,0
407,0.0,0.03564356435643564,0.08154954567118416,1.0,-0.0,0,0
408,0.0,0.015841584158415842,0.05401260078014202,1.0,-0.0,0,0
409,0.0,0.0,0.0,1.0,-0.0,0,0
410,0.0,0.031683168316831684,0.07826167463512676,1.0,-0.0,0,0
411,0.0,0.09900990099009899,0.13386490123687583,1.0,-0.0,0,0
412,0.0,0.09900990099009899,0.13386490123687583,1.0,-0.0,0,0
413,0.0,0.09900990099009899,0.13386490123687583,1.0,-0.0,0,0
414,0.0,0.22970297029702968,0.21133454050622988,1.0,-0.0,0,0
415,0.0,0.19801980198019803,0.19190560696373418,1.0,-0.0,0,0
416,0.4,0.23168316831683164,0.21751553629241205,0.2195200365430643,0.6585258336771969,0,0
417,0.6,0.25346534653465347,0.2318946314304539,0.06754044180073647,1.1704361028508234,0,0
418,0.8,0.32772277227722774,0.2312766171489008,0.020573540742384273,1.686690959032103,0,0
419,0.8,0.20198019801980194,0.189830668692386,0.0008155696328498833,3.088538953236286,0,0
420,0.8,0.20198019801980194,0.189830668692386,0.0008155696328498833,3.088538953236286,0,0
421,0.4,0.09900990099009899,0.1396566153069739,0.015572488104012978,1.8076419922158053,0,0
422,0.2,0.07722772277227724,0.122580495370631,0.15827697765574333,0.80058225130445,0,0
423,0.0,0.04554455445544555,0.09283729243351323,1.0,-0.0,0,0
424,0.0,0.0891089108910891,0.12734998170941406,1.0,-0.0,0,0
425,0.0,0.0891089108910891,0.12734998170941406,1.0,-0.0,0,0
426,0.0,0.0891089108910891,0.12734998170941406,1.0,-0.0,0,0
427,0.0,0.0891089108910891,0.12734998170941406,1.0,-0.0,0,0
428,0.0,0.04752475247524753,0.09809478080396702,1.0,-0.0,0,0
429,0.0,0.0,0.0,1.0,-0.0,0,0
430,0.0,0.0039603960396039604,0.027863855998951064,1.0,-0.0,0,0
431,0.0,0.04554455445544555,0.09700949476369022,1.0,-0.0,0,0
432,0.0,0.04554455445544555,0.09700949476369022,1.0,-0.0,0,0
433,0.0,0.0613861386138614,0.11166631429601336,1.0,-0.0,0,0
434,0.0,0.0613861386138614,0.11166631429601336,1.0,-0.0,0,0
435,0.0,0.057425742574257435,0.10656335878870263,1.0,-0.0,0,0
436,0.0,0.031683168316831684,0.07826167463512675,1.0,-0.0,0,0
437,0.0,0.031683168316831684,0.07826167463512675,1.0,-0.0,0,0
438,0.0,0.019801980198019802,0.0597350618970232,1.0,-0.0,0,0
439,0.0,0.023762376237623766,0.07056843438101176,1.0,-0.0,0,0
440,0.0,0.025742574257425748,0.07264925278354115,1.0,-0.0,0,0
441,0.0,0.021782178217821784,0.07910884893242842,1.0,-0.0,0,0
442,0.0,0.021782178217821784,0.07910884893242842,1.0,-0.0,0,0
443,0.0,0.13564356435643563,0.1589471288992512,1.0,-0.0,0,0
444,0.0,0.13168316831683166,0.1521663323044604,1.0,-0.0,0,0
445,0.0,0.12871287128712872,0.15307840071356585,1.0,-0.0,0,0
446,0.0,0.11683168316831682,0.14146987009498416,1.0,-0.0,0,0
447,0.0,0.11881188118811879,0.14122019271030048,1.0,-0.0,0,0
448,0.0,0.0019801980198019802,0.0198019801980198,1.0,-0.0,0,0
449,0.0,0.0019801980198019802,0.0198019801980198,1.0,-0.0,0,0
450,0.0,0.0019801980198019802,0.0198019801980198,1.0,-0.0,0,0
451,0.0,0.013861386138613863,0.05079507064705211,1.0,-0.0,0,0
452,0.0,0.011881188118811883,0.047276579747775535,1.0,-0.0,0,0
453,0.0,0.011881188118811883,0.047276579747775535,1.0,-0.0,0,0
454,0.0,0.011881188118811883,0.047276579747775535,1.0,-0.0,0,0
455,0.0,0.011881188118811883,0.047276579747775535,1.0,-0.0,0,0
456,0.0,0.0,0.0,1.0,-0.0,0,0
457,0.0,0.0,0.0,1.0,-0.0,0,0
458,0.2,0.06930693069306931,0.10693069306930697,0.11081180122969687,0.9554139856724337,0,0
459,0.2,0.06930693069306931,0.10693069306930697,0.11081180122969687,0.9554139856724337,0,0
460,0.2,0.07722772277227724,0.1193059036149867,0.15172703225002876,0.8189370368062708,0,0
461,0.2,0.10891089108910887,0.1335716590419014,0.2476354825696323,0.6061871270988665,0,0
462,0.2,0.10891089108910887,0.1335716590419014,0.2476354825696323,0.6061871270988665,0,0
463,0.0,0.039603960396039604,0.08452453849668534,1.0,-0.0,0,0
464,0.0,0.04356435643564357,0.08721867542790195,1.0,-0.0,0,0
465,0.0,0.16237623762376235,0.17283397009132112,1.0,-0.0,0,0
466,0.0,0.1297029702970297,0.15513938444198724,1.0,-0.0,0,0
467,0.0,0.1297029702970297,0.15513938444198724,1.0,-0.0,0,0
468,0.0,0.1297029702970297,0.15513938444198724,1.0,-0.0,0,0
469,0.0,0.12475247524752475,0.15376846462033406,1.0,-0.0,0,0
470,0.0,0.0,0.0,1.0,-0.0,0,0
471,0.0,0.0,0.0,1.0,-0.0,0,0
472,0.0,0.0,0.0,1.0,-0.0,0,0
473,0.0,0.007920792079207921,0.03900537743285587,1.0,-0.0,0,0
474,0.0,0.007920792079207921,0.03900537743285587,1.0,-0.0,0,0
475,0.0,0.051485148514851496,0.096075322540263,1.0,-0.0,0,0
476,0.0,0.051485148514851496,0.096075322540263,1.0,-0.0,0,0
477,0.0,0.051485148514851496,0.096075322540263,1.0,-0.0,0,0
478,0.0,0.0594059405940594,0.09968089464279778,1.0,-0.0,0,0
479,0.0,0.06930693069306931,0.10693069306930694,1.0,-0.0,0,0
480,0.0,0.05148514851485149,0.11134982906542217,1.0,-0.0,0,0
481,0.0,0.06336633663366337,0.11917436454123627,1.0,-0.0,0,0
482,0.0,0.06336633663366337,0.11917436454123627,1.0,-0.0,0,0
483,0.0,0.047524752475247525,0.09809478080396702,1.0,-0.0,0,0
484,0.0,0.03762376237623763,0.08307396817189319,1.0,-0.0,0,0
485,0.0,0.011881188118811883,0.04727657974777555,1.0,-0.0,0,0
486,0.0,0.0,0.0,1.0,-0.0,0,0
487,0.0,0.0,0.0,1.0,-0.0,0,0
488,0.0,0.0,0.0,1.0,-0.0,0,0
489,0.0,0.015841584158415842,0.05401260078014202,1.0,-0.0,0,0
490,0.0,0.015841584158415842,0.05401260078014202,1.0,-0.0,0,0
491,0.0,0.015841584158415842,0.05401260078014202,1.0,-0.0,0,0
492,0.0,0.015841584158415842,0.05401260078014202,1.0,-0.0,0,0
493,0.0,0.015841584158415842,0.05401260078014202,1.0,-0.0,0,0
494,0.0,0.12673267326732673,0.15851482056387725,1.0,-0.0,0,0
495,0.0,0.12673267326732673,0.15851482056387725,1.0,-0.0,0,0
496,0.0,0.12673267326732673,0.15851482056387725,1.0,-0.0,0,0
497,0.0,0.12673267326732673,0.15851482056387725,1.0,-0.0,0,0
498,0.0,0.14455445544554454,0.1667839341722421,1.0,-0.0,0,0
499,0.0,0.015841584158415842,0.05401260078014202,1.0,-0.0,0,0
500,0.0,0.015841584158415842,0.05401260078014202,1.0,-0.0,0,0
501,0.0,0.015841584158415842,0.05401260078014202,1.0,-0.0,0,0
502,0.0,0.019801980198019802,0.059735061897023205,1.0,-0.0,0,0
503,0.0,0.10297029702970298,0.14789308791950767,1.0,-0.0,0,0
504,0.0,0.10297029702970298,0.14789308791950767,1.0,-0.0,0,0
505,0.0,0.19405940594059404,0.18764923153239027,1.0,-0.0,0,0
506,0.0,0.21584158415841584,0.19837591740781296,1.0,-0.0,0,0
507,0.0,0.24158415841584158,0.20550219903555808,1.0,-0.0,0,0
508,0.0,0.27524752475247527,0.21406297796087279,1.0,-0.0,0,0
509,0.0,0.27524752475247527,0.21406297796087279,1.0,-0.0,0,0
510,0.0,0.18613861386138614,0.18077375114498545,1.0,-0.0,0,0
511,0.0,0.1782178217821782,0.1755353680172698,1.0,-0.0,0,0
512,0.0,0.22178217821782176,0.1843393128354381,1.0,-0.0,0,0
513,0.0,0.10891089108910891,0.13057300215314485,1.0,-0.0,0,0
514,0.0,0.11089108910891088,0.13042276277287218,1.0,-0.0,0,0
515,0.0,0.12277227722772276,0.13779105154150342,1.0,-0.0,0,0
516,0.0,0.11287128712871286,0.1390657415135005,1.0,-0.0,0,0
517,0.0,0.04950495049504951,0.09912864166957489,1.0,-0.0,0,0
518,0.0,0.049504950495049514,0.09912864166957489,1.0,-0.0,0,0
519,0.0,0.049504950495049514,0.09912864166957489,1.0,-0.0,0,0
520,0.0,0.041584158415841586,0.0987719913927915,1.0,-0.0,0,0
521,0.0,0.04950495049504951,0.1068206254198905,1.0,-0.0,0,0
522,0.0,0.04554455445544554,0.10485704788018795,1.0,-0.0,0,0
523,0.0,0.03762376237623762,0.08307396817189318,1.0,-0.0,0,0
524,0.0,0.06534653465346535,0.10939585993610405,1.0,-0.0,0,0
525,0.0,0.06336633663366337,0.10874875419996817,1.0,-0.0,0,0
526,0.0,0.05148514851485149,0.09607532254026299,1.0,-0.0,0,0
527,0.0,0.04554455445544555,0.09283729243351321,1.0,-0.0,0,0
528,0.0,0.031683168316831684,0.08316831683168317,1.0,-0.0,0,0
529,0.0,0.0019801980198019802,0.0198019801980198,1.0,-0.0,0,0
530,0.0,0.0019801980198019802,0.0198019801980198,1.0,-0.0,0,0
531,0.0,0.0,0.0,1.0,-0.0,0,0
532,0.0,0.0,0.0,1.0,-0.0,0,0
533,0.0,0.0,0.0,1.0,-0.0,0,0
534,0.0,0.0,0.0,1.0,-0.0,0,0
535,0.0,0.0,0.0,1.0,-0.0,0,0
536,0.0,0.0,0.0,1.0,-0.0,0,0
537,0.0,0.0,0.0,1.0,-0.0,0,0
538,0.0,0.0,0.0,1.0,-0.0,0,0
539,0.0,0.0,0.0,1.0,-0.0,0,0
540,0.0,0.0,0.0,1.0,-0.0,0,0
541,0.0,0.0,0.0,1.0,-0.0,0,0
542,0.0,0.0,0.0,1.0,-0.0,0,0
543,0.0,0.0019801980198019802,0.019801980198019802,1.0,-0.0,0,0
544,0.0,0.0019801980198019802,0.019801980198019802,1.0,-0.0,0,0
545,0.0,0.0019801980198019802,0.019801980198019802,1.0,-0.0,0,0
546,0.0,0.011881188118811883,0.047276579747775535,1.0,-0.0,0,0
547,0.0,0.011881188118811883,0.047276579747775535,1.0,-0.0,0,0
548,0.0,0.009900990099009901,0.04338396495090424,1.0,-0.0,0,0
549,0.0,0.009900990099009901,0.04338396495090424,1.0,-0.0,0,0
550,0.0,0.013861386138613863,0.05079507064705211,1.0,-0.0,0,0
551,0.0,0.0039603960396039604,0.02786385599895106,1.0,-0.0,0,0
552,0.0,0.0039603960396039604,0.02786385599895106,1.0,-0.0,0,0
553,0.0,0.007920792079207921,0.03900537743285587,1.0,-0.0,0,0
554,0.0,0.021782178217821784,0.06230547612891991,1.0,-0.0,0,0
555,0.0,0.10099009900990098,0.1396566153069739,1.0,-0.0,0,0
556,0.0,0.10099009900990098,0.1396566153069739,1.0,-0.0,0,0
557,0.0,0.11683168316831684,0.15483578457286823,1.0,-0.0,0,0
558,0.0,0.12079207920792079,0.1594028657227573,1.0,-0.0,0,0
559,0.0,0.10693069306930691,0.15041686348382532,1.0,-0.0,0,0
560,0.0,0.023762376237623766,0.07056843438101175,1.0,-0.0,0,0
561,0.0,0.033663366336633666,0.07994704648786674,1.0,-0.0,0,0
562,0.2,0.03564356435643565,0.07653920035678292,0.015882722457572503,1.7990750531077893,0,0
563,0.2,0.02772277227722773,0.06910862719451544,0.0063361735559086295,2.1981729353735644,0,0
564,0.2,0.03762376237623763,0.07816140339006158,0.01888012292982573,1.723995182306426,0,0
565,0.2,0.03762376237623763,0.07816140339006158,0.01888012292982573,1.723995182306426,0,0
566,0.2,0.06534653465346536,0.11295810453031019,0.11661777127180513,0.9332352628086961,0,0
567,0.0,0.04752475247524753,0.10205226714237724,1.0,-0.0,0,0
568,0.0,0.04752475247524753,0.10205226714237724,1.0,-0.0,0,0
569,0.0,0.05742574257425744,0.10656335878870266,1.0,-0.0,0,0
570,0.0,0.05742574257425744,0.10656335878870266,1.0,-0.0,0,0
571,0.0,0.019801980198019802,0.059735061897023205,1.0,-0.0,0,0
572,0.0,0.03564356435643565,0.08154954567118415,1.0,-0.0,0,0
573,0.0,0.03564356435643565,0.08154954567118415,1.0,-0.0,0,0
574,0.0,0.015841584158415842,0.05401260078014202,1.0,-0.0,0,0
575,0.0,0.03762376237623763,0.07816140339006158,1.0,-0.0,0,0
576,0.0,0.03762376237623763,0.07816140339006158,1.0,-0.0,0,0
577,0.0,0.021782178217821784,0.06230547612891991,1.0,-0.0,0,0
578,0.0,0.021782178217821784,0.06230547612891991,1.0,-0.0,0,0
579,0.0,0.05346534653465347,0.09287951999650358,1.0,-0.0,0,0
580,0.0,0.031683168316831684,0.0730260947112308,1.0,-0.0,0,0
581,0.0,0.047524752475247525,0.0939707763778588,1.0,-0.0,0,0
582,0.2,0.061386138613861385,0.11166631429601334,0.10724339580581528,0.9696294427647093,0,0
583,0.2,0.09900990099009899,0.15057319492752774,0.25120444096548267,0.5999726871093836,0,0
584,0.2,0.0910891089108911,0.1503125521928582,0.2343601285972624,0.6301162723599205,0,0
585,0.2,0.12475247524752475,0.17084874938711278,0.329811557544901,0.48173412949796723,0,0
586,0.2,0.11287128712871287,0.16023705603282307,0.29330716027366577,0.5326773348053846,0,0
587,0.0,0.09900990099009901,0.14246420394934614,1.0,-0.0,0,0
588,0.0,0.1168316831683168,0.1718099957503672,1.0,-0.0,0,0
589,0.0,0.11089108910891088,0.165248681544753,1.0,-0.0,0,0
590,0.0,0.07722772277227723,0.11930590361498669,1.0,-0.0,0,0
591,0.0,0.15247524752475247,0.17609294317160962,1.0,-0.0,0,0
592,0.0,0.15247524752475247,0.17609294317160962,1.0,-0.0,0,0
593,0.0,0.09504950495049505,0.13670539084430267,1.0,-0.0,0,0
594,0.0,0.07722772277227723,0.12888031758632065,1.0,-0.0,0,0
595,0.0,0.07722772277227723,0.12888031758632065,1.0,-0.0,0,0
596,0.0,0.05346534653465347,0.09704990696905226,1.0,-0.0,0,0
597,0.0,0.0594059405940594,0.09968089464279778,1.0,-0.0,0,0
598,0.0,0.07920792079207921,0.11631029826208643,1.0,-0.0,0,0
599,0.0,0.1584158415841584,0.15749733722889644,1.0,-0.0,0,0
600,0.0,0.19009900990099005,0.18320845158368915,1.0,-0.0,0,0
601,0.0,0.14455445544554454,0.1667839341722421,1.0,-0.0,0,0
602,0.2,0.22574257425742572,0.20229057883757837,1.0,-0.0,0,0
603,0.2,0.2059405940594059,0.18552669588707663,1.0,-0.0,0,0
604,0.2,0.1287128712871287,0.1423540653909816,0.30826530559421406,0.5110753511634094,0,0
605,0.2,0.09504950495049502,0.13078304733432372,0.21113830602558953,0.6754329671360485,0,0
606,0.2,0.100990099009901,0.13386490123687583,0.22976361750303886,0.6387187396538442,0,0
607,0.0,0.013861386138613863,0.05079507064705211,1.0,-0.0,0,0
608,0.0,0.013861386138613863,0.05079507064705211,1.0,-0.0,0,0
609,0.0,0.013861386138613863,0.05079507064705211,1.0,-0.0,0,0
610,0.0,0.013861386138613863,0.05079507064705211,1.0,-0.0,0,0
611,0.0,0.0,0.0,1.0,-0.0,0,0
612,0.0,0.0,0.0,1.0,-0.0,0,0
613,0.0,0.0,0.0,1.0,-0.0,0,0
614,0.0,0.0,0.0,1.0,-0.0,0,0
615,0.0,0.0,0.0,1.0,-0.0,0,0
616,0.0,0.0,0.0,1.0,-0.0,0,0
617,0.0,0.0,0.0,1.0,-0.0,0,0
618,0.0,0.013861386138613863,0.05079507064705211,1.0,-0.0,0,0
619,0.0,0.013861386138613863,0.05079507064705211,1.0,-0.0,0,0
620,0.0,0.013861386138613863,0.05079507064705211,1.0,-0.0,0,0
621,0.0,0.02772277227722772,0.07461957893630405,1.0,-0.0,0,0
622,0.0,0.13861386138613857,0.15088537189345533,1.0,-0.0,0,0
623,0.0,0.12871287128712872,0.1556440682228007,1.0,-0.0,0,0
624,0.0,0.12871287128712872,0.1556440682228007,1.0,-0.0,0,0
625,0.0,0.12871287128712872,0.1556440682228007,1.0,-0.0,0,0
626,0.0,0.11485148514851484,0.1416914361980065,1.0,-0.0,0,0
627,0.0,0.0059405940594059415,0.033953323167291584,1.0,-0.0,0,0
628,0.0,0.0,0.0,1.0,-0.0,0,0
629,0.0,0.05148514851485149,0.096075322540263,1.0,-0.0,0,0
630,0.0,0.05742574257425742,0.09885135821266286,1.0,-0.0,0,0
631,0.0,0.05742574257425742,0.09885135821266286,1.0,-0.0,0,0
632,0.2,0.2059405940594059,0.20958317055962605,1.0,-0.0,0,0
633,0.2,0.2059405940594059,0.20958317055962605,1.0,-0.0,0,0
634,0.2,0.15445544554455443,0.17549068547409524,0.39761436289179947,0.40053793611579647,0,0
635,0.4,0.16237623762376235,0.17735766020493526,0.09015521603822475,1.0450091415862113,0,0
636,0.4,0.16237623762376235,0.17735766020493526,0.09015521603822475,1.0450091415862113,0,0
637,0.2,0.013861386138613863,0.05079507064705211,0.00012391038159364294,3.90689230556944,0,0
638,0.2,0.013861386138613863,0.05079507064705211,0.00012391038159364294,3.90689230556944,0,0
639,0.2,0.013861386138613863,0.05079507064705211,0.00012391038159364294,3.90689230556944,0,0
640,0.0,0.0,0.0,1.0,-0.0,0,0
641,0.0,0.0,0.0,1.0,-0.0,0,0
642,0.0,0.0,0.0,1.0,-0.0,0,0
643,0.0,0.0,0.0,1.0,-0.0,0,0
644,0.0,0.0,0.0,1.0,-0.0,0,0
645,0.0,0.0,0.0,1.0,-0.0,0,0
646,0.0,0.0,0.0,1.0,-0.0,0,0
647,0.0,0.0,0.0,1.0,-0.0,0,0
648,0.0,0.0,0.0,1.0,-0.0,0,0
649,0.0,0.0,0.0,1.0,-0.0,0,0
650,0.0,0.0,0.0,1.0,-0.0,0,0
651,0.0,0.0,0.0,1.0,-0.0,0,0
652,0.0,0.0,0.0,1.0,-0.0,0,0
653,0.0,0.0,0.0,1.0,-0.0,0,0
654,0.0,0.0,0.0,1.0,-0.0,0,0
655,0.0,0.0,0.0,1.0,-0.0,0,0
656,0.0,0.023762376237623766,0.07056843438101175,1.0,-0.0,0,0
657,0.0,0.023762376237623766,0.07056843438101175,1.0,-0.0,0,0
658,0.0,0.023762376237623766,0.07056843438101175,1.0,-0.0,0,0
659,0.0,0.023762376237623766,0.07056843438101175,1.0,-0.0,0,0
660,0.0,0.023762376237623766,0.07056843438101175,1.0,-0.0,0,0
661,0.0,0.0,0.0,1.0,-0.0,0,0
662,0.0,0.0,0.0,1.0,-0.0,0,0
663,0.0,0.0,0.0,1.0,-0.0,0,0
664,0.0,0.0,0.0,1.0,-0.0,0,0
665,0.0,0.0,0.0,1.0,-0.0,0,0
666,0.0,0.0019801980198019802,0.019801980198019802,1.0,-0.0,0,0
667,0.0,0.017821782178217824,0.05698017651460657,1.0,-0.0,0,0
668,0.0,0.017821782178217824,0.05698017651460657,1.0,-0.0,0,0
669,0.0,0.04554455445544555,0.09283729243351321,1.0,-0.0,0,0
670,0.0,0.04554455445544555,0.09283729243351321,1.0,-0.0,0,0
671,0.0,0.05346534653465348,0.10104832334394512,1.0,-0.0,0,0
672,0.0,0.03762376237623763,0.08307396817189318,1.0,-0.0,0,0
673,0.0,0.04554455445544555,0.08846854615322249,1.0,-0.0,0,0
674,0.0,0.05148514851485149,0.09607532254026299,1.0,-0.0,0,0
675,0.0,0.07722772277227723,0.10889288780093087,1.0,-0.0,0,0
676,0.0,0.1207920792079208,0.1517663861889879,1.0,-0.0,0,0
677,0.0,0.1207920792079208,0.1517663861889879,1.0,-0.0,0,0
678,0.0,0.1920792079207921,0.20083152306547483,1.0,-0.0,0,0
679,0.0,0.22178217821782173,0.19881030333482985,1.0,-0.0,0,0
680,0.0,0.19603960396039605,0.19084013945594866,1.0,-0.0,0,0
681,0.0,0.14356435643564355,0.16674866459848459,1.0,-0.0,0,0
682,0.0,0.14356435643564355,0.16674866459848459,1.0,-0.0,0,0
683,0.0,0.06534653465346535,0.10571364605971598,1.0,-0.0,0,0
684,0.0,0.12871287128712872,0.16065252686710352,1.0,-0.0,0,0
685,0.0,0.2930693069306931,0.246262126199929,1.0,-0.0,0,0
686,0.0,0.300990099009901,0.252706165026824,1.0,-0.0,0,0
687,0.0,0.31287128712871287,0.2631354604794071,1.0,-0.0,0,0
688,0.0,0.31287128712871287,0.2631354604794071,1.0,-0.0,0,0
689,0.2,0.3089108910891089,0.2765054239709315,1.0,-0.0,0,0
690,0.2,0.14455445544554454,0.1826511296253498,0.380731632315135,0.41938103921082054,0,0
691,0.2,0.22772277227722773,0.24051051803071644,1.0,-0.0,0,0
692,0.2,0.21584158415841584,0.23324345555210438,1.0,-0.0,0,0
693,0.2,0.21584158415841584,0.23324345555210438,1.0,-0.0,0,0
694,0.0,0.15445544554455443,0.17773311423617325,1.0,-0.0,0,0
695,0.0,0.15445544554455443,0.17773311423617325,1.0,-0.0,0,0
696,0.0,0.061386138613861385,0.11854756076907538,1.0,-0.0,0,0
697,0.2,0.10495049504950495,0.1423816080178024,0.2522044715005415,0.5982472177994327,0,0
698,0.4,0.11089108910891088,0.14481192315867106,0.02294280184033969,1.6393535459162385,0,0
699,2.8,0.15049504950495046,0.16266576457752752,1e-17,17.0,0,0
700,3.0,0.19999999999999998,0.19498667128857303,1e-17,17.0,0,0
701,3.0,0.19999999999999998,0.19498667128857303,1e-17,17.0,0,0
702,3.0,0.17227722772277224,0.1665722047113908,1e-17,17.0,0,0
703,2.8,0.16633663366336632,0.16184409300358457,1e-17,17.0,0,0
704,0.4,0.06534653465346535,0.11295810453031022,0.001525097508658427,2.816702388370638,0,0
705,0.2,0.015841584158415842,0.05401260078014202,0.00032535620257014524,3.4876409094885674,0,0
706,0.2,0.031683168316831684,0.0730260947112308,0.01058647624307391,1.9752485727397298,0,0
707,0.0,0.033663366336633666,0.07482947971362847,1.0,-0.0,0,0
708,0.0,0.041584158415841586,0.08116396646304633,1.0,-0.0,0,0
709,0.0,0.041584158415841586,0.08116396646304633,1.0,-0.0,0,0
710,0.0,0.041584158415841586,0.08116396646304633,1.0,-0.0,0,0
711,0.0,0.025742574257425748,0.06697637435757531,1.0,-0.0,0,0
712,0.0,0.08118811881188118,0.11999411807954947,1.0,-0.0,0,0
713,0.0,0.08316831683168316,0.12028786177019754,1.0,-0.0,0,0
714,0.0,0.08514851485148513,0.12054836637801525,1.0,-0.0,0,0
715,0.0,0.08514851485148513,0.12054836637801525,1.0,-0.0,0,0
716,0.0,0.08514851485148513,0.12054836637801525,1.0,-0.0,0,0
717,0.0,0.011881188118811883,0.04727657974777555,1.0,-0.0,0,0
718,0.0,0.0019801980198019802,0.0198019801980198,1.0,-0.0,0,0
719,0.0,0.0,0.0,1.0,-0.0,0,0
720,0.0,0.0,0.0,1.0,-0.0,0,0
721,0.0,0.0,0.0,1.0,-0.0,0,0
722,0.0,0.0,0.0,1.0,-0.0,0,0
723,0.0,0.1603960396039604,0.18025241263723205,1.0,-0.0,0,0
724,0.0,0.1603960396039604,0.18025241263723205,1.0,-0.0,0,0
725,0.0,0.17029702970297025,0.1896033141162111,1.0,-0.0,0,0
726,0.0,0.17029702970297025,0.1896033141162111,1.0,-0.0,0,0
727,0.0,0.17029702970297025,0.1896033141162111,1.0,-0.0,0,0
728,0.0,0.009900990099009901,0.04338396495090425,1.0,-0.0,0,0
729,0.0,0.009900990099009901,0.04338396495090425,1.0,-0.0,0,0
730,0.0,0.0,0.0,1.0,-0.0,0,0
731,0.0,0.10297029702970295,0.13383560593042218,1.0,-0.0,0,0
732,0.0,0.10891089108910891,0.13650445892763632,1.0,-0.0,0,0
733,0.0,0.22772277227722773,0.2010461805385672,1.0,-0.0,0,0
734,0.0,0.22772277227722773,0.2010461805385672,1.0,-0.0,0,0
735,0.0,0.22772277227722773,0.2010461805385672,1.0,-0.0,0,0
736,0.0,0.22376237623762374,0.22032762052595836,1.0,-0.0,0,0
737,0.0,0.21782178217821782,0.21452043665664702,1.0,-0.0,0,0
738,0.0,0.09900990099009901,0.15826725705099476,1.0,-0.0,0,0
739,0.0,0.09900990099009901,0.15826725705099476,1.0,-0.0,0,0
740,0.0,0.09900990099009901,0.15826725705099476,1.0,-0.0,0,0
741,0.0,0.0,0.0,1.0,-0.0,0,0
742,0.2,0.033663366336633666,0.07994704648786674,0.018735949469970602,1.7273242935431963,0,0
743,0.2,0.05346534653465347,0.09704990696905226,0.0655357875709919,1.1835214771048093,0,0
744,0.2,0.05346534653465347,0.09704990696905226,0.0655357875709919,1.1835214771048093,0,0
745,0.2,0.05346534653465347,0.09704990696905226,0.0655357875709919,1.1835214771048093,0,0
746,0.2,0.05346534653465347,0.09704990696905226,0.0655357875709919,1.1835214771048093,0,0
747,0.0,0.023762376237623766,0.06471340450838889,1.0,-0.0,0,0
748,0.0,0.023762376237623766,0.07056843438101174,1.0,-0.0,0,0
749,0.0,0.023762376237623766,0.07056843438101174,1.0,-0.0,0,0
750,0.0,0.023762376237623766,0.07056843438101174,1.0,-0.0,0,0
751,0.0,0.023762376237623766,0.07056843438101174,1.0,-0.0,0,0
752,0.0,0.019801980198019802,0.06603299802191315,1.0,-0.0,0,0
753,0.0,0.0,0.0,1.0,-0.0,0,0
754,0.0,0.061386138613861385,0.11854756076907538,1.0,-0.0,0,0
755,0.0,0.061386138613861385,0.11854756076907538,1.0,-0.0,0,0
756,0.0,0.15445544554455445,0.17091758912506996,1.0,-0.0,0,0
757,0.0,0.15445544554455445,0.17091758912506996,1.0,-0.0,0,0
758,1.4,0.25346534653465347,0.22141057978050935,1.1194696383727799e-07,6.950987680616413,0,0
759,1.4,0.21188118811881188,0.20838232603685222,5.9333775595884325e-09,8.226698015251168,0,0
760,1.4,0.21188118811881188,0.20838232603685222,5.9333775595884325e-09,8.226698015251168,0,0
761,3.0,0.2891089108910891,0.2259856256267264,1.0000000000000002e-17,17.0,0,0
762,3.0,0.2891089108910891,0.2259856256267264,1.0000000000000002e-17,17.0,0,0
763,1.6,0.1900990099009901,0.17434741150934763,3.1643172783560153e-16,15.499719977345357,0,0
764,1.6,0.17029702970297028,0.1674175159433525,1.6725891628005222e-17,16.776610721464404,0,0
765,1.6,0.17029702970297028,0.1674175159433525,1.6725891628005222e-17,16.776610721464404,0,0
766,0.0,0.0,0.0,1.0,-0.0,0,0
767,0.0,0.0,0.0,1.0,-0.0,0,0
768,0.0,0.009900990099009901,0.04338396495090425,1.0,-0.0,0,0
769,0.0,0.025742574257425748,0.06697637435757531,1.0,-0.0,0,0
770,0.0,0.02970297029702971,0.07112192077650681,1.0,-0.0,0,0
771,0.0,0.033663366336633666,0.07482947971362845,1.0,-0.0,0,0
772,0.0,0.033663366336633666,0.07482947971362845,1.0,-0.0,0,0
773,0.0,0.03564356435643565,0.08154954567118415,1.0,-0.0,0,0
774,0.0,0.03564356435643565,0.08154954567118416,1.0,-0.0,0,0
775,0.0,0.03564356435643565,0.08154954567118416,1.0,-0.0,0,0
776,0.0,0.03168316831683169,0.0730260947112308,1.0,-0.0,0,0
777,0.0,0.03168316831683169,0.0730260947112308,1.0,-0.0,0,0
778,0.0,0.021782178217821784,0.06230547612891991,1.0,-0.0,0,0
779,0.0,0.0059405940594059415,0.03395332316729158,1.0,-0.0,0,0
780,0.0,0.017821782178217824,0.056980176514606566,1.0,-0.0,0,0
781,0.0,0.017821782178217824,0.056980176514606566,1.0,-0.0,0,0
782,0.0,0.017821782178217824,0.056980176514606566,1.0,-0.0,0,0
783,0.0,0.015841584158415842,0.05401260078014202,1.0,-0.0,0,0
784,0.0,0.015841584158415842,0.05401260078014202,1.0,-0.0,0,0
785,0.0,0.0,0.0,1.0,-0.0,0,0
786,0.0,0.0,0.0,1.0,-0.0,0,0
787,0.0,0.0,0.0,1.0,-0.0,0,0
788,0.0,0.0,0.0,1.0,-0.0,0,0
789,0.0,0.0,0.0,1.0,-0.0,0,0
790,0.0,0.0019801980198019802,0.019801980198019802,1.0,-0.0,0,0
791,0.0,0.0039603960396039604,0.027863855998951064,1.0,-0.0,0,0
792,0.0,0.0039603960396039604,0.027863855998951064,1.0,-0.0,0,0
793,0.0,0.0039603960396039604,0.027863855998951064,1.0,-0.0,0,0
794,0.0,0.025742574257425745,0.07264925278354116,1.0,-0.0,0,0
795,0.0,0.023762376237623766,0.07056843438101175,1.0,-0.0,0,0
796,0.0,0.021782178217821784,0.06230547612891991,1.0,-0.0,0,0
797,0.0,0.021782178217821784,0.06230547612891991,1.0,-0.0,0,0
798,0.0,0.033663366336633666,0.07994704648786674,1.0,-0.0,0,0
799,0.0,0.015841584158415842,0.06090517425437506,1.0,-0.0,0,0
800,0.0,0.03762376237623763,0.08307396817189318,1.0,-0.0,0,0
801,0.0,0.2237623762376237,0.22211785064364253,1.0,-0.0,0,0
802,0.0,0.2237623762376237,0.22211785064364253,1.0,-0.0,0,0
803,0.0,0.21188118811881188,0.21400801720564436,1.0,-0.0,0,0
804,0.0,0.20792079207920788,0.20857041374193397,1.0,-0.0,0,0
805,0.0,0.18613861386138614,0.19752413211148517,1.0,-0.0,0,0
806,0.0,0.0,0.0,1.0,-0.0,0,0
807,0.0,0.0,0.0,1.0,-0.0,0,0
808,0.0,0.0,0.0,1.0,-0.0,0,0
809,0.0,0.13267326732673265,0.1496589594272569,1.0,-0.0,0,0
810,0.0,0.13267326732673265,0.1496589594272569,1.0,-0.0,0,0
811,0.0,0.14059405940594055,0.15297590428378585,1.0,-0.0,0,0
812,0.0,0.23168316831683167,0.18823342001292906,1.0,-0.0,0,0
813,0.0,0.23168316831683167,0.18823342001292906,1.0,-0.0,0,0
814,0.0,0.12277227722772274,0.13191745702927898,1.0,-0.0,0,0
815,0.0,0.12277227722772274,0.13191745702927898,1.0,-0.0,0,0
816,0.0,0.11287128712871286,0.13324834725751067,1.0,-0.0,0,0
817,0.0,0.023762376237623766,0.07597356868614212,1.0,-0.0,0,0
818,0.0,0.023762376237623766,0.07597356868614212,1.0,-0.0,0,0
819,0.0,0.0019801980198019802,0.0198019801980198,1.0,-0.0,0,0
820,0.0,0.009900990099009901,0.04338396495090424,1.0,-0.0,0,0
821,0.0,0.009900990099009901,0.04338396495090424,1.0,-0.0,0,0
822,0.0,0.007920792079207921,0.03900537743285587,1.0,-0.0,0,0
823,0.0,0.06534653465346535,0.1164113937164283,1.0,-0.0,0,0
824,0.0,0.07524752475247526,0.12219602867755655,1.0,-0.0,0,0
825,0.0,0.07722772277227724,0.11930590361498672,1.0,-0.0,0,0
826,0.0,0.11485148514851483,0.14717547862227365,1.0,-0.0,0,0
827,0.0,0.11485148514851483,0.14717547862227365,1.0,-0.0,0,0
828,0.0,0.12970297029702968,0.15256522997432254,1.0,-0.0,0,0
829,0.0,0.15643564356435644,0.1702740025877676,1.0,-0.0,0,0
830,0.0,0.1465346534653465,0.16140739700843432,1.0,-0.0,0,0
831,0.0,0.11287128712871283,0.14736186103080443,1.0,-0.0,0,0
832,0.0,0.1603960396039604,0.17353585980361697,1.0,-0.0,0,0
833,0.0,0.08712871287128712,0.13324834725751067,1.0,-0.0,0,0
834,0.0,0.05148514851485149,0.10399339410297728,1.0,-0.0,0,0
835,0.0,0.05148514851485149,0.10399339410297728,1.0,-0.0,0,0
836,0.0,0.04950495049504951,0.09504950495049506,1.0,-0.0,0,0
837,0.0,0.11683168316831684,0.13864214704328154,1.0,-0.0,0,0
838,0.0,0.11683168316831684,0.13864214704328154,1.0,-0.0,0,0
839,0.0,0.13465346534653466,0.14380655568606188,1.0,-0.0,0,0
840,0.0,0.13465346534653466,0.14380655568606188,1.0,-0.0,0,0
841,0.0,0.13168316831683166,0.14686876547159333,1.0,-0.0,0,0
842,0.0,0.017821782178217824,0.05698017651460656,1.0,-0.0,0,0
843,0.0,0.017821782178217824,0.05698017651460656,1.0,-0.0,0,0
844,0.0,0.0019801980198019802,0.019801980198019802,1.0,-0.0,0,0
845,0.0,0.0019801980198019802,0.019801980198019802,1.0,-0.0,0,0
846,0.0,0.0,0.0,1.0,-0.0,0,0
847,0.0,0.0,0.0,1.0,-0.0,0,0
848,0.0,0.0,0.0,1.0,-0.0,0,0
849,0.0,0.061386138613861385,0.10046456153636296,1.0,-0.0,0,0
850,0.0,0.06336633663366337,0.10504385908811757,1.0,-0.0,0,0
851,0.0,0.06534653465346535,0.10571364605971598,1.0,-0.0,0,0
852,0.0,0.06534653465346535,0.10571364605971598,1.0,-0.0,0,0
853,0.0,0.06534653465346535,0.10571364605971598,1.0,-0.0,0,0
854,0.0,0.0039603960396039604,0.02786385599895106,1.0,-0.0,0,0
855,0.0,0.0019801980198019802,0.0198019801980198,1.0,-0.0,0,0
856,0.0,0.0,0.0,1.0,-0.0,0,0
857,0.0,0.0,0.0,1.0,-0.0,0,0
858,0.0,0.07920792079207922,0.1322440226302099,1.0,-0.0,0,0
859,0.0,0.07920792079207922,0.1322440226302099,1.0,-0.0,0,0
860,0.0,0.08712871287128712,0.13618810981425267,1.0,-0.0,0,0
861,0.0,0.09504950495049505,0.15049504950495052,1.0,-0.0,0,0
862,0.0,0.09504950495049505,0.15049504950495052,1.0,-0.0,0,0
863,0.0,0.03564356435643565,0.08626938974571076,1.0,-0.0,0,0
864,0.0,0.03762376237623763,0.08771182015980238,1.0,-0.0,0,0
865,0.0,0.033663366336633666,0.07994704648786674,1.0,-0.0,0,0
866,0.0,0.033663366336633666,0.07482947971362845,1.0,-0.0,0,0
867,0.0,0.033663366336633666,0.07482947971362845,1.0,-0.0,0,0
868,0.0,0.031683168316831684,0.0730260947112308,1.0,-0.0,0,0
869,0.0,0.0297029702970297,0.07112192077650681,1.0,-0.0,0,0
870,0.0,0.025742574257425745,0.06697637435757531,1.0,-0.0,0,0
871,0.0,0.017821782178217824,0.05698017651460656,1.0,-0.0,0,0
872,0.0,0.017821782178217824,0.05698017651460656,1.0,-0.0,0,0
873,0.0,0.0,0.0,1.0,-0.0,0,0
874,0.0,0.0,0.0,1.0,-0.0,0,0
875,0.0,0.0059405940594059415,0.03395332316729158,1.0,-0.0,0,0
876,0.0,0.0059405940594059415,0.03395332316729158,1.0,-0.0,0,0
877,0.0,0.0059405940594059415,0.03395332316729158,1.0,-0.0,0,0
878,0.0,0.015841584158415842,0.054012600780142014,1.0,-0.0,0,0
879,0.0,0.019801980198019806,0.05973506189702319,1.0,-0.0,0,0
880,0.0,0.01386138613861386,0.05079507064705211,1.0,-0.0,0,0
881,0.0,0.01386138613861386,0.05079507064705211,1.0,-0.0,0,0
882,0.0,0.03762376237623763,0.08307396817189319,1.0,-0.0,0,0
883,0.0,0.02772277227722773,0.06910862719451544,1.0,-0.0,0,0
884,0.0,0.023762376237623766,0.06471340450838889,1.0,-0.0,0,0
885,0.0,0.023762376237623766,0.06471340450838889,1.0,-0.0,0,0
886,0.0,0.02772277227722773,0.06910862719451544,1.0,-0.0,0,0
887,0.0,0.0039603960396039604,0.02786385599895107,1.0,-0.0,0,0
888,0.0,0.0039603960396039604,0.02786385599895107,1.0,-0.0,0,0
889,0.0,0.0039603960396039604,0.02786385599895107,1.0,-0.0,0,0
890,0.0,0.0039603960396039604,0.02786385599895107,1.0,-0.0,0,0
891,0.0,0.0,0.0,1.0,-0.0,0,0
892,0.0,0.0,0.0,1.0,-0.0,0,0
893,0.0,0.0,0.0,1.0,-0.0,0,0
894,0.0,0.0,0.0,1.0,-0.0,0,0
895,0.0,0.03168316831683169,0.07826167463512676,1.0,-0.0,0,0
896,0.0,0.0871287128712871,0.11745095149573798,1.0,-0.0,0,0
897,0.0,0.0871287128712871,0.11745095149573798,1.0,-0.0,0,0
898,0.0,0.0871287128712871,0.11745095149573798,1.0,-0.0,0,0
899,0.0,0.09306930693069305,0.12126186845461277,1.0,-0.0,0,0
900,0.0,0.061386138613861385,0.10046456153636296,1.0,-0.0,0,0
901,0.0,0.0059405940594059415,0.03395332316729158,1.0,-0.0,0,0
902,0.0,0.0059405940594059415,0.03395332316729158,1.0,-0.0,0,0
903,0.0,0.019801980198019802,0.0597350618970232,1.0,-0.0,0,0
904,0.0,0.013861386138613863,0.05079507064705211,1.0,-0.0,0,0
905,0.0,0.021782178217821784,0.06230547612891991,1.0,-0.0,0,0
906,0.0,0.0910891089108911,0.1335716590419014,1.0,-0.0,0,0
907,0.0,0.09306930693069307,0.13661931335176508,1.0,-0.0,0,0
908,0.0,0.08514851485148514,0.130031327995105,1.0,-0.0,0,0
909,0.0,0.10891089108910891,0.1449472487868919,1.0,-0.0,0,0
910,0.0,0.10099009900990098,0.13965661530697393,1.0,-0.0,0,0
911,0.0,0.031683168316831684,0.07826167463512675,1.0,-0.0,0,0
912,0.0,0.031683168316831684,0.07826167463512675,1.0,-0.0,0,0
913,0.0,0.025742574257425745,0.07264925278354116,1.0,-0.0,0,0
914,0.0,0.0019801980198019802,0.0198019801980198,1.0,-0.0,0,0
915,0.0,0.0039603960396039604,0.02786385599895106,1.0,-0.0,0,0
916,0.0,0.0039603960396039604,0.02786385599895106,1.0,-0.0,0,0
917,0.0,0.07326732673267328,0.12177815335858849,1.0,-0.0,0,0
918,0.0,0.09504950495049505,0.13670539084430264,1.0,-0.0,0,0
919,0.0,0.09504950495049505,0.13670539084430264,1.0,-0.0,0,0
920,0.0,0.09306930693069307,0.13069306930693073,1.0,-0.0,0,0
921,0.0,0.09306930693069307,0.13069306930693073,1.0,-0.0,0,0
922,0.0,0.021782178217821784,0.06836703565002801,1.0,-0.0,0,0
923,0.0,0.0,0.0,1.0,-0.0,0,0
924,0.0,0.0,0.0,1.0,-0.0,0,0
925,0.0,0.0,0.0,1.0,-0.0,0,0
926,0.0,0.0,0.0,1.0,-0.0,0,0
927,0.0,0.0,0.0,1.0,-0.0,0,0
928,0.0,0.11287128712871287,0.13618810981425267,1.0,-0.0,0,0
929,0.0,0.11287128712871287,0.13618810981425267,1.0,-0.0,0,0
930,0.0,0.23960396039603962,0.2106469092589656,1.0,-0.0,0,0
931,0.0,0.30297029702970296,0.25111846659743764,1.0,-0.0,0,0
932,0.0,0.30297029702970296,0.25111846659743764,1.0,-0.0,0,0
933,0.0,0.19009900990099013,0.18748198619476633,1.0,-0.0,0,0
934,0.0,0.19009900990099013,0.18748198619476633,1.0,-0.0,0,0
935,0.0,0.06336633663366337,0.11580349716604711,1.0,-0.0,0,0
936,0.0,0.009900990099009901,0.04338396495090425,1.0,-0.0,0,0
937,0.0,0.009900990099009901,0.04338396495090425,1.0,-0.0,0,0
938,0.0,0.009900990099009901,0.04338396495090425,1.0,-0.0,0,0
939,0.0,0.009900990099009901,0.04338396495090425,1.0,-0.0,0,0
940,0.0,0.009900990099009901,0.04338396495090425,1.0,-0.0,0,0
941,0.0,0.0,0.0,1.0,-0.0,0,0
942,0.0,0.0,0.0,1.0,-0.0,0,0
943,0.0,0.007920792079207921,0.03900537743285587,1.0,-0.0,0,0
944,0.0,0.007920792079207921,0.03900537743285587,1.0,-0.0,0,0
945,0.0,0.007920792079207921,0.03900537743285587,1.0,-0.0,0,0
946,0.0,0.007920792079207921,0.03900537743285587,1.0,-0.0,0,0
947,0.0,0.007920792079207921,0.03900537743285587,1.0,-0.0,0,0
948,0.0,0.06138613861386138,0.10806149425459212,1.0,-0.0,0,0
949,0.0,0.06534653465346535,0.1129581045303102,1.0,-0.0,0,0
950,0.0,0.16237623762376235,0.1881917524042253,1.0,-0.0,0,0
951,0.0,0.16237623762376235,0.1881917524042253,1.0,-0.0,0,0
952,0.0,0.18811881188118812,0.1986524547165854,1.0,-0.0,0,0
953,0.0,0.15445544554455445,0.19676832257092536,1.0,-0.0,0,0
954,0.0,0.15049504950495046,0.1937763140233674,1.0,-0.0,0,0
955,0.0,0.05544554455445544,0.10575073206193021,1.0,-0.0,0,0
956,0.0,0.05742574257425742,0.10656335878870263,1.0,-0.0,0,0
957,0.0,0.031683168316831684,0.07826167463512675,1.0,-0.0,0,0
958,0.0,0.0019801980198019802,0.0198019801980198,1.0,-0.0,0,0
959,0.0,0.0019801980198019802,0.0198019801980198,1.0,-0.0,0,0
960,0.0,0.0019801980198019802,0.0198019801980198,1.0,-0.0,0,0
961,0.0,0.0,0.0,1.0,-0.0,0,0
962,0.0,0.0,0.0,1.0,-0.0,0,0
963,0.0,0.0,0.0,1.0,-0.0,0,0
964,0.0,0.0,0.0,1.0,-0.0,0,0
965,0.0,0.0,0.0,1.0,-0.0,0,0
966,0.0,0.0,0.0,1.0,-0.0,0,0
967,0.0,0.0,0.0,1.0,-0.0,0,0
968,0.0,0.0,0.0,1.0,-0.0,0,0
969,0.0,0.0,0.0,1.0,-0.0,0,0
970,0.0,0.013861386138613863,0.05079507064705211,1.0,-0.0,0,0
971,0.0,0.013861386138613863,0.05079507064705211,1.0,-0.0,0,0
972,0.0,0.013861386138613863,0.05079507064705211,1.0,-0.0,0,0
973,0.0,0.033663366336633666,0.07994704648786674,1.0,-0.0,0,0
974,0.0,0.04356435643564357,0.08721867542790195,1.0,-0.0,0,0
975,0.0,0.0297029702970297,0.07648795214189293,1.0,-0.0,0,0
976,0.0,0.0297029702970297,0.07648795214189293,1.0,-0.0,0,0
977,0.0,0.0297029702970297,0.07648795214189293,1.0,-0.0,0,0
978,0.0,0.0297029702970297,0.07112192077650681,1.0,-0.0,0,0
979,0.0,0.019801980198019806,0.05973506189702319,1.0,-0.0,0,0
980,0.2,0.025742574257425745,0.06697637435757531,0.004637140001348011,2.3337497919853583,0,0
981,0.2,0.025742574257425745,0.06697637435757531,0.004637140001348011,2.3337497919853583,0,0
982,0.4,0.06336633663366337,0.10504385908811757,0.0006760253672663784,3.1700370072283235,0,0
983,0.4,0.04356435643564357,0.08721867542790195,2.18786067554328e-05,4.659980337626219,0,0
984,0.4,0.04356435643564357,0.08721867542790195,2.18786067554328e-05,4.659980337626219,0,0
985,0.2,0.04950495049504951,0.09504950495049506,0.056672754609762926,1.2466256777282645,0,0
986,0.2,0.04950495049504951,0.09504950495049506,0.056672754609762926,1.2466256777282645,0,0
987,0.0,0.031683168316831684,0.07826167463512675,1.0,-0.0,0,0
988,0.0,0.041584158415841586,0.09467748980500532,1.0,-0.0,0,0
989,0.0,0.05346534653465347,0.10489443673781407,1.0,-0.0,0,0
990,0.0,0.04158415841584159,0.09877199139279148,1.0,-0.0,0,0
991,0.0,0.04158415841584159,0.09877199139279148,1.0,-0.0,0,0
992,0.0,0.031683168316831684,0.08316831683168317,1.0,-0.0,0,0
993,0.0,0.0297029702970297,0.07648795214189293,1.0,-0.0,0,0
994,0.0,0.017821782178217824,0.05698017651460656,1.0,-0.0,0,0
995,0.0,0.017821782178217824,0.05698017651460656,1.0,-0.0,0,0
996,0.0,0.0712871287128713,0.11110305060677654,1.0,-0.0,0,0
997,0.0,0.061386138613861385,0.10433219700847123,1.0,-0.0,0,0
998,0.0,0.07524752475247526,0.11205191564986228,1.0,-0.0,0,0
999,0.0,0.08316831683168316,0.11694909354640316,1.0,-0.0,0,0
1000,0.0,0.09702970297029702,0.12778032320714203,1.0,-0.0,0,0
1001,0.0,0.04356435643564357,0.08721867542790195,1.0,-0.0,0,0
1002,0.0,0.04356435643564357,0.08721867542790195,1.0,-0.0,0,0
1003,0.0,0.025742574257425745,0.07264925278354115,1.0,-0.0,0,0
1004,0.0,0.017821782178217824,0.05698017651460656,1.0,-0.0,0,0
1005,0.0,0.0039603960396039604,0.02786385599895107,1.0,-0.0,0,0
1006,0.0,0.0059405940594059415,0.033953323167291584,1.0,-0.0,0,0
1007,0.0,0.039603960396039604,0.09342674148186497,1.0,-0.0,0,0
1008,0.0,0.051485148514851496,0.1001126705723924,1.0,-0.0,0,0
1009,0.0,0.051485148514851496,0.1001126705723924,1.0,-0.0,0,0
1010,0.0,0.051485148514851496,0.1001126705723924,1.0,-0.0,0,0
1011,0.0,0.049504950495049514,0.09912864166957489,1.0,-0.0,0,0
1012,0.0,0.08118811881188118,0.11999411807954946,1.0,-0.0,0,0
1013,0.0,0.07326732673267328,0.11159606181073561,1.0,-0.0,0,0
1014,0.0,0.09900990099009899,0.1308729634998678,1.0,-0.0,0,0
1015,0.0,0.09900990099009899,0.1308729634998678,1.0,-0.0,0,0
1016,0.0,0.09900990099009899,0.1308729634998678,1.0,-0.0,0,0
1017,0.0,0.033663366336633666,0.07482947971362845,1.0,-0.0,0,0
1018,0.0,0.025742574257425748,0.06697637435757531,1.0,-0.0,0,0
1019,0.0,0.0,0.0,1.0,-0.0,0,0
1020,0.0,0.0039603960396039604,0.02786385599895107,1.0,-0.0,0,0
1021,0.0,0.0039603960396039604,0.02786385599895107,1.0,-0.0,0,0
1022,0.0,0.0039603960396039604,0.02786385599895107,1.0,-0.0,0,0
1023,0.0,0.011881188118811883,0.047276579747775535,1.0,-0.0,0,0
1024,0.0,0.011881188118811883,0.047276579747775535,1.0,-0.0,0,0
1025,0.0,0.015841584158415842,0.06090517425437506,1.0,-0.0,0,0
1026,0.0,0.015841584158415842,0.06090517425437506,1.0,-0.0,0,0
1027,0.0,0.015841584158415842,0.06090517425437506,1.0,-0.0,0,0
1028,0.0,0.007920792079207921,0.03900537743285587,1.0,-0.0,0,0
1029,0.0,0.007920792079207921,0.03900537743285587,1.0,-0.0,0,0
1030,0.0,0.0,0.0,1.0,-0.0,0,0
1031,0.0,0.0,0.0,1.0,-0.0,0,0
1032,0.0,0.0,0.0,1.0,-0.0,0,0
1033,0.0,0.0,0.0,1.0,-0.0,0,0
1034,0.0,0.0,0.0,1.0,-0.0,0,0
1035,0.0,0.0,0.0,1.0,-0.0,0,0
1036,0.0,0.0,0.0,1.0,-0.0,0,0
1037,0.0,0.0,0.0,1.0,-0.0,0,0
1038,0.0,0.0,0.0,1.0,-0.0,0,0
1039,0.0,0.06534653465346535,0.11295810453031022,1.0,-0.0,0,0
1040,0.0,0.06534653465346535,0.11295810453031022,1.0,-0.0,0,0
1041,0.0,0.12475247524752472,0.15632280678012314,1.0,-0.0,0,0
1042,0.0,0.13069306930693064,0.1577958163416755,1.0,-0.0,0,0
1043,0.0,0.14059405940594055,0.16055486574752068,1.0,-0.0,0,0
1044,0.0,0.07920792079207921,0.11285391563386145,1.0,-0.0,0,0
1045,0.0,0.1386138613861386,0.14823736453237937,1.0,-0.0,0,0
1046,0.0,0.08316831683168316,0.12353642740976017,1.0,-0.0,0,0
1047,0.0,0.07722772277227723,0.1193059036149867,1.0,-0.0,0,0
1048,0.0,0.06930693069306931,0.11751770396006174,1.0,-0.0,0,0
1049,0.0,0.06534653465346535,0.11641139371642828,1.0,-0.0,0,0
1050,0.0,0.007920792079207921,0.03900537743285587,1.0,-0.0,0,0
1051,0.0,0.0019801980198019802,0.0198019801980198,1.0,-0.0,0,0
1052,0.0,0.0019801980198019802,0.0198019801980198,1.0,-0.0,0,0
1053,0.0,0.013861386138613863,0.05807080514303041,1.0,-0.0,0,0
1054,0.0,0.011881188118811881,0.05501958015623684,1.0,-0.0,0,0
1055,0.0,0.011881188118811881,0.05501958015623684,1.0,-0.0,0,0
1056,0.0,0.041584158415841586,0.08590499787518362,1.0,-0.0,0,0
1057,0.0,0.0613861386138614,0.10046456153636296,1.0,-0.0,0,0
1058,0.0,0.04950495049504951,0.09078727434730813,1.0,-0.0,0,0
1059,0.0,0.051485148514851496,0.09186070102766894,1.0,-0.0,0,0
1060,0.0,0.06138613861386138,0.09644194583672018,1.0,-0.0,0,0
1061,0.0,0.031683168316831684,0.0730260947112308,1.0,-0.0,0,0
1062,0.0,0.10297029702970295,0.16072573376398433,1.0,-0.0,0,0
1063,0.0,0.10297029702970295,0.16072573376398433,1.0,-0.0,0,0
1064,0.0,0.10099009900990098,0.1557448087305797,1.0,-0.0,0,0
1065,0.0,0.09108910891089109,0.14765427233510695,1.0,-0.0,0,0
1066,0.0,0.09108910891089109,0.14765427233510695,1.0,-0.0,0,0
1067,0.0,0.0,0.0,1.0,-0.0,0,0
1068,0.0,0.0,0.0,1.0,-0.0,0,0
1069,0.0,0.015841584158415842,0.05401260078014202,1.0,-0.0,0,0
1070,0.0,0.015841584158415842,0.05401260078014202,1.0,-0.0,0,0
1071,0.0,0.015841584158415842,0.05401260078014202,1.0,-0.0,0,0
1072,0.0,0.015841584158415842,0.05401260078014202,1.0,-0.0,0,0
1073,0.0,0.015841584158415842,0.05401260078014202,1.0,-0.0,0,0
1074,0.0,0.11881188118811879,0.14122019271030048,1.0,-0.0,0,0
1075,0.0,0.11881188118811879,0.14122019271030048,1.0,-0.0,0,0
1076,0.0,0.12376237623762375,0.1401191253095801,1.0,-0.0,0,0
1077,0.0,0.12376237623762375,0.1401191253095801,1.0,-0.0,0,0
1078,0.0,0.15643564356435644,0.16793200037318168,1.0,-0.0,0,0
1079,0.0,0.03564356435643565,0.08626938974571076,1.0,-0.0,0,0
1080,0.0,0.03564356435643565,0.08626938974571076,1.0,-0.0,0,0
1081,0.0,0.031683168316831684,0.0730260947112308,1.0,-0.0,0,0
1082,0.0,0.031683168316831684,0.0730260947112308,1.0,-0.0,0,0
1083,0.0,0.0039603960396039604,0.027863855998951064,1.0,-0.0,0,0
1084,0.0,0.0039603960396039604,0.027863855998951064,1.0,-0.0,0,0
1085,0.0,0.0039603960396039604,0.027863855998951064,1.0,-0.0,0,0
1086,0.0,0.023762376237623766,0.06471340450838887,1.0,-0.0,0,0
1087,0.0,0.033663366336633666,0.07994704648786674,1.0,-0.0,0,0
1088,0.0,0.0613861386138614,0.10433219700847123,1.0,-0.0,0,0
1089,0.0,0.0613861386138614,0.10433219700847123,1.0,-0.0,0,0
1090,0.0,0.0613861386138614,0.10433219700847123,1.0,-0.0,0,0
1091,0.0,0.041584158415841586,0.08116396646304633,1.0,-0.0,0,0
1092,0.0,0.12079207920792075,0.12611234319279727,1.0,-0.0,0,0
1093,0.0,0.08712871287128712,0.11745095149573798,1.0,-0.0,0,0
1094,0.0,0.12277227722772276,0.14884451859775158,1.0,-0.0,0,0
1095,0.0,0.17227722772277226,0.17355845414780538,1.0,-0.0,0,0
1096,0.0,0.17227722772277226,0.17355845414780538,1.0,-0.0,0,0
1097,0.0,0.08316831683168316,0.12353642740976016,1.0,-0.0,0,0
1098,0.0,0.08316831683168316,0.12353642740976016,1.0,-0.0,0,0
1099,0.0,0.04752475247524753,0.09809478080396702,1.0,-0.0,0,0
1100,0.0,0.011881188118811883,0.047276579747775535,1.0,-0.0,0,0
1101,0.0,0.011881188118811883,0.047276579747775535,1.0,-0.0,0,0
1102,0.0,0.011881188118811883,0.047276579747775535,1.0,-0.0,0,0
1103,0.0,0.011881188118811883,0.047276579747775535,1.0,-0.0,0,0
1104,0.0,0.011881188118811883,0.047276579747775535,1.0,-0.0,0,0
1105,0.0,0.0,0.0,1.0,-0.0,0,0
1106,0.0,0.04356435643564357,0.09587103712404124,1.0,-0.0,0,0
1107,0.0,0.04950495049504951,0.09912864166957489,1.0,-0.0,0,0
1108,0.0,0.04950495049504951,0.09912864166957489,1.0,-0.0,0,0
1109,0.0,0.04950495049504951,0.09912864166957489,1.0,-0.0,0,0
1110,0.0,0.04950495049504951,0.09912864166957489,1.0,-0.0,0,0
1111,0.0,0.019801980198019806,0.05973506189702319,1.0,-0.0,0,0
1112,0.0,0.0198019801980198,0.059735061897023205,1.0,-0.0,0,0
1113,0.0,0.0198019801980198,0.059735061897023205,1.0,-0.0,0,0
1114,0.0,0.0198019801980198,0.059735061897023205,1.0,-0.0,0,0
1115,0.0,0.025742574257425748,0.06697637435757531,1.0,-0.0,0,0
1116,0.0,0.03762376237623763,0.07816140339006158,1.0,-0.0,0,0
1117,0.0,0.031683168316831684,0.0730260947112308,1.0,-0.0,0,0
1118,0.0,0.031683168316831684,0.0730260947112308,1.0,-0.0,0,0
1119,0.0,0.06138613861386138,0.09644194583672018,1.0,-0.0,0,0
1120,0.0,0.05544554455445545,0.09384550979067555,1.0,-0.0,0,0
1121,0.0,0.0297029702970297,0.07112192077650681,1.0,-0.0,0,0
1122,0.0,0.0297029702970297,0.07112192077650681,1.0,-0.0,0,0
1123,0.0,0.0297029702970297,0.07112192077650681,1.0,-0.0,0,0
1124,0.0,0.0,0.0,1.0,-0.0,0,0
1125,0.0,0.0,0.0,1.0,-0.0,0,0
1126,0.0,0.0,0.0,1.0,-0.0,0,0
1127,0.0,0.0039603960396039604,0.027863855998951064,1.0,-0.0,0,0
1128,0.0,0.0039603960396039604,0.027863855998951064,1.0,-0.0,0,0
1129,0.0,0.01386138613861386,0.05079507064705211,1.0,-0.0,0,0
1130,0.0,0.031683168316831684,0.0730260947112308,1.0,-0.0,0,0
1131,0.0,0.031683168316831684,0.0730260947112308,1.0,-0.0,0,0
1132,0.0,0.031683168316831684,0.0730260947112308,1.0,-0.0,0,0
1133,0.0,0.031683168316831684,0.0730260947112308,1.0,-0.0,0,0
