,foreground,bg_means,bg_stdev,pvals,minus_logs,regs,active
2,0.0,0.0,0.0,1.0,-0.0,0,0
3,0.0,0.0,0.0,1.0,-0.0,0,0
4,0.0,0.0,0.0,1.0,-0.0,0,0
5,0.0,0.0,0.0,1.0,-0.0,0,0
6,0.0,0.0,0.0,1.0,-0.0,0,0
7,0.0,0.05940594059405942,0.09138994660763826,1.0,-0.0,0,0
8,0.2,0.09702970297029703,0.11811677855054843,0.19166777960950088,0.7174508882377105,0,0
9,0.2,0.09702970297029703,0.11811677855054843,0.19166777960950088,0.7174508882377105,0,0
10,0.2,0.09702970297029703,0.11811677855054843,0.19166777960950088,0.7174508882377105,0,0
11,0.2,0.09702970297029703,0.11811677855054843,0.19166777960950088,0.7174508882377105,0,0
12,0.2,0.03762376237623763,0.07816140339006158,0.01888012292982573,1.723995182306426,0,0
13,0.0,0.0,0.0,1.0,-0.0,0,0
14,0.0,0.0,0.0,1.0,-0.0,0,0
15,0.2,0.02772277227722772,0.06910862719451544,0.0063361735559086295,2.1981729353735644,0,0
16,0.2,0.02772277227722772,0.06910862719451544,0.0063361735559086295,2.1981729353735644,0,0
17,0.2,0.02772277227722772,0.06910862719451544,0.0063361735559086295,2.1981729353735644,0,0
18,0.2,0.02772277227722772,0.06910862719451544,0.0063361735559086295,2.1981729353735644,0,0
19,0.2,0.02772277227722772,0.06910862719451544,0.0063361735559086295,2.1981729353735644,0,0
20,0.0,0.0,0.0,1.0,-0.0,0,0
21,0.0,0.0,0.0,1.0,-0.0,0,0
22,0.0,0.0,0.0,1.0,-0.0,0,0
23,0.0,0.0,0.0,1.0,-0.0,0,0
24,0.0,0.015841584158415842,0.054012600780142014,1.0,-0.0,0,0
25,0.0,0.015841584158415842,0.054012600780142014,1.0,-0.0,0,0
26,0.0,0.015841584158415842,0.054012600780142014,1.0,-0.0,0,0
27,0.0,0.08712871287128712,0.12077584698595571,1.0,-0.0,0,0
28,0.0,0.11485148514851483,0.13598641357140118,1.0,-0.0,0,0
29,0.0,0.13069306930693067,0.1303024465454424,1.0,-0.0,0,0
30,0.0,0.13069306930693067,0.1303024465454424,1.0,-0.0,0,0
31,0.0,0.17227722772277226,0.14080307987826676,1.0,-0.0,0,0
32,0.0,0.13267326732673265,0.1414975848312859,1.0,-0.0,0,0
33,0.0,0.17623762376237626,0.15742262902456866,1.0,-0.0,0,0
34,0.0,0.1465346534653465,0.14041265664345218,1.0,-0.0,0,0
35,0.0,0.19801980198019797,0.165296132710568,1.0,-0.0,0,0
36,0.0,0.15643564356435644,0.1505211024869694,1.0,-0.0,0,0
37,0.4,0.17821782178217818,0.1589594632902137,0.08147593361223888,1.0889706543630264,0,0
38,0.4,0.1287128712871287,0.1366767043701972,0.023578801393111866,1.6274782756441555,0,0
39,0.4,0.1287128712871287,0.1366767043701972,0.023578801393111866,1.6274782756441555,0,0
40,0.6,0.1306930693069307,0.1577958163416755,0.0014690524777009716,2.8329626900035607,0,0
41,1.0,0.2554455445544554,0.21821746239930154,0.0003224596812017133,3.491524579714805,0,0
42,0.6,0.22772277227722768,0.19906654038593571,0.03073395824282679,1.5123815031242036,0,0
43,1.0,0.29504950495049503,0.22966882641422534,0.001072367847476725,2.9696562158312414,0,0
44,1.0,0.3287128712871287,0.23307527941404238,0.0019875554789683444,2.7016807399678253,0,0
45,1.0,0.3207920792079208,0.20310307176171227,0.00041266975749352835,3.3843973572309825,0,0
46,0.6,0.21980198019801975,0.16769833948309013,0.011690399206835586,1.9321706581824198,0,0
47,0.6,0.2099009900990099,0.16501122103762106,0.009037560584520175,2.043948778335354,0,0
48,0.2,0.16633663366336632,0.14369744599229098,0.4073894006469073,0.3899902745514716,0,0
49,0.2,0.13267326732673265,0.1414975848312859,0.31710294183422544,0.49879972890812296,0,0
50,0.0,0.08514851485148514,0.11378818137472194,1.0,-0.0,0,0
51,0.0,0.0613861386138614,0.09644194583672018,1.0,-0.0,0,0
52,0.0,0.04554455445544555,0.08387254884969257,1.0,-0.0,0,0
53,0.0,0.0,0.0,1.0,-0.0,0,0
54,0.0,0.0,0.0,1.0,-0.0,0,0
55,0.0,0.0,0.0,1.0,-0.0,0,0
56,0.0,0.0,0.0,1.0,-0.0,0,0
57,0.0,0.0,0.0,1.0,-0.0,0,0
58,0.0,0.0,0.0,1.0,-0.0,0,0
59,0.0,0.0,0.0,1.0,-0.0,0,0
60,0.2,0.04752475247524753,0.08512548617902843,0.03663203844700429,1.4361389136681444,0,0
61,0.2,0.08514851485148514,0.12054836637801526,0.17036041751406306,0.7686313042414473,0,0
62,0.2,0.08514851485148514,0.12054836637801526,0.17036041751406306,0.7686313042414473,0,0
63,0.2,0.08514851485148514,0.12054836637801526,0.17036041751406306,0.7686313042414473,0,0
64,0.2,0.08514851485148514,0.12054836637801526,0.17036041751406306,0.7686313042414473,0,0
65,0.0,0.03762376237623763,0.08307396817189318,1.0,-0.0,0,0
66,0.0,0.0,0.0,1.0,-0.0,0,0
67,0.2,0.07722772277227724,0.10889288780093088,0.12977421193735644,0.886811599723601,0,0
68,0.2,0.07722772277227724,0.10889288780093088,0.12977421193735644,0.886811599723601,0,0
69,0.2,0.07722772277227724,0.10889288780093088,0.12977421193735644,0.886811599723601,0,0
70,0.4,0.12673267326732673,0.14818445096134422,0.032584096790634155,1.4869943128540535,0,0
71,0.8,0.21584158415841584,0.20427736592964435,0.0021206537415296768,2.673530236914419,0,0
72,0.6,0.1386138613861386,0.15348770198080078,0.0013234852536934813,2.878280893255891,0,0
73,0.6,0.22970297029702974,0.172083651345746,0.015704854257157872,1.8039660895491954,0,0
74,0.6,0.3108910891089109,0.2188633961132372,0.09325802196181356,1.0303138003353087,0,0
75,0.4,0.2871287128712871,0.2056929203750161,0.29159302348573435,0.5352228709504063,0,0
76,0.2,0.2792079207920792,0.22529049747846167,1.0,-0.0,0,0
77,0.2,0.300990099009901,0.2297200403353468,1.0,-0.0,0,0
78,0.6,0.401980198019802,0.2509310181015997,0.21501497817674903,0.6675312856056261,0,0
79,0.8,0.5881188118811881,0.2401678986607145,0.18882862644456194,0.7239321659463585,0,0
80,0.8,0.5623762376237623,0.2432663394524549,0.16433286470603242,0.784275573916313,0,0
81,0.6,0.4811881188118812,0.2289506286383308,0.30190092286611575,0.5201355594013838,0,0
82,0.6,0.4792079207920792,0.22529049747846167,0.2959234877463989,0.5288205630792224,0,0
83,0.2,0.2871287128712871,0.21139019635774287,1.0,-0.0,0,0
84,0.0,0.019801980198019802,0.059735061897023205,1.0,-0.0,0,0
85,0.0,0.019801980198019802,0.059735061897023205,1.0,-0.0,0,0
86,0.0,0.12376237623762376,0.13726357881681875,1.0,-0.0,0,0
87,0.0,0.10297029702970298,0.12778032320714203,1.0,-0.0,0,0
88,0.0,0.1603960396039604,0.14897618117864575,1.0,-0.0,0,0
89,0.0,0.1603960396039604,0.14897618117864575,1.0,-0.0,0,0
90,0.0,0.1881188118811881,0.16607711957435053,1.0,-0.0,0,0
91,0.0,0.09900990099009899,0.12781100644043505,1.0,-0.0,0,0
92,0.0,0.12475247524752472,0.14852805221860732,1.0,-0.0,0,0
93,0.0,0.06930693069306931,0.10693069306930696,1.0,-0.0,0,0
94,0.0,0.06930693069306931,0.10693069306930696,1.0,-0.0,0,0
95,0.0,0.041584158415841586,0.08590499787518362,1.0,-0.0,0,0
96,0.0,0.025742574257425745,0.0669763743575753,1.0,-0.0,0,0
97,0.0,0.0,0.0,1.0,-0.0,0,0
98,0.0,0.0,0.0,1.0,-0.0,0,0
99,0.0,0.0,0.0,1.0,-0.0,0,0
100,0.0,0.0,0.0,1.0,-0.0,0,0
101,0.0,0.017821782178217824,0.05698017651460656,1.0,-0.0,0,0
102,0.0,0.017821782178217824,0.05698017651460656,1.0,-0.0,0,0
103,0.0,0.017821782178217824,0.05698017651460656,1.0,-0.0,0,0
104,0.0,0.017821782178217824,0.05698017651460656,1.0,-0.0,0,0
105,0.0,0.017821782178217824,0.05698017651460656,1.0,-0.0,0,0
106,0.0,0.0,0.0,1.0,-0.0,0,0
107,0.0,0.0,0.0,1.0,-0.0,0,0
108,0.0,0.0,0.0,1.0,-0.0,0,0
109,0.0,0.0,0.0,1.0,-0.0,0,0
110,0.0,0.0,0.0,1.0,-0.0,0,0
111,0.0,0.0,0.0,1.0,-0.0,0,0
112,0.0,0.08712871287128712,0.11402914890208296,1.0,-0.0,0,0
113,0.2,0.14059405940594058,0.15554326246855826,0.3512583071183333,0.45437339607478805,0,0
114,0.2,0.14059405940594058,0.15554326246855826,0.3512583071183333,0.45437339607478805,0,0
115,0.2,0.14059405940594058,0.15554326246855826,0.3512583071183333,0.45437339607478805,0,0
116,0.2,0.14059405940594058,0.15554326246855826,0.3512583071183333,0.45437339607478805,0,0
117,0.2,0.06732673267326733,0.11000352009767247,0.11389293410569636,0.9435032186258506,0,0
118,0.0,0.04356435643564357,0.08255312311158747,1.0,-0.0,0,0
119,0.0,0.04356435643564357,0.08255312311158747,1.0,-0.0,0,0
120,0.0,0.04356435643564357,0.08255312311158747,1.0,-0.0,0,0
121,0.0,0.061386138613861385,0.10433219700847123,1.0,-0.0,0,0
122,0.0,0.04554455445544555,0.09283729243351321,1.0,-0.0,0,0
123,0.0,0.017821782178217824,0.05698017651460656,1.0,-0.0,0,0
124,0.0,0.017821782178217824,0.05698017651460656,1.0,-0.0,0,0
125,0.0,0.017821782178217824,0.05698017651460656,1.0,-0.0,0,0
126,0.0,0.0,0.0,1.0,-0.0,0,0
127,0.0,0.0,0.0,1.0,-0.0,0,0
128,0.0,0.0,0.0,1.0,-0.0,0,0
129,0.0,0.03762376237623763,0.07816140339006157,1.0,-0.0,0,0
130,0.0,0.08118811881188118,0.13254020222321994,1.0,-0.0,0,0
131,0.0,0.10693069306930694,0.1530271610800924,1.0,-0.0,0,0
132,0.0,0.1584158415841584,0.16486858056632595,1.0,-0.0,0,0
133,0.0,0.20990099009900987,0.17883282225545563,1.0,-0.0,1,0
134,0.0,0.2653465346534653,0.20892731388689076,1.0,-0.0,0,0
135,0.0,0.5782178217821784,0.29904268392839334,1.0,-0.0,0,0
136,0.0,0.7009900990099008,0.3241119014390642,1.0,-0.0,0,0
137,0.0,0.6514851485148515,0.30785552140031713,1.0,-0.0,0,0
138,0.0,0.6158415841584158,0.30139368460908883,1.0,-0.0,0,0
139,0.2,0.9485148514851485,0.39866456815002416,1.0,-0.0,0,0
140,0.2,0.5920792079207922,0.3043197798033684,1.0,-0.0,0,0
141,0.2,0.4415841584158416,0.2584291184328784,1.0,-0.0,0,0
142,0.2,0.4415841584158416,0.2584291184328784,1.0,-0.0,0,0
143,0.2,0.42574257425742573,0.26200047817450683,1.0,-0.0,0,0
144,0.0,0.0,0.0,1.0,-0.0,0,0
145,0.0,0.0,0.0,1.0,-0.0,0,0
146,0.0,0.0,0.0,1.0,-0.0,0,0
147,0.0,0.0,0.0,1.0,-0.0,0,0
148,0.0,0.0,0.0,1.0,-0.0,0,0
149,0.0,0.0,0.0,1.0,-0.0,0,0
150,0.0,0.051485148514851475,0.08744317689433512,1.0,-0.0,0,0
151,0.0,0.051485148514851475,0.08744317689433512,1.0,-0.0,0,0
152,0.0,0.13267326732673265,0.14698885988036148,1.0,-0.0,0,0
153,0.0,0.16435643564356434,0.1697897117641665,1.0,-0.0,0,0
154,0.0,0.2554455445544554,0.20512022435768013,1.0,-0.0,0,0
155,0.0,0.2851485148514851,0.20555943401759963,1.0,-0.0,0,0
156,0.0,0.2851485148514851,0.20555943401759963,1.0,-0.0,0,0
157,0.0,0.20594059405940596,0.1603349107326508,1.0,-0.0,0,0
158,0.0,0.1742574257425742,0.1425742574257426,1.0,-0.0,0,0
159,0.0,0.08118811881188118,0.10964648079134362,1.0,-0.0,0,0
160,0.0,0.0,0.0,1.0,-0.0,0,0
161,0.0,0.0,0.0,1.0,-0.0,0,0
162,0.0,0.0,0.0,1.0,-0.0,0,0
163,0.0,0.0,0.0,1.0,-0.0,0,0
164,0.0,0.0,0.0,1.0,-0.0,0,0
165,0.0,0.0,0.0,1.0,-0.0,0,0
166,0.0,0.0,0.0,1.0,-0.0,0,0
167,0.0,0.0,0.0,1.0,-0.0,0,0
168,0.0,0.0,0.0,1.0,-0.0,0,0
169,0.0,0.0,0.0,1.0,-0.0,0,0
170,0.0,0.0,0.0,1.0,-0.0,0,0
171,0.0,0.0,0.0,1.0,-0.0,0,0
172,0.0,0.0,0.0,1.0,-0.0,0,0
173,0.0,0.0,0.0,1.0,-0.0,0,0
174,0.0,0.0,0.0,1.0,-0.0,0,0
175,0.0,0.0,0.0,1.0,-0.0,0,0
176,0.2,0.06534653465346535,0.10571364605971598,0.10137482685028305,0.9940698745616096,0,0
177,0.2,0.09306930693069305,0.13661931335176508,0.21690432421099842,0.663731789791914,0,0
178,0.2,0.16633663366336632,0.16184409300358454,0.4176149782033498,0.3792239332950453,0,0
179,0.2,0.2059405940594059,0.19387746573147427,1.0,-0.0,0,0
180,0.2,0.22574257425742575,0.20423897153668616,1.0,-0.0,0,0
181,0.0,0.2099009900990099,0.19975477565019392,1.0,-0.0,0,0
182,0.0,0.19999999999999998,0.19700731252448173,1.0,-0.0,0,0
183,0.0,0.1287128712871287,0.1423540653909816,1.0,-0.0,0,0
184,0.0,0.08712871287128712,0.12401163019288061,1.0,-0.0,0,0
185,0.0,0.12277227722772276,0.1434243086117372,1.0,-0.0,0,0
186,0.0,0.07326732673267328,0.10038647014365605,1.0,-0.0,0,0
187,0.0,0.07920792079207921,0.11631029826208643,1.0,-0.0,0,0
188,0.0,0.07920792079207921,0.11631029826208643,1.0,-0.0,0,0
189,0.0,0.10495049504950493,0.1307830473343237,1.0,-0.0,0,0
190,0.0,0.04950495049504951,0.09078727434730813,1.0,-0.0,0,0
191,1.0,0.2554455445544554,0.1911275803883351,4.898023787278501e-05,4.309979110052728,0,0
192,1.0,0.2811881188118812,0.20523489140717902,0.00023055523165405604,3.6372250185206565,0,0
193,1.4,0.4079207920792079,0.20666286139643167,7.914619056449898e-07,6.101569983601771,0,0
194,1.6,0.4118811881188119,0.2140080172056443,1.4141268464757797e-08,7.849511632792521,0,0
195,1.6,0.4257425742574257,0.21555981244630934,2.554445621575226e-08,7.592703338039922,0,0
196,0.8,0.2613861386138614,0.21012504387932376,0.005184096940979077,2.2853268858915827,0,0
197,0.8,0.21188118811881188,0.19462435446028695,0.0012563199077526715,2.900899758304883,0,0
198,0.4,0.08514851485148514,0.12379009590564582,0.0054884971830115705,2.260546554360662,0,0
199,0.2,0.05544554455445544,0.10575073206193022,0.08582272375636786,1.066397706377696,0,0
