,foreground,bg_means,bg_stdev,pvals,minus_logs,regs,active
2,0.0,0.08118811881188118,0.10964648079134362,1.0,-0.0,0,0
3,0.0,0.06732673267326733,0.102550553475042,1.0,-0.0,0,0
4,0.0,0.06732673267326733,0.102550553475042,1.0,-0.0,0,0
5,0.0,0.06732673267326733,0.102550553475042,1.0,-0.0,0,0
6,0.0,0.0,0.0,1.0,-0.0,0,0
7,0.0,0.07524752475247526,0.13156027914354926,1.0,-0.0,0,0
8,0.0,0.07524752475247526,0.13156027914354926,1.0,-0.0,0,0
9,0.0,0.08316831683168317,0.13575553664160483,1.0,-0.0,0,0
10,0.0,0.08316831683168317,0.13575553664160483,1.0,-0.0,0,0
11,0.0,0.0891089108910891,0.1420507440353343,1.0,-0.0,0,0
12,0.0,0.013861386138613863,0.05807080514303042,1.0,-0.0,0,0
13,0.0,0.013861386138613863,0.05807080514303042,1.0,-0.0,0,0
14,0.0,0.08316831683168316,0.12978985828256587,1.0,-0.0,0,0
15,0.0,0.11683168316831684,0.15737280385192495,1.0,-0.0,0,0
16,0.0,0.11089108910891088,0.15018206119491914,1.0,-0.0,0,0
17,0.0,0.11089108910891088,0.15018206119491914,1.0,-0.0,0,0
18,0.0,0.12475247524752475,0.15376846462033406,1.0,-0.0,0,0
19,0.0,0.0594059405940594,0.11096178792967841,1.0,-0.0,0,0
20,0.0,0.06534653465346535,0.12620558708220353,1.0,-0.0,0,0
21,0.0,0.07326732673267328,0.13117223890438964,1.0,-0.0,0,0
22,0.0,0.07326732673267328,0.13117223890438964,1.0,-0.0,0,0
23,0.0,0.05940594059405942,0.11096178792967841,1.0,-0.0,0,0
24,0.0,0.047524752475247525,0.09809478080396702,1.0,-0.0,0,0
25,0.0,0.007920792079207921,0.03900537743285587,1.0,-0.0,0,0
26,0.0,0.015841584158415842,0.05401260078014202,1.0,-0.0,0,0
27,0.0,0.015841584158415842,0.05401260078014202,1.0,-0.0,0,0
28,0.0,0.015841584158415842,0.05401260078014202,1.0,-0.0,0,0
29,0.0,0.033663366336633666,0.07994704648786674,1.0,-0.0,0,0
30,0.0,0.033663366336633666,0.07994704648786674,1.0,-0.0,0,0
31,0.0,0.017821782178217824,0.05698017651460656,1.0,-0.0,0,0
32,0.0,0.017821782178217824,0.05698017651460656,1.0,-0.0,0,0
33,0.0,0.017821782178217824,0.05698017651460656,1.0,-0.0,0,0
34,0.0,0.0,0.0,1.0,-0.0,0,0
35,0.0,0.0,0.0,1.0,-0.0,0,0
36,0.0,0.009900990099009901,0.04338396495090425,1.0,-0.0,0,0
37,0.0,0.011881188118811883,0.04727657974777555,1.0,-0.0,0,0
38,0.0,0.011881188118811883,0.04727657974777555,1.0,-0.0,0,0
39,0.0,0.011881188118811883,0.04727657974777555,1.0,-0.0,0,0
40,0.0,0.011881188118811883,0.04727657974777555,1.0,-0.0,0,0
41,0.0,0.0019801980198019802,0.019801980198019802,1.0,-0.0,0,0
42,0.0,0.0,0.0,1.0,-0.0,0,0
43,0.0,0.0,0.0,1.0,-0.0,0,0
44,0.0,0.023762376237623766,0.07056843438101175,1.0,-0.0,0,0
45,0.0,0.023762376237623766,0.07056843438101175,1.0,-0.0,0,0
46,0.0,0.0297029702970297,0.08150144802873932,1.0,-0.0,0,0
47,0.0,0.03762376237623763,0.08771182015980238,1.0,-0.0,0,0
48,0.0,0.04950495049504951,0.09504950495049506,1.0,-0.0,0,0
49,0.0,0.025742574257425745,0.06697637435757531,1.0,-0.0,0,0
50,0.0,0.06534653465346535,0.11295810453031019,1.0,-0.0,0,0
51,0.0,0.0613861386138614,0.10806149425459212,1.0,-0.0,0,0
52,0.0,0.057425742574257435,0.11021718851545144,1.0,-0.0,0,0
53,0.0,0.04554455445544555,0.09283729243351321,1.0,-0.0,0,0
54,0.0,0.10297029702970295,0.1367627457412436,1.0,-0.0,0,0
55,0.0,0.06930693069306931,0.11057238501634631,1.0,-0.0,0,0
56,0.0,0.06732673267326733,0.11000352009767247,1.0,-0.0,0,0
57,0.0,0.06336633663366337,0.10874875419996817,1.0,-0.0,0,0
58,0.0,0.06930693069306931,0.12084076279122662,1.0,-0.0,0,0
59,0.0,0.015841584158415842,0.06090517425437505,1.0,-0.0,0,0
60,0.0,0.017821782178217824,0.056980176514606566,1.0,-0.0,0,0
61,0.0,0.033663366336633666,0.07482947971362847,1.0,-0.0,0,0
62,0.0,0.0712871287128713,0.11110305060677653,1.0,-0.0,0,0
63,0.0,0.07722772277227724,0.11593886073904515,1.0,-0.0,0,0
64,0.0,0.07326732673267328,0.11159606181073561,1.0,-0.0,0,0
65,0.0,0.06534653465346535,0.10189845806153354,1.0,-0.0,0,0
66,0.0,0.05346534653465347,0.09704990696905227,1.0,-0.0,0,0
67,0.0,0.03168316831683169,0.07826167463512676,1.0,-0.0,0,0
68,0.0,0.03762376237623763,0.07816140339006158,1.0,-0.0,0,0
69,0.0,0.03762376237623763,0.07816140339006158,1.0,-0.0,0,0
70,0.0,0.03762376237623763,0.07816140339006158,1.0,-0.0,0,0
71,0.0,0.033663366336633666,0.07482947971362847,1.0,-0.0,0,0
72,0.0,0.017821782178217824,0.056980176514606566,1.0,-0.0,0,0
73,0.0,0.017821782178217824,0.05698017651460656,1.0,-0.0,0,0
74,0.0,0.017821782178217824,0.05698017651460656,1.0,-0.0,0,0
75,0.0,0.017821782178217824,0.05698017651460656,1.0,-0.0,0,0
76,0.0,0.10891089108910891,0.14494724878689189,1.0,-0.0,0,0
77,0.0,0.13762376237623758,0.16341133493685353,1.0,-0.0,0,0
78,0.0,0.1188118811881188,0.157148395081398,1.0,-0.0,0,0
79,0.0,0.1287128712871287,0.15564406822280066,1.0,-0.0,0,0
80,0.0,0.1287128712871287,0.15564406822280066,1.0,-0.0,0,0
81,0.0,0.03762376237623763,0.07816140339006158,1.0,-0.0,0,0
82,0.0,0.03960396039603961,0.08452453849668534,1.0,-0.0,0,0
83,0.0,0.03960396039603961,0.08452453849668534,1.0,-0.0,0,0
84,0.0,0.029702970297029712,0.07648795214189293,1.0,-0.0,0,0
85,0.0,0.033663366336633666,0.08475617647141663,1.0,-0.0,0,0
86,0.0,0.033663366336633666,0.08475617647141663,1.0,-0.0,0,0
87,0.0,0.017821782178217824,0.056980176514606566,1.0,-0.0,0,0
88,0.0,0.06336633663366337,0.1158034971660471,1.0,-0.0,0,0
89,0.0,0.06336633663366337,0.1158034971660471,1.0,-0.0,0,0
90,0.0,0.07722772277227724,0.12576985749069639,1.0,-0.0,0,0
91,0.0,0.11089108910891088,0.13923481846532235,1.0,-0.0,0,0
92,0.0,0.14653465346534655,0.14863361587956597,1.0,-0.0,0,0
93,0.0,0.09900990099009903,0.12467387119760154,1.0,-0.0,0,0
94,0.0,0.09900990099009903,0.12467387119760154,1.0,-0.0,0,0
95,0.0,0.08118811881188118,0.11999411807954946,1.0,-0.0,0,0
96,0.0,0.057425742574257435,0.10656335878870264,1.0,-0.0,0,0
97,0.0,0.03564356435643565,0.08154954567118415,1.0,-0.0,0,0
98,0.0,0.039603960396039604,0.0890869059738772,1.0,-0.0,0,0
99,0.0,0.041584158415841586,0.09039772047931349,1.0,-0.0,0,0
100,0.0,0.04752475247524753,0.09397077637785879,1.0,-0.0,0,0
101,0.0,0.03762376237623763,0.08771182015980238,1.0,-0.0,0,0
102,0.0,0.017821782178217824,0.0635517090529949,1.0,-0.0,0,0
103,0.0,0.01386138613861386,0.0580708051430304,1.0,-0.0,0,0
104,0.0,0.011881188118811883,0.05501958015623685,1.0,-0.0,0,0
105,0.0,0.007920792079207921,0.03900537743285587,1.0,-0.0,0,0
106,0.0,0.011881188118811883,0.05501958015623685,1.0,-0.0,0,0
107,0.0,0.011881188118811881,0.047276579747775535,1.0,-0.0,0,0
108,0.0,0.017821782178217824,0.0635517090529949,1.0,-0.0,0,0
109,0.0,0.025742574257425745,0.07264925278354115,1.0,-0.0,0,0
110,0.0,0.06336633663366337,0.1158034971660471,1.0,-0.0,0,0
111,0.0,0.0712871287128713,0.1213265242141813,1.0,-0.0,0,0
112,0.0,0.08712871287128714,0.127165103825761,1.0,-0.0,0,0
113,0.0,0.100990099009901,0.1367914141716479,1.0,-0.0,0,0
114,0.0,0.1207920792079208,0.1594028657227573,1.0,-0.0,0,0
115,0.0,0.10495049504950495,0.15049504950495052,1.0,-0.0,0,0
116,0.0,0.10099009900990098,0.15574480873057972,1.0,-0.0,0,0
117,0.0,0.0891089108910891,0.13923481846532235,1.0,-0.0,0,0
118,0.0,0.06930693069306931,0.11751770396006173,1.0,-0.0,0,0
119,0.0,0.041584158415841586,0.08590499787518362,1.0,-0.0,0,0
120,0.0,0.017821782178217824,0.05698017651460656,1.0,-0.0,0,0
121,0.0,0.009900990099009901,0.04338396495090425,1.0,-0.0,0,0
122,0.0,0.015841584158415842,0.054012600780142014,1.0,-0.0,0,0
123,0.0,0.015841584158415842,0.054012600780142014,1.0,-0.0,0,0
124,0.0,0.033663366336633666,0.07482947971362847,1.0,-0.0,0,0
125,0.0,0.033663366336633666,0.07482947971362847,1.0,-0.0,0,0
126,0.0,0.06534653465346535,0.10571364605971598,1.0,-0.0,0,0
127,0.0,0.06930693069306931,0.12722675963729912,1.0,-0.0,0,0
128,0.0,0.06930693069306931,0.12722675963729912,1.0,-0.0,0,0
129,0.0,0.051485148514851496,0.10773441987117183,1.0,-0.0,0,0
130,0.0,0.16237623762376235,0.18393470922349497,1.0,-0.0,0,0
131,0.0,0.1306930693069307,0.1500775867049221,1.0,-0.0,0,0
132,0.0,0.10891089108910891,0.1335716590419014,1.0,-0.0,0,0
133,0.0,0.16831683168316833,0.16823527435849064,1.0,-0.0,0,0
134,0.0,0.16831683168316833,0.16823527435849064,1.0,-0.0,0,0
135,0.0,0.09504950495049505,0.13670539084430264,1.0,-0.0,0,0
136,0.0,0.12277227722772277,0.1488445185977516,1.0,-0.0,0,0
137,0.0,0.12277227722772277,0.1488445185977516,1.0,-0.0,0,0
138,0.0,0.06534653465346535,0.10571364605971598,1.0,-0.0,0,0
139,0.0,0.08316831683168319,0.12028786177019753,1.0,-0.0,0,0
140,0.0,0.04554455445544555,0.08846854615322249,1.0,-0.0,0,0
141,0.0,0.05148514851485149,0.09186070102766893,1.0,-0.0,0,0
142,0.0,0.05148514851485149,0.09186070102766893,1.0,-0.0,0,0
143,0.0,0.05148514851485149,0.09186070102766893,1.0,-0.0,0,0
144,0.0,0.033663366336633666,0.07482947971362847,1.0,-0.0,0,0
145,0.0,0.033663366336633666,0.07482947971362847,1.0,-0.0,0,0
146,0.0,0.06732673267326733,0.12356816445008076,1.0,-0.0,0,0
147,0.0,0.07524752475247526,0.12539516989297084,1.0,-0.0,0,0
148,0.0,0.07524752475247526,0.12539516989297084,1.0,-0.0,0,0
149,0.0,0.07524752475247526,0.12539516989297084,1.0,-0.0,0,0
150,0.0,0.07524752475247526,0.12539516989297084,1.0,-0.0,0,0
151,0.0,0.009900990099009901,0.04338396495090425,1.0,-0.0,0,0
152,0.0,0.0019801980198019802,0.0198019801980198,1.0,-0.0,0,0
153,0.0,0.0019801980198019802,0.0198019801980198,1.0,-0.0,0,0
154,0.0,0.0019801980198019802,0.0198019801980198,1.0,-0.0,0,0
155,0.0,0.0019801980198019802,0.0198019801980198,1.0,-0.0,0,0
156,0.0,0.08514851485148514,0.13304219431477882,1.0,-0.0,0,0
157,0.0,0.08514851485148514,0.13304219431477882,1.0,-0.0,0,0
158,0.0,0.1396039603960396,0.17007814623254636,1.0,-0.0,0,0
159,0.0,0.19207920792079206,0.19071681786668523,1.0,-0.0,0,0
160,0.0,0.2633663366336633,0.22852205833136865,1.0,-0.0,0,0
161,0.0,0.19999999999999998,0.18020889968243098,1.0,-0.0,0,0
162,0.0,0.21584158415841584,0.19229343978313213,1.0,-0.0,0,0
163,0.0,0.1623762376237624,0.17511042352027043,1.0,-0.0,0,0
164,0.0,0.17425742574257425,0.18808754299792682,1.0,-0.0,0,0
165,0.0,0.10099009900990098,0.14521752172118102,1.0,-0.0,0,0
166,0.0,0.097029702970297,0.14243667729389659,1.0,-0.0,0,0
167,0.0,0.08118811881188118,0.12951766673875514,1.0,-0.0,0,0
168,0.0,0.09306930693069305,0.1422989641443302,1.0,-0.0,0,0
169,0.0,0.0297029702970297,0.07648795214189293,1.0,-0.0,0,0
170,0.0,0.061386138613861385,0.11166631429601336,1.0,-0.0,0,0
171,0.0,0.04554455445544555,0.08846854615322249,1.0,-0.0,0,0
172,0.0,0.04554455445544555,0.08846854615322249,1.0,-0.0,0,0
173,0.0,0.033663366336633666,0.07482947971362845,1.0,-0.0,0,0
174,0.0,0.033663366336633666,0.07482947971362845,1.0,-0.0,0,0
175,0.0,0.0019801980198019802,0.0198019801980198,1.0,-0.0,0,0
176,0.0,0.011881188118811881,0.047276579747775535,1.0,-0.0,0,0
177,0.0,0.011881188118811881,0.047276579747775535,1.0,-0.0,0,0
178,0.0,0.011881188118811881,0.047276579747775535,1.0,-0.0,0,0
179,0.0,0.011881188118811881,0.047276579747775535,1.0,-0.0,0,0
180,0.0,0.011881188118811881,0.047276579747775535,1.0,-0.0,0,0
181,0.0,0.0,0.0,1.0,-0.0,0,0
182,0.0,0.0039603960396039604,0.027863855998951068,1.0,-0.0,0,0
183,0.0,0.0039603960396039604,0.027863855998951068,1.0,-0.0,0,0
184,0.0,0.015841584158415842,0.05401260078014202,1.0,-0.0,0,0
185,0.0,0.019801980198019802,0.059735061897023205,1.0,-0.0,0,0
186,0.0,0.019801980198019802,0.059735061897023205,1.0,-0.0,0,0
187,0.0,0.06534653465346535,0.10571364605971598,1.0,-0.0,0,0
188,0.0,0.09306930693069307,0.14229896414433016,1.0,-0.0,0,0
189,0.0,0.1188118811881188,0.14399729871443837,1.0,-0.0,0,0
190,0.0,0.11485148514851484,0.13304219431477882,1.0,-0.0,0,0
191,0.0,0.1287128712871287,0.13954426081146826,1.0,-0.0,0,0
192,0.0,0.07722772277227723,0.122580495370631,1.0,-0.0,0,0
193,0.0,0.08118811881188118,0.12325042629382525,1.0,-0.0,0,0
194,0.0,0.05148514851485149,0.10011267057239238,1.0,-0.0,0,0
195,0.0,0.05148514851485149,0.10011267057239238,1.0,-0.0,0,0
196,0.0,0.09306930693069305,0.13948804962658473,1.0,-0.0,0,0
197,0.0,0.09702970297029703,0.13962853515884507,1.0,-0.0,0,0
198,0.0,0.06534653465346535,0.12302752132284413,1.0,-0.0,0,0
199,0.0,0.057425742574257435,0.12051583409665695,1.0,-0.0,0,0
200,0.0,0.057425742574257435,0.12051583409665695,1.0,-0.0,0,0
201,0.0,0.0039603960396039604,0.027863855998951068,1.0,-0.0,0,0
202,0.0,0.011881188118811883,0.047276579747775535,1.0,-0.0,0,0
203,0.0,0.011881188118811883,0.047276579747775535,1.0,-0.0,0,0
204,0.0,0.011881188118811883,0.047276579747775535,1.0,-0.0,0,0
205,0.0,0.017821782178217824,0.0635517090529949,1.0,-0.0,0,0
206,0.0,0.05346534653465347,0.09287951999650357,1.0,-0.0,0,0
207,0.0,0.041584158415841586,0.08116396646304633,1.0,-0.0,0,0
208,0.0,0.09900990099009901,0.14246420394934614,1.0,-0.0,0,0
209,0.0,0.16831683168316833,0.183977340979595,1.0,-0.0,0,0
210,0.0,0.1900990099009901,0.18748198619476633,1.0,-0.0,0,0
211,0.0,0.15445544554455443,0.166218722942046,1.0,-0.0,0,0
212,0.0,0.15445544554455443,0.166218722942046,1.0,-0.0,0,0
213,0.0,0.09504950495049502,0.12457948087149173,1.0,-0.0,0,0
214,0.0,0.02772277227722773,0.06910862719451545,1.0,-0.0,0,0
215,0.0,0.013861386138613863,0.050795070647052104,1.0,-0.0,0,0
216,0.0,0.09108910891089109,0.1243589581632284,1.0,-0.0,0,0
217,0.0,0.09108910891089109,0.1243589581632284,1.0,-0.0,0,0
218,0.0,0.10495049504950495,0.13670539084430264,1.0,-0.0,0,0
219,0.0,0.10495049504950495,0.13670539084430264,1.0,-0.0,0,0
220,0.0,0.09108910891089109,0.13057300215314485,1.0,-0.0,0,0
221,0.0,0.013861386138613863,0.05079507064705212,1.0,-0.0,0,0
222,0.0,0.013861386138613863,0.05079507064705212,1.0,-0.0,0,0
223,0.0,0.0,0.0,1.0,-0.0,0,0
224,0.0,0.0,0.0,1.0,-0.0,0,0
225,0.0,0.0019801980198019802,0.0198019801980198,1.0,-0.0,0,0
226,0.0,0.017821782178217824,0.05698017651460656,1.0,-0.0,0,0
227,0.0,0.02772277227722772,0.07461957893630407,1.0,-0.0,0,0
228,0.0,0.031683168316831684,0.07826167463512675,1.0,-0.0,0,0
229,0.0,0.031683168316831684,0.07826167463512675,1.0,-0.0,0,0
230,0.0,0.03762376237623762,0.08771182015980238,1.0,-0.0,0,0
231,0.0,0.03564356435643565,0.08154954567118415,1.0,-0.0,0,0
232,0.0,0.025742574257425745,0.07264925278354116,1.0,-0.0,0,0
233,0.0,0.021782178217821784,0.06230547612891991,1.0,-0.0,0,0
234,0.0,0.021782178217821784,0.06230547612891991,1.0,-0.0,0,0
235,0.0,0.019801980198019802,0.06603299802191316,1.0,-0.0,0,0
236,0.0,0.019801980198019802,0.0597350618970232,1.0,-0.0,0,0
237,0.0,0.019801980198019802,0.0597350618970232,1.0,-0.0,0,0
238,0.0,0.019801980198019802,0.0597350618970232,1.0,-0.0,0,0
239,0.0,0.019801980198019802,0.0597350618970232,1.0,-0.0,0,0
240,0.0,0.01386138613861386,0.05079507064705211,1.0,-0.0,0,0
241,0.0,0.021782178217821784,0.06230547612891991,1.0,-0.0,0,0
242,0.0,0.021782178217821784,0.06230547612891991,1.0,-0.0,0,0
243,0.0,0.021782178217821784,0.06230547612891991,1.0,-0.0,0,0
244,0.0,0.03564356435643564,0.08154954567118415,1.0,-0.0,0,0
245,0.0,0.03564356435643564,0.08154954567118415,1.0,-0.0,0,0
246,0.0,0.013861386138613863,0.050795070647052104,1.0,-0.0,0,0
247,0.0,0.013861386138613863,0.050795070647052104,1.0,-0.0,0,0
248,0.0,0.013861386138613863,0.050795070647052104,1.0,-0.0,0,0
249,0.0,0.0,0.0,1.0,-0.0,0,0
250,0.0,0.0,0.0,1.0,-0.0,0,0
251,0.0,0.0,0.0,1.0,-0.0,0,0
252,0.0,0.015841584158415842,0.06090517425437505,1.0,-0.0,0,0
253,0.0,0.015841584158415842,0.06090517425437505,1.0,-0.0,0,0
254,0.0,0.015841584158415842,0.06090517425437505,1.0,-0.0,0,0
255,0.0,0.023762376237623766,0.07056843438101175,1.0,-0.0,0,0
256,0.0,0.06732673267326733,0.1135467024699521,1.0,-0.0,0,0
257,0.0,0.0712871287128713,0.11461224656227947,1.0,-0.0,0,0
258,0.0,0.0712871287128713,0.11461224656227947,1.0,-0.0,0,0
259,0.2,0.1188118811881188,0.13838736799727644,0.2787117051527264,0.5548447916867998,0,0
260,0.2,0.18415841584158413,0.19434208548729184,0.46751662972876473,0.33020293651127414,0,0
261,0.2,0.1396039603960396,0.16773340936730116,0.3593967895111371,0.44442580675911225,0,0
262,0.4,0.12871287128712872,0.16550949460567813,0.050595892874666176,1.2958847356159928,0,0
263,1.0,0.20990099009900987,0.21686558801789288,0.00013460022487343424,3.8709542145458453,0,0
264,1.2,0.19009900990099005,0.19975477565019392,2.144031486555849e-07,6.668768841023554,0,0
265,1.2,0.1742574257425742,0.19018150025414607,3.455052578436684e-08,7.461545339215638,0,0
266,2.0,0.2732673267326733,0.22816143716172793,1.8956278702203762e-14,13.722246914767982,0,0
267,1.8,0.2693069306930693,0.2223824972889736,2.9270853440512983e-12,11.533564614802218,0,0
268,1.2,0.2396039603960396,0.2106469092589656,2.566592521900017e-06,5.590643075441256,0,0
269,0.8,0.2435643564356435,0.2041237450273529,0.003205620409724228,2.4940879054760328,0,0
270,0.8,0.1881188118811881,0.17760069168141515,0.00028525143364519027,3.5447721641836107,0,0
271,0.0,0.097029702970297,0.11471483847889297,1.0,-0.0,0,0
272,0.0,0.09108910891089106,0.11440678673785577,1.0,-0.0,0,0
273,0.0,0.041584158415841586,0.08116396646304633,1.0,-0.0,0,0
274,0.0,0.009900990099009901,0.04338396495090425,1.0,-0.0,0,0
275,0.0,0.009900990099009901,0.04338396495090425,1.0,-0.0,0,0
276,0.0,0.0,0.0,1.0,-0.0,0,0
277,0.0,0.0,0.0,1.0,-0.0,0,0
278,0.0,0.0,0.0,1.0,-0.0,0,0
279,0.0,0.009900990099009901,0.04338396495090425,1.0,-0.0,0,0
280,0.0,0.009900990099009901,0.04338396495090425,1.0,-0.0,0,0
281,0.0,0.009900990099009901,0.04338396495090425,1.0,-0.0,0,0
282,0.0,0.015841584158415842,0.05401260078014202,1.0,-0.0,0,0
283,0.0,0.015841584158415842,0.05401260078014202,1.0,-0.0,0,0
284,0.0,0.04554455445544554,0.08846854615322249,1.0,-0.0,0,0
285,0.0,0.0594059405940594,0.09968089464279778,1.0,-0.0,0,0
286,0.0,0.0594059405940594,0.09968089464279778,1.0,-0.0,0,0
287,0.0,0.05346534653465347,0.09287951999650358,1.0,-0.0,0,0
288,0.0,0.05346534653465347,0.09287951999650358,1.0,-0.0,0,0
289,0.0,0.02970297029702971,0.07112192077650682,1.0,-0.0,0,0
290,0.2,0.033663366336633666,0.07994704648786674,0.018735949469970602,1.7273242935431963,0,0
291,0.2,0.033663366336633666,0.07994704648786674,0.018735949469970602,1.7273242935431963,0,0
292,0.2,0.04356435643564357,0.08721867542790193,0.036438310127516464,1.4384417721851064,0,0
293,0.4,0.0891089108910891,0.12097048989545554,0.005085298257653241,2.2936835702035108,0,0
294,1.2,0.16237623762376235,0.17735766020493526,2.4510879166222037e-09,8.610641111016742,0,0
295,1.0,0.1425742574257426,0.1787450945963843,8.05623540073369e-07,6.0938678523171435,0,0
296,1.6,0.19999999999999998,0.19700731252448173,5.958339696772978e-13,12.224874740424685,0,0
297,1.6,0.1900990099009901,0.1977622086930122,5.045081763965412e-13,12.297131790903533,0,0
298,1.4,0.14356435643564355,0.17143300604381728,1.1593233956972338e-13,12.935795399777827,0,0
299,1.2,0.08514851485148513,0.12054836637801526,1.0011418711870687e-17,16.999504374560793,0,0
300,1.8,0.20198019801980194,0.189830668692386,2.9126581118983784e-17,16.535710489910585,0,0
301,1.8,0.25742574257425743,0.22220610121355305,1.9317452082489708e-12,11.714050156361884,0,0
302,1.8,0.28712871287128716,0.23949756249886503,1.3347023878581636e-10,9.874615562554174,0,0
303,1.8,0.28910891089108914,0.24450434408621793,3.2172051286923224e-10,9.492521247640452,0,0
304,1.2,0.28118811881188116,0.23910429858413587,6.0838081310442594e-05,4.215824491026451,0,0
305,0.6,0.1881188118811881,0.19257871154715578,0.016227230647647098,1.7897555908988196,0,0
306,0.0,0.07524752475247526,0.1189108498693262,1.0,-0.0,0,0
307,0.2,0.05940594059405942,0.09562531855564071,0.07074570539322604,1.1502999187808278,0,0
308,0.2,0.09108910891089109,0.11440678673785577,0.17055817672492546,0.7681274552575101,0,0
309,0.2,0.08316831683168316,0.12353642740976017,0.17214403052095056,0.7641080328301242,0,0
310,0.2,0.13465346534653463,0.14102569358229589,0.3215509638069872,0.49275018433831536,0,0
311,0.4,0.1584158415841584,0.1497637259500122,0.05336118011287024,1.2727745743156411,0,0
312,0.2,0.1485148514851485,0.1425467520222985,0.3589821507873714,0.44492714475667955,0,0
313,0.2,0.12475247524752475,0.14852805221860732,0.30621016232029796,0.5139804002922561,0,0
314,0.2,0.1287128712871287,0.15564406822280066,0.3234712690031588,0.4901642876923811,0,0
315,0.2,0.09900990099009899,0.15057319492752777,0.25120444096548267,0.5999726871093836,0,0
316,0.0,0.07920792079207921,0.11966689053257921,1.0,-0.0,0,0
317,0.0,0.0871287128712871,0.11402914890208293,1.0,-0.0,0,0
318,0.0,0.07524752475247524,0.11205191564986226,1.0,-0.0,0,0
319,0.0,0.09900990099009901,0.1308729634998678,1.0,-0.0,0,0
320,0.0,0.08910891089108909,0.11765109526742927,1.0,-0.0,0,0
321,0.0,0.11485148514851483,0.130031327995105,1.0,-0.0,0,0
322,0.0,0.1386138613861386,0.14554118673277588,1.0,-0.0,0,0
323,0.0,0.1386138613861386,0.14554118673277588,1.0,-0.0,0,0
324,0.0,0.14356435643564355,0.17372781806360282,1.0,-0.0,0,0
325,0.0,0.11089108910891086,0.16283441756692102,1.0,-0.0,0,0
326,0.0,0.08118811881188118,0.12951766673875512,1.0,-0.0,0,0
327,0.0,0.061386138613861385,0.11166631429601336,1.0,-0.0,0,0
328,0.0,0.061386138613861385,0.11166631429601336,1.0,-0.0,0,0
329,0.0,0.013861386138613863,0.050795070647052104,1.0,-0.0,0,0
330,0.0,0.09108910891089109,0.1335716590419014,1.0,-0.0,0,0
331,0.0,0.09108910891089109,0.1335716590419014,1.0,-0.0,0,0
332,0.0,0.07722772277227724,0.11593886073904515,1.0,-0.0,0,0
333,0.0,0.07722772277227724,0.11593886073904515,1.0,-0.0,0,0
334,0.0,0.14653465346534653,0.1686077858012515,1.0,-0.0,0,0
335,0.0,0.08316831683168317,0.13864214704328154,1.0,-0.0,0,0
336,0.0,0.09306930693069307,0.1422989641443302,1.0,-0.0,0,0
337,0.2,0.11683168316831682,0.15225649732072147,0.2924511013876268,0.5339467387196432,0,0
338,0.2,0.15445544554455443,0.1842967648111355,0.4024052887673831,0.3953363200311632,0,0
339,0.2,0.1267326732673267,0.13117223890438967,0.28823164465668516,0.540258340158629,0,0
340,0.2,0.13069306930693067,0.1419402846531281,0.3126749433702565,0.5049069201387143,0,0
341,0.2,0.11881188118811879,0.14122019271030045,0.28267795627661374,0.5487080572363221,0,0
342,0.0,0.10495049504950493,0.13670539084430264,1.0,-0.0,0,0
343,0.0,0.06930693069306931,0.11057238501634631,1.0,-0.0,0,0
344,0.0,0.0297029702970297,0.07112192077650681,1.0,-0.0,0,0
345,0.0,0.009900990099009901,0.04338396495090425,1.0,-0.0,0,0
346,0.0,0.039603960396039604,0.07970143286137867,1.0,-0.0,0,0
347,0.2,0.08910891089108909,0.13042276277287215,0.19759489744115794,0.7042242745346299,0,0
348,0.2,0.09504950495049502,0.13670539084430264,0.22132887875055152,0.6549619161055136,0,0
349,0.2,0.09504950495049502,0.13670539084430264,0.22132887875055152,0.6549619161055136,0,0
350,0.2,0.09504950495049502,0.13670539084430264,0.22132887875055152,0.6549619161055136,0,0
351,0.2,0.10495049504950493,0.13670539084430264,0.2434376750920733,0.6136122082817695,0,0
352,0.0,0.05940594059405942,0.10733330877518932,1.0,-0.0,0,0
353,0.0,0.05346534653465348,0.10104832334394512,1.0,-0.0,0,0
354,0.0,0.06336633663366337,0.11233152161332939,1.0,-0.0,0,0
355,0.0,0.06336633663366337,0.11233152161332939,1.0,-0.0,0,0
356,0.0,0.04950495049504951,0.09912864166957489,1.0,-0.0,0,0
357,0.0,0.04752475247524753,0.09809478080396702,1.0,-0.0,0,0
358,0.0,0.0613861386138614,0.10433219700847123,1.0,-0.0,0,0
359,0.0,0.06930693069306931,0.11751770396006173,1.0,-0.0,0,0
360,0.0,0.10495049504950495,0.14513649268759363,1.0,-0.0,0,0
361,0.2,0.13663366336633662,0.16633663366336632,0.3516192916994658,0.4539273052456436,0,0
362,0.4,0.1386138613861386,0.16825858048513265,0.06015439443670927,1.2207326408112107,0,0
363,0.6,0.1386138613861386,0.16588812705842174,0.0027070090219008243,2.5675102968134556,0,0
364,0.8,0.12475247524752475,0.15376846462033406,5.633062249789299e-06,5.249255449440912,0,0
365,0.8,0.0891089108910891,0.13042276277287215,2.5090584334545565e-08,7.600489224284686,0,0
366,0.8,0.04752475247524753,0.09809478080396702,8.549687794864036e-15,14.068049743920174,0,0
367,0.6,0.033663366336633666,0.08475617647141662,1.1789088825917612e-11,10.928519760059116,0,0
368,0.4,0.04950495049504951,0.10304643034659552,0.0003352925125692628,3.474576144710637,0,0
369,0.2,0.04554455445544555,0.09700949476369024,0.05567344326657026,1.2543519178087958,0,0
370,0.2,0.04554455445544555,0.09700949476369024,0.05567344326657026,1.2543519178087958,0,0
371,0.0,0.033663366336633666,0.08930671115865095,1.0,-0.0,0,0
372,0.0,0.033663366336633666,0.08930671115865095,1.0,-0.0,0,0
373,0.0,0.0039603960396039604,0.02786385599895107,1.0,-0.0,0,0
374,0.0,0.019801980198019802,0.059735061897023205,1.0,-0.0,0,0
375,0.0,0.019801980198019802,0.059735061897023205,1.0,-0.0,0,0
376,0.0,0.06732673267326733,0.1135467024699521,1.0,-0.0,0,0
377,0.0,0.06732673267326733,0.1135467024699521,1.0,-0.0,0,0
378,0.0,0.06732673267326733,0.1135467024699521,1.0,-0.0,0,0
379,0.2,0.14257425742574253,0.16004116713803365,0.35986541021271234,0.4438598951522593,0,0
380,0.2,0.14257425742574253,0.16004116713803365,0.35986541021271234,0.4438598951522593,0,0
381,0.2,0.1287128712871287,0.15564406822280066,0.3234712690031588,0.4901642876923811,0,0
382,0.2,0.1465346534653465,0.15893479355105836,0.36828537908031406,0.4338155222821531,0,0
383,0.2,0.17227722772277226,0.17355845414780538,0.4365462475118457,0.35996974056033865,0,0
384,0.0,0.08316831683168317,0.12353642740976017,1.0,-0.0,0,0
385,0.0,0.14059405940594058,0.15554326246855826,1.0,-0.0,0,0
386,0.0,0.09900990099009901,0.13965661530697393,1.0,-0.0,0,0
387,0.0,0.09306930693069305,0.1422989641443302,1.0,-0.0,0,0
388,0.0,0.11287128712871286,0.14736186103080443,1.0,-0.0,0,0
389,0.0,0.16237623762376235,0.17511042352027043,1.0,-0.0,0,0
390,0.0,0.10495049504950496,0.14238160801780242,1.0,-0.0,0,0
391,0.0,0.10495049504950496,0.14238160801780242,1.0,-0.0,0,0
392,0.0,0.10891089108910891,0.14765427233510695,1.0,-0.0,0,0
393,0.0,0.06336633663366337,0.10874875419996817,1.0,-0.0,0,0
394,0.0,0.013861386138613863,0.05807080514303041,1.0,-0.0,0,0
395,0.0,0.015841584158415842,0.06090517425437505,1.0,-0.0,0,0
396,0.0,0.023762376237623766,0.08101890117021301,1.0,-0.0,0,0
397,0.0,0.009900990099009901,0.04338396495090424,1.0,-0.0,0,0
398,0.0,0.009900990099009901,0.04338396495090424,1.0,-0.0,0,0
399,0.0,0.009900990099009901,0.04338396495090424,1.0,-0.0,0,0
400,0.0,0.007920792079207921,0.03900537743285587,1.0,-0.0,0,0
401,0.4,0.04554455445544555,0.09283729243351323,6.726114370462085e-05,4.172235752240194,0,0
402,0.4,0.05940594059405942,0.11096178792967841,0.0010721888769873531,2.9697287025090255,0,0
403,0.4,0.13168316831683166,0.1521663323044604,0.03892387925098641,1.4097838833743443,0,0
404,0.4,0.13168316831683166,0.1521663323044604,0.03892387925098641,1.4097838833743443,0,0
405,0.4,0.13168316831683166,0.1521663323044604,0.03892387925098641,1.4097838833743443,0,0
406,0.0,0.08514851485148513,0.12379009590564581,1.0,-0.0,0,0
407,0.0,0.07128712871287128,0.11110305060677653,1.0,-0.0,0,0
408,0.0,0.0,0.0,1.0,-0.0,0,0
409,0.0,0.039603960396039604,0.08452453849668534,1.0,-0.0,0,0
410,0.0,0.039603960396039604,0.08452453849668534,1.0,-0.0,0,0
411,0.0,0.039603960396039604,0.08452453849668534,1.0,-0.0,0,0
412,0.0,0.039603960396039604,0.08452453849668534,1.0,-0.0,0,0
413,0.0,0.05148514851485149,0.1001126705723924,1.0,-0.0,0,0
414,0.0,0.0297029702970297,0.07648795214189293,1.0,-0.0,0,0
415,0.0,0.0297029702970297,0.07648795214189293,1.0,-0.0,0,0
416,0.0,0.05346534653465347,0.09704990696905227,1.0,-0.0,0,0
417,0.0,0.05346534653465347,0.09704990696905227,1.0,-0.0,0,0
418,0.0,0.041584158415841586,0.08590499787518362,1.0,-0.0,0,0
419,0.0,0.023762376237623766,0.06471340450838887,1.0,-0.0,0,0
420,0.0,0.041584158415841586,0.08116396646304633,1.0,-0.0,0,0
421,0.0,0.01782178217821782,0.05698017651460657,1.0,-0.0,0,0
422,0.0,0.01782178217821782,0.05698017651460657,1.0,-0.0,0,0
423,0.0,0.01782178217821782,0.05698017651460657,1.0,-0.0,0,0
424,0.0,0.01782178217821782,0.05698017651460657,1.0,-0.0,0,0
425,0.0,0.06534653465346535,0.10189845806153354,1.0,-0.0,0,0
426,0.0,0.06534653465346535,0.10189845806153354,1.0,-0.0,0,0
427,0.2,0.06930693069306931,0.10316052497133552,0.10259725727169978,0.9888642490457182,0,0
428,0.2,0.08316831683168316,0.11694909354640316,0.15889830100735314,0.798880746386554,0,0
429,0.2,0.14257425742574256,0.15501295675866078,0.35552074633585173,0.44913505103467577,0,0
430,0.2,0.08316831683168316,0.13280619910579972,0.1895067021318459,0.7223754260789861,0,0
431,0.2,0.10495049504950493,0.14784005112815915,0.26013761214092834,0.584796850555697,0,0
432,0.0,0.1425742574257426,0.16249693654596944,1.0,-0.0,0,0
433,0.0,0.1277227722772277,0.1503255950626118,1.0,-0.0,0,0
434,0.0,0.07722772277227723,0.11593886073904515,1.0,-0.0,0,0
435,0.0,0.06930693069306931,0.11057238501634628,1.0,-0.0,0,0
436,0.0,0.04752475247524753,0.09809478080396702,1.0,-0.0,0,0
437,0.0,0.007920792079207921,0.03900537743285587,1.0,-0.0,0,0
438,0.0,0.007920792079207921,0.03900537743285587,1.0,-0.0,0,0
439,0.0,0.0,0.0,1.0,-0.0,0,0
440,0.0,0.0,0.0,1.0,-0.0,0,0
441,0.0,0.0,0.0,1.0,-0.0,0,0
442,0.0,0.0,0.0,1.0,-0.0,0,0
443,0.0,0.0,0.0,1.0,-0.0,0,0
444,0.0,0.0,0.0,1.0,-0.0,0,0
445,0.0,0.0,0.0,1.0,-0.0,0,0
446,0.0,0.047524752475247525,0.0939707763778588,1.0,-0.0,0,0
447,0.0,0.06732673267326733,0.11000352009767247,1.0,-0.0,0,0
448,0.0,0.06732673267326733,0.11000352009767247,1.0,-0.0,0,0
449,0.0,0.06930693069306931,0.11057238501634628,1.0,-0.0,0,0
450,0.0,0.06930693069306931,0.11057238501634628,1.0,-0.0,0,0
451,0.0,0.021782178217821784,0.06230547612891991,1.0,-0.0,0,0
452,0.0,0.0019801980198019802,0.0198019801980198,1.0,-0.0,0,0
453,0.0,0.03762376237623763,0.08771182015980238,1.0,-0.0,0,0
454,0.0,0.03564356435643565,0.08626938974571076,1.0,-0.0,0,0
455,0.0,0.03762376237623763,0.08771182015980238,1.0,-0.0,0,0
456,0.0,0.0594059405940594,0.10733330877518932,1.0,-0.0,0,0
457,0.0,0.0594059405940594,0.10733330877518932,1.0,-0.0,0,0
458,0.0,0.03762376237623763,0.07816140339006158,1.0,-0.0,0,0
459,0.0,0.03762376237623763,0.07816140339006158,1.0,-0.0,0,0
460,0.0,0.03564356435643565,0.07653920035678292,1.0,-0.0,0,0
461,0.0,0.01386138613861386,0.05079507064705211,1.0,-0.0,0,0
462,0.0,0.01386138613861386,0.05079507064705211,1.0,-0.0,0,0
463,0.0,0.0,0.0,1.0,-0.0,0,0
464,0.0,0.0,0.0,1.0,-0.0,0,0
465,0.0,0.0,0.0,1.0,-0.0,0,0
466,0.0,0.0,0.0,1.0,-0.0,0,0
467,0.0,0.0,0.0,1.0,-0.0,0,0
468,0.0,0.0059405940594059415,0.03395332316729158,1.0,-0.0,0,0
469,0.0,0.0059405940594059415,0.03395332316729158,1.0,-0.0,0,0
470,0.0,0.0059405940594059415,0.03395332316729158,1.0,-0.0,0,0
471,0.0,0.0059405940594059415,0.03395332316729158,1.0,-0.0,0,0
472,0.0,0.0059405940594059415,0.03395332316729158,1.0,-0.0,0,0
473,0.0,0.09108910891089109,0.12750384183766536,1.0,-0.0,0,0
474,0.0,0.09108910891089109,0.12750384183766536,1.0,-0.0,0,0
475,0.0,0.09108910891089109,0.12750384183766536,1.0,-0.0,0,0
476,0.0,0.09108910891089109,0.12750384183766536,1.0,-0.0,0,0
477,0.0,0.2059405940594059,0.20576915941409615,1.0,-0.0,0,0
478,0.0,0.11287128712871287,0.16510624622317494,1.0,-0.0,0,0
479,0.0,0.18613861386138614,0.20538768122280024,1.0,-0.0,0,0
480,0.0,0.20792079207920788,0.20857041374193397,1.0,-0.0,0,0
481,0.0,0.20792079207920788,0.20857041374193397,1.0,-0.0,0,0
482,0.0,0.10099009900990098,0.15057319492752774,1.0,-0.0,0,0
483,0.0,0.11089108910891088,0.1527963700899836,1.0,-0.0,0,0
484,0.0,0.10495049504950496,0.1606769328720855,1.0,-0.0,0,0
485,0.0,0.08316831683168317,0.13864214704328154,1.0,-0.0,0,0
486,0.0,0.09702970297029702,0.14243667729389659,1.0,-0.0,0,0
487,0.0,0.0891089108910891,0.13342479626077638,1.0,-0.0,0,0
488,0.0,0.07920792079207921,0.11966689053257921,1.0,-0.0,0,0
489,0.0,0.013861386138613863,0.05079507064705211,1.0,-0.0,0,0
490,0.0,0.021782178217821784,0.06230547612891991,1.0,-0.0,0,0
491,0.0,0.007920792079207921,0.03900537743285587,1.0,-0.0,0,0
492,0.0,0.019801980198019802,0.059735061897023205,1.0,-0.0,0,0
493,0.0,0.019801980198019802,0.059735061897023205,1.0,-0.0,0,0
494,0.0,0.039603960396039604,0.07970143286137865,1.0,-0.0,0,0
495,0.0,0.061386138613861385,0.10046456153636296,1.0,-0.0,0,0
496,0.0,0.061386138613861385,0.10046456153636296,1.0,-0.0,0,0
497,0.0,0.05148514851485149,0.09186070102766894,1.0,-0.0,0,0
498,0.0,0.05148514851485149,0.09186070102766894,1.0,-0.0,0,0
499,0.0,0.07326732673267328,0.1115960618107356,1.0,-0.0,0,0
500,0.0,0.051485148514851496,0.10399339410297728,1.0,-0.0,0,0
501,0.0,0.05544554455445545,0.10575073206193022,1.0,-0.0,0,0
502,0.0,0.05346534653465347,0.10489443673781407,1.0,-0.0,0,0
503,0.0,0.05346534653465347,0.10489443673781407,1.0,-0.0,0,0
504,0.0,0.011881188118811881,0.04727657974777554,1.0,-0.0,0,0
505,0.0,0.03564356435643565,0.08154954567118416,1.0,-0.0,0,0
506,0.0,0.0891089108910891,0.13042276277287215,1.0,-0.0,0,0
507,0.0,0.0891089108910891,0.13042276277287215,1.0,-0.0,0,0
508,0.0,0.19801980198019797,0.21340251467882923,1.0,-0.0,0,0
509,0.0,0.19801980198019797,0.21340251467882923,1.0,-0.0,0,0
510,0.0,0.23564356435643566,0.22052330130618514,1.0,-0.0,0,0
511,0.0,0.1782178217821782,0.18647536422960082,1.0,-0.0,0,0
512,0.0,0.1782178217821782,0.18647536422960082,1.0,-0.0,0,0
513,0.0,0.17227722772277226,0.18885733097134835,1.0,-0.0,0,0
514,0.0,0.19999999999999998,0.19498667128857303,1.0,-0.0,0,0
515,0.0,0.12871287128712872,0.15816812315022463,1.0,-0.0,0,0
516,0.0,0.13861386138613863,0.16104257909978187,1.0,-0.0,0,0
517,0.0,0.13861386138613863,0.16104257909978187,1.0,-0.0,0,0
518,0.0,0.04950495049504951,0.09504950495049506,1.0,-0.0,0,0
519,0.0,0.021782178217821784,0.06836703565002801,1.0,-0.0,0,0
520,0.0,0.03762376237623763,0.09631989312487374,1.0,-0.0,0,0
521,0.0,0.0297029702970297,0.07648795214189293,1.0,-0.0,0,0
522,0.0,0.041584158415841586,0.08590499787518362,1.0,-0.0,0,0
523,0.0,0.0297029702970297,0.07112192077650681,1.0,-0.0,0,0
524,0.0,0.0297029702970297,0.07112192077650681,1.0,-0.0,0,0
525,0.0,0.06930693069306931,0.11751770396006173,1.0,-0.0,0,0
526,0.0,0.07524752475247526,0.12851469892742934,1.0,-0.0,0,0
527,0.0,0.06732673267326733,0.12356816445008077,1.0,-0.0,0,0
528,0.0,0.09504950495049502,0.1337769960717191,1.0,-0.0,0,0
529,0.0,0.1069306930693069,0.1336890331058871,1.0,-0.0,0,0
530,0.0,0.11485148514851483,0.14717547862227368,1.0,-0.0,0,0
531,0.0,0.17227722772277226,0.19094284660479482,1.0,-0.0,0,0
532,0.0,0.16831683168316833,0.19239537111273064,1.0,-0.0,0,0
533,0.0,0.14653465346534655,0.1885664294196818,1.0,-0.0,0,0
534,0.0,0.13663366336633662,0.18005652153139493,1.0,-0.0,0,0
535,0.0,0.08316831683168317,0.14146987009498416,1.0,-0.0,0,0
536,0.0,0.08316831683168317,0.12353642740976017,1.0,-0.0,0,0
537,0.0,0.08316831683168317,0.12353642740976017,1.0,-0.0,0,0
538,0.0,0.10297029702970295,0.15315522802114462,1.0,-0.0,0,0
539,0.0,0.1485148514851485,0.17722495711100553,1.0,-0.0,0,0
540,0.0,0.1386138613861386,0.17059609935397896,1.0,-0.0,0,0
541,0.0,0.07524752475247526,0.11891084986932618,1.0,-0.0,0,0
542,0.0,0.07524752475247526,0.11891084986932618,1.0,-0.0,0,0
543,0.0,0.04554455445544555,0.09283729243351321,1.0,-0.0,0,0
544,0.0,0.0,0.0,1.0,-0.0,0,0
545,0.0,0.0,0.0,1.0,-0.0,0,0
546,0.0,0.011881188118811883,0.047276579747775535,1.0,-0.0,0,0
547,0.0,0.019801980198019802,0.059735061897023205,1.0,-0.0,0,0
548,0.0,0.05742574257425742,0.11375371577303027,1.0,-0.0,0,0
549,0.0,0.06534653465346535,0.1197651526735639,1.0,-0.0,0,0
550,0.0,0.08712871287128714,0.13618810981425267,1.0,-0.0,0,0
551,0.0,0.07524752475247524,0.12219602867755654,1.0,-0.0,0,0
552,0.0,0.06732673267326733,0.11000352009767247,1.0,-0.0,0,0
553,0.0,0.0297029702970297,0.07112192077650681,1.0,-0.0,0,0
554,0.0,0.04356435643564357,0.09164702150816742,1.0,-0.0,0,0
555,0.0,0.02772277227722773,0.06910862719451544,1.0,-0.0,0,0
556,0.0,0.0891089108910891,0.13636075485692528,1.0,-0.0,0,0
557,0.0,0.09702970297029702,0.14243667729389659,1.0,-0.0,0,0
558,0.0,0.18613861386138608,0.20730696757706768,1.0,-0.0,0,0
559,0.0,0.16435643564356434,0.18539984001180876,1.0,-0.0,0,0
560,0.0,0.1584158415841584,0.18523056370168028,1.0,-0.0,0,0
561,0.0,0.09504950495049505,0.14784005112815915,1.0,-0.0,0,0
562,0.0,0.12673267326732673,0.16821196500273505,1.0,-0.0,0,0
563,0.0,0.05544554455445545,0.09384550979067555,1.0,-0.0,0,0
564,0.0,0.05544554455445545,0.09384550979067555,1.0,-0.0,0,0
565,0.0,0.07722772277227724,0.11593886073904515,1.0,-0.0,0,0
566,0.0,0.08910891089108909,0.13042276277287215,1.0,-0.0,0,0
567,0.0,0.12475247524752477,0.1588360762784592,1.0,-0.0,0,0
568,0.0,0.10891089108910891,0.15549283508436104,1.0,-0.0,0,0
569,0.0,0.12475247524752475,0.16374693140141006,1.0,-0.0,0,0
570,0.0,0.11485148514851484,0.15757201001249713,1.0,-0.0,0,0
571,0.0,0.10297029702970295,0.1505471509603819,1.0,-0.0,0,0
572,0.0,0.027722772277227727,0.07461957893630407,1.0,-0.0,0,0
573,0.0,0.05544554455445545,0.10575073206193021,1.0,-0.0,0,0
574,0.0,0.05544554455445544,0.1019369320889802,1.0,-0.0,0,0
575,0.0,0.10297029702970295,0.1396285351588451,1.0,-0.0,0,0
576,0.0,0.10297029702970295,0.1396285351588451,1.0,-0.0,0,0
577,0.0,0.15247524752475247,0.16685445095398732,1.0,-0.0,0,0
578,0.0,0.1584158415841584,0.1696048562801098,1.0,-0.0,0,0
579,0.0,0.17227722772277226,0.17126137275595765,1.0,-0.0,0,0
580,0.0,0.11089108910891088,0.14481192315867106,1.0,-0.0,0,0
581,0.0,0.11089108910891088,0.14481192315867106,1.0,-0.0,0,0
582,0.0,0.11683168316831682,0.14146987009498416,1.0,-0.0,0,0
583,0.0,0.08316831683168316,0.11694909354640316,1.0,-0.0,0,0
584,0.0,0.05346534653465347,0.09704990696905226,1.0,-0.0,0,0
585,0.0,0.05346534653465347,0.09704990696905226,1.0,-0.0,0,0
586,0.0,0.06732673267326733,0.11000352009767247,1.0,-0.0,0,0
587,0.0,0.013861386138613863,0.05079507064705211,1.0,-0.0,0,0
588,0.0,0.025742574257425748,0.0669763743575753,1.0,-0.0,0,0
589,0.0,0.025742574257425748,0.0669763743575753,1.0,-0.0,0,0
590,0.0,0.025742574257425748,0.0669763743575753,1.0,-0.0,0,0
591,0.0,0.011881188118811883,0.047276579747775535,1.0,-0.0,0,0
592,0.0,0.011881188118811883,0.047276579747775535,1.0,-0.0,0,0
593,0.0,0.0059405940594059415,0.03395332316729158,1.0,-0.0,0,0
594,0.0,0.015841584158415842,0.05401260078014202,1.0,-0.0,0,0
