,foreground,bg_means,bg_stdev,pvals,minus_logs,regs,active
2,1.8,1.0950495049504951,0.30258825326606187,0.009910076298510859,2.0039230018321126,0,0
3,2.0,1.918811881188119,0.22370103426252747,0.358328082871581,0.4457191539934492,3,0
4,2.2,2.001980198019802,0.23629994281467404,0.20101481709486135,0.6967719289209822,0,0
5,2.2,1.9980198019801978,0.22949803080317496,0.1894037720080849,0.7226113761987184,0,0
6,1.0,1.1584158415841586,0.30870772704800126,1.0,-0.0,0,0
7,0.8,1.099009900990099,0.2960114559948453,1.0,-0.0,1,0
8,0.6,0.27524752475247527,0.19871166264240953,0.051098990381624895,1.291587680609334,0,0
9,0.4,0.19207920792079203,0.15135243005165433,0.08475925279916476,1.0718128804962828,0,0
10,0.4,0.1584158415841584,0.13878348885493255,0.04086572651512128,1.3886407757442392,0,0
11,0.0,0.0,0.0,1.0,-0.0,0,0
12,0.6,0.38217821782178224,0.22356076083016552,0.1649465498761708,0.7826567639950315,0,0
13,1.2,0.9821782178217822,0.2235607608301655,0.1649465498761707,0.7826567639950317,0,0
14,1.2,1.1544554455445546,0.21959672871521846,0.41784839827875764,0.3789812582569614,0,0
15,1.2,1.1544554455445546,0.21959672871521846,0.41784839827875764,0.3789812582569614,0,0
16,1.2,1.1544554455445546,0.21959672871521846,0.41784839827875764,0.3789812582569614,0,0
17,1.6,1.2574257425742574,0.303558608252592,0.1295485908402625,0.88756730667373,0,0
18,1.0,0.6574257425742572,0.30355860825259195,0.12954859084026238,0.8875673066737304,0,0
19,1.0,0.5089108910891088,0.2750693917494707,0.03710405841406564,1.4305785849823276,0,0
20,1.0,0.5089108910891088,0.2750693917494707,0.03710405841406564,1.4305785849823276,0,0
21,1.0,0.5089108910891088,0.2750693917494707,0.03710405841406564,1.4305785849823276,0,0
22,0.0,0.023762376237623763,0.06471340450838889,1.0,-0.0,0,0
23,0.0,0.023762376237623763,0.06471340450838889,1.0,-0.0,0,0
24,0.0,0.13861386138613857,0.1371349678667785,1.0,-0.0,0,0
25,0.2,0.3544554455445545,0.19676832257092539,1.0,-0.0,0,0
26,0.2,0.3544554455445545,0.19676832257092539,1.0,-0.0,0,0
27,0.2,0.3544554455445545,0.19676832257092539,1.0,-0.0,0,0
28,0.2,0.3544554455445545,0.19676832257092539,1.0,-0.0,0,0
29,0.2,0.35049504950495053,0.18964467158515455,1.0,-0.0,0,0
30,0.0,0.20792079207920788,0.13474079870260594,1.0,-0.0,0,0
31,0.0,0.23366336633663365,0.16184409300358454,1.0,-0.0,0,0
32,0.2,0.5188118811881188,0.19936178928559553,1.0,-0.0,0,0
33,0.2,0.5188118811881188,0.19936178928559553,1.0,-0.0,0,0
34,0.2,0.3841584158415841,0.19229343978313213,1.0,-0.0,0,0
35,0.2,0.4693069306930693,0.2539753532352606,1.0,-0.0,0,0
36,0.2,0.4435643564356437,0.2603941572796477,1.0,-0.0,0,0
37,0.0,0.1603960396039604,0.15420136502124182,1.0,-0.0,0,0
38,0.0,0.1603960396039604,0.15420136502124182,1.0,-0.0,0,0
39,0.2,0.3742574257425743,0.19225265211912826,1.0,-0.0,0,0
40,0.2,0.21386138613861383,0.12350468221396181,1.0,-0.0,1,0
41,0.2,0.26534653465346536,0.1619409766357297,1.0,-0.0,0,0
42,0.2,0.33861386138613864,0.18825425035881396,1.0,-0.0,0,0
43,0.2,0.33861386138613864,0.18825425035881396,1.0,-0.0,0,0
44,0.0,0.12475247524752472,0.13453693268485567,1.0,-0.0,0,0
45,0.2,0.5108910891089109,0.21521391159118455,1.0,-0.0,0,0
46,0.2,0.5326732673267326,0.17638218567638297,1.0,-0.0,0,0
47,0.2,0.45940594059405937,0.14500134367542816,1.0,-0.0,0,0
48,0.2,0.45940594059405937,0.14500134367542816,1.0,-0.0,0,0
49,0.2,0.45940594059405937,0.14500134367542816,1.0,-0.0,0,0
50,0.0,0.07326732673267328,0.09636059453937773,1.0,-0.0,0,0
51,0.0,0.0,0.0,1.0,-0.0,0,0
52,0.0,0.0,0.0,1.0,-0.0,0,0
53,0.0,0.0,0.0,1.0,-0.0,0,0
54,0.0,0.0,0.0,1.0,-0.0,0,0
55,0.0,0.0,0.0,1.0,-0.0,0,0
56,0.0,0.0,0.0,1.0,-0.0,0,0
57,0.0,0.0,0.0,1.0,-0.0,0,0
58,0.4,0.2396039603960396,0.18459439503241848,0.19244799628621306,0.715686606296442,0,0
59,0.4,0.2396039603960396,0.18459439503241848,0.19244799628621306,0.715686606296442,0,0
60,0.4,0.2396039603960396,0.18459439503241848,0.19244799628621306,0.715686606296442,0,0
61,0.4,0.31287128712871287,0.2132554672782995,0.34142947238950094,0.4666989930523506,0,0
