,foreground,bg_means,bg_stdev,pvals,minus_logs,regs,active
2,0.0,0.0,0.0,1.0,-0.0,0,0
3,0.0,0.21386138613861383,0.187230838076401,1.0,-0.0,0,0
4,0.0,0.24158415841584158,0.19562913323134207,1.0,-0.0,0,0
5,0.0,0.24158415841584158,0.19562913323134207,1.0,-0.0,0,0
6,0.0,0.24158415841584158,0.19562913323134207,1.0,-0.0,0,0
7,0.0,0.24158415841584158,0.19562913323134207,1.0,-0.0,0,0
8,0.0,0.02772277227722772,0.06910862719451544,1.0,-0.0,0,0
9,1.6,0.7138613861386138,0.31748694616348755,0.002626441607685914,2.5806322501975156,0,0
10,2.0,1.1504950495049506,0.34053649064474883,0.006304822738600109,2.200327119198754,0,0
11,3.0,1.8217821782178218,0.45719852056534105,0.0049825541336584005,2.3025479741485153,0,0
12,3.2,1.9584158415841586,0.49337538712458223,0.005926174688668094,2.2272255507624106,0,0
13,3.2,1.9584158415841586,0.49337538712458223,0.005926174688668094,2.2272255507624106,0,0
14,1.6,1.2435643564356438,0.45433355426549393,0.21636630977677918,0.664810361943969,0,0
15,1.4,1.007920792079208,0.3858084396976651,0.15475432384726484,0.8103572079183503,0,0
16,0.4,0.41386138613861384,0.17633771771004506,1.0,-0.0,0,0
17,0.2,0.2772277227722772,0.105193069190443,1.0,-0.0,0,0
18,0.6,0.4455445544554456,0.19063455915340577,0.208907606296312,0.6800457471313351,0,0
19,0.8,0.4594059405940595,0.1980989940657394,0.04277875050292398,1.3687719046081128,0,0
20,0.6,0.25940594059405936,0.1980989940657394,0.04277875050292396,1.368771904608113,0,0
21,0.6,0.7524752475247525,0.3516845062859216,1.0,-0.0,0,0
22,0.6,0.7524752475247525,0.3516845062859216,1.0,-0.0,0,0
23,0.2,0.5841584158415841,0.32903479405148073,1.0,-0.0,0,0
24,0.0,0.5702970297029702,0.33227227129028547,1.0,-0.0,0,0
25,0.2,0.683168316831683,0.3562926005602679,1.0,-0.0,0,0
26,0.2,0.23366336633663365,0.1713529319032391,1.0,-0.0,0,0
27,0.2,0.26930693069306927,0.1876074341754774,1.0,-0.0,0,0
28,0.8,0.5980198019801981,0.29717488201220954,0.248357414764726,0.6049228695188288,0,0
29,0.8,0.6554455445544555,0.29933101896694997,0.3145744676313014,0.502276529700094,0,0
30,0.6,0.5425742574257426,0.28331367867690166,0.4196874379419527,0.3770740298691373,0,0
31,0.6,0.4217821782178217,0.2756105590800967,0.25893599340701323,0.5868075762489624,0,0
32,0.6,0.38613861386138615,0.2732386267035301,0.21690432421099848,0.6637317897919139,0,0
33,0.0,0.057425742574257435,0.09885135821266286,1.0,-0.0,0,0
34,0.0,0.0,0.0,1.0,-0.0,0,0
35,0.0,0.0,0.0,1.0,-0.0,0,0
36,0.0,0.0,0.0,1.0,-0.0,0,0
37,0.0,0.0,0.0,1.0,-0.0,0,0
38,0.0,0.025742574257425748,0.06697637435757531,1.0,-0.0,0,0
39,0.0,0.025742574257425748,0.06697637435757531,1.0,-0.0,0,0
40,0.0,0.025742574257425748,0.06697637435757531,1.0,-0.0,0,0
41,0.0,0.025742574257425748,0.06697637435757531,1.0,-0.0,0,0
42,0.0,0.025742574257425748,0.06697637435757531,1.0,-0.0,0,0
43,0.2,0.14059405940594058,0.14224384155301362,0.3381071715258576,0.4709456174002309,0,0
44,0.2,0.14059405940594058,0.14224384155301362,0.3381071715258576,0.4709456174002309,0,0
45,0.4,0.8396039603960396,0.33063970637214735,1.0,-0.0,0,0
46,0.4,0.8396039603960396,0.33063970637214735,1.0,-0.0,0,0
47,0.4,0.8396039603960396,0.33063970637214735,1.0,-0.0,0,0
48,0.2,0.7000000000000001,0.31654070796973366,1.0,-0.0,0,0
49,0.2,0.7000000000000001,0.31654070796973366,1.0,-0.0,0,0
50,0.0,0.14257425742574256,0.13883998529075728,1.0,-0.0,0,0
51,0.0,0.14257425742574256,0.13883998529075728,1.0,-0.0,0,0
52,0.0,0.14257425742574256,0.13883998529075728,1.0,-0.0,0,0
53,0.0,0.14257425742574256,0.13883998529075728,1.0,-0.0,0,0
54,0.0,0.44752475247524753,0.2858352566458001,1.0,-0.0,0,0
55,0.0,0.3059405940594059,0.22769694214247418,1.0,-0.0,0,0
56,0.0,0.3059405940594059,0.22769694214247418,1.0,-0.0,0,0
57,0.0,0.3059405940594059,0.22769694214247418,1.0,-0.0,0,0
58,0.0,0.3059405940594059,0.22769694214247418,1.0,-0.0,0,0
