,foreground,bg_means,bg_stdev,pvals,minus_logs,regs,active
2,0.0,0.31287128712871287,0.22936130274170707,1.0,-0.0,0,0
3,0.0,0.31287128712871287,0.22936130274170707,1.0,-0.0,0,0
4,0.0,0.31287128712871287,0.22936130274170707,1.0,-0.0,0,0
5,0.0,0.31287128712871287,0.22936130274170707,1.0,-0.0,0,0
6,0.0,0.0,0.0,1.0,-0.0,0,0
7,0.0,0.0,0.0,1.0,-0.0,0,0
8,0.0,0.0,0.0,1.0,-0.0,0,0
9,0.0,0.0,0.0,1.0,-0.0,0,0
10,0.0,0.0,0.0,1.0,-0.0,0,0
11,0.0,0.0,0.0,1.0,-0.0,0,0
12,0.0,0.0,0.0,1.0,-0.0,0,0
13,0.0,0.0,0.0,1.0,-0.0,0,0
14,0.0,0.0,0.0,1.0,-0.0,0,0
15,0.0,0.027722772277227727,0.06910862719451544,1.0,-0.0,0,0
16,0.0,0.027722772277227727,0.06910862719451544,1.0,-0.0,0,0
17,0.0,0.027722772277227727,0.06910862719451544,1.0,-0.0,0,0
18,0.0,0.027722772277227727,0.06910862719451544,1.0,-0.0,0,0
19,0.0,0.027722772277227727,0.06910862719451544,1.0,-0.0,0,0
20,0.0,0.5603960396039604,0.2884163684128792,1.0,-0.0,0,0
21,0.0,0.5603960396039604,0.2884163684128792,1.0,-0.0,0,0
22,0.0,0.5603960396039604,0.2884163684128792,1.0,-0.0,0,0
23,0.0,0.5603960396039604,0.2884163684128792,1.0,-0.0,0,0
24,0.0,0.5603960396039604,0.2884163684128792,1.0,-0.0,0,0
25,0.0,0.0,0.0,1.0,-0.0,0,0
26,0.0,0.10693069306930691,0.13948804962658473,1.0,-0.0,0,0
27,0.0,0.10693069306930691,0.13948804962658473,1.0,-0.0,0,0
28,0.0,0.10693069306930691,0.13948804962658473,1.0,-0.0,0,0
29,0.0,0.10693069306930691,0.13948804962658473,1.0,-0.0,0,0
30,0.0,0.10693069306930691,0.13948804962658473,1.0,-0.0,0,0
31,0.0,0.0,0.0,1.0,-0.0,0,0
32,0.0,0.0,0.0,1.0,-0.0,0,0
33,0.0,0.0,0.0,1.0,-0.0,0,0
34,0.0,0.0,0.0,1.0,-0.0,0,0
35,0.0,0.0,0.0,1.0,-0.0,0,0
36,0.0,0.0,0.0,1.0,-0.0,0,0
37,0.0,0.0910891089108911,0.12435895816322838,1.0,-0.0,0,0
38,0.0,0.0910891089108911,0.12435895816322838,1.0,-0.0,0,0
39,0.0,0.0910891089108911,0.12435895816322838,1.0,-0.0,0,0
40,0.0,0.0910891089108911,0.12435895816322838,1.0,-0.0,0,0
41,0.0,0.0910891089108911,0.12435895816322838,1.0,-0.0,0,0
42,0.0,0.0,0.0,1.0,-0.0,0,0
43,0.0,0.0,0.0,1.0,-0.0,0,0
44,0.0,0.0,0.0,1.0,-0.0,0,0
45,0.0,0.0,0.0,1.0,-0.0,0,0
46,0.0,0.0,0.0,1.0,-0.0,0,0
47,0.0,0.0,0.0,1.0,-0.0,0,0
48,0.0,0.0,0.0,1.0,-0.0,0,0
49,0.0,0.0,0.0,1.0,-0.0,0,0
50,0.0,0.017821782178217824,0.056980176514606566,1.0,-0.0,0,0
51,0.0,0.017821782178217824,0.056980176514606566,1.0,-0.0,0,0
52,0.0,0.017821782178217824,0.056980176514606566,1.0,-0.0,0,0
53,0.0,0.017821782178217824,0.056980176514606566,1.0,-0.0,0,0
54,0.0,0.017821782178217824,0.056980176514606566,1.0,-0.0,0,0
55,0.0,0.0,0.0,1.0,-0.0,0,0
56,0.0,0.0,0.0,1.0,-0.0,0,0
57,0.0,0.011881188118811881,0.047276579747775535,1.0,-0.0,0,0
58,0.0,0.011881188118811881,0.047276579747775535,1.0,-0.0,0,0
59,0.0,0.011881188118811881,0.047276579747775535,1.0,-0.0,0,0
60,0.0,0.011881188118811881,0.047276579747775535,1.0,-0.0,0,0
61,0.0,0.011881188118811881,0.047276579747775535,1.0,-0.0,0,0
62,0.0,0.0,0.0,1.0,-0.0,0,0
63,0.0,0.0,0.0,1.0,-0.0,0,0
64,0.0,0.0,0.0,1.0,-0.0,0,0
65,0.0,0.0,0.0,1.0,-0.0,0,0
66,0.0,0.0,0.0,1.0,-0.0,0,0
67,0.0,0.0,0.0,1.0,-0.0,0,0
68,0.0,0.0,0.0,1.0,-0.0,0,0
69,0.0,0.0,0.0,1.0,-0.0,0,0
70,0.0,0.0,0.0,1.0,-0.0,0,0
71,0.0,0.0,0.0,1.0,-0.0,0,0
72,0.0,0.09306930693069305,0.12448501897427097,1.0,-0.0,0,0
73,0.0,0.10693069306930691,0.13661931335176508,1.0,-0.0,0,0
74,0.0,0.10693069306930691,0.13661931335176508,1.0,-0.0,0,0
75,0.0,0.1504950495049505,0.16746435256923542,1.0,-0.0,0,0
76,0.0,0.39603960396039606,0.2814111512632161,1.0,-0.0,0,0
77,0.0,0.300990099009901,0.23314256442682219,1.0,-0.0,0,0
78,0.0,0.2871287128712871,0.2187558729448155,1.0,-0.0,0,0
79,0.0,0.2871287128712871,0.2187558729448155,1.0,-0.0,0,0
80,0.0,0.2455445544554455,0.2046609137062056,1.0,-0.0,0,0
81,0.0,0.0,0.0,1.0,-0.0,0,0
82,0.0,0.02970297029702971,0.07112192077650681,1.0,-0.0,0,0
83,0.0,0.100990099009901,0.12781100644043505,1.0,-0.0,0,0
84,0.0,0.100990099009901,0.12781100644043505,1.0,-0.0,0,0
85,0.0,0.100990099009901,0.12781100644043505,1.0,-0.0,0,0
86,0.0,0.100990099009901,0.12781100644043505,1.0,-0.0,0,0
87,0.4,0.26534653465346536,0.19922406091731845,0.24955537937159017,0.6028330641219708,0,0
88,0.4,0.2099009900990099,0.16739409271610342,0.12805415268855674,0.8926063331621106,0,0
89,0.4,0.2099009900990099,0.16739409271610342,0.12805415268855674,0.8926063331621106,0,0
90,0.4,0.2099009900990099,0.16739409271610342,0.12805415268855674,0.8926063331621106,0,0
91,0.6,0.2613861386138614,0.18399865315354189,0.03286164814478826,1.483310658726977,0,0
92,0.2,0.06732673267326733,0.10255055347504201,0.09787844017657184,1.0093129603266378,0,0
93,0.4,0.09504950495049502,0.11464645406835747,0.0039079506709567,2.4080509269047776,0,0
94,0.4,0.09504950495049502,0.11464645406835747,0.0039079506709567,2.4080509269047776,0,0
95,0.4,0.09504950495049502,0.11464645406835747,0.0039079506709567,2.4080509269047776,0,0
96,0.2,0.04356435643564357,0.08255312311158745,0.029048226759887566,1.5368803738382273,0,0
97,0.2,0.049504950495049514,0.08631483056516186,0.040617958542992716,1.3912819080063723,0,0
98,0.0,0.04950495049504951,0.09078727434730813,1.0,-0.0,0,0
99,0.0,0.04950495049504951,0.09078727434730813,1.0,-0.0,0,0
100,0.0,0.04950495049504951,0.09078727434730813,1.0,-0.0,0,0
101,0.0,0.09504950495049505,0.13377699607171914,1.0,-0.0,0,0
102,0.0,0.0891089108910891,0.13342479626077636,1.0,-0.0,0,0
103,0.0,0.10495049504950495,0.1337769960717191,1.0,-0.0,0,0
104,0.0,0.10495049504950495,0.1337769960717191,1.0,-0.0,0,0
105,0.0,0.10495049504950495,0.1337769960717191,1.0,-0.0,0,0
106,0.0,0.08712871287128714,0.12401163019288061,1.0,-0.0,0,0
107,0.0,0.08712871287128714,0.12401163019288061,1.0,-0.0,0,0
108,0.0,0.02772277227722772,0.06910862719451544,1.0,-0.0,0,0
109,0.0,0.02772277227722772,0.06910862719451544,1.0,-0.0,0,0
110,0.0,0.041584158415841586,0.0946774898050053,1.0,-0.0,0,0
111,0.0,0.031683168316831684,0.0730260947112308,1.0,-0.0,0,0
112,0.0,0.14455445544554454,0.15445544554455443,1.0,-0.0,0,0
113,0.0,0.14455445544554454,0.15445544554455443,1.0,-0.0,0,0
114,0.0,0.14455445544554454,0.15445544554455443,1.0,-0.0,0,0
115,0.0,0.12871287128712872,0.15307840071356585,1.0,-0.0,0,0
116,0.2,0.27722772277227725,0.226851540461302,1.0,-0.0,0,0
117,0.2,0.16633663366336632,0.16902587986434298,0.42106839575071353,0.37564735431983987,0,0
118,0.4,0.2356435643564357,0.19375607734491182,0.1981452934307218,0.7030162390569789,0,0
119,0.8,0.3564356435643564,0.22621108235239334,0.02494868582780672,1.60295232590285,0,0
120,1.2,0.601980198019802,0.30376521614328167,0.02449430125785241,1.6109349450293402,0,0
121,1.0,0.4356435643564356,0.2719872443193685,0.018996180368252562,1.7213337154553112,0,0
122,1.0,0.4356435643564356,0.2719872443193685,0.018996180368252562,1.7213337154553112,0,0
123,0.8,0.36633663366336633,0.24221634537104506,0.03669507329869847,1.4353922404568316,0,0
124,0.4,0.2594059405940594,0.20594059405940596,0.24740064572748238,0.6065991711761123,0,0
125,0.8,0.4336633663366337,0.2772842940865631,0.09322418115506172,1.0304714226236682,0,0
126,0.8,0.4336633663366337,0.2772842940865631,0.09322418115506172,1.0304714226236682,0,0
127,0.8,0.4336633663366337,0.2772842940865631,0.09322418115506172,1.0304714226236682,0,0
128,0.8,0.4336633663366337,0.2772842940865631,0.09322418115506172,1.0304714226236682,0,0
129,0.8,0.41980198019801984,0.27504087976268776,0.08343477500037418,1.0786529008849355,0,0
130,0.0,0.015841584158415842,0.05401260078014202,1.0,-0.0,0,0
131,0.0,0.015841584158415842,0.05401260078014202,1.0,-0.0,0,0
132,0.0,0.015841584158415842,0.05401260078014202,1.0,-0.0,0,0
133,0.8,0.2752475247524752,0.20265853864555614,0.004807962543327924,2.3180389243849673,0,0
134,1.6,0.5564356435643565,0.28368712426211834,0.0001172703727352877,3.9308116944727054,0,0
135,1.6,0.5405940594059406,0.26482881368682065,3.162544546044657e-05,4.499963348514897,0,0
136,1.6,0.5405940594059406,0.26482881368682065,3.162544546044657e-05,4.499963348514897,0,0
137,1.6,0.5405940594059406,0.26482881368682065,3.162544546044657e-05,4.499963348514897,0,0
138,1.2,0.38217821782178224,0.2305379157853337,0.00019448961916782105,3.7111035740732166,0,0
139,0.4,0.10099009900990098,0.1308729634998678,0.011164216741282849,1.9521717407404269,0,0
140,0.4,0.10099009900990098,0.1308729634998678,0.011164216741282849,1.9521717407404269,0,0
141,0.4,0.10099009900990098,0.1308729634998678,0.011164216741282849,1.9521717407404269,0,0
142,0.4,0.10099009900990098,0.1308729634998678,0.011164216741282849,1.9521717407404269,0,0
143,0.0,0.0,0.0,1.0,-0.0,0,0
144,0.0,0.0,0.0,1.0,-0.0,0,0
145,0.0,0.0,0.0,1.0,-0.0,0,0
146,0.0,0.0,0.0,1.0,-0.0,0,0
147,0.4,0.08118811881188118,0.11999411807954947,0.003943189481594297,2.4041523533265643,0,0
148,0.4,0.08118811881188118,0.11999411807954947,0.003943189481594297,2.4041523533265643,0,0
149,0.4,0.08118811881188118,0.11999411807954947,0.003943189481594297,2.4041523533265643,0,0
150,0.4,0.08118811881188118,0.11999411807954947,0.003943189481594297,2.4041523533265643,0,0
151,0.4,0.08118811881188118,0.11999411807954947,0.003943189481594297,2.4041523533265643,0,0
152,0.2,0.07722772277227723,0.12258049537063101,0.15827697765574333,0.80058225130445,0,0
153,0.4,0.22574257425742575,0.19632941873972973,0.18738423461804993,0.7272669508356631,0,0
154,0.4,0.22574257425742575,0.19632941873972973,0.18738423461804993,0.7272669508356631,0,0
155,0.4,0.24554455445544554,0.20271657650803535,0.22305147427131483,0.6515949019189755,0,0
156,0.4,0.39801980198019804,0.2571666632306538,0.4969281519722271,0.3037063989077863,0,0
157,0.2,0.401980198019802,0.25093101810159973,1.0,-0.0,0,0
158,0.0,0.25346534653465347,0.20660593209144543,1.0,-0.0,0,0
159,0.0,0.25346534653465347,0.20660593209144543,1.0,-0.0,0,0
160,0.0,0.23366336633663368,0.2030837644683788,1.0,-0.0,0,0
161,0.0,0.08118811881188118,0.11999411807954947,1.0,-0.0,0,0
162,0.0,0.0,0.0,1.0,-0.0,0,0
163,0.0,0.0,0.0,1.0,-0.0,0,0
164,0.0,0.0,0.0,1.0,-0.0,0,0
165,0.0,0.0,0.0,1.0,-0.0,0,0
166,0.0,0.0,0.0,1.0,-0.0,0,0
167,0.0,0.0,0.0,1.0,-0.0,0,0
168,0.0,0.0,0.0,1.0,-0.0,0,0
169,0.0,0.0,0.0,1.0,-0.0,0,0
170,0.0,0.0039603960396039604,0.027863855998951064,1.0,-0.0,0,0
171,0.0,0.0039603960396039604,0.027863855998951064,1.0,-0.0,0,0
172,0.0,0.0039603960396039604,0.027863855998951064,1.0,-0.0,0,0
173,0.0,0.061386138613861385,0.09644194583672018,1.0,-0.0,0,0
174,0.0,0.061386138613861385,0.09644194583672018,1.0,-0.0,0,0
175,0.0,0.05742574257425742,0.09476028605152792,1.0,-0.0,0,0
176,0.0,0.05742574257425742,0.09476028605152792,1.0,-0.0,0,0
177,0.0,0.05742574257425742,0.09476028605152792,1.0,-0.0,0,0
178,0.0,0.0,0.0,1.0,-0.0,0,0
179,0.0,0.0,0.0,1.0,-0.0,0,0
180,0.0,0.0,0.0,1.0,-0.0,0,0
181,0.0,0.0,0.0,1.0,-0.0,0,0
182,0.0,0.0,0.0,1.0,-0.0,0,0
183,0.0,0.013861386138613863,0.05079507064705211,1.0,-0.0,0,0
184,0.0,0.07722772277227723,0.11593886073904515,1.0,-0.0,0,0
185,0.0,0.07722772277227723,0.11593886073904515,1.0,-0.0,0,0
186,0.0,0.07722772277227723,0.11593886073904515,1.0,-0.0,0,0
187,0.0,0.07722772277227723,0.11593886073904515,1.0,-0.0,0,0
188,0.0,0.06336633663366337,0.10504385908811757,1.0,-0.0,0,0
189,0.0,0.0,0.0,1.0,-0.0,0,0
190,0.0,0.0,0.0,1.0,-0.0,0,0
191,0.0,0.0,0.0,1.0,-0.0,0,0
192,0.0,0.0,0.0,1.0,-0.0,0,0
193,0.0,0.0,0.0,1.0,-0.0,0,0
194,0.0,0.0,0.0,1.0,-0.0,0,0
195,0.0,0.0,0.0,1.0,-0.0,0,0
196,0.0,0.0,0.0,1.0,-0.0,0,0
197,0.0,0.049504950495049514,0.08631483056516186,1.0,-0.0,0,0
198,0.0,0.049504950495049514,0.08631483056516186,1.0,-0.0,0,0
199,0.0,0.07524752475247526,0.11553229422427584,1.0,-0.0,0,0
200,0.0,0.08910891089108909,0.12420120222231065,1.0,-0.0,0,0
201,0.0,0.18217821782178217,0.1643445063069024,1.0,-0.0,0,0
202,0.0,0.13267326732673265,0.1442693512878177,1.0,-0.0,0,0
203,0.0,0.1782178217821782,0.18433931283543808,1.0,-0.0,0,0
204,0.0,0.17227722772277226,0.1930058286100785,1.0,-0.0,0,0
205,0.0,0.1584158415841584,0.18307998940714806,1.0,-0.0,0,0
206,0.0,0.3445544554455446,0.24229727569017703,1.0,-0.0,0,0
207,0.0,0.3445544554455446,0.24229727569017703,1.0,-0.0,0,0
208,0.0,0.297029702970297,0.22447097126246798,1.0,-0.0,0,0
209,0.0,0.2772277227722772,0.2161229885091842,1.0,-0.0,0,0
210,0.0,0.31881188118811876,0.2391042985841359,1.0,-0.0,0,0
211,0.0,0.041584158415841586,0.08116396646304633,1.0,-0.0,0,0
212,0.0,0.041584158415841586,0.08116396646304633,1.0,-0.0,0,0
213,0.0,0.35049504950495053,0.22232959316135717,1.0,-0.0,0,0
214,0.0,0.35049504950495053,0.22232959316135717,1.0,-0.0,0,0
215,0.0,0.3079207920792079,0.21139947090842656,1.0,-0.0,0,0
216,0.0,0.3079207920792079,0.21139947090842656,1.0,-0.0,0,0
217,0.0,0.3079207920792079,0.21139947090842656,1.0,-0.0,0,0
218,0.0,0.0,0.0,1.0,-0.0,0,0
219,0.0,0.0,0.0,1.0,-0.0,0,0
220,0.0,0.0,0.0,1.0,-0.0,0,0
221,0.0,0.0,0.0,1.0,-0.0,0,0
222,0.0,0.0,0.0,1.0,-0.0,0,0
223,0.0,0.0,0.0,1.0,-0.0,0,0
224,0.0,0.0,0.0,1.0,-0.0,0,0
225,0.0,0.0,0.0,1.0,-0.0,0,0
226,0.0,0.0,0.0,1.0,-0.0,0,0
227,0.0,0.0,0.0,1.0,-0.0,0,0
228,0.0,0.0,0.0,1.0,-0.0,0,0
229,0.0,0.0,0.0,1.0,-0.0,0,0
230,0.0,0.0,0.0,1.0,-0.0,0,0
231,0.0,0.0,0.0,1.0,-0.0,0,0
232,0.0,0.0,0.0,1.0,-0.0,0,0
233,0.0,0.0,0.0,1.0,-0.0,0,0
234,0.0,0.025742574257425745,0.0669763743575753,1.0,-0.0,0,0
235,0.0,0.025742574257425745,0.0669763743575753,1.0,-0.0,0,0
236,0.0,0.06336633663366337,0.11233152161332939,1.0,-0.0,0,0
