,foreground,bg_means,bg_stdev,pvals,minus_logs,regs,active
2,0.0,0.12376237623762375,0.1401191253095801,1.0,-0.0,0,0
3,0.0,0.10495049504950495,0.12457948087149172,1.0,-0.0,0,0
4,0.0,0.10495049504950495,0.12457948087149172,1.0,-0.0,0,0
5,0.0,0.10495049504950495,0.12457948087149172,1.0,-0.0,0,0
6,0.0,0.12079207920792079,0.1618683193480064,1.0,-0.0,0,0
7,0.0,0.07920792079207921,0.12611234319279727,1.0,-0.0,0,0
8,0.0,0.09900990099009899,0.13386490123687583,1.0,-0.0,0,0
9,0.0,0.09900990099009899,0.13386490123687583,1.0,-0.0,0,0
10,0.0,0.14455445544554454,0.15950123220279025,1.0,-0.0,0,0
11,0.0,0.06336633663366337,0.10120342446875752,1.0,-0.0,0,0
12,0.0,0.13564356435643563,0.16141954340548717,1.0,-0.0,0,0
13,0.0,0.19207920792079203,0.18438185104134303,1.0,-0.0,0,0
14,0.0,0.2039603960396039,0.19084013945594866,1.0,-0.0,0,0
15,0.0,0.1603960396039604,0.17580322478754876,1.0,-0.0,0,0
16,0.0,0.18415841584158413,0.1772913210740546,1.0,-0.0,0,0
17,0.0,0.11089108910891088,0.13636075485692528,1.0,-0.0,0,0
18,0.0,0.03564356435643565,0.08154954567118415,1.0,-0.0,0,0
19,0.0,0.04356435643564357,0.09587103712404123,1.0,-0.0,0,0
20,0.0,0.04356435643564357,0.09587103712404123,1.0,-0.0,0,0
21,0.0,0.019801980198019802,0.07178047113026478,1.0,-0.0,0,0
22,0.0,0.019801980198019802,0.07178047113026478,1.0,-0.0,0,0
23,0.0,0.019801980198019802,0.07178047113026478,1.0,-0.0,0,0
24,0.0,0.0,0.0,1.0,-0.0,0,0
25,0.0,0.011881188118811883,0.047276579747775535,1.0,-0.0,0,0
26,0.0,0.013861386138613863,0.050795070647052104,1.0,-0.0,0,0
27,0.0,0.013861386138613863,0.050795070647052104,1.0,-0.0,0,0
28,0.0,0.019801980198019802,0.0597350618970232,1.0,-0.0,0,0
29,0.0,0.05544554455445545,0.09797478714338996,1.0,-0.0,0,0
30,0.0,0.04356435643564357,0.09164702150816742,1.0,-0.0,0,0
31,0.0,0.041584158415841586,0.09039772047931348,1.0,-0.0,0,0
32,0.0,0.08712871287128714,0.13024224675172555,1.0,-0.0,0,0
33,0.0,0.08118811881188118,0.12325042629382527,1.0,-0.0,0,0
34,0.0,0.04554455445544555,0.09700949476369022,1.0,-0.0,0,0
35,0.0,0.04554455445544555,0.09700949476369022,1.0,-0.0,0,0
36,0.0,0.04554455445544555,0.09700949476369022,1.0,-0.0,0,0
37,0.0,0.017821782178217824,0.05698017651460656,1.0,-0.0,0,0
38,0.0,0.017821782178217824,0.05698017651460656,1.0,-0.0,0,0
39,0.0,0.031683168316831684,0.0730260947112308,1.0,-0.0,0,0
40,0.0,0.06930693069306931,0.11057238501634631,1.0,-0.0,0,0
41,0.0,0.08316831683168316,0.11351216354824961,1.0,-0.0,0,0
42,0.0,0.06534653465346535,0.0938037170877387,1.0,-0.0,0,0
43,0.0,0.13267326732673268,0.15228224894835946,1.0,-0.0,0,0
44,0.0,0.11683168316831682,0.1442421691205886,1.0,-0.0,0,0
45,0.0,0.07920792079207921,0.11966689053257921,1.0,-0.0,0,0
46,0.0,0.06534653465346535,0.10939585993610405,1.0,-0.0,0,0
47,0.0,0.07920792079207921,0.12293186689242579,1.0,-0.0,0,0
48,0.0,0.033663366336633666,0.07482947971362845,1.0,-0.0,0,0
49,0.0,0.04356435643564357,0.08721867542790195,1.0,-0.0,0,0
50,0.0,0.04356435643564357,0.08721867542790195,1.0,-0.0,0,0
51,0.0,0.09702970297029702,0.13084299831035082,1.0,-0.0,0,0
52,0.0,0.09900990099009899,0.13679141417164786,1.0,-0.0,0,0
53,0.2,0.09900990099009897,0.13386490123687583,0.22529911544679282,0.6472405133686279,0,0
54,0.2,0.08910891089108909,0.13042276277287215,0.19759489744115794,0.7042242745346299,0,0
55,0.2,0.08910891089108909,0.13042276277287215,0.19759489744115794,0.7042242745346299,0,0
56,0.2,0.03564356435643565,0.08154954567118415,0.0219304263845019,1.6589529244266186,0,0
57,0.2,0.019801980198019802,0.0597350618970232,0.0012780474741147156,2.893453013655617,0,0
58,0.0,0.0039603960396039604,0.02786385599895107,1.0,-0.0,0,0
59,0.0,0.0039603960396039604,0.02786385599895107,1.0,-0.0,0,0
60,0.0,0.0039603960396039604,0.02786385599895107,1.0,-0.0,0,0
61,0.0,0.0039603960396039604,0.02786385599895107,1.0,-0.0,0,0
62,0.0,0.0039603960396039604,0.02786385599895107,1.0,-0.0,0,0
63,0.0,0.0,0.0,1.0,-0.0,0,0
64,0.0,0.0,0.0,1.0,-0.0,0,0
65,0.0,0.0,0.0,1.0,-0.0,0,0
66,0.0,0.0,0.0,1.0,-0.0,0,0
67,0.0,0.0,0.0,1.0,-0.0,0,0
68,0.0,0.0019801980198019802,0.019801980198019802,1.0,-0.0,0,0
69,0.0,0.0039603960396039604,0.027863855998951068,1.0,-0.0,0,0
70,0.0,0.0039603960396039604,0.027863855998951068,1.0,-0.0,0,0
71,0.0,0.0039603960396039604,0.027863855998951068,1.0,-0.0,0,0
72,0.0,0.0039603960396039604,0.027863855998951068,1.0,-0.0,0,0
73,0.0,0.0019801980198019802,0.0198019801980198,1.0,-0.0,0,0
74,0.0,0.019801980198019806,0.05973506189702319,1.0,-0.0,0,0
75,0.0,0.019801980198019806,0.05973506189702319,1.0,-0.0,0,0
76,0.0,0.019801980198019806,0.05973506189702319,1.0,-0.0,0,0
77,0.0,0.025742574257425745,0.06697637435757531,1.0,-0.0,0,0
78,0.0,0.03762376237623763,0.08307396817189318,1.0,-0.0,0,0
79,0.0,0.017821782178217824,0.05698017651460656,1.0,-0.0,0,0
80,0.0,0.017821782178217824,0.05698017651460656,1.0,-0.0,0,0
81,0.0,0.017821782178217824,0.05698017651460656,1.0,-0.0,0,0
82,0.0,0.011881188118811883,0.047276579747775535,1.0,-0.0,0,0
83,0.0,0.017821782178217824,0.056980176514606566,1.0,-0.0,0,0
84,0.0,0.017821782178217824,0.056980176514606566,1.0,-0.0,0,0
85,0.0,0.017821782178217824,0.056980176514606566,1.0,-0.0,0,0
86,0.0,0.05148514851485149,0.09186070102766894,1.0,-0.0,0,0
87,0.0,0.05148514851485149,0.09186070102766894,1.0,-0.0,0,0
88,0.0,0.061386138613861385,0.10806149425459212,1.0,-0.0,0,0
89,0.0,0.061386138613861385,0.10806149425459212,1.0,-0.0,0,0
90,0.0,0.11089108910891088,0.14481192315867106,1.0,-0.0,0,0
91,0.0,0.10099009900990098,0.13679141417164786,1.0,-0.0,0,0
92,0.0,0.1603960396039604,0.16890984643276136,1.0,-0.0,0,0
93,0.0,0.15049504950495046,0.16508249505478284,1.0,-0.0,0,0
94,0.0,0.15049504950495046,0.16508249505478284,1.0,-0.0,0,0
95,0.0,0.09900990099009901,0.14521752172118105,1.0,-0.0,0,0
96,0.0,0.08712871287128714,0.13324834725751067,1.0,-0.0,0,0
97,0.0,0.0297029702970297,0.07112192077650681,1.0,-0.0,0,0
98,0.0,0.011881188118811883,0.047276579747775535,1.0,-0.0,0,0
99,0.0,0.027722772277227727,0.06910862719451544,1.0,-0.0,0,0
100,0.0,0.0297029702970297,0.07112192077650681,1.0,-0.0,0,0
101,0.0,0.017821782178217824,0.056980176514606566,1.0,-0.0,0,0
102,0.0,0.04356435643564357,0.08721867542790195,1.0,-0.0,0,0
103,0.0,0.06732673267326733,0.10255055347504201,1.0,-0.0,0,0
104,0.0,0.09504950495049502,0.1337769960717191,1.0,-0.0,0,0
105,0.0,0.12574257425742574,0.14257425742574262,1.0,-0.0,0,0
106,0.0,0.24158415841584158,0.20356589743994288,1.0,-0.0,0,0
107,0.0,0.2158415841584158,0.2003623812378767,1.0,-0.0,0,0
108,0.0,0.19207920792079203,0.1927822186435128,1.0,-0.0,0,0
109,0.0,0.1485148514851485,0.16567525277902487,1.0,-0.0,0,0
110,0.0,0.1465346534653465,0.1662423117767553,1.0,-0.0,0,0
111,0.0,0.2198019801980198,0.20000980272026075,1.0,-0.0,0,0
112,0.0,0.2198019801980198,0.20000980272026075,1.0,-0.0,0,0
113,0.0,0.2495049504950495,0.19981365694127387,1.0,-0.0,0,0
114,0.0,0.26534653465346536,0.20892731388689076,1.0,-0.0,0,0
115,0.0,0.2792079207920792,0.19916500531770548,1.0,-0.0,0,0
116,0.0,0.11089108910891086,0.12420120222231065,1.0,-0.0,0,0
117,0.0,0.11089108910891086,0.12420120222231065,1.0,-0.0,0,0
118,0.0,0.15049504950495046,0.1551899266764091,1.0,-0.0,0,0
119,0.0,0.13465346534653463,0.14653465346534653,1.0,-0.0,0,0
120,0.0,0.15643564356435644,0.1702740025877676,1.0,-0.0,0,0
121,0.0,0.13267326732673268,0.16235208707144264,1.0,-0.0,0,0
122,0.0,0.1485148514851485,0.1726977909735853,1.0,-0.0,0,0
123,0.0,0.07920792079207921,0.12293186689242579,1.0,-0.0,0,0
124,0.0,0.08316831683168316,0.12670172889541698,1.0,-0.0,0,0
125,0.0,0.017821782178217824,0.0635517090529949,1.0,-0.0,0,0
126,0.0,0.017821782178217824,0.0635517090529949,1.0,-0.0,0,0
127,0.0,0.0039603960396039604,0.02786385599895107,1.0,-0.0,0,0
128,0.0,0.0039603960396039604,0.02786385599895107,1.0,-0.0,0,0
129,0.0,0.0,0.0,1.0,-0.0,0,0
130,0.0,0.0,0.0,1.0,-0.0,0,0
131,0.0,0.009900990099009901,0.04338396495090424,1.0,-0.0,0,0
132,0.0,0.009900990099009901,0.04338396495090424,1.0,-0.0,0,0
133,0.0,0.009900990099009901,0.04338396495090424,1.0,-0.0,0,0
134,0.0,0.009900990099009901,0.04338396495090424,1.0,-0.0,0,0
135,0.0,0.009900990099009901,0.04338396495090424,1.0,-0.0,0,0
136,0.0,0.0,0.0,1.0,-0.0,0,0
137,0.0,0.0,0.0,1.0,-0.0,0,0
138,0.0,0.0,0.0,1.0,-0.0,0,0
139,0.0,0.0,0.0,1.0,-0.0,0,0
140,0.0,0.0,0.0,1.0,-0.0,0,0
141,0.0,0.06534653465346535,0.1197651526735639,1.0,-0.0,0,0
142,0.0,0.06930693069306931,0.12722675963729912,1.0,-0.0,0,0
143,0.0,0.07920792079207921,0.1292145592164392,1.0,-0.0,0,0
144,0.0,0.07920792079207921,0.1292145592164392,1.0,-0.0,0,0
145,0.0,0.07920792079207921,0.1292145592164392,1.0,-0.0,0,0
146,0.0,0.023762376237623766,0.06471340450838887,1.0,-0.0,0,0
147,0.0,0.019801980198019802,0.0597350618970232,1.0,-0.0,0,0
148,0.0,0.027722772277227727,0.06910862719451544,1.0,-0.0,0,0
149,0.0,0.027722772277227727,0.06910862719451544,1.0,-0.0,0,0
150,0.0,0.03564356435643565,0.08154954567118415,1.0,-0.0,0,0
151,0.0,0.033663366336633666,0.07994704648786674,1.0,-0.0,0,0
152,0.0,0.033663366336633666,0.07994704648786674,1.0,-0.0,0,0
153,0.0,0.015841584158415842,0.054012600780142014,1.0,-0.0,0,0
154,0.0,0.06732673267326733,0.1135467024699521,1.0,-0.0,0,0
155,0.0,0.07128712871287128,0.1213265242141813,1.0,-0.0,0,0
156,0.0,0.09900990099009901,0.1308729634998678,1.0,-0.0,0,0
157,0.0,0.10297029702970295,0.1367627457412436,1.0,-0.0,0,0
158,0.0,0.1465346534653465,0.1686077858012515,1.0,-0.0,0,0
159,0.0,0.09504950495049502,0.13078304733432372,1.0,-0.0,0,0
160,0.0,0.08316831683168316,0.12353642740976015,1.0,-0.0,0,0
161,0.0,0.04752475247524753,0.09397077637785879,1.0,-0.0,0,0
162,0.0,0.06336633663366337,0.10874875419996817,1.0,-0.0,0,0
163,0.0,0.021782178217821784,0.062305476128919915,1.0,-0.0,0,0
164,0.0,0.019801980198019802,0.059735061897023205,1.0,-0.0,0,0
165,0.0,0.019801980198019802,0.059735061897023205,1.0,-0.0,0,0
166,0.0,0.019801980198019802,0.059735061897023205,1.0,-0.0,0,0
167,0.0,0.013861386138613863,0.05807080514303042,1.0,-0.0,0,0
168,0.0,0.013861386138613863,0.05807080514303042,1.0,-0.0,0,0
169,0.0,0.013861386138613863,0.05807080514303042,1.0,-0.0,0,0
170,0.0,0.013861386138613863,0.05807080514303042,1.0,-0.0,0,0
171,0.0,0.041584158415841586,0.10648973987919806,1.0,-0.0,0,0
172,0.0,0.027722772277227727,0.07975061610139514,1.0,-0.0,0,0
173,0.0,0.027722772277227727,0.07975061610139514,1.0,-0.0,0,0
174,0.0,0.027722772277227727,0.07975061610139514,1.0,-0.0,0,0
175,0.0,0.027722772277227727,0.07975061610139514,1.0,-0.0,0,0
176,0.0,0.0,0.0,1.0,-0.0,0,0
177,0.0,0.01386138613861386,0.05079507064705211,1.0,-0.0,0,0
178,0.0,0.03762376237623763,0.08771182015980238,1.0,-0.0,0,0
179,0.0,0.05148514851485149,0.1001126705723924,1.0,-0.0,0,0
180,0.0,0.05346534653465347,0.10104832334394513,1.0,-0.0,0,0
181,0.0,0.05346534653465347,0.10104832334394513,1.0,-0.0,0,0
182,0.0,0.09702970297029702,0.127780323207142,1.0,-0.0,0,0
183,0.0,0.07326732673267328,0.11509022642946842,1.0,-0.0,0,0
184,0.0,0.05940594059405942,0.10733330877518932,1.0,-0.0,0,0
185,0.0,0.07524752475247524,0.1189108498693262,1.0,-0.0,0,0
186,0.0,0.07524752475247524,0.1189108498693262,1.0,-0.0,0,0
187,0.0,0.05544554455445544,0.09797478714338996,1.0,-0.0,0,0
188,0.0,0.0891089108910891,0.13042276277287215,1.0,-0.0,0,0
189,0.0,0.0891089108910891,0.13042276277287215,1.0,-0.0,0,0
190,0.0,0.1287128712871287,0.1366767043701972,1.0,-0.0,0,0
191,0.0,0.1287128712871287,0.1366767043701972,1.0,-0.0,0,0
192,0.0,0.08910891089108909,0.12097048989545554,1.0,-0.0,0,0
193,0.0,0.05544554455445545,0.09797478714338996,1.0,-0.0,0,0
194,0.0,0.05544554455445545,0.09797478714338996,1.0,-0.0,0,0
195,0.0,0.0,0.0,1.0,-0.0,0,0
196,0.0,0.0,0.0,1.0,-0.0,0,0
197,0.0,0.017821782178217824,0.0635517090529949,1.0,-0.0,0,0
198,0.0,0.017821782178217824,0.0635517090529949,1.0,-0.0,0,0
199,0.0,0.017821782178217824,0.0635517090529949,1.0,-0.0,0,0
200,0.0,0.017821782178217824,0.0635517090529949,1.0,-0.0,0,0
201,0.0,0.041584158415841586,0.09039772047931348,1.0,-0.0,0,0
202,0.0,0.09900990099009903,0.13679141417164786,1.0,-0.0,0,0
203,0.0,0.1287128712871287,0.15307840071356582,1.0,-0.0,0,0
204,0.0,0.1504950495049505,0.17212921831366917,1.0,-0.0,0,0
205,0.0,0.1504950495049505,0.17212921831366917,1.0,-0.0,0,0
206,0.0,0.19999999999999998,0.1929448697744442,1.0,-0.0,0,0
207,0.0,0.12277227722772276,0.15407416763506465,1.0,-0.0,0,0
208,0.0,0.14158415841584157,0.1624486677385638,1.0,-0.0,0,0
209,0.0,0.17623762376237626,0.18516704518908453,1.0,-0.0,0,0
210,0.0,0.2356435643564356,0.20371993900374946,1.0,-0.0,0,0
211,0.0,0.16237623762376235,0.17052712983454243,1.0,-0.0,0,0
212,0.0,0.16237623762376235,0.17052712983454243,1.0,-0.0,0,0
213,0.0,0.18613861386138614,0.22206488346734551,1.0,-0.0,0,0
214,0.0,0.13069306930693067,0.1897066908831285,1.0,-0.0,0,0
215,0.0,0.09306930693069305,0.14776046024695155,1.0,-0.0,0,0
216,0.0,0.12475247524752472,0.1588360762784592,1.0,-0.0,0,0
217,0.0,0.17425742574257425,0.17724708119287327,1.0,-0.0,0,0
218,0.0,0.10099009900990098,0.12145573247679727,1.0,-0.0,0,0
219,0.0,0.10099009900990098,0.12145573247679727,1.0,-0.0,0,0
220,0.8,0.15247524752475244,0.16203780234042603,3.2192665045350054e-05,4.492243069086975,0,0
221,1.0,0.13267326732673265,0.1671596799240022,1.0593362084261284e-07,6.974966183149206,0,0
222,1.0,0.22970297029702966,0.18960331411621106,2.4256564812954493e-05,4.615170703404011,0,0
223,2.0,0.297029702970297,0.22269965813084433,1.0301140168090648e-14,13.987114703323405,0,0
224,2.0,0.34653465346534645,0.24355630671717696,5.6518575324054846e-12,11.247808794040386,0,0
225,1.2,0.27326732673267323,0.2081940684087239,4.267751345889966e-06,5.36980089202492,0,0
226,1.0,0.2594059405940593,0.1980989940657394,9.255894383963388e-05,4.033581609622814,0,0
227,1.0,0.11485148514851483,0.13598641357140118,3.7802404161665355e-11,10.422480578973824,0,0
228,0.0,0.04752475247524753,0.08965727859541997,1.0,-0.0,0,0
229,0.0,0.009900990099009901,0.04338396495090424,1.0,-0.0,0,0
230,0.0,0.009900990099009901,0.04338396495090424,1.0,-0.0,0,0
231,0.0,0.009900990099009901,0.04338396495090424,1.0,-0.0,0,0
232,0.0,0.04752475247524753,0.10205226714237721,1.0,-0.0,0,0
233,0.0,0.04752475247524753,0.10205226714237721,1.0,-0.0,0,0
234,0.0,0.06732673267326733,0.11000352009767247,1.0,-0.0,0,0
235,0.0,0.06732673267326733,0.11000352009767247,1.0,-0.0,0,0
236,0.0,0.06732673267326733,0.11000352009767247,1.0,-0.0,0,0
237,0.0,0.0297029702970297,0.07648795214189293,1.0,-0.0,0,0
238,0.0,0.0297029702970297,0.07648795214189293,1.0,-0.0,0,0
239,0.0,0.0,0.0,1.0,-0.0,0,0
240,0.0,0.009900990099009901,0.04338396495090424,1.0,-0.0,0,0
241,0.0,0.033663366336633666,0.07994704648786674,1.0,-0.0,0,0
242,0.0,0.033663366336633666,0.07994704648786674,1.0,-0.0,0,0
243,0.0,0.033663366336633666,0.07994704648786674,1.0,-0.0,0,0
244,0.0,0.033663366336633666,0.07994704648786674,1.0,-0.0,0,0
245,0.0,0.023762376237623766,0.06471340450838887,1.0,-0.0,0,0
246,0.0,0.021782178217821784,0.06836703565002801,1.0,-0.0,0,0
247,0.0,0.1188118811881188,0.1669249379461988,1.0,-0.0,0,0
248,0.0,0.13663366336633664,0.18440311646451987,1.0,-0.0,0,0
249,0.0,0.15643564356435644,0.19213023717381658,1.0,-0.0,0,0
250,0.0,0.19603960396039602,0.2105724362464704,1.0,-0.0,0,0
251,0.0,0.17425742574257425,0.18166090995928266,1.0,-0.0,0,0
252,0.0,0.07524752475247526,0.11553229422427584,1.0,-0.0,0,0
253,0.0,0.05742574257425742,0.09885135821266286,1.0,-0.0,0,0
254,0.0,0.039603960396039604,0.08452453849668534,1.0,-0.0,0,0
255,0.0,0.0,0.0,1.0,-0.0,0,0
256,0.0,0.015841584158415842,0.05401260078014202,1.0,-0.0,0,0
257,0.0,0.015841584158415842,0.05401260078014202,1.0,-0.0,0,0
258,0.0,0.015841584158415842,0.05401260078014202,1.0,-0.0,0,0
259,0.0,0.015841584158415842,0.05401260078014202,1.0,-0.0,0,0
260,0.0,0.015841584158415842,0.05401260078014202,1.0,-0.0,0,0
261,0.0,0.007920792079207921,0.03900537743285587,1.0,-0.0,0,0
262,0.0,0.007920792079207921,0.03900537743285587,1.0,-0.0,0,0
263,0.0,0.12475247524752472,0.16131019290626772,1.0,-0.0,0,0
264,0.0,0.21782178217821782,0.21266626092410074,1.0,-0.0,0,0
265,0.0,0.2613861386138614,0.23334430305507362,1.0,-0.0,0,0
266,0.0,0.3544554455445545,0.2592925456940949,1.0,-0.0,0,0
267,0.0,0.3544554455445545,0.2592925456940949,1.0,-0.0,0,0
268,0.0,0.2455445544554455,0.2122602328057286,1.0,-0.0,0,0
269,0.0,0.2475247524752475,0.21275843197724023,1.0,-0.0,0,0
270,0.0,0.2673267326732673,0.23424997686574445,1.0,-0.0,0,0
271,0.0,0.16831683168316827,0.18181194346357277,1.0,-0.0,0,0
272,0.0,0.17821782178217818,0.18433931283543808,1.0,-0.0,0,0
273,0.0,0.21980198019801975,0.2039315561653939,1.0,-0.0,0,0
274,0.0,0.1287128712871287,0.13954426081146826,1.0,-0.0,0,0
275,0.0,0.06336633663366338,0.11233152161332939,1.0,-0.0,0,0
276,0.0,0.06336633663366338,0.11233152161332939,1.0,-0.0,0,0
277,0.0,0.05346534653465347,0.10104832334394513,1.0,-0.0,0,0
278,0.0,0.0019801980198019802,0.0198019801980198,1.0,-0.0,0,0
279,0.0,0.0,0.0,1.0,-0.0,0,0
280,0.0,0.023762376237623766,0.06471340450838887,1.0,-0.0,0,0
281,0.0,0.023762376237623766,0.06471340450838887,1.0,-0.0,0,0
282,0.0,0.0712871287128713,0.12132652421418132,1.0,-0.0,0,0
283,0.0,0.11683168316831682,0.15737280385192495,1.0,-0.0,0,0
284,0.0,0.12277227722772276,0.1566235242240411,1.0,-0.0,0,0
285,0.0,0.1188118811881188,0.15202453637757812,1.0,-0.0,0,0
286,0.0,0.1485148514851485,0.16804870898437327,1.0,-0.0,0,0
287,0.2,0.2435643564356435,0.21728105701932998,1.0,-0.0,0,0
288,0.2,0.19801980198019797,0.1877327983285756,0.49579205087195427,0.30470044063822854,0,0
289,0.2,0.22574257425742572,0.2003232364917303,1.0,-0.0,0,0
290,0.4,0.26930693069306927,0.231115493076696,0.2858708959262378,0.5438300572409273,0,0
291,0.4,0.2495049504950495,0.21873794727813695,0.24572158034320019,0.6095567002052975,0,0
292,0.2,0.10495049504950495,0.15310401409962543,0.26736016824262443,0.5729032941606613,0,0
293,0.2,0.2158415841584158,0.20427736592964435,1.0,-0.0,0,0
294,0.2,0.19009900990099005,0.17883282225545563,0.4779240379744263,0.32064112537561185,0,0
295,0.0,0.12475247524752475,0.15632280678012314,1.0,-0.0,0,0
296,0.0,0.11683168316831684,0.15225649732072147,1.0,-0.0,0,0
297,0.0,0.11683168316831684,0.15225649732072147,1.0,-0.0,0,0
298,0.0,0.007920792079207921,0.03900537743285587,1.0,-0.0,0,0
299,0.0,0.009900990099009901,0.04338396495090425,1.0,-0.0,0,0
300,0.0,0.04356435643564357,0.09164702150816742,1.0,-0.0,0,0
301,0.0,0.06336633663366337,0.11580349716604711,1.0,-0.0,0,0
302,0.0,0.10297029702970295,0.14519051706790778,1.0,-0.0,0,0
303,0.0,0.14950495049504947,0.17667095463917198,1.0,-0.0,0,0
304,0.0,0.1386138613861386,0.17059609935397896,1.0,-0.0,0,0
305,0.0,0.1603960396039604,0.16890984643276136,1.0,-0.0,0,0
306,0.0,0.1900990099009901,0.18958263199843847,1.0,-0.0,0,0
307,0.0,0.15049504950495046,0.1577212495187317,1.0,-0.0,0,0
308,0.0,0.10297029702970295,0.1367627457412436,1.0,-0.0,0,0
309,0.0,0.12871287128712872,0.15816812315022463,1.0,-0.0,0,0
310,0.0,0.07524752475247524,0.1189108498693262,1.0,-0.0,0,0
311,0.0,0.031683168316831684,0.07826167463512675,1.0,-0.0,0,0
312,0.0,0.04554455445544555,0.10100951085035129,1.0,-0.0,0,0
313,0.0,0.0613861386138614,0.11166631429601336,1.0,-0.0,0,0
314,0.0,0.07920792079207921,0.1322440226302099,1.0,-0.0,0,0
315,0.2,0.09108910891089109,0.1449472487868919,0.22621111102086144,0.6454860672419591,0,0
316,0.2,0.11089108910891088,0.15279637008998356,0.2798835913936494,0.5530225619699969,0,0
317,0.2,0.10693069306930691,0.14776046024695155,0.26439109241746167,0.5777531807261466,0,0
318,0.4,0.14455445544554454,0.18480669457932825,0.08345039033656172,1.078571627581279,0,0
319,0.4,0.10891089108910891,0.14765427233510695,0.024337725096775703,1.6137200187144183,0,0
320,0.2,0.10693069306930691,0.14776046024695158,0.2643910924174617,0.5777531807261465,0,0
321,0.2,0.08118811881188118,0.11999411807954946,0.16105100406444783,0.793036563248575,0,0
322,0.2,0.0712871287128713,0.10747934055534188,0.11554433714027447,0.9372513345552421,0,0
323,0.0,0.051485148514851496,0.10399339410297731,1.0,-0.0,0,0
324,0.0,0.04356435643564357,0.0916470215081674,1.0,-0.0,0,0
325,0.0,0.033663366336633666,0.07994704648786674,1.0,-0.0,0,0
326,0.0,0.033663366336633666,0.07994704648786674,1.0,-0.0,0,0
327,0.0,0.033663366336633666,0.07994704648786674,1.0,-0.0,0,0
328,0.0,0.0,0.0,1.0,-0.0,0,0
329,0.0,0.0,0.0,1.0,-0.0,0,0
330,0.0,0.017821782178217824,0.056980176514606566,1.0,-0.0,0,0
331,0.0,0.017821782178217824,0.056980176514606566,1.0,-0.0,0,0
332,0.0,0.017821782178217824,0.056980176514606566,1.0,-0.0,0,0
333,0.0,0.017821782178217824,0.056980176514606566,1.0,-0.0,0,0
334,0.0,0.017821782178217824,0.056980176514606566,1.0,-0.0,0,0
335,0.0,0.03564356435643565,0.08154954567118416,1.0,-0.0,0,0
336,0.0,0.03564356435643565,0.08154954567118416,1.0,-0.0,0,0
337,0.0,0.07722772277227724,0.11930590361498669,1.0,-0.0,0,0
338,0.0,0.1188118811881188,0.14939672169394072,1.0,-0.0,0,0
339,0.0,0.1465346534653465,0.15642311016341784,1.0,-0.0,0,0
340,0.0,0.10891089108910891,0.13650445892763632,1.0,-0.0,0,0
341,0.0,0.12673267326732673,0.15083338726765974,1.0,-0.0,0,0
342,0.0,0.08514851485148514,0.12379009590564582,1.0,-0.0,0,0
343,0.0,0.07920792079207921,0.11631029826208643,1.0,-0.0,0,0
344,0.0,0.05346534653465347,0.09704990696905226,1.0,-0.0,0,0
345,0.0,0.05346534653465347,0.09704990696905226,1.0,-0.0,0,0
346,0.0,0.03564356435643565,0.08154954567118416,1.0,-0.0,0,0
347,0.0,0.03564356435643565,0.08154954567118416,1.0,-0.0,0,0
348,0.0,0.0,0.0,1.0,-0.0,0,0
349,0.0,0.0,0.0,1.0,-0.0,0,0
350,0.0,0.027722772277227727,0.07975061610139512,1.0,-0.0,0,0
351,0.0,0.05346534653465347,0.11219180573635876,1.0,-0.0,0,0
352,0.2,0.07524752475247526,0.13156027914354926,0.17150024704312544,0.7657352500271064,0,0
353,0.6,0.10099009900990098,0.1531808285609007,0.0005616895017184962,3.250503693247473,0,0
354,0.6,0.12871287128712872,0.1702279390125739,0.0028151869181249883,2.550492764288569,0,0
355,0.6,0.10099009900990098,0.14246420394934614,0.0002302806976900411,3.637742463416678,0,0
356,0.6,0.08316831683168317,0.13575553664160483,7.0309691733906e-05,4.152984806182937,0,0
357,0.4,0.06732673267326733,0.12673267326732673,0.004332448363012567,2.3632666047923134,0,0
358,0.0,0.04554455445544555,0.08846854615322249,1.0,-0.0,0,0
359,0.2,0.0811881188118812,0.12325042629382524,0.16752607431728717,0.7759175883237079,0,0
360,0.2,0.10693069306930694,0.13661931335176508,0.24786267822600488,0.6057888619402981,0,0
361,0.2,0.09900990099009901,0.1308729634998678,0.2201564018743143,0.6572686812775224,0,0
362,0.2,0.11485148514851483,0.13598641357140118,0.2656067797011653,0.5757608436518119,0,0
363,0.2,0.11089108910891088,0.13636075485692528,0.2567237116992276,0.5905340168581737,0,0
364,0.0,0.04752475247524753,0.08965727859541997,1.0,-0.0,0,0
365,0.0,0.021782178217821784,0.06230547612891991,1.0,-0.0,0,0
366,0.0,0.021782178217821784,0.06230547612891991,1.0,-0.0,0,0
367,0.0,0.0,0.0,1.0,-0.0,0,0
368,0.0,0.0,0.0,1.0,-0.0,0,0
369,0.0,0.0,0.0,1.0,-0.0,0,0
370,0.0,0.0,0.0,1.0,-0.0,0,0
371,0.0,0.0,0.0,1.0,-0.0,0,0
372,0.0,0.0,0.0,1.0,-0.0,0,0
373,0.0,0.0,0.0,1.0,-0.0,0,0
374,0.0,0.0,0.0,1.0,-0.0,0,0
375,0.0,0.009900990099009901,0.04338396495090425,1.0,-0.0,0,0
376,0.0,0.009900990099009901,0.04338396495090425,1.0,-0.0,0,0
377,0.0,0.009900990099009901,0.04338396495090425,1.0,-0.0,0,0
378,0.0,0.1455445544554455,0.18213516495155516,1.0,-0.0,0,0
379,0.0,0.16831683168316833,0.1923953711127306,1.0,-0.0,0,0
380,0.2,0.22970297029702968,0.2075527152198634,1.0,-0.0,0,0
381,0.4,0.2415841584158416,0.21492219487073477,0.23053544963561362,0.6372622833009018,0,0
382,0.4,0.2415841584158416,0.21492219487073477,0.23053544963561362,0.6372622833009018,0,0
383,0.4,0.21188118811881182,0.19462435446028695,0.16687855581156136,0.7775994673414638,0,0
384,0.4,0.1900990099009901,0.18535753542711383,0.12873075272089407,0.8903176913118314,0,0
385,0.2,0.1207920792079208,0.16904907699337068,0.31969571310626765,0.49526318727155555,0,0
386,0.0,0.10891089108910891,0.15549283508436104,1.0,-0.0,0,0
387,0.0,0.10891089108910891,0.15549283508436104,1.0,-0.0,0,0
388,0.0,0.0039603960396039604,0.02786385599895107,1.0,-0.0,0,0
389,0.0,0.0039603960396039604,0.02786385599895107,1.0,-0.0,0,0
390,0.0,0.0,0.0,1.0,-0.0,0,0
391,0.0,0.0,0.0,1.0,-0.0,0,0
392,0.0,0.0,0.0,1.0,-0.0,0,0
393,0.0,0.0,0.0,1.0,-0.0,0,0
394,0.0,0.0,0.0,1.0,-0.0,0,0
395,0.0,0.09702970297029702,0.1367627457412436,1.0,-0.0,0,0
396,0.2,0.10297029702970295,0.1396285351588451,0.24355487059635944,0.613403181009182,0,0
397,0.2,0.10297029702970295,0.1396285351588451,0.24355487059635944,0.613403181009182,0,0
398,0.8,0.24752475247524752,0.21827136321830298,0.005684632670363468,2.245297593313679,0,0
399,0.8,0.3386138613861386,0.2316408525289467,0.023195581846230162,1.6345947290112386,0,0
400,0.8,0.2396039603960396,0.2087583319832626,0.003632736503352109,2.4397661020795627,0,0
401,0.6,0.23762376237623759,0.2081752332823988,0.040865726515121305,1.3886407757442387,0,0
402,0.8,0.2772277227722772,0.2161229885091842,0.007784514034827606,2.108768494024611,0,0
403,0.2,0.1603960396039604,0.16415351901831846,0.4046761387095975,0.3928924025574408,0,0
404,0.2,0.0693069306930693,0.10693069306930694,0.11081180122969682,0.955413985672434,0,0
405,0.2,0.0693069306930693,0.10693069306930694,0.11081180122969682,0.955413985672434,0,0
406,0.2,0.06534653465346535,0.10571364605971598,0.10137482685028305,0.9940698745616096,0,0
407,0.0,0.03762376237623763,0.08307396817189319,1.0,-0.0,0,0
408,0.0,0.039603960396039604,0.08908690597387718,1.0,-0.0,0,0
409,0.0,0.039603960396039604,0.08908690597387718,1.0,-0.0,0,0
410,0.0,0.039603960396039604,0.08908690597387718,1.0,-0.0,0,0
411,0.0,0.09900990099009899,0.12467387119760154,1.0,-0.0,0,0
412,0.0,0.11485148514851483,0.1416914361980065,1.0,-0.0,0,0
413,0.2,0.10099009900990098,0.14246420394934614,0.2435336350202682,0.6134410488439428,0,0
414,0.4,0.12079207920792079,0.1618683193480064,0.042272048079830905,1.3739467101028167,0,0
415,0.4,0.12079207920792079,0.1618683193480064,0.042272048079830905,1.3739467101028167,0,0
416,1.0,0.1603960396039604,0.17353585980361697,6.550488652518794e-07,6.18372630135528,0,0
417,1.0,0.1306930693069307,0.16753458295712845,1.0581495811933447e-07,6.975452935613612,0,0
418,0.8,0.13366336633663364,0.15432845757147495,7.88487636517641e-06,5.103205112017084,0,0
419,0.6,0.16237623762376235,0.18393470922349497,0.008674323336746398,2.0617643934914334,0,0
420,1.2,0.2613861386138614,0.21753356269084295,7.987365604200853e-06,5.097596436231979,0,0
421,0.6,0.16633663366336635,0.18254375725135072,0.008758607584422784,2.057564931099871,0,0
422,0.6,0.16633663366336635,0.18254375725135072,0.008758607584422784,2.057564931099871,0,0
423,0.6,0.15049504950495046,0.17212921831366915,0.00450810380798862,2.3460060920230994,0,0
424,0.6,0.10099009900990098,0.14246420394934614,0.0002302806976900411,3.637742463416678,0,0
425,0.0,0.0019801980198019802,0.0198019801980198,1.0,-0.0,0,0
426,0.0,0.04950495049504951,0.09504950495049506,1.0,-0.0,0,0
427,0.0,0.12475247524752472,0.1485280522186073,1.0,-0.0,0,0
428,0.0,0.12475247524752472,0.1485280522186073,1.0,-0.0,0,0
429,0.0,0.12475247524752472,0.1485280522186073,1.0,-0.0,0,0
430,0.0,0.22376237623762374,0.1893963913064292,1.0,-0.0,0,0
431,0.0,0.17425742574257425,0.17272049494935865,1.0,-0.0,0,0
432,0.0,0.09702970297029702,0.13084299831035082,1.0,-0.0,0,0
433,0.0,0.09702970297029702,0.13084299831035082,1.0,-0.0,0,0
434,0.0,0.09702970297029702,0.13084299831035082,1.0,-0.0,0,0
435,0.0,0.0,0.0,1.0,-0.0,0,0
436,0.4,0.039603960396039604,0.08908690597387718,2.6112086633964745e-05,4.583158422033524,0,0
437,0.6,0.07722772277227723,0.11593886073904515,3.2561720089602312e-06,5.4872926613476,0,0
438,1.6,0.18217821782178217,0.17142156917092394,7.643958326704033e-17,16.11668168929518,0,0
439,1.6,0.18217821782178217,0.17142156917092394,7.643958326704033e-17,16.11668168929518,0,0
440,1.6,0.18217821782178217,0.17142156917092394,7.643958326704033e-17,16.11668168929518,0,0
441,1.4,0.17227722772277226,0.15927982219556597,6.402153978126521e-15,14.193673884855038,0,0
442,1.4,0.1485148514851485,0.15325760452189585,1.6953344306592828e-16,15.770744617777465,0,0
443,0.4,0.04356435643564357,0.09164702150816742,5.028297628426176e-05,4.29857902403349,0,0
444,0.4,0.05742574257425742,0.11021718851545143,0.000941234336952832,3.026302237810158,0,0
445,0.4,0.07326732673267328,0.12177815335858849,0.0036480804115842447,2.4379355974482175,0,0
446,0.2,0.05940594059405942,0.10733330877518932,0.0951177364230414,1.0217384934469724,0,0
447,0.0,0.04554455445544555,0.09283729243351323,1.0,-0.0,0,0
448,0.0,0.06534653465346535,0.10189845806153354,1.0,-0.0,0,0
449,0.0,0.0712871287128713,0.12132652421418132,1.0,-0.0,0,0
450,0.0,0.05544554455445545,0.10575073206193021,1.0,-0.0,0,0
451,0.0,0.039603960396039604,0.09342674148186496,1.0,-0.0,0,0
452,0.0,0.039603960396039604,0.09342674148186496,1.0,-0.0,0,0
453,0.0,0.019801980198019802,0.059735061897023205,1.0,-0.0,0,0
454,0.0,0.0,0.0,1.0,-0.0,0,0
455,0.0,0.0,0.0,1.0,-0.0,0,0
456,0.0,0.0,0.0,1.0,-0.0,0,0
457,0.0,0.0,0.0,1.0,-0.0,0,0
458,0.0,0.0,0.0,1.0,-0.0,0,0
459,0.0,0.025742574257425748,0.07264925278354116,1.0,-0.0,0,0
460,0.0,0.025742574257425748,0.07264925278354116,1.0,-0.0,0,0
461,0.0,0.025742574257425748,0.07264925278354116,1.0,-0.0,0,0
462,0.0,0.025742574257425748,0.07264925278354116,1.0,-0.0,0,0
463,0.0,0.025742574257425748,0.07264925278354116,1.0,-0.0,0,0
464,0.0,0.11287128712871286,0.15264231556912292,1.0,-0.0,0,0
465,0.0,0.11287128712871286,0.15264231556912292,1.0,-0.0,0,0
466,0.0,0.15049504950495046,0.17889858976816211,1.0,-0.0,0,0
467,0.0,0.16435643564356434,0.1875238115128985,1.0,-0.0,0,0
468,0.0,0.16435643564356434,0.1875238115128985,1.0,-0.0,0,0
469,0.0,0.04950495049504951,0.09504950495049506,1.0,-0.0,0,0
470,0.0,0.08118811881188118,0.12325042629382525,1.0,-0.0,0,0
471,0.0,0.04554455445544555,0.09700949476369024,1.0,-0.0,0,0
472,0.0,0.031683168316831684,0.08316831683168317,1.0,-0.0,0,0
473,0.0,0.031683168316831684,0.08316831683168317,1.0,-0.0,0,0
474,0.0,0.031683168316831684,0.08316831683168317,1.0,-0.0,0,0
475,0.0,0.0,0.0,1.0,-0.0,0,0
476,0.0,0.0,0.0,1.0,-0.0,0,0
477,0.0,0.0,0.0,1.0,-0.0,0,0
478,0.0,0.0,0.0,1.0,-0.0,0,0
479,0.0,0.0,0.0,1.0,-0.0,0,0
480,0.0,0.011881188118811881,0.04727657974777554,1.0,-0.0,0,0
481,0.0,0.011881188118811881,0.04727657974777554,1.0,-0.0,0,0
482,0.0,0.011881188118811881,0.04727657974777554,1.0,-0.0,0,0
483,0.0,0.031683168316831684,0.07826167463512675,1.0,-0.0,0,0
484,0.0,0.05742574257425742,0.10656335878870263,1.0,-0.0,0,0
485,0.0,0.04554455445544555,0.09700949476369022,1.0,-0.0,0,0
486,0.0,0.04554455445544555,0.09700949476369022,1.0,-0.0,0,0
487,0.0,0.05544554455445545,0.10575073206193022,1.0,-0.0,0,0
488,0.0,0.06534653465346535,0.10939585993610405,1.0,-0.0,0,0
489,0.0,0.04356435643564357,0.08255312311158745,1.0,-0.0,0,0
490,0.0,0.057425742574257435,0.09885135821266286,1.0,-0.0,0,0
491,0.0,0.07524752475247526,0.11205191564986228,1.0,-0.0,0,0
492,0.0,0.10891089108910891,0.1335716590419014,1.0,-0.0,0,0
493,0.0,0.07920792079207921,0.11966689053257921,1.0,-0.0,0,0
494,0.0,0.07524752475247526,0.11553229422427584,1.0,-0.0,0,0
495,0.0,0.06534653465346535,0.10571364605971598,1.0,-0.0,0,0
496,0.0,0.04752475247524753,0.09809478080396702,1.0,-0.0,0,0
497,0.0,0.0039603960396039604,0.027863855998951064,1.0,-0.0,0,0
498,0.0,0.009900990099009901,0.04338396495090424,1.0,-0.0,0,0
499,0.0,0.033663366336633666,0.07482947971362845,1.0,-0.0,0,0
500,0.0,0.0297029702970297,0.07112192077650681,1.0,-0.0,0,0
501,0.0,0.061386138613861385,0.10806149425459212,1.0,-0.0,0,0
502,0.0,0.061386138613861385,0.10806149425459212,1.0,-0.0,0,0
503,0.0,0.05544554455445545,0.1019369320889802,1.0,-0.0,0,0
504,0.0,0.031683168316831684,0.0730260947112308,1.0,-0.0,0,0
505,0.0,0.031683168316831684,0.0730260947112308,1.0,-0.0,0,0
506,0.0,0.0,0.0,1.0,-0.0,0,0
507,0.0,0.0,0.0,1.0,-0.0,0,0
508,0.0,0.0,0.0,1.0,-0.0,0,0
509,0.0,0.013861386138613863,0.05079507064705211,1.0,-0.0,0,0
510,0.0,0.017821782178217824,0.0635517090529949,1.0,-0.0,0,0
511,0.0,0.019801980198019802,0.06603299802191316,1.0,-0.0,0,0
512,0.0,0.04554455445544555,0.09700949476369022,1.0,-0.0,0,0
513,0.0,0.05148514851485149,0.10399339410297728,1.0,-0.0,0,0
514,0.0,0.05346534653465347,0.10104832334394513,1.0,-0.0,0,0
515,0.2,0.061386138613861385,0.11166631429601334,0.10724339580581528,0.9696294427647093,0,0
516,0.2,0.0594059405940594,0.11096178792967841,0.10256882529016816,0.9889846183837064,0,0
517,0.2,0.05742574257425742,0.10277971700879983,0.08269301175340939,1.0825311903890302,0,0
518,0.2,0.0712871287128713,0.10372911567294095,0.10732951799335329,0.9692808210103285,0,0
519,0.4,0.097029702970297,0.124642415697871,0.007534513364808583,2.122944792427417,0,0
520,0.2,0.09900990099009897,0.12781100644043508,0.21471955559663825,0.6681284003660175,0,0
521,0.2,0.10099009900990097,0.1308729634998678,0.22466442305999795,0.6484656952356532,0,0
522,0.2,0.07722772277227724,0.1193059036149867,0.15172703225002876,0.8189370368062708,0,0
523,0.2,0.057425742574257435,0.10656335878870266,0.09045971579075386,1.0435447810683358,0,0
524,0.0,0.015841584158415842,0.054012600780142014,1.0,-0.0,0,0
525,0.0,0.03564356435643565,0.08154954567118415,1.0,-0.0,0,0
526,0.0,0.033663366336633666,0.07994704648786674,1.0,-0.0,0,0
527,0.0,0.09306930693069307,0.13069306930693073,1.0,-0.0,0,0
528,0.0,0.11683168316831682,0.14696218071508493,1.0,-0.0,0,0
529,0.0,0.11683168316831682,0.14696218071508493,1.0,-0.0,0,0
530,0.0,0.08316831683168316,0.11694909354640316,1.0,-0.0,0,0
531,0.0,0.08316831683168316,0.11694909354640316,1.0,-0.0,0,0
532,0.0,0.023762376237623766,0.06471340450838887,1.0,-0.0,0,0
533,0.0,0.0,0.0,1.0,-0.0,0,0
534,0.0,0.0,0.0,1.0,-0.0,0,0
535,0.0,0.0,0.0,1.0,-0.0,0,0
536,0.0,0.0,0.0,1.0,-0.0,0,0
537,0.0,0.015841584158415842,0.05401260078014202,1.0,-0.0,0,0
538,0.0,0.015841584158415842,0.05401260078014202,1.0,-0.0,0,0
539,0.0,0.015841584158415842,0.05401260078014202,1.0,-0.0,0,0
540,0.0,0.015841584158415842,0.05401260078014202,1.0,-0.0,0,0
541,0.0,0.015841584158415842,0.05401260078014202,1.0,-0.0,0,0
542,0.0,0.007920792079207921,0.03900537743285587,1.0,-0.0,0,0
543,0.0,0.04356435643564357,0.08721867542790196,1.0,-0.0,0,0
544,0.0,0.04356435643564357,0.08721867542790196,1.0,-0.0,0,0
545,0.0,0.04356435643564357,0.08721867542790196,1.0,-0.0,0,0
546,0.0,0.04356435643564357,0.08721867542790196,1.0,-0.0,0,0
547,0.0,0.03564356435643565,0.08154954567118416,1.0,-0.0,0,0
548,0.0,0.0,0.0,1.0,-0.0,0,0
549,0.0,0.0,0.0,1.0,-0.0,0,0
550,0.0,0.0,0.0,1.0,-0.0,0,0
551,0.0,0.0,0.0,1.0,-0.0,0,0
552,0.0,0.0,0.0,1.0,-0.0,0,0
553,0.0,0.027722772277227727,0.07461957893630407,1.0,-0.0,0,0
554,0.0,0.027722772277227727,0.07461957893630407,1.0,-0.0,0,0
555,0.0,0.027722772277227727,0.07461957893630407,1.0,-0.0,0,0
556,0.0,0.027722772277227727,0.07461957893630407,1.0,-0.0,0,0
557,0.0,0.027722772277227727,0.07461957893630407,1.0,-0.0,0,0
558,0.0,0.0,0.0,1.0,-0.0,0,0
559,0.0,0.0,0.0,1.0,-0.0,0,0
560,0.0,0.0,0.0,1.0,-0.0,0,0
561,0.0,0.025742574257425745,0.07264925278354116,1.0,-0.0,0,0
562,0.0,0.025742574257425745,0.07264925278354116,1.0,-0.0,0,0
563,0.0,0.06732673267326733,0.1135467024699521,1.0,-0.0,0,0
564,0.0,0.08118811881188118,0.12325042629382527,1.0,-0.0,0,0
565,0.0,0.08118811881188118,0.12325042629382527,1.0,-0.0,0,0
566,0.0,0.05544554455445544,0.1019369320889802,1.0,-0.0,0,0
567,0.0,0.05544554455445544,0.1019369320889802,1.0,-0.0,0,0
568,0.0,0.01386138613861386,0.05807080514303042,1.0,-0.0,0,0
569,0.0,0.0,0.0,1.0,-0.0,0,0
570,0.0,0.0,0.0,1.0,-0.0,0,0
571,0.2,0.05148514851485149,0.09607532254026299,0.06107440442601417,1.214140759405803,0,0
572,0.2,0.05148514851485149,0.09607532254026299,0.06107440442601417,1.214140759405803,0,0
573,0.2,0.05148514851485149,0.09607532254026299,0.06107440442601417,1.214140759405803,0,0
574,0.2,0.05148514851485149,0.09607532254026299,0.06107440442601417,1.214140759405803,0,0
575,0.2,0.10099009900990098,0.13679141417164786,0.23459364655241438,0.6296837539621412,0,0
576,0.0,0.049504950495049514,0.10304643034659552,1.0,-0.0,0,0
577,0.0,0.049504950495049514,0.10304643034659552,1.0,-0.0,0,0
578,0.0,0.049504950495049514,0.10304643034659552,1.0,-0.0,0,0
579,0.0,0.049504950495049514,0.10304643034659552,1.0,-0.0,0,0
580,0.0,0.0,0.0,1.0,-0.0,0,0
581,0.0,0.0,0.0,1.0,-0.0,0,0
582,0.0,0.0,0.0,1.0,-0.0,0,0
583,0.0,0.0,0.0,1.0,-0.0,0,0
584,0.0,0.0,0.0,1.0,-0.0,0,0
585,0.0,0.0,0.0,1.0,-0.0,0,0
586,0.0,0.0,0.0,1.0,-0.0,0,0
587,0.0,0.0,0.0,1.0,-0.0,0,0
588,0.0,0.0,0.0,1.0,-0.0,0,0
589,0.4,0.11485148514851484,0.14717547862227368,0.02634377587819778,1.5793219770758335,0,0
590,0.4,0.13861386138613863,0.16104257909978187,0.05228538948720469,1.2816196524626604,0,0
591,0.4,0.17821782178217818,0.17777723316802727,0.10610187484501872,0.9742769419454816,0,0
592,0.4,0.19207920792079206,0.17782134115361306,0.12114784922992501,0.9166842916037902,0,0
593,0.6,0.29108910891089107,0.2243136991446542,0.08423481228305775,1.0745083876228694,0,0
594,0.4,0.19207920792079206,0.18438185104134303,0.1297309045901165,0.8869565536448065,0,0
595,0.4,0.16831683168316827,0.1705731126127369,0.08719010394135442,1.0595328046035917,0,0
596,0.4,0.1287128712871287,0.16550949460567813,0.050595892874666176,1.2958847356159928,0,0
597,0.4,0.12673267326732673,0.16821196500273505,0.05213013984045487,1.2829111100651842,0,0
598,0.2,0.02970297029702971,0.07648795214189293,0.012991839772286904,1.8863293442020952,0,0
599,0.0,0.04554455445544555,0.08387254884969257,1.0,-0.0,0,0
600,0.0,0.06534653465346535,0.10189845806153354,1.0,-0.0,0,0
601,0.0,0.1465346534653465,0.1686077858012515,1.0,-0.0,0,0
602,0.0,0.17227722772277226,0.1909428466047948,1.0,-0.0,0,0
603,0.2,0.17821782178217818,0.19478546736408614,0.4554804853281563,0.34153022526804067,0,0
604,0.2,0.16435643564356434,0.19375607734491182,0.4270220198152501,0.3695497295705582,0,0
605,0.2,0.19801980198019797,0.2170824536601001,0.49636095066686814,0.3042023923162831,0,0
606,0.2,0.14059405940594058,0.1835719395616125,0.3731161935633424,0.42815590179651875,0,0
607,0.2,0.10297029702970295,0.14519051706790778,0.25197351730651474,0.5986451016471241,0,0
608,0.0,0.17029702970297028,0.19977440467551036,1.0,-0.0,0,0
609,0.0,0.20396039603960395,0.21244488724065505,1.0,-0.0,0,0
610,0.0,0.14950495049504947,0.19172162285084568,1.0,-0.0,0,0
611,0.0,0.13663366336633664,0.18864958992181474,1.0,-0.0,0,0
612,0.0,0.13663366336633664,0.18864958992181474,1.0,-0.0,0,0
613,0.0,0.06336633663366338,0.1256450857759628,1.0,-0.0,0,0
614,0.0,0.025742574257425745,0.0669763743575753,1.0,-0.0,0,0
615,0.0,0.03762376237623763,0.08307396817189318,1.0,-0.0,0,0
616,0.0,0.025742574257425745,0.06697637435757531,1.0,-0.0,0,0
617,0.0,0.025742574257425745,0.06697637435757531,1.0,-0.0,0,0
618,0.0,0.025742574257425745,0.06697637435757531,1.0,-0.0,0,0
619,0.0,0.03564356435643565,0.08626938974571076,1.0,-0.0,0,0
620,0.0,0.023762376237623766,0.07056843438101175,1.0,-0.0,0,0
621,0.0,0.023762376237623766,0.07056843438101175,1.0,-0.0,0,0
622,0.0,0.03564356435643565,0.08154954567118416,1.0,-0.0,0,0
623,0.0,0.061386138613861385,0.10806149425459212,1.0,-0.0,0,0
624,0.0,0.03762376237623763,0.07816140339006158,1.0,-0.0,0,0
625,0.0,0.05940594059405942,0.10733330877518932,1.0,-0.0,0,0
626,0.0,0.07326732673267328,0.12177815335858849,1.0,-0.0,0,0
627,0.0,0.061386138613861385,0.11166631429601334,1.0,-0.0,0,0
628,0.0,0.03564356435643565,0.08154954567118416,1.0,-0.0,0,0
629,0.0,0.03564356435643565,0.08154954567118416,1.0,-0.0,0,0
630,0.0,0.013861386138613863,0.05079507064705212,1.0,-0.0,0,0
631,0.0,0.013861386138613863,0.05079507064705211,1.0,-0.0,0,0
632,0.2,0.09306930693069305,0.12448501897427097,0.19517455309290543,0.7095768064016368,0,0
633,0.2,0.09306930693069305,0.12448501897427097,0.19517455309290543,0.7095768064016368,0,0
634,0.2,0.09306930693069305,0.12448501897427097,0.19517455309290543,0.7095768064016368,1,0
635,0.2,0.2594059405940594,0.20400845343666582,1.0,-0.0,0,0
636,0.2,0.2455445544554455,0.19877085293195412,1.0,-0.0,0,0
637,0.0,0.16633663366336632,0.1713529319032391,1.0,-0.0,0,0
638,0.0,0.18613861386138614,0.18295143702892827,1.0,-0.0,0,0
639,0.0,0.18613861386138614,0.18295143702892827,1.0,-0.0,0,0
640,0.0,0.04554455445544554,0.10100951085035129,1.0,-0.0,0,0
