,foreground,bg_means,bg_stdev,pvals,minus_logs,regs,active
2,0.0,0.3247524752475248,0.20069480331595926,1.0,-0.0,0,0
3,0.0,0.19207920792079203,0.18003474269593195,1.0,-0.0,0,0
4,0.0,0.1306930693069307,0.1447035715361989,1.0,-0.0,0,0
5,0.0,0.1306930693069307,0.1447035715361989,1.0,-0.0,0,0
6,0.0,0.14059405940594058,0.15554326246855826,1.0,-0.0,0,0
7,0.0,0.13663366336633662,0.14605218942246156,1.0,-0.0,0,0
8,0.0,0.15445544554455443,0.166218722942046,1.0,-0.0,0,0
9,0.0,0.15445544554455443,0.166218722942046,1.0,-0.0,0,0
10,0.0,0.31287128712871287,0.2444081014750946,1.0,-0.0,0,0
11,0.0,0.30297029702970296,0.2398247898170722,1.0,-0.0,0,0
12,0.0,0.18415841584158413,0.1963693596248423,1.0,-0.0,0,0
13,0.0,0.1603960396039604,0.18459439503241848,1.0,-0.0,0,0
14,0.0,0.1603960396039604,0.18459439503241848,1.0,-0.0,0,0
15,0.0,0.0,0.0,1.0,-0.0,0,0
16,0.2,0.03564356435643565,0.07653920035678292,0.015882722457572503,1.7990750531077893,0,0
17,0.2,0.09504950495049502,0.12457948087149172,0.19977140085777179,0.6994666849722295,0,0
18,0.2,0.14059405940594058,0.14770737583343774,0.34377331843294273,0.4637278336030419,0,0
19,0.6,0.21386138613861383,0.19752413211148517,0.025297829362594455,1.5969167411281147,0,0
20,0.6,0.21386138613861383,0.19752413211148517,0.025297829362594455,1.5969167411281147,0,0
21,0.8,0.3108910891089109,0.224226278080831,0.014579936419089402,1.8362443699068531,0,0
22,0.8,0.2495049504950495,0.21691982475452123,0.005577885561941823,2.25353040013218,0,0
23,0.8,0.2059405940594059,0.1938774657314743,0.0010916396946941873,2.961920680703485,0,0
24,0.4,0.1306930693069307,0.1577958163416755,0.043940792809908945,1.3571321115060304,0,0
25,0.4,0.17425742574257427,0.17272049494935862,0.09560941600580715,1.0194993345231618,0,0
26,0.0,0.041584158415841586,0.08590499787518362,1.0,-0.0,0,0
27,0.0,0.04752475247524753,0.09397077637785879,1.0,-0.0,0,0
28,0.0,0.04752475247524753,0.09397077637785879,1.0,-0.0,0,0
29,0.0,0.04752475247524753,0.09397077637785879,1.0,-0.0,0,0
30,0.0,0.0059405940594059415,0.03395332316729158,1.0,-0.0,0,0
31,0.0,0.0059405940594059415,0.03395332316729158,1.0,-0.0,0,0
32,0.0,0.0,0.0,1.0,-0.0,0,0
33,0.0,0.0,0.0,1.0,-0.0,0,0
34,0.0,0.0,0.0,1.0,-0.0,0,0
35,0.0,0.0,0.0,1.0,-0.0,0,0
36,0.4,0.05940594059405942,0.0996808946427978,0.0003167579367343702,3.4992724945605174,0,0
37,0.4,0.23564356435643566,0.19780186026407595,0.20301096324618567,0.69248050815202,0,31
38,0.4,0.3584158415841583,0.24586373378485155,0.43284523445458434,0.36366735962173025,0,0
39,0.4,0.499009900990099,0.28231540872042443,1.0,-0.0,0,0
40,0.4,0.5069306930693069,0.2864108472358739,1.0,-0.0,0,0
41,0.0,0.44752475247524753,0.26573047441134656,1.0,-0.0,0,0
42,0.0,0.27128712871287125,0.2154142376787709,1.0,-0.0,0,0
43,0.0,0.15049504950495046,0.1650824950547828,1.0,-0.0,0,0
44,0.0,0.007920792079207921,0.03900537743285587,1.0,-0.0,0,0
45,0.0,0.14059405940594058,0.13943181578046687,1.0,-0.0,0,0
46,0.0,0.16831683168316833,0.14821091010823154,1.0,-0.0,0,0
47,0.2,0.20594059405940587,0.16520121674941948,1.0,-0.0,0,0
48,0.4,0.22376237623762374,0.17414487814590618,0.155764898611236,0.807530403255001,0,0
49,0.4,0.22376237623762374,0.17414487814590618,0.155764898611236,0.807530403255001,0,0
50,0.4,0.08316831683168316,0.13280619910579972,0.008524034799117194,2.06935478595998,0,0
51,0.6,0.07326732673267328,0.12498799079651088,1.2529575667973327e-05,4.902063636761491,0,0
52,0.6,0.06336633663366337,0.10504385908811757,1.6222332550398264e-07,6.789886700005599,0,0
53,0.6,0.05544554455445544,0.1019369320889802,4.594500868419633e-08,7.337761662050507,0,0
54,0.6,0.05544554455445544,0.1019369320889802,4.594500868419633e-08,7.337761662050507,0,0
55,0.6,0.05544554455445544,0.1019369320889802,4.594500868419633e-08,7.337761662050507,0,0
56,0.4,0.07326732673267326,0.10425700262248065,0.000862451564620406,3.0642652855981614,0,0
57,0.2,0.10495049504950493,0.1337769960717191,0.2386948661603236,0.6221569216812192,0,0
58,0.0,0.09504950495049502,0.1337769960717191,1.0,-0.0,0,0
59,0.0,0.09504950495049502,0.1337769960717191,1.0,-0.0,0,0
60,0.0,0.10099009900990097,0.13386490123687583,1.0,-0.0,0,0
61,0.0,0.06534653465346535,0.11295810453031022,1.0,-0.0,0,0
62,0.0,0.0059405940594059415,0.03395332316729158,1.0,-0.0,0,0
63,0.0,0.0059405940594059415,0.03395332316729158,1.0,-0.0,0,0
64,0.0,0.0059405940594059415,0.03395332316729158,1.0,-0.0,0,0
65,0.0,0.0,0.0,1.0,-0.0,0,0
66,0.0,0.0,0.0,1.0,-0.0,0,0
67,0.0,0.0,0.0,1.0,-0.0,0,0
68,0.0,0.025742574257425748,0.07264925278354116,1.0,-0.0,0,0
69,0.0,0.025742574257425748,0.07264925278354116,1.0,-0.0,0,0
70,0.0,0.13663366336633662,0.1565233492702535,1.0,-0.0,0,0
71,0.0,0.15247524752475247,0.16203780234042603,1.0,-0.0,0,0
72,0.0,0.15247524752475247,0.16203780234042603,1.0,-0.0,0,0
73,0.0,0.13366336633663364,0.15687368174525432,1.0,-0.0,0,0
74,0.0,0.13366336633663364,0.15687368174525432,1.0,-0.0,0,0
75,0.0,0.023762376237623766,0.07056843438101175,1.0,-0.0,0,0
76,0.0,0.007920792079207921,0.03900537743285587,1.0,-0.0,0,0
77,0.0,0.043564356435643575,0.08255312311158747,1.0,-0.0,0,0
78,0.0,0.08712871287128712,0.12401163019288061,1.0,-0.0,0,0
79,0.0,0.10495049504950493,0.12771893462651168,1.0,-0.0,0,0
80,0.0,0.16435643564356434,0.16264165701687977,1.0,-0.0,0,0
81,0.0,0.22772277227722773,0.21623182090643484,1.0,-0.0,0,0
82,0.0,0.19207920792079206,0.1948257247722589,1.0,-0.0,0,0
83,0.0,0.13861386138613863,0.17517758855125917,1.0,-0.0,0,0
84,0.0,0.14356435643564358,0.17143300604381728,1.0,-0.0,0,0
85,0.0,0.1425742574257426,0.1575471230171571,1.0,-0.0,0,0
86,0.0,0.07722772277227721,0.1257698574906964,1.0,-0.0,0,0
87,0.0,0.07722772277227721,0.1257698574906964,1.0,-0.0,0,0
88,0.0,0.13465346534653466,0.16911864928947465,1.0,-0.0,0,0
89,0.0,0.1603960396039604,0.18459439503241848,1.0,-0.0,0,0
90,0.0,0.16831683168316824,0.1658644878524509,1.0,-0.0,0,0
91,0.0,0.16831683168316824,0.1658644878524509,1.0,-0.0,0,0
92,0.0,0.16831683168316824,0.1658644878524509,1.0,-0.0,0,0
93,0.0,0.1089108910891089,0.13057300215314482,1.0,-0.0,0,0
94,0.0,0.06336633663366337,0.10504385908811757,1.0,-0.0,0,0
95,0.0,0.0,0.0,1.0,-0.0,0,0
96,0.0,0.0,0.0,1.0,-0.0,0,0
97,0.0,0.0,0.0,1.0,-0.0,0,0
98,0.0,0.0,0.0,1.0,-0.0,0,0
99,0.0,0.027722772277227727,0.06910862719451544,1.0,-0.0,0,0
100,0.0,0.027722772277227727,0.06910862719451544,1.0,-0.0,0,0
101,1.2,0.41782178217821786,0.30455162289944415,0.005110016381868427,2.291577707586685,0,0
102,1.4,0.5801980198019803,0.33831843982962573,0.00769293213045995,2.113908099031998,0,0
103,1.8,0.6910891089108911,0.3587930841141128,0.0009985284618354488,3.000639551582549,0,0
104,1.8,0.7029702970297032,0.35999324678609584,0.0011542979121383864,2.937682089880164,0,0
105,2.0,0.9683168316831683,0.3997352324393336,0.004926923782878645,2.3074241559981283,0,0
106,0.8,0.5782178217821783,0.3232275232117339,0.2463096392163937,0.6085185919100851,0,0
107,0.6,0.4613861386138614,0.31053141835901243,0.3276627295973038,0.4845729551716719,0,0
108,0.2,0.4613861386138614,0.33506916591425695,1.0,-0.0,0,0
109,0.2,0.4910891089108912,0.3609939551072267,1.0,-0.0,0,0
110,0.0,0.22772277227722773,0.22165838129038765,1.0,-0.0,0,0
111,0.0,0.22772277227722773,0.22165838129038765,1.0,-0.0,0,0
112,0.0,0.19603960396039602,0.20485241829915377,1.0,-0.0,0,0
113,0.0,0.08316831683168317,0.13575553664160483,1.0,-0.0,0,0
114,0.0,0.013861386138613863,0.05079507064705211,1.0,-0.0,0,0
115,0.0,0.015841584158415842,0.05401260078014202,1.0,-0.0,0,0
116,0.0,0.09108910891089109,0.11440678673785577,1.0,-0.0,0,0
117,0.0,0.07722772277227724,0.1124710639300034,1.0,-0.0,0,0
118,0.0,0.07722772277227724,0.1124710639300034,1.0,-0.0,0,0
119,0.0,0.09306930693069305,0.12126186845461277,1.0,-0.0,0,0
120,0.0,0.09108910891089109,0.12113245340338318,1.0,-0.0,0,0
121,0.0,0.04554455445544555,0.08846854615322249,1.0,-0.0,0,0
122,0.0,0.08316831683168317,0.10996786833199856,1.0,-0.0,0,0
123,0.0,0.08316831683168317,0.10996786833199856,1.0,-0.0,0,0
124,0.0,0.06732673267326733,0.09861306612268303,1.0,-0.0,0,0
125,0.0,0.06732673267326733,0.09861306612268303,1.0,-0.0,0,0
126,0.0,0.11089108910891088,0.12734998170941406,1.0,-0.0,0,0
127,0.0,0.07326732673267328,0.11509022642946844,1.0,-0.0,0,0
128,0.0,0.10891089108910892,0.14218869759220787,1.0,-0.0,0,0
129,0.0,0.2851485148514851,0.24266920752327134,1.0,-0.0,0,0
130,0.0,0.2851485148514851,0.24266920752327134,1.0,-0.0,0,0
131,0.0,0.40198019801980195,0.2835350391393677,1.0,-0.0,0,0
132,0.0,0.40198019801980195,0.2835350391393677,1.0,-0.0,0,0
133,0.0,0.40198019801980195,0.2735828283432958,1.0,-0.0,0,0
134,0.0,0.4217821782178218,0.2419409797909111,1.0,-0.0,0,0
135,0.0,0.4217821782178218,0.2419409797909111,1.0,-0.0,0,0
136,0.0,0.23168316831683167,0.18823342001292906,1.0,-0.0,0,0
137,0.0,0.23168316831683167,0.18823342001292906,1.0,-0.0,0,0
138,0.0,0.19603960396039605,0.16881696226492765,1.0,-0.0,0,0
139,0.0,0.0,0.0,1.0,-0.0,0,0
140,0.0,0.0,0.0,1.0,-0.0,0,0
141,0.0,0.0,0.0,1.0,-0.0,0,0
142,0.0,0.0,0.0,1.0,-0.0,0,0
143,0.0,0.02772277227722772,0.06910862719451544,1.0,-0.0,0,0
144,0.0,0.05346534653465347,0.09287951999650358,1.0,-0.0,0,0
145,0.0,0.05346534653465347,0.09287951999650358,1.0,-0.0,0,0
146,0.0,0.05346534653465347,0.09287951999650358,1.0,-0.0,0,0
147,0.0,0.05346534653465347,0.09287951999650358,1.0,-0.0,0,0
148,0.0,0.025742574257425745,0.06697637435757531,1.0,-0.0,0,0
149,0.0,0.0,0.0,1.0,-0.0,0,0
150,0.2,0.06732673267326733,0.1135467024699521,0.12131331785204298,0.9160915193958917,0,0
151,0.2,0.06732673267326733,0.1135467024699521,0.12131331785204298,0.9160915193958917,0,0
152,0.2,0.06732673267326733,0.1135467024699521,0.12131331785204298,0.9160915193958917,0,0
153,0.4,0.2673267326732673,0.20542586092035522,0.25918986742199757,0.5863819804585746,0,0
154,0.4,0.3920792079207921,0.2593530291438781,0.48781796492962937,0.3117422099137597,0,0
155,0.2,0.38217821782178224,0.27300891785527265,1.0,-0.0,0,0
156,0.2,0.4534653465346536,0.2882395718483764,1.0,-0.0,0,0
157,0.2,0.4871287128712872,0.28342438051903845,1.0,-0.0,0,0
158,0.0,0.3425742574257426,0.21495868111068372,1.0,-0.0,0,0
159,0.0,0.2178217821782178,0.18900261384538627,1.0,-0.0,0,0
160,0.0,0.1782178217821782,0.1755353680172698,1.0,-0.0,0,0
161,0.0,0.10495049504950495,0.12771893462651168,1.0,-0.0,0,0
162,0.0,0.0712871287128713,0.11110305060677653,1.0,-0.0,0,0
163,0.2,0.27326732673267323,0.19237498916753726,1.0,-0.0,0,0
164,0.2,0.3465346534653465,0.21780377963410028,1.0,-0.0,0,0
165,0.2,0.3287128712871287,0.21170530314303518,1.0,-0.0,0,0
166,0.2,0.3287128712871287,0.21170530314303518,1.0,-0.0,0,0
167,0.2,0.3663366336633664,0.21630434541657614,1.0,-0.0,0,0
168,0.0,0.1089108910891089,0.13937555924568532,1.0,-0.0,0,0
169,0.0,0.06534653465346535,0.10571364605971598,1.0,-0.0,0,0
170,0.0,0.08514851485148514,0.1172170185104851,1.0,-0.0,0,0
171,0.0,0.08514851485148514,0.1172170185104851,1.0,-0.0,0,0
172,0.0,0.04752475247524753,0.08512548617902843,1.0,-0.0,0,0
173,0.0,0.04752475247524753,0.08512548617902843,1.0,-0.0,0,0
174,0.0,0.04554455445544555,0.09283729243351321,1.0,-0.0,0,0
175,0.0,0.03564356435643565,0.08154954567118415,1.0,-0.0,0,0
176,0.0,0.03564356435643565,0.08154954567118415,1.0,-0.0,0,0
177,0.0,0.03564356435643565,0.08154954567118415,1.0,-0.0,0,0
178,0.0,0.03564356435643565,0.08154954567118415,1.0,-0.0,0,0
179,0.4,0.07326732673267328,0.11509022642946842,0.0022632803634886505,2.6452616445542345,0,0
180,0.4,0.06336633663366338,0.10504385908811757,0.0006760253672663784,3.1700370072283235,0,0
181,0.4,0.06336633663366338,0.10504385908811757,0.0006760253672663784,3.1700370072283235,0,0
182,0.4,0.06336633663366338,0.10504385908811757,0.0006760253672663784,3.1700370072283235,0,0
183,0.4,0.13861386138613863,0.15088537189345536,0.041605712132527305,1.38084704011039,0,0
184,0.0,0.07326732673267328,0.10798889666879985,1.0,-0.0,0,0
185,0.6,0.25544554455445545,0.1952278422790691,0.038791648742565785,1.41126176140068,0,0
186,0.8,0.2712871287128713,0.20793022137977643,0.005499323107529562,2.259690763006833,0,0
187,0.8,0.2712871287128713,0.20793022137977643,0.005499323107529562,2.259690763006833,0,0
188,1.0,0.29900990099009905,0.249552093613183,0.0024848358957924132,2.6047022877777968,0,0
189,1.0,0.29900990099009905,0.249552093613183,0.0024848358957924132,2.6047022877777968,0,0
190,0.4,0.11683168316831682,0.149632756335149,0.029217389961787507,1.5343585829199144,0,0
191,0.2,0.10099009900990098,0.13679141417164786,0.23459364655241438,0.6296837539621412,0,0
192,0.2,0.11287128712871287,0.14188502271424047,0.2695813293766278,0.5693101893974302,0,0
193,0.0,0.011881188118811881,0.047276579747775535,1.0,-0.0,0,0
194,0.0,0.011881188118811881,0.047276579747775535,1.0,-0.0,0,0
195,0.0,0.06534653465346535,0.10189845806153354,1.0,-0.0,0,0
196,0.0,0.06534653465346535,0.10189845806153354,1.0,-0.0,0,0
197,0.0,0.1722772277227723,0.17582552776572763,1.0,-0.0,0,0
198,0.0,0.1722772277227723,0.17582552776572763,1.0,-0.0,0,0
199,0.0,0.1722772277227723,0.17582552776572763,1.0,-0.0,0,0
200,0.0,0.11683168316831684,0.149632756335149,1.0,-0.0,0,0
201,0.0,0.11683168316831684,0.149632756335149,1.0,-0.0,0,0
202,0.2,0.08118811881188118,0.1264228887090089,0.17366078882092117,0.7602982306092326,0,0
203,0.2,0.13465346534653463,0.17144444215376922,0.35154492331831994,0.4540191693564455,0,0
204,0.2,0.21188118811881188,0.21585066744444448,1.0,-0.0,0,0
205,0.2,0.21188118811881188,0.21585066744444448,1.0,-0.0,0,0
206,0.2,0.21188118811881188,0.21585066744444448,1.0,-0.0,0,0
207,0.0,0.12871287128712872,0.15564406822280066,1.0,-0.0,0,0
208,0.0,0.07524752475247526,0.12219602867755656,1.0,-0.0,0,0
209,0.0,0.0,0.0,1.0,-0.0,0,0
210,0.0,0.11485148514851487,0.13886822488939993,1.0,-0.0,0,0
211,0.0,0.11485148514851487,0.13886822488939993,1.0,-0.0,0,0
212,0.2,0.16435643564356434,0.15516465761710677,0.40915683190456953,0.38811019278634684,0,0
