,foreground,bg_means,bg_stdev,pvals,minus_logs,regs,active
2,0.0,0.0,0.0,1.0,-0.0,0,0
3,0.0,0.0,0.0,1.0,-0.0,0,0
4,0.0,0.0,0.0,1.0,-0.0,0,0
5,0.0,0.0,0.0,1.0,-0.0,0,0
6,0.0,0.0,0.0,1.0,-0.0,0,0
7,0.0,0.0,0.0,1.0,-0.0,0,0
8,0.0,0.0,0.0,1.0,-0.0,0,0
9,0.0,0.0,0.0,1.0,-0.0,0,0
10,0.2,0.039603960396039604,0.07970143286137865,0.02208567245422131,1.6558893730090944,0,0
11,0.2,0.039603960396039604,0.07970143286137865,0.02208567245422131,1.6558893730090944,0,0
12,0.2,0.039603960396039604,0.07970143286137865,0.02208567245422131,1.6558893730090944,1,0
13,0.2,0.039603960396039604,0.07970143286137865,0.02208567245422131,1.6558893730090944,0,0
14,0.2,0.05940594059405942,0.09138994660763824,0.061975734571012124,1.2077783170289345,0,0
15,0.0,0.019801980198019806,0.05973506189702319,1.0,-0.0,0,0
16,0.0,0.019801980198019806,0.05973506189702319,1.0,-0.0,0,0
17,0.0,0.019801980198019806,0.05973506189702319,1.0,-0.0,0,0
18,0.0,0.019801980198019806,0.05973506189702319,1.0,-0.0,0,0
19,0.0,0.0,0.0,1.0,-0.0,0,0
20,0.0,0.0,0.0,1.0,-0.0,0,0
21,0.0,0.0,0.0,1.0,-0.0,0,0
22,0.0,0.0,0.0,1.0,-0.0,0,0
23,0.0,0.0,0.0,1.0,-0.0,0,0
24,0.0,0.0,0.0,1.0,-0.0,0,0
25,0.0,0.0,0.0,1.0,-0.0,0,0
26,0.0,0.0,0.0,1.0,-0.0,0,0
27,0.0,0.0,0.0,1.0,-0.0,0,0
28,0.0,0.0,0.0,1.0,-0.0,0,0
29,0.0,0.0,0.0,1.0,-0.0,0,0
30,0.0,0.0,0.0,1.0,-0.0,0,0
31,0.0,0.0,0.0,1.0,-0.0,0,0
32,0.0,0.0,0.0,1.0,-0.0,0,0
33,0.0,0.0,0.0,1.0,-0.0,0,0
34,0.0,0.0,0.0,1.0,-0.0,0,0
35,0.0,0.0,0.0,1.0,-0.0,0,0
36,0.0,0.0,0.0,1.0,-0.0,0,0
37,0.0,0.0,0.0,1.0,-0.0,0,0
38,0.0,0.0,0.0,1.0,-0.0,0,0
39,0.0,0.0,0.0,1.0,-0.0,0,0
40,0.0,0.0,0.0,1.0,-0.0,0,0
41,0.0,0.0297029702970297,0.07112192077650681,1.0,-0.0,0,0
42,0.0,0.0297029702970297,0.07112192077650681,1.0,-0.0,0,0
43,0.0,0.0297029702970297,0.07112192077650681,1.0,-0.0,0,0
44,0.0,0.0297029702970297,0.07112192077650681,1.0,-0.0,0,0
45,0.0,0.0297029702970297,0.07112192077650681,1.0,-0.0,0,0
46,0.0,0.0,0.0,1.0,-0.0,0,0
47,0.0,0.0,0.0,1.0,-0.0,0,0
48,0.0,0.0,0.0,1.0,-0.0,0,0
49,0.0,0.0,0.0,1.0,-0.0,0,0
50,0.0,0.0,0.0,1.0,-0.0,0,0
51,0.0,0.0,0.0,1.0,-0.0,0,0
52,0.0,0.0,0.0,1.0,-0.0,0,0
53,0.0,0.0,0.0,1.0,-0.0,0,0
54,0.0,0.0,0.0,1.0,-0.0,0,0
55,0.0,0.02970297029702971,0.07112192077650681,1.0,-0.0,0,0
56,0.0,0.02970297029702971,0.07112192077650681,1.0,-0.0,0,0
57,0.0,0.02970297029702971,0.07112192077650681,1.0,-0.0,0,0
58,0.0,0.02970297029702971,0.07112192077650681,1.0,-0.0,0,0
59,0.0,0.02970297029702971,0.07112192077650681,1.0,-0.0,0,0
60,0.0,0.0,0.0,1.0,-0.0,0,0
61,0.0,0.0,0.0,1.0,-0.0,0,0
62,0.0,0.0,0.0,1.0,-0.0,0,0
63,0.0,0.0,0.0,1.0,-0.0,0,0
64,0.0,0.0,0.0,1.0,-0.0,0,0
65,0.0,0.04554455445544555,0.08387254884969256,1.0,-0.0,0,0
66,0.0,0.04554455445544555,0.08387254884969256,1.0,-0.0,0,0
67,0.0,0.04554455445544555,0.08387254884969256,1.0,-0.0,0,0
68,0.0,0.04554455445544555,0.08387254884969256,1.0,-0.0,0,0
69,0.0,0.04554455445544555,0.08387254884969256,1.0,-0.0,0,0
70,0.0,0.0,0.0,1.0,-0.0,0,0
71,0.0,0.0,0.0,1.0,-0.0,0,0
72,0.0,0.0,0.0,1.0,-0.0,0,0
73,0.0,0.0,0.0,1.0,-0.0,0,0
74,0.0,0.0,0.0,1.0,-0.0,0,0
75,0.0,0.0,0.0,1.0,-0.0,0,0
76,0.0,0.0,0.0,1.0,-0.0,0,0
77,0.0,0.0,0.0,1.0,-0.0,0,0
78,0.0,0.0,0.0,1.0,-0.0,0,0
79,0.0,0.0,0.0,1.0,-0.0,0,0
80,0.0,0.0,0.0,1.0,-0.0,0,0
81,0.0,0.0,0.0,1.0,-0.0,0,0
82,0.0,0.0,0.0,1.0,-0.0,0,0
83,0.0,0.0,0.0,1.0,-0.0,0,0
84,0.0,0.0,0.0,1.0,-0.0,0,0
85,0.0,0.0,0.0,1.0,-0.0,0,0
86,0.0,0.0,0.0,1.0,-0.0,0,0
87,0.0,0.0,0.0,1.0,-0.0,0,0
88,0.0,0.0,0.0,1.0,-0.0,0,0
89,0.0,0.0,0.0,1.0,-0.0,0,0
90,0.0,0.0,0.0,1.0,-0.0,0,0
91,0.0,0.0,0.0,1.0,-0.0,0,0
92,0.0,0.0,0.0,1.0,-0.0,1,0
93,0.0,0.0,0.0,1.0,-0.0,0,0
94,0.0,0.0,0.0,1.0,-0.0,0,0
95,0.0,0.033663366336633666,0.07482947971362848,1.0,-0.0,0,0
96,0.0,0.033663366336633666,0.07482947971362848,1.0,-0.0,0,0
97,0.0,0.033663366336633666,0.07482947971362848,1.0,-0.0,0,0
98,0.0,0.033663366336633666,0.07482947971362848,1.0,-0.0,0,0
99,0.0,0.033663366336633666,0.07482947971362848,1.0,-0.0,0,0
100,0.0,0.0,0.0,1.0,-0.0,0,0
101,0.0,0.0,0.0,1.0,-0.0,0,0
