,foreground,bg_means,bg_stdev,pvals,minus_logs,regs,active
2,0.0,0.021782178217821784,0.06230547612891991,1.0,-0.0,0,0
3,0.0,0.021782178217821784,0.06230547612891991,1.0,-0.0,0,0
4,0.0,0.021782178217821784,0.06230547612891991,1.0,-0.0,0,0
5,0.0,0.021782178217821784,0.06230547612891991,1.0,-0.0,0,0
6,0.0,0.09108910891089109,0.12113245340338318,1.0,-0.0,0,0
7,0.0,0.06930693069306931,0.11409790329416186,1.0,-0.0,0,0
8,0.0,0.06930693069306931,0.11409790329416186,1.0,-0.0,0,0
9,0.0,0.06930693069306931,0.11409790329416186,1.0,-0.0,0,0
10,0.0,0.06930693069306931,0.11409790329416186,1.0,-0.0,0,0
11,0.0,0.0613861386138614,0.0964419458367202,1.0,-0.0,0,0
12,0.0,0.12277227722772274,0.12888031758632065,1.0,-0.0,0,0
13,0.2,0.20792079207920788,0.1639144719728703,1.0,-0.0,0,0
14,0.2,0.23762376237623756,0.17283397009132112,1.0,-0.0,0,0
15,0.2,0.23762376237623756,0.17283397009132112,1.0,-0.0,0,0
16,0.2,0.19405940594059404,0.1652012167494195,0.48565722746661294,0.3136701437849525,0,0
17,0.2,0.1346534653465346,0.14380655568606182,0.32476838510357975,0.4884262541948039,0,0
18,0.0,0.04752475247524753,0.08512548617902843,1.0,-0.0,0,0
19,0.0,0.017821782178217824,0.05698017651460656,1.0,-0.0,0,0
20,0.0,0.017821782178217824,0.05698017651460656,1.0,-0.0,0,0
21,0.2,0.04752475247524753,0.08512548617902843,0.03663203844700429,1.4361389136681444,0,0
22,0.2,0.04752475247524753,0.08512548617902843,0.03663203844700429,1.4361389136681444,0,0
23,0.2,0.04752475247524753,0.08512548617902843,0.03663203844700429,1.4361389136681444,0,0
24,0.2,0.04752475247524753,0.08512548617902843,0.03663203844700429,1.4361389136681444,0,0
25,0.2,0.04752475247524753,0.08512548617902843,0.03663203844700429,1.4361389136681444,0,0
26,0.0,0.0,0.0,1.0,-0.0,0,0
27,0.0,0.0,0.0,1.0,-0.0,0,0
28,0.0,0.0,0.0,1.0,-0.0,0,0
29,0.0,0.0,0.0,1.0,-0.0,0,0
30,0.0,0.0,0.0,1.0,-0.0,0,0
31,0.0,0.0,0.0,1.0,-0.0,0,0
32,0.2,0.03564356435643565,0.07653920035678292,0.015882722457572503,1.7990750531077893,0,0
33,0.2,0.03564356435643565,0.07653920035678292,0.015882722457572503,1.7990750531077893,0,0
34,0.2,0.03564356435643565,0.07653920035678292,0.015882722457572503,1.7990750531077893,0,0
35,0.2,0.03564356435643565,0.07653920035678292,0.015882722457572503,1.7990750531077893,0,0
36,0.2,0.03564356435643565,0.07653920035678292,0.015882722457572503,1.7990750531077893,0,0
37,0.0,0.0,0.0,1.0,-0.0,0,0
38,0.0,0.023762376237623766,0.06471340450838889,1.0,-0.0,0,0
39,0.2,0.11485148514851483,0.13598641357140118,0.2656067797011653,0.5757608436518119,0,0
40,0.2,0.11485148514851483,0.13598641357140118,0.2656067797011653,0.5757608436518119,0,0
41,0.2,0.23762376237623759,0.16581719933036293,1.0,-0.0,0,0
42,0.2,0.23762376237623759,0.16581719933036293,1.0,-0.0,0,0
43,0.2,0.23762376237623759,0.17735766020493526,1.0,-0.0,1,0
44,0.0,0.14653465346534653,0.148633615879566,1.0,-0.0,0,0
45,0.0,0.14653465346534653,0.148633615879566,1.0,-0.0,0,0
46,0.0,0.023762376237623766,0.06471340450838887,1.0,-0.0,0,0
47,0.0,0.023762376237623766,0.06471340450838887,1.0,-0.0,0,0
48,0.0,0.0,0.0,1.0,-0.0,0,0
49,0.0,0.0,0.0,1.0,-0.0,0,0
50,0.0,0.0,0.0,1.0,-0.0,0,0
51,0.0,0.0,0.0,1.0,-0.0,0,0
52,0.0,0.0,0.0,1.0,-0.0,0,0
53,0.0,0.0,0.0,1.0,-0.0,0,0
54,0.0,0.0,0.0,1.0,-0.0,0,0
55,0.0,0.0,0.0,1.0,-0.0,0,0
56,0.0,0.0,0.0,1.0,-0.0,0,0
57,0.0,0.0,0.0,1.0,-0.0,0,0
58,0.0,0.0,0.0,1.0,-0.0,0,0
59,0.0,0.0,0.0,1.0,-0.0,0,0
60,0.0,0.0,0.0,1.0,-0.0,0,0
61,0.0,0.0,0.0,1.0,-0.0,0,0
62,0.0,0.0,0.0,1.0,-0.0,0,0
63,0.0,0.0,0.0,1.0,-0.0,0,0
64,0.0,0.0,0.0,1.0,-0.0,0,0
65,0.0,0.039603960396039604,0.07970143286137865,1.0,-0.0,0,0
66,0.0,0.06930693069306931,0.10316052497133552,1.0,-0.0,0,0
67,0.0,0.06930693069306931,0.10316052497133552,1.0,-0.0,0,0
68,0.0,0.06930693069306931,0.10316052497133552,1.0,-0.0,0,0
69,0.0,0.06930693069306931,0.10316052497133552,1.0,-0.0,0,0
70,0.0,0.06534653465346535,0.10189845806153354,1.0,-0.0,0,0
71,0.2,0.06732673267326733,0.1135467024699521,0.12131331785204298,0.9160915193958917,0,0
72,0.2,0.11881188118811879,0.14122019271030048,0.2826779562766138,0.5487080572363221,0,0
73,0.2,0.11881188118811879,0.14122019271030048,0.2826779562766138,0.5487080572363221,0,0
74,0.2,0.15841584158415842,0.1549623568040701,0.3942149365507501,0.4042669246058491,0,0
75,0.4,0.18811881188118812,0.17760069168141515,0.11643075813560257,0.9339322746348279,0,0
76,0.2,0.15643564356435644,0.16314716771521565,0.3947249940713628,0.40370537311398,0,0
77,0.2,0.10297029702970298,0.1367627457412436,0.23901498454778197,0.6215748710082736,0,0
78,0.2,0.10297029702970298,0.1367627457412436,0.23901498454778197,0.6215748710082736,0,0
79,0.4,0.10297029702970295,0.14243667729389659,0.01851896901102921,1.7323831950452477,0,0
80,0.2,0.03762376237623763,0.08307396817189319,0.025315250600093635,1.5966177690988212,0,0
81,0.2,0.06534653465346536,0.1164113937164283,0.12369676173807938,0.9076416696327345,0,0
82,0.2,0.06534653465346536,0.1164113937164283,0.12369676173807938,0.9076416696327345,0,0
83,0.2,0.06534653465346536,0.1164113937164283,0.12369676173807938,0.9076416696327345,0,0
84,0.0,0.0891089108910891,0.12734998170941406,1.0,-0.0,0,0
85,0.2,0.1267326732673267,0.12811743461086583,0.2837028846263937,0.5471362483742002,0,0
86,0.2,0.1069306930693069,0.12448501897427097,0.2273402954616614,0.6433235799123768,0,0
87,0.2,0.13465346534653466,0.1352926008121879,0.31454732109092765,0.502314009224427,0,0
88,0.2,0.17821782178217818,0.1589594632902137,0.44550363318569447,0.3511487498402044,0,0
89,0.2,0.11485148514851484,0.14445948324625327,0.2777869816875792,0.5562881110596215,0,0
90,0.2,0.13861386138613857,0.15348770198080078,0.3445997140219068,0.4626850873022659,0,0
91,0.2,0.1287128712871287,0.14510947295494067,0.3116197020280007,0.5063750920407206,0,0
92,0.2,0.14257425742574256,0.1575471230171571,0.3577427723232269,0.44642913177321253,0,0
93,0.2,0.17425742574257425,0.17499842451711448,0.4415258548359576,0.35504385995998367,0,0
94,0.2,0.17425742574257425,0.17499842451711448,0.4415258548359576,0.35504385995998367,0,0
95,0.0,0.11485148514851484,0.15246238855382307,1.0,-0.0,0,0
96,0.0,0.16237623762376235,0.17283397009132112,1.0,-0.0,0,0
97,0.0,0.16435643564356434,0.15259092949947317,1.0,-0.0,0,0
98,0.0,0.0871287128712871,0.10685732723352112,1.0,-0.0,0,0
99,0.0,0.0871287128712871,0.10685732723352112,1.0,-0.0,0,0
100,0.0,0.0871287128712871,0.10685732723352112,1.0,-0.0,0,0
101,0.0,0.041584158415841586,0.08590499787518362,1.0,-0.0,0,0
102,0.0,0.0,0.0,1.0,-0.0,0,0
103,0.0,0.0,0.0,1.0,-0.0,0,0
104,0.0,0.0,0.0,1.0,-0.0,0,0
105,0.0,0.0,0.0,1.0,-0.0,0,0
106,0.0,0.0,0.0,1.0,-0.0,0,0
107,0.0,0.0,0.0,1.0,-0.0,0,0
108,0.0,0.0,0.0,1.0,-0.0,0,0
109,0.0,0.0,0.0,1.0,-0.0,0,0
110,0.0,0.0,0.0,1.0,-0.0,0,0
111,0.0,0.057425742574257435,0.09885135821266286,1.0,-0.0,0,0
112,0.0,0.057425742574257435,0.09885135821266286,1.0,-0.0,0,0
113,0.0,0.057425742574257435,0.09885135821266286,1.0,-0.0,1,0
114,0.0,0.057425742574257435,0.09885135821266286,1.0,-0.0,0,0
115,0.0,0.12475247524752472,0.14852805221860732,1.0,-0.0,0,0
116,0.0,0.06732673267326733,0.10634234916512914,1.0,-0.0,0,0
117,0.0,0.06732673267326733,0.10634234916512914,1.0,-0.0,0,0
118,0.0,0.06732673267326733,0.10634234916512914,1.0,-0.0,0,0
119,0.0,0.06732673267326733,0.10634234916512914,1.0,-0.0,0,0
120,0.2,0.031683168316831684,0.0730260947112308,0.01058647624307391,1.9752485727397298,0,0
121,0.2,0.031683168316831684,0.0730260947112308,0.01058647624307391,1.9752485727397298,0,0
122,0.2,0.031683168316831684,0.0730260947112308,0.01058647624307391,1.9752485727397298,0,0
123,0.2,0.031683168316831684,0.0730260947112308,0.01058647624307391,1.9752485727397298,0,0
124,0.2,0.031683168316831684,0.0730260947112308,0.01058647624307391,1.9752485727397298,0,0
125,0.0,0.0,0.0,1.0,-0.0,0,0
126,0.0,0.0,0.0,1.0,-0.0,0,0
127,0.0,0.0,0.0,1.0,-0.0,0,0
128,0.0,0.0,0.0,1.0,-0.0,0,0
129,0.0,0.0,0.0,1.0,-0.0,0,0
130,0.0,0.0,0.0,1.0,-0.0,0,0
131,0.0,0.0,0.0,1.0,-0.0,0,0
132,0.0,0.0,0.0,1.0,-0.0,0,0
133,0.0,0.04752475247524753,0.08512548617902843,1.0,-0.0,0,0
134,0.0,0.04752475247524753,0.08512548617902843,1.0,-0.0,0,0
135,0.0,0.04752475247524753,0.08512548617902843,1.0,-0.0,0,0
136,0.0,0.1207920792079208,0.14094225464771679,1.0,-0.0,0,0
137,0.0,0.1207920792079208,0.14094225464771679,1.0,-0.0,0,0
138,0.0,0.07326732673267328,0.11159606181073561,1.0,-0.0,0,0
139,0.0,0.07326732673267328,0.11159606181073561,1.0,-0.0,0,0
140,0.0,0.07326732673267328,0.11159606181073561,1.0,-0.0,0,0
141,0.0,0.0,0.0,1.0,-0.0,0,0
142,0.0,0.0,0.0,1.0,-0.0,0,0
143,0.0,0.0,0.0,1.0,-0.0,0,0
144,0.0,0.0,0.0,1.0,-0.0,0,0
145,0.0,0.0,0.0,1.0,-0.0,0,0
146,0.0,0.0,0.0,1.0,-0.0,0,0
147,0.0,0.0,0.0,1.0,-0.0,0,0
148,0.0,0.0,0.0,1.0,-0.0,0,0
149,0.0,0.0,0.0,1.0,-0.0,0,0
150,0.0,0.0,0.0,1.0,-0.0,0,0
151,0.0,0.0,0.0,1.0,-0.0,0,0
152,0.0,0.0,0.0,1.0,-0.0,0,0
153,0.0,0.033663366336633666,0.07482947971362845,1.0,-0.0,0,0
154,0.0,0.09504950495049502,0.11805036483793173,1.0,-0.0,0,0
155,0.0,0.09504950495049502,0.11805036483793173,1.0,-0.0,0,0
156,0.0,0.09504950495049502,0.11805036483793173,1.0,-0.0,0,0
157,0.0,0.09504950495049502,0.11805036483793173,1.0,-0.0,0,0
158,0.0,0.08712871287128712,0.12401163019288061,1.0,-0.0,0,0
159,0.0,0.025742574257425748,0.0669763743575753,1.0,-0.0,0,0
160,0.0,0.025742574257425748,0.0669763743575753,1.0,-0.0,0,0
161,0.0,0.0594059405940594,0.09968089464279778,1.0,-0.0,0,0
162,0.0,0.12871287128712872,0.15307840071356585,1.0,-0.0,0,0
163,0.0,0.10297029702970295,0.13383560593042218,1.0,-0.0,0,0
164,0.0,0.10297029702970295,0.13383560593042218,1.0,-0.0,0,0
165,0.0,0.10297029702970295,0.13383560593042218,1.0,-0.0,0,0
166,0.0,0.06930693069306931,0.11409790329416186,1.0,-0.0,0,0
