,foreground,bg_means,bg_stdev,pvals,minus_logs,regs,active
2,0.0,0.0,0.0,1.0,-0.0,0,0
3,0.0,0.0,0.0,1.0,-0.0,0,0
4,0.0,0.0,0.0,1.0,-0.0,0,0
5,0.0,0.0,0.0,1.0,-0.0,0,0
6,0.0,0.0,0.0,1.0,-0.0,0,0
7,0.0,0.0,0.0,1.0,-0.0,0,0
8,0.0,0.0,0.0,1.0,-0.0,0,0
9,0.0,0.0,0.0,1.0,-0.0,0,0
10,0.0,0.0,0.0,1.0,-0.0,0,0
11,0.0,0.0,0.0,1.0,-0.0,0,0
12,0.0,0.0,0.0,1.0,-0.0,0,0
13,0.0,0.0,0.0,1.0,-0.0,0,0
14,0.0,0.0,0.0,1.0,-0.0,0,0
15,0.0,0.0,0.0,1.0,-0.0,0,0
16,0.0,0.0,0.0,1.0,-0.0,0,0
17,0.0,0.0,0.0,1.0,-0.0,0,0
18,0.0,0.0,0.0,1.0,-0.0,0,0
19,0.0,0.0,0.0,1.0,-0.0,0,0
20,0.0,0.0,0.0,1.0,-0.0,0,0
21,0.0,0.0,0.0,1.0,-0.0,0,0
22,0.0,0.0,0.0,1.0,-0.0,0,0
23,0.0,0.0,0.0,1.0,-0.0,0,0
24,0.0,0.0,0.0,1.0,-0.0,0,0
25,0.0,0.0,0.0,1.0,-0.0,0,0
26,0.0,0.0,0.0,1.0,-0.0,0,0
27,0.0,0.031683168316831684,0.0730260947112308,1.0,-0.0,0,0
28,0.2,0.08514851485148513,0.11378818137472192,0.15640470144165336,0.8057501964201678,0,0
29,0.2,0.08514851485148513,0.11378818137472192,0.15640470144165336,0.8057501964201678,0,0
30,0.2,0.10099009900990098,0.12467387119760154,0.21355371500123171,0.6704928691423239,0,0
31,0.2,0.2079207920792079,0.1733097543528005,1.0,-0.0,0,0
32,0.2,0.17623762376237626,0.1623762376237624,0.4418259175503176,0.35474881196176283,0,0
33,0.0,0.12178217821782177,0.13468258275748082,1.0,-0.0,0,0
34,0.0,0.12178217821782177,0.13468258275748082,1.0,-0.0,0,0
35,0.0,0.10495049504950495,0.12135883917659059,1.0,-0.0,0,0
36,0.2,0.09108910891089106,0.11781762202489916,0.17763842606826624,0.7504630834655711,0,0
37,0.2,0.09108910891089106,0.11781762202489916,0.17763842606826624,0.7504630834655711,0,0
38,0.2,0.09108910891089106,0.11781762202489916,0.17763842606826624,0.7504630834655711,0,0
39,0.2,0.09108910891089106,0.11781762202489916,0.17763842606826624,0.7504630834655711,0,0
40,0.2,0.09108910891089106,0.11781762202489916,0.17763842606826624,0.7504630834655711,0,0
41,0.0,0.0,0.0,1.0,-0.0,0,0
42,0.0,0.0,0.0,1.0,-0.0,0,0
43,0.0,0.0,0.0,1.0,-0.0,0,0
44,0.0,0.0,0.0,1.0,-0.0,0,0
45,0.0,0.0,0.0,1.0,-0.0,0,0
46,0.0,0.031683168316831684,0.0730260947112308,1.0,-0.0,0,0
47,0.4,0.17227722772277226,0.15422679190986735,0.06989884485610144,1.1555300013182133,0,0
48,0.4,0.17227722772277226,0.15422679190986735,0.06989884485610144,1.1555300013182133,0,0
49,0.6,0.2198019801980198,0.1700435599289386,0.012679618882277423,1.8968938000671698,1,0
50,0.6,0.2198019801980198,0.1700435599289386,0.012679618882277423,1.8968938000671698,0,0
51,0.6,0.18811881188118812,0.16367507580017288,0.005927078701175752,2.227159306056169,1,0
52,0.2,0.06336633663366337,0.10504385908811757,0.09667550266855758,1.014683561115634,0,0
53,0.2,0.06336633663366337,0.10504385908811757,0.09667550266855758,1.014683561115634,0,0
54,0.0,0.015841584158415842,0.054012600780142014,1.0,-0.0,0,0
55,0.0,0.015841584158415842,0.054012600780142014,1.0,-0.0,0,0
56,0.0,0.015841584158415842,0.054012600780142014,1.0,-0.0,0,0
57,0.0,0.0,0.0,1.0,-0.0,0,0
58,0.0,0.0,0.0,1.0,-0.0,0,0
59,0.0,0.0,0.0,1.0,-0.0,0,0
60,0.0,0.0,0.0,1.0,-0.0,0,0
61,0.0,0.0,0.0,1.0,-0.0,0,0
62,0.0,0.0,0.0,1.0,-0.0,0,0
63,0.0,0.0,0.0,1.0,-0.0,0,0
64,0.0,0.0,0.0,1.0,-0.0,0,0
65,0.0,0.0,0.0,1.0,-0.0,0,0
66,0.0,0.0,0.0,1.0,-0.0,0,0
67,0.0,0.0,0.0,1.0,-0.0,0,0
68,0.0,0.0,0.0,1.0,-0.0,0,0
69,0.0,0.0,0.0,1.0,-0.0,0,0
70,0.0,0.0,0.0,1.0,-0.0,0,0
71,0.0,0.0,0.0,1.0,-0.0,0,0
72,0.0,0.0,0.0,1.0,-0.0,0,0
73,0.0,0.0,0.0,1.0,-0.0,0,0
74,0.0,0.0,0.0,1.0,-0.0,0,0
75,0.0,0.0,0.0,1.0,-0.0,0,0
76,0.0,0.0,0.0,1.0,-0.0,0,0
77,0.0,0.0,0.0,1.0,-0.0,0,0
78,0.0,0.0,0.0,1.0,-0.0,0,0
79,0.0,0.0,0.0,1.0,-0.0,0,0
80,0.0,0.0,0.0,1.0,-0.0,0,0
81,0.0,0.0,0.0,1.0,-0.0,0,0
82,0.0,0.0,0.0,1.0,-0.0,0,0
83,0.0,0.0,0.0,1.0,-0.0,0,0
84,0.0,0.0,0.0,1.0,-0.0,0,0
85,0.0,0.0,0.0,1.0,-0.0,0,0
86,0.0,0.0,0.0,1.0,-0.0,0,0
87,0.0,0.0,0.0,1.0,-0.0,0,0
88,0.0,0.0,0.0,1.0,-0.0,0,0
89,0.0,0.0,0.0,1.0,-0.0,0,0
90,0.0,0.0,0.0,1.0,-0.0,0,0
91,0.0,0.0,0.0,1.0,-0.0,0,0
92,0.0,0.0,0.0,1.0,-0.0,0,0
93,0.0,0.0,0.0,1.0,-0.0,0,0
94,0.0,0.0,0.0,1.0,-0.0,0,0
95,0.0,0.0,0.0,1.0,-0.0,0,0
96,0.0,0.0,0.0,1.0,-0.0,0,0
97,0.0,0.0,0.0,1.0,-0.0,0,0
98,0.0,0.0,0.0,1.0,-0.0,0,0
99,0.0,0.0,0.0,1.0,-0.0,0,0
100,0.0,0.0,0.0,1.0,-0.0,0,0
101,0.0,0.0,0.0,1.0,-0.0,0,0
102,0.0,0.0,0.0,1.0,-0.0,0,0
103,0.0,0.0,0.0,1.0,-0.0,0,0
104,0.0,0.0,0.0,1.0,-0.0,0,0
105,0.0,0.0,0.0,1.0,-0.0,0,0
106,0.0,0.0,0.0,1.0,-0.0,0,0
107,0.0,0.0,0.0,1.0,-0.0,0,0
108,0.0,0.0,0.0,1.0,-0.0,0,0
109,0.0,0.0,0.0,1.0,-0.0,0,0
110,0.0,0.0,0.0,1.0,-0.0,0,0
111,0.0,0.0,0.0,1.0,-0.0,0,0
112,0.0,0.0,0.0,1.0,-0.0,0,0
113,0.0,0.0,0.0,1.0,-0.0,0,0
114,0.0,0.0,0.0,1.0,-0.0,0,0
115,0.0,0.0,0.0,1.0,-0.0,0,0
116,0.0,0.0,0.0,1.0,-0.0,0,0
117,0.0,0.0,0.0,1.0,-0.0,0,0
118,0.0,0.0,0.0,1.0,-0.0,0,0
119,0.0,0.0,0.0,1.0,-0.0,0,0
120,0.0,0.0,0.0,1.0,-0.0,0,0
121,0.0,0.0,0.0,1.0,-0.0,0,0
122,0.0,0.0,0.0,1.0,-0.0,0,0
123,0.0,0.0,0.0,1.0,-0.0,0,0
124,0.0,0.0,0.0,1.0,-0.0,0,0
125,0.0,0.0,0.0,1.0,-0.0,0,0
126,0.0,0.0,0.0,1.0,-0.0,0,0
127,0.0,0.0,0.0,1.0,-0.0,0,0
128,0.0,0.025742574257425745,0.0669763743575753,1.0,-0.0,0,0
129,0.0,0.025742574257425745,0.0669763743575753,1.0,-0.0,0,0
130,0.0,0.025742574257425745,0.0669763743575753,1.0,-0.0,0,0
131,0.0,0.025742574257425745,0.0669763743575753,1.0,-0.0,0,0
132,0.0,0.025742574257425745,0.0669763743575753,1.0,-0.0,0,0
133,0.0,0.0,0.0,1.0,-0.0,0,0
134,0.0,0.0,0.0,1.0,-0.0,0,0
135,0.0,0.0,0.0,1.0,-0.0,0,0
136,0.0,0.0,0.0,1.0,-0.0,0,0
137,0.0,0.0,0.0,1.0,-0.0,0,0
138,0.0,0.0,0.0,1.0,-0.0,0,0
139,0.0,0.0,0.0,1.0,-0.0,0,0
140,0.0,0.0,0.0,1.0,-0.0,0,0
141,0.0,0.0,0.0,1.0,-0.0,0,0
142,0.0,0.0,0.0,1.0,-0.0,0,0
143,0.0,0.0,0.0,1.0,-0.0,0,0
144,0.2,0.03168316831683169,0.0730260947112308,0.01058647624307391,1.9752485727397298,0,0
145,0.2,0.03168316831683169,0.0730260947112308,0.01058647624307391,1.9752485727397298,0,0
146,0.2,0.03168316831683169,0.0730260947112308,0.01058647624307391,1.9752485727397298,0,0
147,0.2,0.03168316831683169,0.0730260947112308,0.01058647624307391,1.9752485727397298,0,0
148,0.2,0.03168316831683169,0.0730260947112308,0.01058647624307391,1.9752485727397298,0,0
149,0.0,0.0,0.0,1.0,-0.0,0,0
150,0.0,0.0,0.0,1.0,-0.0,0,0
151,0.0,0.0,0.0,1.0,-0.0,0,0
152,0.0,0.0,0.0,1.0,-0.0,0,0
153,0.0,0.021782178217821784,0.062305476128919915,1.0,-0.0,0,0
154,0.0,0.04752475247524753,0.08512548617902843,1.0,-0.0,0,0
155,0.0,0.04752475247524753,0.08512548617902843,1.0,-0.0,0,0
156,0.0,0.04752475247524753,0.08512548617902843,1.0,-0.0,0,0
157,0.0,0.04752475247524753,0.08512548617902843,1.0,-0.0,0,0
158,0.0,0.025742574257425745,0.0669763743575753,1.0,-0.0,0,0
159,0.0,0.0,0.0,1.0,-0.0,0,0
160,0.0,0.0,0.0,1.0,-0.0,0,0
161,0.0,0.0,0.0,1.0,-0.0,0,0
162,0.0,0.0,0.0,1.0,-0.0,0,0
163,0.0,0.0,0.0,1.0,-0.0,0,0
164,0.0,0.0,0.0,1.0,-0.0,0,0
165,0.0,0.0,0.0,1.0,-0.0,0,0
166,0.0,0.0,0.0,1.0,-0.0,0,0
167,0.0,0.0,0.0,1.0,-0.0,0,0
168,0.0,0.0,0.0,1.0,-0.0,0,0
169,0.0,0.0,0.0,1.0,-0.0,0,0
170,0.0,0.0,0.0,1.0,-0.0,0,0
171,0.0,0.0,0.0,1.0,-0.0,0,0
172,0.0,0.0,0.0,1.0,-0.0,0,0
173,0.0,0.0,0.0,1.0,-0.0,0,0
174,0.0,0.0,0.0,1.0,-0.0,0,0
175,0.0,0.0,0.0,1.0,-0.0,0,0
176,0.0,0.0,0.0,1.0,-0.0,0,0
177,0.0,0.0,0.0,1.0,-0.0,0,0
178,0.0,0.0,0.0,1.0,-0.0,0,0
179,0.0,0.0,0.0,1.0,-0.0,0,0
180,0.0,0.0,0.0,1.0,-0.0,0,0
181,0.0,0.019801980198019802,0.059735061897023205,1.0,-0.0,0,0
182,0.0,0.019801980198019802,0.059735061897023205,1.0,-0.0,0,0
183,0.0,0.019801980198019802,0.059735061897023205,1.0,-0.0,0,0
184,0.0,0.019801980198019802,0.059735061897023205,1.0,-0.0,0,0
185,0.0,0.019801980198019802,0.059735061897023205,1.0,-0.0,0,0
186,0.0,0.06534653465346535,0.0938037170877387,1.0,-0.0,1,0
187,0.0,0.06534653465346535,0.0938037170877387,1.0,-0.0,0,0
188,0.0,0.06534653465346535,0.0938037170877387,1.0,-0.0,0,0
189,0.0,0.15445544554455443,0.14591788853022206,1.0,-0.0,0,0
190,0.0,0.15445544554455443,0.14591788853022206,1.0,-0.0,0,0
191,0.0,0.0871287128712871,0.11402914890208293,1.0,-0.0,0,0
192,0.0,0.09900990099009897,0.11474901540158751,1.0,-0.0,0,0
193,0.0,0.12475247524752471,0.1374491377352735,1.0,-0.0,0,0
194,0.0,0.03564356435643565,0.08154954567118415,1.0,-0.0,0,0
195,0.0,0.03564356435643565,0.08154954567118415,1.0,-0.0,0,0
196,0.0,0.03564356435643565,0.08154954567118415,1.0,-0.0,0,0
197,0.0,0.023762376237623766,0.06471340450838889,1.0,-0.0,0,0
198,0.0,0.0,0.0,1.0,-0.0,0,0
199,0.0,0.0,0.0,1.0,-0.0,0,0
200,0.0,0.0,0.0,1.0,-0.0,0,0
201,0.0,0.0,0.0,1.0,-0.0,0,0
202,0.0,0.0,0.0,1.0,-0.0,0,0
203,0.0,0.0,0.0,1.0,-0.0,0,0
204,0.0,0.0,0.0,1.0,-0.0,0,0
205,0.0,0.0,0.0,1.0,-0.0,0,0
206,0.0,0.0,0.0,1.0,-0.0,0,0
207,0.0,0.0,0.0,1.0,-0.0,0,0
208,0.0,0.0,0.0,1.0,-0.0,0,0
209,0.0,0.0,0.0,1.0,-0.0,0,0
210,0.0,0.0,0.0,1.0,-0.0,0,0
211,0.0,0.0,0.0,1.0,-0.0,0,0
212,0.0,0.0,0.0,1.0,-0.0,0,0
213,0.0,0.0,0.0,1.0,-0.0,0,0
214,0.0,0.0,0.0,1.0,-0.0,0,0
215,0.0,0.0712871287128713,0.11110305060677653,1.0,-0.0,0,0
216,0.0,0.0712871287128713,0.11110305060677653,1.0,-0.0,0,0
217,0.0,0.0712871287128713,0.11110305060677653,1.0,-0.0,0,0
218,0.0,0.0712871287128713,0.11110305060677653,1.0,-0.0,0,0
219,0.0,0.0712871287128713,0.11110305060677653,1.0,-0.0,0,0
220,0.0,0.0,0.0,1.0,-0.0,0,0
221,0.0,0.0,0.0,1.0,-0.0,0,0
222,0.0,0.0,0.0,1.0,-0.0,0,0
223,0.0,0.0,0.0,1.0,-0.0,0,0
224,0.0,0.0,0.0,1.0,-0.0,0,0
225,0.0,0.039603960396039604,0.07970143286137867,1.0,-0.0,0,0
226,0.0,0.039603960396039604,0.07970143286137867,1.0,-0.0,0,0
227,0.0,0.039603960396039604,0.07970143286137867,1.0,-0.0,0,0
228,0.0,0.039603960396039604,0.07970143286137867,1.0,-0.0,0,0
229,0.0,0.06534653465346535,0.0938037170877387,1.0,-0.0,0,0
230,0.0,0.025742574257425748,0.06697637435757531,1.0,-0.0,0,0
231,0.0,0.039603960396039604,0.08452453849668534,1.0,-0.0,0,0
232,0.0,0.039603960396039604,0.08452453849668534,1.0,-0.0,0,0
233,0.0,0.14257425742574256,0.15243666735776418,1.0,-0.0,0,0
234,0.0,0.11485148514851484,0.14445948324625327,1.0,-0.0,0,0
235,0.0,0.20396039603960395,0.19896802672602726,1.0,-0.0,0,0
236,0.0,0.19009900990099005,0.18958263199843847,1.0,-0.0,0,0
237,0.0,0.23366336633663365,0.2030837644683788,1.0,-0.0,0,0
238,0.0,0.13267326732673265,0.1442693512878177,1.0,-0.0,0,0
239,0.0,0.13267326732673265,0.1442693512878177,1.0,-0.0,0,0
240,0.0,0.11485148514851484,0.1172170185104851,1.0,-0.0,0,0
241,0.0,0.11485148514851484,0.1172170185104851,1.0,-0.0,0,0
242,0.0,0.08514851485148517,0.1172170185104851,1.0,-0.0,0,0
243,0.0,0.08514851485148517,0.1172170185104851,1.0,-0.0,0,0
244,0.0,0.08514851485148517,0.1172170185104851,1.0,-0.0,0,0
245,0.0,0.015841584158415842,0.05401260078014202,1.0,-0.0,0,0
246,0.0,0.015841584158415842,0.05401260078014202,1.0,-0.0,0,0
247,0.0,0.0,0.0,1.0,-0.0,0,0
248,0.0,0.1801980198019802,0.15287333913361412,1.0,-0.0,0,0
249,0.0,0.20990099009900992,0.15511410714903873,1.0,-0.0,0,0
250,0.0,0.20990099009900992,0.15511410714903873,1.0,-0.0,0,0
251,0.0,0.24356435643564353,0.16314716771521567,1.0,-0.0,0,0
252,0.0,0.24356435643564353,0.16314716771521567,1.0,-0.0,0,0
253,0.0,0.06336633663366337,0.10504385908811757,1.0,-0.0,0,0
254,0.0,0.033663366336633666,0.07482947971362847,1.0,-0.0,0,0
255,0.0,0.033663366336633666,0.07482947971362847,1.0,-0.0,0,0
256,0.0,0.0,0.0,1.0,-0.0,0,0
257,0.0,0.0,0.0,1.0,-0.0,0,0
258,0.0,0.03762376237623763,0.07816140339006158,1.0,-0.0,0,0
259,0.0,0.07722772277227724,0.11593886073904516,1.0,-0.0,0,0
260,0.0,0.07722772277227724,0.11593886073904516,1.0,-0.0,0,0
261,0.2,0.19009900990099005,0.17206086333646303,0.4770561143042604,0.321430533539851,0,0
262,0.2,0.19009900990099005,0.17206086333646303,0.4770561143042604,0.321430533539851,0,0
263,0.2,0.22772277227722768,0.18674852677785872,1.0,-0.0,0,0
264,0.2,0.1881188118811881,0.16607711957435053,0.4714839211099886,0.3265331133026336,0,0
265,0.2,0.2851485148514851,0.19770271642532572,1.0,-0.0,0,0
266,0.0,0.23762376237623759,0.16581719933036293,1.0,-0.0,0,0
267,0.0,0.29306930693069305,0.18575903999300714,1.0,-0.0,0,0
268,0.0,0.2178217821782178,0.16434450630690242,1.0,-0.0,0,0
269,0.0,0.2475247524752475,0.16921136785416444,1.0,-0.0,0,0
270,0.0,0.15049504950495046,0.16266576457752752,1.0,-0.0,0,0
271,0.0,0.13069306930693067,0.1419402846531281,1.0,-0.0,0,0
272,0.0,0.07326732673267328,0.11848138852793338,1.0,-0.0,0,0
273,0.0,0.07326732673267328,0.11848138852793338,1.0,-0.0,0,0
274,0.0,0.04356435643564357,0.08721867542790195,1.0,-0.0,0,0
275,0.0,0.17227722772277226,0.1802741651760957,1.0,-0.0,0,0
276,0.0,0.1287128712871287,0.14510947295494064,1.0,-0.0,0,0
277,0.2,0.21782178217821782,0.166736906416007,1.0,-0.0,0,0
278,0.2,0.21782178217821782,0.166736906416007,1.0,-0.0,0,0
279,0.2,0.26534653465346536,0.1869164283867597,1.0,-0.0,0,0
280,0.2,0.21386138613861388,0.1829514370289283,1.0,-0.0,0,0
281,0.2,0.21386138613861388,0.1829514370289283,1.0,-0.0,0,0
282,0.0,0.12277227722772276,0.14342430861173722,1.0,-0.0,0,0
283,0.0,0.12277227722772276,0.14342430861173722,1.0,-0.0,0,0
284,0.0,0.07524752475247526,0.11205191564986226,1.0,-0.0,0,0
285,0.0,0.0,0.0,1.0,-0.0,0,0
286,0.0,0.011881188118811883,0.047276579747775535,1.0,-0.0,0,0
287,0.0,0.011881188118811883,0.047276579747775535,1.0,-0.0,0,0
288,0.0,0.011881188118811883,0.047276579747775535,1.0,-0.0,0,0
289,1.2,0.3326732673267327,0.22912183230290262,7.671871745793163e-05,4.115098666077212,0,0
290,1.2,0.3326732673267327,0.22912183230290262,7.671871745793163e-05,4.115098666077212,0,0
291,1.2,0.3207920792079208,0.2270415985277005,5.387272743422466e-05,4.268631036712283,1,0
292,1.2,0.3207920792079208,0.2270415985277005,5.387272743422466e-05,4.268631036712283,0,0
