,foreground,bg_means,bg_stdev,pvals,minus_logs,regs,active
2,0.0,0.05742574257425742,0.10277971700879983,1.0,-0.0,0,0
3,0.0,0.007920792079207921,0.03900537743285587,1.0,-0.0,0,0
4,0.0,0.017821782178217824,0.05698017651460656,1.0,-0.0,0,0
5,0.0,0.047524752475247525,0.09809478080396704,1.0,-0.0,0,0
6,0.0,0.047524752475247525,0.09809478080396704,1.0,-0.0,0,0
7,0.0,0.04554455445544554,0.09700949476369024,1.0,-0.0,0,0
8,0.0,0.04158415841584159,0.0946774898050053,1.0,-0.0,0,0
9,0.0,0.0297029702970297,0.07648795214189293,1.0,-0.0,0,0
10,0.0,0.0,0.0,1.0,-0.0,0,0
11,0.0,0.0,0.0,1.0,-0.0,0,0
12,0.0,0.0,0.0,1.0,-0.0,0,0
13,0.0,0.07326732673267328,0.11848138852793338,1.0,-0.0,0,0
14,0.0,0.07326732673267328,0.11848138852793338,1.0,-0.0,0,0
15,0.0,0.07326732673267328,0.11848138852793338,1.0,-0.0,0,0
16,0.0,0.12673267326732673,0.1454872925680942,1.0,-0.0,0,0
17,0.0,0.1722772277227723,0.18461563597317487,1.0,-0.0,0,0
18,0.0,0.09702970297029703,0.14243667729389659,1.0,-0.0,0,0
19,0.0,0.12277227722772277,0.15913204437912432,1.0,-0.0,0,0
20,0.0,0.12277227722772277,0.15913204437912432,1.0,-0.0,0,0
21,0.0,0.097029702970297,0.13383560593042218,1.0,-0.0,0,0
22,0.0,0.06336633663366337,0.10504385908811757,1.0,-0.0,0,0
23,0.0,0.06732673267326733,0.11000352009767247,1.0,-0.0,0,0
24,0.0,0.05346534653465347,0.09287951999650357,1.0,-0.0,0,0
25,0.0,0.05346534653465347,0.09287951999650357,1.0,-0.0,0,0
26,0.0,0.025742574257425745,0.07264925278354115,1.0,-0.0,0,0
27,0.0,0.015841584158415842,0.05401260078014202,1.0,-0.0,0,0
28,0.0,0.011881188118811881,0.047276579747775535,1.0,-0.0,0,0
29,0.0,0.0,0.0,1.0,-0.0,0,0
30,0.0,0.0019801980198019802,0.019801980198019802,1.0,-0.0,0,0
31,0.0,0.0019801980198019802,0.019801980198019802,1.0,-0.0,0,0
32,0.0,0.0019801980198019802,0.019801980198019802,1.0,-0.0,0,0
33,0.0,0.01386138613861386,0.05079507064705211,1.0,-0.0,0,0
34,0.0,0.01386138613861386,0.05079507064705211,1.0,-0.0,0,0
35,0.0,0.011881188118811881,0.047276579747775535,1.0,-0.0,0,0
36,0.0,0.019801980198019802,0.0597350618970232,1.0,-0.0,0,0
37,0.0,0.019801980198019802,0.0597350618970232,1.0,-0.0,0,0
38,0.0,0.009900990099009901,0.04338396495090424,1.0,-0.0,0,0
39,0.0,0.009900990099009901,0.04338396495090424,1.0,-0.0,0,0
40,0.0,0.027722772277227727,0.07975061610139514,1.0,-0.0,0,0
41,0.0,0.03762376237623762,0.10034740165797965,1.0,-0.0,0,0
42,0.0,0.03762376237623762,0.10034740165797965,1.0,-0.0,0,0
43,0.0,0.03564356435643565,0.09908907725304397,1.0,-0.0,0,0
44,0.0,0.04356435643564357,0.10380469245212799,1.0,-0.0,0,0
45,0.0,0.03564356435643565,0.09074407316744237,1.0,-0.0,0,0
46,0.0,0.017821782178217824,0.0635517090529949,1.0,-0.0,0,0
47,0.0,0.0297029702970297,0.08150144802873932,1.0,-0.0,0,0
48,0.0,0.031683168316831684,0.08316831683168317,1.0,-0.0,0,0
49,0.0,0.03564356435643565,0.09074407316744237,1.0,-0.0,0,0
50,0.0,0.041584158415841586,0.09039772047931348,1.0,-0.0,0,0
51,0.0,0.06534653465346535,0.10939585993610405,1.0,-0.0,0,0
52,0.0,0.0594059405940594,0.10357779667819421,1.0,-0.0,0,0
53,0.0,0.06534653465346535,0.10571364605971598,1.0,-0.0,0,0
54,0.0,0.05346534653465347,0.09704990696905227,1.0,-0.0,0,0
55,0.0,0.03762376237623763,0.08307396817189318,1.0,-0.0,0,0
56,0.0,0.01386138613861386,0.05079507064705211,1.0,-0.0,0,0
57,0.0,0.007920792079207921,0.03900537743285587,1.0,-0.0,0,0
58,0.0,0.0,0.0,1.0,-0.0,0,0
59,0.0,0.0,0.0,1.0,-0.0,0,0
60,0.0,0.0,0.0,1.0,-0.0,0,0
61,0.0,0.0019801980198019802,0.019801980198019802,1.0,-0.0,0,0
62,0.0,0.0019801980198019802,0.019801980198019802,1.0,-0.0,0,0
63,0.0,0.0019801980198019802,0.019801980198019802,1.0,-0.0,0,0
64,0.0,0.009900990099009901,0.04338396495090425,1.0,-0.0,0,0
65,0.0,0.009900990099009901,0.04338396495090425,1.0,-0.0,0,0
66,0.0,0.013861386138613863,0.05079507064705211,1.0,-0.0,0,0
67,0.0,0.013861386138613863,0.05079507064705211,1.0,-0.0,0,0
68,0.0,0.013861386138613863,0.05079507064705211,1.0,-0.0,0,0
69,0.0,0.0059405940594059415,0.03395332316729158,1.0,-0.0,0,0
70,0.0,0.0059405940594059415,0.03395332316729158,1.0,-0.0,0,0
71,0.2,0.007920792079207921,0.03900537743285587,4.2303541670263104e-07,6.3736232717865695,0,0
72,0.2,0.01386138613861386,0.05079507064705211,0.00012391038159364294,3.90689230556944,0,0
73,0.2,0.01386138613861386,0.05079507064705211,0.00012391038159364294,3.90689230556944,0,0
74,0.2,0.01386138613861386,0.05079507064705211,0.00012391038159364294,3.90689230556944,0,0
75,0.4,0.025742574257425748,0.07264925278354116,1.291600921765437e-07,6.888871653715653,0,0
76,0.2,0.017821782178217824,0.0635517090529949,0.0020744436267099344,2.6830983626867595,0,0
77,0.2,0.011881188118811881,0.05501958015623685,0.00031411450971006826,3.502912002024055,0,0
78,0.2,0.011881188118811881,0.05501958015623685,0.00031411450971006826,3.502912002024055,0,0
79,0.2,0.011881188118811881,0.05501958015623685,0.00031411450971006826,3.502912002024055,0,0
80,0.0,0.0,0.0,1.0,-0.0,0,0
81,0.0,0.0,0.0,1.0,-0.0,0,0
82,0.0,0.0059405940594059415,0.03395332316729157,1.0,-0.0,0,0
83,0.0,0.0059405940594059415,0.03395332316729157,1.0,-0.0,0,0
84,0.0,0.011881188118811881,0.04727657974777554,1.0,-0.0,0,0
85,0.0,0.011881188118811881,0.04727657974777554,1.0,-0.0,0,0
86,0.0,0.01782178217821782,0.05698017651460657,1.0,-0.0,0,0
87,0.0,0.011881188118811883,0.047276579747775535,1.0,-0.0,0,0
88,0.0,0.011881188118811883,0.047276579747775535,1.0,-0.0,0,0
89,0.0,0.0059405940594059415,0.033953323167291584,1.0,-0.0,0,0
90,0.0,0.0059405940594059415,0.033953323167291584,1.0,-0.0,0,0
91,0.0,0.0,0.0,1.0,-0.0,0,0
92,0.0,0.0,0.0,1.0,-0.0,0,0
93,0.0,0.0,0.0,1.0,-0.0,0,0
94,0.0,0.0,0.0,1.0,-0.0,0,0
95,0.0,0.0,0.0,1.0,-0.0,0,0
96,0.0,0.0,0.0,1.0,-0.0,0,0
97,0.0,0.0,0.0,1.0,-0.0,0,0
98,0.0,0.0,0.0,1.0,-0.0,0,0
99,0.0,0.0,0.0,1.0,-0.0,0,0
100,0.0,0.0,0.0,1.0,-0.0,0,0
101,0.0,0.0,0.0,1.0,-0.0,0,0
102,0.0,0.0,0.0,1.0,-0.0,0,0
103,0.0,0.0,0.0,1.0,-0.0,0,0
104,0.0,0.0,0.0,1.0,-0.0,0,0
105,0.0,0.0059405940594059415,0.03395332316729158,1.0,-0.0,0,0
106,0.0,0.0059405940594059415,0.03395332316729158,1.0,-0.0,0,0
107,0.0,0.0059405940594059415,0.03395332316729158,1.0,-0.0,0,0
108,0.0,0.017821782178217824,0.05698017651460656,1.0,-0.0,0,0
109,0.0,0.017821782178217824,0.05698017651460656,1.0,-0.0,0,0
110,0.0,0.011881188118811883,0.047276579747775535,1.0,-0.0,0,0
111,0.0,0.011881188118811883,0.047276579747775535,1.0,-0.0,0,0
112,0.0,0.011881188118811883,0.047276579747775535,1.0,-0.0,0,0
113,0.0,0.0,0.0,1.0,-0.0,0,0
114,0.0,0.0,0.0,1.0,-0.0,0,0
115,0.0,0.0,0.0,1.0,-0.0,0,0
116,0.0,0.0,0.0,1.0,-0.0,0,0
117,0.0,0.0,0.0,1.0,-0.0,0,0
118,0.0,0.0,0.0,1.0,-0.0,0,0
119,0.0,0.007920792079207921,0.03900537743285587,1.0,-0.0,0,0
120,0.0,0.007920792079207921,0.03900537743285587,1.0,-0.0,0,0
121,0.0,0.007920792079207921,0.03900537743285587,1.0,-0.0,0,0
122,0.0,0.007920792079207921,0.03900537743285587,1.0,-0.0,0,0
123,0.0,0.007920792079207921,0.03900537743285587,1.0,-0.0,0,0
124,0.0,0.0,0.0,1.0,-0.0,0,0
125,0.0,0.0,0.0,1.0,-0.0,0,0
126,0.0,0.0,0.0,1.0,-0.0,0,0
127,0.0,0.0,0.0,1.0,-0.0,0,0
128,0.0,0.0,0.0,1.0,-0.0,0,0
129,0.0,0.007920792079207921,0.03900537743285587,1.0,-0.0,0,0
130,0.0,0.007920792079207921,0.03900537743285587,1.0,-0.0,0,0
131,0.0,0.007920792079207921,0.03900537743285587,1.0,-0.0,0,0
132,0.0,0.007920792079207921,0.03900537743285587,1.0,-0.0,0,0
133,0.0,0.007920792079207921,0.03900537743285587,1.0,-0.0,0,0
134,0.0,0.013861386138613863,0.05079507064705211,1.0,-0.0,0,0
135,0.0,0.013861386138613863,0.05079507064705211,1.0,-0.0,0,0
136,0.0,0.013861386138613863,0.05079507064705211,1.0,-0.0,0,0
137,0.0,0.07920792079207921,0.11285391563386142,1.0,-0.0,0,0
138,0.0,0.09504950495049502,0.12771893462651168,1.0,-0.0,0,0
139,0.0,0.08118811881188118,0.12325042629382525,1.0,-0.0,0,0
140,0.0,0.08118811881188118,0.12325042629382525,1.0,-0.0,0,0
141,0.0,0.09108910891089109,0.13057300215314485,1.0,-0.0,0,0
142,0.2,0.039603960396039604,0.09342674148186494,0.04300687269944547,1.36646213658456,0,0
143,0.2,0.031683168316831684,0.08316831683168316,0.021494876961718277,1.6676650364739223,0,0
144,0.2,0.051485148514851496,0.10399339410297728,0.07662893002971202,1.1156072384578777,0,0
145,0.2,0.051485148514851496,0.10399339410297728,0.07662893002971202,1.1156072384578777,0,0
146,0.2,0.04554455445544555,0.09283729243351323,0.04808399917069303,1.3179994190099724,0,0
147,0.0,0.08712871287128714,0.1332483472575107,1.0,-0.0,0,0
148,0.0,0.12871287128712872,0.16065252686710352,1.0,-0.0,0,0
149,0.0,0.17623762376237626,0.19556899208121012,1.0,-0.0,0,0
150,0.0,0.18613861386138614,0.19951907671778216,1.0,-0.0,0,0
151,0.0,0.1821782178217822,0.1972062495766079,1.0,-0.0,0,0
152,0.0,0.12475247524752475,0.17084874938711275,1.0,-0.0,0,0
153,0.0,0.10099009900990097,0.1396566153069739,1.0,-0.0,0,0
154,0.0,0.03564356435643565,0.08626938974571076,1.0,-0.0,0,0
155,0.0,0.025742574257425745,0.06697637435757531,1.0,-0.0,0,0
156,0.0,0.09108910891089109,0.12750384183766536,1.0,-0.0,0,0
157,0.0,0.14257425742574256,0.16249693654596944,1.0,-0.0,0,0
158,0.0,0.11683168316831682,0.15483578457286823,1.0,-0.0,0,0
159,0.0,0.11683168316831682,0.15483578457286823,1.0,-0.0,0,0
160,0.0,0.12079207920792079,0.15689867556071532,1.0,-0.0,0,0
161,0.0,0.05544554455445545,0.09797478714338996,1.0,-0.0,0,0
162,0.0,0.0059405940594059415,0.033953323167291584,1.0,-0.0,0,0
163,0.0,0.06336633663366337,0.11233152161332939,1.0,-0.0,0,0
164,0.0,0.06336633663366337,0.11233152161332939,1.0,-0.0,0,0
165,0.0,0.0594059405940594,0.10733330877518932,1.0,-0.0,0,0
166,0.0,0.06336633663366337,0.1158034971660471,1.0,-0.0,0,0
167,0.0,0.07920792079207921,0.12611234319279727,1.0,-0.0,0,0
168,0.0,0.019801980198019802,0.0597350618970232,1.0,-0.0,0,0
169,0.0,0.027722772277227727,0.07461957893630407,1.0,-0.0,0,0
170,0.2,0.05148514851485149,0.10011267057239238,0.0689738517569684,1.1613155207112393,0,0
171,0.2,0.11089108910891088,0.13923481846532232,0.26108950498360867,0.5832105851640818,0,0
172,0.2,0.12673267326732673,0.15343659903216247,0.31649992694608825,0.4996263858896416,0,0
173,0.2,0.12673267326732673,0.15343659903216247,0.31649992694608825,0.4996263858896416,0,0
174,0.2,0.14356435643564355,0.16674866459848459,0.3675130486860828,0.4347272365205844,0,0
175,0.0,0.1188118811881188,0.1467218499235066,1.0,-0.0,0,0
176,0.0,0.05544554455445545,0.1019369320889802,1.0,-0.0,0,0
177,0.0,0.0594059405940594,0.11096178792967841,1.0,-0.0,0,0
178,0.0,0.08316831683168317,0.13575553664160483,1.0,-0.0,0,0
179,0.0,0.0594059405940594,0.1178841668604928,1.0,-0.0,0,0
180,0.0,0.06534653465346535,0.11976515267356391,1.0,-0.0,0,0
181,0.0,0.09306930693069307,0.13948804962658473,1.0,-0.0,0,0
182,0.0,0.06534653465346535,0.11295810453031022,1.0,-0.0,0,0
183,0.0,0.06732673267326733,0.11000352009767247,1.0,-0.0,0,0
184,0.0,0.06732673267326733,0.11000352009767247,1.0,-0.0,0,0
185,0.0,0.0613861386138614,0.09644194583672018,1.0,-0.0,0,0
186,0.0,0.033663366336633666,0.07482947971362847,1.0,-0.0,0,0
187,0.0,0.04356435643564357,0.08255312311158745,1.0,-0.0,0,0
188,0.0,0.017821782178217824,0.05698017651460656,1.0,-0.0,0,0
189,0.0,0.017821782178217824,0.05698017651460656,1.0,-0.0,0,0
190,0.0,0.04950495049504951,0.11741756103266213,1.0,-0.0,0,0
191,0.0,0.09504950495049505,0.14513649268759365,1.0,-0.0,0,0
192,0.0,0.10099009900990098,0.1396566153069739,1.0,-0.0,0,0
193,0.0,0.13663366336633662,0.15137833547418925,1.0,-0.0,0,0
194,0.0,0.14257425742574256,0.1550129567586608,1.0,-0.0,0,0
195,0.0,0.1089108910891089,0.14218869759220787,1.0,-0.0,0,0
196,0.0,0.06336633663366338,0.10874875419996817,1.0,-0.0,0,0
197,0.0,0.10891089108910891,0.17693709230644497,1.0,-0.0,0,0
198,0.0,0.09702970297029702,0.15054715096038188,1.0,-0.0,0,0
199,0.0,0.12277227722772276,0.16160162980675777,1.0,-0.0,0,0
200,0.0,0.12277227722772276,0.16160162980675777,1.0,-0.0,0,0
201,0.0,0.14653465346534653,0.16624231177675527,1.0,-0.0,0,0
202,0.0,0.11089108910891088,0.13042276277287215,1.0,-0.0,0,0
203,0.0,0.13663366336633662,0.1565233492702535,1.0,-0.0,0,0
204,0.0,0.1168316831683168,0.15737280385192495,1.0,-0.0,0,0
205,0.0,0.1168316831683168,0.15737280385192495,1.0,-0.0,0,0
206,0.0,0.13465346534653463,0.17600384984783346,1.0,-0.0,0,0
207,0.4,0.1287128712871287,0.16550949460567813,0.050595892874666176,1.2958847356159928,0,0
208,0.8,0.14356435643564355,0.16910705589447975,5.184827167791192e-05,4.285265715904758,0,0
209,0.8,0.12871287128712872,0.16309909134236833,1.9289944408064584e-05,4.714669023953087,0,0
210,1.0,0.13663366336633664,0.17333237817044833,3.1630381514910735e-07,6.499895569740261,0,0
211,1.2,0.1386138613861386,0.15856428688449584,1.087782375774516e-11,10.963457981893233,0,0
212,0.8,0.10693069306930694,0.13661931335176508,1.9579978879195407e-07,6.7081877810034545,0,0
213,0.4,0.04752475247524753,0.08965727859541997,4.223293025907398e-05,4.374348784755605,0,0
214,0.6,0.06930693069306931,0.11057238501634628,7.952785939490229e-07,6.099480707041689,0,0
215,0.4,0.061386138613861385,0.1080614942545921,0.0008635882888169143,3.0636932557966734,0,0
216,0.2,0.03564356435643565,0.08154954567118416,0.021930426384501912,1.6589529244266183,0,0
217,0.2,0.03564356435643565,0.08154954567118416,0.021930426384501912,1.6589529244266183,0,0
218,0.2,0.05346534653465348,0.10860442931328385,0.08862815178171936,1.0524283072157032,0,0
219,0.2,0.04554455445544555,0.09700949476369024,0.05567344326657026,1.2543519178087958,0,0
220,0.2,0.05544554455445545,0.1019369320889802,0.07808409030039497,1.1074374449781044,0,0
221,0.2,0.041584158415841586,0.08590499787518362,0.03258561123651815,1.4869741281544258,0,0
222,0.4,0.05346534653465347,0.09287951999650357,9.535586614099452e-05,4.020652584691398,0,0
223,0.4,0.03564356435643564,0.07653920035678292,9.660966320372894e-07,6.014979431905753,0,0
224,0.2,0.021782178217821784,0.06230547612891991,0.002115616449879084,2.6745630648030154,0,0
225,0.2,0.011881188118811883,0.04727657974777555,3.458655652090612e-05,4.461092674713382,0,0
226,0.2,0.011881188118811883,0.04727657974777555,3.458655652090612e-05,4.461092674713382,0,0
227,0.0,0.0,0.0,1.0,-0.0,0,0
228,0.0,0.0,0.0,1.0,-0.0,0,0
229,0.0,0.0,0.0,1.0,-0.0,0,0
230,0.0,0.0,0.0,1.0,-0.0,0,0
231,0.0,0.0,0.0,1.0,-0.0,0,0
232,0.0,0.0,0.0,1.0,-0.0,0,0
233,0.0,0.0,0.0,1.0,-0.0,0,0
234,0.0,0.0,0.0,1.0,-0.0,0,0
235,0.0,0.0,0.0,1.0,-0.0,0,0
236,0.0,0.0,0.0,1.0,-0.0,0,0
237,0.0,0.0039603960396039604,0.02786385599895107,1.0,-0.0,0,0
238,0.0,0.0039603960396039604,0.02786385599895107,1.0,-0.0,0,0
239,0.0,0.0039603960396039604,0.02786385599895107,1.0,-0.0,0,0
240,0.0,0.0039603960396039604,0.02786385599895107,1.0,-0.0,0,0
241,0.0,0.0039603960396039604,0.02786385599895107,1.0,-0.0,0,0
242,0.0,0.0,0.0,1.0,-0.0,0,0
243,0.0,0.0,0.0,1.0,-0.0,0,0
244,0.0,0.0,0.0,1.0,-0.0,0,0
245,0.2,0.019801980198019802,0.0597350618970232,0.0012780474741147156,2.893453013655617,0,0
246,1.0,0.0871287128712871,0.11745095149573798,3.861802186542073e-15,14.413209975894132,0,0
247,1.6,0.1168316831683168,0.1442421691205886,1.0000000422587615e-17,16.999999981647253,0,0
248,1.6,0.12277227722772276,0.14342430861173722,1.0000000353397399e-17,16.999999984652145,0,0
249,1.6,0.13663366336633662,0.15137833547418927,1.0000208310738847e-17,16.999990953273787,0,0
250,1.4,0.11485148514851484,0.15246238855382305,2.738958072972931e-17,16.562414615725544,0,0
251,0.6,0.06336633663366337,0.1158034971660471,1.7933156912388109e-06,5.746343251489326,0,0
252,0.4,0.09306930693069307,0.13948804962658476,0.01388896188446743,1.857330213923725,0,0
253,0.4,0.08712871287128712,0.1390657415135005,0.01223055215071779,1.9125539362100747,0,0
254,0.4,0.07524752475247526,0.13744913773527348,0.009070925772710473,2.042348386869114,0,0
255,0.4,0.07722772277227724,0.13779105154150342,0.009578124424401275,2.018719525564459,0,0
256,0.4,0.08514851485148513,0.13598641357140118,0.010297829212359208,1.9872543151447362,0,0
257,0.0,0.031683168316831684,0.08316831683168317,1.0,-0.0,0,0
258,0.0,0.031683168316831684,0.08316831683168317,1.0,-0.0,0,0
259,0.0,0.031683168316831684,0.08316831683168317,1.0,-0.0,0,0
260,0.0,0.0297029702970297,0.08150144802873932,1.0,-0.0,0,0
261,0.0,0.0059405940594059415,0.03395332316729158,1.0,-0.0,0,0
262,0.0,0.04356435643564357,0.09164702150816742,1.0,-0.0,0,0
263,0.0,0.04356435643564357,0.09164702150816742,1.0,-0.0,0,0
264,0.0,0.05346534653465347,0.10104832334394513,1.0,-0.0,0,0
265,0.0,0.05346534653465347,0.10104832334394513,1.0,-0.0,0,0
266,0.0,0.05346534653465347,0.10104832334394513,1.0,-0.0,0,0
267,0.0,0.009900990099009901,0.04338396495090424,1.0,-0.0,0,0
268,0.0,0.009900990099009901,0.04338396495090424,1.0,-0.0,0,0
269,0.0,0.0,0.0,1.0,-0.0,0,0
270,0.0,0.0,0.0,1.0,-0.0,0,0
271,0.2,0.07722772277227724,0.12576985749069639,0.16449106805243702,0.783857679482127,0,0
272,0.2,0.07722772277227724,0.12576985749069639,0.16449106805243702,0.783857679482127,0,0
273,0.2,0.09108910891089109,0.13357165904190144,0.20742906007312073,0.6831304005732743,0,0
274,0.2,0.09108910891089109,0.13357165904190144,0.20742906007312073,0.6831304005732743,0,0
275,0.2,0.11287128712871287,0.14464936528910635,0.2734725071303193,0.5630863278378737,0,0
276,0.2,0.06336633663366337,0.10504385908811757,0.09667550266855758,1.014683561115634,0,0
277,0.4,0.09504950495049505,0.13377699607171914,0.011317385673310372,1.946253883994294,0,0
278,0.4,0.08118811881188118,0.13254020222321994,0.00807743987652534,2.092726265918236,0,0
279,0.4,0.09504950495049502,0.14238160801780242,0.016105477556676698,1.793026393032768,0,0
280,0.4,0.07722772277227724,0.12258049537063101,0.004229905136374432,2.373669372391174,0,0
281,0.4,0.16831683168316827,0.18397734097959503,0.10396050322285057,0.9831316269549975,0,0
282,0.2,0.17227722772277226,0.19906654038593571,0.4446208285712187,0.35201019633413555,0,0
283,0.4,0.2514851485148515,0.2227700769968354,0.25249043415902483,0.5977550708944122,0,0
284,0.6,0.25940594059405936,0.22785187902800044,0.06748270983784112,1.1708074861897326,0,0
285,0.6,0.2554455445544554,0.22711067111783748,0.06461802023829048,1.189646351993971,0,0
286,0.4,0.13861386138613863,0.16348330645980427,0.05492638751295634,1.2602189634177507,0,0
287,0.4,0.10099009900990098,0.14246420394934614,0.017915401223169414,1.7467734611759458,0,0
288,0.2,0.021782178217821784,0.06230547612891991,0.002115616449879084,2.6745630648030154,0,0
289,0.0,0.0,0.0,1.0,-0.0,0,0
290,0.0,0.0,0.0,1.0,-0.0,0,0
291,0.0,0.0,0.0,1.0,-0.0,0,0
292,0.0,0.0,0.0,1.0,-0.0,0,0
293,0.0,0.0,0.0,1.0,-0.0,0,0
294,0.0,0.0,0.0,1.0,-0.0,0,0
295,0.0,0.0,0.0,1.0,-0.0,0,0
296,0.0,0.0,0.0,1.0,-0.0,0,0
297,0.0,0.0,0.0,1.0,-0.0,0,0
298,0.8,0.039603960396039604,0.08452453849668534,1.0116878196794012e-17,16.99495347870806,0,0
299,0.8,0.039603960396039604,0.08452453849668534,1.0116878196794012e-17,16.99495347870806,0,0
300,0.8,0.11089108910891088,0.14481192315867106,9.744717497724748e-07,6.011230746690808,0,0
301,0.8,0.1485148514851485,0.16082329112274815,2.5506384307054122e-05,4.593351101044765,0,0
302,0.8,0.1485148514851485,0.16082329112274815,2.5506384307054122e-05,4.593351101044765,0,0
303,0.4,0.20198019801980194,0.18773279832857556,0.14575932057720764,0.8363636647279464,0,0
304,0.4,0.20198019801980194,0.18773279832857556,0.14575932057720764,0.8363636647279464,0,0
305,0.4,0.13069306930693067,0.1447035715361989,0.031365460507025815,1.5035483317774674,0,0
306,0.4,0.09306930693069307,0.11795067415315193,0.004631453931412395,2.334282651472884,0,0
307,0.4,0.09306930693069307,0.11795067415315193,0.004631453931412395,2.334282651472884,0,0
308,0.0,0.0,0.0,1.0,-0.0,0,0
309,0.0,0.0039603960396039604,0.02786385599895107,1.0,-0.0,0,0
310,0.0,0.015841584158415842,0.054012600780142014,1.0,-0.0,0,0
311,0.0,0.015841584158415842,0.054012600780142014,1.0,-0.0,0,0
312,0.0,0.015841584158415842,0.054012600780142014,1.0,-0.0,0,0
313,0.0,0.015841584158415842,0.054012600780142014,1.0,-0.0,0,0
314,0.0,0.023762376237623766,0.06471340450838889,1.0,-0.0,0,0
315,0.0,0.011881188118811881,0.047276579747775535,1.0,-0.0,0,0
316,0.0,0.011881188118811881,0.047276579747775535,1.0,-0.0,0,0
317,0.0,0.011881188118811881,0.047276579747775535,1.0,-0.0,0,0
318,0.0,0.011881188118811881,0.047276579747775535,1.0,-0.0,0,0
319,0.0,0.021782178217821784,0.06230547612891991,1.0,-0.0,0,0
320,0.0,0.021782178217821784,0.06230547612891991,1.0,-0.0,0,0
321,0.0,0.021782178217821784,0.06230547612891991,1.0,-0.0,0,0
322,0.0,0.021782178217821784,0.06230547612891991,1.0,-0.0,0,0
323,0.0,0.021782178217821784,0.06230547612891991,1.0,-0.0,0,0
324,0.0,0.0059405940594059415,0.03395332316729158,1.0,-0.0,0,0
325,0.0,0.0059405940594059415,0.03395332316729158,1.0,-0.0,0,0
326,0.0,0.0059405940594059415,0.03395332316729158,1.0,-0.0,0,0
327,0.0,0.0059405940594059415,0.03395332316729158,1.0,-0.0,0,0
328,0.0,0.033663366336633666,0.08930671115865095,1.0,-0.0,0,0
329,0.0,0.03762376237623762,0.10421938508467937,1.0,-0.0,0,0
330,0.0,0.03762376237623762,0.10421938508467937,1.0,-0.0,0,0
331,0.0,0.10693069306930691,0.16060370373062668,1.0,-0.0,0,0
332,0.0,0.10693069306930691,0.16060370373062668,1.0,-0.0,0,0
333,0.0,0.12079207920792076,0.14645435316515326,1.0,-0.0,0,0
334,0.0,0.11089108910891088,0.1420507440353343,1.0,-0.0,0,0
335,0.0,0.11089108910891088,0.1420507440353343,1.0,-0.0,0,0
336,0.0,0.0910891089108911,0.13650445892763632,1.0,-0.0,0,0
337,0.0,0.13861386138613863,0.16588812705842176,1.0,-0.0,0,0
338,0.0,0.10495049504950495,0.15310401409962543,1.0,-0.0,0,0
339,0.0,0.1207920792079208,0.15689867556071532,1.0,-0.0,0,0
340,0.0,0.1207920792079208,0.15689867556071532,1.0,-0.0,0,0
341,0.0,0.13663366336633664,0.15137833547418927,1.0,-0.0,0,0
342,0.0,0.08712871287128714,0.12401163019288061,1.0,-0.0,0,0
343,0.0,0.13564356435643563,0.15388317441966676,1.0,-0.0,0,0
344,0.0,0.11881188118811879,0.14399729871443837,1.0,-0.0,0,0
345,0.0,0.13168316831683166,0.14954100935552989,1.0,-0.0,0,0
346,0.0,0.06732673267326733,0.1135467024699521,1.0,-0.0,0,0
347,0.0,0.06732673267326733,0.1135467024699521,1.0,-0.0,0,0
348,0.0,0.011881188118811883,0.05501958015623684,1.0,-0.0,0,0
349,0.0,0.04158415841584159,0.10648973987919805,1.0,-0.0,0,0
350,0.0,0.05544554455445545,0.1019369320889802,1.0,-0.0,0,0
351,0.0,0.05544554455445545,0.1019369320889802,1.0,-0.0,0,0
352,0.0,0.05544554455445545,0.1019369320889802,1.0,-0.0,0,0
353,0.0,0.06336633663366338,0.11233152161332938,1.0,-0.0,0,0
354,0.0,0.051485148514851496,0.096075322540263,1.0,-0.0,0,0
355,0.0,0.02970297029702971,0.07648795214189294,1.0,-0.0,0,0
356,0.0,0.057425742574257435,0.10277971700879983,1.0,-0.0,0,0
357,0.0,0.057425742574257435,0.10277971700879983,1.0,-0.0,0,0
358,0.0,0.06732673267326733,0.11698261772468857,1.0,-0.0,0,0
359,0.0,0.06732673267326733,0.11698261772468857,1.0,-0.0,0,0
360,0.0,0.10495049504950495,0.1423816080178024,1.0,-0.0,0,0
361,0.0,0.08514851485148513,0.13886822488939993,1.0,-0.0,0,0
362,0.0,0.09108910891089109,0.14494724878689189,1.0,-0.0,0,0
363,0.0,0.1108910891089109,0.15536669501729133,1.0,-0.0,0,0
364,0.0,0.09702970297029703,0.15824247939807562,1.0,-0.0,0,0
365,0.0,0.0594059405940594,0.12442200453390104,1.0,-0.0,0,0
366,0.0,0.06930693069306931,0.12722675963729912,1.0,-0.0,0,0
367,0.0,0.09306930693069307,0.14229896414433016,1.0,-0.0,0,0
368,0.0,0.05544554455445545,0.10575073206193022,1.0,-0.0,0,0
369,0.0,0.051485148514851496,0.1001126705723924,1.0,-0.0,0,0
370,0.0,0.04752475247524753,0.09809478080396702,1.0,-0.0,0,0
371,0.0,0.09900990099009901,0.14791959918402456,1.0,-0.0,0,0
372,0.0,0.08316831683168317,0.13864214704328154,1.0,-0.0,0,0
373,0.2,0.17227722772277224,0.18674852677785872,0.44099391972929125,0.3555673983920736,0,0
374,0.2,0.17227722772277224,0.18674852677785872,0.44099391972929125,0.3555673983920736,0,0
375,0.2,0.17227722772277224,0.18674852677785872,0.44099391972929125,0.3555673983920736,0,0
376,0.2,0.1069306930693069,0.13368903310588712,0.2431634985045642,0.6141016168491318,0,0
377,0.2,0.09306930693069305,0.11795067415315191,0.18231677881311903,0.7391733609082306,0,0
378,0.2,0.05742574257425744,0.11021718851545144,0.09790604061927345,1.0091905122143656,0,0
379,0.2,0.05742574257425744,0.11021718851545144,0.09790604061927345,1.0091905122143656,0,0
380,0.2,0.05742574257425744,0.11021718851545144,0.09790604061927345,1.0091905122143656,0,0
381,0.2,0.051485148514851496,0.10773441987117183,0.08402025455510521,1.0756160070195209,0,0
382,0.4,0.08118811881188118,0.11999411807954946,0.003943189481594293,2.4041523533265647,0,0
383,0.2,0.0297029702970297,0.07648795214189293,0.012991839772286904,1.8863293442020952,0,0
384,0.2,0.0297029702970297,0.07648795214189293,0.012991839772286904,1.8863293442020952,0,0
385,0.4,0.049504950495049514,0.09504950495049506,0.00011323404682251737,3.946022971345902,0,0
386,0.6,0.08910891089108909,0.12097048989545554,1.2039132539669062e-05,4.919404804341244,0,0
387,0.6,0.08712871287128714,0.13324834725751067,5.93034129848122e-05,4.226920311731563,0,0
388,0.6,0.08712871287128714,0.13324834725751067,5.93034129848122e-05,4.226920311731563,0,0
389,0.6,0.08712871287128714,0.13324834725751067,5.93034129848122e-05,4.226920311731563,0,0
390,0.4,0.06732673267326733,0.1135467024699521,0.0016957022669887311,2.7706503992224962,0,0
391,0.2,0.02772277227722772,0.06910862719451544,0.0063361735559086295,2.1981729353735644,0,0
392,0.0,0.0,0.0,1.0,-0.0,0,0
393,0.0,0.0,0.0,1.0,-0.0,0,0
394,0.0,0.0,0.0,1.0,-0.0,0,0
395,0.0,0.0,0.0,1.0,-0.0,0,0
396,0.0,0.0,0.0,1.0,-0.0,0,0
397,0.0,0.0,0.0,1.0,-0.0,0,0
398,0.0,0.0,0.0,1.0,-0.0,0,0
399,0.0,0.0,0.0,1.0,-0.0,0,0
400,0.0,0.0,0.0,1.0,-0.0,0,0
401,0.0,0.0,0.0,1.0,-0.0,0,0
402,0.0,0.0,0.0,1.0,-0.0,0,0
403,0.2,0.033663366336633666,0.07994704648786674,0.018735949469970602,1.7273242935431963,0,0
404,0.2,0.033663366336633666,0.07994704648786674,0.018735949469970602,1.7273242935431963,0,0
405,0.2,0.033663366336633666,0.07994704648786674,0.018735949469970602,1.7273242935431963,0,0
406,0.2,0.033663366336633666,0.07994704648786674,0.018735949469970602,1.7273242935431963,0,0
407,0.2,0.033663366336633666,0.07994704648786674,0.018735949469970602,1.7273242935431963,0,0
408,0.0,0.0,0.0,1.0,-0.0,0,0
409,0.0,0.0,0.0,1.0,-0.0,0,0
410,0.0,0.0,0.0,1.0,-0.0,0,0
411,0.0,0.0,0.0,1.0,-0.0,0,0
412,0.0,0.0,0.0,1.0,-0.0,0,0
413,0.0,0.019801980198019802,0.059735061897023205,1.0,-0.0,0,0
414,0.0,0.019801980198019802,0.059735061897023205,1.0,-0.0,0,0
415,0.0,0.019801980198019802,0.059735061897023205,1.0,-0.0,0,0
416,0.0,0.019801980198019802,0.059735061897023205,1.0,-0.0,0,0
417,0.0,0.019801980198019802,0.059735061897023205,1.0,-0.0,0,0
418,0.0,0.0,0.0,1.0,-0.0,0,0
419,0.0,0.0,0.0,1.0,-0.0,0,0
420,0.0,0.009900990099009901,0.04338396495090424,1.0,-0.0,0,0
421,0.0,0.009900990099009901,0.04338396495090424,1.0,-0.0,0,0
422,0.0,0.1306930693069307,0.16988206407546308,1.0,-0.0,0,0
423,0.0,0.1306930693069307,0.16988206407546308,1.0,-0.0,0,0
424,0.0,0.1306930693069307,0.16988206407546308,1.0,-0.0,0,0
425,0.0,0.12079207920792079,0.1618683193480064,1.0,-0.0,0,0
426,0.0,0.12079207920792079,0.1618683193480064,1.0,-0.0,0,0
427,0.0,0.007920792079207921,0.03900537743285587,1.0,-0.0,0,0
428,0.0,0.015841584158415842,0.05401260078014202,1.0,-0.0,0,0
429,0.0,0.033663366336633666,0.07482947971362847,1.0,-0.0,0,0
430,0.0,0.033663366336633666,0.07482947971362847,1.0,-0.0,0,0
431,0.0,0.09108910891089109,0.12113245340338318,1.0,-0.0,0,0
432,0.0,0.08316831683168316,0.11351216354824961,1.0,-0.0,0,0
433,0.0,0.08316831683168316,0.11351216354824961,1.0,-0.0,0,0
434,0.0,0.08514851485148513,0.13304219431477882,1.0,-0.0,0,0
435,0.0,0.09306930693069305,0.13948804962658473,1.0,-0.0,0,0
436,0.0,0.13465346534653466,0.15697363312955576,1.0,-0.0,0,0
437,0.0,0.15445544554455445,0.17091758912506996,1.0,-0.0,0,0
438,0.0,0.15643564356435644,0.16793200037318168,1.0,-0.0,0,0
439,0.0,0.13762376237623763,0.16581719933036296,1.0,-0.0,0,0
440,0.0,0.15643564356435644,0.17711429524750807,1.0,-0.0,0,0
441,0.0,0.057425742574257435,0.09476028605152792,1.0,-0.0,0,0
442,0.0,0.03762376237623763,0.08307396817189318,1.0,-0.0,0,0
443,0.0,0.027722772277227727,0.07461957893630405,1.0,-0.0,0,0
444,0.0,0.025742574257425748,0.07264925278354116,1.0,-0.0,0,0
445,0.0,0.0,0.0,1.0,-0.0,0,0
446,0.0,0.0019801980198019802,0.0198019801980198,1.0,-0.0,0,0
447,0.0,0.033663366336633666,0.07994704648786674,1.0,-0.0,0,0
448,0.0,0.1108910891089109,0.15789518399405603,1.0,-0.0,0,0
449,0.0,0.11683168316831684,0.15737280385192495,1.0,-0.0,0,0
450,0.0,0.11683168316831684,0.15737280385192495,1.0,-0.0,0,0
451,0.0,0.11485148514851487,0.1550382505430763,1.0,-0.0,0,0
452,0.0,0.14059405940594058,0.1899339217153552,1.0,-0.0,0,0
453,0.0,0.06336633663366337,0.12564508577596284,1.0,-0.0,0,0
454,0.0,0.06534653465346535,0.12930556607773872,1.0,-0.0,0,0
455,0.0,0.09504950495049505,0.14513649268759365,1.0,-0.0,0,0
456,0.0,0.09504950495049505,0.14513649268759365,1.0,-0.0,0,0
457,0.0,0.03762376237623762,0.08771182015980238,1.0,-0.0,0,0
458,0.0,0.04356435643564356,0.09164702150816742,1.0,-0.0,0,0
459,0.0,0.05544554455445545,0.10575073206193021,1.0,-0.0,0,0
460,0.0,0.1227722772277228,0.14615954128511635,1.0,-0.0,0,0
461,0.0,0.14653465346534655,0.15893479355105833,1.0,-0.0,0,0
462,0.0,0.1504950495049505,0.16508249505478284,1.0,-0.0,0,0
463,0.0,0.14455445544554454,0.16196518848854283,1.0,-0.0,0,0
464,0.0,0.1485148514851485,0.1558203213695525,1.0,-0.0,0,0
465,0.0,0.11485148514851484,0.14169143619800648,1.0,-0.0,0,0
466,0.0,0.10495049504950496,0.14513649268759365,1.0,-0.0,0,0
467,0.0,0.10099009900990098,0.14521752172118102,1.0,-0.0,0,0
468,0.0,0.10693069306930694,0.14776046024695155,1.0,-0.0,0,0
469,0.0,0.11089108910891088,0.1420507440353343,1.0,-0.0,0,0
470,0.0,0.08316831683168316,0.13280619910579972,1.0,-0.0,0,0
471,0.0,0.07920792079207921,0.12611234319279727,1.0,-0.0,0,0
472,0.0,0.10297029702970298,0.1505471509603819,1.0,-0.0,0,0
473,0.2,0.17821782178217818,0.18647536422960084,0.45350532886441747,0.3434176054444277,0,0
474,0.2,0.1861386138613861,0.19752413211148517,0.47202692392949364,0.3260332289495393,0,0
475,0.2,0.14752475247524752,0.17721389403430002,0.38357208771315127,0.4161530036734426,0,0
476,0.2,0.1485148514851485,0.19016088102057818,0.3932934994857888,0.4052832317259825,0,0
477,0.2,0.12475247524752477,0.16851473513974877,0.32760585206101317,0.4846483489900504,0,0
478,0.0,0.04554455445544555,0.10100951085035129,1.0,-0.0,0,0
479,0.0,0.05148514851485149,0.11134982906542217,1.0,-0.0,0,0
480,0.0,0.08514851485148514,0.1416914361980065,1.0,-0.0,0,0
481,0.0,0.08712871287128714,0.127165103825761,1.0,-0.0,0,0
482,0.0,0.08712871287128714,0.127165103825761,1.0,-0.0,0,0
483,0.0,0.10495049504950496,0.13078304733432375,1.0,-0.0,0,0
484,0.0,0.08118811881188118,0.10597297552680915,1.0,-0.0,0,0
485,0.0,0.09504950495049502,0.1307830473343237,1.0,-0.0,0,0
486,0.0,0.08316831683168316,0.12028786177019754,1.0,-0.0,0,0
487,0.0,0.09702970297029703,0.13084299831035082,1.0,-0.0,0,0
488,0.0,0.09306930693069305,0.13368903310588712,1.0,-0.0,0,0
489,0.0,0.07524752475247526,0.1189108498693262,1.0,-0.0,0,0
490,0.0,0.039603960396039604,0.08452453849668534,1.0,-0.0,0,0
491,0.0,0.0910891089108911,0.12750384183766536,1.0,-0.0,0,0
492,0.0,0.07722772277227724,0.122580495370631,1.0,-0.0,0,0
493,0.0,0.06336633663366337,0.10874875419996817,1.0,-0.0,0,0
494,0.0,0.13663366336633662,0.13476989724493904,1.0,-0.0,0,0
495,0.0,0.13861386138613857,0.14554118673277588,1.0,-0.0,0,0
496,0.0,0.08514851485148514,0.130031327995105,1.0,-0.0,0,0
497,0.0,0.08514851485148514,0.130031327995105,1.0,-0.0,0,0
498,0.0,0.08514851485148514,0.130031327995105,1.0,-0.0,0,0
499,0.0,0.013861386138613863,0.05807080514303041,1.0,-0.0,0,0
500,0.0,0.007920792079207921,0.03900537743285587,1.0,-0.0,0,0
501,0.0,0.007920792079207921,0.03900537743285587,1.0,-0.0,0,0
502,0.0,0.007920792079207921,0.03900537743285587,1.0,-0.0,0,0
503,0.0,0.007920792079207921,0.03900537743285587,1.0,-0.0,0,0
504,0.0,0.007920792079207921,0.03900537743285587,1.0,-0.0,0,0
505,0.0,0.0,0.0,1.0,-0.0,0,0
506,0.0,0.0,0.0,1.0,-0.0,0,0
507,0.0,0.0,0.0,1.0,-0.0,0,0
508,0.0,0.0,0.0,1.0,-0.0,0,0
509,0.0,0.0,0.0,1.0,-0.0,0,0
510,0.0,0.0,0.0,1.0,-0.0,0,0
511,0.0,0.04356435643564357,0.08721867542790196,1.0,-0.0,0,0
512,0.0,0.16633663366336632,0.17591471140208167,1.0,-0.0,0,0
513,0.0,0.16831683168316827,0.17515520306927512,1.0,-0.0,0,0
514,0.0,0.16831683168316827,0.17515520306927512,1.0,-0.0,0,0
515,0.0,0.16831683168316827,0.17515520306927512,1.0,-0.0,0,0
516,0.0,0.14653465346534653,0.17324186517306459,1.0,-0.0,0,0
517,0.0,0.023762376237623766,0.0759735686861421,1.0,-0.0,0,0
518,0.0,0.061386138613861385,0.11515834731523733,1.0,-0.0,0,0
519,0.0,0.08316831683168317,0.13280619910579972,1.0,-0.0,0,0
520,0.0,0.08316831683168317,0.13280619910579972,1.0,-0.0,0,0
521,0.0,0.061386138613861385,0.11515834731523733,1.0,-0.0,0,0
522,0.0,0.06732673267326733,0.12032045569079852,1.0,-0.0,0,0
523,0.0,0.027722772277227727,0.07461957893630407,1.0,-0.0,0,0
524,0.0,0.0059405940594059415,0.033953323167291584,1.0,-0.0,0,0
525,0.0,0.0059405940594059415,0.033953323167291584,1.0,-0.0,0,0
526,0.2,0.031683168316831684,0.07826167463512675,0.015750221703151112,1.8027133286186672,0,0
527,0.2,0.025742574257425745,0.07264925278354116,0.008228653963589683,2.084671200510097,0,0
528,0.2,0.04158415841584159,0.0859049978751836,0.03258561123651813,1.486974128154426,0,0
529,0.2,0.04158415841584159,0.0859049978751836,0.03258561123651813,1.486974128154426,0,0
530,0.2,0.13465346534653463,0.14102569358229589,0.3215509638069872,0.49275018433831536,0,0
531,0.0,0.10693069306930691,0.13661931335176508,1.0,-0.0,0,0
532,0.0,0.10693069306930691,0.13661931335176508,1.0,-0.0,0,0
533,0.0,0.097029702970297,0.13383560593042218,1.0,-0.0,0,0
534,0.0,0.097029702970297,0.13383560593042218,1.0,-0.0,0,0
535,0.0,0.025742574257425748,0.06697637435757531,1.0,-0.0,0,0
536,0.0,0.025742574257425748,0.06697637435757531,1.0,-0.0,0,0
537,0.0,0.08910891089108909,0.13042276277287215,1.0,-0.0,0,0
538,0.0,0.08316831683168316,0.12978985828256584,1.0,-0.0,0,0
539,0.0,0.09108910891089109,0.13937555924568534,1.0,-0.0,0,0
540,0.0,0.1584158415841584,0.17421241542909127,1.0,-0.0,0,0
541,0.0,0.20396039603960398,0.19290421984883258,1.0,-0.0,0,0
542,0.0,0.1386138613861386,0.17059609935397893,1.0,-0.0,0,0
543,0.0,0.14158415841584157,0.16960485628010974,1.0,-0.0,0,0
544,0.0,0.13267326732673265,0.16951235294283323,1.0,-0.0,0,0
545,0.0,0.04752475247524753,0.10586191211583094,1.0,-0.0,0,0
546,0.0,0.0019801980198019802,0.0198019801980198,1.0,-0.0,0,0
547,0.0,0.0019801980198019802,0.0198019801980198,1.0,-0.0,0,0
548,0.0,0.0,0.0,1.0,-0.0,0,0
549,0.0,0.0,0.0,1.0,-0.0,0,0
550,0.0,0.021782178217821784,0.06230547612891991,1.0,-0.0,0,0
551,0.0,0.09108910891089109,0.13357165904190144,1.0,-0.0,0,0
552,0.0,0.1306930693069307,0.16273806583211367,1.0,-0.0,0,0
553,0.0,0.17425742574257425,0.20032323649173037,1.0,-0.0,0,0
554,0.0,0.17425742574257425,0.20032323649173037,1.0,-0.0,0,0
555,0.0,0.15841584158415842,0.19359410776396424,1.0,-0.0,0,0
556,0.0,0.10693069306930694,0.1701818629692309,1.0,-0.0,0,0
557,0.0,0.0910891089108911,0.14494724878689189,1.0,-0.0,0,0
558,0.0,0.049504950495049514,0.09912864166957489,1.0,-0.0,0,0
559,0.0,0.049504950495049514,0.09912864166957489,1.0,-0.0,0,0
560,0.0,0.07722772277227724,0.12258049537063101,1.0,-0.0,0,0
561,0.0,0.08712871287128714,0.13024224675172555,1.0,-0.0,0,0
562,0.0,0.06336633663366337,0.11233152161332939,1.0,-0.0,0,0
563,0.0,0.07326732673267328,0.12177815335858849,1.0,-0.0,0,0
564,0.0,0.07326732673267328,0.12177815335858849,1.0,-0.0,0,0
565,0.0,0.05544554455445545,0.09384550979067553,1.0,-0.0,0,0
566,0.2,0.1900990099009901,0.1977622086930122,0.4800352447370417,0.31872687505590086,0,0
567,0.4,0.26732673267326734,0.22387625245674686,0.2767181603493748,0.5579623382182212,0,0
568,0.4,0.25742574257425743,0.21861242645532805,0.257143112752587,0.5898251032060173,0,0
569,0.4,0.25742574257425743,0.21861242645532805,0.257143112752587,0.5898251032060173,0,0
570,0.4,0.24158415841584158,0.21120461981740007,0.22660970592523466,0.6447214927978705,0,0
571,0.2,0.07722772277227723,0.11593886073904516,0.1448135921514157,0.8391906735026715,0,0
572,0.0,0.0,0.0,1.0,-0.0,0,0
573,0.0,0.04752475247524753,0.08512548617902843,1.0,-0.0,0,0
574,0.0,0.05940594059405942,0.0996808946427978,1.0,-0.0,0,0
575,0.0,0.14455445544554454,0.1492391578726081,1.0,-0.0,0,0
576,0.0,0.24950495049504945,0.21137164603553107,1.0,-0.0,0,0
577,0.0,0.24950495049504945,0.21137164603553107,1.0,-0.0,0,0
578,0.0,0.2376237623762376,0.2119459510536183,1.0,-0.0,0,0
579,0.0,0.26534653465346536,0.22000704019534495,1.0,-0.0,0,0
580,0.0,0.18217821782178217,0.19920437766272148,1.0,-0.0,0,0
581,0.0,0.12871287128712872,0.16309909134236833,1.0,-0.0,0,0
582,0.0,0.12871287128712872,0.16309909134236833,1.0,-0.0,0,0
583,0.0,0.09306930693069307,0.13368903310588715,1.0,-0.0,0,0
584,0.0,0.05346534653465347,0.09704990696905227,1.0,-0.0,0,0
585,0.0,0.05346534653465347,0.09704990696905227,1.0,-0.0,0,0
586,0.0,0.027722772277227727,0.07461957893630407,1.0,-0.0,0,0
587,0.4,0.07920792079207921,0.11966689053257921,0.0036733214503492837,2.434941065119345,0,0
588,0.4,0.10297029702970295,0.1367627457412436,0.014933066394861763,1.8258510039541993,0,0
589,0.4,0.13465346534653466,0.17600384984783346,0.06582618882850416,1.181601288743018,0,0
590,0.4,0.22970297029702968,0.21133454050622985,0.21017409949301785,0.6774208046746919,0,0
591,0.4,0.20198019801980197,0.20391232731653072,0.1657485814824216,0.7805501797074604,0,0
592,0.0,0.1504950495049505,0.16508249505478284,1.0,-0.0,0,0
593,0.0,0.21782178217821782,0.18042635951740818,1.0,-0.0,0,0
594,0.0,0.2059405940594059,0.1767818940250744,1.0,-0.0,0,0
595,0.0,0.11089108910891088,0.12734998170941408,1.0,-0.0,0,0
596,0.0,0.11089108910891088,0.12734998170941408,1.0,-0.0,0,0
597,0.0,0.19405940594059404,0.19991175388711227,1.0,-0.0,0,0
598,0.0,0.12277227722772277,0.15913204437912432,1.0,-0.0,0,0
599,0.0,0.10297029702970295,0.1505471509603819,1.0,-0.0,0,0
600,0.0,0.10297029702970295,0.1505471509603819,1.0,-0.0,0,0
601,0.0,0.17623762376237626,0.18939639130642924,1.0,-0.0,0,0
602,0.0,0.10693069306930691,0.13368903310588712,1.0,-0.0,0,0
603,0.0,0.15049504950495046,0.1577212495187317,1.0,-0.0,0,0
604,0.0,0.1762376237623762,0.16953548350894254,1.0,-0.0,0,0
605,0.0,0.1762376237623762,0.16953548350894254,1.0,-0.0,0,0
606,0.0,0.1881188118811881,0.19051110448801098,1.0,-0.0,0,0
607,0.0,0.17425742574257425,0.19018150025414607,1.0,-0.0,0,0
608,0.0,0.10891089108910892,0.16295477712032463,1.0,-0.0,0,0
609,0.0,0.08316831683168316,0.13575553664160483,1.0,-0.0,0,0
610,0.0,0.14653465346534653,0.1686077858012515,1.0,-0.0,0,0
611,0.0,0.07722772277227724,0.13191745702927898,1.0,-0.0,0,0
612,0.0,0.07722772277227724,0.13191745702927898,1.0,-0.0,0,0
613,0.0,0.0811881188118812,0.1325402022232199,1.0,-0.0,0,0
614,0.0,0.08514851485148517,0.13598641357140118,1.0,-0.0,0,0
615,0.0,0.04950495049504951,0.09504950495049506,1.0,-0.0,0,0
616,0.0,0.05346534653465347,0.10104832334394513,1.0,-0.0,0,0
617,0.0,0.05346534653465347,0.10104832334394513,1.0,-0.0,0,0
618,0.0,0.049504950495049514,0.09504950495049506,1.0,-0.0,0,0
619,0.0,0.04554455445544555,0.08846854615322249,1.0,-0.0,0,0
620,0.0,0.019801980198019802,0.0597350618970232,1.0,-0.0,0,0
621,0.0,0.0,0.0,1.0,-0.0,0,0
622,0.0,0.007920792079207921,0.039005377432855884,1.0,-0.0,0,0
623,0.0,0.007920792079207921,0.039005377432855884,1.0,-0.0,0,0
624,0.0,0.049504950495049514,0.09504950495049506,1.0,-0.0,0,0
625,0.0,0.10495049504950493,0.12771893462651168,1.0,-0.0,0,0
626,0.0,0.1188118811881188,0.14122019271030048,1.0,-0.0,0,0
627,0.0,0.11089108910891088,0.13342479626077636,1.0,-0.0,0,0
628,0.0,0.1841584158415841,0.17951125796479814,1.0,-0.0,0,0
629,0.0,0.14059405940594058,0.17244784995704746,1.0,-0.0,0,0
630,0.0,0.08514851485148513,0.130031327995105,1.0,-0.0,0,0
631,0.0,0.0712871287128713,0.11801714396634726,1.0,-0.0,0,0
632,0.0,0.0712871287128713,0.11801714396634726,1.0,-0.0,0,0
633,0.0,0.0,0.0,1.0,-0.0,0,0
634,0.0,0.017821782178217824,0.05698017651460656,1.0,-0.0,0,0
635,0.0,0.017821782178217824,0.05698017651460656,1.0,-0.0,0,0
636,0.0,0.017821782178217824,0.05698017651460656,1.0,-0.0,0,0
637,0.0,0.025742574257425745,0.0669763743575753,1.0,-0.0,0,0
638,0.0,0.025742574257425745,0.0669763743575753,1.0,-0.0,0,0
639,0.0,0.007920792079207921,0.03900537743285587,1.0,-0.0,0,0
640,0.0,0.013861386138613863,0.05079507064705211,1.0,-0.0,0,0
641,0.0,0.013861386138613863,0.05079507064705211,1.0,-0.0,0,0
642,0.0,0.0059405940594059415,0.03395332316729158,1.0,-0.0,0,0
643,0.0,0.0059405940594059415,0.03395332316729158,1.0,-0.0,0,0
644,0.0,0.0059405940594059415,0.03395332316729158,1.0,-0.0,0,0
645,0.0,0.0,0.0,1.0,-0.0,0,0
646,0.0,0.0,0.0,1.0,-0.0,0,0
647,0.0,0.0019801980198019802,0.0198019801980198,1.0,-0.0,0,0
648,0.0,0.0019801980198019802,0.0198019801980198,1.0,-0.0,0,0
649,0.0,0.0019801980198019802,0.0198019801980198,1.0,-0.0,0,0
650,0.0,0.0019801980198019802,0.0198019801980198,1.0,-0.0,0,0
651,0.0,0.0019801980198019802,0.0198019801980198,1.0,-0.0,0,0
652,0.0,0.0,0.0,1.0,-0.0,0,0
653,0.0,0.0,0.0,1.0,-0.0,0,0
654,0.0,0.0,0.0,1.0,-0.0,0,0
655,0.0,0.0,0.0,1.0,-0.0,0,0
656,0.0,0.0,0.0,1.0,-0.0,0,0
657,0.0,0.0,0.0,1.0,-0.0,0,0
658,0.0,0.0,0.0,1.0,-0.0,0,0
659,0.0,0.0,0.0,1.0,-0.0,0,0
660,0.0,0.0,0.0,1.0,-0.0,0,0
661,0.0,0.0039603960396039604,0.027863855998951064,1.0,-0.0,0,0
662,0.0,0.0039603960396039604,0.027863855998951064,1.0,-0.0,0,0
663,0.0,0.019801980198019802,0.06603299802191315,1.0,-0.0,0,0
664,0.0,0.039603960396039604,0.09342674148186496,1.0,-0.0,0,0
665,0.0,0.039603960396039604,0.09342674148186496,1.0,-0.0,0,0
666,0.0,0.03564356435643565,0.09074407316744237,1.0,-0.0,0,0
667,0.0,0.05346534653465347,0.10104832334394513,1.0,-0.0,0,0
668,0.0,0.03762376237623763,0.08307396817189319,1.0,-0.0,0,0
669,0.0,0.04554455445544555,0.09700949476369022,1.0,-0.0,0,0
670,0.0,0.06930693069306931,0.1272267596372991,1.0,-0.0,0,0
671,0.0,0.06930693069306931,0.1272267596372991,1.0,-0.0,0,0
672,0.0,0.05148514851485149,0.11485148514851484,1.0,-0.0,0,0
673,0.0,0.05148514851485149,0.11485148514851484,1.0,-0.0,0,0
674,0.0,0.023762376237623766,0.081018901170213,1.0,-0.0,0,0
675,0.0,0.0,0.0,1.0,-0.0,0,0
676,0.0,0.0,0.0,1.0,-0.0,0,0
677,0.0,0.021782178217821784,0.06836703565002801,1.0,-0.0,0,0
678,0.0,0.027722772277227727,0.07461957893630407,1.0,-0.0,0,0
679,0.0,0.04356435643564357,0.09164702150816742,1.0,-0.0,0,0
680,0.0,0.05346534653465347,0.10860442931328383,1.0,-0.0,0,0
681,0.0,0.05346534653465347,0.10860442931328383,1.0,-0.0,0,0
682,0.0,0.031683168316831684,0.07826167463512675,1.0,-0.0,0,0
683,0.0,0.025742574257425745,0.06697637435757531,1.0,-0.0,0,0
684,0.0,0.019801980198019802,0.059735061897023205,1.0,-0.0,0,0
685,0.0,0.009900990099009901,0.04338396495090424,1.0,-0.0,0,0
686,0.0,0.015841584158415842,0.06090517425437505,1.0,-0.0,0,0
687,0.0,0.033663366336633666,0.08930671115865095,1.0,-0.0,0,0
688,0.0,0.033663366336633666,0.08930671115865095,1.0,-0.0,0,0
689,0.0,0.023762376237623766,0.07056843438101175,1.0,-0.0,0,0
690,0.0,0.03762376237623762,0.09631989312487374,1.0,-0.0,0,0
691,0.0,0.031683168316831684,0.08780118525701133,1.0,-0.0,0,0
692,0.0,0.013861386138613863,0.05807080514303042,1.0,-0.0,0,0
693,0.0,0.013861386138613863,0.05807080514303042,1.0,-0.0,0,0
694,0.0,0.013861386138613863,0.05807080514303042,1.0,-0.0,0,0
695,0.0,0.0,0.0,1.0,-0.0,0,0
696,0.0,0.025742574257425745,0.06697637435757531,1.0,-0.0,0,0
697,0.0,0.025742574257425745,0.06697637435757531,1.0,-0.0,0,0
698,0.0,0.025742574257425745,0.06697637435757531,1.0,-0.0,0,0
699,0.0,0.12673267326732673,0.15083338726765974,1.0,-0.0,0,0
700,0.0,0.12673267326732673,0.15083338726765974,1.0,-0.0,0,0
701,0.0,0.1188118811881188,0.14939672169394075,1.0,-0.0,0,0
702,0.0,0.1584158415841584,0.17192407185067915,1.0,-0.0,0,0
703,0.0,0.1584158415841584,0.17192407185067915,1.0,-0.0,0,0
704,0.0,0.05544554455445545,0.1094316980566186,1.0,-0.0,0,0
705,0.0,0.05544554455445545,0.1094316980566186,1.0,-0.0,0,0
706,0.0,0.04752475247524753,0.09397077637785879,1.0,-0.0,0,0
707,0.0,0.009900990099009901,0.04338396495090424,1.0,-0.0,0,0
708,0.0,0.009900990099009901,0.04338396495090424,1.0,-0.0,0,0
709,0.0,0.009900990099009901,0.04338396495090424,1.0,-0.0,0,0
710,0.0,0.009900990099009901,0.04338396495090424,1.0,-0.0,0,0
711,0.0,0.19603960396039605,0.17114685494124277,1.0,-0.0,0,0
712,0.0,0.19603960396039605,0.17114685494124277,1.0,-0.0,0,0
713,0.0,0.27326732673267323,0.19644921703344012,1.0,-0.0,0,0
714,0.0,0.27524752475247527,0.19670852971386363,1.0,-0.0,0,0
715,0.0,0.2772277227722772,0.2009291230727259,1.0,-0.0,0,0
716,0.0,0.08712871287128714,0.13024224675172555,1.0,-0.0,0,0
717,0.0,0.08712871287128714,0.13024224675172555,1.0,-0.0,0,0
718,0.0,0.047524752475247525,0.10205226714237722,1.0,-0.0,0,0
719,0.0,0.17821782178217818,0.17777723316802727,1.0,-0.0,0,0
720,0.0,0.20792079207920788,0.1927822186435128,1.0,-0.0,0,0
721,0.0,0.20198019801980194,0.189830668692386,1.0,-0.0,0,0
722,0.0,0.22178217821782173,0.19478546736408614,1.0,-0.0,0,0
723,0.0,0.18415841584158413,0.17951125796479814,1.0,-0.0,0,0
724,0.0,0.07524752475247526,0.12851469892742934,1.0,-0.0,0,0
725,0.0,0.05544554455445545,0.10575073206193022,1.0,-0.0,0,0
726,0.0,0.05544554455445545,0.10575073206193022,1.0,-0.0,0,0
727,0.0,0.0613861386138614,0.11166631429601336,1.0,-0.0,0,0
728,0.0,0.0613861386138614,0.11166631429601336,1.0,-0.0,0,0
729,0.0,0.041584158415841586,0.09467748980500532,1.0,-0.0,0,0
730,0.0,0.041584158415841586,0.08590499787518362,1.0,-0.0,0,0
731,0.0,0.06930693069306931,0.10693069306930696,1.0,-0.0,0,0
732,0.0,0.07326732673267328,0.10425700262248065,1.0,-0.0,0,0
733,0.0,0.13267326732673265,0.15486110729518537,1.0,-0.0,0,0
734,0.0,0.12673267326732673,0.15599637537608815,1.0,-0.0,0,0
735,0.0,0.12673267326732673,0.1534365990321625,1.0,-0.0,0,0
736,0.0,0.09900990099009899,0.14521752172118102,1.0,-0.0,0,0
737,0.0,0.06930693069306931,0.12722675963729912,1.0,-0.0,0,0
738,0.0,0.011881188118811883,0.05501958015623684,1.0,-0.0,0,0
739,0.0,0.011881188118811883,0.05501958015623684,1.0,-0.0,0,0
740,0.0,0.0,0.0,1.0,-0.0,0,0
741,0.0,0.0,0.0,1.0,-0.0,0,0
742,0.0,0.0,0.0,1.0,-0.0,0,0
743,0.0,0.0,0.0,1.0,-0.0,0,0
744,0.0,0.0,0.0,1.0,-0.0,0,0
745,0.0,0.0,0.0,1.0,-0.0,0,0
746,0.0,0.0019801980198019802,0.0198019801980198,1.0,-0.0,0,0
747,0.0,0.0019801980198019802,0.0198019801980198,1.0,-0.0,0,0
748,0.0,0.017821782178217824,0.0749865197178673,1.0,-0.0,0,0
749,0.0,0.025742574257425748,0.08283762638951243,1.0,-0.0,0,0
750,0.0,0.025742574257425748,0.08283762638951243,1.0,-0.0,0,0
751,0.0,0.03762376237623763,0.08771182015980238,1.0,-0.0,0,0
752,0.0,0.04950495049504951,0.10304643034659552,1.0,-0.0,0,0
753,0.0,0.0712871287128713,0.10747934055534188,1.0,-0.0,0,0
754,0.0,0.07722772277227723,0.11593886073904516,1.0,-0.0,0,0
755,0.0,0.10297029702970298,0.13084299831035082,1.0,-0.0,0,0
756,0.0,0.0891089108910891,0.12097048989545554,1.0,-0.0,0,0
757,0.0,0.07722772277227723,0.11593886073904514,1.0,-0.0,0,0
758,0.0,0.05940594059405942,0.10357779667819425,1.0,-0.0,0,0
759,0.0,0.05148514851485149,0.09607532254026299,1.0,-0.0,0,0
760,0.0,0.031683168316831684,0.07826167463512675,1.0,-0.0,0,0
761,0.0,0.03762376237623763,0.08771182015980238,1.0,-0.0,0,0
762,0.0,0.03762376237623763,0.08771182015980238,1.0,-0.0,0,0
763,0.0,0.041584158415841586,0.0987719913927915,1.0,-0.0,0,0
764,0.0,0.049504950495049514,0.1068206254198905,1.0,-0.0,0,0
765,0.0,0.05544554455445545,0.11299281281336322,1.0,-0.0,0,0
766,0.0,0.05544554455445545,0.10575073206193021,1.0,-0.0,0,0
767,0.0,0.0891089108910891,0.1420507440353343,1.0,-0.0,0,0
768,0.0,0.10297029702970295,0.14789308791950767,1.0,-0.0,0,0
769,0.0,0.13267326732673265,0.16715967992400224,1.0,-0.0,0,0
770,0.0,0.12079207920792079,0.1517663861889879,1.0,-0.0,0,0
771,0.0,0.11485148514851483,0.15246238855382302,1.0,-0.0,0,0
772,0.0,0.08118811881188118,0.1264228887090089,1.0,-0.0,0,0
773,0.0,0.04356435643564357,0.08721867542790196,1.0,-0.0,0,0
774,0.0,0.0,0.0,1.0,-0.0,0,0
775,0.0,0.0,0.0,1.0,-0.0,0,0
776,0.0,0.0,0.0,1.0,-0.0,0,0
777,0.0,0.021782178217821784,0.06836703565002801,1.0,-0.0,0,0
778,0.0,0.04554455445544555,0.09700949476369022,1.0,-0.0,0,0
779,0.0,0.04554455445544555,0.09700949476369022,1.0,-0.0,0,0
780,0.0,0.04554455445544555,0.09700949476369022,1.0,-0.0,0,0
781,0.0,0.04554455445544555,0.09700949476369022,1.0,-0.0,0,0
782,0.0,0.023762376237623766,0.06471340450838887,1.0,-0.0,0,0
783,0.0,0.0,0.0,1.0,-0.0,0,0
784,0.0,0.033663366336633666,0.08475617647141663,1.0,-0.0,0,0
785,0.0,0.03762376237623763,0.09211646217515253,1.0,-0.0,0,0
786,0.0,0.03762376237623763,0.09211646217515253,1.0,-0.0,0,0
787,0.0,0.03762376237623763,0.09211646217515253,1.0,-0.0,0,0
788,0.0,0.03762376237623763,0.09211646217515253,1.0,-0.0,0,0
789,0.0,0.027722772277227727,0.06910862719451544,1.0,-0.0,0,0
790,0.0,0.023762376237623766,0.06471340450838887,1.0,-0.0,0,0
791,0.0,0.03564356435643565,0.07653920035678292,1.0,-0.0,0,0
792,0.0,0.06336633663366337,0.09721138779115705,1.0,-0.0,0,0
793,0.0,0.06336633663366337,0.09721138779115705,1.0,-0.0,0,0
794,0.0,0.039603960396039604,0.07970143286137867,1.0,-0.0,0,0
795,0.0,0.06534653465346535,0.10189845806153354,1.0,-0.0,0,0
796,0.0,0.0613861386138614,0.10046456153636296,1.0,-0.0,0,0
797,0.0,0.10495049504950495,0.13957235791450373,1.0,-0.0,0,0
798,0.0,0.10495049504950495,0.13957235791450373,1.0,-0.0,0,0
799,0.0,0.31386138613861386,0.23757425226790227,1.0,-0.0,0,0
800,0.0,0.3069306930693069,0.23808536024061996,1.0,-0.0,0,0
801,0.0,0.299009900990099,0.23818415768324583,1.0,-0.0,0,0
802,0.0,0.22772277227722768,0.19706701472672838,1.0,-0.0,0,0
803,0.0,0.22772277227722768,0.19706701472672838,1.0,-0.0,0,0
804,0.0,0.019801980198019802,0.0597350618970232,1.0,-0.0,0,0
805,0.0,0.20792079207920797,0.208570413741934,1.0,-0.0,0,0
806,0.0,0.20792079207920797,0.208570413741934,1.0,-0.0,0,0
807,0.0,0.20792079207920797,0.208570413741934,1.0,-0.0,0,0
808,0.0,0.20792079207920797,0.208570413741934,1.0,-0.0,0,0
809,0.0,0.20792079207920797,0.208570413741934,1.0,-0.0,0,0
810,0.0,0.0,0.0,1.0,-0.0,0,0
811,0.0,0.013861386138613863,0.05079507064705211,1.0,-0.0,0,0
812,0.0,0.013861386138613863,0.05079507064705211,1.0,-0.0,0,0
813,0.0,0.013861386138613863,0.05079507064705211,1.0,-0.0,0,0
814,0.0,0.03960396039603961,0.08908690597387718,1.0,-0.0,0,0
815,0.0,0.05148514851485149,0.096075322540263,1.0,-0.0,0,0
816,0.0,0.08712871287128714,0.13024224675172555,1.0,-0.0,0,0
817,0.0,0.09306930693069307,0.13368903310588715,1.0,-0.0,0,0
818,0.0,0.09306930693069307,0.13368903310588715,1.0,-0.0,0,0
819,0.0,0.06732673267326733,0.12032045569079852,1.0,-0.0,0,0
820,0.0,0.16237623762376235,0.1817688038394126,1.0,-0.0,0,0
821,0.0,0.12079207920792076,0.1517663861889879,1.0,-0.0,0,0
822,0.0,0.13069306930693067,0.1500775867049221,1.0,-0.0,0,0
823,0.0,0.13069306930693067,0.1500775867049221,1.0,-0.0,0,0
824,0.0,0.13465346534653466,0.15184387732816487,1.0,-0.0,0,0
825,0.0,0.03564356435643565,0.08626938974571076,1.0,-0.0,0,0
826,0.0,0.031683168316831684,0.0730260947112308,1.0,-0.0,0,0
827,0.0,0.017821782178217824,0.056980176514606566,1.0,-0.0,0,0
828,0.0,0.017821782178217824,0.056980176514606566,1.0,-0.0,0,0
829,0.0,0.057425742574257435,0.09885135821266286,1.0,-0.0,0,0
830,0.0,0.05148514851485149,0.09186070102766894,1.0,-0.0,0,0
831,0.0,0.04554455445544555,0.08846854615322249,1.0,-0.0,0,0
832,0.0,0.07326732673267328,0.1115960618107356,1.0,-0.0,0,0
833,0.0,0.07326732673267328,0.1115960618107356,1.0,-0.0,0,0
834,0.0,0.0297029702970297,0.07648795214189293,1.0,-0.0,0,0
835,0.0,0.027722772277227727,0.07461957893630407,1.0,-0.0,0,0
836,0.0,0.027722772277227727,0.07461957893630407,1.0,-0.0,0,0
837,0.0,0.0,0.0,1.0,-0.0,0,0
838,0.0,0.0,0.0,1.0,-0.0,0,0
839,0.0,0.0,0.0,1.0,-0.0,0,0
840,0.0,0.0,0.0,1.0,-0.0,0,0
841,0.0,0.0,0.0,1.0,-0.0,0,0
842,0.0,0.0,0.0,1.0,-0.0,0,0
843,0.0,0.0,0.0,1.0,-0.0,0,0
844,0.0,0.0,0.0,1.0,-0.0,0,0
845,0.0,0.011881188118811883,0.047276579747775535,1.0,-0.0,0,0
846,0.0,0.11287128712871287,0.13324834725751067,1.0,-0.0,0,0
847,0.0,0.11287128712871287,0.13324834725751067,1.0,-0.0,0,0
848,0.0,0.11287128712871287,0.13324834725751067,1.0,-0.0,0,0
849,0.0,0.11287128712871287,0.13324834725751067,1.0,-0.0,0,0
850,0.0,0.1188118811881188,0.13549532985786933,1.0,-0.0,0,0
851,0.0,0.017821782178217824,0.05698017651460656,1.0,-0.0,0,0
852,0.0,0.0712871287128713,0.11801714396634724,1.0,-0.0,0,0
853,0.0,0.0712871287128713,0.11801714396634724,1.0,-0.0,0,0
854,0.0,0.0712871287128713,0.11801714396634724,1.0,-0.0,0,0
855,0.0,0.05346534653465347,0.09287951999650357,1.0,-0.0,0,0
856,0.0,0.05346534653465347,0.09287951999650357,1.0,-0.0,0,0
857,0.0,0.01386138613861386,0.05079507064705211,1.0,-0.0,0,0
858,0.0,0.01386138613861386,0.05079507064705211,1.0,-0.0,0,0
859,0.0,0.01386138613861386,0.05079507064705211,1.0,-0.0,0,0
860,0.0,0.05346534653465347,0.08851285797476045,1.0,-0.0,0,0
861,0.0,0.10693069306930694,0.13948804962658476,1.0,-0.0,0,0
862,0.0,0.09306930693069307,0.13948804962658476,1.0,-0.0,0,0
863,0.0,0.10099009900990098,0.14246420394934614,1.0,-0.0,0,0
864,0.0,0.10495049504950496,0.14238160801780242,1.0,-0.0,0,0
865,0.0,0.07326732673267328,0.11509022642946842,1.0,-0.0,0,0
866,0.0,0.019801980198019802,0.059735061897023205,1.0,-0.0,0,0
867,0.0,0.019801980198019802,0.059735061897023205,1.0,-0.0,0,0
868,0.0,0.025742574257425745,0.07264925278354116,1.0,-0.0,0,0
869,0.0,0.02970297029702971,0.07648795214189293,1.0,-0.0,0,0
870,0.0,0.021782178217821784,0.06230547612891991,1.0,-0.0,0,0
871,0.0,0.021782178217821784,0.06230547612891991,1.0,-0.0,0,0
872,0.0,0.021782178217821784,0.06230547612891991,1.0,-0.0,0,0
873,0.0,0.007920792079207921,0.03900537743285588,1.0,-0.0,0,0
874,0.0,0.0,0.0,1.0,-0.0,0,0
875,0.0,0.011881188118811883,0.047276579747775535,1.0,-0.0,0,0
876,0.0,0.025742574257425745,0.0669763743575753,1.0,-0.0,0,0
877,0.0,0.03762376237623763,0.08307396817189319,1.0,-0.0,0,0
878,0.0,0.04356435643564357,0.08721867542790195,1.0,-0.0,0,0
879,0.0,0.04356435643564357,0.08721867542790195,1.0,-0.0,0,0
880,0.0,0.031683168316831684,0.07826167463512675,1.0,-0.0,0,0
881,0.0,0.025742574257425745,0.07264925278354116,1.0,-0.0,0,0
882,0.0,0.05346534653465348,0.10104832334394513,1.0,-0.0,0,0
883,0.0,0.04752475247524753,0.0939707763778588,1.0,-0.0,0,0
884,0.0,0.04752475247524753,0.0939707763778588,1.0,-0.0,0,0
885,0.0,0.04752475247524753,0.0939707763778588,1.0,-0.0,0,0
886,0.0,0.09108910891089109,0.12750384183766536,1.0,-0.0,0,0
887,0.0,0.05148514851485149,0.10773441987117181,1.0,-0.0,0,0
888,0.0,0.05148514851485149,0.10773441987117181,1.0,-0.0,0,0
889,0.0,0.05148514851485149,0.10773441987117181,1.0,-0.0,0,0
890,0.0,0.05148514851485149,0.10773441987117181,1.0,-0.0,0,0
891,0.0,0.0059405940594059415,0.033953323167291584,1.0,-0.0,0,0
892,0.0,0.0059405940594059415,0.033953323167291584,1.0,-0.0,0,0
893,0.0,0.0059405940594059415,0.033953323167291584,1.0,-0.0,0,0
894,0.0,0.0059405940594059415,0.033953323167291584,1.0,-0.0,0,0
895,0.0,0.0059405940594059415,0.033953323167291584,1.0,-0.0,0,0
896,0.0,0.007920792079207921,0.03900537743285588,1.0,-0.0,0,0
897,0.0,0.019801980198019802,0.0597350618970232,1.0,-0.0,0,0
898,0.0,0.023762376237623766,0.07056843438101175,1.0,-0.0,0,0
899,0.0,0.023762376237623766,0.07056843438101175,1.0,-0.0,0,0
900,0.0,0.023762376237623766,0.07056843438101175,1.0,-0.0,0,0
901,0.0,0.015841584158415842,0.06090517425437505,1.0,-0.0,0,0
902,0.0,0.0039603960396039604,0.027863855998951064,1.0,-0.0,0,0
903,0.0,0.0,0.0,1.0,-0.0,0,0
904,0.0,0.0,0.0,1.0,-0.0,0,0
905,0.0,0.0059405940594059415,0.03395332316729158,1.0,-0.0,0,0
906,0.0,0.0059405940594059415,0.03395332316729158,1.0,-0.0,0,0
907,0.0,0.0059405940594059415,0.03395332316729158,1.0,-0.0,0,0
908,0.0,0.023762376237623766,0.06471340450838889,1.0,-0.0,0,0
909,0.0,0.043564356435643575,0.08721867542790195,1.0,-0.0,0,0
910,0.0,0.039603960396039604,0.07970143286137865,1.0,-0.0,0,0
911,0.0,0.04554455445544555,0.08387254884969257,1.0,-0.0,0,0
912,0.0,0.049504950495049514,0.09078727434730813,1.0,-0.0,0,0
913,0.0,0.031683168316831684,0.07826167463512675,1.0,-0.0,0,0
914,0.0,0.011881188118811883,0.047276579747775535,1.0,-0.0,0,0
915,0.0,0.009900990099009901,0.04338396495090424,1.0,-0.0,0,0
916,0.0,0.0039603960396039604,0.027863855998951068,1.0,-0.0,0,0
917,0.0,0.05544554455445545,0.1129928128133632,1.0,-0.0,0,0
918,0.0,0.06732673267326733,0.12673267326732673,1.0,-0.0,0,0
919,0.0,0.07524752475247526,0.13156027914354926,1.0,-0.0,0,0
920,0.0,0.0910891089108911,0.14218869759220787,1.0,-0.0,0,0
921,0.0,0.0910891089108911,0.14218869759220787,1.0,-0.0,0,0
922,0.0,0.05940594059405942,0.11096178792967841,1.0,-0.0,0,0
923,0.0,0.09900990099009901,0.1367914141716479,1.0,-0.0,0,0
924,0.0,0.10693069306930694,0.14776046024695158,1.0,-0.0,0,0
925,0.0,0.09108910891089109,0.13650445892763632,1.0,-0.0,0,0
926,0.0,0.11683168316831684,0.14696218071508493,1.0,-0.0,0,0
927,0.0,0.12673267326732673,0.1508333872676597,1.0,-0.0,0,0
928,0.0,0.07524752475247524,0.10845991237726063,1.0,-0.0,0,0
929,0.0,0.0594059405940594,0.10357779667819421,1.0,-0.0,0,0
930,0.0,0.0594059405940594,0.10357779667819421,1.0,-0.0,0,0
931,0.0,0.04356435643564357,0.0916470215081674,1.0,-0.0,0,0
932,0.0,0.009900990099009901,0.04338396495090424,1.0,-0.0,0,0
933,0.0,0.013861386138613863,0.05079507064705211,1.0,-0.0,0,0
934,0.0,0.013861386138613863,0.05079507064705211,1.0,-0.0,0,0
935,0.0,0.013861386138613863,0.05079507064705211,1.0,-0.0,0,0
936,0.0,0.0039603960396039604,0.027863855998951068,1.0,-0.0,0,0
937,0.0,0.03960396039603961,0.08452453849668534,1.0,-0.0,0,0
938,0.0,0.03564356435643565,0.08154954567118416,1.0,-0.0,0,0
939,0.0,0.03960396039603961,0.08908690597387718,1.0,-0.0,0,0
940,0.0,0.03960396039603961,0.08908690597387718,1.0,-0.0,0,0
941,0.0,0.03960396039603961,0.08908690597387718,1.0,-0.0,0,0
942,0.2,0.04356435643564357,0.10755228209109126,0.07290277293308181,1.1372559525238224,0,0
943,0.2,0.04356435643564357,0.10755228209109126,0.07290277293308181,1.1372559525238224,0,0
944,0.2,0.039603960396039604,0.09342674148186496,0.04300687269944552,1.3664621365845595,0,0
945,0.2,0.039603960396039604,0.09342674148186496,0.04300687269944552,1.3664621365845595,0,0
946,0.2,0.039603960396039604,0.09342674148186496,0.04300687269944552,1.3664621365845595,0,0
947,0.0,0.0,0.0,1.0,-0.0,0,0
948,0.0,0.0,0.0,1.0,-0.0,0,0
949,0.0,0.0039603960396039604,0.02786385599895107,1.0,-0.0,0,0
950,0.0,0.0039603960396039604,0.02786385599895107,1.0,-0.0,0,0
951,0.0,0.0039603960396039604,0.02786385599895107,1.0,-0.0,0,0
952,0.0,0.0039603960396039604,0.02786385599895107,1.0,-0.0,0,0
953,0.0,0.0039603960396039604,0.02786385599895107,1.0,-0.0,0,0
954,0.0,0.0,0.0,1.0,-0.0,0,0
955,0.0,0.027722772277227727,0.07461957893630407,1.0,-0.0,0,0
956,0.0,0.04950495049504951,0.10304643034659552,1.0,-0.0,0,0
957,0.0,0.057425742574257435,0.11021718851545144,1.0,-0.0,0,0
958,0.0,0.06534653465346535,0.11295810453031022,1.0,-0.0,0,0
959,0.0,0.06732673267326733,0.1135467024699521,1.0,-0.0,0,0
960,0.0,0.03960396039603961,0.07970143286137867,1.0,-0.0,0,0
961,0.0,0.017821782178217824,0.05698017651460656,1.0,-0.0,0,0
962,0.0,0.023762376237623766,0.06471340450838889,1.0,-0.0,0,0
963,0.0,0.015841584158415842,0.05401260078014202,1.0,-0.0,0,0
964,0.0,0.013861386138613863,0.050795070647052104,1.0,-0.0,0,0
965,0.0,0.013861386138613863,0.050795070647052104,1.0,-0.0,0,0
966,0.0,0.013861386138613863,0.050795070647052104,1.0,-0.0,0,0
967,0.0,0.0,0.0,1.0,-0.0,0,0
968,0.0,0.0,0.0,1.0,-0.0,0,0
969,0.0,0.0,0.0,1.0,-0.0,0,0
970,0.2,0.0039603960396039604,0.027863855998951068,9.91868616164111e-13,12.003545851085573,0,0
971,0.2,0.0039603960396039604,0.027863855998951068,9.91868616164111e-13,12.003545851085573,0,0
972,0.4,0.019801980198019802,0.0597350618970232,9.78116791754024e-11,10.009609285308553,0,0
973,0.4,0.019801980198019802,0.0597350618970232,9.78116791754024e-11,10.009609285308553,0,0
974,0.4,0.019801980198019802,0.0597350618970232,9.78116791754024e-11,10.009609285308553,0,0
975,0.2,0.015841584158415842,0.05401260078014202,0.00032535620257014524,3.4876409094885674,0,0
976,0.2,0.015841584158415842,0.05401260078014202,0.00032535620257014524,3.4876409094885674,0,0
977,0.0,0.0,0.0,1.0,-0.0,0,0
978,0.2,0.019801980198019802,0.059735061897023205,0.001278047474114718,2.8934530136556162,0,0
979,0.2,0.019801980198019802,0.059735061897023205,0.001278047474114718,2.8934530136556162,0,0
980,0.2,0.019801980198019802,0.059735061897023205,0.001278047474114718,2.8934530136556162,0,0
981,0.2,0.019801980198019802,0.059735061897023205,0.001278047474114718,2.8934530136556162,0,0
982,0.2,0.019801980198019802,0.059735061897023205,0.001278047474114718,2.8934530136556162,0,0
983,0.0,0.0,0.0,1.0,-0.0,0,0
984,0.0,0.0,0.0,1.0,-0.0,0,0
985,0.0,0.0,0.0,1.0,-0.0,0,0
986,0.0,0.0,0.0,1.0,-0.0,0,0
987,0.0,0.0,0.0,1.0,-0.0,0,0
988,0.0,0.0,0.0,1.0,-0.0,0,0
989,0.0,0.0,0.0,1.0,-0.0,0,0
990,0.0,0.0,0.0,1.0,-0.0,0,0
991,0.0,0.0,0.0,1.0,-0.0,0,0
992,0.0,0.0,0.0,1.0,-0.0,0,0
993,0.0,0.0,0.0,1.0,-0.0,0,0
994,0.0,0.0,0.0,1.0,-0.0,0,0
995,0.0,0.0,0.0,1.0,-0.0,0,0
996,0.0,0.0,0.0,1.0,-0.0,0,0
997,0.0,0.0,0.0,1.0,-0.0,0,0
998,0.2,0.09702970297029702,0.1505471509603819,0.24699587585463012,0.6073102981918718,0,0
999,0.4,0.15247524752475247,0.18053499120857794,0.08517774018888892,1.06967388617486,0,0
1000,0.4,0.16237623762376235,0.18176880383941263,0.09555784537750074,1.01973365121194,0,0
1001,0.4,0.16237623762376235,0.18176880383941263,0.09555784537750074,1.01973365121194,0,0
1002,0.8,0.19999999999999998,0.2048906977385796,0.0017036083854145595,2.7686302309308144,0,0
1003,0.6,0.10495049504950495,0.14513649268759363,0.00032371601193675745,3.489835818596205,0,0
1004,0.8,0.14059405940594058,0.15554326246855826,1.1207237172028685e-05,4.95050143725593,0,0
1005,1.0,0.15247524752475247,0.15957496727054085,5.447124698191912e-08,7.263832682535429,0,0
1006,1.2,0.17623762376237626,0.17640441545600072,3.2473089234219843e-09,8.488476394048574,0,0
1007,0.8,0.13861386138613863,0.15856428688449586,1.5157209412651139e-05,4.819380749115878,0,0
1008,0.8,0.13267326732673268,0.15989409297573345,1.4994185305767437e-05,4.824077126224669,0,0
1009,0.4,0.04554455445544554,0.1010095108503513,0.00022478804701096564,3.6482267858751958,0,0
1010,0.6,0.09306930693069307,0.14505541839059363,0.00023726359743231,3.6247688890351153,0,0
1011,0.4,0.10891089108910891,0.13937555924568534,0.018375325996014606,1.735764947372236,0,0
1012,0.4,0.1485148514851485,0.16082329112274815,0.05893980551558983,1.229591301530639,0,0
1013,0.4,0.1485148514851485,0.16082329112274815,0.05893980551558983,1.229591301530639,0,0
1014,0.6,0.2217821782178218,0.22320969157959364,0.045089834601653084,1.3459213577677502,0,0
1015,0.2,0.1603960396039604,0.19904684155451982,0.42114387164310607,0.3755695146470173,0,0
1016,0.2,0.1881188118811881,0.17981680926331076,0.4736595167016665,0.32453373248631356,0,0
1017,0.2,0.1504950495049505,0.16508249505478284,0.38213431772998396,0.41778395856515443,0,0
1018,0.2,0.16831683168316827,0.17287933929280913,0.42729405778134905,0.36927314671173983,0,0
1019,0.0,0.09306930693069305,0.12448501897427097,1.0,-0.0,0,0
1020,0.2,0.09900990099009899,0.1308729634998678,0.2201564018743143,0.6572686812775224,0,0
1021,0.2,0.031683168316831684,0.07826167463512675,0.015750221703151112,1.8027133286186672,0,0
1022,0.2,0.033663366336633666,0.07994704648786674,0.018735949469970602,1.7273242935431963,0,0
1023,0.4,0.02970297029702971,0.07648795214189293,6.451360324816492e-07,6.19034870098158,0,0
1024,0.4,0.05346534653465346,0.10489443673781407,0.00047717209993902216,3.321324957283242,0,0
1025,0.2,0.04356435643564357,0.09164702150816742,0.043916930442951946,1.3573680223438191,0,0
1026,0.4,0.05544554455445545,0.1019369320889802,0.0003623305243434886,3.4408950775152025,0,0
1027,0.4,0.06930693069306931,0.11751770396006173,0.002446574726960859,2.6114415148269434,0,0
1028,0.2,0.05544554455445545,0.10575073206193022,0.08582272375636786,1.066397706377696,0,0
1029,0.2,0.031683168316831684,0.07826167463512675,0.015750221703151112,1.8027133286186672,0,0
1030,0.2,0.04950495049504951,0.09078727434730813,0.0486923704021295,1.312539082970909,0,0
1031,0.0,0.03762376237623763,0.07816140339006158,1.0,-0.0,0,0
1032,0.0,0.021782178217821784,0.06230547612891991,1.0,-0.0,0,0
1033,0.0,0.03564356435643565,0.07653920035678292,1.0,-0.0,0,0
1034,0.0,0.03564356435643565,0.07653920035678292,1.0,-0.0,0,0
1035,0.0,0.013861386138613863,0.05079507064705211,1.0,-0.0,0,0
1036,0.0,0.03564356435643565,0.09074407316744236,1.0,-0.0,0,0
1037,0.0,0.03762376237623763,0.09631989312487373,1.0,-0.0,0,0
1038,0.2,0.03762376237623763,0.08771182015980238,0.03206701867154286,1.4939414153345645,0,0
1039,0.2,0.03762376237623763,0.08771182015980238,0.03206701867154286,1.4939414153345645,0,0
1040,0.2,0.03762376237623763,0.08771182015980238,0.03206701867154286,1.4939414153345645,0,0
1041,0.2,0.025742574257425748,0.07264925278354116,0.008228653963589683,2.084671200510097,0,0
1042,0.2,0.05148514851485149,0.10773441987117183,0.08402025455510505,1.0756160070195218,0,0
1043,0.2,0.03762376237623763,0.08307396817189318,0.025315250600093615,1.5966177690988217,0,0
1044,0.2,0.03762376237623763,0.08307396817189318,0.025315250600093615,1.5966177690988217,0,0
1045,0.2,0.03762376237623763,0.08307396817189318,0.025315250600093615,1.5966177690988217,0,0
1046,0.2,0.0594059405940594,0.11447531431916541,0.10969336149637444,0.9598196545832711,0,0
1047,0.2,0.05148514851485149,0.10773441987117183,0.08402025455510505,1.0756160070195218,0,0
1048,0.0,0.05148514851485149,0.10773441987117183,1.0,-0.0,0,0
1049,0.0,0.05148514851485149,0.10773441987117183,1.0,-0.0,0,0
1050,0.0,0.08514851485148514,0.1269490726718781,1.0,-0.0,0,0
1051,0.0,0.0712871287128713,0.12454800153280307,1.0,-0.0,0,0
1052,0.0,0.06930693069306931,0.12407485305204392,1.0,-0.0,0,0
1053,0.0,0.07326732673267328,0.12498799079651088,1.0,-0.0,0,0
1054,0.0,0.07326732673267328,0.12498799079651088,1.0,-0.0,0,0
1055,0.0,0.03960396039603961,0.08908690597387718,1.0,-0.0,0,0
1056,0.0,0.021782178217821784,0.062305476128919915,1.0,-0.0,0,0
1057,0.4,0.08514851485148514,0.12379009590564581,0.00548849718301156,2.260546554360663,0,0
1058,0.4,0.09702970297029702,0.12142344330103676,0.006295108153103138,2.2009968040958476,0,0
1059,0.4,0.09702970297029702,0.12142344330103676,0.006295108153103138,2.2009968040958476,0,0
1060,0.4,0.09702970297029702,0.12142344330103676,0.006295108153103138,2.2009968040958476,0,0
1061,0.4,0.09702970297029702,0.12142344330103676,0.006295108153103138,2.2009968040958476,0,0
1062,0.0,0.015841584158415842,0.05401260078014202,1.0,-0.0,0,0
1063,0.0,0.0,0.0,1.0,-0.0,0,0
1064,0.0,0.0,0.0,1.0,-0.0,0,0
1065,0.0,0.007920792079207921,0.03900537743285587,1.0,-0.0,0,0
1066,0.0,0.007920792079207921,0.03900537743285587,1.0,-0.0,0,0
1067,0.0,0.007920792079207921,0.03900537743285587,1.0,-0.0,0,0
1068,0.0,0.013861386138613863,0.05079507064705211,1.0,-0.0,0,0
1069,0.0,0.013861386138613863,0.05079507064705211,1.0,-0.0,0,0
1070,0.0,0.0059405940594059415,0.033953323167291584,1.0,-0.0,0,0
1071,0.0,0.017821782178217824,0.0635517090529949,1.0,-0.0,0,0
1072,0.0,0.017821782178217824,0.0635517090529949,1.0,-0.0,0,0
1073,0.0,0.011881188118811881,0.05501958015623685,1.0,-0.0,0,0
1074,0.0,0.015841584158415842,0.06090517425437505,1.0,-0.0,0,0
1075,0.0,0.021782178217821784,0.06836703565002801,1.0,-0.0,0,0
1076,0.0,0.009900990099009901,0.04338396495090424,1.0,-0.0,0,0
1077,0.2,0.07524752475247524,0.13156027914354923,0.17150024704312528,0.7657352500271067,0,0
1078,0.2,0.08712871287128712,0.14188502271424047,0.21315776641592055,0.6712988391832502,0,0
1079,0.2,0.08316831683168317,0.14146987009498416,0.20444701771427093,0.6894192201533336,0,0
1080,0.2,0.07722772277227724,0.1406358883529878,0.19133706817922974,0.7182008849324933,0,0
1081,0.2,0.07722772277227724,0.1406358883529878,0.19133706817922974,0.7182008849324933,0,0
1082,0.0,0.011881188118811883,0.05501958015623684,1.0,-0.0,0,0
1083,0.0,0.0891089108910891,0.13042276277287215,1.0,-0.0,0,0
1084,0.2,0.20198019801980194,0.2019607833806434,1.0,-0.0,0,0
1085,0.4,0.2376237623762376,0.2062640262970264,0.21557502638794673,0.6664015520665306,0,0
1086,0.4,0.2514851485148515,0.21183491675748647,0.2416241474951517,0.6168596652502175,0,0
1087,0.4,0.27326732673267334,0.23331069206418187,0.29349855356357885,0.5323940347260909,0,0
1088,0.4,0.18415841584158418,0.19022273201620324,0.12825509059688184,0.8919253882102218,0,0
1089,0.2,0.0712871287128713,0.11801714396634724,0.13771817209143733,0.8610087502417649,0,0
1090,0.0,0.03564356435643565,0.09074407316744237,1.0,-0.0,0,0
1091,0.0,0.02178217821782178,0.062305476128919915,1.0,-0.0,0,0
1092,0.0,0.0,0.0,1.0,-0.0,0,0
1093,0.0,0.05940594059405942,0.1178841668604928,1.0,-0.0,0,0
1094,0.0,0.05940594059405942,0.1178841668604928,1.0,-0.0,0,0
1095,0.0,0.05940594059405942,0.1178841668604928,1.0,-0.0,0,0
1096,0.0,0.05940594059405942,0.1178841668604928,1.0,-0.0,0,0
1097,0.0,0.08712871287128712,0.1332483472575107,1.0,-0.0,0,0
1098,0.2,0.09108910891089109,0.1503125521928582,0.2343601285972624,0.6301162723599205,0,0
1099,0.4,0.12277227722772277,0.166430902094659,0.04788433455359343,1.31980654357259,0,0
1100,0.6,0.1881188118811881,0.21585066744444448,0.02818419885002637,1.549994305706585,0,0
1101,0.8,0.2475247524752475,0.23403226459713514,0.009120735784972163,2.03997012499793,0,0
1102,0.8,0.22376237623762377,0.20350810179288586,0.002316353877732301,2.635195091142296,0,0
1103,0.6,0.22574257425742575,0.19018150025414607,0.02453999891011091,1.6101254608972309,0,0
1104,1.0,0.2039603960396039,0.18875348902641545,1.235948490170031e-05,4.907999628681727,0,0
1105,0.8,0.14059405940594058,0.16300289605747864,2.612101683237929e-05,4.583009920961439,0,0
1106,0.6,0.07920792079207921,0.12293186689242579,1.1355153559807404e-05,4.944806988284752,0,0
1107,0.6,0.07524752475247526,0.12219602867755655,8.76030758978262e-06,5.0574806447223235,0,0
1108,0.6,0.009900990099009901,0.04338396495090424,1e-17,17.0,0,0
1109,0.0,0.0,0.0,1.0,-0.0,0,0
1110,0.0,0.0,0.0,1.0,-0.0,0,0
1111,0.0,0.0,0.0,1.0,-0.0,0,0
1112,0.0,0.0,0.0,1.0,-0.0,0,0
1113,0.0,0.0,0.0,1.0,-0.0,0,0
1114,0.0,0.0,0.0,1.0,-0.0,0,0
1115,0.0,0.0,0.0,1.0,-0.0,0,0
1116,0.0,0.0,0.0,1.0,-0.0,0,0
1117,0.0,0.0,0.0,1.0,-0.0,0,0
1118,0.0,0.0,0.0,1.0,-0.0,0,0
1119,0.0,0.0,0.0,1.0,-0.0,0,0
1120,0.0,0.0,0.0,1.0,-0.0,0,0
1121,0.0,0.0,0.0,1.0,-0.0,0,0
1122,0.0,0.0,0.0,1.0,-0.0,0,0
1123,0.0,0.0,0.0,1.0,-0.0,0,0
1124,0.0,0.007920792079207921,0.03900537743285587,1.0,-0.0,0,0
1125,0.0,0.009900990099009901,0.04338396495090424,1.0,-0.0,0,0
1126,0.0,0.009900990099009901,0.04338396495090424,1.0,-0.0,0,0
1127,0.0,0.009900990099009901,0.04338396495090424,1.0,-0.0,0,0
1128,0.0,0.009900990099009901,0.04338396495090424,1.0,-0.0,0,0
1129,0.0,0.015841584158415842,0.05401260078014202,1.0,-0.0,0,0
1130,0.0,0.013861386138613863,0.05079507064705211,1.0,-0.0,0,0
1131,0.0,0.013861386138613863,0.05079507064705211,1.0,-0.0,0,0
1132,0.0,0.013861386138613863,0.05079507064705211,1.0,-0.0,0,0
1133,0.0,0.013861386138613863,0.05079507064705211,1.0,-0.0,0,0
1134,0.0,0.0,0.0,1.0,-0.0,0,0
1135,0.0,0.0,0.0,1.0,-0.0,0,0
1136,0.0,0.0,0.0,1.0,-0.0,0,0
1137,0.0,0.0019801980198019802,0.0198019801980198,1.0,-0.0,0,0
1138,0.0,0.0019801980198019802,0.0198019801980198,1.0,-0.0,0,0
1139,0.0,0.11089108910891086,0.15789518399405603,1.0,-0.0,0,0
1140,0.0,0.11089108910891086,0.15789518399405603,1.0,-0.0,0,0
1141,0.0,0.11089108910891086,0.15789518399405603,1.0,-0.0,0,0
1142,0.0,0.10891089108910887,0.15292463030738873,1.0,-0.0,0,0
1143,0.0,0.10891089108910887,0.15292463030738873,1.0,-0.0,0,0
1144,0.0,0.0,0.0,1.0,-0.0,0,0
1145,0.0,0.0,0.0,1.0,-0.0,0,0
1146,0.0,0.009900990099009901,0.04338396495090425,1.0,-0.0,0,0
1147,0.0,0.009900990099009901,0.04338396495090425,1.0,-0.0,0,0
1148,0.0,0.009900990099009901,0.04338396495090425,1.0,-0.0,0,0
1149,0.0,0.14059405940594058,0.1769814096752818,1.0,-0.0,0,0
1150,0.0,0.14059405940594058,0.1769814096752818,1.0,-0.0,0,0
1151,0.0,0.1306930693069307,0.1627380658321137,1.0,-0.0,0,0
1152,0.0,0.1306930693069307,0.1627380658321137,1.0,-0.0,0,0
1153,0.0,0.1306930693069307,0.1627380658321137,1.0,-0.0,0,0
1154,0.0,0.0,0.0,1.0,-0.0,0,0
1155,0.0,0.011881188118811883,0.047276579747775535,1.0,-0.0,0,0
1156,0.0,0.023762376237623766,0.06471340450838887,1.0,-0.0,0,0
1157,0.0,0.023762376237623766,0.06471340450838887,1.0,-0.0,0,0
1158,0.0,0.23366336633663368,0.22172913085532056,1.0,-0.0,0,0
1159,0.0,0.23366336633663368,0.22172913085532056,1.0,-0.0,0,0
1160,0.0,0.35841584158415846,0.2832859964570225,1.0,-0.0,0,0
1161,0.0,0.3465346534653465,0.26683489775612834,1.0,-0.0,0,0
1162,0.0,0.5762376237623762,0.34616670706395497,1.0,-0.0,0,0
1163,0.0,0.40594059405940597,0.29578617583901534,1.0,-0.0,0,0
1164,0.0,0.40594059405940597,0.29578617583901534,1.0,-0.0,0,0
1165,0.0,0.26930693069306927,0.2345176529729178,1.0,-0.0,0,0
1166,0.0,0.26930693069306927,0.2345176529729178,1.0,-0.0,0,0
1167,0.0,0.039603960396039604,0.0890869059738772,1.0,-0.0,0,0
1168,0.0,0.0,0.0,1.0,-0.0,0,0
1169,0.0,0.0,0.0,1.0,-0.0,0,0
1170,0.0,0.0,0.0,1.0,-0.0,0,0
1171,0.0,0.0,0.0,1.0,-0.0,0,0
1172,0.0,0.0,0.0,1.0,-0.0,0,0
1173,0.2,0.25742574257425743,0.21679325126203863,1.0,-0.0,0,0
1174,0.4,0.29306930693069305,0.22961760107034876,0.32071859273454545,0.4938758623729075,0,0
1175,0.4,0.29306930693069305,0.22961760107034876,0.32071859273454545,0.4938758623729075,0,0
1176,0.4,0.29306930693069305,0.22961760107034876,0.32071859273454545,0.4938758623729075,0,0
1177,0.4,0.3306930693069308,0.25397535323526066,0.39246949743956444,0.40619409078738333,0,0
1178,0.4,0.1069306930693069,0.1422989641443302,0.019721639053748248,1.7050569939375246,0,0
1179,0.2,0.0712871287128713,0.11801714396634724,0.13771817209143733,0.8610087502417649,0,0
1180,0.2,0.2871287128712871,0.25704465318311226,1.0,-0.0,0,0
1181,0.2,0.34059405940594056,0.27365448252548963,1.0,-0.0,0,0
1182,0.2,0.30297029702970296,0.2526906477774142,1.0,-0.0,0,0
1183,0.0,0.2693069306930693,0.22415631668191097,1.0,-0.0,0,0
1184,0.0,0.2693069306930693,0.22415631668191097,1.0,-0.0,0,0
1185,0.0,0.07920792079207921,0.10560230990870005,1.0,-0.0,0,0
1186,0.0,0.025742574257425748,0.0669763743575753,1.0,-0.0,0,0
1187,0.0,0.11089108910891088,0.14481192315867106,1.0,-0.0,0,0
1188,0.0,0.11089108910891088,0.14481192315867106,1.0,-0.0,0,0
1189,0.0,0.1524752475247525,0.16685445095398732,1.0,-0.0,0,0
1190,0.0,0.1603960396039604,0.1712384753198294,1.0,-0.0,0,0
1191,0.0,0.23168316831683167,0.21010638185665007,1.0,-0.0,0,0
1192,0.0,0.1465346534653465,0.1662423117767553,1.0,-0.0,0,0
1193,0.0,0.17029702970297028,0.18105551605009843,1.0,-0.0,0,0
1194,0.0,0.15643564356435644,0.20217424187089458,1.0,-0.0,0,0
1195,0.0,0.16237623762376235,0.1902845629074887,1.0,-0.0,0,0
1196,0.0,0.16435643564356434,0.19375607734491182,1.0,-0.0,0,0
1197,0.0,0.1801980198019802,0.2039315561653939,1.0,-0.0,0,0
1198,0.0,0.19009900990099005,0.19574936009912708,1.0,-0.0,0,0
1199,0.0,0.1643564356435643,0.17664875840130073,1.0,-0.0,0,0
1200,0.0,0.12277227722772273,0.15913204437912432,1.0,-0.0,0,0
1201,0.0,0.04950495049504951,0.0991286416695749,1.0,-0.0,0,0
1202,0.0,0.041584158415841586,0.08590499787518362,1.0,-0.0,0,0
1203,0.0,0.007920792079207921,0.03900537743285587,1.0,-0.0,0,0
1204,0.0,0.007920792079207921,0.03900537743285587,1.0,-0.0,0,0
1205,0.0,0.03564356435643565,0.08626938974571076,1.0,-0.0,0,0
1206,0.0,0.05544554455445545,0.1019369320889802,1.0,-0.0,0,0
1207,0.0,0.05346534653465347,0.09704990696905226,1.0,-0.0,0,0
1208,0.0,0.11089108910891088,0.13636075485692528,1.0,-0.0,0,0
1209,0.0,0.11089108910891088,0.13636075485692528,1.0,-0.0,0,0
1210,0.0,0.08316831683168316,0.11694909354640315,1.0,-0.0,0,0
1211,0.0,0.06336633663366337,0.09721138779115705,1.0,-0.0,0,0
1212,0.0,0.057425742574257435,0.09048443294095733,1.0,-0.0,0,0
1213,0.0,0.0,0.0,1.0,-0.0,0,0
1214,0.0,0.061386138613861385,0.10806149425459212,1.0,-0.0,0,0
1215,0.0,0.06930693069306931,0.11409790329416186,1.0,-0.0,0,0
1216,0.0,0.06930693069306931,0.11409790329416186,1.0,-0.0,0,0
1217,0.0,0.06930693069306931,0.11409790329416186,1.0,-0.0,0,0
1218,0.0,0.06930693069306931,0.11409790329416186,1.0,-0.0,0,0
1219,0.0,0.05544554455445545,0.10575073206193021,1.0,-0.0,0,0
1220,0.0,0.04752475247524753,0.09397077637785879,1.0,-0.0,0,0
1221,0.0,0.04752475247524753,0.09397077637785879,1.0,-0.0,0,0
1222,0.0,0.04752475247524753,0.09397077637785879,1.0,-0.0,0,0
1223,0.0,0.11881188118811878,0.14399729871443837,1.0,-0.0,0,0
1224,0.0,0.08118811881188118,0.13254020222321994,1.0,-0.0,0,0
1225,0.0,0.08118811881188118,0.13254020222321994,1.0,-0.0,0,0
1226,0.0,0.17227722772277226,0.18245781385805057,1.0,-0.0,0,0
1227,0.0,0.17227722772277226,0.18245781385805057,1.0,-0.0,0,0
1228,0.0,0.10099009900990098,0.14246420394934614,1.0,-0.0,0,0
1229,0.0,0.09108910891089109,0.13357165904190144,1.0,-0.0,0,0
1230,0.0,0.09108910891089109,0.13357165904190144,1.0,-0.0,0,0
1231,0.0,0.0019801980198019802,0.0198019801980198,1.0,-0.0,0,0
1232,0.0,0.0019801980198019802,0.0198019801980198,1.0,-0.0,0,0
1233,0.0,0.0,0.0,1.0,-0.0,0,0
1234,0.0,0.0,0.0,1.0,-0.0,0,0
1235,0.0,0.10297029702970295,0.14519051706790778,1.0,-0.0,0,0
1236,0.0,0.10297029702970295,0.14519051706790778,1.0,-0.0,0,0
1237,0.0,0.20396039603960395,0.2215699125655345,1.0,-0.0,0,0
1238,0.0,0.20396039603960395,0.2215699125655345,1.0,-0.0,0,0
1239,0.0,0.23366336633663365,0.2389238362932083,1.0,-0.0,0,0
1240,0.0,0.12871287128712872,0.1702279390125739,1.0,-0.0,0,0
1241,0.0,0.12871287128712872,0.1702279390125739,1.0,-0.0,0,0
1242,0.0,0.11683168316831684,0.14696218071508493,1.0,-0.0,0,0
1243,0.0,0.11683168316831684,0.14696218071508493,1.0,-0.0,0,0
1244,0.0,0.08712871287128712,0.1361881098142527,1.0,-0.0,0,0
1245,0.0,0.08712871287128712,0.1361881098142527,1.0,-0.0,0,0
1246,0.0,0.08712871287128712,0.1361881098142527,1.0,-0.0,0,0
1247,0.0,0.0,0.0,1.0,-0.0,0,0
1248,0.0,0.0,0.0,1.0,-0.0,0,0
1249,0.0,0.0,0.0,1.0,-0.0,0,0
1250,0.0,0.015841584158415842,0.05401260078014202,1.0,-0.0,0,0
1251,0.0,0.015841584158415842,0.05401260078014202,1.0,-0.0,0,0
1252,0.0,0.06930693069306931,0.11751770396006173,1.0,-0.0,0,0
1253,0.0,0.06930693069306931,0.11751770396006173,1.0,-0.0,0,0
1254,0.0,0.06930693069306931,0.11751770396006173,1.0,-0.0,0,0
1255,0.0,0.09108910891089109,0.1335716590419014,1.0,-0.0,0,0
1256,0.0,0.09108910891089109,0.1335716590419014,1.0,-0.0,0,0
1257,0.0,0.03762376237623762,0.08307396817189318,1.0,-0.0,0,0
1258,0.0,0.05346534653465347,0.10860442931328386,1.0,-0.0,0,0
1259,0.0,0.05346534653465347,0.10860442931328386,1.0,-0.0,0,0
1260,0.0,0.023762376237623766,0.0759735686861421,1.0,-0.0,0,0
1261,0.0,0.023762376237623766,0.0759735686861421,1.0,-0.0,0,0
1262,0.0,0.04950495049504951,0.1068206254198905,1.0,-0.0,0,0
1263,0.0,0.033663366336633666,0.07994704648786674,1.0,-0.0,0,0
1264,0.0,0.033663366336633666,0.07994704648786674,1.0,-0.0,0,0
1265,0.2,0.05346534653465347,0.09704990696905226,0.0655357875709919,1.1835214771048093,0,0
1266,0.2,0.1801980198019802,0.19600959866383083,0.45976508354080486,0.3374640139309217,0,0
1267,0.2,0.15445544554455443,0.18213516495155513,0.401270824460928,0.39656241573649964,0,0
