,foreground,bg_means,bg_stdev,pvals,minus_logs,regs,active
2,0.0,0.0,0.0,1.0,-0.0,0,0
3,0.0,0.0,0.0,1.0,-0.0,0,0
4,0.0,0.0,0.0,1.0,-0.0,0,0
5,0.0,0.0,0.0,1.0,-0.0,0,0
6,0.0,0.0,0.0,1.0,-0.0,0,0
7,0.0,0.0,0.0,1.0,-0.0,0,0
8,0.0,0.07920792079207921,0.11631029826208643,1.0,-0.0,0,0
9,0.0,0.07920792079207921,0.11631029826208643,1.0,-0.0,0,0
10,0.0,0.07920792079207921,0.11631029826208643,1.0,-0.0,0,0
11,0.0,0.07920792079207921,0.11631029826208643,1.0,-0.0,0,0
12,0.0,0.07920792079207921,0.11631029826208643,1.0,-0.0,0,0
13,0.0,0.0059405940594059415,0.033953323167291584,1.0,-0.0,0,0
14,0.0,0.0059405940594059415,0.033953323167291584,1.0,-0.0,0,0
15,0.0,0.1465346534653465,0.17324186517306459,1.0,-0.0,0,0
16,0.0,0.1465346534653465,0.17324186517306459,1.0,-0.0,0,0
17,0.4,1.2118811881188118,0.47414062515079886,1.0,-0.0,0,0
18,0.8,2.1821782178217823,0.5950948072572525,1.0,-0.0,0,0
19,1.0,2.368316831683168,0.6014719063041349,1.0,-0.0,0,0
20,1.0,2.227722772277228,0.6268132211703089,1.0,-0.0,0,0
21,1.4,2.9455445544554446,0.7413560965395015,1.0,-0.0,0,0
22,1.2,2.120792079207921,0.6479696899895717,1.0,-0.0,0,0
23,1.6,2.184158415841584,0.5806675355016925,1.0,-0.0,0,0
24,1.4,1.9980198019801978,0.5497038262897436,1.0,-0.0,0,0
25,2.4,2.7603960396039597,0.6312143267709859,1.0,-0.0,0,0
26,2.0,2.0415841584158416,0.570090721759417,1.0,-0.0,0,0
27,1.8,1.8000000000000005,0.567083907738389,1.0,-0.0,0,0
28,1.0,1.5029702970297028,0.49919845565429644,1.0,-0.0,0,0
29,1.0,1.5029702970297028,0.49919845565429644,1.0,-0.0,0,0
30,0.0,0.7396039603960395,0.41124760865916243,1.0,-0.0,0,0
31,0.0,0.7396039603960395,0.41124760865916243,1.0,-0.0,0,0
32,0.0,0.8099009900990097,0.4149448133400773,1.0,-0.0,0,0
33,1.2,1.2772277227722775,0.4395950404946438,1.0,-0.0,0,0
34,1.2,1.2910891089108911,0.4533918397770671,1.0,-0.0,0,0
35,1.2,1.2910891089108911,0.4533918397770671,1.0,-0.0,0,0
36,1.4,1.443564356435644,0.48388195958182223,1.0,-0.0,0,0
37,1.4,1.3742574257425746,0.4664280669650778,0.47799319832193776,0.3205782832043387,0,0
38,0.2,0.16831683168316827,0.1903257723422778,0.4338942955595556,0.3626160595349794,0,0
39,0.2,0.15247524752475247,0.19118911865031774,0.40184494165729173,0.39594149411264895,0,0
40,0.2,0.15247524752475247,0.19118911865031774,0.40184494165729173,0.39594149411264895,0,0
41,0.0,0.0,0.0,1.0,-0.0,0,0
42,0.0,0.0,0.0,1.0,-0.0,0,0
43,0.0,0.0,0.0,1.0,-0.0,0,0
44,1.8,0.44752475247524764,0.25038349177146524,3.302177225209757e-08,7.481199622210351,0,0
45,1.8,0.44752475247524764,0.25038349177146524,3.302177225209757e-08,7.481199622210351,0,0
46,6.4,1.213861386138614,0.46523276468951846,1.0000000000036863e-17,16.999999999998398,0,0
47,6.4,1.2297029702970297,0.46619261613383794,1.0000000000069773e-17,16.99999999999697,0,0
48,6.4,1.2297029702970297,0.46619261613383794,1.0000000000069773e-17,16.99999999999697,0,0
49,4.6,0.782178217821782,0.3572158677315442,1.0000000005809855e-17,16.999999999747683,0,0
50,4.6,0.782178217821782,0.3572158677315442,1.0000000005809855e-17,16.999999999747683,0,0
51,0.0,0.015841584158415842,0.05401260078014202,1.0,-0.0,0,0
52,0.8,1.077227722772277,0.4413932011747906,1.0,-0.0,0,0
53,2.8,2.299009900990099,0.6711147884735599,0.2276814068834226,0.6426724336695794,0,0
54,7.6,3.261386138613861,0.8043163626913297,3.4421780321206274e-08,7.463166671379733,0,0
55,7.6,3.261386138613861,0.8043163626913297,3.4421780321206274e-08,7.463166671379733,0,0
56,7.6,3.299009900990099,0.7998137220634441,3.776575409865909e-08,7.422901838979081,0,0
57,6.8,2.2198019801980204,0.6389998066254526,3.811806315975755e-13,12.418869174675883,0,0
58,4.8,0.9980198019801982,0.42635461418122844,1.0238653384544629e-17,16.98975715919211,0,0
59,0.0,0.03762376237623763,0.07816140339006158,1.0,-0.0,0,0
60,0.0,0.03762376237623763,0.07816140339006158,1.0,-0.0,0,0
61,0.2,0.06336633663366337,0.1050438590881176,0.09667550266855769,1.0146835611156335,0,0
62,0.2,0.06336633663366337,0.1050438590881176,0.09667550266855769,1.0146835611156335,0,0
63,0.2,0.06336633663366337,0.1050438590881176,0.09667550266855769,1.0146835611156335,0,0
64,0.2,0.06336633663366337,0.1050438590881176,0.09667550266855769,1.0146835611156335,0,0
65,0.2,0.06336633663366337,0.1050438590881176,0.09667550266855769,1.0146835611156335,0,0
66,0.2,0.12871287128712872,0.15307840071356585,0.3207185927345455,0.4938758623729074,0,0
67,0.2,0.12871287128712872,0.15307840071356585,0.3207185927345455,0.4938758623729074,0,0
68,0.2,0.12871287128712872,0.15307840071356585,0.3207185927345455,0.4938758623729074,0,0
69,0.2,0.12871287128712872,0.15307840071356585,0.3207185927345455,0.4938758623729074,0,0
70,0.2,0.12871287128712872,0.15307840071356585,0.3207185927345455,0.4938758623729074,0,0
71,0.0,0.0,0.0,1.0,-0.0,0,0
72,0.4,0.8277227722772279,0.3879672365163536,1.0,-0.0,0,0
73,0.4,0.8277227722772279,0.3879672365163536,1.0,-0.0,0,0
74,0.4,0.8277227722772279,0.3879672365163536,1.0,-0.0,0,0
75,0.4,1.097029702970297,0.46126289094536765,1.0,-0.0,0,0
76,0.4,1.097029702970297,0.46126289094536765,1.0,-0.0,0,0
77,0.0,0.26930693069306927,0.23620035724750013,1.0,-0.0,0,0
78,0.0,0.26930693069306927,0.23620035724750013,1.0,-0.0,0,0
79,0.0,0.26930693069306927,0.23620035724750013,1.0,-0.0,0,0
80,1.0,0.8514851485148512,0.415209326042779,0.36028889562416944,0.44334912295504747,0,0
81,1.0,0.8930693069306929,0.43195558667519934,0.40224122198354295,0.39551342463280087,0,0
82,1.0,1.0099009900990097,0.4644820282351893,1.0,-0.0,1,0
83,1.0,1.0099009900990097,0.4644820282351893,1.0,-0.0,0,0
84,2.8,2.332673267326733,0.6685448822497962,0.24226953742364565,0.6157011899092236,0,0
85,1.8,1.4801980198019808,0.48747070020713584,0.2558980706638471,0.591932988451242,0,0
86,1.8,1.437623762376238,0.49208618039963287,0.2307411954639323,0.6368748616319824,0,0
87,1.8,1.3207920792079206,0.48671801088050864,0.16241768159266634,0.7893666930743809,0,0
88,1.8,1.3207920792079206,0.48671801088050864,0.16241768159266634,0.7893666930743809,0,0
89,0.0,0.796039603960396,0.37546559665715107,1.0,-0.0,0,0
90,0.0,0.796039603960396,0.37546559665715107,1.0,-0.0,0,0
91,0.0,0.796039603960396,0.37546559665715107,1.0,-0.0,1,0
92,0.0,0.8158415841584159,0.3783059355138579,1.0,-0.0,0,0
93,0.0,0.8336633663366337,0.3787099592200212,1.0,-0.0,0,0
94,0.0,0.03762376237623763,0.08307396817189318,1.0,-0.0,0,0
95,0.0,0.06534653465346536,0.10571364605971598,1.0,-0.0,0,0
96,0.0,0.5049504950495051,0.27516916043806683,1.0,-0.0,0,0
97,2.4,1.6138613861386135,0.5422778694699707,0.07357151292523362,1.1332903130301584,0,0
98,2.4,1.6673267326732675,0.5524220138305245,0.09237138703561461,1.034462535023984,0,0
99,3.0,1.887128712871287,0.5770638151880028,0.02689608164612287,1.5703109855521797,0,0
100,3.0,1.8594059405940593,0.571636216421865,0.023004292039026434,1.6381911276795718,0,0
101,3.0,1.421782178217822,0.5041616824577426,0.0008729005219216175,3.05903524683529,0,0
102,0.6,0.2910891089108911,0.21713663622768792,0.07741784879610818,1.111158900557229,0,0
103,0.6,0.2514851485148515,0.20614993168538487,0.04545764281712803,1.3423930881459292,0,0
104,0.0,0.061386138613861406,0.10433219700847123,1.0,-0.0,0,0
105,0.0,0.07920792079207921,0.13810372890425895,1.0,-0.0,0,0
106,0.0,0.07920792079207921,0.13810372890425895,1.0,-0.0,0,0
107,0.0,0.07920792079207921,0.13810372890425895,1.0,-0.0,0,0
108,0.0,0.05544554455445545,0.11979788880993407,1.0,-0.0,0,0
109,0.0,0.04752475247524753,0.09397077637785879,1.0,-0.0,0,0
110,0.4,0.776237623762376,0.3661813960622198,1.0,-0.0,0,0
111,0.4,0.776237623762376,0.3661813960622198,1.0,-0.0,0,0
112,0.4,0.776237623762376,0.3661813960622198,1.0,-0.0,0,0
113,0.6,0.8198019801980198,0.37284557416482317,1.0,-0.0,0,0
114,0.6,0.798019801980198,0.3674854878308767,1.0,-0.0,0,0
115,0.2,0.05148514851485149,0.10399339410297728,0.07662893002971194,1.1156072384578781,0,0
116,0.2,0.10099009900990097,0.13965661530697393,0.2391769893682686,0.621280605081162,0,0
117,0.2,0.10099009900990097,0.13965661530697393,0.2391769893682686,0.621280605081162,0,0
118,0.0,0.04950495049504951,0.09078727434730813,1.0,-0.0,0,0
119,0.0,0.04950495049504951,0.09078727434730813,1.0,-0.0,0,0
120,0.0,0.0871287128712871,0.11050143705587094,1.0,-0.0,0,0
121,0.0,0.2891089108910891,0.18556896190787486,1.0,-0.0,0,0
122,0.2,1.1702970297029702,0.41208106346016976,1.0,-0.0,0,0
123,0.2,1.1702970297029702,0.41208106346016976,1.0,-0.0,0,0
124,0.2,1.1702970297029702,0.41208106346016976,1.0,-0.0,0,0
125,0.2,1.1683168316831685,0.43302543612420263,1.0,-0.0,0,0
126,0.2,0.9158415841584159,0.3941986917377928,1.0,-0.0,0,0
127,0.0,0.03564356435643565,0.08154954567118415,1.0,-0.0,0,0
128,0.6,1.433663366336634,0.5370025402751231,1.0,-0.0,0,0
129,0.8,2.1138613861386135,0.6462427130363128,1.0,-0.0,0,0
130,0.8,2.0772277227722773,0.6423781909603927,1.0,-0.0,0,0
131,0.8,2.0772277227722773,0.6423781909603927,1.0,-0.0,0,0
132,0.8,2.0772277227722773,0.6423781909603927,1.0,-0.0,0,0
133,0.2,0.9425742574257424,0.41490701204516967,1.0,-0.0,0,0
134,0.0,0.42970297029702975,0.2615810854182754,1.0,-0.0,0,0
135,0.6,1.1960396039603962,0.5089147435998573,1.0,-0.0,0,0
136,0.6,1.2653465346534654,0.5288574727167873,1.0,-0.0,0,0
137,0.8,2.522772277227723,0.741937680940768,1.0,-0.0,0,0
138,1.0,3.564356435643565,0.8454402050295247,1.0,-0.0,0,0
139,1.0,3.5386138613861378,0.8261769638821009,1.0,-0.0,0,0
140,0.4,2.7742574257425745,0.6834179483652947,1.0,-0.0,0,0
141,0.4,2.704950495049506,0.67814193403577,1.0,-0.0,0,0
142,0.2,1.499009900990099,0.5555293701417499,1.0,-0.0,0,0
143,0.0,0.5980198019801981,0.34411033172510347,1.0,-0.0,0,0
144,0.0,0.45544554455445546,0.2744843040562034,1.0,-0.0,0,0
145,0.0,0.6277227722772276,0.30962091541690395,1.0,-0.0,0,0
146,0.0,0.6277227722772276,0.30962091541690395,1.0,-0.0,0,0
147,0.4,0.796039603960396,0.3733500446729167,1.0,-0.0,0,0
148,0.4,0.3940594059405941,0.286260209183923,0.4917215737036523,0.3082807371340544,0,0
149,0.6,0.9584158415841584,0.40522999867760545,1.0,-0.0,0,0
150,0.6,0.7861386138613862,0.3584978845982846,1.0,-0.0,0,0
151,0.8,1.005940594059406,0.42538783286798687,1.0,-0.0,0,0
152,0.4,0.7841584158415842,0.3511600783787864,1.0,-0.0,0,0
153,0.4,0.7841584158415842,0.3511600783787864,1.0,-0.0,0,0
154,0.2,0.21980198019801975,0.20000980272026075,1.0,-0.0,0,0
155,0.2,0.21980198019801975,0.20000980272026075,1.0,-0.0,0,0
156,0.0,0.0,0.0,1.0,-0.0,0,0
157,0.6,1.1168316831683167,0.4557811935807789,1.0,-0.0,0,0
158,0.6,1.1168316831683167,0.4557811935807789,1.0,-0.0,0,0
159,0.8,1.4811881188118812,0.49246055705495545,1.0,-0.0,0,0
