,foreground,bg_means,bg_stdev,pvals,minus_logs,regs,active
2,0.6,0.7366336633663367,0.3388164526255301,1.0,-0.0,0,0
3,0.6,1.073267326732673,0.39972542286541257,1.0,-0.0,0,0
4,0.6,1.1821782178217823,0.3900738796750491,1.0,-0.0,0,0
5,0.6,1.1821782178217823,0.3900738796750491,1.0,-0.0,0,0
6,0.4,1.085148514851485,0.38108395130645284,1.0,-0.0,0,0
7,0.2,0.8217821782178216,0.323227523211734,1.0,-0.0,0,0
8,0.2,0.48316831683168315,0.2441673289789838,1.0,-0.0,0,0
9,0.2,0.41584158415841593,0.23993921394713635,1.0,-0.0,0,0
10,0.4,0.7118811881188118,0.28607522680002784,1.0,-0.0,0,0
11,0.8,1.003960396039604,0.2897321371591586,1.0,-0.0,0,0
12,0.8,0.7386138613861383,0.2636267602478039,0.4079379890981265,0.3894058492613359,0,0
13,0.8,0.794059405940594,0.27925707031769015,0.49151400033349685,0.30846410716859796,0,0
14,0.8,0.7544554455445542,0.2668202021814095,0.43223226874614384,0.3642828135396465,0,0
15,0.6,0.4574257425742575,0.16491614109827338,0.1936495591467785,0.7129834873705881,0,0
16,0.2,0.16633663366336632,0.1491077275011224,0.41069194300354306,0.3864838170962494,0,0
17,0.0,0.05544554455445545,0.08952597667688965,1.0,-0.0,0,0
18,0.0,0.10099009900990098,0.1367914141716479,1.0,-0.0,0,0
19,0.0,0.10099009900990098,0.1367914141716479,1.0,-0.0,0,0
20,0.8,0.46732673267326735,0.24091776292603453,0.08366128294025195,1.0774754798271087,0,0
21,0.8,0.46732673267326735,0.24091776292603453,0.08366128294025195,1.0774754798271087,0,0
22,0.8,0.46732673267326735,0.24091776292603453,0.08366128294025195,1.0774754798271087,0,0
23,0.8,0.3663366336633664,0.21073996351506546,0.019804059828091296,1.7032457703343595,0,0
24,0.8,0.3663366336633664,0.21073996351506546,0.019804059828091296,1.7032457703343595,0,0
25,0.0,0.0,0.0,1.0,-0.0,0,0
26,0.0,0.0,0.0,1.0,-0.0,0,0
27,0.0,0.0,0.0,1.0,-0.0,0,0
28,0.0,0.0,0.0,1.0,-0.0,0,0
29,0.0,0.0,0.0,1.0,-0.0,0,0
30,0.0,0.0,0.0,1.0,-0.0,0,0
31,0.0,0.03564356435643565,0.07653920035678292,1.0,-0.0,0,0
32,0.0,0.03564356435643565,0.07653920035678292,1.0,-0.0,0,0
33,0.0,0.03564356435643565,0.07653920035678292,1.0,-0.0,0,0
34,0.0,0.03564356435643565,0.07653920035678292,1.0,-0.0,0,0
35,0.0,0.03564356435643565,0.07653920035678292,1.0,-0.0,0,0
36,0.0,0.0,0.0,1.0,-0.0,0,0
37,0.0,0.0,0.0,1.0,-0.0,0,0
38,0.0,0.0,0.0,1.0,-0.0,0,0
39,0.0,0.18019801980198016,0.17235687245139755,1.0,-0.0,0,0
40,0.0,0.18019801980198016,0.17235687245139755,1.0,-0.0,0,0
41,0.0,0.18019801980198016,0.17235687245139755,1.0,-0.0,0,0
42,0.0,0.18019801980198016,0.17235687245139755,1.0,-0.0,0,0
43,0.2,0.28118811881188116,0.20133852645501055,1.0,-0.0,0,0
44,0.2,0.3564356435643566,0.22795511178072334,1.0,-0.0,0,0
45,0.2,0.3564356435643566,0.22795511178072334,1.0,-0.0,0,0
46,0.2,0.3564356435643566,0.22795511178072334,1.0,-0.0,0,0
47,0.2,0.3564356435643566,0.22795511178072334,1.0,-0.0,0,0
48,0.0,0.25346534653465347,0.1906551271589847,1.0,-0.0,0,0
49,0.0,0.0,0.0,1.0,-0.0,0,0
50,0.0,0.0,0.0,1.0,-0.0,0,0
51,0.0,0.0,0.0,1.0,-0.0,0,0
52,0.2,0.10495049504950493,0.12135883917659059,0.21675178439927245,0.6640373185273339,0,0
53,0.2,0.10495049504950493,0.12135883917659059,0.21675178439927245,0.6640373185273339,0,0
54,0.2,0.10495049504950493,0.12135883917659059,0.21675178439927245,0.6640373185273339,0,0
55,0.2,0.10495049504950493,0.12135883917659059,0.21675178439927245,0.6640373185273339,0,0
56,0.4,0.14059405940594058,0.14224384155301362,0.034100927792016136,1.4672338048939675,0,0
57,0.2,0.033663366336633666,0.07482947971362848,0.013112090674369045,1.882328056139665,0,0
58,0.2,0.033663366336633666,0.07482947971362848,0.013112090674369045,1.882328056139665,0,0
59,0.2,0.033663366336633666,0.07482947971362848,0.013112090674369045,1.882328056139665,0,0
60,0.2,0.033663366336633666,0.07482947971362848,0.013112090674369045,1.882328056139665,0,0
61,1.2,0.2514851485148515,0.19428154592334312,5.246330517333542e-07,6.280144352454684,0,0
62,1.2,0.2514851485148515,0.19428154592334312,5.246330517333542e-07,6.280144352454684,0,0
63,1.2,0.2514851485148515,0.19428154592334312,5.246330517333542e-07,6.280144352454684,0,0
64,1.2,0.2514851485148515,0.19428154592334312,5.246330517333542e-07,6.280144352454684,0,0
65,1.2,0.2514851485148515,0.19428154592334312,5.246330517333542e-07,6.280144352454684,0,0
66,0.0,0.0,0.0,1.0,-0.0,0,0
67,0.0,0.027722772277227727,0.06910862719451544,1.0,-0.0,0,0
68,0.0,0.027722772277227727,0.06910862719451544,1.0,-0.0,0,0
69,0.0,0.027722772277227727,0.06910862719451544,1.0,-0.0,0,0
70,0.0,0.3841584158415841,0.23493528633606167,1.0,-0.0,0,0
71,0.0,0.41584158415841577,0.23661502060040077,1.0,-0.0,0,0
72,0.0,0.38811881188118813,0.23177623585583418,1.0,-0.0,0,0
73,0.0,0.38811881188118813,0.23177623585583418,1.0,-0.0,0,0
74,0.0,0.38811881188118813,0.23177623585583418,1.0,-0.0,0,0
