,foreground,bg_means,bg_stdev,pvals,minus_logs,regs,active
2,0.0,0.04554455445544555,0.08846854615322249,1.0,-0.0,0,0
3,0.0,0.07722772277227723,0.12888031758632065,1.0,-0.0,0,0
4,1.2,0.15445544554455445,0.19877085293195412,7.200825670082756e-08,7.142617703096255,0,0
5,1.4,0.16831683168316833,0.2004602096608913,4.016413641025516e-10,9.39616156658911,0,0
6,1.4,0.16831683168316833,0.2004602096608913,4.016413641025516e-10,9.39616156658911,0,0
7,1.4,0.22376237623762374,0.19353333422369293,6.095913324940536e-10,9.21496121666315,0,0
8,1.4,0.17425742574257425,0.17272049494935865,6.389442243185591e-13,12.194537051274937,0,0
9,0.2,0.09504950495049505,0.12135883917659061,0.19357570836574067,0.7131491428159772,0,0
10,0.0,0.10297029702970295,0.1367627457412436,1.0,-0.0,0,0
11,0.0,0.10297029702970295,0.1367627457412436,1.0,-0.0,0,0
12,0.0,0.019801980198019802,0.059735061897023205,1.0,-0.0,0,0
13,0.0,0.031683168316831684,0.0730260947112308,1.0,-0.0,0,0
14,0.0,0.031683168316831684,0.0730260947112308,1.0,-0.0,0,0
15,0.0,0.011881188118811883,0.047276579747775535,1.0,-0.0,0,0
16,0.0,0.011881188118811883,0.047276579747775535,1.0,-0.0,0,0
17,0.0,0.011881188118811883,0.047276579747775535,1.0,-0.0,0,0
18,0.0,0.0,0.0,1.0,-0.0,0,0
19,0.0,0.0,0.0,1.0,-0.0,0,0
20,0.0,0.0,0.0,1.0,-0.0,0,0
21,0.0,0.0,0.0,1.0,-0.0,0,0
22,0.0,0.0,0.0,1.0,-0.0,0,0
23,0.0,0.0,0.0,1.0,-0.0,0,0
24,0.0,0.0,0.0,1.0,-0.0,0,0
25,0.0,0.07524752475247524,0.12219602867755656,1.0,-0.0,0,0
26,0.0,0.07524752475247524,0.12219602867755656,1.0,-0.0,0,0
27,0.0,0.09702970297029702,0.13383560593042218,1.0,-0.0,0,0
28,0.0,0.10891089108910891,0.1335716590419014,1.0,-0.0,0,0
29,0.0,0.10891089108910891,0.1335716590419014,1.0,-0.0,0,0
30,0.0,0.1564356435643564,0.17933642348653622,1.0,-0.0,0,0
31,0.0,0.1564356435643564,0.17933642348653622,1.0,-0.0,0,0
32,0.0,0.13267326732673265,0.17183281702904268,1.0,-0.0,0,0
33,0.0,0.12079207920792076,0.1594028657227573,1.0,-0.0,0,0
34,0.0,0.12079207920792076,0.1594028657227573,1.0,-0.0,0,0
35,0.0,0.04950495049504951,0.09078727434730813,1.0,-0.0,0,0
36,0.0,0.06930693069306931,0.11057238501634631,1.0,-0.0,0,0
37,0.0,0.06930693069306931,0.11057238501634631,1.0,-0.0,0,0
38,0.0,0.06930693069306931,0.11057238501634631,1.0,-0.0,0,0
39,0.0,0.06930693069306931,0.11057238501634631,1.0,-0.0,0,0
40,0.0,0.019801980198019806,0.059735061897023184,1.0,-0.0,0,0
41,0.0,0.0,0.0,1.0,-0.0,0,0
42,0.2,0.013861386138613863,0.050795070647052104,0.00012391038159364294,3.90689230556944,0,0
43,0.2,0.039603960396039604,0.08452453849668534,0.028872622852877186,1.5395137620565469,0,0
44,0.2,0.039603960396039604,0.08452453849668534,0.028872622852877186,1.5395137620565469,0,0
45,0.2,0.049504950495049514,0.09912864166957487,0.06448460512601864,1.190543955238279,0,0
46,0.2,0.049504950495049514,0.09912864166957487,0.06448460512601864,1.190543955238279,0,0
47,0.0,0.03564356435643565,0.08154954567118415,1.0,-0.0,0,0
48,0.0,0.009900990099009901,0.04338396495090424,1.0,-0.0,0,0
49,0.0,0.031683168316831684,0.07826167463512675,1.0,-0.0,0,0
50,0.0,0.021782178217821784,0.06836703565002801,1.0,-0.0,0,0
51,0.0,0.021782178217821784,0.06836703565002801,1.0,-0.0,0,0
52,0.0,0.021782178217821784,0.06836703565002801,1.0,-0.0,0,0
53,0.0,0.04950495049504951,0.09912864166957489,1.0,-0.0,0,0
54,0.0,0.02772277227722772,0.06910862719451544,1.0,-0.0,0,0
55,0.0,0.02772277227722772,0.06910862719451544,1.0,-0.0,0,0
56,0.0,0.04554455445544555,0.09283729243351323,1.0,-0.0,0,0
57,0.0,0.04554455445544555,0.09283729243351323,1.0,-0.0,0,0
58,0.0,0.03366336633663367,0.07482947971362847,1.0,-0.0,0,0
59,0.0,0.04752475247524753,0.08965727859541997,1.0,-0.0,0,0
60,0.0,0.04752475247524753,0.08965727859541997,1.0,-0.0,0,0
61,0.0,0.02970297029702971,0.07648795214189293,1.0,-0.0,0,0
62,0.0,0.02970297029702971,0.07648795214189293,1.0,-0.0,0,0
63,0.0,0.013861386138613863,0.05079507064705212,1.0,-0.0,0,0
64,0.0,0.0,0.0,1.0,-0.0,0,0
65,0.0,0.0,0.0,1.0,-0.0,0,0
66,0.0,0.0,0.0,1.0,-0.0,0,0
67,0.0,0.0,0.0,1.0,-0.0,0,0
68,0.0,0.0,0.0,1.0,-0.0,0,0
69,0.0,0.0,0.0,1.0,-0.0,0,0
70,0.0,0.0,0.0,1.0,-0.0,0,0
71,0.0,0.0,0.0,1.0,-0.0,0,0
72,0.0,0.033663366336633666,0.07994704648786674,1.0,-0.0,0,0
73,0.0,0.033663366336633666,0.07994704648786674,1.0,-0.0,0,0
74,0.0,0.06732673267326733,0.1135467024699521,1.0,-0.0,0,0
75,0.0,0.06732673267326733,0.1135467024699521,1.0,-0.0,0,0
76,0.0,0.08118811881188118,0.1264228887090089,1.0,-0.0,0,0
77,0.0,0.047524752475247525,0.0939707763778588,1.0,-0.0,0,0
78,0.0,0.11881188118811878,0.15460769343321296,1.0,-0.0,0,0
79,0.0,0.1089108910891089,0.1503125521928582,1.0,-0.0,0,0
80,0.0,0.1089108910891089,0.1503125521928582,1.0,-0.0,0,0
81,0.0,0.09504950495049502,0.14238160801780242,1.0,-0.0,0,0
82,0.0,0.11089108910891088,0.14752142995793407,1.0,-0.0,0,0
83,0.0,0.04554455445544554,0.09283729243351323,1.0,-0.0,0,0
84,0.0,0.021782178217821784,0.06836703565002801,1.0,-0.0,0,0
85,0.0,0.021782178217821784,0.06836703565002801,1.0,-0.0,0,0
86,0.0,0.021782178217821784,0.06836703565002801,1.0,-0.0,0,0
87,0.0,0.017821782178217824,0.05698017651460656,1.0,-0.0,0,0
88,0.0,0.011881188118811883,0.047276579747775535,1.0,-0.0,0,0
89,0.0,0.041584158415841586,0.08590499787518362,1.0,-0.0,0,0
90,0.0,0.05148514851485149,0.09186070102766891,1.0,-0.0,0,0
91,0.0,0.05148514851485149,0.09186070102766891,1.0,-0.0,0,0
92,0.0,0.039603960396039604,0.07970143286137865,1.0,-0.0,0,0
93,0.0,0.039603960396039604,0.07970143286137865,1.0,-0.0,0,0
94,0.0,0.10495049504950493,0.1367053908443026,1.0,-0.0,0,0
95,0.0,0.09504950495049502,0.12771893462651168,1.0,-0.0,0,0
96,0.0,0.11287128712871286,0.13324834725751067,1.0,-0.0,0,0
97,0.0,0.13663366336633662,0.14331490790275034,1.0,-0.0,0,0
98,0.0,0.13663366336633662,0.14331490790275034,1.0,-0.0,0,0
99,0.0,0.07722772277227723,0.12888031758632065,1.0,-0.0,0,0
100,0.0,0.09108910891089109,0.14494724878689189,1.0,-0.0,0,0
101,0.0,0.11287128712871287,0.15002532217723416,1.0,-0.0,0,0
102,0.0,0.27524752475247527,0.1946847874238488,1.0,-0.0,0,0
103,0.0,0.27524752475247527,0.1946847874238488,1.0,-0.0,0,0
104,0.0,0.23762376237623759,0.18176880383941263,1.0,-0.0,0,0
105,0.0,0.24950495049504945,0.1810988255869097,1.0,-0.0,0,0
106,0.0,0.23762376237623759,0.18819175240422528,1.0,-0.0,0,0
107,0.0,0.1207920792079208,0.15689867556071532,1.0,-0.0,0,0
108,0.0,0.1207920792079208,0.15689867556071532,1.0,-0.0,0,0
109,0.0,0.1207920792079208,0.15689867556071532,1.0,-0.0,0,0
110,0.0,0.09504950495049505,0.14238160801780242,1.0,-0.0,0,0
111,0.0,0.06732673267326733,0.12356816445008077,1.0,-0.0,0,0
112,0.0,0.1900990099009901,0.18320845158368915,1.0,-0.0,0,0
113,0.0,0.1900990099009901,0.18320845158368915,1.0,-0.0,0,0
114,0.0,0.1900990099009901,0.18320845158368915,1.0,-0.0,0,0
115,0.0,0.22574257425742572,0.20229057883757837,1.0,-0.0,0,0
116,0.0,0.24950495049504953,0.20567385619958475,1.0,-0.0,0,0
117,0.0,0.09108910891089109,0.1243589581632284,1.0,-0.0,0,0
118,0.0,0.12079207920792079,0.14645435316515326,1.0,-0.0,0,0
119,0.0,0.13168316831683166,0.1521663323044604,1.0,-0.0,0,0
120,0.0,0.09504950495049505,0.13377699607171914,1.0,-0.0,0,0
121,0.0,0.11089108910891088,0.14481192315867106,1.0,-0.0,0,0
122,0.0,0.08514851485148514,0.13886822488939993,1.0,-0.0,0,0
123,0.0,0.05544554455445545,0.1094316980566186,1.0,-0.0,0,0
124,0.0,0.07722772277227724,0.11593886073904515,1.0,-0.0,0,0
125,0.0,0.09504950495049502,0.1337769960717191,1.0,-0.0,0,0
126,0.0,0.05544554455445545,0.1019369320889802,1.0,-0.0,0,0
127,0.0,0.057425742574257435,0.11021718851545144,1.0,-0.0,0,0
128,0.0,0.057425742574257435,0.11021718851545144,1.0,-0.0,0,0
129,0.0,0.025742574257425745,0.07791016068477624,1.0,-0.0,0,0
130,0.0,0.007920792079207921,0.03900537743285587,1.0,-0.0,0,0
131,0.0,0.11089108910891088,0.15789518399405605,1.0,-0.0,0,0
132,0.0,0.13267326732673265,0.1623520870714426,1.0,-0.0,0,0
133,0.0,0.13267326732673265,0.1623520870714426,1.0,-0.0,0,0
134,0.0,0.13267326732673265,0.1623520870714426,1.0,-0.0,0,0
135,0.0,0.13267326732673265,0.1623520870714426,1.0,-0.0,0,0
136,0.0,0.0297029702970297,0.07112192077650681,1.0,-0.0,0,0
137,0.0,0.0,0.0,1.0,-0.0,0,0
138,0.0,0.0,0.0,1.0,-0.0,0,0
139,0.0,0.07722772277227724,0.11930590361498672,1.0,-0.0,0,0
140,0.0,0.07722772277227724,0.11930590361498672,1.0,-0.0,0,0
141,0.0,0.07722772277227724,0.11930590361498672,1.0,-0.0,0,0
142,0.0,0.1584158415841584,0.18307998940714806,1.0,-0.0,0,0
143,0.0,0.1584158415841584,0.18307998940714806,1.0,-0.0,0,0
144,0.0,0.08712871287128712,0.15002532217723416,1.0,-0.0,0,0
145,0.0,0.14752475247524752,0.1859383797672855,1.0,-0.0,0,0
146,0.0,0.14752475247524752,0.1859383797672855,1.0,-0.0,0,0
147,0.0,0.0891089108910891,0.1420507440353343,1.0,-0.0,0,0
148,0.0,0.0891089108910891,0.1420507440353343,1.0,-0.0,0,0
149,0.0,0.0811881188118812,0.13254020222321988,1.0,-0.0,0,0
150,0.0,0.023762376237623766,0.06471340450838889,1.0,-0.0,0,0
151,0.0,0.023762376237623766,0.06471340450838889,1.0,-0.0,0,0
152,0.0,0.0019801980198019802,0.0198019801980198,1.0,-0.0,0,0
153,0.0,0.0019801980198019802,0.0198019801980198,1.0,-0.0,0,0
154,0.0,0.03762376237623763,0.07816140339006158,1.0,-0.0,0,0
155,0.0,0.06534653465346535,0.10189845806153354,1.0,-0.0,0,0
156,0.0,0.06534653465346535,0.10189845806153354,1.0,-0.0,0,0
157,0.0,0.06930693069306931,0.10316052497133552,1.0,-0.0,0,0
158,0.0,0.08118811881188118,0.11664694237642095,1.0,-0.0,0,0
159,0.0,0.04554455445544555,0.09283729243351323,1.0,-0.0,0,0
160,0.0,0.10693069306930691,0.15559367350941145,1.0,-0.0,0,0
161,0.0,0.10693069306930691,0.15559367350941145,1.0,-0.0,0,0
162,0.0,0.10297029702970295,0.15571962971356434,1.0,-0.0,0,0
163,0.0,0.09108910891089109,0.15549283508436107,1.0,-0.0,0,0
164,0.0,0.09108910891089109,0.15549283508436107,1.0,-0.0,0,0
165,0.0,0.0,0.0,1.0,-0.0,0,0
166,0.0,0.0,0.0,1.0,-0.0,0,0
167,0.0,0.0,0.0,1.0,-0.0,0,0
168,0.0,0.0019801980198019802,0.019801980198019802,1.0,-0.0,0,0
169,0.0,0.0019801980198019802,0.019801980198019802,1.0,-0.0,0,0
170,0.0,0.0019801980198019802,0.019801980198019802,1.0,-0.0,0,0
171,0.0,0.0019801980198019802,0.019801980198019802,1.0,-0.0,0,0
172,0.2,0.06930693069306931,0.11057238501634628,0.11860911207080789,0.9258819452883051,0,0
173,0.2,0.09108910891089109,0.12750384183766536,0.19650337127395107,0.7066299943312295,0,0
174,0.2,0.1089108910891089,0.14494724878689189,0.26486134954069185,0.5769814124309087,0,0
175,0.2,0.13465346534653463,0.1619409766357297,0.3432826085471103,0.4643481983317365,0,0
176,0.2,0.15445544554455445,0.16858452795083373,0.39351913338152744,0.4050341468627192,0,0
177,0.0,0.08514851485148514,0.1269490726718781,1.0,-0.0,0,0
178,0.0,0.061386138613861385,0.10046456153636296,1.0,-0.0,0,0
179,0.0,0.05742574257425742,0.10277971700879983,1.0,-0.0,0,0
180,0.0,0.031683168316831684,0.08316831683168317,1.0,-0.0,0,0
181,0.0,0.01386138613861386,0.05079507064705211,1.0,-0.0,0,0
182,0.0,0.0297029702970297,0.07112192077650681,1.0,-0.0,0,0
183,0.0,0.0297029702970297,0.07112192077650681,1.0,-0.0,0,0
184,0.0,0.02772277227722772,0.07461957893630407,1.0,-0.0,0,0
185,0.0,0.041584158415841586,0.09039772047931348,1.0,-0.0,0,0
186,0.0,0.041584158415841586,0.09039772047931348,1.0,-0.0,0,0
187,0.0,0.09108910891089106,0.1335716590419014,1.0,-0.0,0,0
188,0.0,0.09108910891089106,0.1335716590419014,1.0,-0.0,0,0
189,0.0,0.0871287128712871,0.127165103825761,1.0,-0.0,0,0
190,0.0,0.09108910891089109,0.1243589581632284,1.0,-0.0,0,0
191,0.0,0.09108910891089109,0.1243589581632284,1.0,-0.0,0,0
192,0.0,0.04554455445544555,0.09283729243351321,1.0,-0.0,0,0
193,0.2,0.1287128712871287,0.13954426081146826,0.3047256810291634,0.5160909436792886,0,0
194,0.2,0.11881188118811879,0.13549532985786933,0.27452144151213265,0.5614237292949859,0,0
195,0.2,0.1287128712871287,0.1366767043701972,0.30098319630588943,0.5214577501049552,0,0
196,0.2,0.1287128712871287,0.1366767043701972,0.30098319630588943,0.5214577501049552,0,0
197,0.2,0.10693069306930691,0.12448501897427097,0.2273402954616615,0.6433235799123765,0,0
198,0.0,0.025742574257425745,0.0669763743575753,1.0,-0.0,0,0
199,0.0,0.025742574257425745,0.0669763743575753,1.0,-0.0,0,0
200,0.0,0.0,0.0,1.0,-0.0,0,0
201,0.0,0.0,0.0,1.0,-0.0,0,0
202,0.0,0.0,0.0,1.0,-0.0,0,0
203,0.0,0.0,0.0,1.0,-0.0,0,0
204,0.0,0.0,0.0,1.0,-0.0,0,0
205,0.0,0.0,0.0,1.0,-0.0,0,0
206,0.0,0.0,0.0,1.0,-0.0,0,0
207,0.0,0.0,0.0,1.0,-0.0,0,0
208,0.0,0.0,0.0,1.0,-0.0,0,0
209,0.0,0.07722772277227724,0.12258049537063102,1.0,-0.0,0,0
210,0.0,0.07722772277227724,0.12258049537063102,1.0,-0.0,0,0
211,0.0,0.18217821782178212,0.1868954489346046,1.0,-0.0,0,0
212,0.0,0.1881188118811881,0.18630706513012396,1.0,-0.0,0,0
213,0.0,0.19999999999999996,0.1887950326582658,1.0,-0.0,0,0
214,0.0,0.12079207920792079,0.15435386352400063,1.0,-0.0,0,0
215,0.0,0.1841584158415841,0.1963693596248423,1.0,-0.0,0,0
216,0.0,0.07920792079207921,0.12293186689242577,1.0,-0.0,0,0
217,0.0,0.12673267326732673,0.1534365990321625,1.0,-0.0,0,0
218,0.0,0.11485148514851483,0.14169143619800648,1.0,-0.0,0,0
219,0.0,0.11485148514851483,0.14169143619800648,1.0,-0.0,0,0
220,0.0,0.05346534653465347,0.10104832334394513,1.0,-0.0,0,0
221,0.0,0.05346534653465347,0.10104832334394513,1.0,-0.0,0,0
222,0.0,0.0,0.0,1.0,-0.0,0,0
223,0.0,0.0,0.0,1.0,-0.0,0,0
224,0.0,0.0,0.0,1.0,-0.0,0,0
225,0.0,0.0,0.0,1.0,-0.0,0,0
226,0.0,0.0,0.0,1.0,-0.0,0,0
227,0.0,0.023762376237623766,0.06471340450838887,1.0,-0.0,0,0
228,0.0,0.023762376237623766,0.06471340450838887,1.0,-0.0,0,0
229,0.0,0.07326732673267328,0.13415750246300454,1.0,-0.0,0,0
230,0.0,0.07326732673267328,0.13415750246300454,1.0,-0.0,0,0
231,0.0,0.1584158415841584,0.18945849187904937,1.0,-0.0,0,0
232,0.0,0.13267326732673268,0.15989409297573348,1.0,-0.0,0,0
233,0.2,0.1603960396039604,0.1712384753198294,0.40854880985290765,0.3887560503103597,0,0
234,0.2,0.10891089108910891,0.13937555924568534,0.2567003926389666,0.5905734670480496,0,0
235,0.2,0.14059405940594058,0.15297590428378585,0.34888396616545203,0.45731898918151326,0,0
236,0.2,0.10099009900990098,0.12467387119760154,0.21355371500123171,0.6704928691423239,0,0
237,0.2,0.10099009900990098,0.12467387119760154,0.21355371500123171,0.6704928691423239,0,0
238,0.0,0.07524752475247526,0.11205191564986228,1.0,-0.0,0,0
239,0.0,0.07524752475247526,0.11205191564986228,1.0,-0.0,0,0
240,0.0,0.04554455445544555,0.09283729243351323,1.0,-0.0,0,0
241,0.0,0.0,0.0,1.0,-0.0,0,0
242,0.0,0.0039603960396039604,0.02786385599895106,1.0,-0.0,0,0
243,0.0,0.0039603960396039604,0.02786385599895106,1.0,-0.0,0,0
244,0.0,0.023762376237623766,0.06471340450838889,1.0,-0.0,0,0
245,0.0,0.023762376237623766,0.06471340450838889,1.0,-0.0,0,0
246,0.4,0.06534653465346535,0.11295810453031022,0.001525097508658427,2.816702388370638,0,0
247,0.4,0.061386138613861385,0.10806149425459212,0.0008635882888169143,3.0636932557966734,0,0
248,0.4,0.061386138613861385,0.10806149425459212,0.0008635882888169143,3.0636932557966734,0,0
249,0.4,0.041584158415841586,0.09039772047931349,3.671690339710188e-05,4.435133953131461,0,0
250,0.4,0.041584158415841586,0.09039772047931349,3.671690339710188e-05,4.435133953131461,0,0
251,0.0,0.0,0.0,1.0,-0.0,0,0
252,0.0,0.0,0.0,1.0,-0.0,0,0
253,0.0,0.0,0.0,1.0,-0.0,0,0
254,0.0,0.0,0.0,1.0,-0.0,0,0
255,0.2,0.007920792079207921,0.03900537743285587,4.2303541670263104e-07,6.3736232717865695,0,0
256,0.2,0.007920792079207921,0.03900537743285587,4.2303541670263104e-07,6.3736232717865695,0,0
257,0.4,0.10297029702970298,0.12778032320714203,0.010048446341906712,1.997901082253188,0,0
258,0.6,0.18217821782178217,0.1868954489346046,0.012689287582833863,1.896562759901294,0,0
259,0.6,0.201980198019802,0.19190560696373418,0.019037823002376157,1.7203827152010305,0,0
260,0.4,0.2079207920792079,0.1948257247722589,0.16209043112010735,0.7902426226246345,0,0
261,0.4,0.25346534653465347,0.21227870547734487,0.24500475381763165,0.6108254889549124,0,0
262,0.2,0.1584158415841584,0.16244866773856387,0.3989818368406955,0.3990468745874537,0,0
263,0.0,0.07920792079207921,0.11285391563386142,1.0,-0.0,0,0
264,0.0,0.05940594059405942,0.10357779667819421,1.0,-0.0,0,0
265,0.0,0.04554455445544555,0.08387254884969257,1.0,-0.0,0,0
266,0.0,0.0,0.0,1.0,-0.0,0,0
267,0.0,0.015841584158415842,0.05401260078014202,1.0,-0.0,0,0
268,0.0,0.015841584158415842,0.05401260078014202,1.0,-0.0,0,0
269,0.0,0.023762376237623766,0.06471340450838887,1.0,-0.0,0,0
270,0.0,0.03762376237623763,0.09631989312487374,1.0,-0.0,0,0
271,0.0,0.04950495049504951,0.1068206254198905,1.0,-0.0,0,0
272,0.0,0.06534653465346535,0.11976515267356391,1.0,-0.0,0,0
273,0.0,0.06534653465346535,0.11976515267356391,1.0,-0.0,0,0
274,0.0,0.05742574257425742,0.11021718851545144,1.0,-0.0,0,0
275,0.0,0.04752475247524753,0.09809478080396702,1.0,-0.0,0,0
276,0.0,0.05544554455445546,0.09384550979067553,1.0,-0.0,0,0
277,0.0,0.023762376237623766,0.07056843438101175,1.0,-0.0,0,0
278,0.0,0.023762376237623766,0.07056843438101175,1.0,-0.0,0,0
279,0.0,0.023762376237623766,0.07056843438101175,1.0,-0.0,0,0
280,0.0,0.05346534653465347,0.11219180573635876,1.0,-0.0,0,0
281,0.0,0.033663366336633666,0.07482947971362845,1.0,-0.0,0,0
282,0.0,0.04554455445544555,0.08387254884969257,1.0,-0.0,0,0
283,0.0,0.04554455445544555,0.08387254884969257,1.0,-0.0,0,0
284,0.0,0.04554455445544555,0.08387254884969257,1.0,-0.0,0,0
285,0.0,0.011881188118811881,0.047276579747775535,1.0,-0.0,0,0
286,0.0,0.1306930693069307,0.1552657091795062,1.0,-0.0,0,0
287,0.0,0.15445544554455445,0.17091758912506996,1.0,-0.0,0,0
288,0.0,0.15445544554455445,0.17091758912506996,1.0,-0.0,0,0
289,0.0,0.15445544554455445,0.17091758912506996,1.0,-0.0,0,0
290,0.0,0.15445544554455445,0.17091758912506996,1.0,-0.0,0,0
291,0.0,0.03564356435643565,0.08626938974571075,1.0,-0.0,0,0
292,0.0,0.0,0.0,1.0,-0.0,0,0
293,0.0,0.0,0.0,1.0,-0.0,0,0
294,0.0,0.0,0.0,1.0,-0.0,0,0
295,0.0,0.0,0.0,1.0,-0.0,0,0
296,0.0,0.0,0.0,1.0,-0.0,0,0
297,0.0,0.0,0.0,1.0,-0.0,0,0
298,0.0,0.017821782178217824,0.05698017651460656,1.0,-0.0,0,0
299,0.0,0.017821782178217824,0.05698017651460656,1.0,-0.0,0,0
300,0.0,0.017821782178217824,0.05698017651460656,1.0,-0.0,0,0
301,0.0,0.15247524752475247,0.16921136785416444,1.0,-0.0,0,0
302,0.0,0.15247524752475247,0.16921136785416444,1.0,-0.0,0,0
303,0.0,0.22574257425742572,0.20229057883757837,1.0,-0.0,0,0
304,0.0,0.22574257425742572,0.20229057883757837,1.0,-0.0,0,0
305,0.0,0.22574257425742572,0.20229057883757837,1.0,-0.0,0,0
306,0.0,0.09108910891089109,0.1335716590419014,1.0,-0.0,0,0
307,0.0,0.09108910891089109,0.1335716590419014,1.0,-0.0,0,0
308,0.0,0.0,0.0,1.0,-0.0,0,0
309,0.0,0.0,0.0,1.0,-0.0,0,0
310,0.0,0.09108910891089109,0.13357165904190144,1.0,-0.0,0,0
311,0.0,0.10297029702970295,0.1367627457412436,1.0,-0.0,0,0
312,0.6,0.1485148514851485,0.16804870898437327,0.003608814132525882,2.4426354851605154,0,0
313,0.6,0.1485148514851485,0.16804870898437327,0.003608814132525882,2.4426354851605154,0,0
314,0.6,0.1485148514851485,0.16804870898437327,0.003608814132525882,2.4426354851605154,0,0
315,0.6,0.05940594059405942,0.11447531431916541,1.1655970589839938e-06,5.93345155704163,0,0
316,0.6,0.047524752475247525,0.10205226714237724,3.087642278148725e-08,7.510373021038768,0,0
317,0.0,0.0039603960396039604,0.027863855998951068,1.0,-0.0,0,0
318,0.0,0.0039603960396039604,0.027863855998951068,1.0,-0.0,0,0
319,0.0,0.0039603960396039604,0.027863855998951068,1.0,-0.0,0,0
320,0.2,0.011881188118811883,0.04727657974777554,3.458655652090603e-05,4.461092674713383,0,0
321,0.2,0.011881188118811883,0.04727657974777554,3.458655652090603e-05,4.461092674713383,0,0
322,0.2,0.019801980198019802,0.059735061897023205,0.001278047474114718,2.8934530136556162,0,0
323,0.2,0.041584158415841586,0.08116396646304633,0.025480968483881664,1.5937840693032386,0,0
324,0.2,0.12475247524752475,0.14852805221860732,0.30621016232029796,0.5139804002922561,0,0
325,0.0,0.11287128712871287,0.1390657415135005,1.0,-0.0,1,0
326,0.0,0.11287128712871287,0.1390657415135005,1.0,-0.0,0,0
327,0.0,0.10495049504950495,0.13377699607171908,1.0,-0.0,0,0
328,0.0,0.08316831683168317,0.12353642740976017,1.0,-0.0,0,0
329,0.0,0.0,0.0,1.0,-0.0,0,0
330,0.0,0.0,0.0,1.0,-0.0,0,0
331,0.0,0.0,0.0,1.0,-0.0,0,0
332,0.0,0.0,0.0,1.0,-0.0,0,0
333,0.0,0.03564356435643565,0.08154954567118416,1.0,-0.0,0,0
334,0.0,0.03564356435643565,0.08154954567118416,1.0,-0.0,0,0
335,0.0,0.03564356435643565,0.08154954567118416,1.0,-0.0,0,0
336,0.0,0.03564356435643565,0.08154954567118416,1.0,-0.0,0,0
337,0.0,0.03564356435643565,0.08154954567118416,1.0,-0.0,0,0
338,0.0,0.0,0.0,1.0,-0.0,0,0
339,0.0,0.0,0.0,1.0,-0.0,0,0
340,0.0,0.0,0.0,1.0,-0.0,0,0
341,0.0,0.0,0.0,1.0,-0.0,0,0
342,0.0,0.0,0.0,1.0,-0.0,0,0
343,0.0,0.0,0.0,1.0,-0.0,0,0
344,1.0,0.09702970297029703,0.13084299831035082,2.5787358066489165e-12,11.588593149367224,0,0
345,1.0,0.09702970297029703,0.13084299831035082,2.5787358066489165e-12,11.588593149367224,0,0
346,1.0,0.09702970297029703,0.13084299831035082,2.5787358066489165e-12,11.588593149367224,0,0
347,1.0,0.09702970297029703,0.13084299831035082,2.5787358066489165e-12,11.588593149367224,0,0
348,1.0,0.09702970297029703,0.13084299831035082,2.5787358066489165e-12,11.588593149367224,0,0
349,0.0,0.0,0.0,1.0,-0.0,0,0
350,0.0,0.0,0.0,1.0,-0.0,0,0
351,0.0,0.0,0.0,1.0,-0.0,0,0
352,0.0,0.027722772277227727,0.07461957893630407,1.0,-0.0,0,0
353,0.0,0.027722772277227727,0.07461957893630407,1.0,-0.0,0,0
354,0.0,0.027722772277227727,0.07461957893630407,1.0,-0.0,0,0
355,0.0,0.027722772277227727,0.07461957893630407,1.0,-0.0,0,0
356,0.0,0.027722772277227727,0.07461957893630407,1.0,-0.0,0,0
357,0.0,0.0,0.0,1.0,-0.0,0,0
358,0.0,0.0,0.0,1.0,-0.0,0,0
359,0.0,0.0,0.0,1.0,-0.0,0,0
360,0.0,0.015841584158415842,0.05401260078014202,1.0,-0.0,0,0
361,0.0,0.015841584158415842,0.05401260078014202,1.0,-0.0,0,0
362,0.0,0.015841584158415842,0.05401260078014202,1.0,-0.0,0,0
363,0.0,0.0712871287128713,0.10747934055534188,1.0,-0.0,0,0
364,0.0,0.0712871287128713,0.10747934055534188,1.0,-0.0,0,0
365,0.0,0.05544554455445545,0.09797478714338997,1.0,-0.0,0,0
366,0.0,0.05544554455445545,0.09797478714338997,1.0,-0.0,0,0
367,0.0,0.05544554455445545,0.09797478714338997,1.0,-0.0,0,0
368,0.0,0.0,0.0,1.0,-0.0,0,0
369,0.0,0.0,0.0,1.0,-0.0,0,0
370,0.0,0.0,0.0,1.0,-0.0,0,0
371,0.0,0.0,0.0,1.0,-0.0,0,0
372,0.0,0.0,0.0,1.0,-0.0,0,0
373,0.0,0.0,0.0,1.0,-0.0,0,0
374,0.0,0.0,0.0,1.0,-0.0,0,0
375,0.0,0.0,0.0,1.0,-0.0,0,0
376,0.0,0.0,0.0,1.0,-0.0,0,0
377,0.0,0.0,0.0,1.0,-0.0,0,0
378,0.0,0.06534653465346535,0.11295810453031022,1.0,-0.0,0,0
379,0.0,0.07128712871287128,0.11801714396634724,1.0,-0.0,0,0
380,0.0,0.07128712871287128,0.11801714396634724,1.0,-0.0,0,0
381,0.0,0.07128712871287128,0.11801714396634724,1.0,-0.0,0,0
382,0.0,0.07128712871287128,0.11801714396634724,1.0,-0.0,0,0
383,0.0,0.0059405940594059415,0.03395332316729158,1.0,-0.0,0,0
384,0.0,0.0,0.0,1.0,-0.0,0,0
385,0.0,0.0,0.0,1.0,-0.0,0,0
386,0.0,0.0,0.0,1.0,-0.0,0,0
387,0.0,0.007920792079207921,0.03900537743285587,1.0,-0.0,0,0
388,0.0,0.007920792079207921,0.03900537743285587,1.0,-0.0,0,0
389,0.0,0.007920792079207921,0.03900537743285587,1.0,-0.0,0,0
390,0.0,0.007920792079207921,0.03900537743285587,1.0,-0.0,0,0
391,0.0,0.007920792079207921,0.03900537743285587,1.0,-0.0,0,0
392,0.0,0.0,0.0,1.0,-0.0,0,0
