,foreground,bg_means,bg_stdev,pvals,minus_logs,regs,active
2,0.0,0.0,0.0,1.0,-0.0,0,0
3,0.0,0.0,0.0,1.0,-0.0,0,0
4,1.0,1.120792079207921,0.3147580657223275,1.0,-0.0,0,0
5,1.0,1.5148514851485146,0.36189439371281323,1.0,-0.0,0,0
6,1.0,1.58019801980198,0.3739062735261572,1.0,-0.0,0,0
7,1.4,1.7603960396039602,0.3658921574390525,1.0,-0.0,0,0
8,1.4,2.401980198019802,0.43372213535510323,1.0,-0.0,0,0
9,0.4,1.279207920792079,0.3859710222753399,1.0,-0.0,0,0
10,0.6,1.0970297029702971,0.4151715488317061,1.0,-0.0,0,0
11,0.8,1.5683168316831682,0.4664869111042088,1.0,-0.0,0,0
12,0.6,1.7999999999999996,0.4809232045897467,1.0,-0.0,0,0
13,0.6,1.1584158415841586,0.37582050875191625,1.0,-0.0,0,0
14,1.0,1.3544554455445545,0.4008715140630196,1.0,-0.0,0,0
15,0.8,1.1445544554455445,0.4030761045317688,1.0,-0.0,0,0
16,1.0,0.9148514851485149,0.40428059528688376,0.4165929293613847,0.380288105404579,0,0
17,1.4,1.0613861386138614,0.37203489057864175,0.18136723570535124,0.7414411662151197,0,0
18,1.4,1.0613861386138614,0.37203489057864175,0.18136723570535124,0.7414411662151197,0,0
19,1.0,0.8653465346534654,0.3247041741428852,0.33918229456683113,0.4695668261459116,0,0
20,1.0,0.8653465346534654,0.3247041741428852,0.33918229456683113,0.4695668261459116,0,0
21,0.6,0.5584158415841584,0.22038100524277604,0.4251670651808081,0.37144038470428525,0,0
22,0.0,0.0,0.0,1.0,-0.0,0,0
23,0.0,0.0,0.0,1.0,-0.0,0,0
24,0.0,0.0,0.0,1.0,-0.0,0,0
25,0.0,0.0,0.0,1.0,-0.0,0,0
26,0.0,0.0,0.0,1.0,-0.0,0,0
27,0.0,0.0,0.0,1.0,-0.0,0,0
28,0.2,0.2237623762376237,0.18301572450512466,1.0,-0.0,0,0
29,0.2,0.4138613861386139,0.256800459181253,1.0,-0.0,0,0
30,0.2,0.49306930693069306,0.28502472560542946,1.0,-0.0,0,0
31,0.6,0.8336633663366338,0.3246558658521853,1.0,-0.0,0,0
32,0.6,0.8336633663366338,0.3246558658521853,1.0,-0.0,0,0
33,0.6,1.0099009900990101,0.3113385189233037,1.0,-0.0,0,0
34,0.6,0.8198019801980198,0.2904485441997635,1.0,-0.0,0,0
35,0.8,0.8831683168316832,0.3111999474823357,1.0,-0.0,0,0
36,0.6,0.5900990099009901,0.25852014131275386,0.4847247562939433,0.3145047990366968,0,0
37,0.6,0.5900990099009901,0.25852014131275386,0.4847247562939433,0.3145047990366968,0,0
38,0.4,0.1900990099009901,0.17206086333646303,0.11124704891478394,0.9537115008596064,0,0
39,0.6,0.33069306930693076,0.20764715610167653,0.09732506422945637,1.0117753009980432,0,0
40,0.4,0.1861386138613861,0.14960654865365625,0.07643141550951789,1.1167280972084304,0,0
41,0.2,0.14059405940594058,0.13063304952451993,0.32464300674282387,0.48859394799132966,0,0
42,0.2,0.14059405940594058,0.13063304952451993,0.32464300674282387,0.48859394799132966,0,0
43,0.2,0.14059405940594058,0.13063304952451993,0.32464300674282387,0.48859394799132966,0,0
44,0.0,0.05346534653465347,0.08851285797476045,1.0,-0.0,0,0
45,0.0,0.05346534653465347,0.08851285797476045,1.0,-0.0,0,0
46,0.0,0.05346534653465347,0.08851285797476045,1.0,-0.0,0,0
47,0.0,0.05346534653465347,0.08851285797476045,1.0,-0.0,0,0
48,0.0,0.05346534653465347,0.08851285797476045,1.0,-0.0,0,0
49,0.6,0.17227722772277226,0.16174715133989812,0.004091898442621513,2.3880751536393503,0,0
50,0.8,0.4198019801980198,0.20586441850878456,0.03238538567915963,1.4896509265448283,0,0
51,0.8,0.48712871287128706,0.21693790065345306,0.07462073986183139,1.1271404492603758,0,0
52,0.8,1.5554455445544555,0.4347470523302625,1.0,-0.0,0,0
53,0.8,1.5554455445544555,0.4347470523302625,1.0,-0.0,0,0
54,0.2,1.3841584158415845,0.43206450592551426,1.0,-0.0,1,0
55,0.0,1.437623762376238,0.45092896087097933,1.0,-0.0,0,0
56,0.0,1.504950495049505,0.44729688407114454,1.0,-0.0,0,0
57,0.0,0.43762376237623773,0.24810229651165946,1.0,-0.0,0,0
58,1.6,1.2534653465346535,0.47586593428506596,0.23323974356262384,0.6321974447394113,0,0
59,1.6,1.295049504950495,0.4846916418180427,0.2646208723261118,0.5773759032379024,0,0
60,1.8,1.1980198019801982,0.4829735039818185,0.10630802226484833,0.9734339613102299,0,0
61,2.0,1.19009900990099,0.4893934314956617,0.04897160442239475,1.3100556672626007,0,0
62,2.2,1.3782178217821783,0.5241880020227115,0.058472764158512214,1.2330463754561296,0,0
63,1.0,0.7346534653465345,0.3659885957116173,0.23422198995634902,0.630372333566052,0,0
64,1.0,0.693069306930693,0.34419008843766485,0.1862641108161695,0.7298708164724872,0,0
65,0.8,0.4871287128712872,0.27777880164065355,0.13001240688130883,0.8860152016701924,0,0
66,0.6,0.3940594059405941,0.2616859966207016,0.2156479632222777,0.6662546393752192,0,0
67,0.4,0.2059405940594059,0.1979207673143487,0.16342206097986373,0.7866893167442065,0,0
68,0.0,0.033663366336633666,0.07482947971362848,1.0,-0.0,0,0
69,0.0,0.033663366336633666,0.07482947971362848,1.0,-0.0,0,0
70,0.4,0.47326732673267335,0.2650951964670113,1.0,-0.0,0,0
71,1.4,0.9435643564356435,0.4406151958441109,0.150123148138338,0.8235523368463998,0,0
72,2.0,1.102970297029703,0.49200648903886157,0.034136018315639144,1.4667871371285053,0,0
73,2.0,1.2673267326732673,0.5191594331302635,0.07908275417705897,1.1019182141298596,1,0
74,2.0,1.3920792079207922,0.5033911079741987,0.11359076006781539,0.9446569944592191,0,0
75,2.4,1.1663366336633663,0.4020435983753608,0.001075748045010529,2.968289434501192,0,0
76,1.4,0.6613861386138613,0.3040877599451448,0.007571317318594347,2.1208285518838235,0,0
77,0.8,0.500990099009901,0.2878720320431693,0.14947438588315431,0.8254332222068939,0,0
78,0.8,0.33762376237623765,0.24810229651165944,0.03118532438422355,1.5060497341350363,0,0
79,0.8,0.21386138613861383,0.19752413211148517,0.0015015136904131508,2.823470703662282,0,0
80,0.0,0.0,0.0,1.0,-0.0,0,0
81,0.0,0.0,0.0,1.0,-0.0,0,0
82,0.0,0.0,0.0,1.0,-0.0,0,0
83,0.0,0.0,0.0,1.0,-0.0,0,0
84,0.0,0.0,0.0,1.0,-0.0,0,0
85,0.0,0.0,0.0,1.0,-0.0,0,0
86,0.0,0.0,0.0,1.0,-0.0,0,0
87,0.4,0.11683168316831682,0.1357555366416048,0.0184952283805795,1.7329403016120053,0,0
88,0.4,0.11683168316831682,0.1357555366416048,0.0184952283805795,1.7329403016120053,0,0
89,0.4,0.11683168316831682,0.1357555366416048,0.0184952283805795,1.7329403016120053,0,0
90,0.4,0.11683168316831682,0.1357555366416048,0.0184952283805795,1.7329403016120053,0,0
91,0.4,0.11683168316831682,0.1357555366416048,0.0184952283805795,1.7329403016120053,0,0
92,0.0,0.0,0.0,1.0,-0.0,0,0
93,0.0,0.0,0.0,1.0,-0.0,0,0
94,0.0,0.0,0.0,1.0,-0.0,0,0
95,0.2,0.12475247524752472,0.12851469892742934,0.2791001120329159,0.5542399891822131,0,0
96,0.2,0.1801980198019802,0.1305129271547254,0.43970220221093853,0.3568413592480137,0,0
97,0.2,0.1801980198019802,0.1305129271547254,0.43970220221093853,0.3568413592480137,0,0
98,0.2,0.1801980198019802,0.1305129271547254,0.43970220221093853,0.3568413592480137,0,0
99,0.2,0.1801980198019802,0.1305129271547254,0.43970220221093853,0.3568413592480137,0,0
100,0.0,0.05544554455445545,0.08952597667688963,1.0,-0.0,0,0
101,0.0,0.0,0.0,1.0,-0.0,0,0
102,0.0,0.0,0.0,1.0,-0.0,0,0
103,0.0,0.0,0.0,1.0,-0.0,0,0
104,0.0,0.0,0.0,1.0,-0.0,0,0
105,0.0,0.0,0.0,1.0,-0.0,0,0
106,0.0,0.10693069306930694,0.13948804962658476,1.0,-0.0,0,0
107,0.0,0.27722772277227725,0.204833275896804,1.0,-0.0,0,0
108,0.0,0.4376237623762377,0.24650085258765048,1.0,-0.0,0,0
109,0.0,0.5267326732673266,0.2907454022550617,1.0,-0.0,0,0
110,0.4,0.7524752475247525,0.32230422237934236,1.0,-0.0,0,0
111,0.4,0.6435643564356435,0.29194324742941963,1.0,-0.0,0,0
112,0.6,1.0178217821782178,0.40207285670608767,1.0,-0.0,0,0
113,0.6,0.8574257425742575,0.3485036001784198,1.0,-0.0,0,0
114,1.2,1.6178217821782181,0.48997798285632443,1.0,-0.0,1,0
115,0.8,1.3920792079207918,0.4475860818399052,1.0,-0.0,0,0
116,0.8,1.3920792079207918,0.4475860818399052,1.0,-0.0,0,0
117,0.6,0.8475247524752476,0.3550467991481331,1.0,-0.0,0,0
118,0.6,0.8475247524752476,0.3550467991481331,1.0,-0.0,0,0
119,0.0,0.0,0.0,1.0,-0.0,0,0
120,0.0,0.0,0.0,1.0,-0.0,0,0
121,0.0,0.0,0.0,1.0,-0.0,0,0
122,0.0,0.0,0.0,1.0,-0.0,0,0
123,0.0,0.0,0.0,1.0,-0.0,0,0
124,0.0,0.0,0.0,1.0,-0.0,0,0
125,0.0,0.0,0.0,1.0,-0.0,0,0
126,0.0,0.0,0.0,1.0,-0.0,0,0
127,0.0,0.0,0.0,1.0,-0.0,0,0
128,2.8,1.1465346534653469,0.3774758156139209,5.925222775574393e-06,5.227295316476704,0,0
129,2.8,1.4613861386138614,0.45706127522774503,0.0017016922173797272,2.7691189873660473,0,0
130,3.0,1.6633663366336633,0.48168901932888747,0.0027610257624820314,2.5589295410421613,0,0
131,3.0,1.6633663366336633,0.48168901932888747,0.0027610257624820314,2.5589295410421613,0,0
132,3.0,2.0891089108910896,0.5674157136516523,0.0542102859091297,1.2659183022115674,0,0
133,0.2,0.9435643564356435,0.40697284838622305,1.0,-0.0,0,0
134,0.6,0.8455445544554456,0.38060003498260725,1.0,-0.0,0,0
135,0.6,0.7306930693069308,0.3335208439037988,1.0,-0.0,0,0
136,0.6,0.7306930693069308,0.3335208439037988,1.0,-0.0,0,0
137,0.6,0.33663366336633666,0.2028132693713959,0.09704652340908433,1.0130200181457352,0,0
138,0.8,0.5148514851485149,0.2748126773755337,0.14972571777274163,0.8247035962668375,0,0
139,0.4,0.297029702970297,0.224470971262468,0.32321606824552557,0.4905070570035679,0,0
140,0.2,0.21188118811881188,0.1884208102236084,1.0,-0.0,0,0
141,0.2,0.2871287128712871,0.19784150388813654,1.0,-0.0,0,0
142,0.2,0.30693069306930687,0.19813857823919193,1.0,-0.0,0,0
