,foreground,bg_means,bg_stdev,pvals,minus_logs,regs,active
2,0.0,0.049504950495049514,0.08631483056516186,1.0,-0.0,0,0
3,0.0,0.049504950495049514,0.08631483056516186,1.0,-0.0,0,0
4,0.2,0.17029702970297025,0.1525652299743226,0.4228177032897116,0.3738468371638679,0,0
5,0.2,0.2851485148514851,0.2275074315460605,1.0,-0.0,0,0
6,0.2,0.2356435643564356,0.20371993900374946,1.0,-0.0,0,0
7,0.2,0.2356435643564356,0.20371993900374946,1.0,-0.0,0,0
8,0.2,0.2356435643564356,0.20371993900374946,1.0,-0.0,0,0
9,0.0,0.1584158415841584,0.17421241542909127,1.0,-0.0,0,0
10,0.0,0.041584158415841586,0.08116396646304633,1.0,-0.0,0,0
11,0.0,0.041584158415841586,0.08116396646304633,1.0,-0.0,0,0
12,0.0,0.1584158415841584,0.17647108799335678,1.0,-0.0,0,0
13,0.0,0.1584158415841584,0.17647108799335678,1.0,-0.0,0,0
14,0.0,0.11485148514851484,0.15757201001249713,1.0,-0.0,0,0
15,0.0,0.11485148514851484,0.15757201001249713,1.0,-0.0,0,0
16,0.0,0.2178217821782178,0.18900261384538627,1.0,-0.0,0,0
17,0.2,0.1900990099009901,0.17434741150934763,0.4773566954975001,0.3211569815578089,0,0
18,0.2,0.1900990099009901,0.17434741150934763,0.4773566954975001,0.3211569815578089,0,0
19,0.2,0.1900990099009901,0.17434741150934763,0.4773566954975001,0.3211569815578089,0,0
20,0.4,0.33069306930693076,0.2223824972889736,0.3776508295023322,0.4229095570468085,0,0
21,0.4,0.22772277227722773,0.18674852677785872,0.1781315256860781,0.7492592123734949,0,0
22,0.2,0.14059405940594058,0.15297590428378585,0.34888396616545203,0.45731898918151326,0,0
23,0.2,0.14059405940594058,0.15297590428378585,0.34888396616545203,0.45731898918151326,0,0
24,0.2,0.14059405940594058,0.15297590428378585,0.34888396616545203,0.45731898918151326,0,0
25,0.0,0.0,0.0,1.0,-0.0,0,0
26,0.0,0.0,0.0,1.0,-0.0,0,0
27,0.2,0.1188118811881188,0.1467218499235066,0.2900128572797209,0.5375827478877419,0,0
28,0.2,0.1188118811881188,0.1467218499235066,0.2900128572797209,0.5375827478877419,0,0
29,0.2,0.1188118811881188,0.1467218499235066,0.2900128572797209,0.5375827478877419,0,0
30,0.2,0.1188118811881188,0.1467218499235066,0.2900128572797209,0.5375827478877419,0,0
31,0.2,0.1188118811881188,0.1467218499235066,0.2900128572797209,0.5375827478877419,0,0
32,0.0,0.0,0.0,1.0,-0.0,0,0
33,0.2,0.019801980198019802,0.059735061897023205,0.001278047474114718,2.8934530136556162,0,0
34,0.4,0.10891089108910887,0.14218869759220787,0.02031908518836036,1.6920958488778115,0,0
35,0.4,0.17821782178217818,0.1799911771193242,0.10894025235869133,0.9628116230241484,0,0
36,0.8,0.36237623762376237,0.2081752332823988,0.017768345331640976,1.7503530137702146,0,0
37,0.8,0.36237623762376237,0.2081752332823988,0.017768345331640976,1.7503530137702146,0,0
38,0.6,0.3425742574257426,0.21495868111068372,0.11554433714027458,0.9372513345552418,0,0
39,0.4,0.2514851485148515,0.1749760161138576,0.1980039144040978,0.703326223944047,0,0
40,0.4,0.1841584158415841,0.1558957974317986,0.08309892321835423,1.0804046036931063,0,0
41,0.0,0.19999999999999996,0.18455190581674866,1.0,-0.0,0,0
42,0.0,0.3445544554455446,0.21639496687323803,1.0,-0.0,0,0
