,foreground,bg_means,bg_stdev,pvals,minus_logs,regs,active
2,0.0,0.22376237623762374,0.20926486833462027,1.0,-0.0,0,0
3,0.0,0.10099009900990098,0.14791959918402456,1.0,-0.0,0,0
4,0.0,0.09306930693069305,0.14776046024695158,1.0,-0.0,0,0
5,0.0,0.21188118811881188,0.2102742804349828,1.0,-0.0,0,0
6,0.0,0.1485148514851485,0.19223225504176786,1.0,-0.0,0,0
7,0.0,0.15346534653465344,0.19476533553959294,1.0,-0.0,0,0
8,0.0,0.16435643564356434,0.197801860264076,1.0,-0.0,0,0
9,0.0,0.16435643564356434,0.197801860264076,1.0,-0.0,0,0
10,0.0,0.04554455445544555,0.08846854615322249,1.0,-0.0,0,0
11,0.0,0.01386138613861386,0.05079507064705211,1.0,-0.0,0,0
12,0.0,0.021782178217821784,0.06836703565002801,1.0,-0.0,0,0
13,0.0,0.011881188118811881,0.047276579747775535,1.0,-0.0,0,0
14,0.0,0.011881188118811881,0.047276579747775535,1.0,-0.0,0,0
15,0.2,0.16039603960396034,0.18672752846140642,0.4160164910161983,0.3808894534708943,0,0
16,0.2,0.20396039603960395,0.20485241829915377,1.0,-0.0,0,0
17,0.2,0.19207920792079206,0.19482572477225887,0.4837851568750908,0.31534746045973494,0,0
18,0.2,0.19207920792079206,0.19482572477225887,0.4837851568750908,0.31534746045973494,0,0
19,0.2,0.19207920792079206,0.19482572477225887,0.4837851568750908,0.31534746045973494,0,0
20,0.2,0.2396039603960396,0.22867643617032954,1.0,-0.0,0,0
21,0.2,0.19603960396039596,0.21244488724065505,0.49256335165431003,0.30753790424356076,0,0
22,0.2,0.19603960396039596,0.21244488724065505,0.49256335165431003,0.30753790424356076,0,0
23,0.2,0.24950495049504945,0.2327722561707459,1.0,-0.0,0,0
24,0.2,0.3623762376237623,0.2866161351708936,1.0,-0.0,0,0
25,0.0,0.16633663366336632,0.19308707712077475,1.0,-0.0,0,0
26,0.0,0.16633663366336632,0.19308707712077475,1.0,-0.0,0,0
27,0.0,0.1742574257425742,0.1943017278738389,1.0,-0.0,0,0
28,0.0,0.11881188118811879,0.1596486682831396,1.0,-0.0,0,0
29,0.0,0.15247524752475244,0.1519471373722842,1.0,-0.0,0,0
30,0.0,0.3148514851485148,0.24591157495289667,1.0,-0.0,0,0
31,0.0,0.3148514851485148,0.24591157495289667,1.0,-0.0,0,0
32,0.0,0.31881188118811893,0.24884400906780207,1.0,-0.0,0,0
33,0.0,0.31881188118811893,0.24884400906780207,1.0,-0.0,0,0
34,0.0,0.17623762376237617,0.17640441545600072,1.0,-0.0,0,0
35,0.0,0.019801980198019802,0.059735061897023205,1.0,-0.0,0,0
36,0.0,0.05544554455445545,0.10575073206193021,1.0,-0.0,0,0
37,0.0,0.04356435643564357,0.09164702150816742,1.0,-0.0,0,0
38,0.0,0.04752475247524753,0.09397077637785879,1.0,-0.0,0,0
39,0.0,0.04752475247524753,0.09397077637785879,1.0,-0.0,0,0
40,0.0,0.039603960396039604,0.08452453849668534,1.0,-0.0,0,0
41,0.0,0.027722772277227727,0.07975061610139514,1.0,-0.0,0,0
42,0.0,0.12673267326732673,0.1454872925680942,1.0,-0.0,0,0
43,0.2,0.16633663366336635,0.1642729120947021,0.41881597997376907,0.3779767561192014,0,0
44,0.2,0.20198019801980197,0.17687059543257513,1.0,-0.0,0,0
45,0.2,0.20198019801980197,0.17687059543257513,1.0,-0.0,0,0
46,0.2,0.1900990099009901,0.17434741150934763,0.4773566954975001,0.3211569815578089,0,0
47,0.2,0.0891089108910891,0.13636075485692528,0.20804639598911934,0.6818398031375332,0,0
48,0.0,0.04752475247524753,0.09809478080396702,1.0,-0.0,0,0
49,0.0,0.05148514851485149,0.096075322540263,1.0,-0.0,0,0
50,0.0,0.11683168316831682,0.14696218071508493,1.0,-0.0,0,0
51,0.0,0.19603960396039605,0.20094863738570082,1.0,-0.0,0,0
52,0.0,0.21782178217821782,0.21266626092410074,1.0,-0.0,0,0
53,0.0,0.22574257425742575,0.20997570125642082,1.0,-0.0,0,0
54,0.0,0.27524752475247527,0.2402168742038931,1.0,-0.0,0,0
55,0.0,0.2099009900990099,0.2113159852982828,1.0,-0.0,0,0
56,0.0,0.1188118811881188,0.16453527190369102,1.0,-0.0,0,0
57,0.0,0.09702970297029702,0.1396285351588451,1.0,-0.0,0,0
58,0.0,0.08910891089108909,0.13042276277287215,1.0,-0.0,0,0
59,0.0,0.0,0.0,1.0,-0.0,0,0
60,0.0,0.0,0.0,1.0,-0.0,0,0
61,0.0,0.0,0.0,1.0,-0.0,0,0
62,0.0,0.0,0.0,1.0,-0.0,0,0
63,0.0,0.0,0.0,1.0,-0.0,0,0
64,0.0,0.0019801980198019802,0.0198019801980198,1.0,-0.0,0,0
65,0.0,0.0019801980198019802,0.0198019801980198,1.0,-0.0,0,0
66,0.0,0.0019801980198019802,0.0198019801980198,1.0,-0.0,0,0
67,0.0,0.0019801980198019802,0.0198019801980198,1.0,-0.0,0,0
68,0.0,0.01386138613861386,0.05079507064705211,1.0,-0.0,0,0
69,0.0,0.011881188118811881,0.047276579747775535,1.0,-0.0,0,0
70,0.0,0.011881188118811881,0.047276579747775535,1.0,-0.0,0,0
71,0.0,0.10297029702970299,0.14243667729389659,1.0,-0.0,0,0
72,0.0,0.12277227722772277,0.15913204437912432,1.0,-0.0,0,0
73,0.0,0.11089108910891086,0.14752142995793407,1.0,-0.0,0,0
74,0.0,0.15247524752475244,0.17382935720677029,1.0,-0.0,0,0
75,0.0,0.16435643564356434,0.18325125229717665,1.0,-0.0,0,0
76,0.0,0.08514851485148513,0.1269490726718781,1.0,-0.0,0,0
77,0.0,0.06534653465346535,0.10939585993610405,1.0,-0.0,0,0
78,0.0,0.0871287128712871,0.13024224675172555,1.0,-0.0,0,0
79,0.0,0.06732673267326733,0.11000352009767247,1.0,-0.0,0,0
80,0.0,0.05544554455445544,0.1019369320889802,1.0,-0.0,0,0
81,0.0,0.13663366336633662,0.1539723340696535,1.0,-0.0,0,0
82,0.0,0.13663366336633662,0.1539723340696535,1.0,-0.0,0,0
83,0.0,0.11287128712871283,0.1390657415135005,1.0,-0.0,0,0
84,0.0,0.09306930693069305,0.12762679639066946,1.0,-0.0,0,0
85,0.0,0.09306930693069305,0.12762679639066946,1.0,-0.0,0,0
86,0.0,0.17227722772277226,0.16417740457959706,1.0,-0.0,0,0
87,0.0,0.23762376237623759,0.18819175240422528,1.0,-0.0,0,0
88,0.0,0.25940594059405936,0.19608960258498426,1.0,-0.0,0,0
89,0.0,0.25940594059405936,0.19608960258498426,1.0,-0.0,0,0
90,0.0,0.26930693069306927,0.19987252088626603,1.0,-0.0,0,0
91,0.0,0.09702970297029702,0.13084299831035082,1.0,-0.0,0,0
92,0.0,0.031683168316831684,0.07826167463512675,1.0,-0.0,0,0
93,0.0,0.009900990099009901,0.04338396495090424,1.0,-0.0,0,0
94,0.0,0.013861386138613863,0.05079507064705211,1.0,-0.0,0,0
95,0.0,0.0039603960396039604,0.02786385599895107,1.0,-0.0,0,0
96,0.0,0.033663366336633666,0.07482947971362845,1.0,-0.0,0,0
97,0.0,0.19009900990099005,0.17660435755646178,1.0,-0.0,0,0
98,0.0,0.2633663366336633,0.19886946426556495,1.0,-0.0,0,0
99,0.0,0.3326732673267327,0.22210019632174183,1.0,-0.0,0,0
100,0.0,0.3326732673267327,0.22210019632174183,1.0,-0.0,0,0
101,0.0,0.3178217821782178,0.22532530481702065,1.0,-0.0,0,0
102,0.0,0.16237623762376235,0.17735766020493526,1.0,-0.0,0,0
103,0.0,0.08712871287128712,0.13324834725751067,1.0,-0.0,0,0
104,0.0,0.031683168316831684,0.0730260947112308,1.0,-0.0,0,0
105,0.0,0.04554455445544554,0.08387254884969257,1.0,-0.0,0,0
106,0.0,0.0297029702970297,0.07112192077650681,1.0,-0.0,0,0
107,0.0,0.0297029702970297,0.07112192077650681,1.0,-0.0,0,0
108,0.0,0.0297029702970297,0.07112192077650681,1.0,-0.0,0,0
109,0.0,0.01386138613861386,0.05079507064705211,1.0,-0.0,0,0
110,0.0,0.0,0.0,1.0,-0.0,0,0
111,0.0,0.10495049504950493,0.14513649268759363,1.0,-0.0,0,0
112,0.0,0.10495049504950493,0.14513649268759363,1.0,-0.0,0,0
113,0.0,0.10495049504950493,0.14513649268759363,1.0,-0.0,0,0
114,0.0,0.10495049504950493,0.14513649268759363,1.0,-0.0,0,0
115,0.0,0.10495049504950493,0.14513649268759363,1.0,-0.0,0,0
116,0.0,0.11782178217821779,0.1323033115920005,1.0,-0.0,0,0
117,0.0,0.13663366336633662,0.14331490790275034,1.0,-0.0,0,0
118,0.0,0.13663366336633662,0.14331490790275034,1.0,-0.0,0,0
119,0.0,0.13663366336633662,0.14331490790275034,1.0,-0.0,0,0
120,0.0,0.2138613861386138,0.17178717143997088,1.0,-0.0,0,0
121,0.0,0.09504950495049502,0.12457948087149172,1.0,-0.0,0,0
122,0.0,0.07722772277227724,0.11593886073904514,1.0,-0.0,0,0
123,0.0,0.07722772277227724,0.11593886073904514,1.0,-0.0,0,0
124,0.0,0.08316831683168316,0.11694909354640316,1.0,-0.0,0,0
125,0.0,0.011881188118811881,0.04727657974777555,1.0,-0.0,0,0
126,0.0,0.011881188118811881,0.04727657974777555,1.0,-0.0,0,0
127,0.0,0.011881188118811881,0.04727657974777555,1.0,-0.0,0,0
128,0.0,0.011881188118811881,0.04727657974777555,1.0,-0.0,0,0
129,0.0,0.011881188118811881,0.04727657974777554,1.0,-0.0,0,0
130,0.0,0.0059405940594059415,0.03395332316729158,1.0,-0.0,0,0
131,0.0,0.0059405940594059415,0.03395332316729158,1.0,-0.0,0,0
132,0.0,0.009900990099009901,0.04338396495090424,1.0,-0.0,0,0
133,0.0,0.009900990099009901,0.04338396495090424,1.0,-0.0,0,0
134,0.0,0.0039603960396039604,0.027863855998951064,1.0,-0.0,0,0
135,0.0,0.007920792079207921,0.03900537743285587,1.0,-0.0,0,0
136,0.0,0.007920792079207921,0.03900537743285587,1.0,-0.0,0,0
137,0.0,0.0039603960396039604,0.02786385599895106,1.0,-0.0,0,0
138,0.0,0.0039603960396039604,0.02786385599895106,1.0,-0.0,0,0
139,0.2,0.019801980198019802,0.059735061897023205,0.001278047474114718,2.8934530136556162,0,0
140,0.2,0.015841584158415842,0.05401260078014202,0.00032535620257014524,3.4876409094885674,0,0
141,0.2,0.015841584158415842,0.05401260078014202,0.00032535620257014524,3.4876409094885674,0,0
142,0.2,0.04554455445544555,0.09283729243351323,0.04808399917069303,1.3179994190099724,0,0
143,0.4,0.1485148514851485,0.12790301197588233,0.024636742276181487,1.6084167196007249,0,0
144,0.2,0.13267326732673265,0.12356816445008076,0.29292662274682524,0.5332411555064862,0,0
145,0.2,0.13267326732673265,0.12356816445008076,0.29292662274682524,0.5332411555064862,0,0
146,0.2,0.13267326732673265,0.12356816445008076,0.29292662274682524,0.5332411555064862,0,0
147,0.4,0.18415841584158418,0.1704581324091671,0.10271287297898875,0.9883751229714892,0,0
148,0.2,0.08118811881188118,0.1264228887090089,0.17366078882092117,0.7602982306092326,0,0
149,0.2,0.08118811881188118,0.1264228887090089,0.17366078882092117,0.7602982306092326,0,0
150,0.4,0.12673267326732673,0.15083338726765974,0.03501501138275613,1.4557457281345711,0,0
151,0.6,0.18415841584158413,0.17276589394999795,0.008042839860632396,2.0945905783614958,0,0
152,0.4,0.10099009900990098,0.13386490123687583,0.012752424945647201,1.894407223827921,0,0
153,0.4,0.12673267326732673,0.15851482056387722,0.042360882711092035,1.373034998692924,0,0
154,0.4,0.19603960396039605,0.19084013945594866,0.14259117096897606,0.8459073645133393,0,0
155,0.2,0.15643564356435644,0.1725842262930766,0.4003567748557659,0.39755281794342295,0,0
156,0.0,0.10297029702970298,0.1424366772938966,1.0,-0.0,0,0
157,0.0,0.10297029702970298,0.1424366772938966,1.0,-0.0,0,0
158,0.0,0.07722772277227724,0.122580495370631,1.0,-0.0,0,0
159,0.0,0.009900990099009901,0.04338396495090425,1.0,-0.0,0,0
160,0.0,0.0039603960396039604,0.027863855998951068,1.0,-0.0,0,0
161,0.0,0.0,0.0,1.0,-0.0,0,0
162,0.0,0.0,0.0,1.0,-0.0,0,0
163,0.0,0.027722772277227727,0.07975061610139514,1.0,-0.0,0,0
164,0.0,0.027722772277227727,0.07975061610139514,1.0,-0.0,0,0
165,0.0,0.027722772277227727,0.07975061610139514,1.0,-0.0,0,0
166,0.0,0.027722772277227727,0.07975061610139514,1.0,-0.0,0,0
167,0.0,0.027722772277227727,0.07975061610139514,1.0,-0.0,0,0
168,0.0,0.0,0.0,1.0,-0.0,0,0
169,0.4,0.07722772277227724,0.11930590361498672,0.0034109297447418876,2.467127225706981,0,0
170,0.4,0.07722772277227724,0.11930590361498672,0.0034109297447418876,2.467127225706981,0,0
171,0.4,0.08118811881188118,0.11999411807954947,0.003943189481594297,2.4041523533265643,0,0
172,0.4,0.0891089108910891,0.12420120222231065,0.006155109217616707,2.210764236447136,0,0
173,0.8,0.19207920792079206,0.18222126052003706,0.00042470863062356155,3.3719089134993054,0,0
174,0.4,0.14455445544554452,0.1826511296253498,0.08097496426240265,1.0916492349898417,0,0
175,0.4,0.14455445544554452,0.1826511296253498,0.08097496426240265,1.0916492349898417,0,0
176,0.8,0.22574257425742575,0.22631506354949688,0.005583569898850581,2.2530880427040008,0,0
177,0.8,0.2178217821782178,0.22178217821782178,0.004332448363012563,2.363266604792314,0,0
178,0.4,0.11485148514851484,0.14169143619800648,0.022085672454221304,1.6558893730090944,0,0
179,0.6,0.11287128712871286,0.13324834725751067,0.00012819282465893427,3.8921362829158044,0,0
180,0.8,0.1267326732673267,0.14818445096134422,2.7671635478521693e-06,5.557965171964686,0,0
181,0.4,0.04356435643564357,0.09991664009142863,0.00018031848874196016,3.743959741125929,0,0
182,0.6,0.0594059405940594,0.11788416686049279,2.261179084805941e-06,5.6456650402804565,0,0
183,0.6,0.0594059405940594,0.11788416686049279,2.261179084805941e-06,5.6456650402804565,0,0
184,0.4,0.06930693069306931,0.11751770396006173,0.002446574726960859,2.6114415148269434,0,0
185,0.2,0.08118811881188118,0.11664694237642094,0.1542060090621744,0.8118987024738039,0,0
186,0.2,0.09306930693069307,0.1212618684546128,0.18893807577263805,0.7236805120007751,0,0
187,0.0,0.07722772277227724,0.11593886073904515,1.0,-0.0,0,0
188,0.0,0.0910891089108911,0.1335716590419014,1.0,-0.0,0,0
189,0.0,0.08316831683168317,0.13575553664160483,1.0,-0.0,0,0
190,0.0,0.05742574257425742,0.11021718851545144,1.0,-0.0,0,0
191,0.0,0.04554455445544555,0.09283729243351321,1.0,-0.0,0,0
192,0.0,0.04554455445544555,0.09283729243351321,1.0,-0.0,0,0
193,0.0,0.057425742574257435,0.10277971700879983,1.0,-0.0,0,0
194,0.0,0.049504950495049514,0.09912864166957489,1.0,-0.0,0,0
195,0.0,0.049504950495049514,0.09912864166957489,1.0,-0.0,0,0
196,0.0,0.049504950495049514,0.09912864166957489,1.0,-0.0,0,0
197,0.0,0.049504950495049514,0.09912864166957489,1.0,-0.0,0,0
198,0.0,0.06534653465346535,0.10939585993610405,1.0,-0.0,0,0
199,0.0,0.041584158415841586,0.09467748980500532,1.0,-0.0,0,0
200,0.0,0.0613861386138614,0.10806149425459212,1.0,-0.0,0,0
201,0.0,0.0613861386138614,0.10806149425459212,1.0,-0.0,0,0
202,0.0,0.09504950495049505,0.12457948087149175,1.0,-0.0,0,0
203,0.0,0.05346534653465347,0.10104832334394513,1.0,-0.0,0,0
204,0.0,0.05346534653465347,0.10104832334394513,1.0,-0.0,0,0
205,0.0,0.033663366336633666,0.08475617647141663,1.0,-0.0,0,0
206,0.0,0.07920792079207921,0.1261123431927973,1.0,-0.0,0,0
207,0.2,0.07920792079207921,0.10928827506175545,0.13452323402587257,0.8712027005106293,0,0
208,0.2,0.07920792079207921,0.10928827506175545,0.13452323402587257,0.8712027005106293,0,0
209,0.2,0.07920792079207921,0.10928827506175545,0.13452323402587257,0.8712027005106293,0,0
210,0.2,0.07920792079207921,0.10928827506175545,0.13452323402587257,0.8712027005106293,0,0
211,0.2,0.04752475247524753,0.09809478080396702,0.06004850186537829,1.2214978232271951,0,0
212,0.0,0.03762376237623763,0.08307396817189319,1.0,-0.0,0,0
213,0.0,0.039603960396039604,0.08908690597387718,1.0,-0.0,0,0
214,0.0,0.039603960396039604,0.08908690597387718,1.0,-0.0,0,0
215,0.0,0.039603960396039604,0.08908690597387718,1.0,-0.0,0,0
216,0.2,0.051485148514851496,0.1001126705723924,0.06897385175696842,1.1613155207112391,0,0
217,0.4,0.03564356435643565,0.09074407316744237,2.9696547060178094e-05,4.527294044955163,0,0
218,0.4,0.03366336633663367,0.08930671115865095,2.047921355407303e-05,4.688686725219861,0,0
219,0.4,0.03366336633663367,0.08930671115865095,2.047921355407303e-05,4.688686725219861,0,0
220,0.6,0.06732673267326733,0.11698261772468857,2.6387932494968344e-06,5.578594635592807,0,0
221,0.4,0.041584158415841586,0.09039772047931348,3.671690339710168e-05,4.435133953131464,0,0
222,0.2,0.033663366336633666,0.07482947971362847,0.013112090674369026,1.8823280561396656,0,0
223,0.2,0.033663366336633666,0.07482947971362847,0.013112090674369026,1.8823280561396656,0,0
224,0.2,0.033663366336633666,0.07482947971362847,0.013112090674369026,1.8823280561396656,0,0
225,0.0,0.0,0.0,1.0,-0.0,0,0
226,0.0,0.017821782178217824,0.05698017651460656,1.0,-0.0,0,0
227,0.0,0.049504950495049514,0.09912864166957489,1.0,-0.0,0,0
228,0.0,0.07920792079207921,0.1292145592164392,1.0,-0.0,0,0
229,0.0,0.07920792079207921,0.1292145592164392,1.0,-0.0,0,0
230,0.0,0.07920792079207921,0.1292145592164392,1.0,-0.0,0,0
231,0.0,0.09900990099009899,0.1396566153069739,1.0,-0.0,0,0
232,0.0,0.07722772277227721,0.12258049537063101,1.0,-0.0,0,0
233,0.0,0.05742574257425742,0.09885135821266286,1.0,-0.0,0,0
234,0.0,0.09900990099009901,0.13386490123687583,1.0,-0.0,0,0
235,0.0,0.09900990099009901,0.13386490123687583,1.0,-0.0,0,0
236,0.0,0.12079207920792079,0.14372473118118065,1.0,-0.0,0,0
237,0.0,0.11089108910891088,0.13636075485692528,1.0,-0.0,0,0
238,0.0,0.10099009900990098,0.12145573247679728,1.0,-0.0,0,0
239,0.0,0.1782178217821782,0.17999117711932416,1.0,-0.0,0,0
240,0.0,0.1782178217821782,0.17999117711932416,1.0,-0.0,0,0
241,0.0,0.11683168316831682,0.16232793292609266,1.0,-0.0,0,0
242,0.0,0.13861386138613863,0.17517758855125917,1.0,-0.0,0,0
243,0.2,0.39009900990099017,0.2734107816886053,1.0,-0.0,0,0
244,0.2,0.27128712871287125,0.22617641133029492,1.0,-0.0,0,0
245,0.2,0.27128712871287125,0.22617641133029492,1.0,-0.0,0,0
246,0.2,0.27128712871287125,0.22617641133029492,1.0,-0.0,0,0
247,0.2,0.2495049504950495,0.21323707922331575,1.0,-0.0,0,0
248,0.0,0.0,0.0,1.0,-0.0,0,0
249,0.0,0.2455445544554455,0.2419085632328785,1.0,-0.0,0,0
250,0.0,0.2574257425742574,0.2410153993081282,1.0,-0.0,0,0
251,0.0,0.36237623762376237,0.2934436998470131,1.0,-0.0,0,0
252,0.0,0.3722772277227723,0.2938709934113133,1.0,-0.0,0,0
253,0.0,0.45148514851485155,0.3465855691025327,1.0,-0.0,0,0
254,0.0,0.2792079207920792,0.25341893139374216,1.0,-0.0,0,0
255,0.0,0.35841584158415846,0.26894267736720445,1.0,-0.0,0,0
256,0.0,0.25346534653465347,0.204680072228476,1.0,-0.0,0,0
257,0.0,0.2851485148514852,0.22399882364165177,1.0,-0.0,0,0
258,0.0,0.2059405940594059,0.1979207673143487,1.0,-0.0,0,0
259,0.0,0.14455445544554454,0.16439221845954266,1.0,-0.0,0,0
260,0.0,0.05346534653465347,0.10104832334394513,1.0,-0.0,0,0
261,0.0,0.05346534653465347,0.10104832334394513,1.0,-0.0,0,0
262,0.0,0.031683168316831684,0.07826167463512675,1.0,-0.0,0,0
263,0.0,0.0594059405940594,0.09968089464279778,1.0,-0.0,0,0
264,0.0,0.047524752475247525,0.08965727859542,1.0,-0.0,0,0
265,0.0,0.047524752475247525,0.08965727859542,1.0,-0.0,0,0
266,0.0,0.0891089108910891,0.13342479626077636,1.0,-0.0,0,0
267,0.0,0.1306930693069307,0.17673752662720535,1.0,-0.0,0,0
268,0.0,0.12673267326732673,0.15851482056387722,1.0,-0.0,0,0
269,0.0,0.1396039603960396,0.17915047490191754,1.0,-0.0,0,0
270,0.0,0.1485148514851485,0.1859489237793027,1.0,-0.0,0,0
271,0.0,0.23960396039603962,0.24859175962733018,1.0,-0.0,0,0
272,0.0,0.2039603960396039,0.21244488724065502,1.0,-0.0,0,0
273,0.0,0.1801980198019802,0.18775368421597713,1.0,-0.0,0,0
274,0.0,0.19801980198019797,0.189830668692386,1.0,-0.0,0,0
275,0.0,0.1900990099009901,0.18958263199843847,1.0,-0.0,0,0
276,0.0,0.06138613861386138,0.11166631429601336,1.0,-0.0,0,0
277,0.0,0.07524752475247524,0.12219602867755656,1.0,-0.0,0,0
278,0.0,0.30495049504950494,0.263403555771034,1.0,-0.0,0,0
279,0.0,0.27524752475247527,0.24832346383677273,1.0,-0.0,0,0
280,0.0,0.27524752475247527,0.24832346383677273,1.0,-0.0,0,0
281,0.0,0.2693069306930693,0.25083724132419777,1.0,-0.0,0,0
282,0.0,0.24158415841584158,0.23091180723241767,1.0,-0.0,0,0
283,0.0,0.019801980198019802,0.0597350618970232,1.0,-0.0,0,0
284,0.0,0.019801980198019802,0.0597350618970232,1.0,-0.0,0,0
285,0.0,0.019801980198019802,0.0597350618970232,1.0,-0.0,0,0
286,0.0,0.019801980198019802,0.0597350618970232,1.0,-0.0,0,0
287,0.0,0.007920792079207921,0.03900537743285587,1.0,-0.0,0,0
288,0.0,0.0,0.0,1.0,-0.0,0,0
289,0.0,0.0,0.0,1.0,-0.0,0,0
290,0.0,0.009900990099009901,0.04338396495090424,1.0,-0.0,0,0
291,0.0,0.0712871287128713,0.11801714396634724,1.0,-0.0,0,0
292,0.0,0.0712871287128713,0.11801714396634724,1.0,-0.0,0,0
293,0.0,0.09306930693069305,0.1306930693069307,1.0,-0.0,0,0
294,0.0,0.11683168316831682,0.14146987009498416,1.0,-0.0,0,0
295,0.0,0.10693069306930694,0.13661931335176508,1.0,-0.0,0,0
296,0.0,0.04554455445544555,0.08846854615322249,1.0,-0.0,0,0
297,0.0,0.047524752475247525,0.08965727859542,1.0,-0.0,0,0
298,0.0,0.025742574257425748,0.07264925278354116,1.0,-0.0,0,0
299,0.0,0.0019801980198019802,0.0198019801980198,1.0,-0.0,0,0
300,0.0,0.0019801980198019802,0.0198019801980198,1.0,-0.0,0,0
301,0.0,0.0019801980198019802,0.0198019801980198,1.0,-0.0,0,0
302,0.0,0.0,0.0,1.0,-0.0,0,0
303,0.0,0.0,0.0,1.0,-0.0,0,0
304,0.0,0.015841584158415842,0.05401260078014202,1.0,-0.0,0,0
305,0.2,0.015841584158415842,0.05401260078014202,0.00032535620257014524,3.4876409094885674,0,0
306,0.4,0.03366336633663366,0.07994704648786674,2.3000965330509277e-06,5.638253936638244,0,0
307,0.4,0.03366336633663366,0.07994704648786674,2.3000965330509277e-06,5.638253936638244,0,0
308,0.4,0.03366336633663366,0.07994704648786674,2.3000965330509277e-06,5.638253936638244,0,0
309,0.4,0.01782178217821782,0.05698017651460657,9.918795762883163e-12,11.003541052168572,0,0
310,0.2,0.02970297029702971,0.07112192077650681,0.008322928729312118,2.079723824290396,0,0
311,0.0,0.023762376237623763,0.06471340450838887,1.0,-0.0,0,0
312,0.0,0.023762376237623763,0.06471340450838887,1.0,-0.0,0,0
313,0.0,0.043564356435643575,0.09587103712404123,1.0,-0.0,0,0
314,0.0,0.07326732673267328,0.12177815335858849,1.0,-0.0,0,0
315,0.0,0.0811881188118812,0.12642288870900886,1.0,-0.0,0,0
316,0.0,0.06930693069306931,0.11409790329416186,1.0,-0.0,0,0
317,0.0,0.0811881188118812,0.11664694237642093,1.0,-0.0,0,0
318,0.0,0.061386138613861385,0.10433219700847123,1.0,-0.0,0,0
319,0.0,0.03168316831683169,0.0730260947112308,1.0,-0.0,0,0
320,0.0,0.011881188118811883,0.047276579747775535,1.0,-0.0,0,0
321,0.0,0.011881188118811883,0.047276579747775535,1.0,-0.0,0,0
322,0.0,0.0,0.0,1.0,-0.0,0,0
323,0.0,0.0,0.0,1.0,-0.0,0,0
324,0.0,0.0,0.0,1.0,-0.0,0,0
325,0.0,0.025742574257425748,0.07264925278354116,1.0,-0.0,0,0
326,0.0,0.049504950495049514,0.09078727434730813,1.0,-0.0,0,0
327,0.0,0.049504950495049514,0.09078727434730813,1.0,-0.0,0,0
328,0.0,0.0594059405940594,0.09562531855564069,1.0,-0.0,0,0
329,0.0,0.0594059405940594,0.09562531855564069,1.0,-0.0,0,0
330,0.0,0.04554455445544556,0.08387254884969256,1.0,-0.0,0,0
331,0.0,0.021782178217821784,0.06230547612891991,1.0,-0.0,0,0
332,0.0,0.021782178217821784,0.06230547612891991,1.0,-0.0,0,0
333,0.0,0.011881188118811881,0.047276579747775535,1.0,-0.0,0,0
334,0.0,0.011881188118811881,0.047276579747775535,1.0,-0.0,0,0
335,0.0,0.0,0.0,1.0,-0.0,0,0
336,0.0,0.0,0.0,1.0,-0.0,0,0
337,0.0,0.0,0.0,1.0,-0.0,0,0
338,0.0,0.0,0.0,1.0,-0.0,0,0
339,0.0,0.0,0.0,1.0,-0.0,0,0
340,0.0,0.0,0.0,1.0,-0.0,0,0
341,0.0,0.0,0.0,1.0,-0.0,0,0
342,0.0,0.0,0.0,1.0,-0.0,0,0
343,0.0,0.0,0.0,1.0,-0.0,0,0
344,0.0,0.0,0.0,1.0,-0.0,0,0
345,0.0,0.0,0.0,1.0,-0.0,0,0
346,0.0,0.0,0.0,1.0,-0.0,0,0
347,0.0,0.0,0.0,1.0,-0.0,0,0
348,0.0,0.0,0.0,1.0,-0.0,0,0
349,0.0,0.0,0.0,1.0,-0.0,0,0
350,0.0,0.0,0.0,1.0,-0.0,0,0
351,0.0,0.0,0.0,1.0,-0.0,0,0
352,0.0,0.025742574257425745,0.0669763743575753,1.0,-0.0,0,0
353,0.0,0.025742574257425745,0.0669763743575753,1.0,-0.0,0,0
354,0.0,0.033663366336633666,0.07482947971362847,1.0,-0.0,0,0
355,0.0,0.033663366336633666,0.07482947971362847,1.0,-0.0,0,0
356,0.0,0.033663366336633666,0.07482947971362847,1.0,-0.0,0,0
357,0.0,0.007920792079207921,0.03900537743285587,1.0,-0.0,0,0
358,0.0,0.007920792079207921,0.03900537743285587,1.0,-0.0,0,0
359,0.0,0.0,0.0,1.0,-0.0,0,0
360,0.2,0.017821782178217824,0.05698017651460656,0.0006937928196726553,3.15877019915046,0,0
361,0.4,0.05346534653465347,0.09704990696905226,0.00017802439318403976,3.7495204858967237,0,0
362,0.4,0.05346534653465347,0.09704990696905226,0.00017802439318403976,3.7495204858967237,0,0
363,0.4,0.05346534653465347,0.09704990696905226,0.00017802439318403976,3.7495204858967237,0,0
364,0.4,0.05346534653465347,0.09704990696905226,0.00017802439318403976,3.7495204858967237,0,0
365,0.2,0.03564356435643565,0.07653920035678292,0.015882722457572503,1.7990750531077893,0,0
366,0.0,0.0,0.0,1.0,-0.0,0,0
367,0.0,0.0,0.0,1.0,-0.0,0,0
368,0.0,0.0,0.0,1.0,-0.0,0,0
369,0.0,0.0,0.0,1.0,-0.0,0,0
370,0.0,0.0,0.0,1.0,-0.0,0,0
371,0.0,0.0,0.0,1.0,-0.0,0,0
372,0.0,0.0,0.0,1.0,-0.0,0,0
373,0.0,0.0,0.0,1.0,-0.0,0,0
374,0.0,0.0,0.0,1.0,-0.0,0,0
375,0.0,0.0,0.0,1.0,-0.0,0,0
376,0.0,0.0,0.0,1.0,-0.0,0,0
377,0.0,0.0019801980198019802,0.019801980198019802,1.0,-0.0,0,0
378,0.0,0.0019801980198019802,0.019801980198019802,1.0,-0.0,0,0
379,0.0,0.0019801980198019802,0.019801980198019802,1.0,-0.0,0,0
380,0.0,0.0019801980198019802,0.019801980198019802,1.0,-0.0,0,0
381,0.0,0.0019801980198019802,0.019801980198019802,1.0,-0.0,0,0
382,0.0,0.0,0.0,1.0,-0.0,0,0
383,0.0,0.0,0.0,1.0,-0.0,0,0
384,0.0,0.0,0.0,1.0,-0.0,0,0
385,0.0,0.0,0.0,1.0,-0.0,0,0
386,0.0,0.0,0.0,1.0,-0.0,0,0
387,0.0,0.0,0.0,1.0,-0.0,0,0
388,0.0,0.0,0.0,1.0,-0.0,0,0
389,0.0,0.0,0.0,1.0,-0.0,0,0
390,0.0,0.0,0.0,1.0,-0.0,0,0
391,0.0,0.0,0.0,1.0,-0.0,0,0
392,0.0,0.0,0.0,1.0,-0.0,0,0
393,0.0,0.0,0.0,1.0,-0.0,0,0
394,0.0,0.0,0.0,1.0,-0.0,0,0
395,0.0,0.0,0.0,1.0,-0.0,0,0
396,0.0,0.0,0.0,1.0,-0.0,0,0
397,0.0,0.0,0.0,1.0,-0.0,0,0
398,0.0,0.0,0.0,1.0,-0.0,0,0
399,0.0,0.0,0.0,1.0,-0.0,0,0
400,0.0,0.0,0.0,1.0,-0.0,0,0
401,0.0,0.05544554455445545,0.09797478714338997,1.0,-0.0,0,0
402,0.0,0.061386138613861385,0.10046456153636296,1.0,-0.0,0,0
403,0.0,0.061386138613861385,0.10046456153636296,1.0,-0.0,0,0
404,0.0,0.11287128712871286,0.1390657415135005,1.0,-0.0,0,0
405,0.0,0.11287128712871286,0.1390657415135005,1.0,-0.0,0,0
406,0.0,0.15445544554455445,0.1613831014717559,1.0,-0.0,0,0
407,0.0,0.1485148514851485,0.16082329112274815,1.0,-0.0,0,0
408,0.0,0.17227722772277224,0.17806373977319878,1.0,-0.0,0,0
409,0.0,0.1188118811881188,0.15964866828313962,1.0,-0.0,0,0
410,0.0,0.1188118811881188,0.15964866828313962,1.0,-0.0,0,0
411,0.0,0.09504950495049505,0.15049504950495052,1.0,-0.0,0,0
412,0.0,0.11089108910891088,0.15789518399405605,1.0,-0.0,0,0
413,0.0,0.20000000000000004,0.19498667128857303,1.0,-0.0,0,0
414,0.0,0.20000000000000004,0.19498667128857303,1.0,-0.0,0,0
415,0.0,0.20000000000000004,0.19498667128857303,1.0,-0.0,0,0
416,0.0,0.12673267326732673,0.1534365990321625,1.0,-0.0,0,0
417,0.0,0.11089108910891088,0.13636075485692528,1.0,-0.0,0,0
418,0.0,0.0,0.0,1.0,-0.0,0,0
419,0.0,0.0,0.0,1.0,-0.0,0,0
420,0.0,0.0,0.0,1.0,-0.0,0,0
421,0.0,0.0059405940594059415,0.033953323167291584,1.0,-0.0,0,0
422,0.0,0.017821782178217824,0.05698017651460657,1.0,-0.0,0,0
423,0.0,0.017821782178217824,0.05698017651460657,1.0,-0.0,0,0
424,0.0,0.017821782178217824,0.05698017651460657,1.0,-0.0,0,0
425,0.0,0.04356435643564357,0.09164702150816742,1.0,-0.0,0,0
426,0.0,0.05544554455445545,0.09797478714338996,1.0,-0.0,0,0
427,0.0,0.06732673267326733,0.102550553475042,1.0,-0.0,0,0
428,0.0,0.06732673267326733,0.102550553475042,1.0,-0.0,0,0
429,0.0,0.09702970297029702,0.12142344330103676,1.0,-0.0,0,0
430,0.0,0.10099009900990098,0.1308729634998678,1.0,-0.0,0,0
431,0.0,0.08712871287128712,0.12401163019288061,1.0,-0.0,0,0
432,0.0,0.06336633663366337,0.11233152161332939,1.0,-0.0,0,0
433,0.0,0.1207920792079208,0.1781738119477544,1.0,-0.0,0,0
434,0.0,0.09108910891089109,0.15801930568918815,1.0,-0.0,0,0
435,0.0,0.06138613861386138,0.12505072003047088,1.0,-0.0,0,0
436,0.0,0.07524752475247526,0.1253951698929708,1.0,-0.0,0,0
437,0.0,0.15643564356435644,0.16555687101844338,1.0,-0.0,0,0
438,0.0,0.22772277227722773,0.21253715429700973,1.0,-0.0,0,0
439,0.0,0.22772277227722773,0.21253715429700973,1.0,-0.0,0,0
440,0.0,0.22772277227722773,0.21253715429700973,1.0,-0.0,0,0
441,0.0,0.2099009900990099,0.21131598529828274,1.0,-0.0,0,0
442,0.0,0.12871287128712872,0.15816812315022463,1.0,-0.0,0,0
443,0.0,0.013861386138613863,0.05079507064705211,1.0,-0.0,0,0
444,0.0,0.033663366336633666,0.07994704648786674,1.0,-0.0,0,0
445,0.0,0.05544554455445544,0.09384550979067553,1.0,-0.0,0,0
446,0.0,0.05544554455445544,0.09384550979067553,1.0,-0.0,0,0
447,0.0,0.11683168316831682,0.14696218071508493,1.0,-0.0,0,0
448,0.0,0.10297029702970298,0.13383560593042218,1.0,-0.0,0,0
449,0.0,0.0910891089108911,0.1243589581632284,1.0,-0.0,0,0
450,0.0,0.07524752475247526,0.11891084986932618,1.0,-0.0,0,0
451,0.0,0.07524752475247526,0.11891084986932618,1.0,-0.0,0,0
452,0.0,0.031683168316831684,0.07826167463512675,1.0,-0.0,0,0
453,0.0,0.03762376237623763,0.08307396817189319,1.0,-0.0,0,0
454,0.0,0.041584158415841586,0.09039772047931348,1.0,-0.0,0,0
455,0.0,0.19207920792079206,0.1968480181280898,1.0,-0.0,0,0
456,0.0,0.2891089108910891,0.23959577761986808,1.0,-0.0,0,0
457,0.0,0.35643564356435653,0.2542376846844204,1.0,-0.0,0,0
458,0.0,0.35049504950495053,0.2507903397859416,1.0,-0.0,0,0
459,0.0,0.3366336633663367,0.2436206970175002,1.0,-0.0,0,0
460,0.0,0.21188118811881182,0.2026004841572858,1.0,-0.0,0,0
461,0.0,0.16237623762376235,0.17735766020493526,1.0,-0.0,0,0
462,0.0,0.09900990099009901,0.1308729634998678,1.0,-0.0,0,0
463,0.0,0.09900990099009901,0.1308729634998678,1.0,-0.0,0,0
464,0.0,0.16633663366336632,0.1713529319032391,1.0,-0.0,0,0
465,0.0,0.13564356435643563,0.15894712889925117,1.0,-0.0,0,0
466,0.0,0.10099009900990098,0.1367914141716479,1.0,-0.0,0,0
467,0.0,0.09108910891089109,0.1335716590419014,1.0,-0.0,0,0
468,0.0,0.10693069306930691,0.13948804962658473,1.0,-0.0,0,0
469,0.0,0.041584158415841586,0.08590499787518362,1.0,-0.0,0,0
470,0.0,0.041584158415841586,0.08590499787518362,1.0,-0.0,0,0
471,0.0,0.027722772277227727,0.06910862719451544,1.0,-0.0,0,0
472,0.0,0.015841584158415842,0.05401260078014202,1.0,-0.0,0,0
473,0.0,0.027722772277227727,0.07461957893630405,1.0,-0.0,0,0
474,0.0,0.027722772277227727,0.07461957893630405,1.0,-0.0,0,0
475,0.0,0.027722772277227727,0.07461957893630405,1.0,-0.0,0,0
476,0.0,0.05544554455445544,0.1094316980566186,1.0,-0.0,0,0
477,0.0,0.05544554455445544,0.1094316980566186,1.0,-0.0,0,0
478,0.0,0.02970297029702971,0.07112192077650681,1.0,-0.0,0,0
479,0.0,0.05544554455445545,0.09384550979067555,1.0,-0.0,0,0
480,0.0,0.05544554455445545,0.09384550979067555,1.0,-0.0,0,0
481,0.0,0.02772277227722773,0.07461957893630405,1.0,-0.0,0,0
482,0.0,0.03762376237623763,0.08771182015980238,1.0,-0.0,0,0
483,0.0,0.03564356435643565,0.08626938974571076,1.0,-0.0,0,0
484,0.0,0.009900990099009901,0.0517131281473291,1.0,-0.0,0,0
485,0.0,0.025742574257425745,0.07791016068477626,1.0,-0.0,0,0
486,0.0,0.025742574257425745,0.07791016068477626,1.0,-0.0,0,0
487,0.0,0.015841584158415842,0.05401260078014202,1.0,-0.0,0,0
488,0.0,0.015841584158415842,0.05401260078014202,1.0,-0.0,0,0
489,0.0,0.017821782178217824,0.05698017651460656,1.0,-0.0,0,0
490,0.0,0.0019801980198019802,0.0198019801980198,1.0,-0.0,0,0
491,0.0,0.021782178217821784,0.06230547612891991,1.0,-0.0,0,0
492,0.0,0.021782178217821784,0.06230547612891991,1.0,-0.0,0,0
493,0.0,0.03564356435643565,0.08154954567118416,1.0,-0.0,0,0
494,0.0,0.033663366336633666,0.07994704648786674,1.0,-0.0,0,0
495,0.0,0.04950495049504951,0.09078727434730813,1.0,-0.0,0,0
496,0.0,0.05148514851485149,0.096075322540263,1.0,-0.0,0,0
497,0.0,0.09504950495049502,0.12457948087149173,1.0,-0.0,0,0
498,0.0,0.09504950495049502,0.12457948087149172,1.0,-0.0,0,0
499,0.0,0.1386138613861386,0.15088537189345533,1.0,-0.0,0,0
500,0.0,0.12475247524752475,0.15117096779399852,1.0,-0.0,0,0
501,0.0,0.10495049504950495,0.13957235791450373,1.0,-0.0,0,0
502,0.0,0.07920792079207921,0.1292145592164392,1.0,-0.0,0,0
503,0.0,0.13465346534653466,0.14921288105967928,1.0,-0.0,0,0
504,0.0,0.11485148514851484,0.13886822488939993,1.0,-0.0,0,0
505,0.0,0.11485148514851484,0.14445948324625327,1.0,-0.0,0,0
506,0.0,0.14455445544554454,0.1667839341722421,1.0,-0.0,0,0
507,0.0,0.14356435643564355,0.17372781806360282,1.0,-0.0,0,0
508,0.0,0.07524752475247526,0.12219602867755656,1.0,-0.0,0,0
509,0.0,0.05148514851485149,0.09186070102766894,1.0,-0.0,0,0
510,0.0,0.047524752475247525,0.08965727859541998,1.0,-0.0,0,0
511,0.0,0.017821782178217824,0.056980176514606566,1.0,-0.0,0,0
512,0.0,0.0,0.0,1.0,-0.0,0,0
513,0.0,0.0,0.0,1.0,-0.0,0,0
514,0.0,0.0,0.0,1.0,-0.0,0,0
515,0.0,0.0871287128712871,0.13324834725751067,1.0,-0.0,0,0
516,0.0,0.09306930693069305,0.14776046024695155,1.0,-0.0,0,0
517,0.0,0.097029702970297,0.14789308791950767,1.0,-0.0,0,0
518,0.0,0.097029702970297,0.14789308791950767,1.0,-0.0,0,0
519,0.2,0.1465346534653465,0.17324186517306459,0.3788065276086201,0.42158254582510524,0,0
520,0.2,0.05742574257425742,0.10277971700879983,0.08269301175340939,1.0825311903890302,0,0
521,0.2,0.05148514851485149,0.096075322540263,0.0610744044260142,1.2141407594058027,0,0
522,0.2,0.07128712871287128,0.10747934055534188,0.11554433714027447,0.9372513345552421,0,0
523,0.2,0.08316831683168316,0.11351216354824961,0.15168257774907978,0.8190642993843817,0,0
524,0.0,0.03564356435643565,0.07653920035678292,1.0,-0.0,0,0
525,0.4,0.12871287128712874,0.1606525268671035,0.04564252183810402,1.3406303679760898,0,0
526,0.4,0.12871287128712874,0.1606525268671035,0.04564252183810402,1.3406303679760898,0,0
527,0.4,0.10495049504950495,0.1367053908443026,0.015452751881588808,1.8109941686296773,0,0
528,0.4,0.09306930693069305,0.1306930693069307,0.009424983049455386,2.0257194221868495,0,0
529,0.4,0.09306930693069305,0.1306930693069307,0.009424983049455386,2.0257194221868495,0,0
530,0.0,0.0,0.0,1.0,-0.0,0,0
531,0.2,0.013861386138613863,0.05079507064705211,0.00012391038159364294,3.90689230556944,0,0
532,0.8,0.0712871287128713,0.1213265242141813,9.495370328827728e-10,9.022488092682622,0,0
533,0.8,0.0712871287128713,0.1213265242141813,9.495370328827728e-10,9.022488092682622,0,0
534,2.6,0.19801980198019797,0.1877327983285756,1e-17,17.0,0,0
535,2.6,0.2099009900990099,0.18958263199843847,1e-17,17.0,0,0
536,2.4,0.22970297029702968,0.1957693907320881,1.0000000000073362e-17,16.999999999996813,0,0
537,3.4,0.27524752475247527,0.20653000194110768,1e-17,17.0,0,0
538,3.4,0.27524752475247527,0.20653000194110768,1e-17,17.0,0,0
539,1.6,0.16831683168316833,0.17057311261273686,3.3620189487038304e-17,16.473399843158795,0,0
540,1.6,0.17425742574257427,0.17499842451711448,1.9626408757768223e-16,15.707159160378028,0,0
541,1.6,0.18217821782178217,0.166736906416007,1.9210058382682626e-17,16.716471315240423,0,0
542,0.0,0.07722772277227724,0.10889288780093088,1.0,-0.0,0,0
543,0.0,0.07722772277227724,0.10889288780093088,1.0,-0.0,0,0
544,0.0,0.05940594059405942,0.0996808946427978,1.0,-0.0,0,0
545,0.0,0.04554455445544555,0.08846854615322249,1.0,-0.0,0,0
546,0.0,0.0039603960396039604,0.027863855998951068,1.0,-0.0,0,0
547,0.0,0.0039603960396039604,0.027863855998951068,1.0,-0.0,0,0
548,0.0,0.0039603960396039604,0.027863855998951068,1.0,-0.0,0,0
549,0.0,0.0039603960396039604,0.027863855998951068,1.0,-0.0,0,0
550,0.0,0.017821782178217824,0.0635517090529949,1.0,-0.0,0,0
551,0.0,0.017821782178217824,0.0635517090529949,1.0,-0.0,0,0
552,0.0,0.017821782178217824,0.0635517090529949,1.0,-0.0,0,0
553,0.0,0.033663366336633666,0.07994704648786674,1.0,-0.0,0,0
554,0.0,0.033663366336633666,0.07994704648786674,1.0,-0.0,0,0
555,0.0,0.031683168316831684,0.0730260947112308,1.0,-0.0,0,0
556,0.0,0.031683168316831684,0.0730260947112308,1.0,-0.0,0,0
557,0.0,0.031683168316831684,0.0730260947112308,1.0,-0.0,0,0
558,0.0,0.015841584158415842,0.05401260078014202,1.0,-0.0,0,0
559,0.2,0.021782178217821784,0.06230547612891991,0.002115616449879084,2.6745630648030154,0,0
560,0.2,0.0059405940594059415,0.03395332316729158,5.469865928325192e-09,8.262023318511567,0,0
561,0.2,0.013861386138613863,0.05079507064705211,0.00012391038159364294,3.90689230556944,0,0
562,0.2,0.013861386138613863,0.05079507064705211,0.00012391038159364294,3.90689230556944,0,0
563,0.2,0.013861386138613863,0.05079507064705211,0.00012391038159364294,3.90689230556944,0,0
564,0.0,0.007920792079207921,0.03900537743285587,1.0,-0.0,0,0
565,0.0,0.007920792079207921,0.03900537743285587,1.0,-0.0,0,0
566,0.0,0.0,0.0,1.0,-0.0,0,0
567,0.0,0.0,0.0,1.0,-0.0,0,0
568,0.0,0.0,0.0,1.0,-0.0,0,0
569,0.0,0.0,0.0,1.0,-0.0,0,0
570,0.0,0.0,0.0,1.0,-0.0,0,0
571,0.0,0.0,0.0,1.0,-0.0,0,0
572,0.0,0.0,0.0,1.0,-0.0,0,0
573,0.0,0.04356435643564357,0.08721867542790195,1.0,-0.0,0,0
574,0.0,0.05544554455445545,0.09797478714338996,1.0,-0.0,0,0
575,0.0,0.07326732673267328,0.1115960618107356,1.0,-0.0,0,0
576,0.0,0.07722772277227724,0.11593886073904516,1.0,-0.0,0,0
577,0.0,0.08118811881188118,0.11664694237642095,1.0,-0.0,0,0
578,0.0,0.03762376237623763,0.08307396817189319,1.0,-0.0,0,0
579,0.0,0.033663366336633666,0.07482947971362847,1.0,-0.0,0,0
580,0.0,0.015841584158415842,0.05401260078014202,1.0,-0.0,0,0
581,0.0,0.011881188118811881,0.047276579747775535,1.0,-0.0,0,0
582,0.0,0.007920792079207921,0.03900537743285587,1.0,-0.0,0,0
583,0.0,0.007920792079207921,0.03900537743285587,1.0,-0.0,0,0
584,0.0,0.10495049504950495,0.1367053908443026,1.0,-0.0,0,0
585,0.0,0.1504950495049505,0.16981280455064035,1.0,-0.0,0,0
586,0.0,0.1801980198019802,0.19600959866383083,1.0,-0.0,0,0
587,0.0,0.2059405940594059,0.2038353937815092,1.0,-0.0,0,0
588,0.0,0.2059405940594059,0.2038353937815092,1.0,-0.0,0,0
589,0.0,0.09900990099009901,0.15574480873057972,1.0,-0.0,0,0
590,0.0,0.07920792079207921,0.1352056238820718,1.0,-0.0,0,0
591,0.0,0.05346534653465348,0.10860442931328386,1.0,-0.0,0,0
592,0.0,0.04356435643564357,0.10380469245212799,1.0,-0.0,0,0
593,0.0,0.04356435643564357,0.10380469245212799,1.0,-0.0,0,0
594,0.0,0.04356435643564357,0.10380469245212799,1.0,-0.0,0,0
595,0.0,0.019801980198019802,0.06603299802191315,1.0,-0.0,0,0
596,0.0,0.031683168316831684,0.07826167463512676,1.0,-0.0,0,0
597,0.0,0.015841584158415842,0.05401260078014202,1.0,-0.0,0,0
598,0.0,0.023762376237623766,0.06471340450838887,1.0,-0.0,0,0
599,0.0,0.06336633663366337,0.10120342446875752,1.0,-0.0,0,0
600,0.0,0.06336633663366337,0.10120342446875752,1.0,-0.0,0,0
601,0.0,0.047524752475247525,0.08512548617902845,1.0,-0.0,0,0
602,0.0,0.06534653465346535,0.10571364605971598,1.0,-0.0,0,0
603,0.0,0.057425742574257435,0.10277971700879983,1.0,-0.0,0,0
604,0.4,0.031683168316831684,0.08780118525701135,1.364984712686146e-05,4.864872212530352,0,0
605,0.6,0.18415841584158413,0.1838707430559465,0.011861146128658627,1.9258733435769533,0,0
606,0.6,0.19405940594059404,0.18764923153239027,0.015259259003662477,1.8164665554004047,0,0
607,0.6,0.1762376237623762,0.17640441545600072,0.008147931942845701,2.0889526071841473,0,0
608,0.6,0.19801980198019797,0.1877327983285756,0.01612751168289127,1.792432634827596,0,0
609,0.2,0.18415841584158413,0.1881292336873445,0.46644637904922587,0.3311982739356898,0,0
610,0.0,0.1782178217821782,0.17096346688435152,1.0,-0.0,0,0
611,0.0,0.16831683168316833,0.16823527435849067,1.0,-0.0,0,0
612,0.0,0.16831683168316833,0.16823527435849067,1.0,-0.0,0,0
613,0.2,0.16435643564356434,0.1743923869806257,0.4190254823928311,0.37775956527695465,0,0
614,0.2,0.16435643564356434,0.1743923869806257,0.4190254823928311,0.37775956527695465,0,0
615,0.2,0.03564356435643564,0.08626938974571076,0.028380055950301422,1.5469867526811094,0,0
616,0.4,0.06930693069306931,0.11057238501634631,0.0013915193373455982,2.8565107540844226,0,0
617,0.4,0.06930693069306931,0.11057238501634631,0.0013915193373455982,2.8565107540844226,0,0
618,0.2,0.051485148514851496,0.096075322540263,0.06107440442601424,1.2141407594058025,0,0
619,0.2,0.051485148514851496,0.096075322540263,0.06107440442601424,1.2141407594058025,0,0
620,0.2,0.03960396039603961,0.08452453849668531,0.02887262285287714,1.5395137620565476,0,0
621,0.0,0.023762376237623766,0.07056843438101175,1.0,-0.0,0,0
622,0.0,0.023762376237623766,0.07056843438101175,1.0,-0.0,0,0
623,0.0,0.023762376237623766,0.07056843438101175,1.0,-0.0,0,0
624,0.0,0.023762376237623766,0.07056843438101175,1.0,-0.0,0,0
625,0.0,0.031683168316831684,0.0730260947112308,1.0,-0.0,0,0
626,0.0,0.01386138613861386,0.05079507064705211,1.0,-0.0,0,0
627,0.0,0.01386138613861386,0.05079507064705211,1.0,-0.0,0,0
628,0.0,0.01386138613861386,0.05079507064705211,1.0,-0.0,0,0
629,0.2,0.23366336633663368,0.19512739059128736,1.0,-0.0,0,0
630,0.2,0.2198019801980198,0.19192603875585632,1.0,-0.0,0,0
631,0.2,0.3663366336633664,0.2338981870928063,1.0,-0.0,0,0
632,0.2,0.3663366336633664,0.2338981870928063,1.0,-0.0,0,0
633,0.2,0.3663366336633664,0.2338981870928063,1.0,-0.0,0,0
634,0.0,0.15247524752475244,0.1644637607354148,1.0,-0.0,0,0
635,0.0,0.15247524752475244,0.1644637607354148,1.0,-0.0,0,0
636,0.0,0.0059405940594059415,0.03395332316729158,1.0,-0.0,0,0
637,0.0,0.031683168316831684,0.08316831683168317,1.0,-0.0,0,0
638,0.0,0.05544554455445545,0.1019369320889802,1.0,-0.0,0,0
639,0.0,0.04950495049504951,0.09504950495049506,1.0,-0.0,0,0
640,0.0,0.04950495049504951,0.09504950495049506,1.0,-0.0,0,0
641,0.0,0.04950495049504951,0.09504950495049506,1.0,-0.0,0,0
642,0.0,0.0297029702970297,0.07648795214189293,1.0,-0.0,0,0
643,0.0,0.013861386138613863,0.058070805143030424,1.0,-0.0,0,0
644,0.0,0.013861386138613863,0.058070805143030424,1.0,-0.0,0,0
645,0.0,0.013861386138613863,0.058070805143030424,1.0,-0.0,0,0
646,0.0,0.07920792079207921,0.1261123431927973,1.0,-0.0,0,0
647,0.0,0.07326732673267328,0.11509022642946842,1.0,-0.0,0,0
648,0.0,0.07326732673267328,0.11509022642946842,1.0,-0.0,0,0
649,0.0,0.11485148514851484,0.1444594832462533,1.0,-0.0,0,0
650,0.0,0.1485148514851485,0.16326729671147552,1.0,-0.0,0,0
651,0.0,0.08118811881188118,0.11320083903331847,1.0,-0.0,0,0
652,0.0,0.08118811881188118,0.11320083903331847,1.0,-0.0,0,0
653,0.2,0.09702970297029702,0.11811677855054843,0.19166777960950082,0.7174508882377106,0,0
654,0.2,0.06534653465346535,0.10189845806153354,0.09317609402087902,1.03069549930456,0,0
655,0.2,0.033663366336633666,0.08475617647141663,0.024850340762334614,1.6046676515911364,0,0
656,0.2,0.033663366336633666,0.08475617647141663,0.024850340762334614,1.6046676515911364,0,0
657,0.2,0.033663366336633666,0.08475617647141663,0.024850340762334614,1.6046676515911364,0,0
658,0.0,0.009900990099009901,0.04338396495090425,1.0,-0.0,0,0
659,0.0,0.0,0.0,1.0,-0.0,0,0
660,0.0,0.0,0.0,1.0,-0.0,0,0
661,0.0,0.007920792079207921,0.03900537743285587,1.0,-0.0,0,0
662,0.0,0.007920792079207921,0.03900537743285587,1.0,-0.0,0,0
663,0.0,0.007920792079207921,0.03900537743285587,1.0,-0.0,0,0
664,0.0,0.007920792079207921,0.03900537743285587,1.0,-0.0,0,0
665,0.0,0.011881188118811881,0.047276579747775535,1.0,-0.0,0,0
666,0.0,0.0039603960396039604,0.02786385599895106,1.0,-0.0,0,0
667,0.0,0.011881188118811883,0.047276579747775535,1.0,-0.0,0,0
668,0.0,0.021782178217821784,0.06230547612891991,1.0,-0.0,0,0
669,0.0,0.021782178217821784,0.06230547612891991,1.0,-0.0,0,0
670,0.0,0.017821782178217824,0.05698017651460656,1.0,-0.0,0,0
671,0.0,0.017821782178217824,0.05698017651460656,1.0,-0.0,0,0
672,0.0,0.009900990099009901,0.04338396495090424,1.0,-0.0,0,0
673,0.0,0.0,0.0,1.0,-0.0,0,0
674,0.0,0.0,0.0,1.0,-0.0,0,0
675,0.0,0.0,0.0,1.0,-0.0,0,0
676,0.0,0.0,0.0,1.0,-0.0,0,0
677,0.0,0.0,0.0,1.0,-0.0,0,0
678,0.0,0.0,0.0,1.0,-0.0,0,0
679,0.0,0.0,0.0,1.0,-0.0,0,0
680,0.0,0.0,0.0,1.0,-0.0,0,0
681,0.0,0.0,0.0,1.0,-0.0,0,0
682,0.0,0.0,0.0,1.0,-0.0,0,0
683,0.0,0.033663366336633666,0.07482947971362845,1.0,-0.0,0,0
684,0.0,0.0594059405940594,0.11096178792967841,1.0,-0.0,0,0
685,0.0,0.0594059405940594,0.11096178792967841,1.0,-0.0,0,0
686,0.0,0.07722772277227724,0.122580495370631,1.0,-0.0,0,0
687,0.0,0.07722772277227724,0.122580495370631,1.0,-0.0,0,0
688,0.0,0.0712871287128713,0.11801714396634724,1.0,-0.0,0,0
689,0.0,0.04554455445544554,0.09700949476369024,1.0,-0.0,0,0
690,0.0,0.04554455445544554,0.09700949476369024,1.0,-0.0,0,0
691,0.0,0.02772277227722772,0.07461957893630405,1.0,-0.0,0,0
692,0.0,0.02772277227722772,0.07461957893630405,1.0,-0.0,0,0
693,0.0,0.039603960396039604,0.08908690597387718,1.0,-0.0,0,0
694,0.0,0.039603960396039604,0.08908690597387718,1.0,-0.0,0,0
695,0.0,0.057425742574257435,0.09885135821266286,1.0,-0.0,0,0
696,0.0,0.057425742574257435,0.09885135821266286,1.0,-0.0,0,0
697,0.0,0.057425742574257435,0.09885135821266286,1.0,-0.0,0,0
698,0.0,0.023762376237623766,0.06471340450838887,1.0,-0.0,0,0
699,0.0,0.023762376237623766,0.06471340450838887,1.0,-0.0,0,0
700,0.0,0.0059405940594059415,0.03395332316729158,1.0,-0.0,0,0
701,0.0,0.0059405940594059415,0.03395332316729158,1.0,-0.0,0,0
702,0.0,0.0059405940594059415,0.03395332316729158,1.0,-0.0,0,0
703,0.0,0.0,0.0,1.0,-0.0,0,0
704,0.0,0.0,0.0,1.0,-0.0,0,0
705,0.0,0.0,0.0,1.0,-0.0,0,0
706,0.0,0.0,0.0,1.0,-0.0,0,0
707,0.0,0.0,0.0,1.0,-0.0,0,0
708,0.0,0.0,0.0,1.0,-0.0,0,0
709,0.0,0.0,0.0,1.0,-0.0,0,0
710,0.0,0.04554455445544555,0.09700949476369022,1.0,-0.0,0,0
711,0.2,0.07524752475247526,0.11553229422427584,0.140114268670204,0.8535176356692988,0,0
712,0.2,0.07524752475247526,0.11553229422427584,0.140114268670204,0.8535176356692988,0,0
713,0.2,0.07722772277227724,0.11593886073904515,0.1448135921514157,0.8391906735026715,0,0
714,0.2,0.15643564356435644,0.17486393102381254,0.40162899453567635,0.39617494199772413,0,0
715,0.2,0.11683168316831682,0.15737280385192495,0.29858325032901833,0.5249345586127037,0,0
716,0.0,0.08712871287128712,0.13906574151350054,1.0,-0.0,0,0
717,0.0,0.08712871287128712,0.13906574151350054,1.0,-0.0,0,0
718,0.0,0.08514851485148514,0.13886822488939993,1.0,-0.0,0,0
719,0.0,0.007920792079207921,0.03900537743285587,1.0,-0.0,0,0
720,0.0,0.0059405940594059415,0.03395332316729158,1.0,-0.0,0,0
721,0.0,0.0059405940594059415,0.03395332316729158,1.0,-0.0,0,0
722,0.0,0.0059405940594059415,0.03395332316729158,1.0,-0.0,0,0
723,0.0,0.0059405940594059415,0.03395332316729158,1.0,-0.0,0,0
724,0.0,0.0059405940594059415,0.03395332316729158,1.0,-0.0,0,0
725,0.0,0.009900990099009901,0.04338396495090424,1.0,-0.0,0,0
726,0.0,0.009900990099009901,0.04338396495090424,1.0,-0.0,0,0
727,0.0,0.009900990099009901,0.04338396495090424,1.0,-0.0,0,0
728,0.0,0.009900990099009901,0.04338396495090424,1.0,-0.0,0,0
729,0.0,0.009900990099009901,0.04338396495090424,1.0,-0.0,0,0
730,0.0,0.0,0.0,1.0,-0.0,0,0
731,0.0,0.007920792079207921,0.03900537743285587,1.0,-0.0,0,0
732,0.0,0.007920792079207921,0.03900537743285587,1.0,-0.0,0,0
733,0.0,0.007920792079207921,0.03900537743285587,1.0,-0.0,0,0
734,0.0,0.007920792079207921,0.03900537743285587,1.0,-0.0,0,0
735,0.0,0.007920792079207921,0.03900537743285587,1.0,-0.0,0,0
736,0.0,0.0059405940594059415,0.03395332316729157,1.0,-0.0,0,0
737,0.0,0.0059405940594059415,0.03395332316729157,1.0,-0.0,0,0
738,0.0,0.0059405940594059415,0.03395332316729157,1.0,-0.0,0,0
739,0.0,0.0059405940594059415,0.03395332316729157,1.0,-0.0,0,0
740,0.0,0.0059405940594059415,0.03395332316729157,1.0,-0.0,0,0
741,0.0,0.0,0.0,1.0,-0.0,0,0
742,0.0,0.0,0.0,1.0,-0.0,0,0
743,0.0,0.0,0.0,1.0,-0.0,0,0
744,0.0,0.015841584158415842,0.05401260078014202,1.0,-0.0,0,0
745,0.0,0.039603960396039604,0.08452453849668534,1.0,-0.0,0,0
746,0.0,0.04356435643564357,0.08721867542790195,1.0,-0.0,0,0
747,0.0,0.07326732673267328,0.11509022642946842,1.0,-0.0,0,0
748,0.0,0.07326732673267328,0.11509022642946842,1.0,-0.0,0,0
749,0.0,0.05742574257425742,0.09885135821266286,1.0,-0.0,0,0
750,0.0,0.04752475247524753,0.08965727859541997,1.0,-0.0,0,0
751,0.0,0.04356435643564357,0.08721867542790196,1.0,-0.0,0,0
752,0.0,0.013861386138613863,0.05079507064705211,1.0,-0.0,0,0
753,0.0,0.013861386138613863,0.05079507064705211,1.0,-0.0,0,0
754,0.0,0.05346534653465348,0.09287951999650355,1.0,-0.0,0,0
755,0.0,0.039603960396039604,0.07970143286137867,1.0,-0.0,0,0
756,0.0,0.10693069306930694,0.15302716108009237,1.0,-0.0,0,0
757,0.0,0.10693069306930694,0.15302716108009237,1.0,-0.0,0,0
758,0.0,0.11485148514851483,0.15503825054307632,1.0,-0.0,0,0
759,0.0,0.08316831683168316,0.12353642740976016,1.0,-0.0,0,0
760,0.0,0.09306930693069307,0.13069306930693073,1.0,-0.0,0,0
761,0.0,0.031683168316831684,0.08316831683168317,1.0,-0.0,0,0
