,foreground,bg_means,bg_stdev,pvals,minus_logs,regs,active
2,0.0,0.21386138613861383,0.187230838076401,1.0,-0.0,0,0
3,0.0,0.35643564356435653,0.22621108235239334,1.0,-0.0,0,0
4,0.0,0.18415841584158413,0.17951125796479814,1.0,-0.0,0,0
5,0.0,0.18415841584158413,0.17951125796479814,1.0,-0.0,0,0
6,0.0,0.18415841584158413,0.17951125796479814,1.0,-0.0,0,0
7,0.0,0.20000000000000004,0.17799766379599394,1.0,-0.0,0,0
8,0.0,0.08514851485148517,0.12054836637801526,1.0,-0.0,0,0
9,0.0,0.1188118811881188,0.1520245363775781,1.0,-0.0,0,0
10,0.0,0.16435643564356434,0.17439238698062573,1.0,-0.0,0,0
11,0.0,0.19207920792079206,0.1755800391893932,1.0,-0.0,0,0
12,0.0,0.1346534653465346,0.15184387732816487,1.0,-0.0,0,0
13,0.0,0.10495049504950493,0.13078304733432372,1.0,-0.0,0,0
14,0.0,0.3861386138613861,0.2238412197904723,1.0,-0.0,0,0
15,0.0,0.3415841584158416,0.2239463013484663,1.0,-0.0,0,0
16,0.0,0.31287128712871287,0.21325546727829955,1.0,-0.0,0,0
17,0.0,0.31287128712871287,0.21325546727829955,1.0,-0.0,0,0
18,0.0,0.31287128712871287,0.21325546727829955,1.0,-0.0,0,0
19,0.0,0.0,0.0,1.0,-0.0,0,0
20,0.2,0.20198019801980197,0.17002049848448067,1.0,-0.0,0,0
21,0.6,0.4277227722772278,0.24540078831814285,0.2413321176265646,0.6173848762686666,0,0
22,1.2,0.8079207920792079,0.33645889464466716,0.12194658993637471,0.9138303396103724,0,0
23,1.2,0.8079207920792079,0.33645889464466716,0.12194658993637471,0.9138303396103724,0,0
24,1.2,0.9267326732673268,0.36230589589431794,0.2253511299490754,0.647140259960796,0,0
25,1.8,1.186138613861386,0.32852195338440376,0.03084236563355168,1.5108523186173126,0,0
26,1.4,0.9603960396039604,0.3146833102134422,0.08121090620767597,1.090385643323434,0,0
27,0.8,0.5801980198019803,0.2985177248929898,0.23077062922315172,0.636819465784924,0,0
28,0.8,0.5801980198019803,0.2985177248929898,0.23077062922315172,0.636819465784924,0,0
29,0.8,0.46138613861386135,0.27681723499457217,0.11061956708401983,0.9561680454997334,0,0
30,0.2,0.3564356435643564,0.2244535020246298,1.0,-0.0,0,0
31,0.2,0.3564356435643564,0.2244535020246298,1.0,-0.0,0,0
32,0.2,0.3564356435643564,0.2244535020246298,1.0,-0.0,0,0
33,0.2,0.3564356435643564,0.2244535020246298,1.0,-0.0,0,0
34,0.2,0.3564356435643564,0.2244535020246298,1.0,-0.0,0,0
35,0.0,0.04356435643564357,0.09164702150816742,1.0,-0.0,0,0
36,0.0,0.04356435643564357,0.09164702150816742,1.0,-0.0,0,0
37,0.0,0.06336633663366337,0.1158034971660471,1.0,-0.0,0,0
38,0.0,0.06336633663366337,0.1158034971660471,1.0,-0.0,0,0
39,0.0,0.06336633663366337,0.1158034971660471,1.0,-0.0,0,0
40,0.0,0.03564356435643565,0.07653920035678292,1.0,-0.0,0,0
41,0.0,0.03564356435643565,0.07653920035678292,1.0,-0.0,0,0
42,0.0,0.3188118811881188,0.2237010342625274,1.0,-0.0,0,0
43,0.0,0.3188118811881188,0.2237010342625274,1.0,-0.0,0,0
44,0.0,0.3188118811881188,0.2237010342625274,1.0,-0.0,1,0
45,0.0,0.30297029702970296,0.21911407831482066,1.0,-0.0,0,0
46,0.0,0.30297029702970296,0.21911407831482066,1.0,-0.0,0,0
47,0.0,0.0,0.0,1.0,-0.0,0,0
48,0.0,0.04158415841584159,0.08590499787518362,1.0,-0.0,0,0
49,0.0,0.04158415841584159,0.08590499787518362,1.0,-0.0,0,0
50,0.0,0.05346534653465347,0.09704990696905227,1.0,-0.0,0,0
51,0.0,0.05346534653465347,0.09704990696905227,1.0,-0.0,0,0
52,0.0,0.05346534653465347,0.09704990696905227,1.0,-0.0,0,0
53,0.0,0.011881188118811883,0.047276579747775535,1.0,-0.0,0,0
54,0.0,0.011881188118811883,0.047276579747775535,1.0,-0.0,0,0
55,0.0,0.0,0.0,1.0,-0.0,0,0
56,0.0,0.017821782178217824,0.05698017651460656,1.0,-0.0,0,0
57,0.0,0.09306930693069307,0.12448501897427099,1.0,-0.0,0,0
58,0.0,0.09306930693069307,0.12448501897427099,1.0,-0.0,0,0
59,0.2,0.21386138613861383,0.18077375114498542,1.0,-0.0,0,0
60,0.2,0.4158415841584158,0.27673223046777307,1.0,-0.0,0,0
61,0.2,0.39801980198019804,0.28213478908465356,1.0,-0.0,0,0
62,0.2,0.3227722772277228,0.2501014400609417,1.0,-0.0,0,0
63,0.2,0.3227722772277228,0.2501014400609417,1.0,-0.0,0,0
64,0.2,0.27326732673267323,0.2316069943320942,1.0,-0.0,0,0
65,0.2,0.0712871287128713,0.11461224656227946,0.1307125990009052,0.8836825500410105,0,0
66,0.2,0.0712871287128713,0.11461224656227946,0.1307125990009052,0.8836825500410105,0,0
67,0.2,0.12079207920792079,0.14913402284168503,0.2976681413832576,0.5262676442308092,0,0
68,0.2,0.12079207920792079,0.14913402284168503,0.2976681413832576,0.5262676442308092,0,0
69,0.0,0.04950495049504951,0.09078727434730813,1.0,-0.0,0,0
70,0.0,0.04950495049504951,0.09078727434730813,1.0,-0.0,0,0
71,0.0,0.0712871287128713,0.11461224656227945,1.0,-0.0,0,0
72,0.0,0.04356435643564357,0.08255312311158745,1.0,-0.0,0,0
73,0.0,0.04356435643564357,0.08255312311158745,1.0,-0.0,0,0
74,0.0,0.04356435643564357,0.08255312311158745,1.0,-0.0,0,0
75,0.0,0.04356435643564357,0.08255312311158745,1.0,-0.0,0,0
76,0.0,0.021782178217821784,0.06230547612891991,1.0,-0.0,0,0
77,0.6,0.06336633663366337,0.10504385908811757,1.6222332550398264e-07,6.789886700005599,0,0
78,0.6,0.08118811881188118,0.11664694237642095,4.3395108135463674e-06,5.362559225084637,0,0
79,0.6,0.08118811881188118,0.11664694237642095,4.3395108135463674e-06,5.362559225084637,0,0
80,0.6,0.08118811881188118,0.11664694237642095,4.3395108135463674e-06,5.362559225084637,0,0
81,1.0,0.19603960396039596,0.20094863738570085,3.156097148815776e-05,4.500849637102269,0,0
82,0.4,0.1306930693069307,0.16753458295712848,0.05397557763109003,1.267802701274368,0,0
83,0.4,0.11287128712871286,0.15521519162190436,0.03216577917729509,1.4926059238749585,0,0
84,0.6,0.29900990099009894,0.2314376290485066,0.09671078615307839,1.0145250863561968,0,0
85,0.6,0.29900990099009894,0.2314376290485066,0.09671078615307839,1.0145250863561968,0,0
86,0.4,0.23366336633663365,0.19512739059128736,0.19698177784852344,0.7055739471676586,0,0
87,0.8,0.2851485148514852,0.2112603098961049,0.007403859775769207,2.1305418150928706,0,0
88,0.8,0.2851485148514852,0.2112603098961049,0.007403859775769207,2.1305418150928706,0,0
89,0.6,0.11881188118811879,0.14399729871443837,0.0004164147513299586,3.380473894176564,0,0
90,0.6,0.11881188118811879,0.14399729871443837,0.0004164147513299586,3.380473894176564,0,0
91,0.4,0.0712871287128713,0.11461224656227947,0.0020650958502956155,2.6850597859986665,0,0
92,0.0,0.019801980198019802,0.059735061897023205,1.0,-0.0,0,0
93,0.0,0.019801980198019802,0.059735061897023205,1.0,-0.0,0,0
94,0.0,0.0,0.0,1.0,-0.0,0,0
95,0.0,0.0,0.0,1.0,-0.0,0,0
96,0.0,0.0,0.0,1.0,-0.0,0,0
97,0.0,0.019801980198019802,0.059735061897023205,1.0,-0.0,0,0
98,0.0,0.019801980198019802,0.059735061897023205,1.0,-0.0,0,0
99,0.0,0.019801980198019802,0.059735061897023205,1.0,-0.0,0,0
100,0.0,0.019801980198019802,0.059735061897023205,1.0,-0.0,0,0
101,0.0,0.019801980198019802,0.059735061897023205,1.0,-0.0,0,0
102,0.0,0.0,0.0,1.0,-0.0,0,0
103,0.0,0.0,0.0,1.0,-0.0,0,0
104,0.0,0.0,0.0,1.0,-0.0,0,0
105,0.0,0.033663366336633666,0.07482947971362845,1.0,-0.0,0,0
106,0.0,0.08514851485148514,0.13304219431477884,1.0,-0.0,0,0
107,0.0,0.08514851485148514,0.13304219431477884,1.0,-0.0,0,0
108,0.0,0.08514851485148514,0.13304219431477884,1.0,-0.0,0,0
109,0.2,0.5386138613861388,0.29483013972965944,1.0,-0.0,0,0
110,0.2,0.502970297029703,0.2946571915020439,1.0,-0.0,0,0
111,0.2,0.45148514851485155,0.29471041715123203,1.0,-0.0,0,0
112,0.2,0.5089108910891089,0.3153181671186225,1.0,-0.0,0,0
113,0.2,0.5089108910891089,0.3153181671186225,1.0,-0.0,0,0
114,0.0,0.1306930693069307,0.1500775867049221,1.0,-0.0,0,0
115,0.0,0.1306930693069307,0.1500775867049221,1.0,-0.0,0,0
116,0.0,0.1306930693069307,0.1500775867049221,1.0,-0.0,0,0
117,0.0,0.0712871287128713,0.09983812012638045,1.0,-0.0,0,0
118,0.0,0.0712871287128713,0.09983812012638045,1.0,-0.0,0,0
119,0.0,0.0,0.0,1.0,-0.0,0,0
120,0.0,0.0,0.0,1.0,-0.0,0,0
121,0.6,0.30495049504950494,0.21358618156425863,0.08357688521738756,1.077913818381526,0,0
122,0.6,0.30495049504950494,0.21358618156425863,0.08357688521738756,1.077913818381526,0,0
123,0.6,0.3386138613861387,0.22645363087522988,0.12419700274779845,0.905888884882456,0,0
124,0.6,0.48910891089108915,0.2792851518774492,0.34566408098514606,0.4613457469846707,0,0
125,0.6,0.5247524752475249,0.2868076046722498,0.3965210380864159,0.40173376551547235,0,0
126,0.4,0.4316831683168317,0.2810625852820103,1.0,-0.0,0,0
127,0.4,0.4316831683168317,0.2810625852820103,1.0,-0.0,0,0
128,0.4,0.39999999999999997,0.27431282279994723,0.49999999999999994,0.30102999566398125,0,0
129,0.4,0.2475247524752475,0.21088876492002406,0.23483605222274806,0.6292352290620764,0,0
130,0.4,0.2594059405940594,0.21717275042938924,0.2586918798820188,0.5872172032037439,0,0
