,foreground,bg_means,bg_stdev,pvals,minus_logs,regs,active
2,0.0,0.1069306930693069,0.12448501897427097,1.0,-0.0,0,0
3,0.0,0.1069306930693069,0.12448501897427097,1.0,-0.0,0,0
4,0.0,0.1069306930693069,0.12448501897427097,1.0,-0.0,0,0
5,0.0,0.1069306930693069,0.12448501897427097,1.0,-0.0,0,0
6,0.0,0.1069306930693069,0.12448501897427097,1.0,-0.0,0,0
7,0.0,0.0,0.0,1.0,-0.0,0,0
8,0.0,0.0,0.0,1.0,-0.0,0,0
9,0.0,0.0,0.0,1.0,-0.0,0,0
10,0.0,0.0,0.0,1.0,-0.0,0,0
11,0.0,0.0,0.0,1.0,-0.0,0,0
12,0.0,0.0,0.0,1.0,-0.0,0,0
13,0.0,0.0,0.0,1.0,-0.0,0,0
14,0.0,0.0,0.0,1.0,-0.0,0,0
15,0.0,0.0,0.0,1.0,-0.0,0,0
16,0.0,0.0,0.0,1.0,-0.0,0,0
17,0.0,0.0,0.0,1.0,-0.0,0,0
18,0.0,0.0,0.0,1.0,-0.0,0,0
19,0.0,0.0,0.0,1.0,-0.0,0,0
20,0.0,0.0,0.0,1.0,-0.0,0,0
21,0.0,0.0,0.0,1.0,-0.0,0,0
22,0.0,0.0,0.0,1.0,-0.0,0,0
23,0.0,0.16831683168316827,0.14276664687268067,1.0,-0.0,0,0
24,0.0,0.16831683168316827,0.14276664687268067,1.0,-0.0,0,0
25,0.0,0.16831683168316827,0.14276664687268067,1.0,-0.0,0,0
26,0.0,0.16831683168316827,0.14276664687268067,1.0,-0.0,0,0
27,0.0,0.16831683168316827,0.14276664687268067,1.0,-0.0,0,0
28,0.0,0.0,0.0,1.0,-0.0,0,0
29,0.0,0.0,0.0,1.0,-0.0,0,0
30,0.0,0.0,0.0,1.0,-0.0,0,0
31,0.0,0.0,0.0,1.0,-0.0,0,0
32,0.0,0.3663366336633664,0.24057572354039505,1.0,-0.0,0,0
33,0.0,0.3663366336633664,0.24057572354039505,1.0,-0.0,0,0
34,0.0,0.3663366336633664,0.24057572354039505,1.0,-0.0,0,0
35,0.0,0.3663366336633664,0.24057572354039505,1.0,-0.0,0,0
36,0.0,0.3663366336633664,0.24057572354039505,1.0,-0.0,0,0
37,0.0,0.0,0.0,1.0,-0.0,0,0
38,0.8,0.41386138613861384,0.21481269896745528,0.036123418353881394,1.4422111591895608,0,0
39,0.8,0.41386138613861384,0.21481269896745528,0.036123418353881394,1.4422111591895608,0,0
40,1.2,0.8336633663366335,0.24057572354039503,0.06391065742855463,1.1944267149796088,0,0
41,1.2,0.8336633663366335,0.24057572354039503,0.06391065742855463,1.1944267149796088,0,0
42,1.2,0.8336633663366335,0.24057572354039503,0.06391065742855463,1.1944267149796088,0,0
43,0.4,0.41980198019801984,0.2346346652451267,1.0,-0.0,0,0
44,0.4,0.41980198019801984,0.2346346652451267,1.0,-0.0,0,0
45,0.0,0.0,0.0,1.0,-0.0,0,0
46,0.0,0.0,0.0,1.0,-0.0,0,0
47,0.0,0.0,0.0,1.0,-0.0,0,0
48,0.0,0.0,0.0,1.0,-0.0,0,0
49,0.0,0.0,0.0,1.0,-0.0,0,0
50,0.0,0.0,0.0,1.0,-0.0,0,0
51,0.0,0.0,0.0,1.0,-0.0,0,0
52,0.0,0.0,0.0,1.0,-0.0,0,0
53,0.0,0.0,0.0,1.0,-0.0,0,0
54,0.0,0.0,0.0,1.0,-0.0,0,0
55,0.0,0.0,0.0,1.0,-0.0,0,0
56,0.0,0.0,0.0,1.0,-0.0,0,0
57,0.0,0.0,0.0,1.0,-0.0,0,0
58,0.0,0.0,0.0,1.0,-0.0,0,0
59,0.0,0.0,0.0,1.0,-0.0,0,0
60,0.0,0.0,0.0,1.0,-0.0,0,0
61,0.0,0.0,0.0,1.0,-0.0,0,0
62,0.0,0.0,0.0,1.0,-0.0,0,0
63,0.0,0.0,0.0,1.0,-0.0,0,0
64,0.0,0.0,0.0,1.0,-0.0,0,0
65,0.0,0.0,0.0,1.0,-0.0,0,0
66,0.0,0.0,0.0,1.0,-0.0,0,0
67,0.0,0.0,0.0,1.0,-0.0,0,0
68,0.0,0.0,0.0,1.0,-0.0,0,0
69,0.0,0.0,0.0,1.0,-0.0,0,0
70,0.0,0.0,0.0,1.0,-0.0,0,0
71,0.0,0.0,0.0,1.0,-0.0,0,0
72,0.0,0.0,0.0,1.0,-0.0,0,0
73,0.0,0.0,0.0,1.0,-0.0,0,0
74,0.0,0.0,0.0,1.0,-0.0,0,0
75,0.0,0.0,0.0,1.0,-0.0,0,0
76,0.0,0.0,0.0,1.0,-0.0,0,0
77,0.0,0.0,0.0,1.0,-0.0,0,0
78,0.0,0.0,0.0,1.0,-0.0,0,0
79,0.0,0.0,0.0,1.0,-0.0,0,0
80,0.0,0.0,0.0,1.0,-0.0,0,0
81,0.0,0.0,0.0,1.0,-0.0,0,0
82,0.0,0.0,0.0,1.0,-0.0,0,0
83,0.0,0.0,0.0,1.0,-0.0,0,0
84,0.0,0.0,0.0,1.0,-0.0,0,0
85,0.0,0.0,0.0,1.0,-0.0,0,0
86,0.0,0.0,0.0,1.0,-0.0,0,0
87,0.0,0.0,0.0,1.0,-0.0,0,0
88,0.0,0.0,0.0,1.0,-0.0,0,0
89,0.0,0.0,0.0,1.0,-0.0,0,0
90,0.0,0.0,0.0,1.0,-0.0,0,0
91,0.0,0.0,0.0,1.0,-0.0,0,0
92,0.4,0.12475247524752472,0.13156027914354923,0.01821129682833952,1.7396591269487156,0,0
