,foreground,bg_means,bg_stdev,pvals,minus_logs,regs,active
2,0.0,0.4217821782178218,0.27988822393985396,1.0,-0.0,0,0
3,0.0,0.4217821782178218,0.27988822393985396,1.0,-0.0,0,0
4,0.0,0.5683168316831684,0.32179284064589114,1.0,-0.0,0,0
5,0.0,0.2831683168316832,0.21483095216024584,1.0,-0.0,0,0
6,0.0,0.2831683168316832,0.21483095216024584,1.0,-0.0,0,0
7,0.0,0.1465346534653465,0.14594475859555073,1.0,-0.0,0,0
8,0.0,0.2396039603960396,0.17353585980361694,1.0,-0.0,0,0
9,0.0,0.1306930693069307,0.136245682469462,1.0,-0.0,0,0
10,0.0,0.1306930693069307,0.136245682469462,1.0,-0.0,0,0
11,0.2,0.2356435643564356,0.18962399397820376,1.0,-0.0,0,0
12,0.2,0.2356435643564356,0.18962399397820376,1.0,-0.0,0,0
13,0.2,0.14257425742574256,0.15501295675866078,0.35552074633585173,0.44913505103467577,0,0
14,0.2,0.22178217821782176,0.19067569294591244,1.0,-0.0,0,0
15,0.2,0.22178217821782176,0.19067569294591244,1.0,-0.0,0,0
16,0.0,0.11485148514851484,0.1444594832462533,1.0,-0.0,0,0
17,0.0,0.11485148514851484,0.1444594832462533,1.0,-0.0,0,0
18,0.0,0.11485148514851484,0.1444594832462533,1.0,-0.0,0,0
19,0.0,0.0297029702970297,0.07112192077650681,1.0,-0.0,0,0
20,0.2,0.1762376237623762,0.16953548350894254,0.44426612849697694,0.3523567967469894,0,0
21,0.2,0.1762376237623762,0.16953548350894254,0.44426612849697694,0.3523567967469894,0,0
22,0.2,0.1762376237623762,0.16953548350894254,0.44426612849697694,0.3523567967469894,0,0
23,0.2,0.1762376237623762,0.16953548350894254,0.44426612849697694,0.3523567967469894,0,0
24,0.2,0.1465346534653465,0.15642311016341784,0.3662508792519096,0.4362213240336179,0,0
25,0.0,0.0,0.0,1.0,-0.0,0,0
26,0.0,0.0,0.0,1.0,-0.0,0,0
27,0.0,0.0,0.0,1.0,-0.0,0,0
28,0.0,0.0,0.0,1.0,-0.0,0,0
29,0.0,0.0,0.0,1.0,-0.0,0,0
30,0.0,0.0,0.0,1.0,-0.0,0,0
31,0.0,0.0,0.0,1.0,-0.0,0,0
32,0.0,0.0,0.0,1.0,-0.0,0,0
33,0.0,0.0,0.0,1.0,-0.0,0,0
34,0.0,0.0,0.0,1.0,-0.0,0,0
35,0.0,0.0,0.0,1.0,-0.0,0,0
36,0.0,0.0,0.0,1.0,-0.0,0,0
37,0.0,0.0,0.0,1.0,-0.0,0,0
38,0.0,0.0,0.0,1.0,-0.0,0,0
39,0.0,0.0,0.0,1.0,-0.0,0,0
40,0.0,0.0,0.0,1.0,-0.0,0,0
41,0.0,0.0,0.0,1.0,-0.0,0,0
42,0.2,0.06336633663366337,0.10504385908811757,0.09667550266855758,1.014683561115634,0,0
43,0.6,0.20198019801980197,0.179095747399525,0.013128630348255227,1.8817805795633695,0,0
44,0.6,0.20198019801980197,0.179095747399525,0.013128630348255227,1.8817805795633695,0,0
45,0.8,0.3663366336633664,0.23389818709280633,0.031864648055365985,1.496690873934675,0,0
46,0.8,0.3663366336633664,0.23389818709280633,0.031864648055365985,1.496690873934675,0,0
47,0.6,0.4356435643564357,0.2539135888001947,0.2587212330634434,0.5871679275885199,0,0
48,0.2,0.297029702970297,0.224470971262468,1.0,-0.0,0,0
49,0.2,0.42970297029702975,0.2805738654108279,1.0,-0.0,0,0
50,0.0,0.26534653465346536,0.23055492400519423,1.0,-0.0,0,0
51,0.0,0.2891089108910891,0.2461187792204253,1.0,-0.0,0,0
52,0.0,0.35445544554455455,0.26830039042097764,1.0,-0.0,0,0
53,0.0,0.35445544554455455,0.26830039042097764,1.0,-0.0,0,0
54,0.0,0.22178217821782176,0.20662491026923693,1.0,-0.0,0,0
55,0.0,0.4198019801980198,0.2602435272229174,1.0,-0.0,0,0
56,0.0,0.39603960396039595,0.2579127153293455,1.0,-0.0,0,0
57,0.2,0.401980198019802,0.2735828283432958,1.0,-0.0,0,0
58,0.6,0.7861386138613861,0.3344952464462063,1.0,-0.0,0,0
59,0.6,0.879207920792079,0.3378196928655227,1.0,-0.0,0,0
60,0.6,0.7999999999999999,0.3196532775082749,1.0,-0.0,0,0
61,0.6,0.7999999999999999,0.3196532775082749,1.0,-0.0,0,0
62,0.4,0.596039603960396,0.29648795480156936,1.0,-0.0,0,0
63,0.4,0.6554455445544554,0.3436770437502934,1.0,-0.0,0,0
64,0.4,0.5643564356435644,0.31765980882345,1.0,-0.0,0,0
65,0.4,0.44356435643564346,0.28368712426211834,1.0,-0.0,0,0
66,0.4,0.44356435643564346,0.28368712426211834,1.0,-0.0,0,0
67,0.4,0.44356435643564346,0.28368712426211834,1.0,-0.0,0,0
68,0.0,0.0,0.0,1.0,-0.0,0,0
69,0.0,0.0,0.0,1.0,-0.0,0,0
70,0.0,0.0,0.0,1.0,-0.0,0,0
71,0.0,0.1861386138613861,0.17633771771004506,1.0,-0.0,0,0
72,0.0,0.1861386138613861,0.17633771771004506,1.0,-0.0,0,0
73,0.0,0.1861386138613861,0.17633771771004506,1.0,-0.0,0,0
74,0.0,0.1861386138613861,0.17633771771004506,1.0,-0.0,0,0
75,0.0,0.1861386138613861,0.17633771771004506,1.0,-0.0,0,0
76,0.0,0.0,0.0,1.0,-0.0,0,0
77,0.0,0.0,0.0,1.0,-0.0,0,0
78,0.0,0.0,0.0,1.0,-0.0,0,0
79,0.0,0.3089108910891089,0.22075433678212725,1.0,-0.0,0,0
80,0.0,0.3089108910891089,0.22075433678212725,1.0,-0.0,0,0
81,0.0,0.3089108910891089,0.22075433678212725,1.0,-0.0,0,0
82,0.0,0.3089108910891089,0.22075433678212725,1.0,-0.0,0,0
83,0.0,0.3089108910891089,0.22075433678212725,1.0,-0.0,0,0
84,0.0,0.0,0.0,1.0,-0.0,0,0
85,0.0,0.0,0.0,1.0,-0.0,0,0
86,0.0,0.0,0.0,1.0,-0.0,0,0
87,0.0,0.0,0.0,1.0,-0.0,0,0
88,0.0,0.14059405940594058,0.14770737583343774,1.0,-0.0,0,0
89,0.2,0.3900990099009901,0.2615660946686474,1.0,-0.0,0,0
90,0.2,0.3900990099009901,0.2615660946686474,1.0,-0.0,0,0
91,0.2,0.4831683168316832,0.2688697674850484,1.0,-0.0,0,0
92,0.2,0.4831683168316832,0.2688697674850484,1.0,-0.0,0,0
93,0.2,0.3445544554455446,0.24065720558288062,1.0,-0.0,0,0
94,0.0,0.09306930693069307,0.11103244173367277,1.0,-0.0,0,0
95,0.0,0.29900990099009894,0.23483512206532423,1.0,-0.0,0,0
96,0.0,0.2059405940594059,0.2038353937815092,1.0,-0.0,0,0
97,0.0,0.2059405940594059,0.2038353937815092,1.0,-0.0,0,0
98,0.0,0.2059405940594059,0.2038353937815092,1.0,-0.0,0,0
99,0.2,0.2376237623762376,0.2174794790130442,1.0,-0.0,0,0
100,0.2,0.031683168316831684,0.0730260947112308,0.01058647624307391,1.9752485727397298,0,0
101,0.2,0.031683168316831684,0.0730260947112308,0.01058647624307391,1.9752485727397298,0,0
102,0.2,0.031683168316831684,0.0730260947112308,0.01058647624307391,1.9752485727397298,0,0
103,0.2,0.031683168316831684,0.0730260947112308,0.01058647624307391,1.9752485727397298,0,0
104,1.6,0.2396039603960396,0.20102667569442348,6.563059161503648e-12,11.182893680856779,0,0
105,2.4,0.3900990099009901,0.27629262378756286,1.7381494558146398e-13,12.759912883212476,0,0
106,2.4,0.3900990099009901,0.27629262378756286,1.7381494558146398e-13,12.759912883212476,0,0
107,2.4,0.3900990099009901,0.27629262378756286,1.7381494558146398e-13,12.759912883212476,0,0
108,2.4,0.3900990099009901,0.27629262378756286,1.7381494558146398e-13,12.759912883212476,0,0
109,0.8,0.15049504950495046,0.16021258301915867,2.5172498535669485e-05,4.599073675734885,0,0
110,0.0,0.0,0.0,1.0,-0.0,0,0
111,0.0,0.0,0.0,1.0,-0.0,0,0
