,foreground,bg_means,bg_stdev,pvals,minus_logs,regs,active
2,0.0,0.5900990099009901,0.35530072341387886,1.0,-0.0,0,0
3,0.0,0.5900990099009901,0.35530072341387886,1.0,-0.0,0,0
4,0.0,0.5900990099009901,0.35530072341387886,1.0,-0.0,0,0
5,0.0,0.057425742574257435,0.09048443294095733,1.0,-0.0,0,0
6,0.0,0.0,0.0,1.0,-0.0,0,0
7,0.0,0.0,0.0,1.0,-0.0,0,0
8,0.0,0.0,0.0,1.0,-0.0,0,0
9,0.0,0.0,0.0,1.0,-0.0,0,0
10,0.0,0.0,0.0,1.0,-0.0,0,0
11,0.0,0.0,0.0,1.0,-0.0,0,0
12,0.0,0.0,0.0,1.0,-0.0,0,0
13,0.0,0.0,0.0,1.0,-0.0,0,0
14,0.0,0.0,0.0,1.0,-0.0,0,0
15,0.0,0.041584158415841586,0.08590499787518362,1.0,-0.0,0,0
16,0.0,0.041584158415841586,0.08590499787518362,1.0,-0.0,0,0
17,0.0,0.041584158415841586,0.08590499787518362,1.0,-0.0,0,0
18,0.0,0.041584158415841586,0.08590499787518362,1.0,-0.0,0,0
19,0.0,0.35445544554455455,0.2352688592519469,1.0,-0.0,0,0
20,0.0,0.3108910891089109,0.2328901453938876,1.0,-0.0,0,0
21,0.0,0.3108910891089109,0.2328901453938876,1.0,-0.0,0,0
22,0.0,0.3108910891089109,0.2328901453938876,1.0,-0.0,0,0
23,0.0,0.3108910891089109,0.2328901453938876,1.0,-0.0,0,0
24,0.0,0.0,0.0,1.0,-0.0,0,0
25,0.0,0.0,0.0,1.0,-0.0,0,0
26,0.0,0.0,0.0,1.0,-0.0,0,0
27,0.0,0.03564356435643565,0.07653920035678292,1.0,-0.0,0,0
28,0.0,0.03564356435643565,0.07653920035678292,1.0,-0.0,0,0
29,0.0,0.07326732673267328,0.10425700262248067,1.0,-0.0,0,0
30,0.0,0.07326732673267328,0.10425700262248067,1.0,-0.0,0,0
31,0.0,0.07326732673267328,0.10425700262248067,1.0,-0.0,0,0
32,0.0,0.03762376237623763,0.07816140339006158,1.0,-0.0,0,0
33,0.0,0.03762376237623763,0.07816140339006158,1.0,-0.0,0,0
34,0.0,0.1287128712871287,0.12768822926854262,1.0,-0.0,0,0
35,0.0,0.21386138613861383,0.1717871714399709,1.0,-0.0,0,0
36,0.0,0.2475247524752475,0.17832779885020875,1.0,-0.0,0,0
37,0.0,0.6336633663366337,0.3147456077038499,1.0,-0.0,0,0
38,0.0,0.6336633663366337,0.3147456077038499,1.0,-0.0,0,0
39,0.0,0.6297029702970296,0.3225960765493571,1.0,-0.0,3,0
40,0.0,0.5425742574257425,0.31883032970421754,1.0,-0.0,0,0
41,0.0,0.5089108910891089,0.30768989464641633,1.0,-0.0,0,0
42,0.0,0.12475247524752475,0.1345369326848557,1.0,-0.0,0,0
43,0.0,0.12475247524752475,0.1345369326848557,1.0,-0.0,0,0
44,0.0,0.0,0.0,1.0,-0.0,0,0
45,0.2,0.06534653465346535,0.0938037170877387,0.07557502157304526,1.121621720179875,0,0
46,0.2,0.06534653465346535,0.0938037170877387,0.07557502157304526,1.121621720179875,0,0
47,0.2,0.06534653465346535,0.0938037170877387,0.07557502157304526,1.121621720179875,0,0
48,0.2,0.06534653465346535,0.0938037170877387,0.07557502157304526,1.121621720179875,0,0
49,0.2,0.8316831683168315,0.33858490988501383,1.0,-0.0,0,0
50,0.0,1.0455445544554458,0.3753611468827826,1.0,-0.0,0,0
51,0.0,1.0455445544554458,0.3753611468827826,1.0,-0.0,0,0
52,0.0,1.1247524752475249,0.3742731412699172,1.0,-0.0,0,0
53,0.0,1.1247524752475249,0.3742731412699172,1.0,-0.0,0,0
54,0.0,0.3584158415841584,0.23431692455984227,1.0,-0.0,0,0
55,0.0,0.1485148514851485,0.14799910448360235,1.0,-0.0,0,0
56,0.0,0.16237623762376235,0.1534110411742302,1.0,-0.0,0,0
57,0.0,0.08316831683168316,0.11694909354640316,1.0,-0.0,0,0
58,0.0,0.12079207920792076,0.13810372890425895,1.0,-0.0,0,0
59,0.0,0.17623762376237626,0.17640441545600072,1.0,-0.0,0,0
60,0.0,0.18217821782178212,0.15945205654809816,1.0,-0.0,0,0
61,0.0,0.16831683168316827,0.16345931947317976,1.0,-0.0,0,0
62,0.0,0.28316831683168314,0.20151373042706622,1.0,-0.0,0,0
63,0.0,1.0217821782178216,0.39990195837986026,1.0,-0.0,0,0
64,0.0,0.9683168316831683,0.38970176285734226,1.0,-0.0,0,0
65,0.0,0.8910891089108912,0.37286660739611305,1.0,-0.0,0,0
66,0.0,0.8910891089108912,0.37286660739611305,1.0,-0.0,0,0
67,0.0,0.7762376237623765,0.35853069654721437,1.0,-0.0,0,0
68,0.0,0.04752475247524753,0.08965727859541997,1.0,-0.0,0,0
69,0.0,0.08316831683168316,0.10996786833199856,1.0,-0.0,0,0
70,0.0,0.08316831683168316,0.10996786833199856,1.0,-0.0,0,0
71,0.0,0.08316831683168316,0.10996786833199856,1.0,-0.0,0,0
72,0.0,0.08316831683168316,0.10996786833199856,1.0,-0.0,0,0
73,0.0,0.03564356435643565,0.07653920035678292,1.0,-0.0,0,0
74,0.0,0.025742574257425748,0.06697637435757531,1.0,-0.0,0,0
75,0.0,0.06336633663366338,0.10504385908811757,1.0,-0.0,0,0
76,0.0,0.06336633663366338,0.10504385908811757,1.0,-0.0,0,0
77,0.0,0.06336633663366338,0.10504385908811757,1.0,-0.0,0,0
78,0.0,0.08514851485148513,0.12379009590564582,1.0,-0.0,0,0
79,0.0,0.47524752475247534,0.25771499362555084,1.0,-0.0,0,0
80,0.0,0.4376237623762377,0.24810229651165944,1.0,-0.0,0,0
81,0.0,0.4376237623762377,0.24810229651165944,1.0,-0.0,0,0
82,0.0,0.5168316831683167,0.26441390705426526,1.0,-0.0,0,0
83,0.0,0.49504950495049505,0.2649028357733171,1.0,-0.0,0,0
84,0.0,0.07920792079207921,0.11966689053257921,1.0,-0.0,0,0
85,0.0,0.07920792079207921,0.11966689053257921,1.0,-0.0,0,0
86,0.0,0.07920792079207921,0.11966689053257921,1.0,-0.0,0,0
87,2.0,0.35148514851485146,0.26870199967793046,4.255161382216344e-10,9.371083964115952,0,0
88,2.0,0.35148514851485146,0.26870199967793046,4.255161382216344e-10,9.371083964115952,0,0
89,2.0,0.35148514851485146,0.26870199967793046,4.255161382216344e-10,9.371083964115952,0,0
90,2.0,0.35148514851485146,0.26870199967793046,4.255161382216344e-10,9.371083964115952,0,0
91,2.0,0.35148514851485146,0.26870199967793046,4.255161382216344e-10,9.371083964115952,0,0
92,0.8,0.9683168316831684,0.4171878255605051,1.0,-0.0,0,0
93,0.8,0.9683168316831684,0.4171878255605051,1.0,-0.0,0,0
94,0.8,0.9683168316831684,0.4171878255605051,1.0,-0.0,0,0
95,0.8,0.9683168316831684,0.4171878255605051,1.0,-0.0,0,0
96,0.8,1.3445544554455444,0.51057630950396,1.0,-0.0,0,0
97,0.0,0.3762376237623763,0.23426671558289505,1.0,-0.0,0,0
98,0.0,0.3762376237623763,0.23426671558289505,1.0,-0.0,0,0
99,0.0,0.3762376237623763,0.23426671558289505,1.0,-0.0,0,0
100,0.0,0.3762376237623763,0.23426671558289505,1.0,-0.0,0,0
101,0.0,0.0,0.0,1.0,-0.0,0,0
102,0.0,0.0,0.0,1.0,-0.0,0,0
103,0.0,0.0,0.0,1.0,-0.0,0,0
104,0.0,0.0,0.0,1.0,-0.0,0,0
105,0.0,0.0,0.0,1.0,-0.0,0,0
106,0.4,0.10495049504950495,0.13377699607171908,0.013708376899074306,1.8630139635551268,0,0
107,0.4,0.10495049504950495,0.13377699607171908,0.013708376899074306,1.8630139635551268,0,0
108,0.4,0.10495049504950495,0.13377699607171908,0.013708376899074306,1.8630139635551268,0,0
109,0.4,0.10495049504950495,0.13377699607171908,0.013708376899074306,1.8630139635551268,0,0
110,0.4,0.10495049504950495,0.13377699607171908,0.013708376899074306,1.8630139635551268,0,0
111,0.0,0.0,0.0,1.0,-0.0,0,0
112,0.0,0.0,0.0,1.0,-0.0,0,0
113,2.4,0.9742574257425743,0.40361079805456695,0.00020584935780690577,3.686450483543115,0,29
114,2.4,0.9742574257425743,0.40361079805456695,0.00020584935780690577,3.686450483543115,0,0
115,3.8,1.396039603960396,0.4295797605902239,1.0962967993911837e-08,7.960071853800567,1,0
116,3.8,1.396039603960396,0.4295797605902239,1.0962967993911837e-08,7.960071853800567,0,0
117,3.8,1.396039603960396,0.4295797605902239,1.0962967993911837e-08,7.960071853800567,0,0
118,3.0,1.1425742574257427,0.48692743165050323,6.820617923521944e-05,4.166176278038654,0,0
119,3.0,1.1425742574257427,0.48692743165050323,6.820617923521944e-05,4.166176278038654,0,0
120,1.6,0.7207920792079208,0.3808060319856646,0.010477125680362168,1.97975784639554,0,0
121,1.6,0.7207920792079208,0.3808060319856646,0.010477125680362168,1.97975784639554,0,0
122,1.6,0.7207920792079208,0.3808060319856646,0.010477125680362168,1.97975784639554,0,0
123,0.0,0.02772277227722772,0.06910862719451544,1.0,-0.0,0,0
124,0.0,0.04554455445544555,0.09283729243351321,1.0,-0.0,0,0
125,0.0,0.04554455445544555,0.09283729243351321,1.0,-0.0,0,0
126,0.0,0.04554455445544555,0.09283729243351321,1.0,-0.0,0,0
127,0.0,0.04554455445544555,0.09283729243351321,1.0,-0.0,0,0
128,0.0,0.07722772277227724,0.11930590361498669,1.0,-0.0,0,0
129,0.0,0.05940594059405942,0.10357779667819421,1.0,-0.0,0,0
130,0.0,0.05940594059405942,0.10357779667819421,1.0,-0.0,0,0
131,0.0,0.05940594059405942,0.10357779667819421,1.0,-0.0,0,0
132,0.0,0.05940594059405942,0.10357779667819421,1.0,-0.0,0,0
