,foreground,bg_means,bg_stdev,pvals,minus_logs,regs,active
2,0.0,0.5089108910891089,0.28635607893109255,1.0,-0.0,0,0
3,0.0,0.0,0.0,1.0,-0.0,0,0
4,0.0,0.0,0.0,1.0,-0.0,0,0
5,0.0,0.0,0.0,1.0,-0.0,0,0
6,0.0,0.0,0.0,1.0,-0.0,0,0
7,0.0,0.0,0.0,1.0,-0.0,0,0
8,0.0,0.0,0.0,1.0,-0.0,0,0
9,0.0,0.0,0.0,1.0,-0.0,0,0
10,0.0,0.0,0.0,1.0,-0.0,0,0
11,0.0,0.0,0.0,1.0,-0.0,0,0
12,0.0,0.0,0.0,1.0,-0.0,0,0
13,0.0,0.0,0.0,1.0,-0.0,0,0
14,0.0,0.0,0.0,1.0,-0.0,0,0
15,0.0,0.11485148514851483,0.13304219431477882,1.0,-0.0,0,0
16,0.0,0.11485148514851483,0.13304219431477882,1.0,-0.0,0,0
17,0.4,0.29900990099009905,0.18800413388384826,0.2955752457407216,0.5293319406709046,0,0
18,0.4,0.29900990099009905,0.18800413388384826,0.2955752457407216,0.5293319406709046,0,0
19,2.4,0.9544554455445544,0.3753611468827826,5.879983676634432e-05,4.230623879562881,0,0
20,2.4,0.8376237623762377,0.40070519153669376,4.8282102508429136e-05,4.316213826231536,0,0
21,2.4,0.8376237623762377,0.40070519153669376,4.8282102508429136e-05,4.316213826231536,0,0
22,2.0,0.7306930693069307,0.34173192384345313,0.00010186927528993699,3.9919567834529275,0,0
23,2.0,0.7306930693069307,0.34173192384345313,0.00010186927528993699,3.9919567834529275,0,0
24,0.0,0.07326732673267326,0.09636059453937773,1.0,-0.0,0,0
25,0.0,0.07326732673267326,0.09636059453937773,1.0,-0.0,0,0
26,0.2,0.23168316831683167,0.16823527435849067,1.0,-0.0,0,0
27,0.2,0.24356435643564353,0.18153135265530043,1.0,-0.0,0,0
28,0.2,0.24356435643564353,0.18153135265530043,1.0,-0.0,0,0
29,0.2,0.24356435643564353,0.18153135265530043,1.0,-0.0,0,0
30,0.2,0.24356435643564353,0.18153135265530043,1.0,-0.0,0,0
31,0.0,0.08514851485148514,0.1172170185104851,1.0,-0.0,0,0
32,0.0,0.057425742574257435,0.10277971700879983,1.0,-0.0,0,0
33,0.0,0.057425742574257435,0.10277971700879983,1.0,-0.0,0,0
34,0.0,0.0891089108910891,0.12420120222231065,1.0,-0.0,0,0
35,0.0,0.0891089108910891,0.12420120222231065,1.0,-0.0,0,0
36,0.0,0.0891089108910891,0.12420120222231065,1.0,-0.0,0,0
37,0.0,0.14653465346534653,0.15127468716660816,1.0,-0.0,0,0
38,0.0,0.14653465346534653,0.15127468716660816,1.0,-0.0,0,0
39,0.0,0.11287128712871287,0.13618810981425267,1.0,-0.0,0,0
40,0.0,0.14455445544554454,0.15445544554455445,1.0,-0.0,0,0
41,0.0,0.14455445544554454,0.15445544554455445,1.0,-0.0,0,0
42,0.0,0.0297029702970297,0.07112192077650681,1.0,-0.0,0,0
43,0.0,0.0297029702970297,0.07112192077650681,1.0,-0.0,0,0
44,0.0,0.0297029702970297,0.07112192077650681,1.0,-0.0,0,0
45,0.4,0.0594059405940594,0.09138994660763824,9.695466705811596e-05,4.013431280666738,0,0
46,0.4,0.08316831683168317,0.12028786177019754,0.004219950562944587,2.374692636802812,0,0
47,0.4,0.08316831683168317,0.12028786177019754,0.004219950562944587,2.374692636802812,0,0
48,0.6,0.2138613861386138,0.1694660823392845,0.011346620990995905,1.945133451550211,0,0
49,0.6,0.2435643564356435,0.1771142952475081,0.02208567245422131,1.6558893730090944,0,0
50,0.2,0.2811881188118812,0.21281371544757102,1.0,-0.0,0,0
51,0.2,0.25742574257425743,0.2074582313458819,1.0,-0.0,0,0
52,0.4,0.3544554455445545,0.2483708312122797,0.42725260075389987,0.36931528498023947,0,0
53,0.2,0.22376237623762374,0.20926486833462027,1.0,-0.0,0,0
54,0.2,0.19405940594059404,0.18552669588707663,0.4872279878104105,0.3122677725046822,0,0
55,0.2,0.09504950495049505,0.13670539084430267,0.22132887875055168,0.6549619161055132,0,0
56,0.2,0.09504950495049505,0.13670539084430267,0.22132887875055168,0.6549619161055132,0,0
57,0.0,0.09702970297029702,0.12142344330103676,1.0,-0.0,0,0
58,0.0,0.09702970297029702,0.12142344330103676,1.0,-0.0,0,0
59,0.2,0.1267326732673267,0.13415750246300454,0.29248857166832704,0.5338910983282821,0,0
60,0.2,0.1267326732673267,0.13415750246300454,0.29248857166832704,0.5338910983282821,0,0
61,0.2,0.1267326732673267,0.13415750246300454,0.29248857166832704,0.5338910983282821,0,0
62,0.2,0.027722772277227727,0.06910862719451544,0.0063361735559086295,2.1981729353735644,0,0
63,0.2,0.08118811881188118,0.10597297552680916,0.13111144771744787,0.8823593871545701,0,0
64,0.0,0.05346534653465347,0.08851285797476045,1.0,-0.0,0,0
65,0.0,0.05346534653465347,0.08851285797476045,1.0,-0.0,0,0
66,0.0,0.1603960396039604,0.14897618117864575,1.0,-0.0,0,0
67,0.0,0.1603960396039604,0.14897618117864575,1.0,-0.0,0,0
68,0.0,0.17425742574257425,0.13099275571121766,1.0,-0.0,0,0
69,0.0,0.17425742574257425,0.13099275571121766,1.0,-0.0,0,0
70,0.2,0.2673267326732673,0.11000352009767247,1.0,-0.0,0,0
71,0.2,0.16237623762376235,0.1634113349368535,0.408952791255753,0.3883268232407351,0,0
72,0.2,0.22574257425742572,0.1816609099592826,1.0,-0.0,0,0
73,0.6,0.7366336633663365,0.3329207000625586,1.0,-0.0,0,0
74,0.6,0.8415841584158414,0.3439051581015414,1.0,-0.0,0,0
75,0.4,0.7485148514851486,0.3408242372110917,1.0,-0.0,0,0
76,0.4,0.7485148514851486,0.3408242372110917,1.0,-0.0,0,0
77,0.6,0.7465346534653464,0.3513944939569995,1.0,-0.0,0,0
78,0.2,0.21188118811881182,0.16844491341098405,1.0,-0.0,0,0
79,0.2,0.14653465346534653,0.14594475859555073,0.3570558366455642,0.44726386329711504,0,0
80,0.2,0.24158415841584158,0.17421241542909124,1.0,-0.0,0,0
81,0.2,0.24158415841584158,0.17421241542909124,1.0,-0.0,0,0
82,0.0,0.18019801980198016,0.15544239134091375,1.0,-0.0,0,0
83,0.0,0.13663366336633662,0.13767717461995008,1.0,-0.0,0,0
84,0.0,0.09504950495049505,0.12457948087149175,1.0,-0.0,0,0
85,0.0,0.0,0.0,1.0,-0.0,0,0
86,0.0,0.031683168316831684,0.0730260947112308,1.0,-0.0,0,0
87,0.0,0.031683168316831684,0.0730260947112308,1.0,-0.0,0,0
88,0.0,0.031683168316831684,0.0730260947112308,1.0,-0.0,0,0
89,0.0,0.09504950495049505,0.13078304733432375,1.0,-0.0,0,0
90,0.0,0.21386138613861383,0.18933427036517264,1.0,-0.0,0,0
91,0.0,0.47524752475247517,0.2711931614379405,1.0,-0.0,0,0
92,0.0,0.47524752475247517,0.2711931614379405,1.0,-0.0,0,0
93,0.0,0.47524752475247517,0.2711931614379405,1.0,-0.0,0,0
94,0.0,0.4118811881188118,0.24016789866071453,1.0,-0.0,0,0
95,0.0,0.293069306930693,0.20209664668789024,1.0,-0.0,0,0
96,0.0,0.0,0.0,1.0,-0.0,0,0
97,0.0,0.0,0.0,1.0,-0.0,0,0
