,foreground,bg_means,bg_stdev,pvals,minus_logs,regs,active
2,0.0,0.0,0.0,1.0,-0.0,0,0
3,0.0,0.0,0.0,1.0,-0.0,0,0
4,2.2,0.6178217821782178,0.3470943146868196,2.577823358553393e-06,5.588746845335543,0,0
5,2.2,0.6178217821782178,0.3470943146868196,2.577823358553393e-06,5.588746845335543,0,0
6,3.0,1.7445544554455448,0.4988055530042461,0.005919559072231251,2.2277106411873033,0,0
7,3.0,1.8118811881188122,0.497774677387363,0.008496464464786383,2.070761754621806,0,0
8,3.0,1.9247524752475251,0.5173056511882496,0.018829199650658487,1.7251681396057323,0,0
9,0.8,1.3089108910891092,0.4310013691143149,1.0,-0.0,0,0
10,0.8,1.3089108910891092,0.4310013691143149,1.0,-0.0,0,0
11,0.0,0.18217821782178212,0.18042635951740818,1.0,-0.0,0,0
12,0.0,0.11287128712871286,0.1526423155691229,1.0,-0.0,0,0
13,0.0,0.0,0.0,1.0,-0.0,0,0
14,0.0,0.0,0.0,1.0,-0.0,0,0
15,0.0,0.0,0.0,1.0,-0.0,0,0
16,0.0,0.0,0.0,1.0,-0.0,0,0
17,0.0,0.031683168316831684,0.0730260947112308,1.0,-0.0,0,0
18,0.0,0.031683168316831684,0.0730260947112308,1.0,-0.0,0,0
19,0.0,0.031683168316831684,0.0730260947112308,1.0,-0.0,0,0
20,0.0,0.031683168316831684,0.0730260947112308,1.0,-0.0,0,0
21,0.2,0.1405940594059406,0.15297590428378585,0.3488839661654521,0.45731898918151315,0,0
22,0.2,0.10693069306930691,0.1306930693069307,0.23819485997038664,0.6230676144341947,0,0
23,1.2,1.0118811881188117,0.3731819636088336,0.30709763975478443,0.5127235213798296,0,0
24,1.2,1.0118811881188117,0.3731819636088336,0.30709763975478443,0.5127235213798296,0,0
25,1.6,1.19009900990099,0.3943926149809286,0.14932746272870812,0.8258603140785048,0,0
26,1.4,1.081188118811881,0.39419371809250064,0.20932385331705278,0.6791812791925962,0,0
27,1.4,1.1267326732673266,0.3967419514762341,0.24548133334779537,0.6099815264830326,0,0
28,0.4,0.22178217821782176,0.1638666207174432,0.13839060213489435,0.8588934010608773,0,0
29,0.6,0.31881188118811876,0.21466661755037864,0.0951177364230414,1.0217384934469724,0,0
30,0.4,0.3405940594059407,0.22785187902800044,0.3971535460469212,0.40104155543176195,0,0
31,0.8,1.4693069306930697,0.4053460993385717,1.0,-0.0,0,0
32,0.8,1.4257425742574261,0.40065626000660726,1.0,-0.0,0,0
33,0.8,1.9326732673267328,0.448784697964345,1.0,-0.0,0,0
34,0.6,1.9702970297029703,0.457618578358117,1.0,-0.0,0,0
35,0.8,2.2990099009900993,0.47896237879191517,1.0,-0.0,0,0
36,0.4,1.2316831683168317,0.42096793064031085,1.0,-0.0,0,0
37,0.4,1.2316831683168317,0.42096793064031085,1.0,-0.0,0,0
38,0.4,0.7267326732673266,0.38457668359655,1.0,-0.0,0,0
39,0.4,0.592079207920792,0.3411347308867779,1.0,-0.0,0,0
40,0.0,0.06336633663366337,0.09304823860966917,1.0,-0.0,0,0
41,0.0,0.0,0.0,1.0,-0.0,0,0
42,0.0,0.0,0.0,1.0,-0.0,0,0
43,0.0,0.0,0.0,1.0,-0.0,0,0
44,0.0,0.1841584158415841,0.1398249777735424,1.0,-0.0,0,0
45,0.0,0.1841584158415841,0.1398249777735424,1.0,-0.0,0,0
46,0.0,0.1841584158415841,0.1398249777735424,1.0,-0.0,0,0
47,0.4,0.27524752475247527,0.190572841817578,0.2563567600859563,0.5911552257979198,0,0
48,0.4,0.27524752475247527,0.190572841817578,0.2563567600859563,0.5911552257979198,0,0
49,0.4,0.2435643564356435,0.18370005771578798,0.1972230954554105,0.7050422291436262,0,0
50,0.4,0.2435643564356435,0.18370005771578798,0.1972230954554105,0.7050422291436262,0,0
51,0.4,0.2435643564356435,0.18370005771578798,0.1972230954554105,0.7050422291436262,0,0
52,0.0,0.15247524752475244,0.13540848314676243,1.0,-0.0,0,0
53,0.0,0.15247524752475244,0.13540848314676243,1.0,-0.0,0,0
54,0.0,0.0,0.0,1.0,-0.0,0,0
55,0.0,0.0,0.0,1.0,-0.0,0,0
56,0.0,0.0,0.0,1.0,-0.0,0,0
57,0.0,0.0,0.0,1.0,-0.0,0,0
58,0.0,0.0,0.0,1.0,-0.0,0,0
59,0.0,0.0,0.0,1.0,-0.0,0,0
60,0.0,0.0,0.0,1.0,-0.0,0,0
61,0.2,0.12277227722772276,0.12888031758632065,0.274512941466615,0.5614371766235284,0,0
62,0.2,0.12277227722772276,0.12888031758632065,0.274512941466615,0.5614371766235284,0,0
63,0.2,0.12277227722772276,0.12888031758632065,0.274512941466615,0.5614371766235284,0,0
