,foreground,bg_means,bg_stdev,pvals,minus_logs,regs,active
2,1.2,1.1168316831683167,0.4042029945192824,0.4184896687442381,0.3783152589676172,0,0
3,1.2,1.1168316831683167,0.4042029945192824,0.4184896687442381,0.3783152589676172,0,0
4,0.0,0.13663366336633662,0.15137833547418925,1.0,-0.0,0,0
5,0.0,0.03960396039603961,0.07970143286137867,1.0,-0.0,0,0
6,0.0,0.03960396039603961,0.07970143286137867,1.0,-0.0,0,0
7,1.2,1.3069306930693068,0.3664811061120934,1.0,-0.0,0,0
8,1.2,1.3069306930693068,0.3664811061120934,1.0,-0.0,0,0
9,1.2,1.4653465346534653,0.3961287028487896,1.0,-0.0,0,0
10,1.2,1.4653465346534653,0.3961287028487896,1.0,-0.0,0,0
11,1.2,1.4653465346534653,0.3961287028487896,1.0,-0.0,0,0
12,0.0,0.39999999999999997,0.24046160229487334,1.0,-0.0,0,0
13,0.0,0.39999999999999997,0.24046160229487334,1.0,-0.0,0,0
14,0.2,0.5346534653465346,0.2815922350570537,1.0,-0.0,0,0
15,0.2,0.6079207920792079,0.2882803806791595,1.0,-0.0,0,0
16,0.2,0.6079207920792079,0.2882803806791595,1.0,-0.0,0,0
17,0.4,0.7524752475247524,0.3271824087496694,1.0,-0.0,0,0
18,0.4,0.7524752475247524,0.3271824087496694,1.0,-0.0,0,0
19,0.2,0.45742574257425744,0.2733534087403944,1.0,-0.0,0,0
20,0.8,0.5009900990099009,0.29734636585656976,0.15730531034889356,0.8032566161161062,0,0
21,1.2,1.015841584158416,0.39268879504756216,0.31954631200684946,0.49546619042748075,0,0
22,1.0,0.6297029702970296,0.3213660675882224,0.1246072747649717,0.9044566021547182,0,0
23,1.6,0.8396039603960396,0.3526643168515279,0.015536101908133816,1.8086579386979766,0,0
24,3.6,1.9108910891089108,0.5365642423402996,0.0008219339620954455,3.0851630742478453,0,0
25,4.0,2.6950495049504957,0.551932022938785,0.009031310934703215,2.044249205347044,0,0
26,3.6,2.1821782178217823,0.5295983981168306,0.00371241375884976,2.430343626426434,0,0
27,3.6,2.1821782178217823,0.5295983981168306,0.00371241375884976,2.430343626426434,0,0
28,3.0,1.9722772277227718,0.4759812817438647,0.015418631371909278,1.811954174534548,0,0
29,1.0,0.902970297029703,0.3729612422580186,0.3973700689410201,0.40080484830646856,0,0
30,0.0,0.0,0.0,1.0,-0.0,0,0
31,0.0,0.0,0.0,1.0,-0.0,0,0
32,0.0,0.0,0.0,1.0,-0.0,0,0
33,0.0,0.0,0.0,1.0,-0.0,0,0
34,0.0,0.0,0.0,1.0,-0.0,0,0
35,0.0,0.0,0.0,1.0,-0.0,0,0
36,0.0,0.0,0.0,1.0,-0.0,0,0
37,0.0,0.0,0.0,1.0,-0.0,0,0
38,0.0,0.0,0.0,1.0,-0.0,0,0
39,0.0,0.0,0.0,1.0,-0.0,0,0
40,0.0,0.07920792079207921,0.11631029826208643,1.0,-0.0,0,0
41,0.0,0.07920792079207921,0.11631029826208643,1.0,-0.0,0,0
42,0.0,0.07920792079207921,0.11631029826208643,1.0,-0.0,0,0
43,0.0,0.1287128712871287,0.1366767043701972,1.0,-0.0,0,0
44,0.0,0.1287128712871287,0.1366767043701972,1.0,-0.0,0,0
45,0.0,0.047524752475247525,0.08512548617902845,1.0,-0.0,0,0
46,0.0,0.047524752475247525,0.08512548617902845,1.0,-0.0,0,0
47,0.0,0.047524752475247525,0.08512548617902845,1.0,-0.0,0,0
48,0.0,0.09306930693069307,0.12126186845461279,1.0,-0.0,0,0
49,0.0,0.09306930693069307,0.12126186845461279,1.0,-0.0,0,0
50,0.0,0.09306930693069307,0.12126186845461279,1.0,-0.0,0,0
51,0.0,0.09306930693069307,0.12126186845461279,1.0,-0.0,0,0
52,0.0,0.09306930693069307,0.12126186845461279,1.0,-0.0,0,0
53,0.2,0.0891089108910891,0.12734998170941406,0.19194299301932338,0.716827737407409,0,0
54,0.2,0.12079207920792079,0.14094225464771679,0.28706194045118183,0.5420243837756052,0,0
55,0.2,0.491089108910891,0.3089743524557395,1.0,-0.0,0,0
56,0.2,0.491089108910891,0.3089743524557395,1.0,-0.0,0,0
57,0.2,0.5207920792079207,0.3197513983846579,1.0,-0.0,0,0
58,1.4,1.413861386138614,0.472832145916434,1.0,-0.0,0,0
59,1.4,1.382178217821782,0.4718608705007178,0.48493587231052415,0.31431568849681,0,0
60,1.4,1.0118811881188117,0.3784510192912007,0.15255288906775538,0.8165795632146058,0,0
61,1.4,1.0118811881188117,0.3784510192912007,0.15255288906775538,0.8165795632146058,0,0
62,1.4,1.0831683168316832,0.41003967616058795,0.21985428598909829,0.6578650635295092,0,0
63,0.0,0.10099009900990098,0.1308729634998678,1.0,-0.0,0,0
64,0.0,0.10099009900990098,0.1308729634998678,1.0,-0.0,0,0
65,0.4,0.20990099009900987,0.17206086333646303,0.13461536200925317,0.870905376552169,0,0
66,0.4,0.20990099009900987,0.17206086333646303,0.13461536200925317,0.870905376552169,0,0
67,0.4,0.1069306930693069,0.11795067415315191,0.006483454543422067,2.1881935297190234,0,0
68,1.0,0.40792079207920795,0.250023035895856,0.008939884441797687,2.0486680949192904,0,0
69,1.0,0.40792079207920795,0.250023035895856,0.008939884441797687,2.0486680949192904,0,0
70,0.6,0.299009900990099,0.22448843914088532,0.08999559163375744,1.0457787636276026,1,0
71,0.6,0.299009900990099,0.22448843914088532,0.08999559163375744,1.0457787636276026,0,0
72,0.6,0.299009900990099,0.22448843914088532,0.08999559163375744,1.0457787636276026,0,0
73,0.0,0.0,0.0,1.0,-0.0,0,0
74,0.0,0.0,0.0,1.0,-0.0,0,0
75,0.0,0.0,0.0,1.0,-0.0,0,0
76,0.0,0.0,0.0,1.0,-0.0,0,0
77,0.0,0.0,0.0,1.0,-0.0,0,0
78,0.0,0.0,0.0,1.0,-0.0,0,0
79,0.0,0.0,0.0,1.0,-0.0,0,0
80,0.0,0.0,0.0,1.0,-0.0,0,0
81,0.0,0.0,0.0,1.0,-0.0,0,0
82,0.0,0.0,0.0,1.0,-0.0,0,0
83,0.0,0.0,0.0,1.0,-0.0,0,0
84,0.0,0.7584158415841583,0.3225109796987878,1.0,-0.0,0,0
85,0.0,0.8316831683168316,0.352341725739221,1.0,-0.0,0,0
86,0.0,0.8316831683168316,0.352341725739221,1.0,-0.0,0,0
87,0.0,0.8316831683168316,0.352341725739221,1.0,-0.0,0,0
88,0.0,0.8316831683168316,0.352341725739221,1.0,-0.0,0,0
89,0.0,0.07326732673267328,0.11848138852793338,1.0,-0.0,0,0
90,0.0,0.3861386138613862,0.21846888577901466,1.0,-0.0,0,0
91,0.0,0.47326732673267335,0.2528612851476418,1.0,-0.0,0,0
92,0.0,0.47326732673267335,0.2528612851476418,1.0,-0.0,0,0
93,0.8,0.8455445544554456,0.31701727237675476,1.0,-0.0,0,0
94,0.8,0.8455445544554456,0.31701727237675476,1.0,-0.0,0,0
95,0.8,0.8237623762376236,0.33453041266870504,1.0,-0.0,0,0
96,1.2,1.2693069306930689,0.3706410219871625,1.0,-0.0,0,0
