,foreground,bg_means,bg_stdev,pvals,minus_logs,regs,active
2,0.0,0.031683168316831684,0.0730260947112308,1.0,-0.0,0,0
3,0.0,0.031683168316831684,0.0730260947112308,1.0,-0.0,0,0
4,0.0,0.031683168316831684,0.0730260947112308,1.0,-0.0,0,0
5,0.0,0.031683168316831684,0.0730260947112308,1.0,-0.0,0,0
6,0.0,0.0,0.0,1.0,-0.0,0,0
7,0.0,0.0,0.0,1.0,-0.0,0,0
8,0.0,0.0,0.0,1.0,-0.0,0,0
9,0.0,0.0,0.0,1.0,-0.0,0,0
10,0.0,0.0,0.0,1.0,-0.0,0,0
11,0.0,0.0,0.0,1.0,-0.0,0,0
12,0.0,0.0,0.0,1.0,-0.0,0,0
13,0.0,0.0,0.0,1.0,-0.0,0,0
14,0.0,0.0,0.0,1.0,-0.0,0,0
15,0.2,0.08118811881188118,0.1264228887090089,0.17366078882092117,0.7602982306092326,0,0
16,0.2,0.08118811881188118,0.1264228887090089,0.17366078882092117,0.7602982306092326,0,0
17,0.4,0.2772277227722772,0.2161229885091842,0.2849948322153316,0.5451630149413608,0,0
18,0.4,0.44158415841584153,0.2629864005566772,1.0,-0.0,0,0
19,0.4,0.44158415841584153,0.2629864005566772,1.0,-0.0,0,0
20,0.6,0.41980198019801984,0.2647695811175969,0.24806728224080332,0.605430511339499,0,0
21,0.6,0.41980198019801984,0.2647695811175969,0.24806728224080332,0.605430511339499,0,0
22,0.8,0.4633663366336634,0.3004032841435052,0.13122784696238365,0.8819739965240713,0,0
23,0.8,0.299009900990099,0.24635764451480144,0.020996545771243706,1.6778521469746273,0,0
24,0.8,0.3782178217821782,0.2668495925215527,0.05698488626070472,1.2442403142211789,0,0
25,0.4,0.3168316831683169,0.2457839778111098,0.3675385224441796,0.43469713492495843,0,0
26,0.4,0.3168316831683169,0.2457839778111098,0.3675385224441796,0.43469713492495843,0,0
27,0.0,0.07722772277227723,0.11247106393000339,1.0,-0.0,0,0
28,0.0,0.23366336633663368,0.20112418099951873,1.0,-0.0,0,0
29,0.0,0.16831683168316833,0.16823527435849067,1.0,-0.0,0,0
30,0.0,0.22574257425742583,0.19225265211912823,1.0,-0.0,0,0
31,0.8,0.34059405940594056,0.21349436787237316,0.015704938509030056,1.8039637596947165,0,0
32,1.0,0.3564356435643564,0.22268204993487845,0.0019258450649063438,2.71537865499072,0,0
33,1.0,0.20000000000000004,0.17119267125980983,1.483456022740814e-06,5.828725323876353,0,0
34,1.0,0.18811881188118812,0.17077988190051752,9.973392776089324e-07,6.001157077066278,0,0
35,1.0,0.13069306930693067,0.13912212332871524,2.0718428505581752e-10,9.683643188947897,0,0
36,0.2,0.015841584158415842,0.05401260078014202,0.00032535620257014524,3.4876409094885674,0,0
37,0.0,0.019801980198019802,0.06603299802191315,1.0,-0.0,0,0
38,0.0,0.019801980198019802,0.06603299802191315,1.0,-0.0,0,0
39,0.0,0.11287128712871287,0.16023705603282307,1.0,-0.0,0,0
40,0.0,0.11287128712871287,0.16023705603282307,1.0,-0.0,0,0
41,0.0,0.14059405940594058,0.17920518569106958,1.0,-0.0,0,0
42,0.0,0.12079207920792079,0.1666898653919601,1.0,-0.0,0,0
43,0.0,0.12079207920792079,0.1666898653919601,1.0,-0.0,0,0
44,0.0,0.02772277227722772,0.07975061610139514,1.0,-0.0,0,0
45,0.0,0.02772277227722772,0.07975061610139514,1.0,-0.0,0,0
46,0.0,0.0,0.0,1.0,-0.0,0,0
47,0.0,0.011881188118811883,0.047276579747775535,1.0,-0.0,0,0
48,0.0,0.06534653465346535,0.10189845806153354,1.0,-0.0,0,0
49,0.0,0.06534653465346535,0.10189845806153354,1.0,-0.0,0,0
50,0.0,0.06534653465346535,0.10189845806153354,1.0,-0.0,0,0
51,0.0,0.1386138613861386,0.14554118673277588,1.0,-0.0,0,0
52,0.0,0.1603960396039604,0.1617229068443201,1.0,-0.0,0,0
53,0.0,0.16633663366336632,0.15937826461670404,1.0,-0.0,0,0
54,0.0,0.16633663366336632,0.15937826461670404,1.0,-0.0,0,0
55,0.0,0.16633663366336632,0.15937826461670404,1.0,-0.0,0,0
56,0.0,0.11287128712871286,0.11745095149573796,1.0,-0.0,0,0
57,0.0,0.08316831683168316,0.11351216354824961,1.0,-0.0,0,0
58,0.0,0.023762376237623766,0.06471340450838889,1.0,-0.0,0,0
59,0.0,0.023762376237623766,0.06471340450838889,1.0,-0.0,0,0
60,0.0,0.04752475247524753,0.08965727859541997,1.0,-0.0,0,0
61,0.0,0.06534653465346535,0.10189845806153354,1.0,-0.0,0,0
62,0.0,0.07722772277227723,0.1124710639300034,1.0,-0.0,0,0
63,0.0,0.07722772277227723,0.1124710639300034,1.0,-0.0,0,0
64,0.0,0.14059405940594058,0.16055486574752068,1.0,-0.0,0,0
65,0.0,0.11485148514851483,0.14445948324625327,1.0,-0.0,0,0
66,0.0,0.07920792079207921,0.1261123431927973,1.0,-0.0,0,0
67,0.0,0.061386138613861385,0.11166631429601336,1.0,-0.0,0,0
68,0.0,0.061386138613861385,0.11166631429601336,1.0,-0.0,0,0
69,0.0,0.0,0.0,1.0,-0.0,0,0
70,0.0,0.0,0.0,1.0,-0.0,0,0
71,0.0,0.0,0.0,1.0,-0.0,0,0
72,0.0,0.0,0.0,1.0,-0.0,0,0
73,0.0,0.0,0.0,1.0,-0.0,0,0
74,0.0,0.0,0.0,1.0,-0.0,0,0
75,0.0,0.04554455445544555,0.10100951085035129,1.0,-0.0,0,0
76,0.0,0.04554455445544555,0.10100951085035129,1.0,-0.0,0,0
77,0.0,0.04554455445544555,0.10100951085035129,1.0,-0.0,0,0
78,0.0,0.04554455445544555,0.10100951085035129,1.0,-0.0,0,0
79,0.0,0.04554455445544555,0.10100951085035129,1.0,-0.0,0,0
80,0.0,0.0,0.0,1.0,-0.0,0,0
81,0.0,0.0,0.0,1.0,-0.0,0,0
82,0.0,0.0,0.0,1.0,-0.0,0,0
83,0.0,0.011881188118811883,0.047276579747775535,1.0,-0.0,0,0
84,0.0,0.011881188118811883,0.047276579747775535,1.0,-0.0,0,0
85,0.0,0.011881188118811883,0.047276579747775535,1.0,-0.0,0,0
86,0.0,0.011881188118811883,0.047276579747775535,1.0,-0.0,0,0
87,0.0,0.011881188118811883,0.047276579747775535,1.0,-0.0,0,0
88,0.0,0.0,0.0,1.0,-0.0,0,0
89,0.0,0.0,0.0,1.0,-0.0,0,0
90,0.0,0.0,0.0,1.0,-0.0,0,0
91,0.0,0.0,0.0,1.0,-0.0,0,0
92,0.0,0.0,0.0,1.0,-0.0,0,0
93,0.0,0.08316831683168316,0.12353642740976016,1.0,-0.0,0,0
94,0.0,0.2079207920792079,0.19684801812808977,1.0,-0.0,0,0
95,0.0,0.23168316831683164,0.20046020966089126,1.0,-0.0,0,0
96,0.0,0.28316831683168314,0.22029202352749913,1.0,-0.0,0,0
97,0.0,0.38811881188118824,0.25766934399387126,1.0,-0.0,0,0
98,0.0,0.3920792079207921,0.2882803806791595,1.0,-0.0,0,0
99,0.0,0.39999999999999997,0.29383096103604595,1.0,-0.0,0,0
100,0.4,0.7029702970297029,0.3665345999753907,1.0,-0.0,0,0
101,0.4,0.8871287128712873,0.3842604743476332,1.0,-0.0,0,0
102,0.8,1.0336633663366337,0.3940842820149543,1.0,-0.0,0,0
103,0.8,1.0396039603960394,0.38074424458722345,1.0,-0.0,0,0
104,2.0,1.3762376237623761,0.4335322375103035,0.0751048425975241,1.1243320597258017,0,0
105,2.2,1.4118811881188125,0.4229287627473265,0.03119746150457355,1.5058807425010268,0,0
106,3.2,1.46930693069307,0.4696201486428914,0.0001142148547983505,3.942277408021843,0,0
107,3.6,1.4158415841584158,0.4756928606534876,2.2000335690192423e-06,5.657570692482978,0,0
108,3.6,1.3217821782178218,0.4554627633421803,2.837153183419853e-07,6.5471172151671455,0,0
109,2.4,0.8534653465346533,0.4257932274725768,0.00014054789981679357,3.85217563959615,0,0
110,1.8,0.48910891089108915,0.33118478886573516,3.776052446140931e-05,4.422961982352934,0,0
111,0.8,0.19603960396039605,0.20677667298545127,0.0017454772940581232,2.7580857963080674,0,0
112,0.0,0.0,0.0,1.0,-0.0,0,0
113,0.0,0.0,0.0,1.0,-0.0,0,0
114,0.0,0.0,0.0,1.0,-0.0,0,0
115,0.0,0.05346534653465347,0.10489443673781407,1.0,-0.0,0,0
116,0.0,0.09504950495049502,0.12771893462651165,1.0,-0.0,0,0
117,0.0,0.11287128712871286,0.13024224675172552,1.0,-0.0,0,0
118,0.0,0.15643564356435644,0.15312962320143525,1.0,-0.0,0,0
119,0.0,0.17425742574257425,0.1583663288960967,1.0,-0.0,0,0
120,0.0,0.1782178217821782,0.16626589726481847,1.0,-0.0,0,0
121,0.0,0.13663366336633662,0.13767717461995008,1.0,-0.0,0,0
122,0.0,0.15643564356435644,0.14240914531774418,1.0,-0.0,0,0
123,0.0,0.17227722772277226,0.15422679190986738,1.0,-0.0,0,0
124,0.0,0.16633663366336632,0.15687368174525435,1.0,-0.0,0,0
125,0.2,0.2792079207920792,0.25652546307255303,1.0,-0.0,0,0
126,0.2,0.3544554455445545,0.2868486172234744,1.0,-0.0,0,0
127,2.0,0.8118811881188119,0.4163222116384603,0.0021596840795311857,2.6656097731781845,0,0
128,2.4,0.9603960396039606,0.4414376172068997,0.0005547637383486066,3.255891933953797,0,0
129,2.6,1.0415841584158416,0.4601479156787518,0.0003536013283652238,3.4514861121527343,0,0
130,4.2,1.3326732673267325,0.5341985596822144,3.991114299651566e-08,7.398905834481788,0,0
131,4.2,1.2594059405940594,0.5132266821702103,5.032781777466739e-09,8.298191900299598,0,0
132,2.4,0.7643564356435645,0.3832079699081906,9.848762871337816e-06,5.0066183189332945,0,0
133,3.0,0.9386138613861386,0.41719722454050157,3.8854453988570155e-07,6.410559189687138,0,0
134,2.8,0.996039603960396,0.42494514312926335,1.092184363165682e-05,4.961704045562307,0,0
135,1.0,0.5504950495049505,0.32506625748864,0.08336152871363818,1.0790343297234146,0,0
136,1.0,0.5504950495049505,0.32506625748864,0.08336152871363818,1.0790343297234146,0,0
137,1.0,0.5722772277227723,0.33422551581532106,0.10031776397184046,0.9986221565922421,0,0
138,0.0,0.19207920792079206,0.22501184493214718,1.0,-0.0,0,0
139,0.0,0.039603960396039604,0.08452453849668534,1.0,-0.0,0,0
140,0.0,0.019801980198019802,0.0597350618970232,1.0,-0.0,0,0
141,0.0,0.14059405940594055,0.13943181578046687,1.0,-0.0,0,0
142,0.0,0.2574257425742574,0.2274901954816738,1.0,-0.0,0,0
143,0.0,0.5643564356435643,0.2916610532507468,1.0,-0.0,0,0
144,0.0,0.9722772277227721,0.364818905809278,1.0,-0.0,0,0
145,0.0,1.1425742574257427,0.4110711760906709,1.0,-0.0,0,0
146,0.0,1.116831683168317,0.4224092396348002,1.0,-0.0,0,0
147,0.0,0.9940594059405942,0.4309376794846873,1.0,-0.0,0,0
148,0.0,0.7267326732673266,0.3896917007144557,1.0,-0.0,0,0
149,0.0,0.31683168316831684,0.2457839778111098,1.0,-0.0,0,0
150,0.0,0.1861386138613861,0.17856950998171084,1.0,-0.0,0,0
151,0.0,0.09108910891089109,0.11440678673785577,1.0,-0.0,0,0
152,0.0,0.07722772277227724,0.10889288780093088,1.0,-0.0,0,0
153,0.0,0.35445544554455444,0.23694622879808233,1.0,-0.0,0,0
154,0.0,0.4792079207920792,0.2729801906580705,1.0,-0.0,0,0
155,0.0,0.5762376237623763,0.3200088225428239,1.0,-0.0,0,0
156,0.0,0.6277227722772277,0.3330384605628855,1.0,-0.0,0,0
157,0.0,0.7326732673267327,0.3715391883681787,1.0,-0.0,0,0
158,0.0,0.41782178217821786,0.2744557312872657,1.0,-0.0,0,0
159,0.0,0.29108910891089107,0.24295988745282038,1.0,-0.0,0,0
160,0.0,0.15841584158415842,0.17421241542909127,1.0,-0.0,0,0
161,0.0,0.10495049504950495,0.13957235791450373,1.0,-0.0,0,0
162,0.0,0.0,0.0,1.0,-0.0,0,0
163,0.0,0.0,0.0,1.0,-0.0,0,0
164,0.0,0.0,0.0,1.0,-0.0,0,0
165,0.0,0.011881188118811881,0.04727657974777554,1.0,-0.0,0,0
166,0.0,0.011881188118811881,0.04727657974777554,1.0,-0.0,0,0
167,0.0,0.011881188118811881,0.04727657974777554,1.0,-0.0,0,0
168,0.0,0.4752475247524752,0.3328264616628042,1.0,-0.0,0,0
169,0.0,0.5346534653465347,0.3295468366370648,1.0,-0.0,0,0
170,0.0,0.5217821782178219,0.3268826538459243,1.0,-0.0,0,0
171,0.0,0.5217821782178219,0.3268826538459243,1.0,-0.0,0,0
172,0.0,0.5217821782178219,0.3268826538459243,1.0,-0.0,0,0
173,0.0,0.05742574257425742,0.10656335878870264,1.0,-0.0,0,0
174,0.0,0.0,0.0,1.0,-0.0,0,0
175,0.0,0.37029702970297035,0.26158108541827535,1.0,-0.0,0,0
176,0.0,0.37029702970297035,0.26158108541827535,1.0,-0.0,0,0
177,0.0,0.38019801980198026,0.27359716068101375,1.0,-0.0,0,0
178,0.0,0.5069306930693069,0.30902511216570183,1.0,-0.0,0,0
179,0.0,1.1346534653465346,0.39210920977322306,1.0,-0.0,0,0
180,0.0,0.7643564356435643,0.30363610268645935,1.0,-0.0,0,0
181,0.0,0.7643564356435643,0.30363610268645935,1.0,-0.0,0,0
182,0.0,0.7544554455445543,0.3042682351248477,1.0,-0.0,0,0
183,0.0,0.6257425742574257,0.2960644381781933,1.0,-0.0,0,0
184,0.0,0.0,0.0,1.0,-0.0,0,0
185,0.0,0.0,0.0,1.0,-0.0,0,0
186,0.0,0.0,0.0,1.0,-0.0,0,0
187,0.0,0.0,0.0,1.0,-0.0,0,0
188,0.0,0.0,0.0,1.0,-0.0,0,0
189,0.0,0.0,0.0,1.0,-0.0,0,0
190,0.0,0.0,0.0,1.0,-0.0,0,0
191,0.0,0.0,0.0,1.0,-0.0,0,0
192,0.0,0.021782178217821784,0.06230547612891991,1.0,-0.0,0,0
193,0.0,0.021782178217821784,0.06230547612891991,1.0,-0.0,0,0
194,0.0,0.297029702970297,0.24310509708075734,1.0,-0.0,0,0
195,0.0,0.297029702970297,0.24310509708075734,1.0,-0.0,0,0
196,0.0,0.3861386138613862,0.26138613861386134,1.0,-0.0,0,0
197,0.0,0.41980198019801984,0.2735971606810138,1.0,-0.0,0,0
198,0.0,0.44752475247524753,0.2830505882804854,1.0,-0.0,0,0
199,0.0,0.17227722772277226,0.17806373977319878,1.0,-0.0,0,0
200,0.0,0.19801980198019803,0.179095747399525,1.0,-0.0,0,0
201,0.0,0.10891089108910887,0.13057300215314485,1.0,-0.0,0,0
202,0.0,0.1603960396039604,0.17353585980361697,1.0,-0.0,0,0
203,0.0,0.1316831683168317,0.1622433650990839,1.0,-0.0,0,0
204,0.0,0.1316831683168317,0.1622433650990839,1.0,-0.0,0,0
205,0.0,0.10495049504950495,0.13957235791450373,1.0,-0.0,0,0
206,0.0,0.1485148514851485,0.1558203213695525,1.0,-0.0,0,0
207,0.0,0.17425742574257425,0.1680720409815679,1.0,-0.0,0,0
208,0.0,0.18217821782178212,0.17142156917092394,1.0,-0.0,0,0
209,0.0,0.18217821782178212,0.17142156917092394,1.0,-0.0,0,0
210,0.0,0.18217821782178212,0.17142156917092394,1.0,-0.0,0,0
211,0.0,0.14059405940594058,0.15554326246855826,1.0,-0.0,0,0
212,0.0,0.007920792079207921,0.03900537743285587,1.0,-0.0,0,0
213,0.0,0.0,0.0,1.0,-0.0,0,0
214,0.0,0.007920792079207921,0.03900537743285587,1.0,-0.0,0,0
215,0.0,0.007920792079207921,0.03900537743285587,1.0,-0.0,0,0
216,0.0,0.007920792079207921,0.03900537743285587,1.0,-0.0,0,0
217,0.0,0.007920792079207921,0.03900537743285587,1.0,-0.0,0,0
218,0.0,0.007920792079207921,0.03900537743285587,1.0,-0.0,0,0
219,0.2,0.0039603960396039604,0.027863855998951068,9.91868616164111e-13,12.003545851085573,0,0
220,0.2,0.0039603960396039604,0.027863855998951068,9.91868616164111e-13,12.003545851085573,0,0
221,0.2,0.011881188118811883,0.04727657974777554,3.458655652090603e-05,4.461092674713383,0,0
222,0.2,0.027722772277227727,0.06910862719451544,0.0063361735559086295,2.1981729353735644,0,0
223,0.2,0.027722772277227727,0.06910862719451544,0.0063361735559086295,2.1981729353735644,0,0
224,0.0,0.023762376237623766,0.06471340450838887,1.0,-0.0,0,0
225,0.0,0.023762376237623766,0.06471340450838887,1.0,-0.0,0,0
226,0.0,0.015841584158415842,0.054012600780142014,1.0,-0.0,0,0
227,0.0,0.0,0.0,1.0,-0.0,0,0
228,0.0,0.0,0.0,1.0,-0.0,0,0
229,0.0,0.0,0.0,1.0,-0.0,0,0
230,0.0,0.0,0.0,1.0,-0.0,0,0
231,0.0,0.0,0.0,1.0,-0.0,0,0
232,0.0,0.20792079207920788,0.21785778280356538,1.0,-0.0,0,0
233,0.0,0.21782178217821782,0.2217821782178218,1.0,-0.0,0,0
234,0.0,0.21782178217821782,0.2217821782178218,1.0,-0.0,0,0
235,0.0,0.27524752475247527,0.24349189938913904,1.0,-0.0,0,0
236,0.2,0.3841584158415841,0.2974254788993044,1.0,-0.0,0,0
237,0.2,0.1762376237623762,0.1808388127814792,0.447729102622859,0.3489846753334784,0,0
238,0.2,0.17821782178217818,0.1755353680172698,0.4506220205314827,0.3461875894394391,0,0
239,0.2,0.17821782178217818,0.1755353680172698,0.4506220205314827,0.3461875894394391,0,0
240,0.2,0.11881188118811879,0.14122019271030045,0.28267795627661374,0.5487080572363221,0,0
241,0.0,0.057425742574257435,0.09048443294095733,1.0,-0.0,0,0
242,0.0,0.057425742574257435,0.09048443294095733,1.0,-0.0,0,0
243,0.0,0.04554455445544555,0.08387254884969257,1.0,-0.0,0,0
244,0.0,0.04554455445544555,0.08387254884969257,1.0,-0.0,0,0
245,0.0,0.2495049504950495,0.22232959316135714,1.0,-0.0,0,0
246,0.0,0.20396039603960395,0.20485241829915377,1.0,-0.0,0,0
247,0.0,0.24356435643564353,0.2190961819552274,1.0,-0.0,0,0
248,0.0,0.3336633663366337,0.23389818709280635,1.0,-0.0,0,0
249,0.0,0.3465346534653466,0.23696277705586677,1.0,-0.0,0,0
