,foreground,bg_means,bg_stdev,pvals,minus_logs,regs,active
2,0.0,0.0,0.0,1.0,-0.0,0,0
3,0.0,0.0,0.0,1.0,-0.0,0,0
4,0.0,0.0,0.0,1.0,-0.0,0,0
5,0.0,0.0,0.0,1.0,-0.0,0,0
6,0.0,0.0,0.0,1.0,-0.0,0,0
7,0.0,0.07326732673267328,0.09636059453937773,1.0,-0.0,0,0
8,0.0,0.07326732673267328,0.09636059453937773,1.0,-0.0,0,0
9,0.0,0.07326732673267328,0.09636059453937773,1.0,-0.0,0,0
10,0.0,0.07326732673267328,0.09636059453937773,1.0,-0.0,0,0
11,0.0,0.07326732673267328,0.09636059453937773,1.0,-0.0,0,0
12,0.0,0.0,0.0,1.0,-0.0,0,0
13,0.0,0.0,0.0,1.0,-0.0,0,0
14,0.0,0.0,0.0,1.0,-0.0,0,0
15,0.0,0.0,0.0,1.0,-0.0,0,0
16,0.0,0.0,0.0,1.0,-0.0,1,0
17,0.0,0.0,0.0,1.0,-0.0,0,0
18,0.0,0.0,0.0,1.0,-0.0,0,0
19,0.0,0.0,0.0,1.0,-0.0,0,0
20,0.0,0.0,0.0,1.0,-0.0,0,0
21,0.2,0.1386138613861386,0.1371349678667785,0.32720903739388374,0.48517470978038457,0,0
22,0.2,0.1386138613861386,0.1371349678667785,0.32720903739388374,0.48517470978038457,0,0
23,0.2,0.1386138613861386,0.1371349678667785,0.32720903739388374,0.48517470978038457,0,0
24,0.2,0.1386138613861386,0.1371349678667785,0.32720903739388374,0.48517470978038457,0,0
25,0.2,0.1386138613861386,0.1371349678667785,0.32720903739388374,0.48517470978038457,0,0
26,0.0,0.0,0.0,1.0,-0.0,0,0
27,0.0,0.0,0.0,1.0,-0.0,0,0
28,0.0,0.0,0.0,1.0,-0.0,0,0
29,0.0,0.0,0.0,1.0,-0.0,0,0
30,0.0,0.0,0.0,1.0,-0.0,0,0
31,0.0,0.01386138613861386,0.05079507064705211,1.0,-0.0,0,0
32,0.0,0.01386138613861386,0.05079507064705211,1.0,-0.0,0,0
33,0.0,0.01386138613861386,0.05079507064705211,1.0,-0.0,0,0
34,0.0,0.09306930693069307,0.14229896414433021,1.0,-0.0,0,0
35,0.0,0.09306930693069307,0.14229896414433021,1.0,-0.0,0,0
36,0.0,0.07920792079207921,0.13520562388207177,1.0,-0.0,0,0
37,0.0,0.07920792079207921,0.13520562388207177,1.0,-0.0,0,0
38,0.0,0.07920792079207921,0.13520562388207177,1.0,-0.0,0,0
39,0.0,0.0,0.0,1.0,-0.0,0,0
40,0.0,0.0,0.0,1.0,-0.0,0,0
41,0.0,0.0,0.0,1.0,-0.0,0,0
42,0.0,0.0,0.0,1.0,-0.0,0,0
43,0.0,0.0,0.0,1.0,-0.0,0,0
44,0.0,0.0,0.0,1.0,-0.0,0,0
45,0.0,0.0,0.0,1.0,-0.0,0,0
46,0.0,0.0,0.0,1.0,-0.0,0,0
47,0.0,0.0,0.0,1.0,-0.0,0,0
48,0.0,0.0,0.0,1.0,-0.0,0,0
49,0.0,0.0,0.0,1.0,-0.0,0,0
50,0.0,0.0,0.0,1.0,-0.0,0,0
51,0.0,0.0,0.0,1.0,-0.0,0,0
52,0.0,0.0,0.0,1.0,-0.0,0,0
53,0.0,0.0,0.0,1.0,-0.0,0,0
54,0.0,0.0,0.0,1.0,-0.0,0,0
55,0.0,0.0,0.0,1.0,-0.0,0,0
56,0.0,0.0,0.0,1.0,-0.0,0,0
57,0.0,0.0,0.0,1.0,-0.0,0,0
58,0.0,0.0,0.0,1.0,-0.0,0,0
59,0.0,0.0,0.0,1.0,-0.0,0,0
60,0.0,0.013861386138613863,0.05079507064705211,1.0,-0.0,0,0
61,0.0,0.013861386138613863,0.05079507064705211,1.0,-0.0,0,0
62,0.0,0.013861386138613863,0.05079507064705211,1.0,-0.0,0,0
63,0.0,0.013861386138613863,0.05079507064705211,1.0,-0.0,0,0
64,0.0,0.013861386138613863,0.05079507064705211,1.0,-0.0,0,0
65,0.2,0.049504950495049514,0.09504950495049506,0.056672754609762954,1.2466256777282643,0,0
66,0.2,0.049504950495049514,0.09504950495049506,0.056672754609762954,1.2466256777282643,0,0
67,0.2,0.049504950495049514,0.09504950495049506,0.056672754609762954,1.2466256777282643,0,0
68,0.2,0.049504950495049514,0.09504950495049506,0.056672754609762954,1.2466256777282643,0,0
69,0.2,0.049504950495049514,0.09504950495049506,0.056672754609762954,1.2466256777282643,0,0
70,0.2,0.07722772277227724,0.105193069190443,0.12158221832020351,0.9151299369884706,0,0
71,0.2,0.07722772277227724,0.105193069190443,0.12158221832020351,0.9151299369884706,0,0
72,0.2,0.07722772277227724,0.105193069190443,0.12158221832020351,0.9151299369884706,0,0
73,0.2,0.07722772277227724,0.105193069190443,0.12158221832020351,0.9151299369884706,0,0
74,0.2,0.07722772277227724,0.105193069190443,0.12158221832020351,0.9151299369884706,0,0
75,0.0,0.0,0.0,1.0,-0.0,0,0
76,0.0,0.0,0.0,1.0,-0.0,0,0
77,0.0,0.0,0.0,1.0,-0.0,0,0
78,0.0,0.0,0.0,1.0,-0.0,0,0
79,0.0,0.0,0.0,1.0,-0.0,0,0
80,0.0,0.0,0.0,1.0,-0.0,0,0
81,0.0,0.0,0.0,1.0,-0.0,0,0
82,0.0,0.0,0.0,1.0,-0.0,0,0
83,0.0,0.0,0.0,1.0,-0.0,0,0
84,0.0,0.0,0.0,1.0,-0.0,0,0
85,0.0,0.0,0.0,1.0,-0.0,0,0
86,0.0,0.0,0.0,1.0,-0.0,0,0
87,0.0,0.0,0.0,1.0,-0.0,0,0
88,0.0,0.0,0.0,1.0,-0.0,0,0
89,0.0,0.0,0.0,1.0,-0.0,0,0
90,0.0,0.0,0.0,1.0,-0.0,0,0
91,0.0,0.0,0.0,1.0,-0.0,0,0
92,0.0,0.0,0.0,1.0,-0.0,0,0
93,0.0,0.0,0.0,1.0,-0.0,0,0
94,0.0,0.05346534653465347,0.10104832334394513,1.0,-0.0,0,0
95,0.0,0.05346534653465347,0.10104832334394513,1.0,-0.0,0,0
96,0.0,0.05346534653465347,0.10104832334394513,1.0,-0.0,0,0
97,0.0,0.05346534653465347,0.10104832334394513,1.0,-0.0,0,0
98,0.0,0.05346534653465347,0.10104832334394513,1.0,-0.0,0,0
99,0.0,0.0,0.0,1.0,-0.0,0,0
100,0.0,0.0,0.0,1.0,-0.0,0,0
101,0.0,0.0,0.0,1.0,-0.0,0,0
102,0.0,0.0,0.0,1.0,-0.0,0,0
103,0.0,0.007920792079207921,0.03900537743285587,1.0,-0.0,0,0
104,0.0,0.017821782178217824,0.05698017651460656,1.0,-0.0,0,0
105,0.0,0.017821782178217824,0.05698017651460656,1.0,-0.0,0,0
106,0.0,0.1188118811881188,0.15202453637757812,1.0,-0.0,0,0
107,0.0,0.1188118811881188,0.15202453637757812,1.0,-0.0,0,0
108,0.0,0.11089108910891088,0.14752142995793407,1.0,-0.0,0,0
109,0.0,0.10099009900990098,0.13679141417164786,1.0,-0.0,0,0
110,0.0,0.10099009900990098,0.13679141417164786,1.0,-0.0,0,0
111,0.0,0.011881188118811883,0.047276579747775535,1.0,-0.0,0,0
112,0.0,0.011881188118811883,0.047276579747775535,1.0,-0.0,0,0
113,0.0,0.011881188118811883,0.047276579747775535,1.0,-0.0,0,0
114,0.0,0.011881188118811883,0.047276579747775535,1.0,-0.0,0,0
115,0.0,0.08118811881188118,0.10964648079134362,1.0,-0.0,0,0
116,0.0,0.06930693069306931,0.10693069306930696,1.0,-0.0,0,0
117,0.0,0.06930693069306931,0.10693069306930696,1.0,-0.0,0,0
118,0.0,0.06930693069306931,0.10693069306930696,1.0,-0.0,0,0
119,0.0,0.08118811881188118,0.11320083903331847,1.0,-0.0,0,0
120,0.0,0.011881188118811883,0.04727657974777554,1.0,-0.0,0,0
121,0.0,0.011881188118811883,0.04727657974777554,1.0,-0.0,0,0
122,0.0,0.011881188118811883,0.04727657974777554,1.0,-0.0,0,0
123,0.0,0.011881188118811883,0.04727657974777554,1.0,-0.0,0,0
124,0.0,0.0,0.0,1.0,-0.0,0,0
125,0.0,0.0,0.0,1.0,-0.0,0,0
126,0.0,0.07326732673267328,0.11848138852793338,1.0,-0.0,0,0
127,0.0,0.07326732673267328,0.11848138852793338,1.0,-0.0,0,0
128,0.0,0.1207920792079208,0.14094225464771679,1.0,-0.0,0,0
129,0.0,0.1207920792079208,0.14094225464771679,1.0,-0.0,0,0
130,0.0,0.1207920792079208,0.14094225464771679,1.0,-0.0,0,0
131,0.0,0.04752475247524753,0.09397077637785879,1.0,-0.0,0,0
132,0.0,0.04752475247524753,0.09397077637785879,1.0,-0.0,0,0
133,0.0,0.0,0.0,1.0,-0.0,0,0
134,0.0,0.17821782178217818,0.14597162371470984,1.0,-0.0,0,0
135,0.0,0.2613861386138614,0.1839986531535419,1.0,-0.0,0,0
136,0.0,0.35841584158415846,0.22038100524277598,1.0,-0.0,0,0
137,0.0,0.35841584158415846,0.22038100524277598,1.0,-0.0,0,0
138,0.0,0.35841584158415846,0.22038100524277598,1.0,-0.0,0,0
139,0.0,0.18019801980198016,0.17235687245139755,1.0,-0.0,0,0
140,0.0,0.09504950495049505,0.14784005112815915,1.0,-0.0,0,0
141,0.0,0.0,0.0,1.0,-0.0,0,0
142,0.0,0.0,0.0,1.0,-0.0,0,0
143,0.0,0.0,0.0,1.0,-0.0,0,0
144,0.0,0.0,0.0,1.0,-0.0,0,0
145,0.0,0.0,0.0,1.0,-0.0,0,0
146,0.0,0.0,0.0,1.0,-0.0,0,0
147,0.0,0.0,0.0,1.0,-0.0,0,0
148,0.0,0.0,0.0,1.0,-0.0,0,0
149,0.0,0.0,0.0,1.0,-0.0,0,0
150,0.0,0.0,0.0,1.0,-0.0,0,0
151,0.0,0.0,0.0,1.0,-0.0,0,0
152,0.0,0.0,0.0,1.0,-0.0,0,0
153,0.0,0.0,0.0,1.0,-0.0,0,0
154,0.0,0.0,0.0,1.0,-0.0,1,0
155,0.0,0.09108910891089106,0.11440678673785579,1.0,-0.0,0,0
156,0.0,0.09108910891089106,0.11440678673785579,1.0,-0.0,0,0
157,0.0,0.09108910891089106,0.11440678673785579,1.0,-0.0,0,0
158,0.0,0.09108910891089106,0.11440678673785579,1.0,-0.0,0,0
159,0.0,0.09108910891089106,0.11440678673785579,1.0,-0.0,0,0
160,0.0,0.0,0.0,1.0,-0.0,0,0
161,0.0,0.0,0.0,1.0,-0.0,0,0
162,0.0,0.0,0.0,1.0,-0.0,0,0
163,0.0,0.01386138613861386,0.05079507064705211,1.0,-0.0,0,0
164,0.0,0.01386138613861386,0.05079507064705211,1.0,-0.0,0,0
165,0.0,0.10297029702970295,0.1367627457412436,1.0,-0.0,0,0
166,0.0,0.10297029702970295,0.1367627457412436,1.0,-0.0,0,0
167,0.0,0.10297029702970295,0.1367627457412436,1.0,-0.0,0,0
168,0.0,0.0891089108910891,0.12097048989545554,1.0,-0.0,0,0
169,0.0,0.0891089108910891,0.12097048989545554,1.0,-0.0,0,0
170,0.0,0.0,0.0,1.0,-0.0,0,0
171,0.0,0.0,0.0,1.0,-0.0,0,0
172,0.0,0.0,0.0,1.0,-0.0,0,0
173,0.0,0.0,0.0,1.0,-0.0,0,0
174,0.2,0.14059405940594058,0.15554326246855826,0.3512583071183333,0.45437339607478805,0,0
175,0.2,0.1485148514851485,0.15834156674616873,0.3725328468130492,0.42883542879288383,0,0
176,0.2,0.1485148514851485,0.15834156674616873,0.3725328468130492,0.42883542879288383,0,0
177,0.2,0.1485148514851485,0.15834156674616873,0.3725328468130492,0.42883542879288383,0,0
178,0.2,0.1564356435643564,0.1771142952475081,0.40285370418633404,0.39485263872146203,0,0
179,0.8,0.10099009900990098,0.13386490123687583,8.861702178388175e-08,7.052482849706803,0,0
180,0.8,0.09306930693069305,0.12126186845461277,2.774931962387491e-09,8.556747660729382,1,0
181,0.8,0.09306930693069305,0.12126186845461277,2.774931962387491e-09,8.556747660729382,0,0
182,0.8,0.09306930693069305,0.12126186845461277,2.774931962387491e-09,8.556747660729382,0,0
183,0.8,0.08514851485148514,0.12054836637801526,1.5146984711036382e-09,8.819673812949933,0,0
184,0.0,0.0,0.0,1.0,-0.0,0,0
185,0.0,0.0,0.0,1.0,-0.0,0,0
186,0.0,0.0,0.0,1.0,-0.0,0,0
187,0.0,0.0,0.0,1.0,-0.0,0,0
188,0.0,0.0,0.0,1.0,-0.0,0,0
189,0.0,0.0,0.0,1.0,-0.0,0,0
190,0.0,0.0,0.0,1.0,-0.0,0,0
191,0.0,0.0,0.0,1.0,-0.0,0,0
192,0.0,0.0,0.0,1.0,-0.0,0,0
193,0.0,0.0,0.0,1.0,-0.0,0,0
194,0.0,0.097029702970297,0.124642415697871,1.0,-0.0,0,0
195,0.0,0.097029702970297,0.124642415697871,1.0,-0.0,0,0
196,0.0,0.097029702970297,0.124642415697871,1.0,-0.0,0,0
197,0.0,0.097029702970297,0.124642415697871,1.0,-0.0,0,0
198,0.0,0.097029702970297,0.124642415697871,1.0,-0.0,0,0
199,0.0,0.0,0.0,1.0,-0.0,0,0
200,0.0,0.0,0.0,1.0,-0.0,0,0
201,0.0,0.0,0.0,1.0,-0.0,0,0
202,0.0,0.0,0.0,1.0,-0.0,0,0
203,0.0,0.0,0.0,1.0,-0.0,0,0
204,0.0,0.0,0.0,1.0,-0.0,0,0
205,0.0,0.0,0.0,1.0,-0.0,0,0
206,0.0,0.0,0.0,1.0,-0.0,0,0
207,0.0,0.0,0.0,1.0,-0.0,0,0
208,0.0,0.0,0.0,1.0,-0.0,0,0
209,0.0,0.0,0.0,1.0,-0.0,0,0
210,0.0,0.01386138613861386,0.05079507064705211,1.0,-0.0,0,0
211,0.0,0.01386138613861386,0.05079507064705211,1.0,-0.0,0,0
212,0.0,0.01386138613861386,0.05079507064705211,1.0,-0.0,0,0
213,0.0,0.01386138613861386,0.05079507064705211,1.0,-0.0,0,0
214,0.0,0.01386138613861386,0.05079507064705211,1.0,-0.0,0,0
215,0.2,0.05346534653465347,0.10104832334394512,0.07350913727109515,1.1336586742521861,0,0
216,0.4,0.19801980198019797,0.1676749554852796,0.1141800915427489,0.9424096131379296,0,0
217,0.4,0.19801980198019797,0.1676749554852796,0.1141800915427489,0.9424096131379296,0,0
218,0.4,0.19801980198019797,0.1676749554852796,0.1141800915427489,0.9424096131379296,0,0
219,0.4,0.19801980198019797,0.1676749554852796,0.1141800915427489,0.9424096131379296,0,0
220,0.2,0.22178217821782173,0.1755353680172698,1.0,-0.0,0,0
221,0.0,0.07722772277227724,0.1193059036149867,1.0,-0.0,0,0
222,0.0,0.07722772277227724,0.1193059036149867,1.0,-0.0,0,0
223,0.0,0.17227722772277226,0.16174715133989812,1.0,-0.0,0,0
224,0.0,0.17227722772277226,0.16174715133989812,1.0,-0.0,0,0
225,0.0,0.09306930693069307,0.12126186845461279,1.0,-0.0,0,0
226,0.0,0.09306930693069307,0.12126186845461279,1.0,-0.0,0,0
227,0.0,0.09306930693069307,0.12126186845461279,1.0,-0.0,0,0
228,0.0,0.0,0.0,1.0,-0.0,0,0
229,0.0,0.0,0.0,1.0,-0.0,0,0
230,0.0,0.0,0.0,1.0,-0.0,0,0
231,0.0,0.0,0.0,1.0,-0.0,0,0
232,0.0,0.0,0.0,1.0,-0.0,0,0
233,0.0,0.0,0.0,1.0,-0.0,0,0
234,0.0,0.0,0.0,1.0,-0.0,0,0
235,0.0,0.0,0.0,1.0,-0.0,0,0
236,0.0,0.0,0.0,1.0,-0.0,0,0
237,0.0,0.0,0.0,1.0,-0.0,0,0
238,0.0,0.0,0.0,1.0,-0.0,0,0
239,0.0,0.0,0.0,1.0,-0.0,0,0
240,0.0,0.0,0.0,1.0,-0.0,0,0
241,0.0,0.0,0.0,1.0,-0.0,0,0
242,0.2,0.1267326732673267,0.09636059453937773,0.2235241004715796,0.6506756441761803,0,0
243,0.2,0.1267326732673267,0.09636059453937773,0.2235241004715796,0.6506756441761803,0,0
244,0.4,0.20594059405940596,0.14746825950028414,0.0940970629778546,1.0264239318587915,0,0
245,0.4,0.20594059405940596,0.14746825950028414,0.0940970629778546,1.0264239318587915,0,0
246,0.4,0.20594059405940596,0.14746825950028414,0.0940970629778546,1.0264239318587915,3,0
247,0.2,0.07920792079207921,0.10928827506175545,0.13452323402587257,0.8712027005106293,0,0
248,0.2,0.07920792079207921,0.10928827506175545,0.13452323402587257,0.8712027005106293,0,0
249,0.0,0.0,0.0,1.0,-0.0,0,0
250,0.0,0.0,0.0,1.0,-0.0,0,0
251,0.0,0.0,0.0,1.0,-0.0,0,0
252,0.0,0.0,0.0,1.0,-0.0,0,0
253,0.0,0.07722772277227724,0.105193069190443,1.0,-0.0,0,0
254,0.0,0.07722772277227724,0.105193069190443,1.0,-0.0,0,0
255,0.0,0.07722772277227724,0.105193069190443,1.0,-0.0,0,0
256,0.0,0.07722772277227724,0.105193069190443,1.0,-0.0,0,0
257,0.0,0.07722772277227724,0.105193069190443,1.0,-0.0,0,0
258,0.0,0.0,0.0,1.0,-0.0,0,0
259,0.0,0.0,0.0,1.0,-0.0,0,0
260,0.0,0.0,0.0,1.0,-0.0,0,0
261,0.0,0.0,0.0,1.0,-0.0,0,0
262,0.0,0.0,0.0,1.0,-0.0,0,0
263,0.0,0.0,0.0,1.0,-0.0,0,0
