,foreground,bg_means,bg_stdev,pvals,minus_logs,regs,active
2,0.0,0.03762376237623763,0.07816140339006158,1.0,-0.0,0,0
3,0.0,0.03762376237623763,0.07816140339006158,1.0,-0.0,0,0
4,0.0,0.017821782178217824,0.056980176514606566,1.0,-0.0,0,0
5,0.0,0.017821782178217824,0.056980176514606566,1.0,-0.0,0,0
6,0.0,0.017821782178217824,0.056980176514606566,1.0,-0.0,0,0
7,0.2,0.021782178217821784,0.06230547612891991,0.002115616449879084,2.6745630648030154,0,0
8,0.2,0.021782178217821784,0.06230547612891991,0.002115616449879084,2.6745630648030154,0,0
9,0.2,0.021782178217821784,0.06230547612891991,0.002115616449879084,2.6745630648030154,0,0
10,0.2,0.1386138613861386,0.15088537189345533,0.34206291389542953,0.4658940090176627,0,0
11,0.2,0.16831683168316827,0.16823527435849067,0.42531033805401186,0.37129406072532767,0,0
12,0.0,0.18415841584158413,0.17951125796479817,1.0,-0.0,0,0
13,0.0,0.20396039603960398,0.20094863738570085,1.0,-0.0,0,0
14,0.0,0.48316831683168315,0.3034681730684188,1.0,-0.0,0,0
15,0.0,0.36831683168316837,0.24329857510348782,1.0,-0.0,0,0
16,0.0,0.35445544554455444,0.24677112997503972,1.0,-0.0,0,0
17,0.0,0.33663366336633666,0.24524094931967094,1.0,-0.0,0,0
18,0.0,0.45346534653465354,0.29636890192268844,1.0,-0.0,0,0
19,0.0,0.2752475247524752,0.2159051591356675,1.0,-0.0,0,0
20,0.0,0.3227722772277228,0.24368507030360648,1.0,-0.0,0,0
21,0.0,0.44950495049504957,0.26462144168837715,1.0,-0.0,0,0
22,0.0,0.4297029702970297,0.25075906722022545,1.0,-0.0,0,0
23,0.0,0.3643564356435644,0.2660991248402758,1.0,-0.0,0,0
24,0.0,0.27524752475247527,0.23011230172410221,1.0,-0.0,0,0
25,0.0,0.22970297029702966,0.22406883421490117,1.0,-0.0,0,0
26,0.0,0.12277227722772276,0.15662352422404113,1.0,-0.0,0,0
27,0.0,0.20594059405940596,0.20188310615339297,1.0,-0.0,0,0
28,0.0,0.20396039603960395,0.18875348902641545,1.0,-0.0,0,0
29,0.0,0.1900990099009901,0.18748198619476633,1.0,-0.0,0,0
30,0.0,0.1900990099009901,0.18748198619476633,1.0,-0.0,0,0
31,0.0,0.17029702970297028,0.17885474744676655,1.0,-0.0,0,0
32,0.0,0.08712871287128712,0.12077584698595573,1.0,-0.0,0,0
33,0.0,0.017821782178217824,0.056980176514606566,1.0,-0.0,0,0
34,0.0,0.1287128712871287,0.13954426081146826,1.0,-0.0,0,0
35,0.0,0.13663366336633662,0.14605218942246156,1.0,-0.0,0,0
36,0.0,0.1742574257425742,0.1680720409815679,1.0,-0.0,0,0
37,0.0,0.1742574257425742,0.1680720409815679,1.0,-0.0,0,0
38,0.0,0.20792079207920788,0.1710093323357157,1.0,-0.0,0,0
39,0.0,0.1495049504950495,0.18542098868466736,1.0,-0.0,0,0
40,0.0,0.14059405940594058,0.1835719395616125,1.0,-0.0,0,0
41,0.0,0.08514851485148513,0.13304219431477882,1.0,-0.0,0,0
42,0.0,0.08514851485148513,0.13304219431477882,1.0,-0.0,0,0
43,0.0,0.051485148514851496,0.10011267057239238,1.0,-0.0,0,0
44,0.0,0.0,0.0,1.0,-0.0,0,0
45,0.0,0.08316831683168316,0.11351216354824961,1.0,-0.0,0,0
46,0.0,0.10099009900990097,0.12145573247679728,1.0,-0.0,0,0
47,0.0,0.11287128712871286,0.13324834725751067,1.0,-0.0,0,0
48,0.0,0.12376237623762375,0.14291762832290006,1.0,-0.0,0,0
49,0.0,0.12376237623762375,0.14291762832290006,1.0,-0.0,0,0
50,0.0,0.15247524752475247,0.1519471373722842,1.0,-0.0,0,0
51,0.0,0.13465346534653463,0.14102569358229589,1.0,-0.0,0,0
52,0.0,0.12277227722772276,0.12576985749069639,1.0,-0.0,0,0
53,0.0,0.11089108910891088,0.12734998170941408,1.0,-0.0,0,0
54,0.0,0.11089108910891088,0.12734998170941408,1.0,-0.0,0,0
55,0.0,0.011881188118811883,0.04727657974777555,1.0,-0.0,0,0
56,0.0,0.011881188118811883,0.04727657974777555,1.0,-0.0,0,0
57,0.0,0.011881188118811883,0.04727657974777555,1.0,-0.0,0,0
58,0.0,0.011881188118811883,0.04727657974777555,1.0,-0.0,0,0
59,0.0,0.05148514851485149,0.08744317689433512,1.0,-0.0,0,0
60,0.0,0.1801980198019802,0.17235687245139755,1.0,-0.0,0,0
61,0.0,0.1900990099009901,0.18103385739626768,1.0,-0.0,0,0
62,0.0,0.20396039603960395,0.18016537621852313,1.0,-0.0,0,0
63,0.0,0.2158415841584158,0.19636935962484228,1.0,-0.0,0,0
64,0.0,0.2376237623762376,0.19642925572494643,1.0,-0.0,0,0
65,0.0,0.09702970297029703,0.11811677855054843,1.0,-0.0,0,0
66,0.0,0.08712871287128712,0.10685732723352115,1.0,-0.0,0,0
67,0.0,0.07326732673267328,0.10425700262248064,1.0,-0.0,0,0
68,0.2,0.14257425742574256,0.12375841577821578,0.32131855361418615,0.49306419664076123,0,0
69,0.2,0.07920792079207921,0.09781456661567106,0.10843220472298494,0.9648417117433487,0,0
70,0.2,0.09306930693069305,0.11454380090280847,0.1752718006726171,0.7562879515468921,0,0
71,0.2,0.09306930693069305,0.11454380090280847,0.1752718006726171,0.7562879515468921,0,0
72,0.2,0.10891089108910891,0.12750384183766536,0.23748905286652017,0.6243564045201095,0,0
73,0.0,0.02970297029702971,0.07112192077650681,1.0,-0.0,0,0
74,0.2,0.049504950495049514,0.09078727434730813,0.04869237040212954,1.3125390829709087,0,0
75,0.2,0.15247524752475244,0.17609294317160962,0.39362456356010966,0.4049178078886893,0,0
76,0.2,0.15247524752475244,0.17609294317160962,0.39362456356010966,0.4049178078886893,0,0
77,0.2,0.2475247524752475,0.20517756589288896,1.0,-0.0,0,0
78,0.2,0.2475247524752475,0.20517756589288896,1.0,-0.0,0,0
79,0.0,0.2673267326732673,0.19955837920545144,1.0,-0.0,0,0
80,0.0,0.3079207920792079,0.22589017234870803,1.0,-0.0,0,0
81,0.0,0.4138613861386139,0.2717853342528075,1.0,-0.0,0,0
82,0.2,0.5663366336633664,0.24867061506456398,1.0,-0.0,0,0
83,0.2,0.6237623762376238,0.25838359496842855,1.0,-0.0,0,0
84,0.2,0.6217821782178217,0.2668495925215527,1.0,-0.0,0,0
85,0.2,0.6079207920792079,0.26983059163399326,1.0,-0.0,0,0
86,1.4,0.6514851485148515,0.2920103963245343,0.005183885485802218,2.285344600778185,0,0
87,1.4,0.405940594059406,0.2930960651418359,0.00034745153871434736,3.4591057606756497,0,0
88,1.4,0.6693069306930692,0.31895329254179616,0.010984329529662728,1.9592264467502314,0,0
89,1.4,0.6316831683168317,0.29881968902396244,0.005067748030689829,2.2951849864486955,0,0
90,1.4,0.4891089108910891,0.25089976307026446,0.00014143744605319387,3.8494355943489538,0,0
91,0.4,0.49504950495049505,0.25265961041958934,1.0,-0.0,0,0
92,0.2,0.47722772277227726,0.24530489741706024,1.0,-0.0,0,0
93,0.2,0.1782178217821782,0.18433931283543808,0.4529690554124824,0.34393146580756134,0,0
94,0.4,0.3089108910891089,0.2493949152303838,0.35746596629101113,0.44676530031216,0,0
95,0.4,0.40396039603960393,0.2742842321674447,1.0,-0.0,0,0
96,0.2,0.2475247524752475,0.22007832062494734,1.0,-0.0,0,0
97,0.2,0.2475247524752475,0.22007832062494734,1.0,-0.0,0,0
98,0.4,0.586138613861386,0.2995143603791413,1.0,-0.0,0,0
99,0.2,0.5168316831683168,0.27613646609433523,1.0,-0.0,0,0
100,0.2,0.44752475247524753,0.2716265853383326,1.0,-0.0,0,0
101,0.4,0.594059405940594,0.3189778794211961,1.0,-0.0,0,0
102,0.4,0.6950495049504949,0.3521858863432192,1.0,-0.0,0,0
103,0.2,0.41782178217821786,0.29664661764995814,1.0,-0.0,0,0
104,0.2,0.3524752475247525,0.2657304744113465,1.0,-0.0,0,0
105,0.4,0.45148514851485144,0.2879128929691222,1.0,-0.0,0,0
106,0.2,0.39207920792079215,0.2403311116585944,1.0,-0.0,0,0
107,0.4,0.49306930693069306,0.2765621430328554,1.0,-0.0,0,0
108,0.8,0.7445544554455445,0.3222677220237342,0.4316998629564551,0.3648180892109197,0,0
109,0.8,0.7445544554455445,0.3222677220237342,0.4316998629564551,0.3648180892109197,0,0
110,0.8,0.7287128712871285,0.32528331403375954,0.41326505635230054,0.3837713149577112,0,0
111,0.8,0.6673267326732673,0.2942043847029366,0.3260105880414002,0.4867682948606434,0,0
112,0.6,0.6198019801980198,0.30894896947336314,1.0,-0.0,0,0
113,0.2,0.5049504950495048,0.28367330171116795,1.0,-0.0,0,0
114,0.2,0.5287128712871287,0.28505223897250986,1.0,-0.0,0,0
115,0.2,0.5188118811881188,0.2967523457536983,1.0,-0.0,0,0
116,0.2,0.49306930693069295,0.2918895171911015,1.0,-0.0,0,0
117,0.2,0.3485148514851485,0.25894449169548556,1.0,-0.0,0,0
118,0.2,0.2198019801980198,0.2039315561653939,1.0,-0.0,0,0
119,0.2,0.20990099009900987,0.18320845158368915,1.0,-0.0,0,0
120,0.0,0.1821782178217822,0.166736906416007,1.0,-0.0,0,0
121,0.6,0.35445544554455444,0.22317455428042607,0.13561477595436644,0.8676929891869201,0,0
122,0.6,0.36435643564356446,0.22932710798896513,0.15208232182495196,0.8179212657634226,0,0
123,0.8,0.3099009900990099,0.2240513336225197,0.01435518325052137,1.8429912591631374,0,0
124,0.8,0.297029702970297,0.22091414287834574,0.011400035501590852,1.9430937961967731,0,0
125,0.8,0.22772277227722773,0.19706701472672838,0.0018423015280109574,2.7346392876927457,0,0
126,0.2,0.07524752475247526,0.11205191564986228,0.13278007588509982,0.8768670874855233,0,0
127,0.2,0.10891089108910891,0.12113245340338318,0.2260317253495811,0.645830599891191,0,0
128,0.0,0.10891089108910891,0.12750384183766536,1.0,-0.0,0,0
129,0.0,0.10891089108910891,0.12750384183766536,1.0,-0.0,0,0
130,0.0,0.12277227722772276,0.13191745702927898,1.0,-0.0,0,0
131,0.0,0.10099009900990098,0.12145573247679727,1.0,-0.0,0,0
132,0.0,0.13465346534653463,0.12620558708220353,1.0,-0.0,0,0
133,0.2,0.1267326732673267,0.12811743461086583,0.2837028846263937,0.5471362483742002,0,0
134,0.2,0.17623762376237626,0.18516704518908456,0.44894414889376794,0.3478076842438059,0,0
135,0.2,0.1762376237623762,0.18301572450512466,0.44834734079326377,0.3483854017547908,0,0
136,0.2,0.1762376237623762,0.18301572450512466,0.44834734079326377,0.3483854017547908,0,0
137,0.2,0.19999999999999998,0.1887950326582658,0.49999999999999994,0.30102999566398125,0,0
138,0.0,0.17227722772277226,0.17582552776572763,1.0,-0.0,0,0
139,0.2,0.19999999999999996,0.1616744069461402,0.4999999999999999,0.3010299956639813,0,0
140,0.2,0.20990099009900987,0.17206086333646306,1.0,-0.0,0,0
141,0.4,0.22376237623762374,0.17640441545600072,0.15888414721948751,0.7989194326765391,0,0
142,0.4,0.14059405940594058,0.16541470107292755,0.05841539420151275,1.233472688234124,0,0
143,0.4,0.15247524752475244,0.16203780234042603,0.0633091563528593,1.1985334737749924,0,0
144,0.2,0.07326732673267328,0.11509022642946842,0.13541366575877595,0.8683375050442039,0,0
145,0.2,0.06930693069306931,0.10316052497133552,0.10259725727169978,0.9888642490457182,0,0
146,0.0,0.0712871287128713,0.10372911567294095,1.0,-0.0,0,0
147,0.0,0.07524752475247526,0.10845991237726066,1.0,-0.0,0,0
148,0.0,0.13663366336633662,0.15397233406965347,1.0,-0.0,0,0
149,0.0,0.2514851485148515,0.20806218671784077,1.0,-0.0,0,0
150,0.0,0.2613861386138614,0.22114477003269256,1.0,-0.0,0,0
151,0.0,0.24554455445544554,0.21778577560186177,1.0,-0.0,0,0
152,0.0,0.2158415841584158,0.20811871767574247,1.0,-0.0,0,0
153,0.0,0.2891089108910891,0.22066550561005352,1.0,-0.0,0,0
154,0.0,0.24158415841584158,0.18735645421805736,1.0,-0.0,0,0
155,0.2,0.2772277227722772,0.19288389167344033,1.0,-0.0,0,0
156,0.2,0.299009900990099,0.20609286069319105,1.0,-0.0,0,0
157,0.2,0.32673267326732675,0.21196445111484613,1.0,-0.0,0,0
158,0.4,0.2831683168316832,0.24090148634844435,0.31384632589521455,0.5032829511387256,0,0
159,0.4,0.25346534653465347,0.23359623133558224,0.26523166988397306,0.5763746204080242,0,0
160,0.2,0.1900990099009901,0.19975477565019395,0.48023423062127174,0.3185468870942874,0,0
161,0.2,0.1762376237623762,0.1893963913064292,0.45007822174602796,0.3467120010680787,0,0
162,0.4,0.2198019801980198,0.20000980272026075,0.18380853170715417,0.7356343341504274,0,0
163,0.4,0.24554455445544554,0.19474520163396825,0.213855255148732,0.6698800731880729,0,0
164,0.4,0.2059405940594059,0.1675813868644411,0.12343182345329835,0.9085728551458732,0,0
165,0.4,0.2059405940594059,0.1675813868644411,0.12343182345329835,0.9085728551458732,0,0
166,0.4,0.19801980198019797,0.16288257206082216,0.10748110204829404,0.9686678892146863,0,0
167,0.2,0.1465346534653465,0.15387043310940526,0.36411915772488,0.4387564705433396,0,0
168,0.0,0.017821782178217824,0.05698017651460656,1.0,-0.0,0,0
169,0.0,0.017821782178217824,0.05698017651460656,1.0,-0.0,0,0
170,0.2,0.07722772277227723,0.11593886073904514,0.14481359215141565,0.8391906735026717,0,0
171,0.2,0.07722772277227723,0.11593886073904514,0.14481359215141565,0.8391906735026717,0,0
172,0.2,0.06534653465346535,0.10571364605971598,0.10137482685028305,0.9940698745616096,0,0
173,0.2,0.06534653465346535,0.10571364605971598,0.10137482685028305,0.9940698745616096,0,0
174,0.2,0.06534653465346535,0.10571364605971598,0.10137482685028305,0.9940698745616096,0,0
175,0.0,0.09108910891089109,0.14765427233510695,1.0,-0.0,0,0
176,0.0,0.09108910891089109,0.14765427233510695,1.0,-0.0,0,0
177,0.0,0.08514851485148514,0.1416914361980065,1.0,-0.0,0,0
178,0.0,0.08514851485148514,0.1416914361980065,1.0,-0.0,0,0
179,0.0,0.11287128712871286,0.1526423155691229,1.0,-0.0,0,0
180,0.0,0.14059405940594058,0.15806892707703052,1.0,-0.0,0,0
181,0.0,0.2475247524752475,0.22007832062494734,1.0,-0.0,0,0
182,0.0,0.3366336633663367,0.25318672805425124,1.0,-0.0,0,0
183,0.0,0.35049504950495053,0.25548391760287076,1.0,-0.0,0,0
184,0.0,0.3227722772277228,0.24851287916853732,1.0,-0.0,0,0
185,0.0,0.2099009900990098,0.18748198619476633,1.0,-0.0,0,0
186,0.0,0.12475247524752475,0.14583724862987696,1.0,-0.0,0,0
187,0.0,0.20198019801980197,0.18129359046727284,1.0,-0.0,0,0
188,0.2,0.3663366336633664,0.23558531603905664,1.0,-0.0,0,0
189,0.2,0.40396039603960393,0.24042898627542247,1.0,-0.0,0,0
190,0.2,0.40396039603960393,0.24042898627542247,1.0,-0.0,0,0
191,0.2,0.3940594059405941,0.23285646884893618,1.0,-0.0,0,0
192,0.2,0.22970297029702968,0.17436990069505995,1.0,-0.0,0,0
193,0.0,0.05148514851485149,0.09186070102766893,1.0,-0.0,0,0
194,0.0,0.019801980198019802,0.059735061897023205,1.0,-0.0,0,0
195,0.0,0.019801980198019802,0.059735061897023205,1.0,-0.0,0,0
196,0.0,0.0059405940594059415,0.03395332316729158,1.0,-0.0,0,0
197,0.0,0.02772277227722772,0.06910862719451544,1.0,-0.0,0,0
198,0.0,0.02772277227722772,0.06910862719451544,1.0,-0.0,0,0
199,0.0,0.021782178217821784,0.06230547612891991,1.0,-0.0,0,0
200,0.2,0.10099009900990098,0.1308729634998678,0.22466442305999795,0.6484656952356532,0,0
201,0.2,0.10099009900990098,0.1308729634998678,0.22466442305999795,0.6484656952356532,0,0
202,0.6,0.11287128712871287,0.15521519162190436,0.000849339127185748,3.070918868462688,0,0
203,0.6,0.14257425742574256,0.16004116713803365,0.002130423323856096,2.671534091890862,0,0
204,0.6,0.14257425742574256,0.16004116713803365,0.002130423323856096,2.671534091890862,0,0
205,0.4,0.0613861386138614,0.10433219700847123,0.0005861494943187688,3.231991605351054,0,0
206,0.4,0.0613861386138614,0.10433219700847123,0.0005861494943187688,3.231991605351054,0,0
207,0.0,0.02772277227722772,0.06910862719451544,1.0,-0.0,0,0
208,0.0,0.0,0.0,1.0,-0.0,0,0
209,0.0,0.0,0.0,1.0,-0.0,0,0
210,0.0,0.0,0.0,1.0,-0.0,0,0
211,0.0,0.017821782178217824,0.05698017651460656,1.0,-0.0,0,0
212,0.2,0.17227722772277224,0.18245781385805057,0.43961684415652674,0.3569256757024033,0,0
213,0.2,0.1762376237623762,0.1808388127814792,0.447729102622859,0.3489846753334784,0,0
214,0.6,0.2891089108910892,0.2345845242753812,0.09253850633958006,1.033677514709835,0,0
215,0.6,0.2891089108910892,0.2345845242753812,0.09253850633958006,1.033677514709835,0,0
216,0.6,0.36237623762376237,0.2528457774180177,0.17366078882092117,0.7602982306092326,0,0
217,0.4,0.2435643564356435,0.22268204993487845,0.2411815963080522,0.6176558347026815,0,0
218,0.4,0.2673267326732673,0.2273867516587513,0.2797885928046288,0.5531699960021368,0,0
219,0.0,0.15445544554455445,0.17549068547409524,1.0,-0.0,0,0
220,0.0,0.15445544554455445,0.17549068547409524,1.0,-0.0,0,0
221,0.2,0.12079207920792076,0.14645435316515326,0.29430999753229947,0.5311949849293932,0,0
222,0.2,0.08514851485148514,0.1172170185104851,0.16358768676286217,0.786249388758791,0,0
223,0.2,0.08118811881188118,0.1264228887090089,0.17366078882092117,0.7602982306092326,0,0
224,0.4,0.09900990099009899,0.14246420394934614,0.01731143063739447,1.7616670400245433,0,0
225,0.4,0.09900990099009899,0.14246420394934614,0.01731143063739447,1.7616670400245433,0,0
226,0.2,0.041584158415841586,0.0987719913927915,0.05437313246532605,1.2646156463395057,0,0
227,0.4,0.05544554455445545,0.1094316980566186,0.0008203290565881012,3.0860119051839017,0,0
228,0.8,0.07326732673267328,0.12811743461086583,7.040748630622035e-09,8.152381160621742,0,0
229,1.2,0.2831683168316832,0.22562095038715396,2.4161542461880016e-05,4.616875344003717,0,0
230,1.2,0.2910891089108911,0.22954928282989867,3.754622667690091e-05,4.425433702221527,0,0
231,1.4,0.30495049504950505,0.22793790956873936,7.770242610042307e-07,6.109565421024347,0,0
232,1.2,0.2910891089108911,0.21530499200983352,1.2133880868382017e-05,4.91600027331634,0,0
233,0.8,0.2495049504950495,0.1958094458508156,0.0024664630475521895,2.6079253867351437,0,0
234,0.2,0.021782178217821784,0.06230547612891991,0.002115616449879084,2.6745630648030154,0,0
235,0.2,0.013861386138613863,0.05079507064705211,0.00012391038159364294,3.90689230556944,0,0
236,0.0,0.0,0.0,1.0,-0.0,0,0
237,0.0,0.0,0.0,1.0,-0.0,0,0
238,0.0,0.0,0.0,1.0,-0.0,0,0
239,0.0,0.0,0.0,1.0,-0.0,0,0
240,0.0,0.0,0.0,1.0,-0.0,0,0
241,0.4,0.2594059405940594,0.23300797497157238,0.2731255251469865,0.5636377106531215,0,0
242,0.4,0.2732673267326733,0.2383487290824725,0.29746303931480267,0.5265669889903258,0,0
243,0.6,0.32673267326732675,0.24328245781188634,0.1306653992891611,0.8838394000797651,0,0
244,0.8,0.42376237623762375,0.28043407472634424,0.08985865862812849,1.0464400686580835,0,0
