,foreground,bg_means,bg_stdev,pvals,minus_logs,regs,active
2,0.0,0.0,0.0,1.0,-0.0,0,0
3,0.0,0.1198019801980198,0.13202145188739237,1.0,-0.0,0,0
4,0.0,0.1198019801980198,0.13202145188739237,1.0,-0.0,0,0
5,0.0,0.1198019801980198,0.13202145188739237,1.0,-0.0,0,0
6,0.2,0.27326732673267323,0.20628303593038283,1.0,-0.0,0,0
7,0.2,0.27326732673267323,0.20628303593038283,1.0,-0.0,0,0
8,0.2,0.15445544554455443,0.16858452795083376,0.39351913338152733,0.4050341468627193,0,0
9,0.2,0.15445544554455443,0.16858452795083376,0.39351913338152733,0.4050341468627193,0,0
10,0.2,0.15445544554455443,0.16858452795083376,0.39351913338152733,0.4050341468627193,0,0
11,0.0,0.0,0.0,1.0,-0.0,0,0
12,0.0,0.0,0.0,1.0,-0.0,0,0
13,0.0,0.0,0.0,1.0,-0.0,0,0
14,0.0,0.0,0.0,1.0,-0.0,0,0
15,0.0,0.0,0.0,1.0,-0.0,0,0
16,0.0,0.0,0.0,1.0,-0.0,0,0
17,0.0,0.0,0.0,1.0,-0.0,0,0
18,0.2,0.15643564356435644,0.17258422629307663,0.4003567748557659,0.39755281794342295,0,0
19,0.2,0.15643564356435644,0.17258422629307663,0.4003567748557659,0.39755281794342295,0,0
20,0.2,0.19801980198019803,0.18983066869238602,0.4958385523664241,0.3046597090545171,0,0
21,0.2,0.2376237623762376,0.2192929615826872,1.0,-0.0,0,0
22,0.2,0.291089108910891,0.2587475584238334,1.0,-0.0,0,0
23,0.0,0.19999999999999998,0.1823933297373379,1.0,-0.0,0,0
24,0.0,0.22574257425742572,0.19018150025414607,1.0,-0.0,0,0
25,0.0,0.18415841584158413,0.17276589394999792,1.0,-0.0,0,0
26,0.0,0.17029702970297025,0.16503498246348225,1.0,-0.0,0,0
27,0.0,0.11485148514851484,0.1550382505430763,1.0,-0.0,0,0
28,0.0,0.0891089108910891,0.13636075485692528,1.0,-0.0,0,0
29,0.0,0.08514851485148513,0.12694907267187808,1.0,-0.0,0,0
30,0.0,0.13861386138613857,0.15088537189345536,1.0,-0.0,0,0
31,0.0,0.15247524752475247,0.16203780234042603,1.0,-0.0,0,0
32,0.0,0.2871287128712871,0.21139019635774287,1.0,-0.0,0,0
33,0.0,0.2495049504950495,0.1958094458508156,1.0,-0.0,0,0
34,0.0,0.28316831683168314,0.21666660382716724,1.0,-0.0,0,0
35,0.2,0.3900990099009901,0.24756435326783355,1.0,-0.0,0,0
36,0.2,0.3504950495049505,0.2427661395053769,1.0,-0.0,0,0
37,0.2,0.2138613861386138,0.19550883243085124,1.0,-0.0,0,0
38,0.2,0.2138613861386138,0.19550883243085124,1.0,-0.0,0,0
39,0.2,0.1584158415841584,0.17192407185067915,0.4044384580337892,0.3931475540757625,0,0
40,0.0,0.0,0.0,1.0,-0.0,0,0
41,0.0,0.0,0.0,1.0,-0.0,0,0
42,0.0,0.0,0.0,1.0,-0.0,0,0
43,0.0,0.0,0.0,1.0,-0.0,0,0
44,0.0,0.0,0.0,1.0,-0.0,0,0
45,0.0,0.0,0.0,1.0,-0.0,0,0
46,0.0,0.0,0.0,1.0,-0.0,0,0
47,0.0,0.0,0.0,1.0,-0.0,0,0
48,0.0,0.0,0.0,1.0,-0.0,0,0
49,0.0,0.0,0.0,1.0,-0.0,0,0
50,0.0,0.0,0.0,1.0,-0.0,0,0
51,0.0,0.0,0.0,1.0,-0.0,0,0
52,0.0,0.0,0.0,1.0,-0.0,0,0
53,0.0,0.03564356435643565,0.08154954567118415,1.0,-0.0,0,0
54,0.4,0.3336633663366337,0.2454646947745174,0.39348427793373203,0.4050726156379089,0,0
55,0.4,0.3336633663366337,0.2454646947745174,0.39348427793373203,0.4050726156379089,0,0
56,0.4,0.3336633663366337,0.2454646947745174,0.39348427793373203,0.4050726156379089,0,0
57,0.4,0.3485148514851486,0.2495992278271482,0.418289511464835,0.37852302513979585,0,0
58,0.4,0.3108910891089109,0.22598562562672644,0.3466752431620411,0.46007717115585905,0,0
59,0.0,0.0297029702970297,0.07112192077650681,1.0,-0.0,0,0
60,0.2,0.05346534653465347,0.09287951999650357,0.05731896239780438,1.2417016799108866,0,0
61,0.4,0.10297029702970295,0.14243667729389656,0.018518969011029198,1.732383195045248,0,0
62,0.4,0.0891089108910891,0.13042276277287215,0.008569364695932549,2.0670513740252336,0,0
63,0.4,0.0891089108910891,0.13042276277287215,0.008569364695932549,2.0670513740252336,0,0
64,0.4,0.07326732673267328,0.12811743461086583,0.005382141966433158,2.2690448509005106,0,0
65,0.2,0.04950495049504951,0.10682062541989053,0.07943864018522014,1.099968198615266,0,0
66,0.0,0.0,0.0,1.0,-0.0,0,0
67,0.2,0.041584158415841586,0.09039772047931348,0.03984979219979861,1.3995739389282478,0,0
68,0.2,0.041584158415841586,0.09039772047931348,0.03984979219979861,1.3995739389282478,0,0
69,0.2,0.04950495049504951,0.09504950495049506,0.056672754609762926,1.2466256777282645,0,0
70,0.2,0.14455445544554454,0.16196518848854285,0.3660512769211982,0.4364580738293654,0,0
71,0.2,0.14455445544554454,0.16196518848854285,0.3660512769211982,0.4364580738293654,0,0
72,0.0,0.16237623762376235,0.1584900816139702,1.0,-0.0,0,0
73,0.2,0.20396039603960398,0.18016537621852308,1.0,-0.0,0,0
74,0.2,0.19603960396039602,0.17571398456617043,0.4910090499033795,0.308910503219437,0,0
75,0.2,0.10099009900990098,0.13965661530697393,0.2391769893682687,0.6212806050811618,0,0
76,0.2,0.10099009900990098,0.13965661530697393,0.2391769893682687,0.6212806050811618,0,0
77,0.4,0.07326732673267328,0.11509022642946842,0.0022632803634886505,2.6452616445542345,0,0
78,0.2,0.031683168316831684,0.07826167463512675,0.015750221703151112,1.8027133286186672,0,0
79,0.2,0.03762376237623763,0.08307396817189318,0.025315250600093615,1.5966177690988217,0,0
80,0.2,0.13267326732673265,0.13867042693078493,0.31365512751484126,0.5035476083874488,0,0
81,0.2,0.1742574257425742,0.15584548411842378,0.43440110994556214,0.36210907374467677,0,0
82,0.0,0.19207920792079206,0.1733097543528005,1.0,-0.0,0,0
83,0.0,0.25544554455445545,0.2127031341382355,1.0,-0.0,0,0
84,0.0,0.297029702970297,0.22269965813084433,1.0,-0.0,0,0
85,0.0,0.20396039603960398,0.19494644711665693,1.0,-0.0,0,0
86,0.2,0.1821782178217822,0.1931479910747968,0.4632417265486167,0.3341923283962601,0,0
87,0.2,0.13267326732673265,0.1496589594272569,0.3264029174701726,0.48624596806911247,0,0
88,0.4,0.08514851485148517,0.12694907267187808,0.0065665385713382495,2.1826635003809463,0,0
89,0.4,0.03762376237623763,0.08771182015980238,1.802478650994888e-05,4.74412987046985,0,0
90,0.4,0.06930693069306931,0.12084076279122662,0.0031038676436218036,2.508096806379782,0,0
91,0.2,0.04950495049504951,0.09078727434730813,0.0486923704021295,1.312539082970909,0,0
92,0.4,0.057425742574257435,0.09885135821266286,0.0002645747299198912,3.577451638532637,0,0
93,0.2,0.039603960396039604,0.0890869059738772,0.03589523119581593,1.4449632450960648,0,0
94,0.4,0.0891089108910891,0.12734998170941406,0.007318586066631557,2.1355728154953884,0,0
95,0.6,0.100990099009901,0.14791959918402456,0.00037106668260825413,3.430548038399707,0,0
96,1.0,0.1742574257425743,0.18382808657861666,3.529060295562856e-06,5.452340921462493,0,0
97,0.8,0.16633663366336635,0.18036114909680317,0.00022128623234353778,3.655045605517972,0,0
98,0.8,0.16633663366336635,0.18036114909680317,0.00022128623234353778,3.655045605517972,0,0
99,0.6,0.13465346534653463,0.14921288105967925,0.0009083300293020081,3.041756327841147,0,0
100,0.4,0.0891089108910891,0.12734998170941406,0.007318586066631557,2.1355728154953884,0,0
101,0.2,0.08712871287128712,0.11402914890208296,0.1611247194908752,0.7928378257202849,0,0
102,0.2,0.08712871287128712,0.11402914890208296,0.1611247194908752,0.7928378257202849,0,0
103,0.2,0.08712871287128712,0.11402914890208296,0.1611247194908752,0.7928378257202849,0,0
104,0.2,0.06930693069306931,0.10316052497133553,0.1025972572716999,0.9888642490457177,0,0
105,0.2,0.06930693069306931,0.10316052497133553,0.1025972572716999,0.9888642490457177,0,0
106,0.0,0.0,0.0,1.0,-0.0,0,0
107,0.0,0.0,0.0,1.0,-0.0,0,0
108,0.0,0.0,0.0,1.0,-0.0,0,0
109,0.0,0.0,0.0,1.0,-0.0,0,0
110,0.0,0.0,0.0,1.0,-0.0,0,0
111,0.0,0.0,0.0,1.0,-0.0,0,0
112,0.0,0.027722772277227727,0.07975061610139512,1.0,-0.0,0,0
113,0.0,0.027722772277227727,0.07975061610139512,1.0,-0.0,0,0
114,0.0,0.027722772277227727,0.07975061610139512,1.0,-0.0,0,0
115,0.2,0.07920792079207921,0.1292145592164392,0.17494108392292335,0.7571081869435704,0,0
116,0.2,0.07920792079207921,0.1292145592164392,0.17494108392292335,0.7571081869435704,0,0
117,1.2,0.21584158415841584,0.2192393119276745,3.578440032564811e-06,5.446306256288355,0,0
118,1.4,0.29900990099009905,0.2604242728360174,1.1805742180831901e-05,4.927906705331718,0,0
119,1.4,0.29900990099009905,0.2604242728360174,1.1805742180831901e-05,4.927906705331718,0,0
120,1.4,0.27128712871287125,0.24948923414276183,3.0327310897161128e-06,5.518166096590077,0,0
121,1.4,0.27128712871287125,0.24948923414276183,3.0327310897161128e-06,5.518166096590077,0,0
122,0.4,0.12079207920792079,0.15689867556071532,0.037575400777817854,1.425096378547667,0,0
123,0.4,0.13663366336633662,0.15137833547418925,0.04094805258795714,1.3877667476377515,0,0
124,0.4,0.17029702970297025,0.1674175159433525,0.08502601200277211,1.07044819027317,0,0
125,0.2,0.14653465346534653,0.15387043310940524,0.36411915772488007,0.43875647054333955,0,0
126,0.2,0.14653465346534653,0.15387043310940524,0.36411915772488007,0.43875647054333955,0,0
127,0.2,0.1306930693069307,0.15269368434579803,0.32495212856681754,0.48818061388449097,0,0
128,0.0,0.033663366336633666,0.07994704648786674,1.0,-0.0,0,0
129,0.0,0.0,0.0,1.0,-0.0,0,0
130,0.0,0.0,0.0,1.0,-0.0,0,0
131,0.0,0.0,0.0,1.0,-0.0,0,0
132,0.0,0.0,0.0,1.0,-0.0,0,0
133,0.0,0.0,0.0,1.0,-0.0,0,0
134,0.0,0.0,0.0,1.0,-0.0,0,0
135,0.0,0.2811881188118812,0.24075494763209418,1.0,-0.0,0,0
136,0.0,0.2811881188118812,0.24075494763209418,1.0,-0.0,0,0
137,0.0,0.2811881188118812,0.24075494763209418,1.0,-0.0,1,0
138,0.0,0.2811881188118812,0.24075494763209418,1.0,-0.0,0,0
139,0.0,0.30891089108910896,0.24780182512412927,1.0,-0.0,0,0
140,0.0,0.02772277227722772,0.06910862719451544,1.0,-0.0,0,0
141,0.0,0.039603960396039604,0.07970143286137867,1.0,-0.0,0,0
142,0.0,0.039603960396039604,0.07970143286137867,1.0,-0.0,0,0
143,0.0,0.11683168316831682,0.14696218071508493,1.0,-0.0,0,0
144,0.0,0.0891089108910891,0.13042276277287215,1.0,-0.0,0,0
145,0.2,0.1603960396039604,0.17804171717219025,0.41198489933688043,0.3851187020611701,0,0
146,0.2,0.14752475247524752,0.17037760009765876,0.3790435182532359,0.4213109255141049,0,0
147,0.2,0.2079207920792079,0.1886288032334235,1.0,-0.0,0,0
148,0.2,0.1297029702970297,0.14994689122885185,0.31960170639863933,0.49539091059229334,0,0
149,0.2,0.1297029702970297,0.14994689122885185,0.31960170639863933,0.49539091059229334,0,0
150,0.0,0.0594059405940594,0.09968089464279778,1.0,-0.0,0,0
151,0.0,0.09306930693069305,0.1306930693069307,1.0,-0.0,0,0
152,0.0,0.033663366336633666,0.07482947971362847,1.0,-0.0,0,0
153,0.0,0.033663366336633666,0.07482947971362847,1.0,-0.0,0,0
154,0.0,0.033663366336633666,0.07482947971362847,1.0,-0.0,0,0
155,0.0,0.033663366336633666,0.07482947971362847,1.0,-0.0,0,0
156,0.0,0.0,0.0,1.0,-0.0,0,0
157,0.0,0.0,0.0,1.0,-0.0,0,0
158,0.0,0.0,0.0,1.0,-0.0,0,0
159,0.0,0.0,0.0,1.0,-0.0,0,0
160,0.0,0.0,0.0,1.0,-0.0,0,0
161,0.0,0.0,0.0,1.0,-0.0,0,0
162,0.0,0.0,0.0,1.0,-0.0,0,0
163,0.0,0.0,0.0,1.0,-0.0,0,0
164,0.0,0.0,0.0,1.0,-0.0,0,0
165,0.0,0.0,0.0,1.0,-0.0,0,0
166,0.0,0.0,0.0,1.0,-0.0,0,0
167,0.0,0.0,0.0,1.0,-0.0,0,0
168,0.0,0.0,0.0,1.0,-0.0,0,0
169,0.0,0.0,0.0,1.0,-0.0,0,0
170,0.0,0.0,0.0,1.0,-0.0,0,0
171,0.0,0.0,0.0,1.0,-0.0,0,0
172,0.0,0.0,0.0,1.0,-0.0,0,0
173,0.0,0.0,0.0,1.0,-0.0,0,0
174,0.0,0.039603960396039604,0.07970143286137867,1.0,-0.0,0,0
175,0.0,0.039603960396039604,0.07970143286137867,1.0,-0.0,0,0
176,0.0,0.039603960396039604,0.07970143286137867,1.0,-0.0,0,0
177,0.0,0.039603960396039604,0.07970143286137867,1.0,-0.0,0,0
178,0.0,0.039603960396039604,0.07970143286137867,1.0,-0.0,0,0
179,0.0,0.017821782178217824,0.056980176514606566,1.0,-0.0,0,0
180,0.0,0.017821782178217824,0.056980176514606566,1.0,-0.0,0,0
181,0.0,0.017821782178217824,0.056980176514606566,1.0,-0.0,0,0
182,0.0,0.017821782178217824,0.056980176514606566,1.0,-0.0,0,0
183,0.0,0.017821782178217824,0.056980176514606566,1.0,-0.0,0,0
184,0.0,0.0,0.0,1.0,-0.0,0,0
185,0.0,0.0,0.0,1.0,-0.0,0,0
186,0.0,0.08514851485148514,0.12054836637801526,1.0,-0.0,0,0
187,0.0,0.08514851485148514,0.12054836637801526,1.0,-0.0,0,0
188,0.0,0.2198019801980198,0.18985132378941597,1.0,-0.0,0,0
189,0.0,0.29900990099009894,0.23314256442682219,1.0,-0.0,0,0
190,0.0,0.29900990099009894,0.23314256442682219,1.0,-0.0,0,0
191,0.0,0.21386138613861383,0.20730696757706768,1.0,-0.0,0,0
192,0.0,0.21386138613861383,0.20730696757706768,1.0,-0.0,0,0
193,0.0,0.10297029702970295,0.13962853515884507,1.0,-0.0,0,0
194,0.0,0.023762376237623766,0.07056843438101175,1.0,-0.0,0,0
195,0.0,0.12277227722772276,0.1406358883529878,1.0,-0.0,0,0
196,0.0,0.12277227722772276,0.1406358883529878,1.0,-0.0,0,0
197,0.0,0.12277227722772276,0.1406358883529878,1.0,-0.0,0,0
198,0.0,0.18217821782178212,0.166736906416007,1.0,-0.0,0,0
199,0.0,0.18217821782178212,0.166736906416007,1.0,-0.0,0,0
200,0.0,0.11485148514851483,0.13598641357140118,1.0,-0.0,0,0
201,0.0,0.11485148514851483,0.13598641357140118,1.0,-0.0,0,0
202,0.0,0.11485148514851483,0.13598641357140118,1.0,-0.0,0,0
203,0.0,0.03366336633663367,0.07482947971362847,1.0,-0.0,0,0
204,0.0,0.2495049504950495,0.2241038312997245,1.0,-0.0,0,0
205,0.0,0.22574257425742572,0.2118534265147639,1.0,-0.0,0,0
206,0.0,0.22574257425742572,0.2118534265147639,1.0,-0.0,0,0
207,0.0,0.22574257425742572,0.2118534265147639,1.0,-0.0,0,0
208,0.0,0.22574257425742572,0.2118534265147639,1.0,-0.0,0,0
209,0.0,0.009900990099009901,0.04338396495090424,1.0,-0.0,0,0
210,0.0,0.0,0.0,1.0,-0.0,0,0
211,0.0,0.0,0.0,1.0,-0.0,0,0
212,0.0,0.0,0.0,1.0,-0.0,0,0
213,0.0,0.03564356435643565,0.07653920035678292,1.0,-0.0,0,0
214,0.0,0.061386138613861385,0.10046456153636296,1.0,-0.0,0,0
215,0.0,0.061386138613861385,0.10046456153636296,1.0,-0.0,0,0
216,0.0,0.27722772277227725,0.2179477583506235,1.0,-0.0,0,0
217,0.0,0.3544554455445545,0.2231745542804261,1.0,-0.0,0,0
218,0.0,0.3287128712871287,0.22617641133029492,1.0,-0.0,0,0
219,0.0,0.30297029702970296,0.22091414287834574,1.0,-0.0,0,0
220,0.0,0.30297029702970296,0.22091414287834574,1.0,-0.0,0,0
221,0.4,0.1900990099009901,0.15511410714903873,0.08799527521111207,1.0555406460865309,0,0
222,0.4,0.14257425742574256,0.14714883329235087,0.040108852977384514,1.3967597576821622,0,0
223,0.4,0.2495049504950495,0.20373918601017008,0.230055156771459,0.638168027418578,0,0
224,0.4,0.2495049504950495,0.20373918601017008,0.230055156771459,0.638168027418578,0,0
225,0.4,0.2752475247524752,0.2159051591356675,0.2816957086090861,0.5502197690653081,0,0
226,0.0,0.19405940594059404,0.16278624882823453,1.0,-0.0,0,0
227,0.0,0.41980198019801984,0.2793272689237405,1.0,-0.0,0,0
228,0.0,0.39009900990099017,0.2805598894767,1.0,-0.0,0,0
229,0.0,0.4138613861386139,0.2955209204939031,1.0,-0.0,0,0
230,0.0,0.38811881188118824,0.2797761229144543,1.0,-0.0,0,0
231,0.0,0.36831683168316837,0.2636118858290684,1.0,-0.0,0,0
232,0.0,0.11287128712871287,0.14464936528910632,1.0,-0.0,0,0
233,0.0,0.07326732673267328,0.1115960618107356,1.0,-0.0,0,0
234,0.0,0.100990099009901,0.12781100644043508,1.0,-0.0,0,0
235,0.0,0.1762376237623762,0.1623762376237624,1.0,-0.0,0,0
236,0.0,0.1762376237623762,0.1623762376237624,1.0,-0.0,0,0
237,0.0,0.1762376237623762,0.1623762376237624,1.0,-0.0,0,0
238,0.0,0.1267326732673267,0.1427391785420998,1.0,-0.0,0,0
239,0.0,0.07326732673267328,0.10425700262248065,1.0,-0.0,0,0
240,0.0,0.0,0.0,1.0,-0.0,0,0
241,0.0,0.0,0.0,1.0,-0.0,0,0
242,0.0,0.0,0.0,1.0,-0.0,0,0
243,0.0,0.11683168316831682,0.16232793292609266,1.0,-0.0,0,0
244,0.0,0.11683168316831682,0.16232793292609266,1.0,-0.0,0,0
245,0.0,0.2178217821782178,0.21079577635122798,1.0,-0.0,0,0
246,0.2,0.24554455445544554,0.22317455428042612,1.0,-0.0,0,0
247,0.2,0.24554455445544554,0.22317455428042612,1.0,-0.0,0,0
248,0.2,0.12673267326732673,0.15599637537608815,0.31929423625965986,0.49580892105722785,0,0
249,0.2,0.3623762376237623,0.24969346956274244,1.0,-0.0,0,0
250,0.2,0.306930693069307,0.22961760107034876,1.0,-0.0,0,0
251,0.0,0.31287128712871287,0.22412132779280652,1.0,-0.0,0,0
252,0.0,0.3841584158415842,0.24964635314198846,1.0,-0.0,0,0
253,0.0,0.3841584158415842,0.24964635314198846,1.0,-0.0,0,0
254,0.0,0.15049504950495046,0.16021258301915867,1.0,-0.0,0,0
255,0.0,0.16039603960396034,0.15925520208224236,1.0,-0.0,0,0
256,0.0,0.17029702970297025,0.17885474744676655,1.0,-0.0,0,0
257,0.0,0.09900990099009899,0.14521752172118105,1.0,-0.0,0,0
258,0.0,0.1089108910891089,0.1503125521928582,1.0,-0.0,0,0
259,0.2,0.24158415841584152,0.20932107448675996,1.0,-0.0,0,0
260,0.2,0.1861386138613861,0.16711275790766056,0.46694711656548477,0.3307323020554972,0,0
261,0.2,0.14257425742574253,0.14981608173764543,0.35074560537729405,0.4550077617033023,0,0
262,0.2,0.22970297029702968,0.1937358385526338,1.0,-0.0,0,0
263,0.2,0.2198019801980198,0.19397856469320326,1.0,-0.0,0,0
264,0.0,0.08712871287128712,0.13618810981425267,1.0,-0.0,0,0
265,0.0,0.2712871287128713,0.23307527941404238,1.0,-0.0,0,0
266,0.0,0.2712871287128713,0.23307527941404238,1.0,-0.0,0,0
267,0.0,0.18415841584158418,0.19434208548729184,1.0,-0.0,0,0
268,0.0,0.18415841584158418,0.19434208548729184,1.0,-0.0,0,0
269,0.0,0.18415841584158418,0.19434208548729184,1.0,-0.0,0,0
270,0.0,0.0,0.0,1.0,-0.0,0,0
271,0.0,0.039603960396039604,0.07970143286137865,1.0,-0.0,0,0
272,0.0,0.039603960396039604,0.07970143286137865,1.0,-0.0,0,0
273,0.0,0.061386138613861385,0.10433219700847124,1.0,-0.0,0,0
274,0.0,0.061386138613861385,0.10433219700847124,1.0,-0.0,0,0
275,0.0,0.1069306930693069,0.12762679639066946,1.0,-0.0,0,0
276,0.0,0.06732673267326733,0.11000352009767247,1.0,-0.0,0,0
277,0.0,0.06732673267326733,0.11000352009767247,1.0,-0.0,0,0
278,0.0,0.0712871287128713,0.11801714396634724,1.0,-0.0,0,0
279,0.0,0.0712871287128713,0.11801714396634724,1.0,-0.0,0,0
280,0.0,0.025742574257425748,0.06697637435757531,1.0,-0.0,0,0
281,0.0,0.025742574257425748,0.06697637435757531,1.0,-0.0,0,0
282,0.0,0.025742574257425748,0.06697637435757531,1.0,-0.0,0,0
283,0.0,0.0,0.0,1.0,-0.0,0,0
284,0.0,0.0,0.0,1.0,-0.0,0,0
285,0.0,0.0,0.0,1.0,-0.0,0,0
286,0.0,0.0,0.0,1.0,-0.0,0,0
287,0.0,0.07722772277227724,0.12258049537063101,1.0,-0.0,0,0
288,0.0,0.09306930693069305,0.1306930693069307,1.0,-0.0,0,0
289,0.2,0.18019801980198016,0.1676983394830901,0.45300175650568253,0.3439001140153218,0,0
290,0.2,0.18019801980198016,0.1676983394830901,0.45300175650568253,0.3439001140153218,0,0
291,0.2,0.18019801980198016,0.1676983394830901,0.45300175650568253,0.3439001140153218,0,0
292,0.2,0.10099009900990097,0.12467387119760154,0.21355371500123166,0.670492869142324,0,0
293,0.2,0.11881188118811883,0.14939672169394075,0.2934135277363958,0.532519867023635,0,0
294,0.0,0.033663366336633666,0.07482947971362847,1.0,-0.0,0,0
295,0.0,0.033663366336633666,0.07482947971362847,1.0,-0.0,0,0
296,0.0,0.033663366336633666,0.07482947971362847,1.0,-0.0,0,0
297,0.0,0.033663366336633666,0.07482947971362847,1.0,-0.0,0,0
298,0.0,0.0,0.0,1.0,-0.0,0,0
299,0.0,0.0,0.0,1.0,-0.0,0,0
300,0.0,0.07722772277227724,0.12258049537063101,1.0,-0.0,0,0
301,0.0,0.07722772277227724,0.12258049537063101,1.0,-0.0,0,0
302,0.0,0.07722772277227724,0.12258049537063101,1.0,-0.0,0,0
303,0.0,0.10891089108910887,0.14218869759220787,1.0,-0.0,0,0
304,0.0,0.10891089108910887,0.14218869759220787,1.0,-0.0,0,0
305,0.0,0.04752475247524753,0.09809478080396702,1.0,-0.0,0,0
306,0.0,0.04752475247524753,0.09809478080396702,1.0,-0.0,0,0
307,0.0,0.10495049504950495,0.15310401409962543,1.0,-0.0,0,0
308,0.0,0.11683168316831684,0.16232793292609266,1.0,-0.0,0,0
309,0.0,0.11683168316831684,0.16232793292609266,1.0,-0.0,0,0
310,0.0,0.10099009900990098,0.1531808285609007,1.0,-0.0,0,0
311,0.0,0.13861386138613863,0.19446310807431155,1.0,-0.0,0,0
312,0.0,0.08118811881188118,0.12951766673875512,1.0,-0.0,0,0
313,0.4,0.1297029702970297,0.14994689122885188,0.0357240802598056,1.4470389435932012,0,0
314,0.4,0.1297029702970297,0.14994689122885188,0.0357240802598056,1.4470389435932012,0,0
315,0.4,0.1297029702970297,0.14994689122885188,0.0357240802598056,1.4470389435932012,0,0
316,0.4,0.09108910891089109,0.1335716590419014,0.010369628165199624,1.9842368162915023,0,0
317,0.4,0.09504950495049505,0.13670539084430267,0.01285007236892675,1.8910944264698815,0,0
318,0.0,0.0039603960396039604,0.02786385599895107,1.0,-0.0,0,0
319,0.0,0.0039603960396039604,0.02786385599895107,1.0,-0.0,0,0
320,0.0,0.0039603960396039604,0.02786385599895107,1.0,-0.0,0,0
321,0.0,0.0712871287128713,0.11110305060677653,1.0,-0.0,0,0
322,0.0,0.08316831683168316,0.12353642740976017,1.0,-0.0,0,0
323,0.0,0.08316831683168316,0.12353642740976017,1.0,-0.0,0,0
324,0.0,0.12376237623762375,0.13726357881681875,1.0,-0.0,0,0
325,0.2,0.16831683168316827,0.1534621526336441,0.4182174009004753,0.37859790131787163,0,0
326,0.2,0.09900990099009901,0.1367914141716479,0.23017274996365789,0.6379460935686512,0,0
327,0.2,0.09306930693069305,0.13368903310588712,0.2118998952955819,0.6738692578836474,0,0
328,0.2,0.09306930693069305,0.13368903310588712,0.2118998952955819,0.6738692578836474,0,0
329,0.6,0.1465346534653465,0.14041265664345218,0.0006199931460798044,3.207613111527832,0,0
330,0.4,0.10099009900990098,0.12781100644043505,0.00965558432337917,2.015221439052845,0,0
331,0.4,0.10099009900990098,0.12781100644043505,0.00965558432337917,2.015221439052845,0,0
332,0.6,0.14059405940594058,0.13943181578046687,0.0004923834296844117,3.3076965709269786,0,0
333,0.6,0.14059405940594058,0.13943181578046687,0.0004923834296844117,3.3076965709269786,0,0
334,0.2,0.04752475247524753,0.08512548617902843,0.03663203844700429,1.4361389136681444,0,0
335,0.2,0.04752475247524753,0.08512548617902843,0.03663203844700429,1.4361389136681444,0,0
336,0.2,0.04752475247524753,0.08512548617902843,0.03663203844700429,1.4361389136681444,0,0
