,foreground,bg_means,bg_stdev,pvals,minus_logs,regs,active
2,0.0,0.05346534653465347,0.09287951999650357,1.0,-0.0,0,0
3,0.0,0.06930693069306931,0.11057238501634628,1.0,-0.0,0,0
4,0.0,0.06930693069306931,0.11057238501634628,1.0,-0.0,0,0
5,0.0,0.06930693069306931,0.11057238501634628,1.0,-0.0,0,0
6,0.0,0.23168316831683167,0.1964691763138608,1.0,-0.0,0,0
7,0.0,0.17821782178217818,0.1614316888886243,1.0,-0.0,0,0
8,0.0,0.16237623762376235,0.14815798708918723,1.0,-0.0,0,0
9,0.0,0.18217821782178217,0.166736906416007,1.0,-0.0,0,0
10,0.0,0.18217821782178217,0.166736906416007,1.0,-0.0,0,0
11,0.6,0.13663366336633662,0.1487391046195162,0.0009188020567908489,3.036778041282936,0,0
12,0.6,0.18811881188118812,0.17535656953133033,0.009416479740525228,2.0261114236400464,0,0
13,0.6,0.2039603960396039,0.18450940681657277,0.0159186791729829,1.7980929699954822,0,0
14,0.6,0.18415841584158413,0.1681186952617119,0.006689841160330676,2.1745841937435126,0,0
15,0.6,0.3069306930693069,0.21720885862656772,0.08862815178171947,1.0524283072157026,0,0
16,0.0,0.19207920792079206,0.18651741527630283,1.0,-0.0,0,0
17,0.2,0.302970297029703,0.25111846659743764,1.0,-0.0,0,0
18,0.6,0.35247524752475257,0.26869470304924303,0.1784699085682605,0.748434998848285,0,0
19,0.6,0.36831683168316837,0.27823015370294735,0.20250604027976082,0.6935620182713075,0,0
20,0.8,0.25346534653465347,0.24355630671717698,0.012416953426337767,1.905984947833628,0,0
21,0.8,0.25346534653465347,0.24355630671717698,0.012416953426337767,1.905984947833628,0,0
22,1.0,0.19801980198019803,0.1999901967992491,3.0346833888824634e-05,4.517886612540579,0,0
23,0.6,0.13465346534653466,0.15184387732816487,0.0010896675936526699,2.9627059646825162,0,0
24,0.6,0.11683168316831682,0.1442421691205886,0.00040449237200763135,3.3930896639805845,0,0
25,0.4,0.10693069306930691,0.13948804962658473,0.01781893673344482,1.749118214136097,0,0
26,0.4,0.22574257425742575,0.22278767823551468,0.21705788040079532,0.6634244422489,0,0
27,0.0,0.1861386138613861,0.187230838076401,1.0,-0.0,0,0
28,0.0,0.2594059405940594,0.224348658031977,1.0,-0.0,0,0
29,0.0,0.2594059405940594,0.224348658031977,1.0,-0.0,0,0
30,0.0,0.2594059405940594,0.224348658031977,1.0,-0.0,0,0
31,0.0,0.23960396039603957,0.1970471160025168,1.0,-0.0,0,0
32,0.0,0.17227722772277224,0.17355845414780535,1.0,-0.0,0,0
33,0.0,0.09702970297029702,0.127780323207142,1.0,-0.0,0,0
34,0.0,0.09702970297029702,0.127780323207142,1.0,-0.0,0,0
35,0.0,0.09702970297029702,0.127780323207142,1.0,-0.0,0,0
36,0.0,0.031683168316831684,0.07826167463512675,1.0,-0.0,0,0
37,0.0,0.031683168316831684,0.07826167463512675,1.0,-0.0,0,0
38,0.0,0.031683168316831684,0.07826167463512675,1.0,-0.0,0,0
39,0.0,0.031683168316831684,0.07826167463512675,1.0,-0.0,0,0
40,0.0,0.031683168316831684,0.07826167463512675,1.0,-0.0,0,0
41,0.0,0.0,0.0,1.0,-0.0,0,0
42,0.0,0.031683168316831684,0.07826167463512675,1.0,-0.0,0,0
43,0.0,0.06732673267326733,0.1135467024699521,1.0,-0.0,0,0
44,0.0,0.06732673267326733,0.1135467024699521,1.0,-0.0,0,0
45,0.0,0.06732673267326733,0.1135467024699521,1.0,-0.0,0,0
46,0.0,0.06732673267326733,0.1135467024699521,1.0,-0.0,0,0
47,0.0,0.0712871287128713,0.10747934055534188,1.0,-0.0,0,0
48,0.0,0.03564356435643565,0.08154954567118415,1.0,-0.0,0,0
49,0.0,0.03564356435643565,0.08154954567118415,1.0,-0.0,0,0
50,0.0,0.03564356435643565,0.08154954567118415,1.0,-0.0,0,0
51,0.0,0.03564356435643565,0.08154954567118415,1.0,-0.0,0,0
52,0.0,0.08712871287128712,0.1390657415135005,1.0,-0.0,0,0
53,0.0,0.08712871287128712,0.1390657415135005,1.0,-0.0,0,0
54,0.0,0.08712871287128712,0.1390657415135005,1.0,-0.0,0,0
55,0.0,0.17623762376237617,0.19353333422369295,1.0,-0.0,0,0
56,0.0,0.2554455445544554,0.23057193097043735,1.0,-0.0,0,0
57,0.0,0.25940594059405936,0.21163120257963716,1.0,-0.0,0,0
58,0.0,0.3603960396039604,0.24049421389091327,1.0,-0.0,0,0
59,0.0,0.4099009900990099,0.23610072967586346,1.0,-0.0,0,0
60,0.0,0.3227722772277228,0.2009291230727259,1.0,-0.0,0,0
61,0.0,0.24158415841584158,0.21120461981740007,1.0,-0.0,0,0
62,0.0,0.2198019801980198,0.1791176404070512,1.0,-0.0,0,0
63,0.0,0.1287128712871287,0.15564406822280066,1.0,-0.0,0,0
64,0.0,0.07920792079207921,0.12293186689242579,1.0,-0.0,0,0
65,0.0,0.08910891089108909,0.13923481846532235,1.0,-0.0,0,0
66,0.0,0.08910891089108909,0.13923481846532235,1.0,-0.0,0,0
67,0.0,0.019801980198019806,0.07178047113026478,1.0,-0.0,0,0
68,0.0,0.009900990099009901,0.04338396495090425,1.0,-0.0,0,0
69,0.0,0.009900990099009901,0.04338396495090425,1.0,-0.0,0,0
70,0.0,0.05544554455445545,0.09384550979067555,1.0,-0.0,0,0
71,0.0,0.05544554455445545,0.09384550979067555,1.0,-0.0,0,0
72,0.0,0.05544554455445545,0.09384550979067555,1.0,-0.0,0,0
73,0.0,0.05544554455445545,0.09384550979067555,1.0,-0.0,0,0
74,0.0,0.05544554455445545,0.09384550979067555,1.0,-0.0,0,0
75,0.0,0.0,0.0,1.0,-0.0,0,0
76,0.0,0.10297029702970295,0.1308429983103508,1.0,-0.0,0,0
77,0.0,0.10297029702970295,0.1308429983103508,1.0,-0.0,0,0
78,0.0,0.1643564356435643,0.14997303943573456,1.0,-0.0,0,0
79,0.0,0.17425742574257425,0.15584548411842378,1.0,-0.0,0,0
80,0.0,0.17425742574257425,0.15584548411842378,1.0,-0.0,0,0
81,0.0,0.06930693069306931,0.11057238501634631,1.0,-0.0,0,0
82,0.0,0.13861386138613857,0.13421594616103402,1.0,-0.0,0,0
83,0.0,0.14455445544554454,0.1518696989212991,1.0,-0.0,0,0
84,0.0,0.13465346534653466,0.14653465346534653,1.0,-0.0,0,0
85,0.0,0.13465346534653466,0.14653465346534653,1.0,-0.0,0,0
86,0.0,0.13465346534653466,0.14653465346534653,1.0,-0.0,0,0
87,0.0,0.06534653465346535,0.10939585993610407,1.0,-0.0,0,0
88,0.0,0.0,0.0,1.0,-0.0,0,0
89,0.0,0.023762376237623766,0.06471340450838889,1.0,-0.0,0,0
90,0.0,0.2930693069306931,0.23808536024061996,1.0,-0.0,0,27
91,0.0,0.35643564356435653,0.25110285123401754,1.0,-0.0,0,0
92,0.0,0.3782178217821782,0.24680290785553646,1.0,-0.0,0,0
93,0.0,0.40198019801980206,0.24775434896216003,1.0,-0.0,0,0
94,0.0,0.4297029702970297,0.2523334876727192,1.0,-0.0,0,0
95,0.0,0.1801980198019802,0.1919260387558563,1.0,-0.0,0,0
96,0.0,0.11683168316831682,0.14696218071508493,1.0,-0.0,0,0
97,0.0,0.10891089108910887,0.13937555924568534,1.0,-0.0,0,0
98,0.0,0.08514851485148513,0.1172170185104851,1.0,-0.0,0,0
99,0.0,0.033663366336633666,0.07482947971362847,1.0,-0.0,0,0
100,0.0,0.013861386138613863,0.05079507064705211,1.0,-0.0,0,0
101,0.0,0.10495049504950495,0.1367053908443026,1.0,-0.0,0,0
102,0.0,0.0910891089108911,0.12750384183766536,1.0,-0.0,0,0
103,0.0,0.0910891089108911,0.12750384183766536,1.0,-0.0,0,0
104,0.0,0.1465346534653465,0.15127468716660813,1.0,-0.0,0,0
105,0.0,0.15049504950495046,0.15261662469701143,1.0,-0.0,0,0
106,0.0,0.057425742574257435,0.09885135821266286,1.0,-0.0,0,0
107,0.0,0.08316831683168316,0.1135121635482496,1.0,-0.0,0,0
108,0.0,0.11881188118811879,0.13838736799727644,1.0,-0.0,0,0
109,0.0,0.0712871287128713,0.10372911567294095,1.0,-0.0,0,0
110,0.0,0.06732673267326733,0.09861306612268303,1.0,-0.0,0,0
111,0.0,0.06732673267326733,0.09861306612268303,1.0,-0.0,0,0
112,0.0,0.10297029702970295,0.124642415697871,1.0,-0.0,0,0
113,0.0,0.06732673267326733,0.10634234916512914,1.0,-0.0,0,0
114,0.0,0.0613861386138614,0.10433219700847124,1.0,-0.0,0,0
115,0.0,0.06534653465346535,0.10939585993610405,1.0,-0.0,0,0
116,0.0,0.06534653465346535,0.10939585993610405,1.0,-0.0,0,0
117,0.0,0.09504950495049502,0.1337769960717191,1.0,-0.0,0,0
118,0.0,0.09504950495049502,0.1337769960717191,1.0,-0.0,0,0
119,0.2,0.2891089108910891,0.2508997630702644,1.0,-0.0,0,0
120,0.2,0.33267326732673275,0.2718141877307011,1.0,-0.0,0,0
121,1.0,0.40990099009900993,0.2889053942568447,0.020549309017265146,1.68720277695259,0,0
122,1.2,0.3326732673267327,0.24579993107616477,0.00020889136120836796,3.6800795200824643,0,0
123,1.2,0.3326732673267327,0.24579993107616477,0.00020889136120836796,3.6800795200824643,0,0
124,1.0,0.13861386138613857,0.15604664003838054,1.6944614985185086e-08,7.770968294735084,0,0
125,1.0,0.0891089108910891,0.12734998170941406,4.255719279864827e-13,12.371027027147813,0,0
126,0.2,0.09702970297029702,0.13383560593042218,0.22083419262354137,0.6559336822197845,0,0
127,0.0,0.08316831683168316,0.12670172889541695,1.0,-0.0,0,0
128,0.0,0.08316831683168316,0.12670172889541695,1.0,-0.0,0,0
129,0.0,0.08316831683168316,0.12670172889541695,1.0,-0.0,0,0
130,0.0,0.08316831683168316,0.12670172889541695,1.0,-0.0,0,0
131,0.0,0.0594059405940594,0.10357779667819421,1.0,-0.0,0,0
132,0.0,0.0594059405940594,0.10357779667819421,1.0,-0.0,0,0
133,0.0,0.0594059405940594,0.10357779667819421,1.0,-0.0,0,0
134,0.0,0.0594059405940594,0.10357779667819421,1.0,-0.0,0,1
135,0.0,0.0594059405940594,0.10357779667819421,1.0,-0.0,0,0
136,0.0,0.0,0.0,1.0,-0.0,0,0
137,0.0,0.0,0.0,1.0,-0.0,0,0
138,0.0,0.0,0.0,1.0,-0.0,0,0
139,0.0,0.0,0.0,1.0,-0.0,0,0
140,0.0,0.09306930693069305,0.13661931335176508,1.0,-0.0,0,0
141,0.0,0.1564356435643564,0.1702740025877676,1.0,-0.0,0,0
142,0.0,0.1564356435643564,0.1702740025877676,1.0,-0.0,0,0
143,0.0,0.1564356435643564,0.1702740025877676,1.0,-0.0,0,0
144,0.0,0.1564356435643564,0.1702740025877676,1.0,-0.0,0,0
145,0.0,0.07326732673267328,0.11509022642946842,1.0,-0.0,0,0
146,0.2,0.03762376237623763,0.08771182015980238,0.03206701867154286,1.4939414153345645,0,0
147,0.2,0.09108910891089109,0.14765427233510692,0.230376513888284,0.6375617978557012,0,0
148,0.2,0.13465346534653466,0.17144444215376922,0.35154492331832,0.45401916935644543,0,0
149,0.2,0.13465346534653466,0.17144444215376922,0.35154492331832,0.45401916935644543,0,0
150,0.2,0.2396039603960396,0.22164069037042733,1.0,-0.0,0,0
151,0.0,0.21386138613861383,0.2110931955839434,1.0,-0.0,0,0
152,0.0,0.1603960396039604,0.16654866260050913,1.0,-0.0,0,0
153,0.0,0.11485148514851484,0.14984225277142668,1.0,-0.0,0,0
154,0.0,0.11485148514851484,0.14984225277142668,1.0,-0.0,0,0
155,0.0,0.0,0.0,1.0,-0.0,0,0
156,0.0,0.0,0.0,1.0,-0.0,0,0
157,0.0,0.0,0.0,1.0,-0.0,0,0
158,0.0,0.0,0.0,1.0,-0.0,0,0
159,0.0,0.0,0.0,1.0,-0.0,0,0
160,0.0,0.0,0.0,1.0,-0.0,0,0
161,0.0,0.0,0.0,1.0,-0.0,0,0
162,0.0,0.03564356435643565,0.07653920035678292,1.0,-0.0,0,0
163,0.0,0.03564356435643565,0.07653920035678292,1.0,-0.0,0,0
164,0.0,0.03564356435643565,0.07653920035678292,1.0,-0.0,0,0
165,0.0,0.10495049504950493,0.1307830473343237,1.0,-0.0,0,0
166,0.0,0.10495049504950493,0.1307830473343237,1.0,-0.0,0,0
167,0.0,0.12079207920792079,0.14913402284168503,1.0,-0.0,0,0
168,0.0,0.18811881188118812,0.17760069168141515,1.0,-0.0,0,0
169,0.0,0.2554455445544554,0.20894608121806596,1.0,-0.0,0,0
170,0.0,0.1861386138613861,0.18077375114498542,1.0,-0.0,0,0
171,0.0,0.1861386138613861,0.18077375114498542,1.0,-0.0,0,0
172,0.0,0.13267326732673265,0.1573977184098032,1.0,-0.0,0,0
173,0.0,0.06732673267326733,0.11000352009767247,1.0,-0.0,0,0
174,0.0,0.0,0.0,1.0,-0.0,0,0
175,0.0,0.0,0.0,1.0,-0.0,0,0
176,0.0,0.13069306930693067,0.16028599085028164,1.0,-0.0,0,0
177,0.0,0.17029702970297028,0.16016362577339563,1.0,-0.0,0,0
178,0.0,0.17029702970297028,0.16016362577339563,1.0,-0.0,0,0
179,0.0,0.17029702970297028,0.16016362577339563,1.0,-0.0,0,0
180,0.0,0.18415841584158413,0.16089642032294557,1.0,-0.0,0,0
181,0.0,0.05148514851485149,0.08744317689433512,1.0,-0.0,0,0
182,0.4,0.08514851485148513,0.1269490726718781,0.0065665385713382495,2.1826635003809463,0,0
183,0.4,0.08514851485148513,0.1269490726718781,0.0065665385713382495,2.1826635003809463,0,0
184,0.4,0.08514851485148513,0.1269490726718781,0.0065665385713382495,2.1826635003809463,0,0
185,0.6,0.0891089108910891,0.13342479626077636,6.431772623724405e-05,4.19166931718362,0,0
186,0.6,0.0891089108910891,0.13342479626077636,6.431772623724405e-05,4.19166931718362,0,0
187,0.4,0.21980198019801975,0.18775368421597716,0.1685886205958087,0.773171742755357,0,0
188,0.4,0.21980198019801975,0.18775368421597716,0.1685886205958087,0.773171742755357,0,0
189,0.4,0.2732673267326733,0.2004406477960327,0.263605125886473,0.5790461490000084,0,0
190,0.2,0.28118811881188116,0.20715559335638842,1.0,-0.0,0,0
191,0.2,0.28118811881188116,0.20715559335638842,1.0,-0.0,0,0
192,0.0,0.07920792079207921,0.12293186689242579,1.0,-0.0,0,0
193,0.0,0.07920792079207921,0.12293186689242579,1.0,-0.0,0,0
194,0.0,0.025742574257425745,0.07264925278354116,1.0,-0.0,0,0
195,0.0,0.06534653465346535,0.10571364605971598,1.0,-0.0,0,0
196,0.0,0.07920792079207921,0.10928827506175545,1.0,-0.0,0,0
197,0.0,0.07920792079207921,0.10928827506175545,1.0,-0.0,0,0
198,0.0,0.3326732673267327,0.24740591206551257,1.0,-0.0,0,0
199,0.0,0.3326732673267327,0.24740591206551257,1.0,-0.0,0,0
200,0.0,0.26534653465346536,0.22709340493990418,1.0,-0.0,0,0
201,0.0,0.2514851485148515,0.2173712712881203,1.0,-0.0,0,0
202,0.0,0.28910891089108914,0.224226278080831,1.0,-0.0,0,0
203,0.0,0.03762376237623762,0.08307396817189319,1.0,-0.0,0,0
204,0.2,0.06732673267326733,0.10255055347504201,0.09787844017657184,1.0093129603266378,0,0
205,0.2,0.10099009900990098,0.1308729634998678,0.22466442305999795,0.6484656952356532,0,0
206,0.2,0.10099009900990098,0.1308729634998678,0.22466442305999795,0.6484656952356532,0,0
207,0.2,0.06336633663366338,0.10504385908811757,0.09667550266855758,1.014683561115634,0,0
208,0.2,0.07128712871287131,0.11461224656227949,0.13071259900090526,0.8836825500410104,0,0
209,0.0,0.041584158415841586,0.09039772047931348,1.0,-0.0,0,0
210,0.0,0.02772277227722772,0.07461957893630407,1.0,-0.0,0,0
211,0.0,0.02772277227722772,0.07461957893630407,1.0,-0.0,0,0
212,0.0,0.03762376237623763,0.08307396817189318,1.0,-0.0,0,0
213,0.0,0.0297029702970297,0.07112192077650681,1.0,-0.0,0,0
214,0.0,0.0297029702970297,0.07112192077650681,1.0,-0.0,0,0
215,0.0,0.009900990099009901,0.04338396495090425,1.0,-0.0,0,0
216,1.0,0.0891089108910891,0.13923481846532235,3.032612195074902e-11,10.51818312292616,0,0
217,1.0,0.07920792079207921,0.1292145592164392,5.163835750459031e-13,12.287027580077917,0,0
218,1.0,0.07920792079207921,0.1292145592164392,5.163835750459031e-13,12.287027580077917,0,0
219,1.0,0.07920792079207921,0.1292145592164392,5.163835750459031e-13,12.287027580077917,0,0
220,1.0,0.09702970297029703,0.13383560593042218,7.553877924481391e-12,11.121830037929529,0,0
221,0.0,0.09900990099009899,0.1308729634998678,1.0,-0.0,0,0
222,0.0,0.09900990099009899,0.1308729634998678,1.0,-0.0,0,0
223,0.0,0.09900990099009899,0.1308729634998678,1.0,-0.0,0,0
224,0.0,0.09900990099009899,0.1308729634998678,1.0,-0.0,0,0
225,0.0,0.0811881188118812,0.11664694237642093,1.0,-0.0,0,0
226,0.0,0.0,0.0,1.0,-0.0,0,0
227,0.0,0.009900990099009901,0.04338396495090424,1.0,-0.0,0,0
228,0.2,0.019801980198019802,0.059735061897023205,0.001278047474114718,2.8934530136556162,0,0
229,0.2,0.019801980198019802,0.059735061897023205,0.001278047474114718,2.8934530136556162,0,0
230,0.2,0.019801980198019802,0.059735061897023205,0.001278047474114718,2.8934530136556162,0,0
231,0.2,0.03564356435643565,0.08154954567118416,0.021930426384501912,1.6589529244266183,0,0
232,0.2,0.025742574257425745,0.07264925278354115,0.008228653963589664,2.084671200510098,0,0
233,0.0,0.015841584158415842,0.05401260078014202,1.0,-0.0,0,0
234,0.0,0.06336633663366337,0.10120342446875752,1.0,-0.0,0,0
235,0.0,0.09306930693069305,0.12762679639066946,1.0,-0.0,0,0
236,0.0,0.0891089108910891,0.12420120222231065,1.0,-0.0,0,0
237,0.0,0.0891089108910891,0.12420120222231065,1.0,-0.0,0,0
238,0.2,0.14851485148514848,0.1703891070439521,0.3812642067119665,0.41877396461129573,0,0
239,0.2,0.09900990099009901,0.1396566153069739,0.234799546255409,0.629302746687466,0,0
240,0.2,0.08712871287128712,0.1390657415135005,0.20849918060111988,0.6808956474581439,0,0
241,0.2,0.07524752475247526,0.1253951698929708,0.15989861775260455,0.7961552905064928,0,0
242,0.2,0.07524752475247526,0.1253951698929708,0.15989861775260455,0.7961552905064928,0,0
243,0.0,0.017821782178217824,0.05698017651460656,1.0,-0.0,0,0
244,0.0,0.017821782178217824,0.05698017651460656,1.0,-0.0,0,0
245,0.0,0.0,0.0,1.0,-0.0,0,0
246,0.2,0.021782178217821784,0.06230547612891991,0.002115616449879084,2.6745630648030154,0,0
247,0.6,0.1762376237623762,0.2054449481084029,0.019572633484619763,1.7083507363812154,0,0
248,2.0,0.36039603960396044,0.2404942138909133,4.6272877450862096e-12,11.334673493321027,0,0
249,2.0,0.36039603960396044,0.2404942138909133,4.6272877450862096e-12,11.334673493321027,0,0
250,2.0,0.36237623762376237,0.23833227705628676,3.183679398756285e-12,11.497070672831795,0,0
251,1.8,0.43564356435643564,0.2600777333973009,7.773685807975553e-08,7.109373016395767,0,0
252,1.4,0.28118811881188116,0.2146666175503786,9.347942751268349e-08,7.02928395598075,0,0
253,0.0,0.09702970297029702,0.1367627457412436,1.0,-0.0,0,0
254,0.0,0.12079207920792079,0.13810372890425895,1.0,-0.0,0,0
255,0.0,0.1188118811881188,0.13838736799727644,1.0,-0.0,0,0
256,0.0,0.023762376237623766,0.06471340450838887,1.0,-0.0,0,0
257,0.0,0.09108910891089106,0.12750384183766536,1.0,-0.0,0,0
258,0.0,0.14257425742574253,0.14981608173764543,1.0,-0.0,0,0
259,0.0,0.1168316831683168,0.1357555366416048,1.0,-0.0,0,0
260,0.0,0.1168316831683168,0.1357555366416048,1.0,-0.0,0,0
261,0.0,0.1168316831683168,0.1357555366416048,1.0,-0.0,0,0
262,0.0,0.06336633663366337,0.10504385908811757,1.0,-0.0,0,0
263,0.0,0.01386138613861386,0.05079507064705211,1.0,-0.0,0,0
264,0.0,0.025742574257425748,0.07264925278354116,1.0,-0.0,0,0
265,0.0,0.025742574257425748,0.07264925278354116,1.0,-0.0,0,0
266,0.0,0.09900990099009901,0.14521752172118105,1.0,-0.0,0,0
267,0.0,0.10099009900990098,0.13386490123687583,1.0,-0.0,0,0
268,0.0,0.2574257425742575,0.2360342879326945,1.0,-0.0,0,0
269,0.0,0.24554455445544554,0.2249421278600068,1.0,-0.0,0,0
270,0.0,0.24554455445544554,0.2249421278600068,1.0,-0.0,0,0
271,0.0,0.23762376237623767,0.21565074677325916,1.0,-0.0,0,0
272,0.0,0.25742574257425743,0.21124174816783503,1.0,-0.0,0,0
273,0.0,0.38217821782178235,0.24871791632645676,1.0,-0.0,0,0
274,0.0,0.4217821782178219,0.24680290785553646,1.0,-0.0,0,0
275,0.0,0.4217821782178219,0.24680290785553646,1.0,-0.0,0,0
276,0.0,0.47326732673267324,0.26806644998157625,1.0,-0.0,0,0
277,0.0,0.4376237623762377,0.24810229651165946,1.0,-0.0,0,0
278,0.0,0.17425742574257425,0.17272049494935865,1.0,-0.0,0,0
279,0.0,0.13465346534653463,0.15184387732816487,1.0,-0.0,0,0
280,0.0,0.26138613861386134,0.20439250583503635,1.0,-0.0,0,0
281,0.0,0.14455445544554454,0.14923915787260814,1.0,-0.0,0,0
282,0.0,0.15445544554455445,0.15384494732320814,1.0,-0.0,0,0
283,0.0,0.1386138613861386,0.13999313775947433,1.0,-0.0,0,0
284,0.0,0.1386138613861386,0.13999313775947433,1.0,-0.0,0,0
285,0.0,0.009900990099009901,0.04338396495090425,1.0,-0.0,0,0
286,0.0,0.22574257425742575,0.2118534265147639,1.0,-0.0,0,0
287,0.0,0.2158415841584159,0.2081187176757425,1.0,-0.0,0,0
288,0.0,0.2158415841584159,0.2081187176757425,1.0,-0.0,0,0
