,foreground,bg_means,bg_stdev,pvals,minus_logs,regs,active
2,0.0,0.0,0.0,1.0,-0.0,0,0
3,0.0,0.0,0.0,1.0,-0.0,0,0
4,0.0,0.0,0.0,1.0,-0.0,0,0
5,0.0,0.0,0.0,1.0,-0.0,0,0
6,0.0,0.0,0.0,1.0,-0.0,0,0
7,0.0,0.0,0.0,1.0,-0.0,0,0
8,0.0,0.0,0.0,1.0,-0.0,0,0
9,0.0,0.015841584158415842,0.054012600780142014,1.0,-0.0,0,0
10,0.0,0.015841584158415842,0.054012600780142014,1.0,-0.0,0,0
11,0.0,0.05148514851485149,0.10011267057239238,1.0,-0.0,0,0
12,0.0,0.05148514851485149,0.10011267057239238,1.0,-0.0,0,0
13,0.0,0.061386138613861385,0.12184253515180327,1.0,-0.0,0,0
14,0.0,0.04554455445544555,0.10856831811384397,1.0,-0.0,0,0
15,0.0,0.04554455445544555,0.10856831811384397,1.0,-0.0,0,0
16,0.0,0.025742574257425745,0.06697637435757531,1.0,-0.0,0,0
17,0.0,0.025742574257425745,0.06697637435757531,1.0,-0.0,0,0
18,0.0,0.015841584158415842,0.05401260078014202,1.0,-0.0,0,0
19,0.0,0.031683168316831684,0.0730260947112308,1.0,-0.0,0,0
20,0.0,0.13861386138613863,0.16588812705842176,1.0,-0.0,0,0
21,0.0,0.12277227722772277,0.1640340390410514,1.0,-0.0,0,0
22,0.0,0.22376237623762377,0.2092648683346203,1.0,-0.0,0,0
23,0.0,0.23564356435643566,0.22408633344052936,1.0,-0.0,0,0
24,0.0,0.3485148514851486,0.2795377589706344,1.0,-0.0,0,0
25,0.0,0.25742574257425743,0.21310831841325162,1.0,-0.0,0,0
26,0.2,0.2811881188118812,0.2289506286383308,1.0,-0.0,0,0
27,0.2,0.18217821782178217,0.201182661499228,0.4647058329204351,0.3328218762853664,0,0
28,0.2,0.17029702970297025,0.19778203547221818,0.4403111742451527,0.35624029284746955,0,0
29,0.2,0.05148514851485149,0.10399339410297727,0.07662893002971191,1.1156072384578783,0,0
30,0.2,0.03564356435643565,0.09500824186847646,0.041822493607302426,1.3785900765492924,0,0
31,0.0,0.011881188118811881,0.047276579747775535,1.0,-0.0,0,0
32,0.0,0.011881188118811881,0.047276579747775535,1.0,-0.0,0,0
33,0.0,0.2158415841584159,0.2174253818821514,1.0,-0.0,0,0
34,0.0,0.20396039603960398,0.21244488724065505,1.0,-0.0,0,0
35,0.0,0.20396039603960398,0.21244488724065505,1.0,-0.0,0,0
36,0.0,0.20396039603960398,0.21244488724065505,1.0,-0.0,0,0
37,0.0,0.20396039603960398,0.21244488724065505,1.0,-0.0,0,0
38,0.0,0.0,0.0,1.0,-0.0,0,0
39,0.0,0.03564356435643565,0.07653920035678292,1.0,-0.0,0,0
40,0.0,0.047524752475247525,0.08512548617902845,1.0,-0.0,0,0
41,0.0,0.047524752475247525,0.08512548617902845,1.0,-0.0,0,0
42,0.0,0.06534653465346536,0.10189845806153355,1.0,-0.0,0,0
43,0.0,0.32871287128712867,0.21724496082221748,1.0,-0.0,0,0
44,0.0,0.297029702970297,0.20607383351679517,1.0,-0.0,0,0
45,0.0,0.2871287128712871,0.20760938490425596,1.0,-0.0,0,0
46,0.0,0.3188118811881188,0.23576833372098557,1.0,-0.0,0,0
47,0.0,0.300990099009901,0.2365155676976814,1.0,-0.0,0,0
48,0.0,0.04356435643564357,0.09991664009142864,1.0,-0.0,0,0
49,0.0,0.03762376237623763,0.08771182015980238,1.0,-0.0,0,0
50,0.0,0.03564356435643565,0.08626938974571075,1.0,-0.0,0,0
51,0.0,0.0039603960396039604,0.02786385599895107,1.0,-0.0,0,0
52,0.0,0.13465346534653466,0.17144444215376922,1.0,-0.0,0,0
53,0.0,0.1306930693069307,0.17219754615690822,1.0,-0.0,0,0
54,0.0,0.1306930693069307,0.17219754615690822,1.0,-0.0,0,0
55,0.0,0.1306930693069307,0.17219754615690822,1.0,-0.0,0,0
56,0.0,0.1306930693069307,0.17219754615690822,1.0,-0.0,0,0
57,0.0,0.0,0.0,1.0,-0.0,0,0
58,0.0,0.0,0.0,1.0,-0.0,0,0
59,0.0,0.0,0.0,1.0,-0.0,0,0
60,0.0,0.0,0.0,1.0,-0.0,0,0
61,0.0,0.0,0.0,1.0,-0.0,0,0
62,0.0,0.0,0.0,1.0,-0.0,0,0
63,0.0,0.007920792079207921,0.03900537743285587,1.0,-0.0,0,0
64,0.0,0.007920792079207921,0.03900537743285587,1.0,-0.0,0,0
65,0.0,0.007920792079207921,0.03900537743285587,1.0,-0.0,0,0
66,0.0,0.007920792079207921,0.03900537743285587,1.0,-0.0,0,0
67,0.0,0.007920792079207921,0.03900537743285587,1.0,-0.0,0,0
68,0.0,0.0,0.0,1.0,-0.0,0,0
69,0.2,0.009900990099009901,0.04338396495090424,5.885669548817485e-06,5.230204125035219,0,0
70,0.2,0.009900990099009901,0.04338396495090424,5.885669548817485e-06,5.230204125035219,0,0
71,0.2,0.009900990099009901,0.04338396495090424,5.885669548817485e-06,5.230204125035219,0,0
72,0.2,0.009900990099009901,0.04338396495090424,5.885669548817485e-06,5.230204125035219,0,0
73,0.2,0.009900990099009901,0.04338396495090424,5.885669548817485e-06,5.230204125035219,0,0
74,0.0,0.017821782178217824,0.05698017651460656,1.0,-0.0,0,0
75,0.0,0.049504950495049514,0.09912864166957487,1.0,-0.0,0,0
76,0.0,0.29306930693069305,0.22438361147271751,1.0,-0.0,0,0
77,0.0,0.29306930693069305,0.22438361147271751,1.0,-0.0,0,0
78,0.0,0.29306930693069305,0.22438361147271751,1.0,-0.0,0,0
79,0.0,0.2752475247524752,0.21954315329164675,1.0,-0.0,0,0
80,0.0,0.2435643564356435,0.21360453956691963,1.0,-0.0,0,0
81,0.0,0.011881188118811883,0.04727657974777554,1.0,-0.0,0,0
82,0.0,0.011881188118811883,0.04727657974777554,1.0,-0.0,0,0
83,0.0,0.02772277227722773,0.06910862719451545,1.0,-0.0,0,0
84,0.0,0.02772277227722773,0.06910862719451545,1.0,-0.0,0,0
85,0.0,0.02772277227722773,0.06910862719451545,1.0,-0.0,0,0
86,0.0,0.015841584158415842,0.054012600780142014,1.0,-0.0,0,0
87,0.0,0.015841584158415842,0.054012600780142014,1.0,-0.0,0,0
88,0.0,0.0,0.0,1.0,-0.0,0,0
89,0.0,0.0,0.0,1.0,-0.0,0,0
90,0.0,0.17821782178217818,0.1843393128354381,1.0,-0.0,0,0
91,0.0,0.1900990099009901,0.18748198619476633,1.0,-0.0,0,0
92,0.0,0.1900990099009901,0.18748198619476633,1.0,-0.0,0,0
93,0.0,0.21782178217821785,0.1972062495766079,1.0,-0.0,0,0
94,0.0,0.21782178217821785,0.1972062495766079,1.0,-0.0,0,0
95,0.0,0.039603960396039604,0.08452453849668534,1.0,-0.0,0,0
96,0.0,0.05346534653465347,0.09704990696905227,1.0,-0.0,0,0
97,0.0,0.05346534653465347,0.09704990696905227,1.0,-0.0,0,0
98,0.0,0.025742574257425748,0.06697637435757531,1.0,-0.0,0,0
99,0.0,0.025742574257425748,0.06697637435757531,1.0,-0.0,0,0
100,0.0,0.025742574257425748,0.06697637435757531,1.0,-0.0,0,0
101,0.0,0.0,0.0,1.0,-0.0,0,0
102,0.0,0.0,0.0,1.0,-0.0,0,0
103,0.0,0.0,0.0,1.0,-0.0,0,0
104,0.0,0.0,0.0,1.0,-0.0,0,0
105,0.0,0.009900990099009901,0.04338396495090425,1.0,-0.0,0,0
106,0.0,0.025742574257425745,0.0669763743575753,1.0,-0.0,0,0
107,0.0,0.025742574257425745,0.0669763743575753,1.0,-0.0,0,0
108,0.0,0.23960396039603962,0.2180376967683296,1.0,-0.0,0,0
109,0.0,0.23960396039603962,0.2180376967683296,1.0,-0.0,0,0
110,0.0,0.22970297029702968,0.21320029835556073,1.0,-0.0,0,0
111,0.0,0.21386138613861383,0.20149427084221783,1.0,-0.0,0,0
112,0.0,0.2495049504950495,0.21508633420933893,1.0,-0.0,0,0
113,0.0,0.03564356435643564,0.09074407316744237,1.0,-0.0,0,0
114,0.0,0.07524752475247526,0.1403009075953929,1.0,-0.0,0,0
115,0.0,0.08514851485148513,0.1444594832462533,1.0,-0.0,0,0
116,0.0,0.08712871287128712,0.14464936528910635,1.0,-0.0,0,0
117,0.0,0.05148514851485149,0.1001126705723924,1.0,-0.0,0,0
118,0.0,0.05148514851485149,0.1001126705723924,1.0,-0.0,0,0
119,0.0,0.011881188118811883,0.047276579747775535,1.0,-0.0,0,0
120,0.0,0.009900990099009901,0.04338396495090424,1.0,-0.0,0,0
121,0.0,0.007920792079207921,0.03900537743285587,1.0,-0.0,0,0
122,0.0,0.007920792079207921,0.03900537743285587,1.0,-0.0,0,0
123,0.0,0.007920792079207921,0.03900537743285587,1.0,-0.0,0,0
124,0.0,0.007920792079207921,0.03900537743285587,1.0,-0.0,0,0
125,0.0,0.0,0.0,1.0,-0.0,0,0
126,0.0,0.0,0.0,1.0,-0.0,0,0
127,0.0,0.0,0.0,1.0,-0.0,0,0
128,0.0,0.0,0.0,1.0,-0.0,0,0
129,0.0,0.0,0.0,1.0,-0.0,0,0
130,0.0,0.0,0.0,1.0,-0.0,0,0
131,0.0,0.0,0.0,1.0,-0.0,0,0
132,0.0,0.0,0.0,1.0,-0.0,0,0
133,0.0,0.0,0.0,1.0,-0.0,0,0
134,0.0,0.0,0.0,1.0,-0.0,0,0
135,0.0,0.0,0.0,1.0,-0.0,0,0
136,0.0,0.015841584158415842,0.06090517425437506,1.0,-0.0,0,0
137,0.0,0.015841584158415842,0.06090517425437506,1.0,-0.0,0,0
138,0.0,0.015841584158415842,0.06090517425437506,1.0,-0.0,0,0
139,0.0,0.09900990099009901,0.14246420394934614,1.0,-0.0,0,0
140,0.0,0.09900990099009901,0.14246420394934614,1.0,-0.0,0,0
141,0.0,0.08316831683168317,0.12978985828256584,1.0,-0.0,0,0
142,0.0,0.10693069306930691,0.13661931335176508,1.0,-0.0,0,0
143,0.0,0.10693069306930691,0.13661931335176508,1.0,-0.0,0,0
144,0.0,0.04356435643564357,0.0916470215081674,1.0,-0.0,0,0
145,0.0,0.04356435643564357,0.0916470215081674,1.0,-0.0,0,0
146,0.0,0.07722772277227723,0.11930590361498669,1.0,-0.0,0,0
147,0.0,0.05346534653465347,0.10104832334394513,1.0,-0.0,0,0
148,0.2,0.08514851485148514,0.1269490726718781,0.18281079492823915,0.737998162872722,0,0
149,0.2,0.06534653465346535,0.10939585993610405,0.10918337986089162,0.9618434658808062,0,0
150,0.2,0.06534653465346535,0.10939585993610405,0.10918337986089162,0.9618434658808062,0,0
151,0.2,0.031683168316831684,0.07826167463512675,0.015750221703151112,1.8027133286186672,0,0
152,0.2,0.031683168316831684,0.07826167463512675,0.015750221703151112,1.8027133286186672,0,0
153,0.0,0.0,0.0,1.0,-0.0,0,0
154,0.0,0.0,0.0,1.0,-0.0,0,0
155,0.0,0.0,0.0,1.0,-0.0,0,0
156,0.0,0.0,0.0,1.0,-0.0,0,0
157,0.0,0.0,0.0,1.0,-0.0,0,0
158,0.0,0.011881188118811883,0.047276579747775535,1.0,-0.0,0,0
159,0.0,0.011881188118811883,0.047276579747775535,1.0,-0.0,0,0
160,0.0,0.011881188118811883,0.047276579747775535,1.0,-0.0,0,0
161,0.0,0.017821782178217824,0.05698017651460656,1.0,-0.0,0,0
162,0.2,0.04752475247524753,0.09809478080396702,0.06004850186537829,1.2214978232271951,0,0
163,0.2,0.04752475247524753,0.09809478080396702,0.06004850186537829,1.2214978232271951,0,0
164,0.2,0.04752475247524753,0.09809478080396702,0.06004850186537829,1.2214978232271951,0,0
165,0.4,0.1900990099009901,0.19975477565019395,0.14667675509195893,0.8336387064374007,0,0
166,0.4,0.1900990099009901,0.18958263199843847,0.13410932001388975,0.8725410395238375,0,0
167,0.4,0.17425742574257425,0.18382808657861666,0.10972176462621432,0.959707216367683,0,0
168,0.6,0.19207920792079203,0.18438185104134303,0.013470570671531257,1.8706140052980125,0,0
169,0.8,0.2158415841584158,0.19434208548729182,0.0013243042977814873,2.8780122115254994,0,0
170,0.6,0.08712871287128714,0.13618810981425267,8.297392246778423e-05,4.081058378802865,0,0
171,0.6,0.10099009900990098,0.14246420394934614,0.0002302806976900411,3.637742463416678,0,0
172,0.4,0.08712871287128714,0.1390657415135005,0.012230552150717812,1.912553936210074,0,0
173,0.2,0.22178217821782173,0.18647536422960084,1.0,-0.0,0,0
174,0.0,0.2574257425742574,0.19566921706195048,1.0,-0.0,0,0
175,0.0,0.3346534653465346,0.22883070986019358,1.0,-0.0,0,0
176,0.2,0.4237623762376238,0.25838359496842855,1.0,-0.0,0,0
177,0.2,0.4237623762376238,0.25838359496842855,1.0,-0.0,0,0
178,0.4,0.36435643564356446,0.28339670911252696,0.44995593306152193,0.34683001725873835,0,0
179,1.2,0.45148514851485155,0.3039716836037507,0.006899584555906252,2.161177058611919,0,0
180,1.4,0.4851485148514853,0.3125703528297131,0.0017119827823119762,2.766500607406822,0,0
181,1.2,0.3752475247524753,0.2902392118884619,0.002244176860839339,2.6489429198490884,0,0
182,1.4,0.4871287128712873,0.3151813453596195,0.0018877356049846975,2.7240588327800004,0,0
183,1.8,0.4534653465346536,0.2923324963172889,2.0507157451492315e-06,5.688094534106829,0,0
184,1.2,0.3445544554455445,0.26117603316907,0.0005276369307664094,3.277664814591271,0,0
185,1.0,0.2356435643564356,0.22759359228823137,0.0003919372982555044,3.406783405427808,0,0
186,1.0,0.2356435643564356,0.22759359228823137,0.0003919372982555044,3.406783405427808,0,0
187,0.8,0.12277227722772276,0.15407416763506465,5.526775286241811e-06,5.257528193085886,0,0
188,0.2,0.05346534653465347,0.11219180573635876,0.09575785812452149,1.0188255766273808,0,0
189,0.0,0.015841584158415842,0.05401260078014202,1.0,-0.0,0,0
190,0.0,0.0,0.0,1.0,-0.0,0,0
191,0.0,0.0,0.0,1.0,-0.0,0,0
192,0.0,0.0,0.0,1.0,-0.0,0,0
193,0.0,0.0,0.0,1.0,-0.0,0,0
194,0.0,0.0,0.0,1.0,-0.0,0,0
195,0.0,0.0,0.0,1.0,-0.0,0,0
196,0.0,0.0,0.0,1.0,-0.0,0,0
197,0.0,0.0,0.0,1.0,-0.0,0,0
198,0.0,0.0,0.0,1.0,-0.0,0,0
199,0.0,0.0,0.0,1.0,-0.0,0,0
200,0.0,0.027722772277227727,0.07461957893630405,1.0,-0.0,0,0
201,0.0,0.027722772277227727,0.07461957893630405,1.0,-0.0,0,0
202,0.0,0.07722772277227724,0.122580495370631,1.0,-0.0,0,0
203,0.0,0.07722772277227724,0.122580495370631,1.0,-0.0,0,0
204,0.4,0.17623762376237617,0.1808388127814792,0.10797707685899911,0.966668433867835,0,0
205,0.4,0.15049504950495046,0.17212921831366915,0.0735960426201354,1.1331455377609383,0,0
206,0.6,0.2435643564356436,0.20986362454640434,0.04471467951449682,1.3495498776386108,0,0
207,0.6,0.2059405940594059,0.19792076731434868,0.023240677416941427,1.6337512173250832,0,0
208,0.6,0.2059405940594059,0.19792076731434868,0.023240677416941427,1.6337512173250832,0,0
209,0.2,0.11485148514851484,0.14445948324625327,0.2777869816875792,0.5562881110596215,0,0
210,0.2,0.11881188118811879,0.1467218499235066,0.29001285727972087,0.537582747887742,0,0
211,0.0,0.025742574257425745,0.07791016068477624,1.0,-0.0,0,0
212,0.2,0.15049504950495046,0.15261662469701143,0.3728272387617476,0.42849236559978,0,0
213,0.2,0.15049504950495046,0.15261662469701143,0.3728272387617476,0.42849236559978,0,0
214,0.2,0.14257425742574256,0.14714883329235087,0.3481735588406644,0.4582042133611824,0,0
215,0.2,0.13663366336633662,0.1433149079027503,0.3291912157148078,0.48255176221276325,0,0
216,0.2,0.13663366336633662,0.1433149079027503,0.3291912157148078,0.48255176221276325,0,0
217,0.2,0.10099009900990097,0.14521752172118105,0.2476814172531363,0.6061065759218802,0,0
218,0.2,0.10495049504950493,0.1556692594616519,0.27073677331386,0.5674527513863681,0,0
219,0.2,0.10495049504950493,0.1556692594616519,0.27073677331386,0.5674527513863681,0,0
220,0.4,0.13465346534653466,0.17823982262440538,0.0682825194752243,1.1656904627476925,0,0
221,0.4,0.13465346534653466,0.17823982262440538,0.0682825194752243,1.1656904627476925,0,0
222,0.2,0.033663366336633666,0.07994704648786674,0.018735949469970602,1.7273242935431963,0,0
223,0.2,0.0297029702970297,0.07648795214189293,0.012991839772286904,1.8863293442020952,0,0
224,0.2,0.0297029702970297,0.07648795214189293,0.012991839772286904,1.8863293442020952,0,0
225,0.0,0.0,0.0,1.0,-0.0,0,0
226,0.0,0.0891089108910891,0.12420120222231065,1.0,-0.0,0,0
227,0.2,0.21584158415841584,0.1860121753000773,1.0,-0.0,0,0
228,0.2,0.23564356435643566,0.20371993900374946,1.0,-0.0,0,0
229,0.2,0.2495049504950495,0.21323707922331572,1.0,-0.0,0,0
230,0.4,0.35049504950495053,0.24276613950537687,0.4192078801815118,0.3775705621713223,0,0
231,0.4,0.2594059405940594,0.19809899406573941,0.2389400812784947,0.6217109929122775,0,0
232,0.2,0.13465346534653463,0.15184387732816487,0.3334692801441096,0.4769441679795172,0,0
233,0.4,0.22970297029702966,0.21320029835556073,0.2122132173388231,0.6732275703001221,0,0
234,0.4,0.2158415841584158,0.21001304686832245,0.19027309692313266,0.7206226130991712,0,0
235,0.4,0.15247524752475247,0.16203780234042603,0.06330915635285934,1.198533473774992,0,0
236,0.4,0.1782178217821782,0.17096346688435152,0.09727277127191471,1.012008711029464,0,0
237,0.4,0.21188118811881182,0.18630706513012396,0.156313645776745,0.8060031075415334,0,0
238,0.2,0.11683168316831684,0.14146987009498416,0.27830402559675094,0.555480511661606,0,0
239,0.4,0.14455445544554454,0.1465614104551551,0.040673359281327086,1.3906899570005111,0,0
240,0.2,0.10693069306930691,0.1306930693069307,0.23819485997038664,0.6230676144341947,0,0
241,0.6,0.2059405940594059,0.2038353937815092,0.026604325676109774,1.575047744401575,0,0
242,0.6,0.17227722772277226,0.18674852677785872,0.011000008481364116,1.9586069799864827,0,0
243,1.0,0.17227722772277226,0.19300582861007848,8.990566686148299e-06,5.046212933304507,0,0
244,0.8,0.1465346534653465,0.17551302816760664,9.836735542048936e-05,4.007149004342671,0,0
245,1.8,0.22970297029702966,0.20174709904079255,3.5374672063682863e-15,14.451307577519755,0,0
246,1.4,0.12079207920792079,0.15689867556071532,1.8738100917299697e-16,15.727274426411434,0,0
247,1.8,0.2514851485148515,0.19630944524980165,1.5437139609529427e-15,14.81143316817648,0,0
248,1.6,0.24752475247524752,0.19730564288445387,3.5725871413931718e-12,11.447017169236881,0,0
249,1.6,0.25742574257425743,0.20164989494021335,1.3883979256955107e-11,10.85748604384798,0,0
250,0.6,0.1742574257425742,0.18166090995928263,0.00954902974467942,2.0200407538548504,0,0
251,0.6,0.1584158415841584,0.17421241542909127,0.005626450264844199,2.249765515734178,0,0
252,0.2,0.05544554455445545,0.10575073206193021,0.0858227237563678,1.0663977063776964,0,0
253,0.0,0.06336633663366338,0.11233152161332938,1.0,-0.0,0,0
254,0.0,0.06732673267326733,0.11698261772468857,1.0,-0.0,0,0
255,0.0,0.09900990099009899,0.15318082856090076,1.0,-0.0,0,0
256,0.0,0.11287128712871286,0.16268986856589096,1.0,-0.0,0,0
257,0.2,0.17821782178217818,0.18647536422960087,0.45350532886441747,0.3434176054444277,0,0
258,0.2,0.15247524752475244,0.1715359035858037,0.3908692221511384,0.40796852546483764,0,0
259,0.4,0.22574257425742572,0.24480886274099947,0.23829118285269357,0.6228920269328739,0,0
260,0.4,0.2514851485148515,0.2694379413424898,0.29074745280412484,0.5364840813732326,0,0
261,0.6,0.2851485148514851,0.2630311274030943,0.11565088743982867,0.9368510303491171,0,0
262,0.8,0.2732673267326733,0.2383487290824725,0.013555204587804416,1.867893923256199,0,0
263,0.8,0.2950495049504951,0.25265961041958934,0.022829040231237146,1.6415123465491612,0,0
264,0.6,0.2079207920792079,0.20666286139643167,0.02890127543743423,1.5390829910421668,0,0
265,0.6,0.15049504950495046,0.17212921831366915,0.00450810380798862,2.3460060920230994,0,0
266,0.4,0.11089108910891088,0.14752142995793407,0.025011007431449534,1.6018688147425992,0,0
267,0.0,0.07920792079207921,0.11631029826208643,1.0,-0.0,0,0
268,0.0,0.08118811881188118,0.12951766673875514,1.0,-0.0,0,0
269,0.0,0.09702970297029703,0.14519051706790778,1.0,-0.0,0,0
270,0.0,0.12475247524752472,0.16614793634378636,1.0,-0.0,0,0
271,0.0,0.13465346534653466,0.1667604219518994,1.0,-0.0,0,0
272,0.0,0.08712871287128712,0.13024224675172555,1.0,-0.0,0,0
273,0.0,0.06336633663366338,0.10874875419996817,1.0,-0.0,0,0
274,0.0,0.04752475247524754,0.09809478080396702,1.0,-0.0,0,0
275,0.0,0.05346534653465347,0.11219180573635876,1.0,-0.0,0,0
276,0.0,0.033663366336633666,0.09777447046042384,1.0,-0.0,0,0
277,0.0,0.04554455445544554,0.11900973624805324,1.0,-0.0,0,0
278,0.0,0.04554455445544554,0.11900973624805324,1.0,-0.0,0,0
279,0.0,0.057425742574257435,0.12375841577821578,1.0,-0.0,0,0
280,0.0,0.023762376237623766,0.07056843438101175,1.0,-0.0,0,0
281,0.0,0.023762376237623766,0.07056843438101175,1.0,-0.0,0,0
282,0.0,0.011881188118811883,0.04727657974777555,1.0,-0.0,0,0
283,0.0,0.0613861386138614,0.0964419458367202,1.0,-0.0,0,0
284,0.0,0.10297029702970295,0.14243667729389656,1.0,-0.0,0,0
285,0.0,0.10693069306930691,0.14505541839059355,1.0,-0.0,0,0
286,0.0,0.10693069306930691,0.14505541839059355,1.0,-0.0,0,0
287,0.0,0.11683168316831684,0.15225649732072147,1.0,-0.0,0,0
288,0.0,0.09900990099009899,0.13679141417164786,1.0,-0.0,0,0
289,0.0,0.04554455445544555,0.09700949476369024,1.0,-0.0,0,0
290,0.0,0.20396039603960398,0.19290421984883255,1.0,-0.0,0,0
291,0.0,0.35841584158415846,0.2832859964570225,1.0,-0.0,0,0
292,0.0,0.34752475247524756,0.2781103347562008,1.0,-0.0,0,0
293,0.0,0.3346534653465347,0.2565713162256716,1.0,-0.0,0,0
294,0.0,0.3425742574257426,0.2584594629546096,1.0,-0.0,0,0
295,0.0,0.19405940594059404,0.21517746862900786,1.0,-0.0,0,0
296,0.0,0.039603960396039604,0.0890869059738772,1.0,-0.0,0,0
297,0.0,0.11287128712871286,0.15521519162190436,1.0,-0.0,0,0
298,0.0,0.1089108910891089,0.15801930568918815,1.0,-0.0,0,0
299,0.0,0.10099009900990097,0.15318082856090073,1.0,-0.0,0,0
300,0.0,0.08712871287128712,0.14736186103080445,1.0,-0.0,0,0
301,0.0,0.08712871287128712,0.14736186103080445,1.0,-0.0,0,0
302,0.0,0.01386138613861386,0.05079507064705211,1.0,-0.0,0,0
303,0.0,0.0,0.0,1.0,-0.0,0,0
304,0.0,0.0,0.0,1.0,-0.0,0,0
305,0.0,0.0,0.0,1.0,-0.0,0,0
306,0.0,0.0,0.0,1.0,-0.0,0,0
307,0.0,0.011881188118811881,0.047276579747775535,1.0,-0.0,0,0
308,0.0,0.041584158415841586,0.08590499787518362,1.0,-0.0,0,0
309,0.0,0.041584158415841586,0.08590499787518362,1.0,-0.0,0,0
310,0.0,0.041584158415841586,0.08590499787518362,1.0,-0.0,0,0
311,0.0,0.05346534653465348,0.09287951999650357,1.0,-0.0,0,0
312,0.0,0.1742574257425742,0.16569891898195668,1.0,-0.0,0,0
313,0.0,0.14455445544554452,0.15186969892129912,1.0,-0.0,0,0
314,0.0,0.14455445544554452,0.15186969892129912,1.0,-0.0,0,0
315,0.2,0.15049504950495046,0.1602125830191587,0.3786625146087016,0.42174768538449225,0,0
316,0.2,0.1386138613861386,0.15856428688449584,0.3493273088636949,0.45676746181379035,0,0
317,0.2,0.0059405940594059415,0.033953323167291584,5.469865928325272e-09,8.262023318511561,0,0
318,0.2,0.0059405940594059415,0.033953323167291584,5.469865928325272e-09,8.262023318511561,0,0
319,0.2,0.0059405940594059415,0.033953323167291584,5.469865928325272e-09,8.262023318511561,0,0
320,0.0,0.0,0.0,1.0,-0.0,0,0
321,0.0,0.025742574257425748,0.0669763743575753,1.0,-0.0,0,0
322,0.0,0.04752475247524753,0.08965727859541997,1.0,-0.0,0,0
323,0.0,0.04752475247524753,0.08965727859541997,1.0,-0.0,0,0
324,0.0,0.04752475247524753,0.08965727859541997,1.0,-0.0,0,0
325,0.0,0.04752475247524753,0.08965727859541997,1.0,-0.0,0,0
326,0.0,0.021782178217821784,0.06836703565002801,1.0,-0.0,0,0
327,0.0,0.0,0.0,1.0,-0.0,0,0
328,0.0,0.0,0.0,1.0,-0.0,0,0
329,0.0,0.0,0.0,1.0,-0.0,0,0
330,0.0,0.0,0.0,1.0,-0.0,0,0
331,0.0,0.0,0.0,1.0,-0.0,0,0
332,0.0,0.0,0.0,1.0,-0.0,0,0
333,0.0,0.031683168316831684,0.07826167463512675,1.0,-0.0,0,0
334,0.0,0.041584158415841586,0.09039772047931348,1.0,-0.0,0,0
335,0.0,0.041584158415841586,0.09039772047931348,1.0,-0.0,0,0
336,0.0,0.05148514851485149,0.096075322540263,1.0,-0.0,0,0
337,0.0,0.08316831683168316,0.12670172889541698,1.0,-0.0,0,0
338,0.0,0.10693069306930691,0.13948804962658473,1.0,-0.0,0,0
339,0.0,0.09702970297029702,0.1367627457412436,1.0,-0.0,0,0
340,0.0,0.11287128712871286,0.14736186103080443,1.0,-0.0,0,0
341,0.0,0.10297029702970295,0.13383560593042218,1.0,-0.0,0,0
342,0.0,0.0712871287128713,0.10747934055534188,1.0,-0.0,0,0
343,0.0,0.015841584158415842,0.05401260078014202,1.0,-0.0,0,0
344,0.0,0.015841584158415842,0.05401260078014202,1.0,-0.0,0,0
345,0.0,0.0,0.0,1.0,-0.0,0,0
346,0.0,0.0,0.0,1.0,-0.0,0,0
347,0.0,0.0,0.0,1.0,-0.0,0,0
348,0.0,0.021782178217821784,0.06836703565002801,1.0,-0.0,0,0
349,0.0,0.021782178217821784,0.06836703565002801,1.0,-0.0,0,0
350,0.0,0.041584158415841586,0.09039772047931348,1.0,-0.0,0,0
351,0.0,0.041584158415841586,0.09039772047931348,1.0,-0.0,0,0
352,0.0,0.0712871287128713,0.10747934055534188,1.0,-0.0,0,0
353,0.0,0.10693069306930691,0.13948804962658473,1.0,-0.0,0,0
354,0.0,0.10693069306930691,0.13948804962658473,1.0,-0.0,0,0
355,0.0,0.13564356435643563,0.16385465572011298,1.0,-0.0,0,0
356,0.0,0.13564356435643563,0.16385465572011298,1.0,-0.0,0,0
357,0.0,0.12673267326732673,0.14818445096134422,1.0,-0.0,0,0
358,0.0,0.06930693069306931,0.10693069306930694,1.0,-0.0,0,0
359,0.0,0.1782178217821782,0.19067569294591244,1.0,-0.0,0,0
360,0.0,0.21980198019801983,0.21155707606157345,1.0,-0.0,0,0
361,0.0,0.21980198019801983,0.21155707606157345,1.0,-0.0,0,0
362,0.0,0.21782178217821782,0.2126662609241008,1.0,-0.0,0,0
363,0.2,0.22376237623762377,0.213016298754221,1.0,-0.0,0,0
364,0.2,0.1485148514851485,0.16804870898437327,0.3796613252210773,0.4206036406756712,0,0
365,0.2,0.057425742574257435,0.10277971700879984,0.08269301175340933,1.0825311903890305,0,0
366,0.2,0.057425742574257435,0.10277971700879984,0.08269301175340933,1.0825311903890305,0,0
367,0.8,0.1396039603960396,0.16049379736991784,1.937777193258798e-05,4.712696159845107,0,0
368,0.6,0.13267326732673268,0.15989409297573348,0.001734904715838299,2.760724372470796,0,0
369,0.8,0.1277227722772277,0.1476675500000171,2.648841368340238e-06,5.576944049599088,0,0
370,0.8,0.1277227722772277,0.1476675500000171,2.648841368340238e-06,5.576944049599088,0,0
371,0.8,0.1277227722772277,0.1476675500000171,2.648841368340238e-06,5.576944049599088,0,0
372,0.2,0.025742574257425745,0.0669763743575753,0.0046371400013480064,2.3337497919853587,0,0
373,0.2,0.03762376237623763,0.07816140339006157,0.018880122929825723,1.7239951823064261,0,0
374,0.0,0.02970297029702971,0.07112192077650681,1.0,-0.0,0,0
375,0.0,0.02970297029702971,0.07112192077650681,1.0,-0.0,0,0
376,0.0,0.02970297029702971,0.07112192077650681,1.0,-0.0,0,0
377,0.0,0.02970297029702971,0.07112192077650681,1.0,-0.0,0,0
378,0.0,0.017821782178217824,0.05698017651460657,1.0,-0.0,0,0
379,0.0,0.0,0.0,1.0,-0.0,0,0
380,0.0,0.03762376237623763,0.07816140339006158,1.0,-0.0,0,0
381,0.0,0.03762376237623763,0.07816140339006158,1.0,-0.0,0,0
382,0.0,0.03762376237623763,0.07816140339006158,1.0,-0.0,0,0
383,0.0,0.03762376237623763,0.07816140339006158,1.0,-0.0,0,0
384,0.0,0.047524752475247525,0.08512548617902845,1.0,-0.0,0,0
385,0.0,0.019801980198019802,0.059735061897023205,1.0,-0.0,0,0
386,0.0,0.0891089108910891,0.12734998170941406,1.0,-0.0,0,0
387,0.0,0.12277227722772276,0.1488445185977516,1.0,-0.0,0,0
388,0.0,0.16633663366336632,0.16666633990099655,1.0,-0.0,0,0
389,0.0,0.15643564356435644,0.16793200037318168,1.0,-0.0,0,0
390,0.0,0.16237623762376235,0.16341133493685353,1.0,-0.0,0,0
391,0.0,0.0910891089108911,0.11781762202489916,1.0,-0.0,0,0
392,0.0,0.057425742574257435,0.09048443294095733,1.0,-0.0,0,0
393,0.0,0.015841584158415842,0.054012600780142014,1.0,-0.0,0,0
394,0.0,0.015841584158415842,0.054012600780142014,1.0,-0.0,0,0
395,0.0,0.017821782178217824,0.05698017651460656,1.0,-0.0,0,0
396,0.0,0.017821782178217824,0.05698017651460656,1.0,-0.0,0,0
397,0.0,0.02772277227722772,0.07461957893630407,1.0,-0.0,0,0
398,0.0,0.02772277227722772,0.07461957893630407,1.0,-0.0,0,0
399,0.0,0.02772277227722772,0.07461957893630407,1.0,-0.0,0,0
400,0.0,0.009900990099009901,0.04338396495090424,1.0,-0.0,0,0
401,0.0,0.13069306930693067,0.1419402846531281,1.0,-0.0,0,0
402,0.0,0.13069306930693067,0.1474150698648297,1.0,-0.0,0,0
403,0.0,0.13069306930693067,0.1474150698648297,1.0,-0.0,0,0
404,0.0,0.13069306930693067,0.1474150698648297,1.0,-0.0,0,0
405,0.0,0.13069306930693067,0.1474150698648297,1.0,-0.0,0,0
406,0.0,0.009900990099009901,0.04338396495090424,1.0,-0.0,0,0
407,0.0,0.0,0.0,1.0,-0.0,0,0
408,0.0,0.0,0.0,1.0,-0.0,0,0
409,0.0,0.0,0.0,1.0,-0.0,0,0
410,0.0,0.0,0.0,1.0,-0.0,0,0
411,0.0,0.0,0.0,1.0,-0.0,0,0
412,0.0,0.0,0.0,1.0,-0.0,0,0
413,0.0,0.0,0.0,1.0,-0.0,0,0
414,0.0,0.013861386138613863,0.05079507064705211,1.0,-0.0,0,0
415,0.0,0.013861386138613863,0.05079507064705211,1.0,-0.0,0,0
416,0.0,0.05544554455445545,0.1019369320889802,1.0,-0.0,0,0
417,0.0,0.23168316831683167,0.2229108479916085,1.0,-0.0,0,0
418,0.0,0.23168316831683167,0.2229108479916085,1.0,-0.0,0,0
419,0.0,0.21782178217821782,0.21079577635122798,1.0,-0.0,0,0
420,0.0,0.21782178217821782,0.21079577635122798,1.0,-0.0,0,0
421,0.0,0.1762376237623762,0.1808388127814792,1.0,-0.0,0,0
422,0.0,0.0,0.0,1.0,-0.0,0,0
423,0.0,0.0,0.0,1.0,-0.0,0,0
424,0.0,0.0,0.0,1.0,-0.0,0,0
425,0.0,0.0,0.0,1.0,-0.0,0,0
426,0.0,0.0,0.0,1.0,-0.0,0,0
427,0.0,0.009900990099009901,0.04338396495090424,1.0,-0.0,0,0
428,0.0,0.009900990099009901,0.04338396495090424,1.0,-0.0,0,0
429,0.0,0.009900990099009901,0.04338396495090424,1.0,-0.0,0,0
430,0.0,0.009900990099009901,0.04338396495090424,1.0,-0.0,0,0
431,0.0,0.19207920792079206,0.20083152306547483,1.0,-0.0,0,0
432,0.0,0.18217821782178217,0.1931479910747968,1.0,-0.0,0,0
433,0.0,0.18217821782178217,0.1931479910747968,1.0,-0.0,0,0
434,0.0,0.18415841584158418,0.19434208548729187,1.0,-0.0,0,0
435,0.0,0.18415841584158418,0.19434208548729187,1.0,-0.0,0,0
436,0.0,0.0019801980198019802,0.0198019801980198,1.0,-0.0,0,0
437,0.0,0.019801980198019802,0.059735061897023205,1.0,-0.0,0,0
438,0.0,0.21188118811881182,0.17535656953133033,1.0,-0.0,0,0
439,0.0,0.20990099009900987,0.17660435755646176,1.0,-0.0,0,0
440,0.0,0.22178217821782176,0.1843393128354381,1.0,-0.0,0,0
441,0.0,0.22178217821782176,0.1843393128354381,1.0,-0.0,0,0
442,0.0,0.21386138613861383,0.18510350488002839,1.0,-0.0,0,0
443,0.0,0.021782178217821784,0.06230547612891991,1.0,-0.0,0,0
444,0.0,0.021782178217821784,0.06230547612891991,1.0,-0.0,0,0
445,0.0,0.16435643564356434,0.19578941931577468,1.0,-0.0,0,0
446,0.0,0.16831683168316827,0.19847472496357746,1.0,-0.0,0,0
447,0.0,0.1574257425742574,0.19157840193976755,1.0,-0.0,0,0
448,0.0,0.1574257425742574,0.19157840193976755,1.0,-0.0,0,0
449,0.0,0.1574257425742574,0.19157840193976755,1.0,-0.0,0,0
450,0.0,0.025742574257425748,0.0669763743575753,1.0,-0.0,0,0
451,0.0,0.021782178217821784,0.06230547612891991,1.0,-0.0,0,0
452,0.0,0.021782178217821784,0.06230547612891991,1.0,-0.0,0,0
453,0.0,0.021782178217821784,0.06230547612891991,1.0,-0.0,0,0
454,0.0,0.021782178217821784,0.06230547612891991,1.0,-0.0,0,0
455,0.0,0.0,0.0,1.0,-0.0,0,0
456,0.0,0.0,0.0,1.0,-0.0,0,0
457,0.0,0.0,0.0,1.0,-0.0,0,0
458,0.0,0.0,0.0,1.0,-0.0,0,0
459,0.0,0.0,0.0,1.0,-0.0,0,0
460,0.0,0.0,0.0,1.0,-0.0,0,0
461,0.0,0.0,0.0,1.0,-0.0,0,0
462,0.0,0.0,0.0,1.0,-0.0,0,0
463,0.0,0.0,0.0,1.0,-0.0,0,0
464,0.0,0.0,0.0,1.0,-0.0,0,0
465,0.0,0.0,0.0,1.0,-0.0,0,0
466,0.0,0.025742574257425748,0.07264925278354116,1.0,-0.0,0,0
467,0.0,0.025742574257425748,0.07264925278354116,1.0,-0.0,0,0
468,0.0,0.16831683168316827,0.17740187251029735,1.0,-0.0,0,0
469,0.0,0.16831683168316827,0.17740187251029735,1.0,-0.0,0,0
470,0.2,0.1841584158415841,0.1881292336873445,0.4664463790492258,0.33119827393568985,0,0
471,0.2,0.1584158415841584,0.17421241542909127,0.4056698765562471,0.3918272400923491,0,0
472,0.2,0.1584158415841584,0.17421241542909127,0.4056698765562471,0.3918272400923491,0,0
473,0.4,0.03762376237623763,0.07816140339006158,1.773886841056072e-06,5.751074087927284,0,0
474,0.4,0.06336633663366338,0.10120342446875752,0.0004400246430833574,3.3565230006605695,0,0
475,0.2,0.047524752475247525,0.0939707763778588,0.05233944412570533,1.2811708941229774,0,0
476,0.2,0.047524752475247525,0.0939707763778588,0.05233944412570533,1.2811708941229774,0,0
477,0.2,0.047524752475247525,0.0939707763778588,0.05233944412570533,1.2811708941229774,0,0
478,0.0,0.025742574257425748,0.07264925278354115,1.0,-0.0,0,0
479,0.0,0.013861386138613863,0.05079507064705211,1.0,-0.0,0,0
480,0.0,0.013861386138613863,0.05079507064705211,1.0,-0.0,0,0
481,0.0,0.013861386138613863,0.05079507064705211,1.0,-0.0,0,0
482,0.0,0.013861386138613863,0.05079507064705211,1.0,-0.0,0,0
483,0.0,0.013861386138613863,0.05079507064705211,1.0,-0.0,0,0
484,0.0,0.0,0.0,1.0,-0.0,0,0
485,0.0,0.0,0.0,1.0,-0.0,0,0
486,0.0,0.0,0.0,1.0,-0.0,0,0
487,0.0,0.015841584158415842,0.05401260078014202,1.0,-0.0,0,0
488,0.0,0.03762376237623763,0.08307396817189318,1.0,-0.0,0,0
489,0.0,0.0712871287128713,0.11110305060677653,1.0,-0.0,0,0
490,0.0,0.0712871287128713,0.11110305060677653,1.0,-0.0,0,0
491,0.0,0.0712871287128713,0.11110305060677653,1.0,-0.0,0,0
492,0.0,0.2574257425742574,0.20164989494021335,1.0,-0.0,0,0
493,0.0,0.2356435643564356,0.20565479025690644,1.0,-0.0,0,0
494,0.0,0.20198019801980197,0.18129359046727286,1.0,-0.0,0,0
495,0.0,0.20198019801980197,0.18129359046727286,1.0,-0.0,0,0
496,0.0,0.20198019801980197,0.18129359046727286,1.0,-0.0,0,0
497,0.0,0.009900990099009901,0.04338396495090424,1.0,-0.0,0,0
498,0.0,0.021782178217821784,0.06230547612891991,1.0,-0.0,0,0
499,0.0,0.021782178217821784,0.06230547612891991,1.0,-0.0,0,0
500,0.0,0.021782178217821784,0.06230547612891991,1.0,-0.0,0,0
501,0.0,0.021782178217821784,0.06230547612891991,1.0,-0.0,0,0
502,0.0,0.01782178217821782,0.05698017651460657,1.0,-0.0,0,0
503,0.0,0.015841584158415842,0.05401260078014202,1.0,-0.0,0,0
504,0.0,0.015841584158415842,0.05401260078014202,1.0,-0.0,0,0
505,0.0,0.015841584158415842,0.05401260078014202,1.0,-0.0,0,0
506,0.0,0.0297029702970297,0.07112192077650681,1.0,-0.0,0,0
507,0.0,0.023762376237623766,0.06471340450838887,1.0,-0.0,0,0
508,0.0,0.01386138613861386,0.05079507064705211,1.0,-0.0,0,0
509,0.0,0.01386138613861386,0.05079507064705211,1.0,-0.0,0,0
510,0.0,0.05148514851485149,0.09186070102766894,1.0,-0.0,0,0
511,0.0,0.049504950495049514,0.09504950495049506,1.0,-0.0,0,0
512,0.0,0.049504950495049514,0.09504950495049506,1.0,-0.0,0,0
513,0.0,0.049504950495049514,0.09504950495049506,1.0,-0.0,0,0
514,0.0,0.061386138613861385,0.10433219700847123,1.0,-0.0,0,0
515,0.0,0.023762376237623766,0.06471340450838887,1.0,-0.0,0,0
516,0.0,0.011881188118811881,0.047276579747775535,1.0,-0.0,0,0
517,0.0,0.017821782178217824,0.05698017651460656,1.0,-0.0,0,0
518,0.0,0.017821782178217824,0.05698017651460656,1.0,-0.0,0,0
519,0.0,0.0059405940594059415,0.03395332316729158,1.0,-0.0,0,0
520,0.0,0.0059405940594059415,0.03395332316729158,1.0,-0.0,0,0
521,0.0,0.0059405940594059415,0.03395332316729158,1.0,-0.0,0,0
522,0.0,0.0,0.0,1.0,-0.0,0,0
523,0.0,0.0,0.0,1.0,-0.0,0,0
524,0.0,0.0,0.0,1.0,-0.0,0,0
525,0.0,0.0,0.0,1.0,-0.0,0,0
526,0.0,0.0,0.0,1.0,-0.0,0,0
527,0.0,0.0,0.0,1.0,-0.0,0,0
528,0.0,0.0,0.0,1.0,-0.0,0,0
529,0.0,0.007920792079207921,0.03900537743285587,1.0,-0.0,0,0
530,0.0,0.019801980198019806,0.07178047113026478,1.0,-0.0,0,0
531,0.0,0.019801980198019806,0.07178047113026478,1.0,-0.0,0,0
532,0.0,0.019801980198019806,0.07178047113026478,1.0,-0.0,0,0
533,0.0,0.019801980198019806,0.07178047113026478,1.0,-0.0,0,0
534,0.0,0.09900990099009897,0.1367914141716479,1.0,-0.0,0,0
535,0.0,0.2475247524752475,0.2254122996485762,1.0,-0.0,0,0
536,0.0,0.2475247524752475,0.2254122996485762,1.0,-0.0,0,0
537,0.0,0.2534653465346534,0.22845341247270629,1.0,-0.0,0,0
538,0.0,0.2534653465346534,0.22845341247270629,1.0,-0.0,0,0
539,0.0,0.16633663366336632,0.17591471140208165,1.0,-0.0,0,0
540,0.0,0.0059405940594059415,0.03395332316729158,1.0,-0.0,0,0
541,0.0,0.0059405940594059415,0.03395332316729158,1.0,-0.0,0,0
542,0.0,0.10099009900990098,0.14246420394934614,1.0,-0.0,0,0
543,0.0,0.1465346534653465,0.15893479355105836,1.0,-0.0,0,0
544,0.0,0.1465346534653465,0.15893479355105836,1.0,-0.0,0,0
545,0.0,0.1465346534653465,0.15893479355105836,1.0,-0.0,0,0
546,0.0,0.1465346534653465,0.15893479355105836,1.0,-0.0,0,0
547,0.0,0.04356435643564357,0.08721867542790196,1.0,-0.0,0,0
548,0.0,0.0,0.0,1.0,-0.0,0,0
549,0.0,0.0,0.0,1.0,-0.0,0,0
550,0.0,0.0,0.0,1.0,-0.0,0,0
551,0.0,0.0059405940594059415,0.033953323167291584,1.0,-0.0,0,0
552,0.0,0.0059405940594059415,0.033953323167291584,1.0,-0.0,0,0
553,0.0,0.0059405940594059415,0.033953323167291584,1.0,-0.0,0,0
554,0.0,0.017821782178217824,0.05698017651460656,1.0,-0.0,0,0
555,0.0,0.017821782178217824,0.05698017651460656,1.0,-0.0,0,0
556,0.0,0.011881188118811883,0.047276579747775535,1.0,-0.0,0,0
557,0.0,0.011881188118811883,0.047276579747775535,1.0,-0.0,0,0
558,0.0,0.14158415841584157,0.17421241542909122,1.0,-0.0,0,0
559,0.0,0.12871287128712872,0.16788529421169618,1.0,-0.0,0,0
560,0.0,0.12871287128712872,0.16788529421169618,1.0,-0.0,0,0
561,0.0,0.12871287128712872,0.16788529421169618,1.0,-0.0,0,0
562,0.2,0.3346534653465346,0.2455285845972481,1.0,-0.0,0,0
563,0.2,0.22772277227722768,0.20877711450451011,1.0,-0.0,0,0
564,0.2,0.2455445544554455,0.210386138380886,1.0,-0.0,0,0
565,0.2,0.2455445544554455,0.210386138380886,1.0,-0.0,0,0
566,0.2,0.2455445544554455,0.210386138380886,1.0,-0.0,0,0
567,0.0,0.18415841584158413,0.1860121753000773,1.0,-0.0,0,0
568,0.0,0.16633663366336632,0.1713529319032391,1.0,-0.0,0,0
569,0.0,0.17227722772277226,0.1665722047113908,1.0,-0.0,0,0
570,0.0,0.17623762376237626,0.17185563527720504,1.0,-0.0,0,0
571,0.0,0.17623762376237626,0.17185563527720504,1.0,-0.0,0,0
572,0.0,0.03366336633663367,0.07482947971362845,1.0,-0.0,0,0
573,0.0,0.02772277227722773,0.06910862719451545,1.0,-0.0,0,0
574,0.0,0.021782178217821784,0.062305476128919915,1.0,-0.0,0,0
575,0.0,0.023762376237623766,0.06471340450838887,1.0,-0.0,0,0
576,0.0,0.023762376237623766,0.06471340450838887,1.0,-0.0,0,0
577,0.0,0.023762376237623766,0.06471340450838887,1.0,-0.0,0,0
578,0.0,0.023762376237623766,0.06471340450838887,1.0,-0.0,0,0
579,0.0,0.01386138613861386,0.05079507064705211,1.0,-0.0,0,0
580,0.0,0.007920792079207921,0.03900537743285587,1.0,-0.0,0,0
581,0.0,0.007920792079207921,0.03900537743285587,1.0,-0.0,0,0
582,0.0,0.007920792079207921,0.03900537743285587,1.0,-0.0,0,0
583,0.0,0.007920792079207921,0.03900537743285587,1.0,-0.0,0,0
584,0.0,0.0,0.0,1.0,-0.0,0,0
585,0.0,0.0,0.0,1.0,-0.0,0,0
586,0.0,0.025742574257425748,0.0669763743575753,1.0,-0.0,0,0
587,0.0,0.11089108910891086,0.15536669501729133,1.0,-0.0,0,0
588,0.0,0.2871287128712871,0.239497562498865,1.0,-0.0,0,0
589,0.0,0.5207920792079209,0.31475806572232745,1.0,-0.0,0,0
590,0.0,0.5267326732673268,0.3168193066889602,1.0,-0.0,0,0
591,0.0,0.5009900990099011,0.3129214147084832,1.0,-0.0,0,0
592,0.0,0.41584158415841593,0.2823987326659803,1.0,-0.0,0,0
593,0.0,0.23960396039603962,0.21251870409042986,1.0,-0.0,0,0
594,0.0,0.0059405940594059415,0.033953323167291584,1.0,-0.0,0,0
595,0.2,0.0059405940594059415,0.03395332316729158,5.469865928325192e-09,8.262023318511567,0,0
596,0.2,0.0059405940594059415,0.03395332316729158,5.469865928325192e-09,8.262023318511567,0,0
597,0.2,0.0059405940594059415,0.03395332316729158,5.469865928325192e-09,8.262023318511567,0,0
598,0.2,0.0059405940594059415,0.03395332316729158,5.469865928325192e-09,8.262023318511567,0,0
599,0.2,0.0059405940594059415,0.03395332316729158,5.469865928325192e-09,8.262023318511567,0,0
600,0.0,0.0,0.0,1.0,-0.0,0,0
601,0.0,0.0,0.0,1.0,-0.0,0,0
602,0.0,0.0,0.0,1.0,-0.0,0,0
603,0.0,0.0,0.0,1.0,-0.0,0,0
604,0.0,0.0,0.0,1.0,-0.0,0,0
605,0.0,0.04356435643564357,0.08255312311158745,1.0,-0.0,0,0
606,0.0,0.04356435643564357,0.08255312311158745,1.0,-0.0,0,0
607,0.0,0.04356435643564357,0.08255312311158745,1.0,-0.0,0,0
608,0.0,0.06732673267326733,0.102550553475042,1.0,-0.0,0,0
609,0.0,0.07524752475247526,0.10845991237726064,1.0,-0.0,0,0
610,0.0,0.031683168316831684,0.07826167463512675,1.0,-0.0,0,0
611,0.0,0.05544554455445545,0.09797478714338996,1.0,-0.0,0,0
612,0.0,0.05544554455445545,0.09797478714338996,1.0,-0.0,0,0
613,0.0,0.031683168316831684,0.0730260947112308,1.0,-0.0,0,0
614,0.0,0.2198019801980198,0.2039315561653939,1.0,-0.0,0,0
615,0.0,0.2198019801980198,0.2039315561653939,1.0,-0.0,0,0
616,0.0,0.19603960396039605,0.19494644711665693,1.0,-0.0,0,0
617,0.0,0.37425742574257426,0.2448088627409995,1.0,-0.0,0,0
618,0.0,0.37425742574257426,0.2448088627409995,1.0,-0.0,0,0
619,0.0,0.1782178217821782,0.17777723316802727,1.0,-0.0,0,0
620,0.0,0.18811881188118812,0.18630706513012396,1.0,-0.0,0,0
621,0.0,0.18811881188118812,0.18630706513012396,1.0,-0.0,0,0
622,0.0,0.009900990099009901,0.04338396495090425,1.0,-0.0,0,0
623,0.0,0.015841584158415842,0.05401260078014202,1.0,-0.0,0,0
624,0.0,0.015841584158415842,0.05401260078014202,1.0,-0.0,0,0
625,0.0,0.0059405940594059415,0.033953323167291584,1.0,-0.0,0,0
626,0.0,0.0059405940594059415,0.033953323167291584,1.0,-0.0,0,0
627,0.0,0.031683168316831684,0.07826167463512675,1.0,-0.0,0,0
628,0.0,0.025742574257425748,0.07264925278354116,1.0,-0.0,0,0
629,0.0,0.025742574257425748,0.07264925278354116,1.0,-0.0,0,0
630,0.0,0.025742574257425748,0.07264925278354116,1.0,-0.0,0,0
631,0.0,0.033663366336633666,0.07994704648786674,1.0,-0.0,0,0
632,0.0,0.09702970297029703,0.1451905170679078,1.0,-0.0,0,0
633,0.0,0.09702970297029703,0.1451905170679078,1.0,-0.0,0,0
634,0.0,0.09702970297029703,0.1451905170679078,1.0,-0.0,0,0
