,foreground,bg_means,bg_stdev,pvals,minus_logs,regs,active
2,0.8,0.2792079207920792,0.20504374403274056,0.005544094470880116,2.2561693779935847,0,0
3,0.8,0.2792079207920792,0.20504374403274056,0.005544094470880116,2.2561693779935847,0,0
4,0.8,0.298019801980198,0.2115385403734438,0.00882221758038885,2.0544222355173716,0,0
5,0.0,0.16633663366336632,0.17591471140208167,1.0,-0.0,0,0
6,0.0,0.08316831683168316,0.12028786177019754,1.0,-0.0,0,0
7,0.0,0.12673267326732673,0.139937106883602,1.0,-0.0,0,0
8,0.0,0.12673267326732673,0.139937106883602,1.0,-0.0,0,0
9,0.0,0.10693069306930691,0.13069306930693067,1.0,-0.0,0,0
10,0.0,0.07920792079207921,0.11631029826208643,1.0,-0.0,0,0
11,0.0,0.11683168316831682,0.149632756335149,1.0,-0.0,0,0
12,0.0,0.07524752475247526,0.11553229422427584,1.0,-0.0,0,0
13,0.0,0.07524752475247526,0.11553229422427584,1.0,-0.0,0,0
14,0.0,0.09504950495049502,0.13078304733432372,1.0,-0.0,0,0
15,0.0,0.057425742574257435,0.10277971700879983,1.0,-0.0,0,0
16,0.0,0.07128712871287128,0.10372911567294095,1.0,-0.0,0,0
17,0.0,0.07128712871287128,0.10372911567294095,1.0,-0.0,0,0
18,0.0,0.07128712871287128,0.10372911567294095,1.0,-0.0,0,0
19,0.0,0.06732673267326733,0.09861306612268303,1.0,-0.0,0,0
20,0.0,0.06732673267326733,0.09861306612268303,1.0,-0.0,0,0
21,0.0,0.015841584158415842,0.05401260078014202,1.0,-0.0,0,0
22,0.0,0.015841584158415842,0.05401260078014202,1.0,-0.0,0,0
23,0.0,0.015841584158415842,0.05401260078014202,1.0,-0.0,0,0
24,0.0,0.0,0.0,1.0,-0.0,0,0
25,0.0,0.015841584158415842,0.054012600780142014,1.0,-0.0,0,0
26,0.0,0.10990099009900986,0.1206459105879431,1.0,-0.0,0,0
27,0.0,0.10990099009900986,0.1206459105879431,1.0,-0.0,0,0
28,0.0,0.1386138613861386,0.13713496786677848,1.0,-0.0,0,0
29,0.0,0.20396039603960395,0.16645446086073276,1.0,-0.0,0,0
30,0.0,0.1881188118811881,0.1587619980421976,1.0,-0.0,0,0
31,0.0,0.09306930693069307,0.12762679639066948,1.0,-0.0,0,0
32,0.0,0.10693069306930691,0.1306930693069307,1.0,-0.0,0,0
33,0.0,0.07920792079207921,0.11631029826208643,1.0,-0.0,0,0
34,0.0,0.013861386138613863,0.05079507064705211,1.0,-0.0,0,0
35,0.2,0.03564356435643565,0.08154954567118415,0.0219304263845019,1.6589529244266186,0,0
36,0.2,0.03564356435643565,0.08154954567118415,0.0219304263845019,1.6589529244266186,0,0
37,0.6,0.15247524752475247,0.13540848314676246,0.00047488555765400845,3.323411038096536,0,0
38,0.6,0.1782178217821782,0.148659995082166,0.0022753609902212463,2.6429496919193767,0,0
39,0.6,0.1782178217821782,0.148659995082166,0.0022753609902212463,2.6429496919193767,0,0
40,0.4,0.2059405940594059,0.14746825950028414,0.09409706297785449,1.0264239318587922,0,0
41,0.4,0.4237623762376238,0.23762376237623756,1.0,-0.0,0,0
42,0.0,0.3386138613861387,0.22992478194491442,1.0,-0.0,0,0
43,0.0,0.31287128712871287,0.21875587294481547,1.0,-0.0,0,0
44,0.0,0.3584158415841584,0.25842911843287836,1.0,-0.0,0,0
45,0.0,0.3267326732673268,0.24811810071567658,1.0,-0.0,0,0
46,0.0,0.23960396039603957,0.17580322478754876,1.0,-0.0,0,0
47,0.0,0.19603960396039605,0.15664855795299887,1.0,-0.0,0,0
48,0.0,0.19603960396039605,0.15664855795299887,1.0,-0.0,0,0
49,0.0,0.1504950495049505,0.13903754203201552,1.0,-0.0,0,0
50,0.0,0.27722772277227725,0.18448815364518206,1.0,-0.0,0,0
51,0.0,0.2574257425742574,0.1765155223609232,1.0,-0.0,0,0
52,0.0,0.2574257425742574,0.1765155223609232,1.0,-0.0,0,0
53,0.0,0.2574257425742574,0.1765155223609232,1.0,-0.0,0,0
54,0.0,0.28316831683168314,0.2015137304270662,1.0,-0.0,0,0
55,0.0,0.1900990099009901,0.16259343117237499,1.0,-0.0,0,0
56,0.0,0.07920792079207921,0.11966689053257921,1.0,-0.0,0,0
57,0.0,0.07920792079207921,0.11966689053257921,1.0,-0.0,0,0
58,0.0,0.0891089108910891,0.12420120222231067,1.0,-0.0,0,0
59,0.0,0.08514851485148514,0.12054836637801526,1.0,-0.0,0,0
60,0.0,0.03168316831683169,0.0730260947112308,1.0,-0.0,0,0
61,0.0,0.03168316831683169,0.0730260947112308,1.0,-0.0,0,0
62,0.0,0.03168316831683169,0.0730260947112308,1.0,-0.0,0,0
63,0.0,0.021782178217821784,0.062305476128919915,1.0,-0.0,0,0
64,0.0,0.0,0.0,1.0,-0.0,0,0
65,0.0,0.0,0.0,1.0,-0.0,0,0
66,0.0,0.0,0.0,1.0,-0.0,0,0
67,0.0,0.0,0.0,1.0,-0.0,0,0
68,0.0,0.0,0.0,1.0,-0.0,0,0
69,0.0,0.011881188118811883,0.04727657974777555,1.0,-0.0,0,0
70,0.0,0.14059405940594058,0.13943181578046687,1.0,-0.0,0,0
71,0.0,0.14059405940594058,0.13943181578046687,1.0,-0.0,0,0
72,0.4,0.28316831683168314,0.19953872892927704,0.2791028231977634,0.5542357704873317,0,0
73,0.6,0.3861386138613862,0.23251943513799117,0.1788498702522594,0.7475113705765057,0,0
74,0.6,0.37425742574257437,0.22978830780797876,0.16295297691616606,0.7879377011917513,0,0
75,0.6,0.24554455445544554,0.19676832257092539,0.03582113306297839,1.4458606810437569,0,0
76,0.6,0.2732673267326733,0.19644921703344012,0.048137051575643054,1.3175205140535722,0,0
77,0.4,0.19801980198019803,0.15794484437710316,0.10048337784664042,0.9979057741293772,0,0
78,0.4,0.16633663366336632,0.1351766191356516,0.04194230083732727,1.3773477490364665,0,0
79,0.6,0.2712871287128713,0.20408532173383087,0.05362649311618295,1.2706206026283546,0,0
80,0.6,0.28316831683168314,0.20922738917817493,0.06497570353210551,1.1872490094266863,0,0
81,0.6,0.25544554455445545,0.19724601290992394,0.04033376620749047,1.394331223398692,0,0
82,0.8,0.2435643564356436,0.18796241544687978,0.001536419227200016,2.8134902665845622,0,0
83,0.6,0.18811881188118812,0.20260048415728577,0.021027656853973196,1.6772091187585147,0,0
84,0.4,0.0811881188118812,0.12642288870900886,0.005837981963134029,2.2337372511300297,0,0
85,0.4,0.06930693069306931,0.11409790329416186,0.001875794216145872,2.726814807585068,0,0
86,0.4,0.06930693069306931,0.11409790329416186,0.001875794216145872,2.726814807585068,0,0
87,0.2,0.039603960396039604,0.07970143286137867,0.022085672454221338,1.6558893730090938,0,0
88,0.2,0.025742574257425745,0.0669763743575753,0.0046371400013480064,2.3337497919853587,0,0
89,0.2,0.025742574257425745,0.0669763743575753,0.0046371400013480064,2.3337497919853587,0,0
90,0.2,0.04752475247524753,0.08512548617902843,0.03663203844700429,1.4361389136681444,0,0
91,0.2,0.04752475247524753,0.08512548617902843,0.03663203844700429,1.4361389136681444,0,0
92,0.0,0.021782178217821784,0.06230547612891991,1.0,-0.0,0,0
93,0.0,0.021782178217821784,0.06230547612891991,1.0,-0.0,0,0
94,0.0,0.021782178217821784,0.06230547612891991,1.0,-0.0,0,0
95,0.0,0.0,0.0,1.0,-0.0,0,0
96,0.0,0.0,0.0,1.0,-0.0,0,0
97,0.0,0.0,0.0,1.0,-0.0,0,0
98,0.0,0.0,0.0,1.0,-0.0,0,0
99,0.0,0.0,0.0,1.0,-0.0,0,0
100,0.0,0.0,0.0,1.0,-0.0,0,0
101,0.0,0.0,0.0,1.0,-0.0,0,0
102,0.0,0.0,0.0,1.0,-0.0,0,0
103,0.0,0.0,0.0,1.0,-0.0,0,0
104,0.0,0.05940594059405942,0.09138994660763824,1.0,-0.0,0,0
105,0.0,0.05940594059405942,0.09138994660763824,1.0,-0.0,0,0
106,0.0,0.12178217821782175,0.13468258275748082,1.0,-0.0,0,0
107,0.0,0.12178217821782175,0.13468258275748082,1.0,-0.0,0,0
108,0.0,0.12178217821782175,0.13468258275748082,1.0,-0.0,0,0
109,0.0,0.14257425742574253,0.15501295675866078,1.0,-0.0,0,0
110,0.0,0.19207920792079206,0.1614802616861395,1.0,-0.0,0,0
111,0.0,0.18217821782178212,0.1544046628880628,1.0,-0.0,0,0
112,0.0,0.18217821782178212,0.1544046628880628,1.0,-0.0,0,0
113,0.0,0.19801980198019797,0.1676749554852796,1.0,-0.0,0,0
114,0.2,0.13267326732673268,0.16477341831853243,0.3414159160913107,0.46671623685482516,0,0
115,0.2,0.08316831683168316,0.12670172889541698,0.17823816947726306,0.7489992867285707,0,0
116,0.2,0.031683168316831684,0.07826167463512675,0.015750221703151112,1.8027133286186672,0,0
117,0.2,0.12277227722772277,0.14615954128511635,0.2986179401332735,0.5248841046255923,0,0
118,0.2,0.10693069306930694,0.13948804962658476,0.25231560183735713,0.5980558942213148,0,0
119,0.0,0.0910891089108911,0.12750384183766536,1.0,-0.0,0,0
120,0.0,0.24950495049504945,0.20373918601017008,1.0,-0.0,0,0
121,0.0,0.24950495049504945,0.20373918601017008,1.0,-0.0,0,0
122,0.0,0.1584158415841584,0.1599921574393993,1.0,-0.0,0,0
123,0.0,0.1584158415841584,0.1599921574393993,1.0,-0.0,0,0
124,0.0,0.17821782178217818,0.16626589726481847,1.0,-0.0,0,0
125,0.0,0.019801980198019802,0.0597350618970232,1.0,-0.0,0,0
126,0.0,0.019801980198019802,0.0597350618970232,1.0,-0.0,0,0
127,0.0,0.019801980198019802,0.0597350618970232,1.0,-0.0,0,0
128,0.0,0.039603960396039604,0.07970143286137865,1.0,-0.0,0,0
129,0.2,0.13267326732673265,0.13867042693078493,0.31365512751484126,0.5035476083874488,0,0
130,0.2,0.13267326732673265,0.13867042693078493,0.31365512751484126,0.5035476083874488,0,0
131,0.2,0.13267326732673265,0.13867042693078493,0.31365512751484126,0.5035476083874488,0,0
132,0.2,0.13267326732673265,0.13867042693078493,0.31365512751484126,0.5035476083874488,0,0
133,0.2,0.11089108910891088,0.12420120222231065,0.23654635558720027,0.6260837386344865,0,0
134,0.0,0.0,0.0,1.0,-0.0,0,0
135,0.0,0.16831683168316827,0.2024262207946621,1.0,-0.0,0,0
136,0.0,0.1861386138613861,0.2166485052927976,1.0,-0.0,0,0
137,0.0,0.1861386138613861,0.2166485052927976,1.0,-0.0,0,0
138,0.0,0.1861386138613861,0.2166485052927976,1.0,-0.0,0,0
139,0.0,0.1861386138613861,0.2166485052927976,1.0,-0.0,0,0
140,0.0,0.017821782178217824,0.05698017651460656,1.0,-0.0,0,0
141,0.0,0.0,0.0,1.0,-0.0,0,0
142,0.0,0.0,0.0,1.0,-0.0,0,0
143,0.0,0.0,0.0,1.0,-0.0,0,0
144,0.0,0.0,0.0,1.0,-0.0,0,0
145,0.0,0.0871287128712871,0.09916819030137755,1.0,-0.0,0,0
146,0.0,0.17821782178217818,0.1755353680172698,1.0,-0.0,0,0
147,0.2,0.28316831683168314,0.2015137304270662,1.0,-0.0,0,0
148,0.2,0.28316831683168314,0.2015137304270662,1.0,-0.0,0,0
149,0.2,0.28316831683168314,0.2015137304270662,1.0,-0.0,0,0
150,0.2,0.19603960396039605,0.16881696226492765,0.4906417904139009,0.309235463522221,0,0
151,0.2,0.10495049504950495,0.1367053908443026,0.2434376750920733,0.6136122082817695,0,0
152,0.0,0.0,0.0,1.0,-0.0,0,0
153,0.0,0.0,0.0,1.0,-0.0,0,0
154,0.0,0.0,0.0,1.0,-0.0,0,0
155,0.0,0.0,0.0,1.0,-0.0,0,0
156,0.0,0.0,0.0,1.0,-0.0,0,0
157,0.0,0.0,0.0,1.0,-0.0,0,0
158,0.0,0.0,0.0,1.0,-0.0,0,0
159,0.0,0.0,0.0,1.0,-0.0,0,0
160,0.0,0.0,0.0,1.0,-0.0,0,0
161,0.0,0.017821782178217824,0.056980176514606566,1.0,-0.0,0,0
162,0.0,0.017821782178217824,0.056980176514606566,1.0,-0.0,0,0
163,0.0,0.017821782178217824,0.056980176514606566,1.0,-0.0,0,0
164,0.0,0.017821782178217824,0.056980176514606566,1.0,-0.0,0,0
165,0.0,0.017821782178217824,0.056980176514606566,1.0,-0.0,0,0
166,0.0,0.0,0.0,1.0,-0.0,0,0
167,0.0,0.0,0.0,1.0,-0.0,0,0
168,0.0,0.0,0.0,1.0,-0.0,0,0
169,0.0,0.0,0.0,1.0,-0.0,0,0
170,0.0,0.0,0.0,1.0,-0.0,0,0
171,0.0,0.0,0.0,1.0,-0.0,0,0
172,0.0,0.0,0.0,1.0,-0.0,0,0
173,0.0,0.0,0.0,1.0,-0.0,0,0
174,0.0,0.0,0.0,1.0,-0.0,0,0
175,0.0,0.025742574257425745,0.0669763743575753,1.0,-0.0,0,0
176,0.2,0.1504950495049505,0.15772124951873168,0.3768075238897214,0.423880434034241,0,0
177,0.2,0.1504950495049505,0.15772124951873168,0.3768075238897214,0.423880434034241,0,0
178,0.2,0.1762376237623762,0.18301572450512466,0.44834734079326377,0.3483854017547908,0,0
179,0.2,0.19405940594059404,0.1767818940250744,0.486596431775095,0.3128310800868039,0,0
180,0.2,0.2356435643564356,0.18325125229717662,1.0,-0.0,0,0
181,0.0,0.11089108910891088,0.13042276277287215,1.0,-0.0,0,0
182,0.0,0.11089108910891088,0.13042276277287215,1.0,-0.0,0,0
183,0.0,0.16237623762376235,0.14815798708918723,1.0,-0.0,0,0
184,0.0,0.14455445544554454,0.1323625739965814,1.0,-0.0,1,0
185,0.0,0.1267326732673267,0.13415750246300454,1.0,-0.0,0,0
186,0.0,0.1801980198019802,0.1604571451871912,1.0,-0.0,0,0
187,0.0,0.22376237623762374,0.1695354835089425,1.0,-0.0,0,0
188,0.0,0.14851485148514848,0.14529850556708232,1.0,-0.0,0,0
189,0.4,0.20396039603960395,0.15915668354384252,0.10902316936477825,0.9624811969402498,0,0
190,0.4,0.15445544554455443,0.14860723199440568,0.04923613906429941,1.307716010346975,0,0
