,foreground,bg_means,bg_stdev,pvals,minus_logs,regs,active
2,0.0,0.0019801980198019802,0.0198019801980198,1.0,-0.0,0,0
3,0.0,0.0,0.0,1.0,-0.0,0,0
4,0.0,0.0,0.0,1.0,-0.0,0,0
5,0.0,0.0,0.0,1.0,-0.0,0,0
6,0.0,0.0,0.0,1.0,-0.0,0,0
7,0.0,0.0,0.0,1.0,-0.0,0,0
8,0.0,0.0,0.0,1.0,-0.0,0,0
9,0.0,0.0,0.0,1.0,-0.0,0,0
10,0.0,0.0,0.0,1.0,-0.0,0,0
11,0.0,0.0,0.0,1.0,-0.0,0,0
12,0.0,0.0,0.0,1.0,-0.0,0,0
13,0.0,0.0,0.0,1.0,-0.0,0,0
14,0.0,0.0,0.0,1.0,-0.0,0,0
15,0.0,0.0,0.0,1.0,-0.0,0,0
16,0.0,0.0,0.0,1.0,-0.0,0,0
17,0.0,0.0,0.0,1.0,-0.0,0,0
18,0.0,0.0,0.0,1.0,-0.0,0,0
19,0.0,0.0,0.0,1.0,-0.0,0,0
20,0.0,0.0,0.0,1.0,-0.0,0,0
21,0.0,0.0,0.0,1.0,-0.0,0,0
22,0.0,0.0,0.0,1.0,-0.0,0,0
23,0.0,0.0,0.0,1.0,-0.0,0,0
24,0.0,0.0,0.0,1.0,-0.0,0,0
25,0.0,0.0,0.0,1.0,-0.0,0,0
26,0.0,0.0059405940594059415,0.03395332316729158,1.0,-0.0,0,0
27,0.0,0.0059405940594059415,0.03395332316729158,1.0,-0.0,0,0
28,0.0,0.0059405940594059415,0.03395332316729158,1.0,-0.0,0,0
29,0.0,0.0059405940594059415,0.03395332316729158,1.0,-0.0,0,0
30,0.0,0.011881188118811883,0.047276579747775535,1.0,-0.0,0,0
31,0.0,0.0059405940594059415,0.03395332316729158,1.0,-0.0,0,0
32,0.0,0.0059405940594059415,0.03395332316729158,1.0,-0.0,0,0
33,0.0,0.0059405940594059415,0.03395332316729158,1.0,-0.0,0,0
34,0.0,0.0059405940594059415,0.03395332316729158,1.0,-0.0,0,0
35,0.0,0.0,0.0,1.0,-0.0,0,0
36,0.0,0.0,0.0,1.0,-0.0,0,0
37,0.0,0.0039603960396039604,0.027863855998951064,1.0,-0.0,0,0
38,0.0,0.0039603960396039604,0.027863855998951064,1.0,-0.0,0,0
39,0.0,0.0039603960396039604,0.027863855998951064,1.0,-0.0,0,0
40,0.0,0.0039603960396039604,0.027863855998951064,1.0,-0.0,0,0
41,0.0,0.0039603960396039604,0.027863855998951064,1.0,-0.0,0,0
42,0.0,0.0,0.0,1.0,-0.0,0,0
43,0.0,0.0,0.0,1.0,-0.0,0,0
44,0.0,0.0,0.0,1.0,-0.0,0,0
45,0.0,0.015841584158415842,0.05401260078014202,1.0,-0.0,0,0
46,0.0,0.015841584158415842,0.05401260078014202,1.0,-0.0,0,0
47,0.0,0.017821782178217824,0.05698017651460656,1.0,-0.0,0,0
48,0.0,0.017821782178217824,0.05698017651460656,1.0,-0.0,0,0
49,0.0,0.025742574257425745,0.0669763743575753,1.0,-0.0,0,0
50,0.0,0.009900990099009901,0.04338396495090424,1.0,-0.0,0,0
51,0.0,0.009900990099009901,0.04338396495090424,1.0,-0.0,0,0
52,0.0,0.027722772277227727,0.06910862719451544,1.0,-0.0,0,0
53,0.0,0.0297029702970297,0.07112192077650681,1.0,-0.0,0,0
54,0.0,0.021782178217821784,0.06230547612891991,1.0,-0.0,0,0
55,0.0,0.021782178217821784,0.06230547612891991,1.0,-0.0,0,0
56,0.0,0.021782178217821784,0.06230547612891991,1.0,-0.0,0,0
57,0.0,0.0019801980198019802,0.0198019801980198,1.0,-0.0,0,0
58,0.0,0.0,0.0,1.0,-0.0,0,0
59,0.0,0.0297029702970297,0.07112192077650681,1.0,-0.0,0,0
60,0.0,0.0297029702970297,0.07112192077650681,1.0,-0.0,0,0
61,0.0,0.07524752475247526,0.11891084986932618,1.0,-0.0,0,0
62,0.0,0.07524752475247526,0.11891084986932618,1.0,-0.0,0,0
63,0.0,0.07524752475247526,0.11891084986932618,1.0,-0.0,0,0
64,0.0,0.04554455445544555,0.09700949476369022,1.0,-0.0,0,0
65,0.0,0.04554455445544555,0.09700949476369022,1.0,-0.0,0,0
66,0.0,0.0,0.0,1.0,-0.0,0,0
67,0.0,0.0,0.0,1.0,-0.0,0,0
68,0.0,0.0,0.0,1.0,-0.0,0,0
69,0.0,0.0,0.0,1.0,-0.0,0,0
70,0.0,0.0,0.0,1.0,-0.0,0,0
71,0.0,0.0,0.0,1.0,-0.0,0,0
72,0.0,0.0059405940594059415,0.033953323167291584,1.0,-0.0,0,0
73,0.0,0.0059405940594059415,0.033953323167291584,1.0,-0.0,0,0
74,0.0,0.0059405940594059415,0.033953323167291584,1.0,-0.0,0,0
75,0.0,0.01386138613861386,0.05079507064705211,1.0,-0.0,0,0
76,0.0,0.01386138613861386,0.05079507064705211,1.0,-0.0,0,0
77,0.0,0.007920792079207921,0.03900537743285587,1.0,-0.0,0,0
78,0.0,0.031683168316831684,0.0730260947112308,1.0,-0.0,0,0
79,0.0,0.031683168316831684,0.0730260947112308,1.0,-0.0,0,0
80,0.0,0.023762376237623766,0.06471340450838887,1.0,-0.0,0,0
81,0.0,0.023762376237623766,0.06471340450838887,1.0,-0.0,0,0
82,0.0,0.023762376237623766,0.06471340450838887,1.0,-0.0,0,0
83,0.0,0.0,0.0,1.0,-0.0,0,0
84,0.0,0.0,0.0,1.0,-0.0,0,0
85,0.0,0.0,0.0,1.0,-0.0,0,0
86,0.0,0.0,0.0,1.0,-0.0,0,0
87,0.0,0.0,0.0,1.0,-0.0,0,0
88,0.0,0.0,0.0,1.0,-0.0,0,0
89,0.0,0.0,0.0,1.0,-0.0,0,0
90,0.0,0.0,0.0,1.0,-0.0,0,0
91,0.0,0.0,0.0,1.0,-0.0,0,0
92,0.0,0.0,0.0,1.0,-0.0,0,0
93,0.0,0.0,0.0,1.0,-0.0,0,0
94,0.0,0.0,0.0,1.0,-0.0,0,0
95,0.0,0.0,0.0,1.0,-0.0,0,0
96,0.0,0.0,0.0,1.0,-0.0,0,0
97,0.0,0.0,0.0,1.0,-0.0,0,0
98,0.0,0.0,0.0,1.0,-0.0,0,0
99,0.0,0.0,0.0,1.0,-0.0,0,0
100,0.0,0.0,0.0,1.0,-0.0,0,0
101,0.0,0.0,0.0,1.0,-0.0,0,0
102,0.0,0.0,0.0,1.0,-0.0,0,0
103,0.0,0.0019801980198019802,0.0198019801980198,1.0,-0.0,0,0
104,0.0,0.0019801980198019802,0.0198019801980198,1.0,-0.0,0,0
105,0.0,0.0019801980198019802,0.0198019801980198,1.0,-0.0,0,0
106,0.0,0.0019801980198019802,0.0198019801980198,1.0,-0.0,0,0
107,0.0,0.0019801980198019802,0.0198019801980198,1.0,-0.0,0,0
108,0.0,0.0,0.0,1.0,-0.0,0,0
109,0.0,0.0,0.0,1.0,-0.0,0,0
110,0.0,0.0019801980198019802,0.0198019801980198,1.0,-0.0,0,0
111,0.0,0.0019801980198019802,0.0198019801980198,1.0,-0.0,0,0
112,0.0,0.0019801980198019802,0.0198019801980198,1.0,-0.0,0,0
113,0.0,0.0019801980198019802,0.0198019801980198,1.0,-0.0,0,0
114,0.0,0.0019801980198019802,0.0198019801980198,1.0,-0.0,0,0
115,0.0,0.023762376237623766,0.07056843438101175,1.0,-0.0,0,0
116,0.0,0.023762376237623766,0.07056843438101175,1.0,-0.0,0,0
117,0.0,0.023762376237623766,0.07056843438101175,1.0,-0.0,0,0
118,0.0,0.023762376237623766,0.07056843438101175,1.0,-0.0,0,0
119,0.0,0.023762376237623766,0.07056843438101175,1.0,-0.0,0,0
120,0.0,0.0,0.0,1.0,-0.0,0,0
121,0.0,0.0019801980198019802,0.019801980198019802,1.0,-0.0,0,0
122,0.0,0.0019801980198019802,0.019801980198019802,1.0,-0.0,0,0
123,0.0,0.0019801980198019802,0.019801980198019802,1.0,-0.0,0,0
124,0.0,0.0019801980198019802,0.019801980198019802,1.0,-0.0,0,0
125,0.0,0.0059405940594059415,0.033953323167291584,1.0,-0.0,0,0
126,0.0,0.0039603960396039604,0.02786385599895107,1.0,-0.0,0,0
127,0.0,0.0039603960396039604,0.02786385599895107,1.0,-0.0,0,0
128,0.0,0.0039603960396039604,0.02786385599895107,1.0,-0.0,0,0
129,0.0,0.0039603960396039604,0.02786385599895107,1.0,-0.0,0,0
130,0.0,0.0,0.0,1.0,-0.0,0,0
131,0.0,0.0,0.0,1.0,-0.0,0,0
132,0.0,0.0059405940594059415,0.033953323167291584,1.0,-0.0,0,0
133,0.0,0.0059405940594059415,0.033953323167291584,1.0,-0.0,0,0
134,0.0,0.0059405940594059415,0.033953323167291584,1.0,-0.0,0,0
135,0.0,0.0059405940594059415,0.033953323167291584,1.0,-0.0,0,0
136,0.0,0.0059405940594059415,0.033953323167291584,1.0,-0.0,0,0
137,0.0,0.0,0.0,1.0,-0.0,0,0
138,0.0,0.0,0.0,1.0,-0.0,0,0
139,0.0,0.0019801980198019802,0.0198019801980198,1.0,-0.0,0,0
140,0.0,0.0019801980198019802,0.0198019801980198,1.0,-0.0,0,0
141,0.0,0.0019801980198019802,0.0198019801980198,1.0,-0.0,0,0
142,0.0,0.0019801980198019802,0.0198019801980198,1.0,-0.0,0,0
143,0.0,0.0019801980198019802,0.0198019801980198,1.0,-0.0,0,0
144,0.0,0.0,0.0,1.0,-0.0,0,0
145,0.0,0.009900990099009901,0.051713128147329084,1.0,-0.0,0,0
146,0.0,0.009900990099009901,0.051713128147329084,1.0,-0.0,0,0
147,0.0,0.009900990099009901,0.051713128147329084,1.0,-0.0,0,0
148,0.0,0.009900990099009901,0.051713128147329084,1.0,-0.0,0,0
149,0.0,0.009900990099009901,0.051713128147329084,1.0,-0.0,0,0
150,0.0,0.0,0.0,1.0,-0.0,0,0
151,0.0,0.0,0.0,1.0,-0.0,0,0
152,0.0,0.0,0.0,1.0,-0.0,0,0
153,0.0,0.0,0.0,1.0,-0.0,0,0
154,0.0,0.0,0.0,1.0,-0.0,0,0
155,0.0,0.0,0.0,1.0,-0.0,0,0
156,0.0,0.0,0.0,1.0,-0.0,0,0
157,0.0,0.013861386138613863,0.05079507064705211,1.0,-0.0,0,0
158,0.0,0.013861386138613863,0.05079507064705211,1.0,-0.0,0,0
159,0.0,0.013861386138613863,0.05079507064705211,1.0,-0.0,0,0
160,0.0,0.013861386138613863,0.05079507064705211,1.0,-0.0,0,0
161,0.0,0.013861386138613863,0.05079507064705211,1.0,-0.0,0,0
162,0.6,0.023762376237623766,0.06471340450838887,1.0268243895278132e-17,16.98850382434852,0,0
163,0.6,0.023762376237623766,0.06471340450838887,1.0268243895278132e-17,16.98850382434852,0,0
164,0.6,0.023762376237623766,0.06471340450838887,1.0268243895278132e-17,16.98850382434852,0,0
165,0.6,0.023762376237623766,0.06471340450838887,1.0268243895278132e-17,16.98850382434852,0,0
166,0.6,0.023762376237623766,0.06471340450838887,1.0268243895278132e-17,16.98850382434852,0,0
167,0.0,0.0059405940594059415,0.033953323167291584,1.0,-0.0,0,0
168,0.0,0.0059405940594059415,0.033953323167291584,1.0,-0.0,0,0
169,0.0,0.0059405940594059415,0.033953323167291584,1.0,-0.0,0,0
170,0.0,0.0059405940594059415,0.033953323167291584,1.0,-0.0,0,0
171,0.0,0.0059405940594059415,0.033953323167291584,1.0,-0.0,0,0
172,0.0,0.0,0.0,1.0,-0.0,0,0
173,0.0,0.0,0.0,1.0,-0.0,0,0
174,0.0,0.0,0.0,1.0,-0.0,0,0
175,0.0,0.0,0.0,1.0,-0.0,0,0
176,0.0,0.0,0.0,1.0,-0.0,0,0
177,0.0,0.0,0.0,1.0,-0.0,0,0
178,0.0,0.0,0.0,1.0,-0.0,0,0
179,0.0,0.0,0.0,1.0,-0.0,0,0
180,0.0,0.0,0.0,1.0,-0.0,0,0
181,0.0,0.0,0.0,1.0,-0.0,0,0
182,0.0,0.0,0.0,1.0,-0.0,0,0
183,0.0,0.0,0.0,1.0,-0.0,0,0
184,0.0,0.0,0.0,1.0,-0.0,0,0
185,0.0,0.017821782178217824,0.056980176514606566,1.0,-0.0,0,0
186,0.0,0.017821782178217824,0.056980176514606566,1.0,-0.0,0,0
187,0.0,0.05148514851485149,0.09186070102766893,1.0,-0.0,0,0
188,0.0,0.05148514851485149,0.09186070102766893,1.0,-0.0,0,0
189,0.0,0.0613861386138614,0.09644194583672018,1.0,-0.0,0,0
190,0.0,0.04356435643564357,0.08721867542790195,1.0,-0.0,0,0
191,0.0,0.04356435643564357,0.08721867542790195,1.0,-0.0,0,0
192,0.0,0.011881188118811881,0.047276579747775535,1.0,-0.0,0,0
193,0.0,0.011881188118811881,0.047276579747775535,1.0,-0.0,0,0
194,0.0,0.0019801980198019802,0.0198019801980198,1.0,-0.0,0,0
195,0.0,0.0019801980198019802,0.0198019801980198,1.0,-0.0,0,0
196,0.0,0.0019801980198019802,0.0198019801980198,1.0,-0.0,0,0
197,0.0,0.0,0.0,1.0,-0.0,0,0
198,0.0,0.0,0.0,1.0,-0.0,0,0
199,0.0,0.0019801980198019802,0.019801980198019802,1.0,-0.0,0,0
200,0.0,0.0019801980198019802,0.019801980198019802,1.0,-0.0,0,0
201,0.0,0.0019801980198019802,0.019801980198019802,1.0,-0.0,0,0
202,0.0,0.0019801980198019802,0.019801980198019802,1.0,-0.0,0,0
203,0.0,0.023762376237623766,0.06471340450838887,1.0,-0.0,0,0
204,0.0,0.021782178217821784,0.06230547612891991,1.0,-0.0,0,0
205,0.0,0.021782178217821784,0.06230547612891991,1.0,-0.0,0,0
206,0.0,0.043564356435643575,0.08721867542790195,1.0,-0.0,0,0
207,0.0,0.043564356435643575,0.08721867542790195,1.0,-0.0,0,0
208,0.0,0.021782178217821784,0.06230547612891991,1.0,-0.0,0,0
209,0.0,0.021782178217821784,0.06230547612891991,1.0,-0.0,0,0
210,0.0,0.021782178217821784,0.06230547612891991,1.0,-0.0,0,0
211,0.0,0.0,0.0,1.0,-0.0,0,0
212,0.0,0.0,0.0,1.0,-0.0,0,0
213,0.0,0.0,0.0,1.0,-0.0,0,0
214,0.0,0.0,0.0,1.0,-0.0,0,0
215,0.0,0.0,0.0,1.0,-0.0,0,0
216,0.0,0.0,0.0,1.0,-0.0,0,0
217,0.0,0.0,0.0,1.0,-0.0,0,0
218,0.0,0.0,0.0,1.0,-0.0,0,0
219,0.0,0.0,0.0,1.0,-0.0,0,0
220,0.0,0.0,0.0,1.0,-0.0,0,0
221,0.0,0.0,0.0,1.0,-0.0,0,0
222,0.0,0.0,0.0,1.0,-0.0,0,0
223,0.0,0.0,0.0,1.0,-0.0,0,0
224,0.0,0.0,0.0,1.0,-0.0,0,0
225,0.0,0.0,0.0,1.0,-0.0,0,0
226,0.0,0.0,0.0,1.0,-0.0,0,0
227,0.0,0.009900990099009901,0.0517131281473291,1.0,-0.0,0,0
228,0.0,0.009900990099009901,0.0517131281473291,1.0,-0.0,0,0
229,0.0,0.027722772277227727,0.07461957893630407,1.0,-0.0,0,0
230,0.0,0.027722772277227727,0.07461957893630407,1.0,-0.0,0,0
231,0.0,0.027722772277227727,0.07461957893630407,1.0,-0.0,0,0
232,0.0,0.017821782178217824,0.05698017651460656,1.0,-0.0,0,0
233,0.0,0.017821782178217824,0.05698017651460656,1.0,-0.0,0,0
234,0.0,0.0,0.0,1.0,-0.0,0,0
235,0.0,0.0,0.0,1.0,-0.0,0,0
236,0.0,0.0,0.0,1.0,-0.0,0,0
237,0.0,0.0,0.0,1.0,-0.0,0,0
238,0.0,0.0,0.0,1.0,-0.0,0,0
239,0.0,0.0,0.0,1.0,-0.0,0,0
240,0.0,0.0,0.0,1.0,-0.0,0,0
241,0.0,0.0,0.0,1.0,-0.0,0,0
242,0.0,0.0,0.0,1.0,-0.0,0,0
243,0.0,0.007920792079207921,0.03900537743285587,1.0,-0.0,0,0
244,0.0,0.011881188118811881,0.047276579747775535,1.0,-0.0,0,0
245,0.0,0.011881188118811881,0.047276579747775535,1.0,-0.0,0,0
246,0.0,0.011881188118811881,0.047276579747775535,1.0,-0.0,0,0
247,0.0,0.01386138613861386,0.05079507064705212,1.0,-0.0,0,0
248,0.0,0.0059405940594059415,0.03395332316729157,1.0,-0.0,0,0
249,0.0,0.0019801980198019802,0.019801980198019802,1.0,-0.0,0,0
250,0.0,0.0019801980198019802,0.019801980198019802,1.0,-0.0,0,0
251,0.0,0.0019801980198019802,0.019801980198019802,1.0,-0.0,0,0
252,0.0,0.0,0.0,1.0,-0.0,0,0
253,0.2,0.03762376237623763,0.08307396817189318,0.025315250600093615,1.5966177690988217,0,0
254,0.2,0.04554455445544555,0.09283729243351321,0.04808399917069303,1.3179994190099724,0,0
255,0.2,0.04554455445544555,0.09283729243351321,0.04808399917069303,1.3179994190099724,0,0
256,0.2,0.04554455445544555,0.09283729243351321,0.04808399917069303,1.3179994190099724,0,0
257,0.2,0.04554455445544555,0.09283729243351321,0.04808399917069303,1.3179994190099724,0,0
258,0.0,0.007920792079207921,0.03900537743285587,1.0,-0.0,0,0
259,0.0,0.0,0.0,1.0,-0.0,0,0
260,0.0,0.0,0.0,1.0,-0.0,0,0
261,0.0,0.009900990099009901,0.04338396495090424,1.0,-0.0,0,0
262,0.0,0.039603960396039604,0.07970143286137867,1.0,-0.0,0,0
263,0.0,0.039603960396039604,0.07970143286137867,1.0,-0.0,0,0
264,0.0,0.05346534653465348,0.09287951999650354,1.0,-0.0,0,0
265,0.0,0.05346534653465348,0.09287951999650354,1.0,-0.0,0,0
266,0.0,0.043564356435643575,0.08721867542790196,1.0,-0.0,0,0
267,0.0,0.013861386138613863,0.05079507064705211,1.0,-0.0,0,0
268,0.0,0.05346534653465347,0.09704990696905227,1.0,-0.0,0,0
269,0.0,0.039603960396039604,0.07970143286137867,1.0,-0.0,0,0
270,0.0,0.039603960396039604,0.07970143286137867,1.0,-0.0,0,0
271,0.0,0.039603960396039604,0.07970143286137867,1.0,-0.0,0,0
272,0.0,0.039603960396039604,0.07970143286137867,1.0,-0.0,0,0
273,0.0,0.0,0.0,1.0,-0.0,0,0
274,0.0,0.0,0.0,1.0,-0.0,0,0
275,0.0,0.0,0.0,1.0,-0.0,0,0
276,0.0,0.0,0.0,1.0,-0.0,0,0
277,0.0,0.0,0.0,1.0,-0.0,0,0
278,0.0,0.0,0.0,1.0,-0.0,0,0
279,0.0,0.0,0.0,1.0,-0.0,0,0
280,0.0,0.0,0.0,1.0,-0.0,0,0
281,0.0,0.0,0.0,1.0,-0.0,0,0
282,0.0,0.0,0.0,1.0,-0.0,0,0
283,0.0,0.0039603960396039604,0.027863855998951068,1.0,-0.0,0,0
284,0.0,0.0039603960396039604,0.027863855998951068,1.0,-0.0,0,0
285,0.0,0.009900990099009901,0.04338396495090425,1.0,-0.0,0,0
286,0.0,0.009900990099009901,0.04338396495090425,1.0,-0.0,0,0
287,0.0,0.013861386138613863,0.05079507064705211,1.0,-0.0,0,0
288,0.0,0.009900990099009901,0.04338396495090424,1.0,-0.0,0,0
289,0.0,0.009900990099009901,0.04338396495090424,1.0,-0.0,0,0
290,0.2,0.01386138613861386,0.05079507064705211,0.00012391038159364294,3.90689230556944,0,0
291,0.2,0.01386138613861386,0.05079507064705211,0.00012391038159364294,3.90689230556944,0,0
292,0.2,0.009900990099009901,0.04338396495090424,5.885669548817485e-06,5.230204125035219,0,0
293,0.2,0.009900990099009901,0.04338396495090424,5.885669548817485e-06,5.230204125035219,0,0
294,0.2,0.009900990099009901,0.04338396495090424,5.885669548817485e-06,5.230204125035219,0,0
295,0.2,0.06732673267326733,0.1135467024699521,0.12131331785204298,0.9160915193958917,0,0
296,0.2,0.06732673267326733,0.1135467024699521,0.12131331785204298,0.9160915193958917,0,0
297,0.2,0.06732673267326733,0.1135467024699521,0.12131331785204298,0.9160915193958917,0,0
298,0.2,0.06732673267326733,0.1135467024699521,0.12131331785204298,0.9160915193958917,0,0
299,0.2,0.06732673267326733,0.1135467024699521,0.12131331785204298,0.9160915193958917,0,0
300,0.0,0.0,0.0,1.0,-0.0,0,0
301,0.0,0.0,0.0,1.0,-0.0,0,0
302,0.0,0.015841584158415842,0.05401260078014202,1.0,-0.0,0,0
303,0.0,0.015841584158415842,0.05401260078014202,1.0,-0.0,0,0
304,0.0,0.015841584158415842,0.05401260078014202,1.0,-0.0,0,0
305,0.0,0.015841584158415842,0.05401260078014202,1.0,-0.0,0,0
306,0.0,0.015841584158415842,0.05401260078014202,1.0,-0.0,0,0
307,0.0,0.0,0.0,1.0,-0.0,0,0
308,0.0,0.023762376237623766,0.06471340450838889,1.0,-0.0,0,0
309,0.0,0.023762376237623766,0.06471340450838889,1.0,-0.0,0,0
310,0.0,0.023762376237623766,0.06471340450838889,1.0,-0.0,0,0
311,0.0,0.023762376237623766,0.06471340450838889,1.0,-0.0,0,0
312,0.0,0.023762376237623766,0.06471340450838889,1.0,-0.0,0,0
313,0.0,0.0039603960396039604,0.027863855998951068,1.0,-0.0,0,0
314,0.0,0.0039603960396039604,0.027863855998951068,1.0,-0.0,0,0
315,0.0,0.0039603960396039604,0.027863855998951068,1.0,-0.0,0,0
316,0.0,0.0039603960396039604,0.027863855998951068,1.0,-0.0,0,0
317,0.0,0.0039603960396039604,0.027863855998951068,1.0,-0.0,0,0
318,0.0,0.0,0.0,1.0,-0.0,0,0
319,0.0,0.0,0.0,1.0,-0.0,0,0
320,0.0,0.03762376237623762,0.09631989312487374,1.0,-0.0,0,0
321,0.0,0.03762376237623762,0.09631989312487374,1.0,-0.0,0,0
322,0.0,0.03762376237623762,0.09631989312487374,1.0,-0.0,0,0
323,0.0,0.03762376237623762,0.09631989312487374,1.0,-0.0,0,0
324,0.0,0.03762376237623762,0.09631989312487374,1.0,-0.0,0,0
325,0.0,0.0,0.0,1.0,-0.0,0,0
326,0.0,0.0,0.0,1.0,-0.0,0,0
327,0.0,0.0039603960396039604,0.027863855998951064,1.0,-0.0,0,0
328,0.0,0.0039603960396039604,0.027863855998951064,1.0,-0.0,0,0
329,0.0,0.0039603960396039604,0.027863855998951064,1.0,-0.0,0,0
330,0.0,0.0039603960396039604,0.027863855998951064,1.0,-0.0,0,0
331,0.0,0.0039603960396039604,0.027863855998951064,1.0,-0.0,0,0
332,0.0,0.049504950495049514,0.09912864166957489,1.0,-0.0,0,0
333,0.0,0.049504950495049514,0.09912864166957489,1.0,-0.0,0,0
334,0.0,0.049504950495049514,0.09912864166957489,1.0,-0.0,0,0
335,0.0,0.049504950495049514,0.09912864166957489,1.0,-0.0,0,0
336,0.0,0.05544554455445545,0.1019369320889802,1.0,-0.0,0,0
337,0.0,0.0059405940594059415,0.03395332316729158,1.0,-0.0,0,0
338,0.0,0.0059405940594059415,0.03395332316729158,1.0,-0.0,0,0
339,0.0,0.0059405940594059415,0.03395332316729158,1.0,-0.0,0,0
340,0.0,0.02970297029702971,0.07648795214189294,1.0,-0.0,0,0
341,0.0,0.023762376237623766,0.06471340450838889,1.0,-0.0,0,0
342,0.0,0.0297029702970297,0.07112192077650681,1.0,-0.0,0,0
343,0.0,0.03762376237623763,0.07816140339006158,1.0,-0.0,0,0
344,0.0,0.03762376237623763,0.07816140339006158,1.0,-0.0,0,0
345,0.0,0.019801980198019802,0.059735061897023205,1.0,-0.0,0,0
346,0.0,0.027722772277227727,0.07461957893630407,1.0,-0.0,0,0
347,0.0,0.021782178217821784,0.06836703565002801,1.0,-0.0,0,0
348,0.0,0.01386138613861386,0.05079507064705211,1.0,-0.0,0,0
349,0.0,0.01386138613861386,0.05079507064705211,1.0,-0.0,0,0
350,0.0,0.007920792079207921,0.03900537743285587,1.0,-0.0,0,0
351,0.0,0.0,0.0,1.0,-0.0,0,0
352,0.2,0.04950495049504951,0.1104659459879711,0.08654120333495531,1.0627770703333006,0,0
353,0.2,0.04950495049504951,0.1104659459879711,0.08654120333495531,1.0627770703333006,0,0
354,0.4,0.06534653465346535,0.11976515267356391,0.0026010332731580374,2.5848540921499543,0,0
355,0.4,0.06534653465346535,0.11976515267356391,0.0026010332731580374,2.5848540921499543,0,0
356,0.4,0.06534653465346535,0.11976515267356391,0.0026010332731580374,2.5848540921499543,0,0
357,0.4,0.03762376237623763,0.07816140339006158,1.773886841056072e-06,5.751074087927284,0,0
358,0.4,0.03762376237623763,0.07816140339006158,1.773886841056072e-06,5.751074087927284,0,0
359,0.2,0.041584158415841586,0.09039772047931348,0.03984979219979861,1.3995739389282478,0,0
360,0.2,0.041584158415841586,0.09039772047931348,0.03984979219979861,1.3995739389282478,0,0
361,0.2,0.041584158415841586,0.09039772047931348,0.03984979219979861,1.3995739389282478,0,0
362,0.0,0.019801980198019802,0.059735061897023205,1.0,-0.0,0,0
363,0.0,0.019801980198019802,0.059735061897023205,1.0,-0.0,0,0
364,0.0,0.0,0.0,1.0,-0.0,0,0
365,0.0,0.0,0.0,1.0,-0.0,0,0
366,0.0,0.0,0.0,1.0,-0.0,0,0
367,0.0,0.0,0.0,1.0,-0.0,0,0
368,0.0,0.0,0.0,1.0,-0.0,0,0
369,0.0,0.0,0.0,1.0,-0.0,0,0
370,0.0,0.023762376237623766,0.07056843438101175,1.0,-0.0,0,0
371,0.0,0.023762376237623766,0.07056843438101175,1.0,-0.0,0,0
372,0.0,0.023762376237623766,0.07056843438101175,1.0,-0.0,0,0
373,0.0,0.023762376237623766,0.07056843438101175,1.0,-0.0,0,0
374,0.0,0.023762376237623766,0.07056843438101175,1.0,-0.0,0,0
375,0.0,0.0,0.0,1.0,-0.0,0,0
376,0.0,0.0,0.0,1.0,-0.0,0,0
377,0.0,0.013861386138613863,0.05079507064705211,1.0,-0.0,0,0
378,0.0,0.013861386138613863,0.05079507064705211,1.0,-0.0,0,0
379,0.0,0.013861386138613863,0.05079507064705211,1.0,-0.0,0,0
380,0.0,0.013861386138613863,0.05079507064705211,1.0,-0.0,0,0
381,0.0,0.013861386138613863,0.05079507064705211,1.0,-0.0,0,0
382,0.0,0.0,0.0,1.0,-0.0,0,0
383,0.0,0.0,0.0,1.0,-0.0,0,0
384,0.0,0.0,0.0,1.0,-0.0,0,0
385,0.0,0.0,0.0,1.0,-0.0,0,0
386,0.0,0.015841584158415842,0.06090517425437506,1.0,-0.0,0,0
387,0.0,0.023762376237623766,0.07056843438101175,1.0,-0.0,0,0
388,0.0,0.041584158415841586,0.09039772047931348,1.0,-0.0,0,0
389,0.0,0.04356435643564357,0.09587103712404123,1.0,-0.0,0,0
390,0.0,0.04356435643564357,0.09587103712404123,1.0,-0.0,0,0
391,0.0,0.027722772277227727,0.07461957893630407,1.0,-0.0,0,0
392,0.0,0.08118811881188118,0.12325042629382527,1.0,-0.0,0,0
393,0.0,0.06336633663366337,0.10874875419996817,1.0,-0.0,0,0
394,0.0,0.0613861386138614,0.10433219700847123,1.0,-0.0,0,0
395,0.0,0.08712871287128714,0.12401163019288061,1.0,-0.0,0,0
396,0.0,0.13267326732673265,0.1442693512878177,1.0,-0.0,0,0
397,0.0,0.06930693069306931,0.10316052497133552,1.0,-0.0,0,0
398,0.0,0.06930693069306931,0.10316052497133552,1.0,-0.0,0,0
399,0.0,0.06930693069306931,0.10316052497133552,1.0,-0.0,0,0
400,0.0,0.07524752475247526,0.11553229422427584,1.0,-0.0,0,0
401,0.0,0.031683168316831684,0.07826167463512675,1.0,-0.0,0,0
402,0.0,0.031683168316831684,0.07826167463512675,1.0,-0.0,0,0
403,0.0,0.031683168316831684,0.07826167463512675,1.0,-0.0,0,0
404,0.0,0.031683168316831684,0.07826167463512675,1.0,-0.0,0,0
405,0.0,0.009900990099009901,0.04338396495090424,1.0,-0.0,0,0
406,0.0,0.009900990099009901,0.04338396495090424,1.0,-0.0,0,0
407,0.0,0.009900990099009901,0.04338396495090424,1.0,-0.0,0,0
408,0.0,0.009900990099009901,0.04338396495090424,1.0,-0.0,0,0
409,0.0,0.03762376237623763,0.08307396817189318,1.0,-0.0,0,0
410,0.0,0.049504950495049514,0.09078727434730813,1.0,-0.0,0,0
411,0.0,0.049504950495049514,0.09078727434730813,1.0,-0.0,0,0
412,0.0,0.06930693069306931,0.12084076279122662,1.0,-0.0,0,0
413,0.0,0.06930693069306931,0.12084076279122662,1.0,-0.0,0,0
414,0.0,0.041584158415841586,0.09467748980500532,1.0,-0.0,0,0
415,0.0,0.019801980198019802,0.06603299802191316,1.0,-0.0,0,0
416,0.0,0.021782178217821784,0.06836703565002801,1.0,-0.0,0,0
417,0.0,0.0019801980198019802,0.019801980198019802,1.0,-0.0,0,0
418,0.0,0.0019801980198019802,0.019801980198019802,1.0,-0.0,0,0
419,0.0,0.0019801980198019802,0.019801980198019802,1.0,-0.0,0,0
420,0.0,0.0019801980198019802,0.019801980198019802,1.0,-0.0,0,0
421,0.0,0.0,0.0,1.0,-0.0,0,0
422,0.0,0.011881188118811883,0.047276579747775535,1.0,-0.0,0,0
423,0.0,0.011881188118811883,0.047276579747775535,1.0,-0.0,0,0
424,0.0,0.011881188118811883,0.047276579747775535,1.0,-0.0,0,0
425,0.0,0.011881188118811883,0.047276579747775535,1.0,-0.0,0,0
426,0.0,0.05346534653465347,0.09287951999650357,1.0,-0.0,0,0
427,0.0,0.041584158415841586,0.08590499787518362,1.0,-0.0,0,0
428,0.0,0.041584158415841586,0.08590499787518362,1.0,-0.0,0,0
429,0.0,0.06732673267326733,0.10634234916512914,1.0,-0.0,0,0
430,0.2,0.1089108910891089,0.14494724878689189,0.26486134954069185,0.5769814124309087,0,0
431,0.2,0.07920792079207921,0.1261123431927973,0.16907845647801423,0.771911725511465,0,0
432,0.2,0.07920792079207921,0.1261123431927973,0.16907845647801423,0.771911725511465,0,0
433,0.2,0.09900990099009901,0.12781100644043505,0.2147195555966383,0.6681284003660174,0,0
434,0.2,0.07326732673267328,0.10038647014365605,0.10339385835372795,0.9855052577827257,0,0
435,0.0,0.031683168316831684,0.0730260947112308,1.0,-0.0,0,0
436,0.0,0.05544554455445545,0.09384550979067555,1.0,-0.0,0,0
437,0.2,0.07326732673267326,0.13117223890438964,0.1669833918620407,0.7773267215551205,0,0
438,0.2,0.05346534653465347,0.12552019003358794,0.12152060295015733,0.9153500842960555,0,0
439,0.2,0.05346534653465347,0.12552019003358794,0.12152060295015733,0.9153500842960555,0,0
440,0.2,0.09306930693069305,0.15811853289249214,0.24943487340042764,0.6030428280563923,0,0
441,0.2,0.057425742574257435,0.13000116880926615,0.136382955593768,0.8652399020703305,0,0
442,0.0,0.039603960396039604,0.10537928471802037,1.0,-0.0,0,0
443,0.0,0.039603960396039604,0.10537928471802037,1.0,-0.0,0,0
444,0.0,0.039603960396039604,0.10537928471802037,1.0,-0.0,0,0
445,0.0,0.007920792079207921,0.03900537743285587,1.0,-0.0,0,0
446,0.0,0.007920792079207921,0.03900537743285587,1.0,-0.0,0,0
447,0.0,0.007920792079207921,0.03900537743285587,1.0,-0.0,0,0
448,0.0,0.007920792079207921,0.03900537743285587,1.0,-0.0,0,0
449,0.0,0.007920792079207921,0.03900537743285587,1.0,-0.0,0,0
450,0.0,0.0,0.0,1.0,-0.0,0,0
451,0.0,0.0039603960396039604,0.027863855998951064,1.0,-0.0,0,0
452,0.0,0.0039603960396039604,0.027863855998951064,1.0,-0.0,0,0
453,0.0,0.0039603960396039604,0.027863855998951064,1.0,-0.0,0,0
454,0.0,0.05148514851485149,0.09607532254026299,1.0,-0.0,0,0
455,0.0,0.06732673267326733,0.12356816445008076,1.0,-0.0,0,0
456,0.0,0.06336633663366337,0.11580349716604711,1.0,-0.0,0,0
457,0.0,0.09702970297029702,0.1396285351588451,1.0,-0.0,0,0
458,0.0,0.09702970297029702,0.1396285351588451,1.0,-0.0,0,0
459,0.0,0.1207920792079208,0.1594028657227573,1.0,-0.0,0,0
460,0.0,0.10495049504950495,0.1395723579145037,1.0,-0.0,0,0
461,0.0,0.1603960396039604,0.17804171717219025,1.0,-0.0,0,0
462,0.2,0.1287128712871287,0.16550949460567813,0.3333384496102346,0.47711458885834057,0,0
463,0.2,0.1287128712871287,0.16550949460567813,0.3333384496102346,0.47711458885834057,0,0
464,0.2,0.06534653465346536,0.11295810453031022,0.11661777127180524,0.9332352628086957,0,0
465,0.2,0.14257425742574253,0.1575471230171571,0.3577427723232268,0.44642913177321253,0,0
466,0.2,0.08712871287128712,0.127165103825761,0.18737894802554306,0.7272792035758483,0,0
467,0.0,0.08316831683168316,0.12670172889541698,1.0,-0.0,0,0
468,0.0,0.08316831683168316,0.12670172889541698,1.0,-0.0,0,0
469,0.0,0.07524752475247526,0.1189108498693262,1.0,-0.0,0,0
470,0.0,0.0,0.0,1.0,-0.0,0,0
471,0.0,0.0,0.0,1.0,-0.0,0,0
472,0.0,0.0,0.0,1.0,-0.0,0,0
473,0.0,0.0,0.0,1.0,-0.0,0,0
474,0.0,0.0,0.0,1.0,-0.0,0,0
475,0.0,0.0,0.0,1.0,-0.0,0,0
476,0.0,0.0,0.0,1.0,-0.0,0,0
477,0.0,0.0,0.0,1.0,-0.0,0,0
478,0.0,0.033663366336633666,0.07994704648786674,1.0,-0.0,0,0
479,0.0,0.033663366336633666,0.07994704648786674,1.0,-0.0,0,0
480,0.0,0.033663366336633666,0.07994704648786674,1.0,-0.0,0,0
481,0.0,0.033663366336633666,0.07994704648786674,1.0,-0.0,0,0
482,0.0,0.049504950495049514,0.09504950495049506,1.0,-0.0,0,0
483,0.0,0.01782178217821782,0.05698017651460657,1.0,-0.0,0,0
484,0.0,0.01782178217821782,0.05698017651460657,1.0,-0.0,0,0
485,0.0,0.06534653465346535,0.1197651526735639,1.0,-0.0,0,0
486,0.0,0.11485148514851483,0.14984225277142663,1.0,-0.0,0,0
487,0.0,0.13663366336633662,0.17103226044902323,1.0,-0.0,0,0
488,0.0,0.1584158415841584,0.18523056370168028,1.0,-0.0,0,0
489,0.0,0.16237623762376235,0.18819175240422528,1.0,-0.0,0,0
490,0.0,0.11287128712871286,0.1577461090428074,1.0,-0.0,0,0
491,0.0,0.06336633663366338,0.1224524739306163,1.0,-0.0,0,0
492,0.0,0.025742574257425745,0.0669763743575753,1.0,-0.0,0,0
493,0.0,0.039603960396039604,0.08452453849668534,1.0,-0.0,0,0
494,0.0,0.03564356435643565,0.07653920035678292,1.0,-0.0,0,0
495,0.0,0.03564356435643565,0.07653920035678292,1.0,-0.0,0,0
496,0.0,0.03564356435643565,0.07653920035678292,1.0,-0.0,0,0
497,0.0,0.0594059405940594,0.09968089464279778,1.0,-0.0,0,0
498,0.0,0.023762376237623766,0.07597356868614212,1.0,-0.0,0,0
499,0.0,0.023762376237623766,0.07597356868614212,1.0,-0.0,0,0
500,0.0,0.03564356435643565,0.09074407316744237,1.0,-0.0,0,0
501,0.0,0.04554455445544556,0.10100951085035129,1.0,-0.0,0,0
502,0.0,0.03762376237623763,0.09211646217515253,1.0,-0.0,0,0
503,0.0,0.03762376237623763,0.09211646217515253,1.0,-0.0,0,0
504,0.0,0.03762376237623763,0.09211646217515253,1.0,-0.0,0,0
505,0.0,0.025742574257425748,0.07264925278354116,1.0,-0.0,0,0
506,0.0,0.015841584158415842,0.05401260078014202,1.0,-0.0,0,0
507,0.0,0.0,0.0,1.0,-0.0,0,0
508,0.0,0.0,0.0,1.0,-0.0,0,0
509,0.0,0.0,0.0,1.0,-0.0,0,0
510,0.0,0.0,0.0,1.0,-0.0,0,0
511,0.0,0.0,0.0,1.0,-0.0,0,0
512,0.0,0.0,0.0,1.0,-0.0,0,0
513,0.0,0.0,0.0,1.0,-0.0,0,0
514,0.0,0.0,0.0,1.0,-0.0,0,0
515,0.0,0.0,0.0,1.0,-0.0,0,0
516,0.0,0.0,0.0,1.0,-0.0,0,0
517,0.0,0.0,0.0,1.0,-0.0,0,0
518,0.2,0.04356435643564357,0.08721867542790195,0.036438310127516485,1.438441772185106,0,0
519,0.2,0.04356435643564357,0.08721867542790195,0.036438310127516485,1.438441772185106,0,0
520,0.2,0.04356435643564357,0.08721867542790195,0.036438310127516485,1.438441772185106,0,0
521,0.2,0.04356435643564357,0.08721867542790195,0.036438310127516485,1.438441772185106,0,0
522,0.2,0.04356435643564357,0.08721867542790195,0.036438310127516485,1.438441772185106,0,0
523,0.0,0.0,0.0,1.0,-0.0,0,0
524,1.0,0.12079207920792079,0.12611234319279727,1.5665176948698098e-12,11.805064695106621,0,0
525,1.0,0.12079207920792079,0.12611234319279727,1.5665176948698098e-12,11.805064695106621,0,0
526,1.0,0.12079207920792079,0.12611234319279727,1.5665176948698098e-12,11.805064695106621,0,0
527,1.0,0.14653465346534653,0.15387043310940526,1.4559790373941763e-08,7.836844877776809,0,0
528,1.0,0.14653465346534653,0.15387043310940526,1.4559790373941763e-08,7.836844877776809,0,0
529,0.0,0.025742574257425745,0.07791016068477624,1.0,-0.0,0,0
530,0.0,0.025742574257425745,0.07791016068477624,1.0,-0.0,0,0
531,0.0,0.025742574257425745,0.07791016068477624,1.0,-0.0,0,0
532,0.0,0.0,0.0,1.0,-0.0,0,0
533,0.0,0.0,0.0,1.0,-0.0,0,0
534,0.0,0.0,0.0,1.0,-0.0,0,0
535,0.0,0.0,0.0,1.0,-0.0,0,0
536,0.0,0.05346534653465347,0.10489443673781407,1.0,-0.0,0,0
537,0.0,0.05346534653465347,0.10489443673781407,1.0,-0.0,0,0
538,0.0,0.05346534653465347,0.10489443673781407,1.0,-0.0,0,0
539,0.0,0.05346534653465347,0.10489443673781407,1.0,-0.0,0,0
540,0.0,0.05346534653465347,0.10489443673781407,1.0,-0.0,0,0
541,0.0,0.007920792079207921,0.03900537743285587,1.0,-0.0,0,0
542,0.0,0.007920792079207921,0.03900537743285587,1.0,-0.0,0,0
543,0.0,0.007920792079207921,0.03900537743285587,1.0,-0.0,0,0
544,0.0,0.007920792079207921,0.03900537743285587,1.0,-0.0,0,0
545,0.0,0.03168316831683169,0.07826167463512676,1.0,-0.0,0,0
546,0.0,0.023762376237623766,0.06471340450838889,1.0,-0.0,0,0
547,0.0,0.023762376237623766,0.06471340450838889,1.0,-0.0,0,0
548,0.0,0.02772277227722773,0.06910862719451545,1.0,-0.0,0,0
549,0.2,0.02970297029702971,0.07112192077650681,0.008322928729312118,2.079723824290396,0,0
550,0.2,0.0059405940594059415,0.03395332316729158,5.469865928325192e-09,8.262023318511567,0,0
551,0.2,0.0059405940594059415,0.03395332316729158,5.469865928325192e-09,8.262023318511567,0,0
552,0.2,0.0059405940594059415,0.03395332316729158,5.469865928325192e-09,8.262023318511567,0,0
553,0.2,0.04356435643564357,0.08721867542790195,0.036438310127516485,1.438441772185106,0,0
554,0.0,0.041584158415841586,0.08590499787518362,1.0,-0.0,0,0
555,0.0,0.041584158415841586,0.08590499787518362,1.0,-0.0,0,0
556,0.0,0.04554455445544555,0.08846854615322249,1.0,-0.0,0,0
557,0.0,0.04554455445544555,0.08846854615322249,1.0,-0.0,0,0
558,0.0,0.0039603960396039604,0.027863855998951068,1.0,-0.0,0,0
559,0.0,0.0039603960396039604,0.027863855998951068,1.0,-0.0,0,0
560,0.0,0.039603960396039604,0.09757374253271223,1.0,-0.0,0,0
561,0.0,0.03564356435643565,0.09500824186847648,1.0,-0.0,0,0
562,0.0,0.03564356435643565,0.09500824186847648,1.0,-0.0,0,0
563,0.0,0.03564356435643565,0.09500824186847648,1.0,-0.0,0,0
564,0.0,0.03564356435643565,0.09500824186847648,1.0,-0.0,0,0
565,0.0,0.0,0.0,1.0,-0.0,0,0
566,0.0,0.0,0.0,1.0,-0.0,0,0
567,0.0,0.0,0.0,1.0,-0.0,0,0
568,0.0,0.0,0.0,1.0,-0.0,0,0
569,0.0,0.0,0.0,1.0,-0.0,0,0
570,0.0,0.0,0.0,1.0,-0.0,0,0
571,0.0,0.0,0.0,1.0,-0.0,0,0
572,0.0,0.0,0.0,1.0,-0.0,0,0
573,0.0,0.0,0.0,1.0,-0.0,0,0
574,0.0,0.0,0.0,1.0,-0.0,0,0
575,0.0,0.0,0.0,1.0,-0.0,0,0
576,0.0,0.0,0.0,1.0,-0.0,0,0
577,0.0,0.0,0.0,1.0,-0.0,0,0
578,0.0,0.0,0.0,1.0,-0.0,0,0
579,0.0,0.0,0.0,1.0,-0.0,0,0
580,0.0,0.0,0.0,1.0,-0.0,0,0
581,0.0,0.1386138613861386,0.15088537189345533,1.0,-0.0,0,0
582,0.0,0.1386138613861386,0.15088537189345533,1.0,-0.0,0,0
583,0.0,0.1386138613861386,0.15088537189345533,1.0,-0.0,0,0
584,0.0,0.1386138613861386,0.15088537189345533,1.0,-0.0,0,0
585,0.0,0.1386138613861386,0.15088537189345533,1.0,-0.0,0,0
586,0.0,0.0,0.0,1.0,-0.0,0,0
587,0.0,0.0,0.0,1.0,-0.0,0,0
588,0.0,0.0,0.0,1.0,-0.0,0,0
589,0.0,0.02772277227722773,0.06910862719451545,1.0,-0.0,0,0
590,0.0,0.02772277227722773,0.06910862719451545,1.0,-0.0,0,0
591,0.0,0.02772277227722773,0.06910862719451545,1.0,-0.0,0,0
592,0.0,0.02772277227722773,0.06910862719451545,1.0,-0.0,0,0
593,0.0,0.02772277227722773,0.06910862719451545,1.0,-0.0,0,0
594,0.0,0.0,0.0,1.0,-0.0,0,0
595,0.0,0.0,0.0,1.0,-0.0,0,0
596,0.0,0.0019801980198019802,0.0198019801980198,1.0,-0.0,0,0
597,0.0,0.0019801980198019802,0.0198019801980198,1.0,-0.0,0,0
598,0.0,0.0019801980198019802,0.0198019801980198,1.0,-0.0,0,0
599,0.0,0.0019801980198019802,0.0198019801980198,1.0,-0.0,0,0
600,0.0,0.031683168316831684,0.0730260947112308,1.0,-0.0,0,0
601,0.0,0.0297029702970297,0.07112192077650681,1.0,-0.0,0,0
602,0.0,0.039603960396039604,0.08452453849668534,1.0,-0.0,0,0
603,0.0,0.039603960396039604,0.08452453849668534,1.0,-0.0,0,0
604,0.0,0.039603960396039604,0.08452453849668534,1.0,-0.0,0,0
605,0.0,0.015841584158415842,0.06090517425437506,1.0,-0.0,0,0
606,0.0,0.07326732673267326,0.13117223890438964,1.0,-0.0,0,0
607,0.0,0.06336633663366337,0.1256450857759628,1.0,-0.0,0,0
608,0.0,0.06336633663366337,0.1256450857759628,1.0,-0.0,0,0
609,0.0,0.06336633663366337,0.1256450857759628,1.0,-0.0,0,0
610,0.0,0.057425742574257435,0.11718356139020587,1.0,-0.0,0,0
611,0.0,0.0,0.0,1.0,-0.0,0,0
612,0.0,0.0,0.0,1.0,-0.0,0,0
613,0.0,0.0,0.0,1.0,-0.0,0,0
614,0.0,0.0,0.0,1.0,-0.0,0,0
615,0.0,0.0,0.0,1.0,-0.0,0,0
616,0.0,0.0,0.0,1.0,-0.0,0,0
617,0.0,0.0,0.0,1.0,-0.0,0,0
618,0.0,0.023762376237623766,0.06471340450838887,1.0,-0.0,0,0
619,0.0,0.023762376237623766,0.06471340450838887,1.0,-0.0,0,0
620,0.0,0.02970297029702971,0.07112192077650681,1.0,-0.0,0,0
621,0.0,0.057425742574257435,0.11021718851545144,1.0,-0.0,0,0
622,0.0,0.057425742574257435,0.11021718851545144,1.0,-0.0,0,0
623,0.0,0.04752475247524753,0.09809478080396702,1.0,-0.0,0,0
624,0.0,0.05148514851485149,0.10773441987117183,1.0,-0.0,0,0
625,0.0,0.04554455445544554,0.09700949476369022,1.0,-0.0,0,0
626,0.0,0.017821782178217824,0.0635517090529949,1.0,-0.0,0,0
627,0.0,0.017821782178217824,0.0635517090529949,1.0,-0.0,0,0
628,0.0,0.031683168316831684,0.0730260947112308,1.0,-0.0,0,0
629,0.0,0.027722772277227727,0.06910862719451544,1.0,-0.0,0,0
630,0.0,0.027722772277227727,0.06910862719451544,1.0,-0.0,0,0
631,0.0,0.027722772277227727,0.06910862719451544,1.0,-0.0,0,0
632,0.0,0.027722772277227727,0.06910862719451544,1.0,-0.0,0,0
633,0.0,0.0,0.0,1.0,-0.0,0,0
634,0.0,0.0039603960396039604,0.027863855998951064,1.0,-0.0,0,0
635,0.0,0.0039603960396039604,0.027863855998951064,1.0,-0.0,0,0
636,0.0,0.0039603960396039604,0.027863855998951064,1.0,-0.0,0,0
637,0.0,0.0039603960396039604,0.027863855998951064,1.0,-0.0,0,0
638,0.0,0.12475247524752475,0.16614793634378636,1.0,-0.0,0,0
639,0.0,0.12079207920792076,0.1594028657227573,1.0,-0.0,0,0
640,0.0,0.12079207920792076,0.1594028657227573,1.0,-0.0,0,0
641,0.0,0.15247524752475247,0.17382935720677029,1.0,-0.0,0,0
642,0.0,0.15247524752475247,0.17382935720677029,1.0,-0.0,0,0
643,0.0,0.09306930693069307,0.15041686348382532,1.0,-0.0,0,0
644,0.0,0.09306930693069307,0.15041686348382532,1.0,-0.0,0,0
645,0.0,0.09306930693069307,0.15041686348382532,1.0,-0.0,0,0
646,0.0,0.06336633663366337,0.1158034971660471,1.0,-0.0,0,0
647,0.0,0.07920792079207921,0.12293186689242579,1.0,-0.0,0,0
648,0.0,0.02772277227722773,0.07461957893630405,1.0,-0.0,0,0
649,0.0,0.02772277227722773,0.07461957893630405,1.0,-0.0,0,0
650,0.0,0.02772277227722773,0.07461957893630405,1.0,-0.0,0,0
651,0.0,0.033663366336633666,0.07994704648786674,1.0,-0.0,0,0
652,0.0,0.017821782178217824,0.05698017651460656,1.0,-0.0,0,0
653,0.0,0.05148514851485149,0.1001126705723924,1.0,-0.0,0,0
654,0.0,0.05148514851485149,0.1001126705723924,1.0,-0.0,0,0
655,0.0,0.05148514851485149,0.1001126705723924,1.0,-0.0,0,0
656,0.0,0.04554455445544555,0.09700949476369022,1.0,-0.0,0,0
657,0.0,0.04554455445544555,0.09700949476369022,1.0,-0.0,0,0
658,0.0,0.0,0.0,1.0,-0.0,0,0
659,0.0,0.0,0.0,1.0,-0.0,0,0
660,0.0,0.0,0.0,1.0,-0.0,0,0
661,0.0,0.009900990099009901,0.04338396495090425,1.0,-0.0,0,0
662,0.0,0.009900990099009901,0.04338396495090425,1.0,-0.0,0,0
663,0.0,0.009900990099009901,0.04338396495090425,1.0,-0.0,0,0
664,0.0,0.009900990099009901,0.04338396495090425,1.0,-0.0,0,0
665,0.0,0.009900990099009901,0.04338396495090425,1.0,-0.0,0,0
666,0.0,0.033663366336633666,0.07994704648786674,1.0,-0.0,0,0
667,0.0,0.033663366336633666,0.07994704648786674,1.0,-0.0,0,0
668,0.0,0.06336633663366337,0.11233152161332938,1.0,-0.0,0,0
669,0.0,0.06336633663366337,0.11233152161332938,1.0,-0.0,0,0
670,0.0,0.06336633663366337,0.11233152161332938,1.0,-0.0,0,0
671,0.0,0.0297029702970297,0.07648795214189294,1.0,-0.0,0,0
672,0.0,0.0297029702970297,0.07648795214189294,1.0,-0.0,0,0
673,0.0,0.0,0.0,1.0,-0.0,0,0
674,0.0,0.0019801980198019802,0.019801980198019802,1.0,-0.0,0,0
675,0.0,0.0019801980198019802,0.019801980198019802,1.0,-0.0,0,0
676,0.0,0.0019801980198019802,0.019801980198019802,1.0,-0.0,0,0
677,0.0,0.013861386138613863,0.05079507064705211,1.0,-0.0,0,0
678,0.0,0.013861386138613863,0.05079507064705211,1.0,-0.0,0,0
679,0.0,0.011881188118811881,0.047276579747775535,1.0,-0.0,0,0
680,0.0,0.021782178217821784,0.062305476128919915,1.0,-0.0,0,0
681,0.0,0.021782178217821784,0.062305476128919915,1.0,-0.0,0,0
682,0.0,0.009900990099009901,0.04338396495090424,1.0,-0.0,0,0
683,0.0,0.009900990099009901,0.04338396495090424,1.0,-0.0,0,0
684,0.0,0.017821782178217824,0.056980176514606566,1.0,-0.0,0,0
685,0.0,0.021782178217821784,0.06230547612891991,1.0,-0.0,0,0
686,0.0,0.021782178217821784,0.06230547612891991,1.0,-0.0,0,0
687,0.0,0.16633663366336632,0.18254375725135072,1.0,-0.0,0,0
688,0.0,0.16633663366336632,0.18254375725135072,1.0,-0.0,0,0
689,0.0,0.17821782178217818,0.18858722298311487,1.0,-0.0,0,0
690,0.0,0.16435643564356434,0.17439238698062573,1.0,-0.0,0,0
691,0.0,0.16435643564356434,0.17439238698062573,1.0,-0.0,0,0
692,0.0,0.019801980198019802,0.059735061897023205,1.0,-0.0,0,0
693,0.0,0.025742574257425748,0.06697637435757531,1.0,-0.0,0,0
694,0.0,0.0059405940594059415,0.03395332316729158,1.0,-0.0,0,0
695,0.2,0.011881188118811881,0.047276579747775535,3.4586556520905853e-05,4.461092674713385,0,0
696,0.2,0.019801980198019802,0.059735061897023205,0.001278047474114718,2.8934530136556162,0,0
697,0.4,0.03564356435643565,0.07653920035678292,9.660966320372894e-07,6.014979431905753,0,0
698,0.4,0.051485148514851496,0.10773441987117183,0.0006083322360268823,3.2158591693045384,0,0
699,0.4,0.051485148514851496,0.10773441987117183,0.0006083322360268823,3.2158591693045384,0,0
700,0.4,0.08118811881188118,0.12325042629382527,0.004844995465889865,2.3147066250404467,0,0
701,0.4,0.07326732673267328,0.11509022642946842,0.0022632803634886505,2.6452616445542345,0,0
702,0.2,0.057425742574257435,0.09885135821266286,0.07460753442729876,1.127217312004932,0,0
703,0.2,0.03564356435643565,0.07653920035678292,0.015882722457572503,1.7990750531077893,0,0
704,0.2,0.03564356435643565,0.07653920035678292,0.015882722457572503,1.7990750531077893,0,0
705,0.0,0.013861386138613863,0.05079507064705211,1.0,-0.0,0,0
706,0.0,0.013861386138613863,0.05079507064705211,1.0,-0.0,0,0
707,0.0,0.013861386138613863,0.05079507064705211,1.0,-0.0,0,0
708,0.0,0.013861386138613863,0.05079507064705211,1.0,-0.0,0,0
709,0.0,0.013861386138613863,0.05079507064705211,1.0,-0.0,0,0
710,0.0,0.0,0.0,1.0,-0.0,0,0
711,0.0,0.011881188118811883,0.047276579747775535,1.0,-0.0,0,0
712,0.0,0.011881188118811883,0.047276579747775535,1.0,-0.0,0,0
713,0.0,0.1643564356435643,0.16018810626658764,1.0,-0.0,0,0
714,0.0,0.1643564356435643,0.16018810626658764,1.0,-0.0,0,0
715,0.0,0.1643564356435643,0.16018810626658764,1.0,-0.0,0,0
716,0.0,0.15247524752475244,0.15707352091130253,1.0,-0.0,0,0
717,0.0,0.15247524752475244,0.15707352091130253,1.0,-0.0,0,0
718,0.0,0.0,0.0,1.0,-0.0,0,0
719,0.0,0.0,0.0,1.0,-0.0,0,0
720,0.0,0.0,0.0,1.0,-0.0,0,0
721,0.0,0.0,0.0,1.0,-0.0,0,0
722,0.0,0.03762376237623763,0.07816140339006158,1.0,-0.0,0,0
723,0.0,0.03762376237623763,0.07816140339006158,1.0,-0.0,0,0
724,0.0,0.03762376237623763,0.07816140339006158,1.0,-0.0,0,0
725,0.0,0.03762376237623763,0.07816140339006158,1.0,-0.0,0,0
726,0.0,0.03762376237623763,0.07816140339006158,1.0,-0.0,0,0
727,0.0,0.0,0.0,1.0,-0.0,0,0
728,0.0,0.011881188118811883,0.047276579747775535,1.0,-0.0,0,0
729,0.0,0.019801980198019802,0.059735061897023205,1.0,-0.0,0,0
730,0.0,0.03564356435643565,0.07653920035678292,1.0,-0.0,0,0
731,0.0,0.03564356435643565,0.07653920035678292,1.0,-0.0,0,0
732,0.0,0.03564356435643565,0.07653920035678292,1.0,-0.0,0,0
733,0.0,0.023762376237623766,0.06471340450838889,1.0,-0.0,0,0
734,0.0,0.015841584158415842,0.05401260078014202,1.0,-0.0,0,0
735,0.0,0.0,0.0,1.0,-0.0,0,0
736,0.0,0.0,0.0,1.0,-0.0,0,0
737,0.0,0.0,0.0,1.0,-0.0,0,0
738,0.0,0.0,0.0,1.0,-0.0,0,0
739,0.0,0.007920792079207921,0.03900537743285587,1.0,-0.0,0,0
740,0.0,0.021782178217821784,0.06230547612891991,1.0,-0.0,0,0
741,0.0,0.021782178217821784,0.06230547612891991,1.0,-0.0,0,0
742,0.0,0.021782178217821784,0.06230547612891991,1.0,-0.0,0,0
743,0.0,0.02772277227722773,0.06910862719451544,1.0,-0.0,0,0
744,0.0,0.019801980198019802,0.059735061897023205,1.0,-0.0,0,0
745,0.0,0.0059405940594059415,0.03395332316729158,1.0,-0.0,0,0
746,0.0,0.0059405940594059415,0.03395332316729158,1.0,-0.0,0,0
747,0.0,0.0059405940594059415,0.03395332316729158,1.0,-0.0,0,0
748,0.0,0.0,0.0,1.0,-0.0,0,0
749,0.0,0.0,0.0,1.0,-0.0,0,0
750,0.0,0.0,0.0,1.0,-0.0,0,0
751,0.0,0.0,0.0,1.0,-0.0,0,0
752,0.0,0.0,0.0,1.0,-0.0,0,0
753,0.0,0.025742574257425745,0.07264925278354115,1.0,-0.0,0,0
754,0.0,0.025742574257425745,0.07264925278354115,1.0,-0.0,0,0
755,0.0,0.025742574257425745,0.07264925278354115,1.0,-0.0,0,0
756,0.0,0.025742574257425745,0.07264925278354115,1.0,-0.0,0,0
757,0.0,0.0712871287128713,0.10747934055534188,1.0,-0.0,0,0
758,0.0,0.04554455445544555,0.09283729243351323,1.0,-0.0,0,0
759,0.0,0.04554455445544555,0.09283729243351323,1.0,-0.0,0,0
760,0.0,0.04554455445544555,0.09283729243351323,1.0,-0.0,0,0
761,0.0,0.04554455445544555,0.09283729243351323,1.0,-0.0,0,0
762,0.0,0.0,0.0,1.0,-0.0,0,0
763,0.0,0.13267326732673265,0.1496589594272569,1.0,-0.0,0,0
764,0.0,0.13267326732673265,0.1496589594272569,1.0,-0.0,0,0
765,0.0,0.13267326732673265,0.1496589594272569,1.0,-0.0,0,0
766,0.0,0.13267326732673265,0.1496589594272569,1.0,-0.0,0,0
767,0.0,0.13267326732673265,0.1496589594272569,1.0,-0.0,0,0
768,0.0,0.0,0.0,1.0,-0.0,0,0
769,0.0,0.0,0.0,1.0,-0.0,0,0
770,0.0,0.0,0.0,1.0,-0.0,0,0
771,0.0,0.0,0.0,1.0,-0.0,0,0
772,0.0,0.0,0.0,1.0,-0.0,0,0
773,0.0,0.013861386138613863,0.05079507064705211,1.0,-0.0,0,0
774,0.0,0.02970297029702971,0.07648795214189293,1.0,-0.0,0,0
775,0.0,0.02970297029702971,0.07648795214189293,1.0,-0.0,0,0
776,0.0,0.02970297029702971,0.07648795214189293,1.0,-0.0,0,0
777,0.0,0.02970297029702971,0.07648795214189293,1.0,-0.0,0,0
778,0.0,0.05544554455445545,0.11299281281336322,1.0,-0.0,0,0
779,0.0,0.039603960396039604,0.10155153588085614,1.0,-0.0,0,0
780,0.0,0.039603960396039604,0.10155153588085614,1.0,-0.0,0,0
781,0.0,0.039603960396039604,0.10155153588085614,1.0,-0.0,0,0
782,0.0,0.039603960396039604,0.10155153588085614,1.0,-0.0,0,0
783,0.0,0.03564356435643564,0.08154954567118415,1.0,-0.0,0,0
784,0.0,0.03564356435643564,0.08154954567118415,1.0,-0.0,0,0
785,0.0,0.03564356435643564,0.08154954567118415,1.0,-0.0,0,0
786,0.0,0.03564356435643564,0.08154954567118415,1.0,-0.0,0,0
787,0.0,0.03762376237623762,0.08307396817189318,1.0,-0.0,0,0
788,0.0,0.0019801980198019802,0.019801980198019802,1.0,-0.0,0,0
789,0.0,0.0019801980198019802,0.019801980198019802,1.0,-0.0,0,0
790,0.0,0.0019801980198019802,0.019801980198019802,1.0,-0.0,0,0
791,0.0,0.007920792079207921,0.03900537743285587,1.0,-0.0,0,0
792,0.0,0.0059405940594059415,0.03395332316729158,1.0,-0.0,0,0
793,0.0,0.0059405940594059415,0.03395332316729158,1.0,-0.0,0,0
794,0.0,0.0059405940594059415,0.03395332316729158,1.0,-0.0,0,0
795,0.0,0.0059405940594059415,0.03395332316729158,1.0,-0.0,0,0
796,0.0,0.0,0.0,1.0,-0.0,0,0
797,0.0,0.01386138613861386,0.05079507064705212,1.0,-0.0,0,0
798,0.0,0.01386138613861386,0.05079507064705212,1.0,-0.0,0,0
799,0.0,0.01386138613861386,0.05079507064705212,1.0,-0.0,0,0
800,0.0,0.01386138613861386,0.05079507064705212,1.0,-0.0,0,0
801,0.0,0.01386138613861386,0.05079507064705212,1.0,-0.0,0,0
802,0.0,0.0,0.0,1.0,-0.0,0,0
803,0.0,0.039603960396039604,0.07970143286137865,1.0,-0.0,0,0
804,0.0,0.039603960396039604,0.07970143286137865,1.0,-0.0,0,0
805,0.0,0.039603960396039604,0.07970143286137865,1.0,-0.0,0,0
806,0.0,0.039603960396039604,0.07970143286137865,1.0,-0.0,0,0
807,0.0,0.039603960396039604,0.07970143286137865,1.0,-0.0,0,0
808,0.0,0.0,0.0,1.0,-0.0,0,0
809,0.0,0.0059405940594059415,0.03395332316729158,1.0,-0.0,0,0
810,0.0,0.0059405940594059415,0.03395332316729158,1.0,-0.0,0,0
811,0.0,0.0059405940594059415,0.03395332316729158,1.0,-0.0,0,0
812,0.0,0.0059405940594059415,0.03395332316729158,1.0,-0.0,0,0
813,0.0,0.0059405940594059415,0.03395332316729158,1.0,-0.0,0,0
814,0.0,0.0,0.0,1.0,-0.0,0,0
815,0.0,0.0,0.0,1.0,-0.0,0,0
816,0.0,0.0,0.0,1.0,-0.0,0,0
817,0.0,0.039603960396039604,0.07970143286137865,1.0,-0.0,0,0
818,0.0,0.039603960396039604,0.07970143286137865,1.0,-0.0,0,0
819,0.0,0.039603960396039604,0.07970143286137865,1.0,-0.0,0,0
820,0.0,0.039603960396039604,0.07970143286137865,1.0,-0.0,0,0
821,0.0,0.04356435643564357,0.08721867542790195,1.0,-0.0,0,0
822,0.0,0.0039603960396039604,0.02786385599895107,1.0,-0.0,0,0
823,0.0,0.0039603960396039604,0.02786385599895107,1.0,-0.0,0,0
824,0.0,0.0039603960396039604,0.02786385599895107,1.0,-0.0,0,0
825,0.0,0.0039603960396039604,0.02786385599895107,1.0,-0.0,0,0
826,0.0,0.0,0.0,1.0,-0.0,0,0
827,0.0,0.0,0.0,1.0,-0.0,0,0
828,0.0,0.0,0.0,1.0,-0.0,0,0
829,0.0,0.0,0.0,1.0,-0.0,0,0
830,0.0,0.0,0.0,1.0,-0.0,0,0
831,0.0,0.0,0.0,1.0,-0.0,0,0
832,0.0,0.0,0.0,1.0,-0.0,0,0
833,0.0,0.0,0.0,1.0,-0.0,0,0
834,0.0,0.0,0.0,1.0,-0.0,0,0
835,0.0,0.0019801980198019802,0.0198019801980198,1.0,-0.0,0,0
836,0.0,0.0019801980198019802,0.0198019801980198,1.0,-0.0,0,0
837,0.0,0.0019801980198019802,0.0198019801980198,1.0,-0.0,0,0
838,0.0,0.0019801980198019802,0.0198019801980198,1.0,-0.0,0,0
839,0.0,0.0019801980198019802,0.0198019801980198,1.0,-0.0,0,0
840,0.0,0.04554455445544555,0.10100951085035129,1.0,-0.0,0,0
841,0.0,0.04554455445544555,0.10100951085035129,1.0,-0.0,0,0
842,0.0,0.04554455445544555,0.10100951085035129,1.0,-0.0,0,0
843,0.0,0.04554455445544555,0.10100951085035129,1.0,-0.0,0,0
844,0.0,0.04554455445544555,0.10100951085035129,1.0,-0.0,0,0
845,0.0,0.0,0.0,1.0,-0.0,0,0
846,0.0,0.0,0.0,1.0,-0.0,0,0
847,0.0,0.0,0.0,1.0,-0.0,0,0
848,0.0,0.0,0.0,1.0,-0.0,0,0
849,0.0,0.0,0.0,1.0,-0.0,0,0
850,0.0,0.0,0.0,1.0,-0.0,0,0
851,0.0,0.0,0.0,1.0,-0.0,0,0
852,0.0,0.0,0.0,1.0,-0.0,0,0
853,0.0,0.0,0.0,1.0,-0.0,0,0
854,0.0,0.0,0.0,1.0,-0.0,0,0
855,0.0,0.0,0.0,1.0,-0.0,0,0
856,0.0,0.0,0.0,1.0,-0.0,0,0
857,0.0,0.0,0.0,1.0,-0.0,0,0
858,0.0,0.0,0.0,1.0,-0.0,0,0
859,0.0,0.0,0.0,1.0,-0.0,0,0
860,0.0,0.015841584158415842,0.06090517425437506,1.0,-0.0,0,0
861,0.0,0.015841584158415842,0.06090517425437506,1.0,-0.0,0,0
862,0.0,0.017821782178217824,0.0635517090529949,1.0,-0.0,0,0
863,0.0,0.017821782178217824,0.0635517090529949,1.0,-0.0,0,0
864,0.0,0.021782178217821784,0.06836703565002801,1.0,-0.0,0,0
865,0.0,0.0059405940594059415,0.033953323167291584,1.0,-0.0,0,0
866,0.0,0.0059405940594059415,0.033953323167291584,1.0,-0.0,0,0
867,0.0,0.0039603960396039604,0.02786385599895107,1.0,-0.0,0,0
868,0.0,0.039603960396039604,0.09342674148186494,1.0,-0.0,0,0
869,0.0,0.03564356435643565,0.08154954567118415,1.0,-0.0,0,0
870,0.0,0.03564356435643565,0.08154954567118415,1.0,-0.0,0,0
871,0.0,0.047524752475247525,0.08965727859542,1.0,-0.0,0,0
872,0.0,0.047524752475247525,0.08965727859542,1.0,-0.0,0,0
873,0.0,0.011881188118811883,0.04727657974777554,1.0,-0.0,0,0
874,0.0,0.011881188118811883,0.04727657974777554,1.0,-0.0,0,0
875,0.0,0.017821782178217824,0.05698017651460656,1.0,-0.0,0,0
876,0.0,0.0059405940594059415,0.033953323167291584,1.0,-0.0,0,0
877,0.0,0.0059405940594059415,0.033953323167291584,1.0,-0.0,0,0
878,0.0,0.0059405940594059415,0.033953323167291584,1.0,-0.0,0,0
879,0.0,0.009900990099009901,0.04338396495090424,1.0,-0.0,0,0
880,0.0,0.017821782178217824,0.0635517090529949,1.0,-0.0,0,0
881,0.0,0.017821782178217824,0.0635517090529949,1.0,-0.0,0,0
882,0.0,0.017821782178217824,0.0635517090529949,1.0,-0.0,0,0
883,0.0,0.017821782178217824,0.0635517090529949,1.0,-0.0,0,0
884,0.0,0.013861386138613863,0.05807080514303042,1.0,-0.0,0,0
885,0.0,0.0059405940594059415,0.03395332316729158,1.0,-0.0,0,0
886,0.0,0.0059405940594059415,0.03395332316729158,1.0,-0.0,0,0
887,0.0,0.041584158415841586,0.09039772047931348,1.0,-0.0,0,0
888,0.0,0.041584158415841586,0.09039772047931348,1.0,-0.0,0,0
889,0.0,0.041584158415841586,0.09039772047931348,1.0,-0.0,0,0
890,0.0,0.03564356435643565,0.08154954567118415,1.0,-0.0,0,0
891,0.0,0.11287128712871287,0.14188502271424047,1.0,-0.0,0,0
892,0.0,0.11485148514851484,0.14169143619800648,1.0,-0.0,0,0
893,0.0,0.11485148514851484,0.14169143619800648,1.0,-0.0,0,0
894,0.0,0.11485148514851484,0.14169143619800648,1.0,-0.0,0,0
895,0.0,0.11485148514851484,0.14169143619800648,1.0,-0.0,0,0
896,0.0,0.03762376237623762,0.08771182015980238,1.0,-0.0,0,0
897,0.0,0.0,0.0,1.0,-0.0,0,0
898,0.0,0.0,0.0,1.0,-0.0,0,0
899,0.0,0.0,0.0,1.0,-0.0,0,0
900,0.0,0.0,0.0,1.0,-0.0,0,0
901,0.0,0.021782178217821784,0.06230547612891991,1.0,-0.0,0,0
902,0.0,0.04554455445544555,0.08846854615322249,1.0,-0.0,0,0
903,0.0,0.04554455445544555,0.08846854615322249,1.0,-0.0,0,0
904,0.0,0.04554455445544555,0.08846854615322249,1.0,-0.0,0,0
905,0.0,0.04554455445544555,0.08846854615322249,1.0,-0.0,0,0
906,0.0,0.023762376237623766,0.07056843438101175,1.0,-0.0,0,0
907,0.0,0.013861386138613863,0.05079507064705211,1.0,-0.0,0,0
908,0.0,0.05544554455445545,0.1019369320889802,1.0,-0.0,0,0
909,0.0,0.0594059405940594,0.10733330877518932,1.0,-0.0,0,0
910,0.0,0.0594059405940594,0.10733330877518932,1.0,-0.0,0,0
911,0.0,0.0594059405940594,0.10733330877518932,1.0,-0.0,0,0
912,0.0,0.04554455445544555,0.09283729243351321,1.0,-0.0,0,0
913,0.0,0.017821782178217824,0.05698017651460656,1.0,-0.0,0,0
914,0.2,0.03762376237623763,0.08307396817189318,0.025315250600093615,1.5966177690988217,0,0
915,0.2,0.06732673267326733,0.1135467024699521,0.12131331785204298,0.9160915193958917,0,0
916,0.2,0.07524752475247524,0.12219602867755654,0.15364596650640772,0.8134788362992577,0,0
917,0.2,0.07524752475247524,0.12219602867755654,0.15364596650640772,0.8134788362992577,0,0
918,0.2,0.061386138613861385,0.1080614942545921,0.09979311443423107,1.000899423305625,0,0
919,0.0,0.03762376237623763,0.08771182015980238,1.0,-0.0,0,0
920,0.0,0.007920792079207921,0.03900537743285587,1.0,-0.0,0,0
921,0.0,0.0,0.0,1.0,-0.0,0,0
922,0.0,0.0,0.0,1.0,-0.0,0,0
923,0.0,0.0,0.0,1.0,-0.0,0,0
924,0.0,0.0,0.0,1.0,-0.0,0,0
925,0.0,0.041584158415841586,0.09467748980500532,1.0,-0.0,0,0
926,0.0,0.06534653465346535,0.11295810453031019,1.0,-0.0,0,0
927,0.0,0.06534653465346535,0.11295810453031019,1.0,-0.0,0,0
928,0.0,0.07920792079207921,0.12611234319279727,1.0,-0.0,0,0
929,0.0,0.14257425742574256,0.14443233686186507,1.0,-0.0,0,0
930,0.0,0.09900990099009901,0.12467387119760154,1.0,-0.0,0,0
931,0.0,0.07524752475247526,0.10845991237726066,1.0,-0.0,0,0
932,0.0,0.1297029702970297,0.15256522997432254,1.0,-0.0,0,0
933,0.0,0.11485148514851484,0.1416914361980065,1.0,-0.0,0,0
934,0.0,0.05346534653465347,0.10104832334394513,1.0,-0.0,0,0
935,0.0,0.05346534653465347,0.10104832334394513,1.0,-0.0,0,0
936,0.0,0.0594059405940594,0.10733330877518932,1.0,-0.0,0,0
937,0.0,0.0059405940594059415,0.03395332316729158,1.0,-0.0,0,0
938,0.0,0.0059405940594059415,0.03395332316729158,1.0,-0.0,0,0
939,0.0,0.021782178217821784,0.062305476128919915,1.0,-0.0,0,0
940,0.0,0.021782178217821784,0.062305476128919915,1.0,-0.0,0,0
941,0.0,0.015841584158415842,0.05401260078014202,1.0,-0.0,0,0
942,0.0,0.02772277227722773,0.07461957893630405,1.0,-0.0,0,0
943,0.0,0.12079207920792079,0.14094225464771679,1.0,-0.0,0,0
944,0.0,0.10495049504950493,0.12771893462651168,1.0,-0.0,0,0
945,0.0,0.10495049504950493,0.12771893462651168,1.0,-0.0,0,0
946,0.0,0.10495049504950493,0.12771893462651168,1.0,-0.0,0,0
947,0.0,0.09306930693069305,0.12126186845461279,1.0,-0.0,0,0
948,0.0,0.0,0.0,1.0,-0.0,0,0
949,0.0,0.03762376237623762,0.07816140339006158,1.0,-0.0,0,0
950,0.0,0.08118811881188118,0.11320083903331847,1.0,-0.0,0,0
951,0.0,0.08118811881188118,0.11320083903331847,1.0,-0.0,0,0
952,0.0,0.11485148514851484,0.13886822488939993,1.0,-0.0,0,0
953,0.0,0.13267326732673265,0.1414975848312859,1.0,-0.0,0,0
954,0.0,0.09306930693069307,0.11454380090280848,1.0,-0.0,0,0
955,0.0,0.09504950495049502,0.1213588391765906,1.0,-0.0,0,0
956,0.0,0.09504950495049502,0.1213588391765906,1.0,-0.0,0,0
957,0.0,0.061386138613861385,0.10433219700847123,1.0,-0.0,0,0
958,0.0,0.04554455445544554,0.09283729243351323,1.0,-0.0,0,0
959,0.0,0.07722772277227724,0.122580495370631,1.0,-0.0,0,0
960,0.0,0.031683168316831684,0.0730260947112308,1.0,-0.0,0,0
961,0.0,0.031683168316831684,0.0730260947112308,1.0,-0.0,0,0
962,0.0,0.031683168316831684,0.0730260947112308,1.0,-0.0,0,0
963,0.0,0.041584158415841586,0.08116396646304633,1.0,-0.0,0,0
964,0.0,0.0297029702970297,0.07648795214189293,1.0,-0.0,0,0
965,0.0,0.0297029702970297,0.07648795214189293,1.0,-0.0,0,0
966,0.0,0.0297029702970297,0.07648795214189293,1.0,-0.0,0,0
967,0.0,0.031683168316831684,0.07826167463512675,1.0,-0.0,0,0
968,0.0,0.021782178217821784,0.06836703565002801,1.0,-0.0,0,0
969,0.0,0.0019801980198019802,0.0198019801980198,1.0,-0.0,0,0
970,0.0,0.0019801980198019802,0.0198019801980198,1.0,-0.0,0,0
971,0.0,0.0019801980198019802,0.0198019801980198,1.0,-0.0,0,0
972,0.0,0.0,0.0,1.0,-0.0,0,0
973,0.0,0.0,0.0,1.0,-0.0,0,0
974,0.0,0.0,0.0,1.0,-0.0,0,0
975,0.0,0.0019801980198019802,0.019801980198019802,1.0,-0.0,0,0
976,0.0,0.0019801980198019802,0.019801980198019802,1.0,-0.0,0,0
977,0.0,0.0019801980198019802,0.019801980198019802,1.0,-0.0,0,0
978,0.0,0.0297029702970297,0.07648795214189293,1.0,-0.0,0,0
979,0.0,0.0297029702970297,0.07648795214189293,1.0,-0.0,0,0
980,0.0,0.09108910891089109,0.12750384183766536,1.0,-0.0,0,0
981,0.0,0.09306930693069305,0.1306930693069307,1.0,-0.0,0,0
982,0.0,0.09306930693069305,0.1306930693069307,1.0,-0.0,0,0
983,0.0,0.06534653465346535,0.1129581045303102,1.0,-0.0,0,0
984,0.0,0.06534653465346535,0.1129581045303102,1.0,-0.0,0,0
985,0.0,0.0019801980198019802,0.019801980198019802,1.0,-0.0,0,0
986,0.0,0.0,0.0,1.0,-0.0,0,0
987,0.0,0.0,0.0,1.0,-0.0,0,0
988,0.0,0.0,0.0,1.0,-0.0,0,0
989,0.0,0.049504950495049514,0.0991286416695749,1.0,-0.0,0,0
990,0.0,0.049504950495049514,0.0991286416695749,1.0,-0.0,0,0
991,0.0,0.049504950495049514,0.0991286416695749,1.0,-0.0,0,0
992,0.0,0.0712871287128713,0.11801714396634724,1.0,-0.0,0,0
993,0.0,0.0712871287128713,0.11801714396634724,1.0,-0.0,0,0
994,0.0,0.021782178217821784,0.06230547612891991,1.0,-0.0,0,0
995,0.0,0.021782178217821784,0.06230547612891991,1.0,-0.0,0,0
996,0.0,0.021782178217821784,0.06230547612891991,1.0,-0.0,0,0
997,0.0,0.0,0.0,1.0,-0.0,0,0
998,0.0,0.04950495049504951,0.09504950495049506,1.0,-0.0,0,0
999,0.0,0.04950495049504951,0.09504950495049506,1.0,-0.0,0,0
1000,0.0,0.04950495049504951,0.09504950495049506,1.0,-0.0,0,0
1001,0.0,0.04950495049504951,0.09504950495049506,1.0,-0.0,0,0
1002,0.0,0.04950495049504951,0.09504950495049506,1.0,-0.0,0,0
1003,0.0,0.0,0.0,1.0,-0.0,0,0
1004,0.0,0.0,0.0,1.0,-0.0,0,0
1005,0.0,0.0,0.0,1.0,-0.0,0,0
1006,0.0,0.0,0.0,1.0,-0.0,0,0
1007,0.0,0.0,0.0,1.0,-0.0,0,0
1008,0.0,0.0,0.0,1.0,-0.0,0,0
1009,0.0,0.0,0.0,1.0,-0.0,1,0
1010,0.0,0.0,0.0,1.0,-0.0,0,0
1011,0.0,0.0,0.0,1.0,-0.0,0,0
1012,0.0,0.041584158415841586,0.09039772047931348,1.0,-0.0,1,0
1013,0.0,0.041584158415841586,0.09039772047931348,1.0,-0.0,0,0
1014,0.0,0.041584158415841586,0.09039772047931348,1.0,-0.0,0,0
1015,0.0,0.041584158415841586,0.09039772047931348,1.0,-0.0,0,0
1016,0.0,0.041584158415841586,0.09039772047931348,1.0,-0.0,0,0
1017,0.4,0.0594059405940594,0.10733330877518932,0.0007537462695981591,3.122774824234139,1,0
1018,0.4,0.0594059405940594,0.10733330877518932,0.0007537462695981591,3.122774824234139,0,0
1019,0.4,0.0594059405940594,0.10733330877518932,0.0007537462695981591,3.122774824234139,0,0
1020,0.4,0.0594059405940594,0.10733330877518932,0.0007537462695981591,3.122774824234139,0,0
1021,0.4,0.0594059405940594,0.10733330877518932,0.0007537462695981591,3.122774824234139,0,0
1022,0.0,0.0,0.0,1.0,-0.0,0,0
1023,0.0,0.0,0.0,1.0,-0.0,0,0
1024,0.0,0.0,0.0,1.0,-0.0,0,0
1025,0.0,0.0,0.0,1.0,-0.0,0,0
1026,0.0,0.0,0.0,1.0,-0.0,0,0
1027,0.0,0.0,0.0,1.0,-0.0,0,0
1028,0.0,0.009900990099009901,0.04338396495090425,1.0,-0.0,0,0
1029,0.0,0.009900990099009901,0.04338396495090425,1.0,-0.0,0,0
1030,0.0,0.009900990099009901,0.04338396495090425,1.0,-0.0,0,0
1031,0.0,0.009900990099009901,0.04338396495090425,1.0,-0.0,0,0
1032,0.0,0.009900990099009901,0.04338396495090425,1.0,-0.0,0,0
1033,0.0,0.0,0.0,1.0,-0.0,0,0
1034,0.0,0.015841584158415842,0.06090517425437505,1.0,-0.0,0,0
1035,0.0,0.015841584158415842,0.06090517425437505,1.0,-0.0,0,0
1036,0.0,0.015841584158415842,0.06090517425437505,1.0,-0.0,0,0
1037,0.0,0.015841584158415842,0.06090517425437505,1.0,-0.0,0,0
1038,0.0,0.015841584158415842,0.06090517425437505,1.0,-0.0,0,0
1039,0.0,0.0,0.0,1.0,-0.0,0,0
1040,0.0,0.0,0.0,1.0,-0.0,0,0
1041,0.0,0.019801980198019802,0.059735061897023205,1.0,-0.0,0,0
1042,0.0,0.019801980198019802,0.059735061897023205,1.0,-0.0,0,0
1043,0.0,0.019801980198019802,0.059735061897023205,1.0,-0.0,0,0
1044,0.0,0.019801980198019802,0.059735061897023205,1.0,-0.0,0,0
1045,0.0,0.019801980198019802,0.059735061897023205,1.0,-0.0,0,0
1046,0.0,0.0,0.0,1.0,-0.0,0,0
1047,0.0,0.015841584158415842,0.05401260078014202,1.0,-0.0,0,0
1048,0.0,0.015841584158415842,0.05401260078014202,1.0,-0.0,0,0
1049,0.0,0.015841584158415842,0.05401260078014202,1.0,-0.0,0,0
1050,0.0,0.015841584158415842,0.05401260078014202,1.0,-0.0,0,0
1051,0.0,0.015841584158415842,0.05401260078014202,1.0,-0.0,0,0
1052,0.0,0.12673267326732673,0.16821196500273505,1.0,-0.0,0,0
1053,0.0,0.23564356435643566,0.2113530940851696,1.0,-0.0,0,0
1054,0.0,0.23564356435643566,0.2113530940851696,1.0,-0.0,0,0
1055,0.0,0.23564356435643566,0.2113530940851696,1.0,-0.0,0,0
1056,0.0,0.23564356435643566,0.2113530940851696,1.0,-0.0,0,0
1057,0.0,0.10693069306930694,0.16060370373062668,1.0,-0.0,0,0
1058,0.0,0.0059405940594059415,0.033953323167291584,1.0,-0.0,0,0
1059,0.0,0.0059405940594059415,0.033953323167291584,1.0,-0.0,0,0
1060,0.0,0.0059405940594059415,0.033953323167291584,1.0,-0.0,0,0
1061,0.0,0.0059405940594059415,0.033953323167291584,1.0,-0.0,0,0
1062,0.0,0.0059405940594059415,0.033953323167291584,1.0,-0.0,0,0
1063,0.0,0.0,0.0,1.0,-0.0,0,0
1064,0.0,0.0019801980198019802,0.019801980198019802,1.0,-0.0,0,0
1065,0.0,0.0019801980198019802,0.019801980198019802,1.0,-0.0,0,0
1066,0.0,0.0019801980198019802,0.019801980198019802,1.0,-0.0,0,0
1067,0.0,0.0019801980198019802,0.019801980198019802,1.0,-0.0,0,0
1068,0.0,0.0019801980198019802,0.019801980198019802,1.0,-0.0,0,0
1069,0.0,0.0,0.0,1.0,-0.0,0,0
1070,0.0,0.0,0.0,1.0,-0.0,0,0
1071,0.0,0.0,0.0,1.0,-0.0,0,0
1072,0.0,0.0,0.0,1.0,-0.0,0,0
1073,0.0,0.0,0.0,1.0,-0.0,0,0
1074,0.0,0.0,0.0,1.0,-0.0,0,0
1075,0.0,0.0,0.0,1.0,-0.0,0,0
1076,0.0,0.0,0.0,1.0,-0.0,0,0
1077,0.0,0.0,0.0,1.0,-0.0,0,0
1078,0.0,0.0,0.0,1.0,-0.0,0,0
1079,0.0,0.0,0.0,1.0,-0.0,0,0
1080,0.0,0.0,0.0,1.0,-0.0,0,0
1081,0.0,0.0,0.0,1.0,-0.0,0,0
1082,0.0,0.027722772277227727,0.07461957893630407,1.0,-0.0,0,0
1083,0.0,0.027722772277227727,0.07461957893630407,1.0,-0.0,0,0
1084,0.0,0.06732673267326733,0.1135467024699521,1.0,-0.0,0,0
1085,0.0,0.06732673267326733,0.1135467024699521,1.0,-0.0,0,0
1086,0.0,0.06732673267326733,0.1135467024699521,1.0,-0.0,0,0
1087,0.0,0.039603960396039604,0.08908690597387718,1.0,-0.0,0,0
1088,0.0,0.039603960396039604,0.08908690597387718,1.0,-0.0,0,0
1089,0.0,0.0,0.0,1.0,-0.0,0,0
1090,0.0,0.0,0.0,1.0,-0.0,0,0
1091,0.0,0.0,0.0,1.0,-0.0,0,0
1092,0.0,0.0,0.0,1.0,-0.0,0,0
1093,0.0,0.0,0.0,1.0,-0.0,0,0
1094,1.2,0.05544554455445545,0.11299281281336322,1.0000002044825318e-17,16.999999911194372,0,0
1095,1.2,0.05544554455445545,0.11299281281336322,1.0000002044825318e-17,16.999999911194372,0,0
1096,1.2,0.05544554455445545,0.11299281281336322,1.0000002044825318e-17,16.999999911194372,0,0
1097,1.2,0.05544554455445545,0.11299281281336322,1.0000002044825318e-17,16.999999911194372,0,0
1098,1.2,0.05544554455445545,0.11299281281336322,1.0000002044825318e-17,16.999999911194372,0,0
1099,0.0,0.0,0.0,1.0,-0.0,0,0
1100,0.0,0.06336633663366337,0.11233152161332939,1.0,-0.0,0,0
1101,0.0,0.06336633663366337,0.11233152161332939,1.0,-0.0,0,0
1102,0.0,0.09306930693069307,0.13069306930693073,1.0,-0.0,0,0
1103,0.0,0.09900990099009901,0.1367914141716479,1.0,-0.0,0,0
1104,0.0,0.09900990099009901,0.1367914141716479,1.0,-0.0,0,0
1105,0.0,0.051485148514851496,0.09186070102766894,1.0,-0.0,0,0
1106,0.0,0.051485148514851496,0.09186070102766894,1.0,-0.0,0,0
1107,0.0,0.021782178217821784,0.062305476128919915,1.0,-0.0,0,0
1108,0.0,0.015841584158415842,0.054012600780142014,1.0,-0.0,0,0
1109,0.0,0.015841584158415842,0.054012600780142014,1.0,-0.0,0,0
1110,0.0,0.0,0.0,1.0,-0.0,0,0
1111,0.0,0.0,0.0,1.0,-0.0,0,0
1112,0.0,0.0,0.0,1.0,-0.0,0,0
1113,0.0,0.017821782178217824,0.056980176514606566,1.0,-0.0,0,0
1114,0.0,0.017821782178217824,0.056980176514606566,1.0,-0.0,0,0
1115,0.0,0.017821782178217824,0.056980176514606566,1.0,-0.0,0,0
1116,0.0,0.017821782178217824,0.056980176514606566,1.0,-0.0,0,0
1117,0.0,0.017821782178217824,0.056980176514606566,1.0,-0.0,0,0
1118,0.0,0.0,0.0,1.0,-0.0,0,0
1119,0.0,0.0,0.0,1.0,-0.0,0,0
1120,0.0,0.027722772277227727,0.07461957893630407,1.0,-0.0,0,0
1121,0.0,0.027722772277227727,0.07461957893630407,1.0,-0.0,0,0
1122,0.0,0.027722772277227727,0.07461957893630407,1.0,-0.0,0,0
1123,0.0,0.033663366336633666,0.07994704648786674,1.0,-0.0,0,0
1124,0.0,0.033663366336633666,0.07994704648786674,1.0,-0.0,0,0
1125,0.0,0.0059405940594059415,0.033953323167291584,1.0,-0.0,0,0
1126,0.0,0.05544554455445544,0.10575073206193021,1.0,-0.0,0,0
1127,0.0,0.07524752475247526,0.1253951698929708,1.0,-0.0,0,0
1128,0.0,0.06930693069306931,0.12407485305204392,1.0,-0.0,0,0
1129,0.0,0.08316831683168316,0.13280619910579974,1.0,-0.0,0,0
1130,0.2,0.11485148514851484,0.15757201001249713,0.2944680412363125,0.5309618325164925,0,0
1131,0.2,0.06534653465346535,0.11976515267356391,0.130440226039647,0.8845884572772558,0,0
1132,0.2,0.04554455445544555,0.09283729243351323,0.04808399917069303,1.3179994190099724,1,0
1133,0.2,0.06930693069306931,0.11409790329416186,0.12601207675801535,0.8995878309298326,0,0
1134,0.2,0.05544554455445545,0.10575073206193022,0.08582272375636786,1.066397706377696,0,0
1135,0.0,0.023762376237623766,0.06471340450838887,1.0,-0.0,0,0
1136,0.0,0.023762376237623766,0.06471340450838887,1.0,-0.0,0,0
1137,0.0,0.023762376237623766,0.06471340450838887,1.0,-0.0,0,0
1138,0.0,0.0,0.0,1.0,-0.0,0,0
