,foreground,bg_means,bg_stdev,pvals,minus_logs,regs,active
2,0.0,0.0,0.0,1.0,-0.0,0,0
3,0.0,0.0059405940594059415,0.033953323167291584,1.0,-0.0,0,0
4,0.0,0.0059405940594059415,0.033953323167291584,1.0,-0.0,0,0
5,0.4,0.26534653465346536,0.22000704019534495,0.2702551105558555,0.5682260847373828,0,0
6,1.8,0.48910891089108915,0.31775854526497455,1.850202135408276e-05,4.732780822139207,0,0
7,2.0,0.798019801980198,0.36748548783087664,0.0005361739281226752,3.2706943077491526,0,0
8,4.6,1.275247524752475,0.45017179132170637,7.593972482332398e-14,13.119530980911371,0,0
9,4.6,1.2891089108910894,0.45682958022236314,2.1221308246719895e-13,12.673227846315074,0,0
10,4.2,1.0821782178217825,0.42225140078646367,7.692465334032736e-14,13.113934452216963,0,0
11,3.0,0.8970297029702969,0.38032176204115636,1.606178581259244e-08,7.794206169802193,0,0
12,2.8,0.885148514851485,0.3872692257214142,3.8170378615702594e-07,6.418273532220278,0,0
13,0.2,0.45940594059405954,0.28079738575331764,1.0,-0.0,0,0
14,0.4,0.9534653465346533,0.40285229498094527,1.0,-0.0,0,0
15,0.8,1.0217821782178216,0.4537203658372118,1.0,-0.0,0,0
16,0.6,1.0079207920792077,0.45286397064054795,1.0,-0.0,1,0
17,0.6,1.1306930693069306,0.44001408039068984,1.0,-0.0,1,0
18,0.6,1.1425742574257427,0.43266307167904394,1.0,-0.0,0,0
19,0.8,1.0138613861386139,0.4469987270388097,1.0,-0.0,0,0
20,1.0,1.0594059405940595,0.4646255210556072,1.0,-0.0,0,0
21,1.2,1.0415841584158416,0.45669222401067494,0.36434201703285984,0.43849074170542823,5,0
22,2.0,1.100990099009901,0.47230109743112364,0.028489769845188168,1.5453110591974661,0,0
23,2.0,1.2138613861386138,0.4753382751638063,0.04907890984094802,1.309105092548922,0,0
24,1.6,0.8851485148514852,0.43175583001879664,0.04889285228342453,1.3107546263725072,0,0
25,1.4,0.8554455445544553,0.41755422900902023,0.09609076976946464,1.0173183275313686,0,0
26,1.4,1.2534653465346535,0.4994183461214673,0.3846041491811756,0.41498603482252866,0,0
27,0.8,0.8495049504950495,0.3893695748476976,1.0,-0.0,0,0
28,0.8,0.6673267326732673,0.3415482833794127,0.34884278448755934,0.45737025559911393,0,0
29,1.0,0.6514851485148515,0.3361440819631358,0.14991407509746812,0.8241575902991651,0,0
30,0.6,0.5128712871287129,0.29573314380347676,0.38414233129477954,0.4155078322913357,0,0
31,0.4,0.10891089108910891,0.13650445892763632,0.016484882575862243,1.7829141420505037,0,0
32,0.2,0.03564356435643565,0.07653920035678292,0.015882722457572503,1.7990750531077893,0,0
33,0.2,0.03564356435643565,0.07653920035678292,0.015882722457572503,1.7990750531077893,0,0
34,0.0,0.0,0.0,1.0,-0.0,0,0
35,0.0,0.0,0.0,1.0,-0.0,0,0
36,0.0,0.0,0.0,1.0,-0.0,0,0
37,0.0,0.0,0.0,1.0,-0.0,0,0
38,0.0,0.0,0.0,1.0,-0.0,0,0
39,0.0,0.0,0.0,1.0,-0.0,0,0
40,0.0,0.0,0.0,1.0,-0.0,0,0
41,0.0,0.0,0.0,1.0,-0.0,0,0
42,0.0,0.0,0.0,1.0,-0.0,0,0
43,0.0,0.0,0.0,1.0,-0.0,0,0
44,0.0,0.007920792079207921,0.03900537743285587,1.0,-0.0,0,0
45,0.0,0.05544554455445545,0.10943169805661862,1.0,-0.0,0,0
46,0.0,0.05544554455445545,0.10943169805661862,1.0,-0.0,0,0
47,0.0,0.05544554455445545,0.10943169805661862,1.0,-0.0,0,0
48,0.0,0.05544554455445545,0.10943169805661862,1.0,-0.0,0,0
49,0.0,0.04752475247524753,0.09397077637785879,1.0,-0.0,0,0
50,0.0,0.03168316831683169,0.0730260947112308,1.0,-0.0,0,0
51,0.0,0.11881188118811879,0.14939672169394075,1.0,-0.0,0,0
52,1.0,0.3683168316831684,0.23332749816483855,0.0033918376945954887,2.4695649376735878,0,0
53,1.0,0.4633663366336634,0.2654056384596674,0.021591394750400998,1.665719302416211,0,0
54,1.4,0.7049504950495047,0.31914993454108165,0.014709907485434782,1.832390058658705,0,0
55,1.4,0.821782178217822,0.34914434598866045,0.04885082226353469,1.3111281217812296,0,0
56,1.4,0.7524752475247526,0.3355486299341443,0.02681895064545147,1.5715582189454789,0,0
57,0.4,0.502970297029703,0.2946571915020439,1.0,-0.0,0,0
58,0.4,0.40792079207920795,0.24522495968970642,1.0,-0.0,0,0
59,0.0,0.16633663366336632,0.15687368174525435,1.0,-0.0,0,0
60,0.0,0.057425742574257435,0.10277971700879983,1.0,-0.0,0,0
61,0.0,0.06930693069306931,0.12084076279122662,1.0,-0.0,0,0
62,0.0,0.08514851485148513,0.130031327995105,1.0,-0.0,0,0
63,0.0,0.10495049504950493,0.13957235791450373,1.0,-0.0,0,0
64,0.0,0.10495049504950493,0.13957235791450373,1.0,-0.0,0,0
65,0.0,0.06534653465346535,0.11295810453031019,1.0,-0.0,0,0
66,0.0,0.03564356435643565,0.07653920035678291,1.0,-0.0,0,0
67,0.0,0.05148514851485149,0.10011267057239238,1.0,-0.0,0,0
68,0.0,0.21188118811881188,0.17760069168141515,1.0,-0.0,0,0
69,0.0,0.21188118811881188,0.17760069168141515,1.0,-0.0,0,0
70,0.0,0.3722772277227724,0.26851952447816124,1.0,-0.0,0,0
71,0.4,0.5267326732673268,0.33622572836950787,1.0,-0.0,0,0
72,0.4,0.5386138613861386,0.3397641281509262,1.0,-0.0,0,0
73,0.4,0.6455445544554456,0.3857677833468806,1.0,-0.0,1,0
74,1.0,1.2514851485148515,0.5148514851485149,1.0,-0.0,0,0
75,1.2,1.2990099009900988,0.5254879956434179,1.0,-0.0,1,0
76,1.0,1.1623762376237625,0.48315208542773697,1.0,-0.0,0,0
77,1.2,1.2376237623762376,0.5278110007423646,1.0,-0.0,0,0
78,2.0,1.1217821782178217,0.49062577951425285,0.036727336371466975,1.4350105674652374,0,0
79,1.4,0.5564356435643565,0.2905835172746633,0.0018480249451052642,2.7332921708602576,0,0
80,1.2,0.3643564356435644,0.23780521125111292,0.00022072020072916524,3.6561579175690615,0,0
81,1.0,0.35643564356435653,0.2244535020246298,0.002070277418448314,2.6839714549157216,0,0
82,0.8,0.2356435643564356,0.1896239939782038,0.0014592849434202318,2.8358598984612575,0,0
83,0.0,0.06534653465346535,0.10189845806153354,1.0,-0.0,0,0
84,0.0,0.05346534653465347,0.10860442931328386,1.0,-0.0,0,0
85,0.0,0.03762376237623763,0.09211646217515253,1.0,-0.0,0,0
86,0.0,0.027722772277227727,0.06910862719451544,1.0,-0.0,0,0
87,0.2,0.03960396039603961,0.08452453849668534,0.028872622852877186,1.5395137620565469,0,0
88,0.2,0.03960396039603961,0.08452453849668534,0.028872622852877186,1.5395137620565469,0,0
89,0.4,0.0297029702970297,0.07112192077650681,9.621238793919095e-08,7.016769006265068,0,0
90,0.4,0.04554455445544555,0.08846854615322249,3.080340316499904e-05,4.51140129992379,0,0
91,0.4,0.06336633663366337,0.10120342446875752,0.0004400246430833574,3.3565230006605695,0,0
92,0.2,0.05148514851485149,0.09186070102766893,0.052967229359378705,1.2759927437984668,0,0
93,0.2,0.061386138613861385,0.10046456153636296,0.08383506191077846,1.0765743106091494,0,0
94,0.2,0.07326732673267328,0.12177815335858849,0.14901092980675446,0.8267818753416014,0,0
95,0.2,0.16633663366336632,0.15937826461670404,0.4163590527075866,0.38053198823347256,0,0
96,0.4,0.41386138613861384,0.23080989690429157,1.0,-0.0,0,0
97,0.4,0.44950495049504957,0.24761186585886083,1.0,-0.0,1,0
98,0.4,0.4594059405940593,0.25569870025333336,1.0,-0.0,0,0
99,0.2,0.6,0.29917377975860365,1.0,-0.0,0,0
100,0.4,0.8732673267326732,0.4114430266513,1.0,-0.0,0,0
101,0.2,0.607920792079208,0.36033075243704615,1.0,-0.0,0,0
102,0.2,0.5722772277227723,0.3470152254716587,1.0,-0.0,0,0
103,0.2,0.5504950495049505,0.3393715106674694,1.0,-0.0,0,0
104,0.2,0.4534653465346534,0.29502956939761027,1.0,-0.0,0,0
105,0.0,0.19999999999999998,0.2029485619852508,1.0,-0.0,0,0
106,0.0,0.20198019801980194,0.20391232731653072,1.0,-0.0,0,0
107,0.0,0.7643564356435645,0.371665813485755,1.0,-0.0,1,0
108,0.0,0.8396039603960397,0.4000196054405215,1.0,-0.0,0,0
109,0.0,0.8178217821782178,0.393107961288635,1.0,-0.0,0,0
110,0.0,0.689108910891089,0.34177781854200057,1.0,-0.0,0,0
111,0.0,0.8396039603960395,0.37019641773940426,1.0,-0.0,1,0
112,0.0,0.27722772277227725,0.22509896090774148,1.0,-0.0,0,0
113,0.0,0.2633663366336633,0.2196859920532065,1.0,-0.0,1,0
114,0.0,0.23762376237623759,0.19642925572494643,1.0,-0.0,0,0
115,0.0,0.2514851485148515,0.20030366124992938,1.0,-0.0,0,0
116,0.0,0.11485148514851487,0.1444594832462533,1.0,-0.0,0,0
117,0.0,0.17227722772277226,0.1846156359731749,1.0,-0.0,0,0
118,0.0,0.3722772277227724,0.27579545149545487,1.0,-0.0,0,0
119,0.0,0.38811881188118813,0.2667320117304196,1.0,-0.0,0,0
120,0.0,0.7128712871287131,0.382193607651968,1.0,-0.0,0,0
121,0.0,0.7089108910891091,0.38022895913716603,1.0,-0.0,0,0
122,0.0,0.6732673267326734,0.3579067551305803,1.0,-0.0,1,0
123,0.0,0.4118811881188119,0.28538219248006175,1.0,-0.0,0,0
124,0.0,0.3722772277227723,0.27435570316226526,1.0,-0.0,0,0
125,0.0,0.031683168316831684,0.0730260947112308,1.0,-0.0,0,0
126,0.0,0.025742574257425745,0.0669763743575753,1.0,-0.0,0,0
127,0.0,0.27128712871287125,0.23136984822144205,1.0,-0.0,0,0
128,0.0,0.3841584158415842,0.2589899165693892,1.0,-0.0,0,0
129,0.0,0.9683168316831683,0.44475617818477375,1.0,-0.0,0,0
130,0.0,1.0712871287128711,0.4516935423170932,1.0,-0.0,0,0
131,0.0,1.093069306930693,0.45079850512867975,1.0,-0.0,0,0
132,0.0,0.8732673267326732,0.3866308109578989,1.0,-0.0,0,0
133,0.0,0.7623762376237624,0.35456052427751106,1.0,-0.0,0,0
134,0.0,0.17821782178217818,0.18647536422960084,1.0,-0.0,0,0
135,0.0,0.07326732673267328,0.10798889666879985,1.0,-0.0,0,0
136,0.0,0.04554455445544555,0.08846854615322249,1.0,-0.0,0,0
137,0.0,0.0,0.0,1.0,-0.0,0,0
138,0.0,0.0,0.0,1.0,-0.0,0,0
139,0.0,0.0,0.0,1.0,-0.0,0,0
140,0.0,0.039603960396039604,0.08908690597387718,1.0,-0.0,0,0
141,0.0,0.039603960396039604,0.08908690597387718,1.0,-0.0,0,0
142,0.0,0.061386138613861385,0.10433219700847123,1.0,-0.0,0,0
143,0.0,0.061386138613861385,0.10433219700847123,1.0,-0.0,0,0
144,0.0,0.061386138613861385,0.10433219700847123,1.0,-0.0,0,0
145,0.0,0.021782178217821784,0.06230547612891991,1.0,-0.0,0,0
146,0.0,0.021782178217821784,0.06230547612891991,1.0,-0.0,0,0
147,0.0,0.0,0.0,1.0,-0.0,0,0
148,0.0,0.0,0.0,1.0,-0.0,0,0
149,0.0,0.09702970297029703,0.1338356059304222,1.0,-0.0,0,0
150,0.0,0.25940594059405936,0.20975148795034237,1.0,-0.0,0,0
151,0.0,0.25940594059405936,0.20975148795034237,1.0,-0.0,0,0
152,0.0,0.25940594059405936,0.20975148795034237,1.0,-0.0,0,0
153,0.0,0.2633663366336633,0.2178757808855329,1.0,-0.0,0,0
154,0.0,0.16633663366336632,0.1713529319032391,1.0,-0.0,0,0
155,0.0,0.017821782178217824,0.05698017651460656,1.0,-0.0,0,0
156,0.0,0.017821782178217824,0.05698017651460656,1.0,-0.0,0,0
157,0.0,0.017821782178217824,0.05698017651460656,1.0,-0.0,0,0
158,0.0,0.01386138613861386,0.05079507064705211,1.0,-0.0,1,0
159,0.0,0.01386138613861386,0.05079507064705211,1.0,-0.0,0,0
160,0.0,0.0,0.0,1.0,-0.0,0,0
161,0.0,0.0,0.0,1.0,-0.0,0,0
162,0.0,0.0,0.0,1.0,-0.0,0,0
163,0.0,0.0,0.0,1.0,-0.0,0,0
164,0.0,0.0,0.0,1.0,-0.0,0,0
165,0.0,0.0,0.0,1.0,-0.0,0,0
166,0.0,0.18415841584158413,0.18170407519927864,1.0,-0.0,0,0
167,0.0,0.22772277227722765,0.18674852677785872,1.0,-0.0,0,0
168,0.0,0.6415841584158416,0.3607657770460747,1.0,-0.0,0,0
169,0.0,0.7386138613861384,0.3907267402551765,1.0,-0.0,0,0
170,0.0,0.7524752475247524,0.3911379841624202,1.0,-0.0,1,0
171,0.2,1.3584158415841585,0.4737186629532685,1.0,-0.0,0,0
172,0.2,1.3128712871287127,0.4796168781117179,1.0,-0.0,0,0
173,0.4,1.4534653465346539,0.5096231099014957,1.0,-0.0,0,0
174,0.4,1.3564356435643565,0.49839660567796656,1.0,-0.0,0,0
175,0.4,1.607920792079208,0.5368929993360002,1.0,-0.0,2,0
176,0.2,0.8198019801980198,0.38435230383259755,1.0,-0.0,0,0
177,0.2,0.8376237623762376,0.38866399373933375,1.0,-0.0,0,0
178,0.0,1.6613861386138615,0.4790606106942556,1.0,-0.0,2,0
179,0.0,1.6613861386138615,0.4790606106942556,1.0,-0.0,0,0
180,0.0,1.524752475247525,0.5180706669550205,1.0,-0.0,0,0
181,0.2,1.7009900990099012,0.5548160072331804,1.0,-0.0,0,0
182,0.2,2.049504950495049,0.612998435282392,1.0,-0.0,0,0
183,0.2,0.6712871287128711,0.3289156001355786,1.0,-0.0,0,0
184,0.2,0.7128712871287127,0.33938306472350027,1.0,-0.0,1,0
185,0.2,0.5841584158415841,0.30789373030616723,1.0,-0.0,0,0
186,0.0,0.4693069306930694,0.2917148255692809,1.0,-0.0,0,0
187,0.0,0.10297029702970295,0.14243667729389659,1.0,-0.0,0,0
188,0.0,0.11287128712871286,0.15264231556912292,1.0,-0.0,0,0
189,0.0,0.0712871287128713,0.12454800153280307,1.0,-0.0,0,0
190,0.0,0.08118811881188118,0.12951766673875514,1.0,-0.0,0,0
191,0.0,0.019801980198019802,0.0597350618970232,1.0,-0.0,0,0
192,0.0,0.019801980198019802,0.0597350618970232,1.0,-0.0,0,0
193,0.0,0.009900990099009901,0.04338396495090425,1.0,-0.0,0,0
194,0.0,0.009900990099009901,0.04338396495090425,1.0,-0.0,0,0
195,0.0,0.0,0.0,1.0,-0.0,0,0
196,0.0,0.0,0.0,1.0,-0.0,0,0
197,0.0,0.0,0.0,1.0,-0.0,0,0
198,0.0,0.0039603960396039604,0.027863855998951064,1.0,-0.0,0,0
199,0.0,0.011881188118811883,0.04727657974777554,1.0,-0.0,0,0
200,0.0,0.011881188118811883,0.04727657974777554,1.0,-0.0,0,0
201,0.0,0.011881188118811883,0.04727657974777554,1.0,-0.0,0,0
202,0.0,0.011881188118811883,0.04727657974777554,1.0,-0.0,0,0
203,0.0,0.007920792079207921,0.03900537743285587,1.0,-0.0,0,0
204,0.0,0.015841584158415842,0.05401260078014202,1.0,-0.0,0,0
205,0.0,0.015841584158415842,0.05401260078014202,1.0,-0.0,0,0
206,0.0,0.015841584158415842,0.05401260078014202,1.0,-0.0,0,0
207,0.0,0.015841584158415842,0.05401260078014202,1.0,-0.0,0,0
208,0.0,0.015841584158415842,0.05401260078014202,1.0,-0.0,0,0
209,0.0,0.0,0.0,1.0,-0.0,0,0
210,0.0,0.0,0.0,1.0,-0.0,0,0
211,0.2,0.0019801980198019802,0.019801980198019802,1.0000007619853025e-17,16.999999669074114,0,0
212,0.2,0.0019801980198019802,0.019801980198019802,1.0000007619853025e-17,16.999999669074114,0,0
213,0.2,0.0019801980198019802,0.019801980198019802,1.0000007619853025e-17,16.999999669074114,0,0
214,0.2,0.0019801980198019802,0.019801980198019802,1.0000007619853025e-17,16.999999669074114,0,0
215,0.2,0.0019801980198019802,0.019801980198019802,1.0000007619853025e-17,16.999999669074114,0,0
216,0.0,0.009900990099009901,0.04338396495090424,1.0,-0.0,0,0
217,0.0,0.009900990099009901,0.04338396495090424,1.0,-0.0,0,0
218,0.0,0.009900990099009901,0.04338396495090424,1.0,-0.0,0,0
219,0.0,0.04752475247524753,0.09397077637785879,1.0,-0.0,0,0
220,0.0,0.05544554455445545,0.10575073206193021,1.0,-0.0,0,0
221,0.0,0.07722772277227723,0.11593886073904515,1.0,-0.0,0,0
222,0.0,0.07722772277227723,0.11593886073904515,1.0,-0.0,0,0
223,0.0,0.07722772277227723,0.11593886073904515,1.0,-0.0,0,0
224,0.0,0.039603960396039604,0.0890869059738772,1.0,-0.0,0,0
225,0.0,0.031683168316831684,0.08316831683168317,1.0,-0.0,0,0
226,0.0,0.019801980198019802,0.0597350618970232,1.0,-0.0,0,0
227,0.0,0.019801980198019802,0.0597350618970232,1.0,-0.0,0,0
228,0.0,0.019801980198019802,0.0597350618970232,1.0,-0.0,0,0
229,0.0,0.019801980198019802,0.0597350618970232,1.0,-0.0,0,0
230,0.0,0.023762376237623766,0.06471340450838887,1.0,-0.0,0,0
231,0.0,0.0039603960396039604,0.027863855998951064,1.0,-0.0,0,0
232,0.0,0.0039603960396039604,0.027863855998951064,1.0,-0.0,0,0
233,0.0,0.0039603960396039604,0.027863855998951064,1.0,-0.0,0,0
234,0.0,0.0039603960396039604,0.027863855998951064,1.0,-0.0,0,0
235,0.0,0.0,0.0,1.0,-0.0,0,0
236,0.0,0.0,0.0,1.0,-0.0,0,0
237,0.0,0.0,0.0,1.0,-0.0,0,0
238,0.0,0.0,0.0,1.0,-0.0,0,0
239,0.0,0.021782178217821784,0.06230547612891991,1.0,-0.0,0,0
240,0.2,0.05940594059405942,0.0996808946427978,0.07920469585235769,1.1012490693914336,0,0
241,0.2,0.05940594059405942,0.0996808946427978,0.07920469585235769,1.1012490693914336,0,0
242,0.2,0.05940594059405942,0.0996808946427978,0.07920469585235769,1.1012490693914336,0,0
243,0.2,0.05940594059405942,0.0996808946427978,0.07920469585235769,1.1012490693914336,0,0
244,0.2,0.03762376237623763,0.08307396817189318,0.025315250600093615,1.5966177690988217,0,0
245,0.2,0.019801980198019806,0.05973506189702319,0.0012780474741147156,2.893453013655617,0,0
246,0.2,0.019801980198019806,0.05973506189702319,0.0012780474741147156,2.893453013655617,0,0
247,0.4,0.05544554455445546,0.09797478714338996,0.00021841889085960997,3.660709802591431,0,0
248,0.6,0.09504950495049506,0.13670539084430264,0.0001105015629451201,3.95663157923099,0,0
249,0.6,0.09504950495049506,0.13670539084430264,0.0001105015629451201,3.95663157923099,0,0
250,0.4,0.07524752475247526,0.12219602867755656,0.0039345502315398136,2.405104905776178,0,0
251,0.4,0.08118811881188118,0.1325402022232199,0.008077439876525332,2.0927262659182366,0,0
252,0.2,0.04554455445544555,0.10100951085035129,0.06311761613918085,1.1998494121615952,0,0
253,0.0,0.007920792079207921,0.03900537743285587,1.0,-0.0,0,0
254,0.0,0.007920792079207921,0.03900537743285587,1.0,-0.0,0,0
255,0.2,0.031683168316831684,0.0730260947112308,0.01058647624307391,1.9752485727397298,0,0
256,0.2,0.02970297029702971,0.07112192077650681,0.008322928729312118,2.079723824290396,0,0
257,0.2,0.02970297029702971,0.07112192077650681,0.008322928729312118,2.079723824290396,0,0
258,0.2,0.027722772277227727,0.06910862719451544,0.0063361735559086295,2.1981729353735644,0,0
259,0.2,0.02970297029702971,0.07112192077650682,0.008322928729312128,2.0797238242903955,0,0
260,0.0,0.0059405940594059415,0.03395332316729158,1.0,-0.0,0,0
261,0.0,0.0019801980198019802,0.0198019801980198,1.0,-0.0,0,0
262,0.0,0.0019801980198019802,0.0198019801980198,1.0,-0.0,0,0
263,0.0,0.0019801980198019802,0.0198019801980198,1.0,-0.0,0,0
264,0.0,0.0059405940594059415,0.03395332316729158,1.0,-0.0,0,0
265,0.0,0.0059405940594059415,0.03395332316729158,1.0,-0.0,0,0
266,0.0,0.0059405940594059415,0.03395332316729158,1.0,-0.0,0,0
267,0.0,0.0059405940594059415,0.03395332316729158,1.0,-0.0,0,0
268,0.0,0.0059405940594059415,0.03395332316729158,1.0,-0.0,0,0
269,0.0,0.007920792079207921,0.03900537743285587,1.0,-0.0,0,0
270,0.0,0.007920792079207921,0.03900537743285587,1.0,-0.0,0,0
271,0.0,0.015841584158415842,0.06090517425437506,1.0,-0.0,0,0
272,0.0,0.015841584158415842,0.06090517425437506,1.0,-0.0,0,0
273,0.0,0.023762376237623763,0.0759735686861421,1.0,-0.0,0,0
274,0.0,0.015841584158415842,0.05401260078014202,1.0,-0.0,0,0
275,0.0,0.019801980198019802,0.06603299802191316,1.0,-0.0,0,0
276,0.0,0.011881188118811883,0.047276579747775535,1.0,-0.0,0,0
277,0.0,0.03762376237623763,0.07816140339006158,1.0,-0.0,0,0
278,0.0,0.05148514851485149,0.11134982906542218,1.0,-0.0,0,0
279,0.0,0.1782178217821782,0.19881030333482982,1.0,-0.0,0,0
280,0.0,0.30297029702970296,0.23481842386627264,1.0,-0.0,0,0
281,0.0,0.35445544554455444,0.2546691709429351,1.0,-0.0,0,0
282,0.0,0.6376237623762376,0.3500640634859002,1.0,-0.0,0,0
283,0.0,0.697029702970297,0.3729612422580186,1.0,-0.0,0,0
284,0.0,0.5900990099009902,0.3705775397529061,1.0,-0.0,0,0
285,0.0,0.4633663366336634,0.32933259010669097,1.0,-0.0,0,0
286,0.0,0.4217821782178218,0.3055927401799671,1.0,-0.0,0,0
287,0.0,0.11089108910891088,0.1420507440353343,1.0,-0.0,0,0
288,0.0,0.033663366336633666,0.08475617647141663,1.0,-0.0,0,0
289,0.0,0.015841584158415842,0.05401260078014202,1.0,-0.0,0,0
290,0.0,0.011881188118811883,0.04727657974777555,1.0,-0.0,0,0
291,0.0,0.017821782178217824,0.05698017651460656,1.0,-0.0,0,0
292,0.0,0.017821782178217824,0.05698017651460656,1.0,-0.0,0,0
293,0.0,0.01386138613861386,0.05079507064705211,1.0,-0.0,0,0
294,0.0,0.01386138613861386,0.05079507064705211,1.0,-0.0,0,0
295,0.0,0.01386138613861386,0.05079507064705211,1.0,-0.0,0,0
296,0.0,0.0,0.0,1.0,-0.0,0,0
297,0.0,0.0,0.0,1.0,-0.0,0,0
298,0.0,0.0,0.0,1.0,-0.0,0,0
299,0.0,0.0,0.0,1.0,-0.0,0,0
300,0.0,0.0,0.0,1.0,-0.0,0,0
301,0.0,0.0,0.0,1.0,-0.0,0,0
302,0.0,0.0,0.0,1.0,-0.0,0,0
303,0.0,0.0,0.0,1.0,-0.0,0,0
304,0.0,0.0,0.0,1.0,-0.0,0,0
305,0.0,0.04950495049504951,0.10304643034659554,1.0,-0.0,0,0
306,0.0,0.04950495049504951,0.10304643034659554,1.0,-0.0,0,0
307,0.0,0.04950495049504951,0.10304643034659554,1.0,-0.0,0,0
308,0.0,0.06534653465346535,0.11641139371642828,1.0,-0.0,0,0
309,0.0,0.06534653465346535,0.11641139371642828,1.0,-0.0,0,0
310,0.0,0.015841584158415842,0.05401260078014201,1.0,-0.0,0,0
311,0.0,0.015841584158415842,0.05401260078014201,1.0,-0.0,0,0
312,0.8,0.10099009900990097,0.12781100644043505,2.2617597400853348e-08,7.645553530753188,0,0
313,0.8,0.0910891089108911,0.13057300215314485,2.8298816027640808e-08,7.548231734207817,0,0
314,0.8,0.0910891089108911,0.13057300215314485,2.8298816027640808e-08,7.548231734207817,0,0
315,1.2,0.18217821782178217,0.18042635951740818,8.443289505380745e-09,8.073488319286087,1,0
316,1.2,0.20396039603960398,0.18450940681657277,3.3635141149196666e-08,7.473206745469254,1,0
317,0.4,0.11683168316831682,0.1442421691205886,0.024814654441067008,1.605291768235455,0,0
318,0.4,0.1485148514851485,0.15834156674616875,0.05611551247212019,1.2509170665552976,0,0
319,0.4,0.1485148514851485,0.15834156674616875,0.05611551247212019,1.2509170665552976,0,0
320,0.0,0.05742574257425742,0.09885135821266286,1.0,-0.0,0,0
321,0.0,0.05148514851485149,0.096075322540263,1.0,-0.0,0,0
322,0.0,0.05148514851485149,0.096075322540263,1.0,-0.0,0,0
323,0.0,0.015841584158415842,0.05401260078014202,1.0,-0.0,0,0
324,0.0,0.015841584158415842,0.05401260078014202,1.0,-0.0,0,0
325,0.0,0.015841584158415842,0.05401260078014202,1.0,-0.0,0,0
326,0.0,0.0,0.0,1.0,-0.0,0,0
327,0.0,0.0,0.0,1.0,-0.0,0,0
328,0.2,0.05346534653465347,0.09287951999650358,0.05731896239780438,1.2417016799108866,0,0
329,0.2,0.05346534653465347,0.09287951999650358,0.05731896239780438,1.2417016799108866,0,0
330,0.2,0.05346534653465347,0.09287951999650358,0.05731896239780438,1.2417016799108866,0,0
331,0.2,0.05346534653465347,0.09287951999650358,0.05731896239780438,1.2417016799108866,0,0
332,0.2,0.05346534653465347,0.09287951999650358,0.05731896239780438,1.2417016799108866,0,0
333,0.0,0.0,0.0,1.0,-0.0,0,0
334,0.0,0.0,0.0,1.0,-0.0,0,0
335,0.0,0.0,0.0,1.0,-0.0,0,0
336,0.0,0.0,0.0,1.0,-0.0,0,0
337,0.2,0.0594059405940594,0.09968089464279778,0.07920469585235763,1.1012490693914339,0,0
338,0.4,0.12772277227722773,0.14496077440151445,0.030171291994872555,1.5204060920712898,0,0
339,0.4,0.12772277227722773,0.14496077440151445,0.030171291994872555,1.5204060920712898,0,0
340,0.4,0.12772277227722773,0.14496077440151445,0.030171291994872555,1.5204060920712898,0,0
341,0.4,0.12772277227722773,0.14496077440151445,0.030171291994872555,1.5204060920712898,0,0
342,0.4,0.08712871287128714,0.13324834725751067,0.009436468186704789,2.025190519899815,0,0
343,0.2,0.04554455445544555,0.09700949476369022,0.05567344326657021,1.2543519178087963,0,0
344,0.2,0.04554455445544555,0.09700949476369022,0.05567344326657021,1.2543519178087963,1,0
345,0.6,0.061386138613861385,0.10433219700847123,1.2184358755350983e-07,6.914197322149402,0,0
346,0.8,0.0712871287128713,0.11461224656227945,1.0215112412388948e-10,9.990756849803772,0,0
347,0.8,0.07722772277227724,0.12576985749069639,4.547824517789941e-09,8.342196301333868,0,0
348,0.8,0.051485148514851475,0.10773441987117183,1.855429287952756e-12,11.731555592345705,1,0
349,0.8,0.06138613861386138,0.11515834731523733,7.092270553071727e-11,10.149214705464674,0,0
350,0.4,0.04554455445544554,0.09700949476369024,0.00012918260692340805,3.888795955579933,0,0
351,0.2,0.0712871287128713,0.11110305060677653,0.12333004940280463,0.9089310945328983,0,0
352,0.0,0.06336633663366337,0.11233152161332939,1.0,-0.0,0,0
353,0.0,0.06930693069306931,0.11409790329416189,1.0,-0.0,0,0
354,0.0,0.07920792079207921,0.11966689053257921,1.0,-0.0,0,0
355,0.0,0.07920792079207921,0.11966689053257921,1.0,-0.0,0,0
356,0.4,0.1485148514851485,0.16326729671147555,0.06174024088977673,1.2094316803787584,0,0
357,0.4,0.14455445544554454,0.16196518848854283,0.057378982258239536,1.2412471591843122,0,0
358,0.4,0.13861386138613863,0.16104257909978187,0.05228538948720469,1.2816196524626604,0,0
359,0.4,0.15049504950495046,0.16266576457752752,0.06253322846426107,1.2038891489937424,4,0
360,0.4,0.201980198019802,0.18129359046727286,0.13735933971946546,0.8621418054773224,1,0
361,0.0,0.09702970297029702,0.1451905170679078,1.0,-0.0,0,0
362,0.0,0.15643564356435644,0.18370005771578798,1.0,-0.0,0,0
363,0.0,0.15643564356435644,0.18370005771578798,1.0,-0.0,0,0
364,0.0,0.14653465346534655,0.1885664294196818,1.0,-0.0,0,0
365,0.0,0.21188118811881188,0.21027428043498278,1.0,-0.0,0,0
366,0.0,0.22178217821782173,0.22320969157959367,1.0,-0.0,0,0
367,0.0,0.1504950495049505,0.1650824950547828,1.0,-0.0,0,0
368,0.0,0.1643564356435643,0.17210643633774864,1.0,-0.0,0,0
369,0.0,0.15049504950495046,0.15772124951873168,1.0,-0.0,0,0
370,0.0,0.033663366336633666,0.07994704648786674,1.0,-0.0,2,0
371,0.2,0.09306930693069307,0.15559367350941147,0.2459647447749575,0.6091271378029197,0,0
372,0.2,0.09306930693069307,0.15559367350941147,0.2459647447749575,0.6091271378029197,0,0
373,0.2,0.100990099009901,0.15826725705099476,0.2657930117255257,0.5754564417865893,0,0
374,0.2,0.09702970297029703,0.15571962971356437,0.25422457596215225,0.5947824683813706,0,0
375,0.2,0.10297029702970298,0.15824247939807565,0.2698816313260778,0.5688266733730771,0,0
376,0.0,0.10297029702970298,0.14243667729389659,1.0,-0.0,0,0
377,0.0,0.17623762376237617,0.16479721403218364,1.0,-0.0,0,0
378,0.0,0.2514851485148515,0.20421977163332655,1.0,-0.0,0,0
379,0.2,0.36237623762376237,0.26358213447342616,1.0,-0.0,0,0
380,0.2,0.35643564356435636,0.25886876585918417,1.0,-0.0,0,0
381,0.4,0.30297029702970296,0.25425310751707636,0.35136924258011937,0.45423625753155245,0,0
382,0.4,0.2316831683168317,0.21384305018572394,0.21561034139582408,0.6663304127643663,0,0
383,0.4,0.13267326732673265,0.16477341831853246,0.052359943232193576,1.2810008329761031,2,0
384,0.2,0.025742574257425748,0.06697637435757531,0.004637140001348011,2.3337497919853583,0,0
385,0.2,0.025742574257425748,0.06697637435757531,0.004637140001348011,2.3337497919853583,0,0
386,0.0,0.007920792079207921,0.03900537743285587,1.0,-0.0,0,0
387,0.0,0.007920792079207921,0.03900537743285587,1.0,-0.0,0,0
388,0.0,0.007920792079207921,0.03900537743285587,1.0,-0.0,0,0
389,0.0,0.0,0.0,1.0,-0.0,0,0
390,0.0,0.04950495049504951,0.1104659459879711,1.0,-0.0,0,0
391,0.0,0.07326732673267326,0.12811743461086583,1.0,-0.0,0,0
392,0.0,0.07326732673267326,0.12811743461086583,1.0,-0.0,0,0
393,0.0,0.08118811881188118,0.13254020222321994,1.0,-0.0,0,0
394,0.0,0.08514851485148513,0.13304219431477882,1.0,-0.0,0,0
395,0.0,0.03564356435643565,0.07653920035678292,1.0,-0.0,2,0
396,0.0,0.011881188118811883,0.04727657974777554,1.0,-0.0,0,0
397,0.0,0.031683168316831684,0.07826167463512675,1.0,-0.0,0,0
398,0.2,0.03762376237623763,0.07816140339006158,0.01888012292982573,1.723995182306426,0,0
399,0.2,0.033663366336633666,0.07482947971362847,0.013112090674369026,1.8823280561396656,0,0
400,0.2,0.03762376237623763,0.07816140339006158,0.01888012292982573,1.723995182306426,0,0
401,0.2,0.03762376237623763,0.07816140339006158,0.01888012292982573,1.723995182306426,0,0
402,0.2,0.017821782178217824,0.056980176514606566,0.0006937928196726553,3.15877019915046,0,0
403,0.0,0.0039603960396039604,0.027863855998951064,1.0,-0.0,1,0
404,0.0,0.0039603960396039604,0.027863855998951064,1.0,-0.0,0,0
405,0.0,0.0,0.0,1.0,-0.0,0,0
406,0.0,0.0039603960396039604,0.02786385599895107,1.0,-0.0,0,0
407,0.0,0.04752475247524753,0.09809478080396702,1.0,-0.0,0,0
408,0.0,0.05148514851485149,0.10399339410297728,1.0,-0.0,1,0
409,0.0,0.05148514851485149,0.10399339410297728,1.0,-0.0,0,0
410,0.0,0.12079207920792079,0.1666898653919601,1.0,-0.0,0,0
411,0.0,0.11683168316831684,0.16713622056244903,1.0,-0.0,0,0
412,0.0,0.10297029702970298,0.14789308791950764,1.0,-0.0,0,0
413,0.0,0.09900990099009901,0.14791959918402456,1.0,-0.0,0,0
414,0.0,0.09900990099009901,0.14791959918402456,1.0,-0.0,0,0
415,0.0,0.0297029702970297,0.08622392497852373,1.0,-0.0,1,0
416,0.0,0.04554455445544555,0.10485704788018795,1.0,-0.0,0,0
417,0.2,0.0712871287128713,0.1337476815110359,0.16793542737844164,0.7748576761552338,0,0
418,0.2,0.0712871287128713,0.1337476815110359,0.16793542737844164,0.7748576761552338,0,0
419,0.2,0.19801980198019797,0.2312172687116078,0.49658340805973633,0.3040077952697345,0,0
420,0.2,0.19801980198019797,0.2312172687116078,0.49658340805973633,0.3040077952697345,0,0
421,0.4,0.19207920792079206,0.2178577828035654,0.16994371057172103,0.7696949035407008,0,0
422,0.2,0.14356435643564355,0.17143300604381728,0.3710024863681775,0.4306231798395063,0,0
423,0.2,0.14356435643564355,0.17143300604381728,0.3710024863681775,0.4306231798395063,0,0
424,0.2,0.017821782178217824,0.05698017651460656,0.0006937928196726553,3.15877019915046,0,0
425,0.2,0.027722772277227727,0.06910862719451544,0.0063361735559086295,2.1981729353735644,0,0
426,0.0,0.017821782178217824,0.05698017651460656,1.0,-0.0,0,0
427,0.0,0.009900990099009901,0.04338396495090424,1.0,-0.0,0,0
428,0.0,0.009900990099009901,0.04338396495090424,1.0,-0.0,0,0
429,0.0,0.009900990099009901,0.04338396495090424,1.0,-0.0,0,0
430,0.0,0.0,0.0,1.0,-0.0,0,0
431,0.0,0.0,0.0,1.0,-0.0,0,0
432,0.0,0.0,0.0,1.0,-0.0,0,0
433,0.0,0.0,0.0,1.0,-0.0,0,0
434,0.0,0.0,0.0,1.0,-0.0,0,0
435,0.0,0.0,0.0,1.0,-0.0,0,0
436,0.0,0.0,0.0,1.0,-0.0,0,0
437,0.6,0.1188118811881188,0.15964866828313962,0.0012889518649435907,2.8897633007844696,0,0
438,0.6,0.1188118811881188,0.15964866828313962,0.0012889518649435907,2.8897633007844696,0,0
439,0.6,0.1188118811881188,0.15964866828313962,0.0012889518649435907,2.8897633007844696,0,0
440,0.6,0.1188118811881188,0.15964866828313962,0.0012889518649435907,2.8897633007844696,0,0
441,0.6,0.1188118811881188,0.15964866828313962,0.0012889518649435907,2.8897633007844696,0,0
442,0.0,0.0,0.0,1.0,-0.0,0,0
443,0.0,0.07722772277227724,0.122580495370631,1.0,-0.0,0,0
444,0.0,0.12079207920792076,0.14372473118118065,1.0,-0.0,0,0
445,0.0,0.13366336633663364,0.15432845757147495,1.0,-0.0,0,0
446,0.0,0.18415841584158413,0.16574624125023033,1.0,-0.0,0,0
447,0.0,0.21188118811881182,0.17760069168141515,1.0,-0.0,1,0
448,0.0,0.13465346534653466,0.15184387732816487,1.0,-0.0,0,0
449,0.0,0.08910891089108909,0.13042276277287215,1.0,-0.0,0,0
450,0.0,0.07722772277227723,0.122580495370631,1.0,-0.0,0,0
451,0.0,0.02772277227722773,0.07461957893630405,1.0,-0.0,0,0
452,0.0,0.0039603960396039604,0.027863855998951068,1.0,-0.0,0,0
453,0.0,0.0039603960396039604,0.027863855998951068,1.0,-0.0,0,0
454,0.0,0.0039603960396039604,0.027863855998951068,1.0,-0.0,0,0
455,0.0,0.0039603960396039604,0.027863855998951068,1.0,-0.0,0,0
456,0.0,0.05148514851485149,0.10399339410297728,1.0,-0.0,0,0
457,0.0,0.22970297029702966,0.19977440467551033,1.0,-0.0,0,0
458,0.0,0.30891089108910885,0.21713663622768792,1.0,-0.0,0,0
459,0.0,0.7702970297029703,0.34167454680115017,1.0,-0.0,0,0
460,0.0,0.7702970297029703,0.34167454680115017,1.0,-0.0,0,0
461,0.0,0.7227722772277227,0.3365171609702654,1.0,-0.0,0,0
462,0.0,0.5386138613861386,0.2894071430723978,1.0,-0.0,0,0
463,0.0,0.45940594059405937,0.2678030227137296,1.0,-0.0,0,0
464,0.4,0.5207920792079207,0.29662017973558363,1.0,-0.0,0,0
465,0.4,0.6574257425742575,0.31255780761276164,1.0,-0.0,0,0
466,0.4,0.9702970297029703,0.3954054328506514,1.0,-0.0,0,0
467,0.4,0.9702970297029703,0.3954054328506514,1.0,-0.0,1,0
468,0.4,0.9702970297029703,0.3954054328506514,1.0,-0.0,0,0
469,0.0,0.44752475247524753,0.29937031586478036,1.0,-0.0,0,0
470,0.0,0.3108910891089109,0.2540371026534439,1.0,-0.0,0,0
471,0.0,0.0039603960396039604,0.027863855998951064,1.0,-0.0,0,0
472,0.0,0.011881188118811883,0.047276579747775535,1.0,-0.0,0,0
473,0.0,0.011881188118811883,0.047276579747775535,1.0,-0.0,0,0
474,0.0,0.011881188118811883,0.047276579747775535,1.0,-0.0,0,0
475,0.0,0.011881188118811883,0.047276579747775535,1.0,-0.0,0,0
476,0.0,0.007920792079207921,0.03900537743285587,1.0,-0.0,0,0
477,0.0,0.0019801980198019802,0.0198019801980198,1.0,-0.0,0,0
478,0.0,0.0059405940594059415,0.03395332316729157,1.0,-0.0,0,0
479,0.0,0.0059405940594059415,0.03395332316729157,1.0,-0.0,0,0
480,0.0,0.0059405940594059415,0.03395332316729157,1.0,-0.0,0,0
481,0.0,0.0059405940594059415,0.03395332316729157,1.0,-0.0,0,0
482,0.0,0.0039603960396039604,0.027863855998951068,1.0,-0.0,0,0
483,0.0,0.4316831683168318,0.2416653004456095,1.0,-0.0,0,0
484,0.0,0.4316831683168318,0.2416653004456095,1.0,-0.0,0,0
485,0.0,0.4316831683168318,0.2416653004456095,1.0,-0.0,0,0
486,0.0,0.4316831683168318,0.2416653004456095,1.0,-0.0,0,0
487,0.0,0.46732673267326735,0.2552843147640922,1.0,-0.0,0,0
488,0.0,0.15247524752475247,0.17153590358580373,1.0,-0.0,0,0
489,0.2,0.39207920792079215,0.28690329150534394,1.0,-0.0,0,0
490,0.2,0.44950495049504957,0.30102917932847606,1.0,-0.0,0,0
491,0.2,0.502970297029703,0.324099802971323,1.0,-0.0,0,0
492,0.2,0.5762376237623763,0.33215423914870107,1.0,-0.0,0,0
493,0.2,0.5584158415841585,0.3150569103808821,1.0,-0.0,0,0
494,0.0,0.48712871287128706,0.2916879406491215,1.0,-0.0,1,0
495,0.0,0.5069306930693069,0.2663495156809564,1.0,-0.0,0,0
496,0.0,0.4811881188118812,0.24884400906780207,1.0,-0.0,0,0
497,0.0,0.37425742574257437,0.23490190299147592,1.0,-0.0,0,0
498,0.0,0.2752475247524752,0.2177317545727281,1.0,-0.0,0,0
499,0.2,0.45544554455445535,0.3390362717604975,1.0,-0.0,0,0
500,0.2,1.2415841584158414,0.5237464670327068,1.0,-0.0,0,0
501,0.2,1.2138613861386138,0.5160838259814609,1.0,-0.0,0,0
502,0.2,1.368316831683168,0.5240608182280403,1.0,-0.0,2,0
503,0.4,1.8376237623762381,0.6215361813940392,1.0,-0.0,0,0
504,0.2,1.7009900990099012,0.5716910904258237,1.0,-0.0,0,0
505,0.2,1.0554455445544555,0.37980590340636783,1.0,-0.0,0,0
506,0.2,1.0554455445544555,0.37980590340636783,1.0,-0.0,0,0
507,0.2,0.899009900990099,0.35890235565132395,1.0,-0.0,0,0
508,0.0,0.4316831683168317,0.28939359373167206,1.0,-0.0,0,0
509,0.0,0.2178217821782178,0.201182661499228,1.0,-0.0,0,0
510,0.0,0.0,0.0,1.0,-0.0,0,0
511,0.0,0.0,0.0,1.0,-0.0,0,0
512,0.0,0.0,0.0,1.0,-0.0,0,0
513,0.0,0.0,0.0,1.0,-0.0,0,0
514,0.0,0.0,0.0,1.0,-0.0,0,0
515,0.0,0.0,0.0,1.0,-0.0,0,0
516,0.0,0.0,0.0,1.0,-0.0,0,0
517,0.0,0.0,0.0,1.0,-0.0,0,0
518,0.0,0.0,0.0,1.0,-0.0,0,0
519,0.0,0.0,0.0,1.0,-0.0,0,0
520,0.0,0.0,0.0,1.0,-0.0,0,0
521,0.0,0.0,0.0,1.0,-0.0,0,0
522,0.0,0.0,0.0,1.0,-0.0,0,0
523,0.0,0.0,0.0,1.0,-0.0,0,0
524,0.0,0.0,0.0,1.0,-0.0,0,0
525,0.0,0.0,0.0,1.0,-0.0,0,0
526,0.0,0.0,0.0,1.0,-0.0,0,0
527,0.0,0.0,0.0,1.0,-0.0,0,0
528,0.0,0.0,0.0,1.0,-0.0,0,0
529,0.0,0.0,0.0,1.0,-0.0,0,0
530,0.0,0.0,0.0,1.0,-0.0,0,0
531,0.0,0.0,0.0,1.0,-0.0,0,0
532,0.0,0.0,0.0,1.0,-0.0,0,0
533,0.0,0.0,0.0,1.0,-0.0,0,0
534,0.0,0.0,0.0,1.0,-0.0,0,0
535,0.0,0.0,0.0,1.0,-0.0,0,0
536,0.0,0.0,0.0,1.0,-0.0,0,0
537,0.0,0.0,0.0,1.0,-0.0,0,0
538,0.0,0.0059405940594059415,0.03395332316729157,1.0,-0.0,0,0
539,0.0,0.0059405940594059415,0.03395332316729157,1.0,-0.0,0,0
540,0.0,0.0059405940594059415,0.03395332316729157,1.0,-0.0,0,0
541,0.0,0.0059405940594059415,0.03395332316729157,1.0,-0.0,0,0
542,0.0,0.0059405940594059415,0.03395332316729157,1.0,-0.0,0,0
543,0.0,0.0,0.0,1.0,-0.0,0,0
544,0.0,0.0,0.0,1.0,-0.0,0,0
545,0.0,0.0,0.0,1.0,-0.0,0,0
546,0.0,0.0,0.0,1.0,-0.0,0,0
547,0.0,0.0,0.0,1.0,-0.0,0,0
548,0.0,0.0,0.0,1.0,-0.0,0,0
549,0.0,0.17821782178217818,0.1732644978552662,1.0,-0.0,0,0
550,0.0,0.21980198019801975,0.18775368421597716,1.0,-0.0,0,0
551,0.0,0.21980198019801975,0.18775368421597716,1.0,-0.0,0,0
552,0.0,0.43366336633663366,0.2518357266402647,1.0,-0.0,0,0
553,0.0,0.6455445544554455,0.33286180418931793,1.0,-0.0,0,0
554,0.2,0.5287128712871287,0.30126355477934996,1.0,-0.0,0,0
555,0.2,0.5722772277227722,0.31595174837814327,1.0,-0.0,2,0
556,0.2,0.5871287128712871,0.3183072077137144,1.0,-0.0,0,0
557,0.2,0.3900990099009901,0.2410804682616108,1.0,-0.0,0,0
558,0.2,0.17821782178217818,0.1755353680172698,0.4506220205314827,0.3461875894394391,0,0
559,0.0,0.1603960396039604,0.18025241263723207,1.0,-0.0,0,280
560,0.0,0.7386138613861386,0.3557088299284263,1.0,-0.0,0,0
561,0.0,1.5485148514851483,0.5381695896324652,1.0,-0.0,0,0
562,0.0,1.5425742574257422,0.5488685995166236,1.0,-0.0,3,0
563,0.0,1.5425742574257422,0.5488685995166236,1.0,-0.0,0,0
564,0.0,1.5207920792079204,0.5392177744233705,1.0,-0.0,0,0
565,0.0,0.8534653465346534,0.42392890222969226,1.0,-0.0,0,0
566,0.0,0.0297029702970297,0.07648795214189293,1.0,-0.0,0,0
567,0.0,0.019801980198019802,0.059735061897023205,1.0,-0.0,0,0
568,0.0,0.019801980198019802,0.059735061897023205,1.0,-0.0,0,0
569,0.0,0.0,0.0,1.0,-0.0,0,0
570,0.0,0.0,0.0,1.0,-0.0,0,0
571,0.0,0.0,0.0,1.0,-0.0,0,0
572,0.0,0.0,0.0,1.0,-0.0,0,0
573,0.0,0.0,0.0,1.0,-0.0,0,0
574,0.0,0.0,0.0,1.0,-0.0,0,0
575,0.0,0.0,0.0,1.0,-0.0,0,0
576,0.0,0.0,0.0,1.0,-0.0,0,0
577,0.0,0.0,0.0,1.0,-0.0,0,0
578,0.0,0.0,0.0,1.0,-0.0,0,0
579,0.0,0.0,0.0,1.0,-0.0,0,0
580,0.0,0.0,0.0,1.0,-0.0,0,0
581,0.0,0.0,0.0,1.0,-0.0,0,0
582,0.0,0.0,0.0,1.0,-0.0,0,0
583,0.0,0.0,0.0,1.0,-0.0,0,0
584,0.0,0.0,0.0,1.0,-0.0,0,0
585,0.0,0.0,0.0,1.0,-0.0,0,0
586,0.0,0.0,0.0,1.0,-0.0,0,0
587,0.0,0.0,0.0,1.0,-0.0,0,0
588,0.0,0.0,0.0,1.0,-0.0,0,0
589,0.0,0.0,0.0,1.0,-0.0,0,0
590,0.2,0.0059405940594059415,0.03395332316729158,5.469865928325192e-09,8.262023318511567,0,0
591,0.2,0.0059405940594059415,0.03395332316729158,5.469865928325192e-09,8.262023318511567,0,0
592,0.2,0.0059405940594059415,0.03395332316729158,5.469865928325192e-09,8.262023318511567,0,0
593,0.2,0.0059405940594059415,0.03395332316729158,5.469865928325192e-09,8.262023318511567,0,0
594,0.2,0.0059405940594059415,0.03395332316729158,5.469865928325192e-09,8.262023318511567,0,0
595,0.0,0.0,0.0,1.0,-0.0,0,0
596,0.0,0.0,0.0,1.0,-0.0,0,0
597,0.0,0.0,0.0,1.0,-0.0,0,0
598,0.0,0.0,0.0,1.0,-0.0,0,0
599,0.0,0.0,0.0,1.0,-0.0,0,0
600,0.0,0.0,0.0,1.0,-0.0,0,0
601,0.0,0.0,0.0,1.0,-0.0,0,0
602,0.0,0.007920792079207921,0.03900537743285587,1.0,-0.0,0,0
603,0.0,0.007920792079207921,0.03900537743285587,1.0,-0.0,0,0
604,0.0,0.007920792079207921,0.03900537743285587,1.0,-0.0,0,0
605,0.0,0.007920792079207921,0.03900537743285587,1.0,-0.0,0,0
606,0.0,0.007920792079207921,0.03900537743285587,1.0,-0.0,0,0
607,0.0,0.0,0.0,1.0,-0.0,0,0
608,0.0,0.0,0.0,1.0,-0.0,0,0
609,0.0,0.19009900990099005,0.18320845158368915,1.0,-0.0,0,0
610,0.0,0.4594059405940593,0.2959054631686042,1.0,-0.0,0,0
611,0.0,0.4594059405940593,0.2959054631686042,1.0,-0.0,0,0
612,0.0,0.6455445544554456,0.3491218835866049,1.0,-0.0,0,0
613,0.0,0.6930693069306929,0.36213268881096644,1.0,-0.0,0,0
614,0.0,0.502970297029703,0.3265345934229511,1.0,-0.0,0,0
615,0.0,0.23366336633663365,0.2217291308553206,1.0,-0.0,0,0
616,0.0,0.23366336633663365,0.2217291308553206,1.0,-0.0,0,0
617,0.0,0.047524752475247525,0.0939707763778588,1.0,-0.0,0,0
618,0.0,0.0,0.0,1.0,-0.0,0,0
619,0.0,0.05346534653465348,0.09704990696905225,1.0,-0.0,0,0
620,0.0,0.05346534653465348,0.09704990696905225,1.0,-0.0,0,0
621,0.0,0.07326732673267328,0.12177815335858849,1.0,-0.0,0,0
622,0.0,0.07326732673267328,0.12177815335858849,1.0,-0.0,0,0
623,0.0,0.299009900990099,0.22624574806133213,1.0,-0.0,0,0
624,0.0,0.29108910891089107,0.22075433678212725,1.0,-0.0,0,0
625,0.0,0.29108910891089107,0.22075433678212725,1.0,-0.0,3,0
626,0.0,0.27128712871287125,0.21356782198356852,1.0,-0.0,0,0
627,0.2,0.3326732673267327,0.22387625245674686,1.0,-0.0,0,0
628,0.2,0.11485148514851483,0.14169143619800648,0.2739388863041897,0.5623463141913831,0,0
629,0.2,0.06930693069306931,0.10693069306930696,0.11081180122969687,0.9554139856724337,0,0
630,0.2,0.11980198019801978,0.13498793637349912,0.27621843680882985,0.5587473368467786,0,0
631,0.2,0.11980198019801978,0.13498793637349912,0.27621843680882985,0.5587473368467786,0,0
632,0.2,0.13663366336633662,0.1405243168254271,0.3260207532291759,0.486754753533166,0,0
633,0.2,0.8831683168316832,0.4353374261877115,1.0,-0.0,0,0
634,0.4,0.8930693069306931,0.43922916857066996,1.0,-0.0,0,0
635,0.6,0.9801980198019801,0.4291413951435841,1.0,-0.0,1,0
636,0.6,0.9801980198019801,0.4291413951435841,1.0,-0.0,0,0
637,0.4,0.9049504950495049,0.41800474620067357,1.0,-0.0,0,0
638,0.4,0.1465346534653465,0.14594475859555073,0.041218202831238934,1.3849109479641608,0,0
639,0.2,0.13663366336633662,0.1460521894224616,0.3321947215859995,0.47860727255977775,0,0
640,0.0,0.0,0.0,1.0,-0.0,0,0
641,0.0,0.0,0.0,1.0,-0.0,0,0
642,0.0,0.01386138613861386,0.05079507064705211,1.0,-0.0,0,0
643,0.6,0.8079207920792079,0.3816802789118973,1.0,-0.0,0,0
644,0.6,0.8079207920792079,0.3816802789118973,1.0,-0.0,0,0
645,0.6,0.9900990099009901,0.4280984781901504,1.0,-0.0,1,0
646,0.6,1.0495049504950493,0.44624367591297504,1.0,-0.0,3,0
647,1.4,1.4455445544554453,0.515795022698594,1.0,-0.0,0,0
648,1.0,0.7792079207920791,0.41704211428316906,0.29825569734810375,0.525411251586505,0,0
649,3.4,1.3346534653465345,0.5136619922575268,2.8996966088810714e-05,4.537647439336063,11,0
650,3.4,1.1534653465346534,0.47168632731233023,9.547555427825674e-07,6.02010781167379,1,0
651,3.4,1.0930693069306932,0.4603609057178737,2.7054954293726803e-07,6.567753195421993,0,0
652,2.6,0.6871287128712869,0.3164353957297137,7.467671738362428e-10,9.126814780887813,1,0
653,2.4,0.5603960396039603,0.28978626740477964,1.0896646517446289e-10,9.962707137201695,0,0
654,0.0,0.017821782178217824,0.05698017651460656,1.0,-0.0,1,0
655,0.0,0.017821782178217824,0.05698017651460656,1.0,-0.0,0,0
656,0.0,0.017821782178217824,0.05698017651460656,1.0,-0.0,0,0
657,0.0,0.013861386138613863,0.05079507064705211,1.0,-0.0,0,0
658,0.0,0.013861386138613863,0.05079507064705211,1.0,-0.0,0,0
659,0.0,0.0,0.0,1.0,-0.0,0,0
660,0.0,0.0039603960396039604,0.027863855998951068,1.0,-0.0,0,0
661,0.0,0.0297029702970297,0.07648795214189293,1.0,-0.0,0,0
662,0.4,0.3504950495049505,0.2523645651391432,0.42224073483611435,0.37443987130981593,0,0
663,0.4,0.38811881188118813,0.26821268666802,0.48233357778353875,0.31665250349693097,0,0
664,1.0,0.5504950495049505,0.3287009421669387,0.08573126353738471,1.0668607754419346,1,0
665,1.0,0.5891089108910892,0.33828366739109106,0.11225271939743982,0.9498031291219968,0,0
666,3.0,1.1900990099009903,0.482055202149932,8.682613594076529e-05,4.061349526133192,1,0
667,2.6,0.8693069306930693,0.3832488978128153,3.1532215974149153e-06,5.501245507478303,0,0
668,2.6,0.8495049504950494,0.38630613274100944,2.9301546422714443e-06,5.533109458651729,4,0
669,2.0,0.7089108910891089,0.37498488679802644,0.0002876038692355593,3.5412052755341166,0,0
670,2.0,0.6673267326732674,0.3618185396327803,0.00011513315062518019,3.9387996106822496,0,0
671,7.0,0.9623762376237625,0.4465159926728014,1e-17,17.0,0,0
672,8.0,1.22970297029703,0.4653423214471162,1e-17,17.0,0,0
673,14.0,2.267326732673267,0.6952610323804652,1e-17,17.0,35,0
674,22.4,3.566336633663367,0.7840333933738418,1e-17,17.0,9,0
675,22.4,3.566336633663367,0.7840333933738418,1e-17,17.0,1,0
676,16.8,2.81980198019802,0.6925372781159418,1e-17,17.0,1,0
677,16.4,2.6891089108910893,0.6844671252618056,1e-17,17.0,0,0
678,10.4,1.7108910891089106,0.563212319513067,1e-17,17.0,2,0
679,2.8,0.8653465346534654,0.4127751152326386,1.3865803436818445e-06,5.858054960700796,0,0
680,3.2,0.887128712871287,0.42348468740050066,2.3603376664660616e-08,7.627025863049849,0,0
681,4.6,1.9861386138613861,0.6462427130363126,2.6194480891140738e-05,4.581790203757244,1,0
682,4.2,1.9445544554455445,0.6211575345096998,0.00014114274655640865,3.850341435699627,0,0
683,4.2,1.8653465346534657,0.6153861612341364,7.417889138813788e-05,4.1297196615387115,0,0
684,3.4,1.398019801980198,0.5208485456720348,6.059911325084944e-05,4.217533730835044,0,0
685,3.0,1.3762376237623761,0.522967260367354,0.0009517086464295135,3.021495985033851,0,0
686,0.2,0.1603960396039604,0.1712384753198294,0.40854880985290765,0.3887560503103597,0,0
687,0.0,0.06732673267326733,0.11698261772468857,1.0,-0.0,0,0
688,0.0,0.10495049504950495,0.1423816080178024,1.0,-0.0,0,0
689,0.8,0.3801980198019801,0.22427873480820226,0.030618051090586247,1.5140224566012204,0,0
690,1.2,0.6396039603960395,0.31593933742858027,0.03805261217824588,1.4196155250784575,0,0
691,1.2,0.601980198019802,0.2971748820122096,0.022091540336146336,1.6557740018213476,1,0
692,1.2,0.598019801980198,0.2971748820122096,0.021398969211096207,1.669607146123463,0,0
693,1.4,0.6237623762376238,0.3008728275973633,0.004940694340087123,2.306212013246719,0,0
694,0.6,0.3425742574257426,0.23770625630768516,0.13941367232788004,0.8556946327991133,0,0
695,0.2,0.08118811881188118,0.11664694237642095,0.1542060090621744,0.8118987024738039,0,0
696,0.2,0.0712871287128713,0.11461224656227946,0.1307125990009052,0.8836825500410105,0,0
697,0.2,0.07524752475247526,0.11553229422427584,0.140114268670204,0.8535176356692988,0,0
698,0.0,0.023762376237623766,0.07056843438101175,1.0,-0.0,0,0
699,0.0,0.023762376237623766,0.07056843438101175,1.0,-0.0,0,0
700,0.0,0.023762376237623766,0.07056843438101175,1.0,-0.0,0,0
701,0.0,0.015841584158415842,0.06090517425437506,1.0,-0.0,0,0
702,0.0,0.011881188118811883,0.047276579747775535,1.0,-0.0,0,0
703,0.0,0.0,0.0,1.0,-0.0,0,0
704,0.0,0.0,0.0,1.0,-0.0,0,0
705,0.0,0.0,0.0,1.0,-0.0,0,0
706,0.0,0.0,0.0,1.0,-0.0,0,0
707,0.0,0.0,0.0,1.0,-0.0,0,0
708,0.0,0.013861386138613863,0.05079507064705212,1.0,-0.0,0,0
709,0.0,0.02772277227722773,0.06910862719451544,1.0,-0.0,0,0
710,0.0,0.02772277227722773,0.06910862719451544,1.0,-0.0,0,0
711,0.0,0.02772277227722773,0.06910862719451544,1.0,-0.0,0,0
712,0.0,0.02772277227722773,0.06910862719451544,1.0,-0.0,0,0
713,0.0,0.01386138613861386,0.05079507064705211,1.0,-0.0,0,0
714,0.0,0.0,0.0,1.0,-0.0,0,0
715,0.0,0.0,0.0,1.0,-0.0,0,0
716,0.0,0.041584158415841586,0.08590499787518362,1.0,-0.0,0,0
717,0.0,0.041584158415841586,0.08590499787518362,1.0,-0.0,0,0
718,0.0,0.0594059405940594,0.0956253185556407,1.0,-0.0,0,0
719,0.0,0.10099009900990098,0.1308729634998678,1.0,-0.0,0,0
720,0.0,0.1168316831683168,0.13864214704328154,1.0,-0.0,0,0
721,0.0,0.07524752475247526,0.1189108498693262,1.0,-0.0,0,0
722,0.4,0.4811881188118812,0.29000268735085644,1.0,-0.0,0,0
723,0.4,0.504950495049505,0.316658368437872,1.0,-0.0,0,0
724,0.4,0.7683168316831682,0.38252177652870256,1.0,-0.0,0,0
725,0.6,1.7485148514851487,0.5555505451309313,1.0,-0.0,0,0
726,0.8,1.8851485148514853,0.5495968168681981,1.0,-0.0,0,0
727,0.4,1.5227722772277226,0.4906817217940108,1.0,-0.0,1,0
728,0.4,1.4811881188118812,0.4785938295885391,1.0,-0.0,0,0
729,0.4,1.1861386138613863,0.423336512207931,1.0,-0.0,0,0
730,0.2,0.19207920792079206,0.20666286139643167,0.4847134344205806,0.3145149431122522,0,0
731,0.0,0.08514851485148513,0.13304219431477882,1.0,-0.0,0,0
732,0.0,0.44752475247524753,0.27739740210435576,1.0,-0.0,0,0
733,0.0,1.2732673267326733,0.4732217551280975,1.0,-0.0,0,0
734,0.2,1.4495049504950492,0.5076881716944595,1.0,-0.0,3,0
735,0.2,1.4495049504950492,0.5076881716944595,1.0,-0.0,0,0
736,0.2,1.4168316831683168,0.5075800296711144,1.0,-0.0,0,0
737,0.2,1.0118811881188117,0.4182204470364647,1.0,-0.0,0,0
738,0.2,0.18613861386138614,0.18077375114498545,0.4694398170378381,0.32842007710119614,0,0
739,0.0,0.0,0.0,1.0,-0.0,0,0
740,0.0,0.007920792079207921,0.03900537743285587,1.0,-0.0,0,0
741,0.0,0.007920792079207921,0.03900537743285587,1.0,-0.0,0,0
742,0.0,0.007920792079207921,0.03900537743285587,1.0,-0.0,0,0
743,0.0,0.007920792079207921,0.03900537743285587,1.0,-0.0,0,0
744,0.0,0.007920792079207921,0.03900537743285587,1.0,-0.0,0,0
745,0.0,0.0,0.0,1.0,-0.0,0,0
746,0.0,0.09108910891089106,0.12750384183766536,1.0,-0.0,0,0
747,0.0,0.09108910891089106,0.12750384183766536,1.0,-0.0,0,0
748,0.0,1.2316831683168317,0.4526994266672019,1.0,-0.0,1,0
749,0.0,1.2316831683168317,0.4526994266672019,1.0,-0.0,0,0
750,0.0,1.2851485148514852,0.4745787373485446,1.0,-0.0,2,0
751,0.0,1.4435643564356433,0.5232071398641115,1.0,-0.0,0,0
752,0.0,3.1534653465346527,0.7503879335246106,1.0,-0.0,0,0
753,0.0,2.493069306930693,0.6993996613422531,1.0,-0.0,0,0
754,0.0,2.5148514851485144,0.705478720776248,1.0,-0.0,1,0
755,0.0,2.59009900990099,0.7210422805876638,1.0,-0.0,0,0
756,0.0,2.3742574257425746,0.6634224891262895,1.0,-0.0,0,0
757,0.0,0.6613861386138612,0.36989971802100685,1.0,-0.0,0,0
758,0.0,0.3168316831683169,0.25681572810888675,1.0,-0.0,0,0
759,0.0,0.2950495049504951,0.2446967157478308,1.0,-0.0,0,0
760,0.0,0.1801980198019802,0.2039315561653939,1.0,-0.0,0,0
761,0.0,0.17029702970297028,0.1977820354722182,1.0,-0.0,0,0
762,0.0,1.603960396039604,0.47007915745447654,1.0,-0.0,0,0
763,0.0,1.8732673267326738,0.5352691724284704,1.0,-0.0,0,0
764,0.0,1.8732673267326738,0.5352691724284704,1.0,-0.0,0,0
765,0.0,1.8613861386138617,0.5345434430251009,1.0,-0.0,0,0
766,0.0,1.8376237623762381,0.5367396044635666,1.0,-0.0,0,0
767,0.0,0.4158415841584158,0.29205067825087716,1.0,-0.0,0,0
768,0.0,0.013861386138613863,0.050795070647052104,1.0,-0.0,0,0
769,0.0,0.013861386138613863,0.050795070647052104,1.0,-0.0,0,0
770,0.0,0.013861386138613863,0.050795070647052104,1.0,-0.0,0,0
771,0.0,0.013861386138613863,0.050795070647052104,1.0,-0.0,0,0
772,0.0,0.0019801980198019802,0.0198019801980198,1.0,-0.0,0,0
773,0.0,0.0,0.0,1.0,-0.0,0,0
774,0.0,0.0,0.0,1.0,-0.0,0,0
775,0.0,0.06534653465346535,0.1164113937164283,1.0,-0.0,0,0
776,0.0,0.06534653465346535,0.1164113937164283,1.0,-0.0,0,0
777,0.0,0.14851485148514848,0.16567525277902487,1.0,-0.0,0,0
778,0.0,0.2871287128712871,0.2095083194248961,1.0,-0.0,0,0
779,0.0,0.2871287128712871,0.2095083194248961,1.0,-0.0,0,0
780,0.0,0.2217821782178218,0.1968081743835003,1.0,-0.0,0,0
781,0.0,0.2217821782178218,0.1968081743835003,1.0,-0.0,0,0
782,0.0,0.14059405940594058,0.15297590428378585,1.0,-0.0,0,0
783,0.0,0.0,0.0,1.0,-0.0,0,0
784,0.0,0.0,0.0,1.0,-0.0,0,0
785,0.0,0.0,0.0,1.0,-0.0,0,0
786,0.0,0.0,0.0,1.0,-0.0,0,0
787,0.0,0.0,0.0,1.0,-0.0,0,0
788,0.0,0.0,0.0,1.0,-0.0,0,0
789,0.0,0.0,0.0,1.0,-0.0,0,0
790,0.0,0.0,0.0,1.0,-0.0,0,0
791,0.0,0.0,0.0,1.0,-0.0,0,0
792,0.0,0.0,0.0,1.0,-0.0,0,0
793,0.0,0.0,0.0,1.0,-0.0,0,0
794,0.0,0.0,0.0,1.0,-0.0,0,0
795,0.0,0.0,0.0,1.0,-0.0,0,0
796,0.0,0.019801980198019802,0.059735061897023205,1.0,-0.0,0,0
797,0.0,0.019801980198019802,0.059735061897023205,1.0,-0.0,0,0
798,0.0,0.019801980198019802,0.059735061897023205,1.0,-0.0,0,0
799,0.0,0.019801980198019802,0.059735061897023205,1.0,-0.0,0,0
800,0.0,0.019801980198019802,0.059735061897023205,1.0,-0.0,0,0
801,0.0,0.0,0.0,1.0,-0.0,0,0
802,0.0,0.0,0.0,1.0,-0.0,0,0
803,0.0,0.0,0.0,1.0,-0.0,0,0
804,0.0,0.009900990099009901,0.04338396495090424,1.0,-0.0,0,0
805,0.0,0.7643564356435643,0.36304110407867274,1.0,-0.0,0,0
806,0.0,0.8099009900990098,0.3758831055114351,1.0,-0.0,0,0
807,0.0,0.9267326732673267,0.4228360375784352,1.0,-0.0,2,0
808,0.0,0.9712871287128713,0.4396976084356531,1.0,-0.0,0,0
809,0.0,0.9603960396039602,0.43145602162697483,1.0,-0.0,0,0
810,0.0,0.20792079207920788,0.23364658439483468,1.0,-0.0,0,0
811,0.0,0.2178217821782178,0.21079577635122798,1.0,-0.0,0,0
812,0.0,0.09900990099009901,0.1367914141716479,1.0,-0.0,0,0
813,0.0,0.2178217821782178,0.1992043776627215,1.0,-0.0,0,0
814,0.4,0.6,0.3571060801432083,1.0,-0.0,0,0
815,0.4,0.6594059405940592,0.37288763944099523,1.0,-0.0,0,0
816,0.4,0.6198019801980198,0.36206771479253536,1.0,-0.0,0,0
817,0.6,0.8217821782178217,0.4028620284164416,1.0,-0.0,0,0
818,0.6,0.7029702970297029,0.36436719743039175,1.0,-0.0,0,0
819,0.2,0.32079207920792085,0.22529049747846167,1.0,-0.0,0,0
820,0.2,0.2613861386138614,0.206321049942671,1.0,-0.0,0,0
821,0.2,0.297029702970297,0.22797231269467202,1.0,-0.0,0,0
822,0.0,0.09504950495049505,0.12457948087149175,1.0,-0.0,0,0
823,0.2,0.08910891089108909,0.12420120222231065,0.1859729668504977,0.7305501805181494,0,0
824,0.4,0.16831683168316827,0.16586448785245092,0.08123355001046124,1.0902645671243245,0,0
825,0.8,0.4811881188118813,0.2774398057226674,0.12525306428866145,0.9022116404117939,0,0
826,1.0,0.44158415841584153,0.2832859964570225,0.02435000041109008,1.6135010271173489,0,0
827,1.0,0.44158415841584153,0.2832859964570225,0.02435000041109008,1.6135010271173489,0,0
828,1.0,0.4970297029702971,0.2986621806115307,0.04608333356172412,1.3364561125905463,0,0
829,1.0,0.48316831683168326,0.29419105630531706,0.03947686962682833,1.4036572926208204,0,0
830,0.6,0.20594059405940596,0.1699282214093064,0.010198178613209586,1.9914773859700339,1,0
831,0.4,0.3207920792079208,0.22704159852770053,0.3635935892468278,0.4393837827087941,0,0
832,0.4,0.3207920792079208,0.22704159852770053,0.3635935892468278,0.4393837827087941,0,0
833,0.2,0.22772277227722765,0.19706701472672838,1.0,-0.0,0,0
834,0.0,0.16435643564356434,0.16744093589393824,1.0,-0.0,0,0
835,0.0,0.1287128712871287,0.1337476815110359,1.0,-0.0,0,0
836,0.0,0.0,0.0,1.0,-0.0,0,0
837,0.0,0.0,0.0,1.0,-0.0,0,0
838,0.0,0.0,0.0,1.0,-0.0,0,0
839,0.0,0.18217821782178212,0.16434450630690242,1.0,-0.0,0,0
840,0.0,0.24554455445544554,0.21959672871521851,1.0,-0.0,0,0
841,0.0,0.2633663366336633,0.21968599205320655,1.0,-0.0,0,0
842,0.0,0.33861386138613864,0.2449369678584749,1.0,-0.0,0,0
843,0.0,0.3445544554455446,0.24715219487320772,1.0,-0.0,0,0
844,0.0,0.1643564356435643,0.17887666995067272,1.0,-0.0,0,0
845,0.0,0.12277227722772274,0.14615954128511635,1.0,-0.0,0,0
846,0.0,0.23366336633663368,0.2107399635150655,1.0,-0.0,0,0
847,0.0,0.17623762376237626,0.19353333422369295,1.0,-0.0,0,0
848,0.0,0.22574257425742572,0.1983363806027551,1.0,-0.0,0,0
849,0.0,0.39999999999999997,0.265509038461877,1.0,-0.0,0,0
850,0.0,0.37623762376237624,0.25529967436909773,1.0,-0.0,0,0
851,0.0,0.2495049504950495,0.20178596757001188,1.0,-0.0,0,0
852,0.0,0.23366336633663365,0.19308707712077475,1.0,-0.0,0,0
853,0.0,0.1881188118811881,0.17535656953133033,1.0,-0.0,0,0
854,0.0,0.019801980198019802,0.059735061897023205,1.0,-0.0,0,0
855,0.0,0.0297029702970297,0.07112192077650681,1.0,-0.0,0,0
856,0.2,0.24950495049504945,0.2205410818586274,1.0,-0.0,0,0
857,0.2,0.3485148514851485,0.24640538978696683,1.0,-0.0,0,0
858,0.2,0.5247524752475248,0.30552857641917003,1.0,-0.0,0,0
859,0.2,0.5168316831683168,0.3099247136081402,1.0,-0.0,0,0
860,0.2,0.5069306930693069,0.3012375220677196,1.0,-0.0,0,0
861,0.0,0.30297029702970296,0.24472876298989713,1.0,-0.0,0,0
862,0.0,0.20594059405940596,0.18764923153239027,1.0,-0.0,0,0
863,0.0,0.017821782178217824,0.05698017651460656,1.0,-0.0,0,0
864,0.0,0.017821782178217824,0.05698017651460656,1.0,-0.0,0,0
865,0.0,0.10495049504950495,0.1423816080178024,1.0,-0.0,0,0
866,0.2,0.14653465346534653,0.14863361587956597,0.3595311295527003,0.4442635008091511,0,0
867,0.2,0.17821782178217818,0.16386662071744318,0.4471258464919091,0.34957022464243254,0,0
868,0.2,0.2495049504950495,0.1854209886846673,1.0,-0.0,0,0
869,0.2,0.2851485148514851,0.21863036241355283,1.0,-0.0,0,0
870,0.2,0.6554455445544554,0.3271464526631001,1.0,-0.0,0,0
871,0.0,0.5980198019801981,0.31021557436430974,1.0,-0.0,0,0
872,0.0,0.8475247524752475,0.3627709801524652,1.0,-0.0,0,0
873,0.0,1.114851485148515,0.40525902696107574,1.0,-0.0,0,0
874,0.0,1.0772277227722773,0.4048911815962632,1.0,-0.0,0,0
875,0.0,0.6653465346534654,0.3482447197937522,1.0,-0.0,0,0
876,0.0,0.8316831683168316,0.37202435060015454,1.0,-0.0,0,0
877,0.0,0.6277227722772277,0.30962091541690395,1.0,-0.0,0,0
878,0.2,0.3623762376237625,0.26207529911391214,1.0,-0.0,0,0
879,0.2,0.3762376237623763,0.26294166610214387,1.0,-0.0,0,0
880,0.2,0.3287128712871289,0.24948923414276183,1.0,-0.0,0,0
881,0.2,0.16435643564356434,0.16505874046871055,0.414515416893637,0.3824593122854273,0,0
882,0.2,0.08514851485148514,0.130031327995105,0.1885478753020174,0.7245783571846862,0,0
883,0.2,0.38811881188118813,0.2895155149702506,1.0,-0.0,0,0
884,0.4,0.7306930693069307,0.3974529237351624,1.0,-0.0,0,0
885,0.4,1.1623762376237623,0.4888563102882245,1.0,-0.0,0,0
886,0.4,1.3900990099009902,0.5290576248340622,1.0,-0.0,0,0
887,0.4,1.4415841584158418,0.5245020885918025,1.0,-0.0,0,0
888,0.2,1.300990099009901,0.47062104523576304,1.0,-0.0,0,0
889,0.0,0.9881188118811882,0.396840773793625,1.0,-0.0,0,0
890,0.0,1.3366336633663367,0.4606759502557144,1.0,-0.0,0,0
891,0.0,1.215841584158416,0.4638907077812695,1.0,-0.0,0,0
892,0.0,1.1900990099009903,0.46105882240967044,1.0,-0.0,5,0
893,0.0,0.9584158415841584,0.4317285833136768,1.0,-0.0,0,0
894,0.0,1.00990099009901,0.4532620928894285,1.0,-0.0,0,0
895,0.0,0.22970297029702968,0.23103064579857804,1.0,-0.0,0,0
896,0.0,0.21584158415841584,0.19022273201620324,1.0,-0.0,0,0
897,0.0,0.25346534653465347,0.20468007222847606,1.0,-0.0,0,0
898,0.0,0.25346534653465347,0.20468007222847606,1.0,-0.0,0,0
899,0.0,0.1584158415841584,0.1599921574393993,1.0,-0.0,0,0
900,0.0,0.1584158415841584,0.1599921574393993,1.0,-0.0,0,0
901,0.0,0.06336633663366337,0.10504385908811757,1.0,-0.0,0,0
902,0.0,0.013861386138613863,0.05079507064705211,1.0,-0.0,0,0
903,0.0,0.20396039603960398,0.19084013945594866,1.0,-0.0,0,0
904,0.0,0.37821782178217817,0.23864467160685665,1.0,-0.0,0,0
905,0.0,0.4138613861386139,0.24897003794854194,1.0,-0.0,0,0
906,0.0,0.5603960396039604,0.3096082506898134,1.0,-0.0,0,0
907,0.0,1.0396039603960396,0.41268961028812046,1.0,-0.0,0,0
908,0.0,1.1683168316831682,0.45791838372393184,1.0,-0.0,0,0
909,0.2,1.1603960396039603,0.4675783850039789,1.0,-0.0,0,0
910,0.2,1.188118811881188,0.4579954448112943,1.0,-0.0,0,0
911,0.2,1.3524752475247521,0.5152321517329778,1.0,-0.0,0,0
912,0.2,1.1584158415841583,0.4811840443131084,1.0,-0.0,0,0
913,0.4,0.8495049504950495,0.4206604336879594,1.0,-0.0,0,0
914,0.2,0.6831683168316832,0.3789169837580987,1.0,-0.0,0,0
915,0.2,1.4336633663366336,0.5050786092572739,1.0,-0.0,0,0
916,0.2,1.192079207920792,0.42767693190367534,1.0,-0.0,0,0
917,0.2,1.392079207920792,0.4440326382430859,1.0,-0.0,0,0
918,0.0,1.6514851485148516,0.5008139634805095,1.0,-0.0,0,0
919,0.0,1.6514851485148516,0.5008139634805095,1.0,-0.0,0,0
920,0.0,1.0495049504950493,0.44535529533665985,1.0,-0.0,0,0
921,0.0,1.1405940594059407,0.4772400474970708,1.0,-0.0,0,0
922,0.0,1.032673267326733,0.4252218782247778,1.0,-0.0,0,0
923,0.0,0.7643564356435643,0.3310900563727028,1.0,-0.0,0,0
