,foreground,bg_means,bg_stdev,pvals,minus_logs,regs,active
2,0.0,0.16633663366336632,0.16184409300358454,1.0,-0.0,0,0
3,0.0,0.13861386138613863,0.1455411867327759,1.0,-0.0,0,0
4,0.0,0.02772277227722773,0.06910862719451545,1.0,-0.0,0,0
5,0.0,0.02772277227722773,0.06910862719451545,1.0,-0.0,0,0
6,0.0,0.041584158415841586,0.08116396646304633,1.0,-0.0,0,0
7,0.0,0.11881188118811879,0.13838736799727644,1.0,-0.0,0,0
8,0.0,0.09108910891089109,0.1243589581632284,1.0,-0.0,0,0
9,0.0,0.14455445544554454,0.16196518848854283,1.0,-0.0,0,0
10,0.0,0.14455445544554454,0.16196518848854283,1.0,-0.0,0,0
11,0.0,0.1287128712871287,0.16065252686710352,1.0,-0.0,0,0
12,0.0,0.22970297029702966,0.1916807135101792,1.0,-0.0,0,0
13,0.0,0.2633663366336633,0.20475668839145447,1.0,-0.0,0,0
14,0.0,0.2633663366336633,0.18864958992181471,1.0,-0.0,0,0
15,0.0,0.2633663366336633,0.18864958992181471,1.0,-0.0,0,0
16,0.0,0.295049504950495,0.19618956160793405,1.0,-0.0,0,0
17,0.0,0.11683168316831682,0.13575553664160483,1.0,-0.0,0,0
18,0.0,0.08316831683168317,0.11351216354824961,1.0,-0.0,0,0
19,0.0,0.07920792079207921,0.10928827506175547,1.0,-0.0,0,0
20,0.0,0.07920792079207921,0.10928827506175547,1.0,-0.0,0,0
21,0.4,0.09900990099009899,0.1308729634998678,0.010727945415790323,1.9694834448583003,0,0
22,0.4,0.09900990099009899,0.1308729634998678,0.010727945415790323,1.9694834448583003,0,0
23,0.6,0.14455445544554454,0.15699861103298854,0.001860150151046124,2.7304519981805506,0,0
24,0.6,0.09504950495049502,0.13078304733432372,5.6466989592541244e-05,4.2482053650557114,0,0
25,0.8,0.15247524752475244,0.15957496727054085,2.4767617308219545e-05,4.6061157713578496,0,0
26,0.4,0.09900990099009901,0.1308729634998678,0.010727945415790323,1.9694834448583003,0,0
27,0.6,0.1504950495049505,0.1577212495187317,0.0021859880636525123,2.6603522137971125,0,0
28,0.4,0.10495049504950493,0.1367053908443026,0.015452751881588808,1.8109941686296773,0,0
29,0.6,0.15445544554455443,0.15639804034834157,0.0021943191474620614,2.6587002072527675,0,0
30,0.4,0.11287128712871286,0.14188502271424044,0.0215019683283938,1.667521782175916,0,0
31,0.4,0.11287128712871286,0.14188502271424044,0.0215019683283938,1.667521782175916,0,0
32,0.2,0.06336633663366337,0.10874875419996817,0.10448261079208833,0.9809559838634979,0,0
33,0.2,0.06336633663366337,0.10874875419996817,0.10448261079208833,0.9809559838634979,0,0
34,0.0,0.015841584158415842,0.05401260078014202,1.0,-0.0,0,0
35,0.0,0.0,0.0,1.0,-0.0,0,0
36,0.0,0.0,0.0,1.0,-0.0,0,0
37,0.0,0.023762376237623766,0.06471340450838887,1.0,-0.0,0,0
38,0.0,0.023762376237623766,0.06471340450838887,1.0,-0.0,0,0
39,0.0,0.033663366336633666,0.07482947971362847,1.0,-0.0,0,0
40,0.0,0.033663366336633666,0.07482947971362847,1.0,-0.0,0,0
41,0.0,0.033663366336633666,0.07482947971362847,1.0,-0.0,0,0
42,0.0,0.023762376237623766,0.06471340450838889,1.0,-0.0,0,0
43,0.0,0.023762376237623766,0.06471340450838889,1.0,-0.0,0,0
44,0.0,0.013861386138613863,0.05079507064705211,1.0,-0.0,0,0
45,0.0,0.10099009900990098,0.11814997140733702,1.0,-0.0,0,0
46,0.0,0.10099009900990098,0.11814997140733702,1.0,-0.0,0,0
47,0.0,0.12079207920792079,0.1261123431927973,1.0,-0.0,0,0
48,0.8,0.3128712871287129,0.1998332801828573,0.007391016215819489,2.1312958448824433,0,0
49,0.8,0.3128712871287129,0.1998332801828573,0.007391016215819489,2.1312958448824433,0,0
50,0.8,0.22376237623762374,0.19147603570112592,0.0013086042339275487,2.883191678895981,0,0
51,0.8,0.31287128712871287,0.2132554672782995,0.01117843344159949,1.9516190547089016,0,0
52,0.8,0.3247524752475247,0.21773175457272811,0.014528206333267986,1.8377880008189023,0,0
53,0.0,0.21584158415841584,0.1963693596248423,1.0,-0.0,0,0
54,0.0,0.21584158415841584,0.1963693596248423,1.0,-0.0,0,0
55,0.0,0.21584158415841584,0.1963693596248423,1.0,-0.0,0,0
56,0.0,0.12574257425742574,0.14532549015373286,1.0,-0.0,0,0
57,0.0,0.31683168316831684,0.22208254059642107,1.0,-0.0,0,0
58,0.0,0.23366336633663368,0.19512739059128734,1.0,-0.0,0,0
59,0.2,0.26534653465346536,0.20702305011778419,1.0,-0.0,0,0
60,0.2,0.26534653465346536,0.20702305011778419,1.0,-0.0,0,0
61,0.2,0.26534653465346536,0.20702305011778419,1.0,-0.0,0,0
62,0.2,0.07128712871287128,0.1213265242141813,0.1443722417000341,0.8405163000860171,0,0
63,0.2,0.10297029702970298,0.14789308791950767,0.25588631331026734,0.5919529427677169,0,0
64,0.0,0.07524752475247524,0.11891084986932618,1.0,-0.0,0,0
65,0.0,0.07524752475247524,0.11891084986932618,1.0,-0.0,0,0
66,0.0,0.23366336633663365,0.1910249725641211,1.0,-0.0,0,0
67,0.0,0.194059405940594,0.17224308299392188,1.0,-0.0,0,0
68,0.0,0.16237623762376233,0.1609695163002105,1.0,-0.0,0,0
69,0.0,0.1584158415841584,0.15999215743939926,1.0,-0.0,0,0
70,0.0,0.1584158415841584,0.15999215743939926,1.0,-0.0,0,0
71,0.0,0.0,0.0,1.0,-0.0,0,0
72,0.0,0.0,0.0,1.0,-0.0,0,0
73,0.0,0.0,0.0,1.0,-0.0,0,0
74,0.0,0.0,0.0,1.0,-0.0,0,0
75,0.0,0.0,0.0,1.0,-0.0,0,0
76,0.0,0.02772277227722772,0.06910862719451544,1.0,-0.0,0,0
77,0.0,0.02772277227722772,0.06910862719451544,1.0,-0.0,0,0
78,0.0,0.02772277227722772,0.06910862719451544,1.0,-0.0,0,0
79,0.0,0.02772277227722772,0.06910862719451544,1.0,-0.0,0,0
80,0.0,0.02772277227722772,0.06910862719451544,1.0,-0.0,0,0
81,0.0,0.03564356435643565,0.08154954567118416,1.0,-0.0,0,0
82,0.0,0.12673267326732673,0.14818445096134422,1.0,-0.0,0,0
83,0.0,0.12673267326732673,0.14818445096134422,1.0,-0.0,0,0
84,0.2,0.1821782178217822,0.16909546170462728,0.45803127148554545,0.3391048700965913,0,0
85,0.2,0.1821782178217822,0.16909546170462728,0.45803127148554545,0.3391048700965913,0,0
86,0.2,0.1900990099009901,0.17206086333646303,0.47705611430426054,0.3214305335398509,0,0
87,0.2,0.20792079207920788,0.1733097543528005,1.0,-0.0,0,0
88,0.2,0.2633663366336633,0.20858921318437532,1.0,-0.0,0,0
89,0.0,0.25346534653465347,0.20077294028731207,1.0,-0.0,0,0
90,0.0,0.37425742574257437,0.26797866966486983,1.0,-0.0,0,0
91,0.0,0.32970297029702966,0.24917469892675048,1.0,-0.0,0,0
92,0.0,0.23366336633663365,0.2107399635150655,1.0,-0.0,0,0
93,0.0,0.25544554455445545,0.19924374222741015,1.0,-0.0,0,0
94,0.0,0.2316831683168317,0.18611754673281872,1.0,-0.0,0,0
95,0.0,0.11089108910891088,0.12734998170941408,1.0,-0.0,0,0
96,0.0,0.19801980198019797,0.18346510608951241,1.0,-0.0,0,0
97,0.0,0.2752475247524752,0.20843877016935872,1.0,-0.0,0,0
98,0.0,0.19801980198019803,0.1999901967992491,1.0,-0.0,0,0
99,0.0,0.2633663366336634,0.20085104686108465,1.0,-0.0,0,0
100,0.0,0.29900990099009894,0.20024492404288477,1.0,-0.0,0,0
101,0.0,0.21188118811881182,0.16123725137284975,1.0,-0.0,0,0
102,0.0,0.1465346534653465,0.15387043310940526,1.0,-0.0,0,0
103,0.0,0.1465346534653465,0.15387043310940526,1.0,-0.0,0,0
104,0.0,0.05742574257425742,0.09885135821266286,1.0,-0.0,0,0
105,0.0,0.023762376237623766,0.06471340450838889,1.0,-0.0,0,0
106,0.0,0.023762376237623766,0.06471340450838889,1.0,-0.0,0,0
107,0.0,0.097029702970297,0.1367627457412436,1.0,-0.0,0,0
108,0.0,0.18613861386138614,0.17633771771004506,1.0,-0.0,0,0
109,0.0,0.3643564356435644,0.23946481517355994,1.0,-0.0,0,0
110,0.0,0.3643564356435644,0.23946481517355994,1.0,-0.0,0,0
111,0.0,0.5316831683168318,0.26585587291282287,1.0,-0.0,0,0
112,0.0,0.4336633663366337,0.23389818709280633,1.0,-0.0,0,0
113,0.0,0.3465346534653466,0.1885664294196818,1.0,-0.0,0,0
114,0.0,0.16831683168316827,0.1585395556534503,1.0,-0.0,0,0
115,0.0,0.30495049504950494,0.20603577389258712,1.0,-0.0,0,0
116,0.0,0.1386138613861386,0.1482373645323794,1.0,-0.0,0,0
117,0.0,0.1386138613861386,0.1482373645323794,1.0,-0.0,0,0
118,0.0,0.22376237623762382,0.19556899208121015,1.0,-0.0,0,0
119,0.0,0.24554455445544554,0.20075340889563334,1.0,-0.0,0,0
120,0.0,0.10693069306930694,0.13368903310588715,1.0,-0.0,0,0
121,0.0,0.10693069306930694,0.13368903310588715,1.0,-0.0,0,0
122,0.0,0.10693069306930694,0.13368903310588715,1.0,-0.0,0,0
123,0.0,0.021782178217821788,0.062305476128919894,1.0,-0.0,0,0
124,0.0,0.0,0.0,1.0,-0.0,0,0
125,0.0,0.0,0.0,1.0,-0.0,0,0
126,0.0,0.0039603960396039604,0.02786385599895107,1.0,-0.0,0,0
127,0.0,0.0039603960396039604,0.02786385599895107,1.0,-0.0,0,0
128,0.0,0.03564356435643565,0.07653920035678292,1.0,-0.0,0,0
129,0.0,0.03564356435643565,0.07653920035678292,1.0,-0.0,0,0
130,0.0,0.039603960396039604,0.08452453849668534,1.0,-0.0,0,0
131,0.0,0.03564356435643565,0.08154954567118415,1.0,-0.0,0,0
132,0.2,0.07920792079207921,0.11285391563386142,0.1422331097238646,0.8469992946288156,0,0
133,0.2,0.04752475247524753,0.08965727859541997,0.044504787234598886,1.3515932708674616,0,0
134,0.2,0.07722772277227723,0.11930590361498669,0.15172703225002876,0.8189370368062708,0,0
135,0.2,0.09900990099009901,0.1396566153069739,0.234799546255409,0.629302746687466,0,0
136,0.2,0.1495049504950495,0.17667095463917198,0.387510254941682,0.41171679998178945,0,0
137,0.0,0.10495049504950495,0.14784005112815915,1.0,-0.0,0,0
138,0.0,0.10495049504950495,0.14784005112815915,1.0,-0.0,0,0
139,0.0,0.07524752475247526,0.11205191564986228,1.0,-0.0,0,0
140,0.0,0.04950495049504951,0.08631483056516186,1.0,-0.0,0,0
141,0.0,0.007920792079207921,0.03900537743285588,1.0,-0.0,0,0
142,0.0,0.007920792079207921,0.03900537743285588,1.0,-0.0,0,0
143,0.0,0.007920792079207921,0.03900537743285588,1.0,-0.0,0,0
144,0.0,0.007920792079207921,0.03900537743285588,1.0,-0.0,0,0
145,0.0,0.007920792079207921,0.03900537743285588,1.0,-0.0,0,0
146,0.0,0.0,0.0,1.0,-0.0,0,0
147,0.0,0.025742574257425745,0.0669763743575753,1.0,-0.0,0,0
148,0.0,0.025742574257425745,0.0669763743575753,1.0,-0.0,0,0
149,0.0,0.025742574257425745,0.0669763743575753,1.0,-0.0,0,0
150,0.0,0.025742574257425745,0.0669763743575753,1.0,-0.0,0,0
151,0.0,0.04950495049504951,0.09912864166957489,1.0,-0.0,0,0
152,0.0,0.023762376237623766,0.07056843438101175,1.0,-0.0,0,0
153,0.0,0.023762376237623766,0.07056843438101175,1.0,-0.0,0,0
154,0.0,0.023762376237623766,0.07056843438101175,1.0,-0.0,0,0
155,0.0,0.023762376237623766,0.07056843438101175,1.0,-0.0,0,0
156,0.0,0.0,0.0,1.0,-0.0,0,0
157,0.0,0.0,0.0,1.0,-0.0,0,0
158,0.2,0.16237623762376235,0.15849008161397019,0.4061776082299849,0.39128402206908086,0,0
159,0.2,0.18019801980198016,0.1629066439699258,0.451626059769204,0.34522100632316877,0,0
160,0.4,0.19207920792079206,0.1686775401112622,0.10885271971782613,0.9631607155095354,0,0
161,0.8,0.3287128712871287,0.2226468293652734,0.017140639817041642,1.7659729709878222,0,0
162,1.4,0.4613861386138614,0.2636267602478039,0.00018515279204123257,3.732469734551844,0,0
163,1.2,0.299009900990099,0.23314256442682219,5.564807177782588e-05,4.25454987950103,0,0
164,1.4,0.32673267326732675,0.24164907421935525,4.468161293505894e-06,5.349871157934397,0,0
165,1.4,0.43762376237623757,0.2650804044464398,0.00014143257063780937,3.8494505649423267,0,0
166,1.2,0.35841584158415846,0.237673262171041,0.0001993603906945594,3.700361123915763,0,0
167,0.6,0.25346534653465347,0.20273591877004277,0.04369854252184807,1.35953304781847,0,0
168,0.6,0.26732673267326734,0.20542586092035522,0.052677144643902635,1.278377773934345,0,0
169,0.4,0.22376237623762374,0.1786353744371313,0.16192492630463307,0.7906862919303822,0,0
170,0.2,0.09900990099009901,0.12467387119760155,0.20896026115900335,0.6799362976224628,0,0
171,0.0,0.04356435643564356,0.08721867542790196,1.0,-0.0,0,0
172,0.0,0.013861386138613863,0.05079507064705211,1.0,-0.0,0,0
173,0.0,0.0,0.0,1.0,-0.0,0,0
174,0.0,0.019801980198019802,0.059735061897023205,1.0,-0.0,0,0
175,0.0,0.0712871287128713,0.10747934055534188,1.0,-0.0,0,0
176,0.0,0.0712871287128713,0.10747934055534188,1.0,-0.0,0,0
177,0.0,0.0712871287128713,0.10747934055534188,1.0,-0.0,0,0
178,0.0,0.11683168316831684,0.13575553664160483,1.0,-0.0,0,0
179,0.0,0.09702970297029702,0.127780323207142,1.0,-0.0,0,0
180,0.0,0.04554455445544554,0.08387254884969257,1.0,-0.0,0,0
181,0.4,0.08514851485148513,0.12379009590564582,0.0054884971830115705,2.260546554360662,0,0
182,0.4,0.08514851485148513,0.12379009590564582,0.0054884971830115705,2.260546554360662,0,0
183,0.4,0.039603960396039604,0.07970143286137865,3.065417257212339e-06,5.513510402003253,0,0
184,0.4,0.06336633663366337,0.10120342446875752,0.0004400246430833574,3.3565230006605695,0,0
185,0.4,0.10297029702970295,0.124642415697871,0.008584819863444964,2.066268813273317,0,0
186,0.0,0.06336633663366337,0.10874875419996817,1.0,-0.0,0,0
187,0.2,0.13267326732673265,0.1442693512878177,0.3203666231323762,0.49435273648447636,0,0
188,0.4,0.20792079207920788,0.19071681786668523,0.1569329042168014,0.8042859880792554,0,0
189,0.4,0.2514851485148515,0.19831660924442426,0.22696551388529307,0.6440401263624127,0,0
190,0.4,0.21188118811881182,0.17981680926331073,0.1477414545669345,0.8304976295110285,0,0
191,0.4,0.24158415841584152,0.17870121461668878,0.1876782745299792,0.726585998011759,0,0
192,0.2,0.1742574257425742,0.1506773257801727,0.43217254418077233,0.36434282720182953,0,0
193,0.0,0.09702970297029703,0.11811677855054843,1.0,-0.0,0,0
194,0.0,0.0297029702970297,0.07112192077650681,1.0,-0.0,0,0
195,0.0,0.0297029702970297,0.07112192077650681,1.0,-0.0,0,0
196,0.0,0.0,0.0,1.0,-0.0,0,0
197,0.0,0.0,0.0,1.0,-0.0,0,0
198,0.0,0.0,0.0,1.0,-0.0,0,0
199,0.0,0.0,0.0,1.0,-0.0,0,0
200,0.0,0.0,0.0,1.0,-0.0,0,0
201,0.0,0.027722772277227727,0.06910862719451544,1.0,-0.0,0,0
202,0.0,0.027722772277227727,0.06910862719451544,1.0,-0.0,0,0
203,0.0,0.04554455445544555,0.09700949476369024,1.0,-0.0,0,0
204,0.0,0.08712871287128712,0.13618810981425267,1.0,-0.0,0,0
205,0.0,0.12475247524752472,0.1511709677939985,1.0,-0.0,0,0
206,0.0,0.09702970297029702,0.13383560593042218,1.0,-0.0,0,0
207,0.0,0.09702970297029702,0.13383560593042218,1.0,-0.0,0,0
208,0.0,0.07920792079207921,0.1261123431927973,1.0,-0.0,0,0
209,0.0,0.03762376237623763,0.07816140339006158,1.0,-0.0,0,0
210,0.0,0.0,0.0,1.0,-0.0,0,0
211,0.0,0.0,0.0,1.0,-0.0,0,0
212,0.0,0.0,0.0,1.0,-0.0,0,0
213,0.0,0.0,0.0,1.0,-0.0,0,0
214,0.0,0.0,0.0,1.0,-0.0,0,0
215,0.0,0.0,0.0,1.0,-0.0,0,0
216,0.0,0.0,0.0,1.0,-0.0,0,0
217,0.0,0.0,0.0,1.0,-0.0,0,0
218,0.0,0.0,0.0,1.0,-0.0,0,0
219,0.0,0.0,0.0,1.0,-0.0,0,0
220,0.0,0.0,0.0,1.0,-0.0,0,0
221,0.0,0.0,0.0,1.0,-0.0,0,0
222,0.0,0.0,0.0,1.0,-0.0,0,0
223,0.0,0.0,0.0,1.0,-0.0,0,0
224,0.0,0.0,0.0,1.0,-0.0,0,0
225,0.0,0.011881188118811883,0.04727657974777554,1.0,-0.0,0,0
