,foreground,bg_means,bg_stdev,pvals,minus_logs,regs,active
2,0.0,0.06732673267326733,0.11000352009767247,1.0,-0.0,0,0
3,0.0,0.06732673267326733,0.11000352009767247,1.0,-0.0,0,0
4,0.0,0.0297029702970297,0.07648795214189293,1.0,-0.0,0,0
5,0.0,0.0297029702970297,0.07648795214189293,1.0,-0.0,0,0
6,0.0,0.0297029702970297,0.07648795214189293,1.0,-0.0,0,0
7,0.0,0.0297029702970297,0.07648795214189293,1.0,-0.0,0,0
8,0.2,0.5079207920792078,0.3049697820826369,1.0,-0.0,0,0
9,0.2,0.4772277227722771,0.30308028806510345,1.0,-0.0,0,0
10,0.2,0.4772277227722771,0.30308028806510345,1.0,-0.0,0,0
11,0.2,0.4772277227722771,0.30308028806510345,1.0,-0.0,0,0
12,0.2,0.4772277227722771,0.30308028806510345,1.0,-0.0,0,0
13,0.0,0.0,0.0,1.0,-0.0,0,0
14,0.0,0.0,0.0,1.0,-0.0,0,0
15,0.0,0.0,0.0,1.0,-0.0,0,0
16,0.0,0.0,0.0,1.0,-0.0,0,0
17,0.0,0.0,0.0,1.0,-0.0,0,0
18,0.0,0.0,0.0,1.0,-0.0,0,0
19,0.6,0.20594059405940596,0.18337959449964716,0.015822245874834412,1.800731870912915,0,0
20,0.6,0.20594059405940596,0.18337959449964716,0.015822245874834412,1.800731870912915,0,0
21,0.6,0.20594059405940596,0.18337959449964716,0.015822245874834412,1.800731870912915,0,0
22,0.6,0.20594059405940596,0.18337959449964716,0.015822245874834412,1.800731870912915,0,0
23,0.8,0.2851485148514852,0.22043437703090288,0.009755463097971527,2.010752109547795,0,0
24,0.2,0.07920792079207921,0.11631029826208643,0.1495109975624142,0.8253268608177716,0,0
25,0.2,0.07920792079207921,0.11631029826208643,0.1495109975624142,0.8253268608177716,0,0
26,0.2,0.07920792079207921,0.11631029826208643,0.1495109975624142,0.8253268608177716,0,0
27,0.2,0.07920792079207921,0.11631029826208643,0.1495109975624142,0.8253268608177716,0,0
28,0.0,0.0,0.0,1.0,-0.0,0,0
29,0.2,0.1584158415841584,0.16244866773856387,0.3989818368406955,0.3990468745874537,0,0
30,0.2,0.1584158415841584,0.16244866773856387,0.3989818368406955,0.3990468745874537,0,0
31,0.2,0.1584158415841584,0.16244866773856387,0.3989818368406955,0.3990468745874537,0,0
32,0.4,0.31287128712871287,0.21325546727829953,0.34142947238950094,0.4666989930523506,0,0
33,0.4,0.31287128712871287,0.21325546727829953,0.34142947238950094,0.4666989930523506,0,0
34,0.2,0.35643564356435636,0.2634184419535191,1.0,-0.0,0,0
35,0.2,0.35643564356435636,0.2634184419535191,1.0,-0.0,0,0
36,0.2,0.35643564356435636,0.2634184419535191,1.0,-0.0,0,0
37,0.2,0.2198019801980198,0.2039315561653939,1.0,-0.0,0,0
38,0.2,0.2198019801980198,0.2039315561653939,1.0,-0.0,0,0
39,0.2,0.033663366336633666,0.07482947971362845,0.01311209067436901,1.882328056139666,0,0
40,0.2,0.033663366336633666,0.07482947971362845,0.01311209067436901,1.882328056139666,0,0
41,1.4,0.6138613861386139,0.32366395694272354,0.007572920428866622,2.1207366064245217,0,0
42,1.2,0.596039603960396,0.31714093817914785,0.028429630457615818,1.5462287854471357,0,0
43,1.2,0.6316831683168316,0.31683168316831684,0.036426540391918186,1.4385820738870052,0,0
44,1.2,0.6158415841584158,0.31551707467167545,0.03205371285365528,1.4941216579247931,0,0
45,1.2,0.6158415841584158,0.31551707467167545,0.03205371285365528,1.4941216579247931,0,0
46,0.0,0.03564356435643565,0.08626938974571075,1.0,-0.0,0,0
47,0.0,0.03564356435643565,0.08626938974571075,1.0,-0.0,0,0
48,0.0,0.0,0.0,1.0,-0.0,0,0
49,0.0,0.0,0.0,1.0,-0.0,0,0
50,0.0,0.0,0.0,1.0,-0.0,0,0
51,0.0,0.0,0.0,1.0,-0.0,0,0
52,1.0,0.5188118811881188,0.2642804058725207,0.03432255772682075,1.4644203558683606,0,0
53,1.0,0.5188118811881188,0.2642804058725207,0.03432255772682075,1.4644203558683606,0,0
54,1.0,0.5188118811881188,0.2642804058725207,0.03432255772682075,1.4644203558683606,0,0
55,1.0,0.5188118811881188,0.2642804058725207,0.03432255772682075,1.4644203558683606,0,0
56,1.0,0.5188118811881188,0.2642804058725207,0.03432255772682075,1.4644203558683606,0,0
57,0.0,0.0,0.0,1.0,-0.0,0,0
58,0.0,0.0,0.0,1.0,-0.0,0,0
59,0.4,0.07722772277227724,0.1193059036149867,0.0034109297447418837,2.4671272257069816,0,0
60,0.4,0.07722772277227724,0.1193059036149867,0.0034109297447418837,2.4671272257069816,0,0
61,0.4,0.07722772277227724,0.1193059036149867,0.0034109297447418837,2.4671272257069816,0,0
62,0.4,0.07722772277227724,0.1193059036149867,0.0034109297447418837,2.4671272257069816,0,0
63,0.4,0.07722772277227724,0.1193059036149867,0.0034109297447418837,2.4671272257069816,0,0
64,0.0,0.0,0.0,1.0,-0.0,0,0
65,0.6,0.5148514851485148,0.2902324567195025,0.38461570180205595,0.4149729898146708,0,0
66,0.6,0.5148514851485148,0.2902324567195025,0.38461570180205595,0.4149729898146708,0,0
67,0.6,0.5148514851485148,0.2902324567195025,0.38461570180205595,0.4149729898146708,0,0
68,0.6,0.5148514851485148,0.2902324567195025,0.38461570180205595,0.4149729898146708,0,0
69,0.6,0.5148514851485148,0.2902324567195025,0.38461570180205595,0.4149729898146708,0,0
70,0.0,0.0,0.0,1.0,-0.0,0,0
71,0.0,0.0,0.0,1.0,-0.0,0,0
72,0.2,0.021782178217821784,0.06230547612891991,0.002115616449879084,2.6745630648030154,0,0
73,0.2,0.021782178217821784,0.06230547612891991,0.002115616449879084,2.6745630648030154,0,0
74,0.2,0.021782178217821784,0.06230547612891991,0.002115616449879084,2.6745630648030154,0,0
75,0.2,0.021782178217821784,0.06230547612891991,0.002115616449879084,2.6745630648030154,0,0
76,0.2,0.021782178217821784,0.06230547612891991,0.002115616449879084,2.6745630648030154,0,0
77,0.0,0.0,0.0,1.0,-0.0,0,0
78,0.0,0.0,0.0,1.0,-0.0,0,0
79,0.0,0.0,0.0,1.0,-0.0,0,0
80,0.0,0.015841584158415842,0.05401260078014202,1.0,-0.0,0,0
81,0.0,0.015841584158415842,0.05401260078014202,1.0,-0.0,0,0
82,0.0,0.015841584158415842,0.05401260078014202,1.0,-0.0,0,0
83,0.0,0.047524752475247525,0.08965727859542,1.0,-0.0,0,0
84,0.0,0.05742574257425742,0.09885135821266286,1.0,-0.0,0,0
85,0.0,0.041584158415841586,0.09039772047931349,1.0,-0.0,0,0
86,0.0,0.041584158415841586,0.09039772047931349,1.0,-0.0,0,0
87,0.0,0.041584158415841586,0.09039772047931349,1.0,-0.0,0,0
88,0.0,0.009900990099009901,0.04338396495090425,1.0,-0.0,0,0
89,0.0,0.0871287128712871,0.11745095149573798,1.0,-0.0,0,0
90,0.0,0.0871287128712871,0.11745095149573798,1.0,-0.0,0,0
91,0.0,0.22178217821782176,0.22497698909661432,1.0,-0.0,0,0
92,0.0,0.35841584158415846,0.2776376036436076,1.0,-0.0,0,0
93,0.0,0.35841584158415846,0.2776376036436076,1.0,-0.0,0,0
94,0.0,0.2693069306930693,0.22766249740403607,1.0,-0.0,0,0
95,0.0,0.2693069306930693,0.22766249740403607,1.0,-0.0,0,0
96,0.0,0.13663366336633662,0.14605218942246156,1.0,-0.0,0,0
97,0.2,0.6514851485148516,0.3708736972129243,1.0,-0.0,0,0
98,0.2,0.6514851485148516,0.3708736972129243,1.0,-0.0,0,0
99,0.2,0.6514851485148516,0.3708736972129243,1.0,-0.0,0,0
100,0.2,0.6514851485148516,0.3708736972129243,1.0,-0.0,0,0
101,0.2,0.6514851485148516,0.3708736972129243,1.0,-0.0,0,0
102,0.0,0.0,0.0,1.0,-0.0,0,0
103,0.0,0.0,0.0,1.0,-0.0,0,0
104,0.2,0.14059405940594058,0.15554326246855826,0.3512583071183333,0.45437339607478805,0,0
105,0.2,0.14059405940594058,0.15554326246855826,0.3512583071183333,0.45437339607478805,0,0
106,0.2,0.14059405940594058,0.15554326246855826,0.3512583071183333,0.45437339607478805,0,0
107,0.2,0.14059405940594058,0.15554326246855826,0.3512583071183333,0.45437339607478805,0,0
108,0.2,0.14059405940594058,0.15554326246855826,0.3512583071183333,0.45437339607478805,0,0
109,0.0,0.0,0.0,1.0,-0.0,0,0
110,0.0,0.041584158415841586,0.09039772047931348,1.0,-0.0,0,0
111,0.0,0.041584158415841586,0.09039772047931348,1.0,-0.0,0,0
112,0.0,0.041584158415841586,0.09039772047931348,1.0,-0.0,0,0
113,0.0,0.05346534653465347,0.10860442931328385,1.0,-0.0,0,0
114,0.0,0.2158415841584158,0.2192393119276745,1.0,-0.0,0,0
115,0.0,0.24158415841584158,0.20742042574532268,1.0,-0.0,0,0
116,0.0,0.24158415841584158,0.20742042574532268,1.0,-0.0,0,0
117,0.0,0.24158415841584158,0.20742042574532268,1.0,-0.0,0,0
118,0.0,0.22970297029702968,0.20370069017874276,1.0,-0.0,0,0
119,0.0,0.08316831683168316,0.12028786177019754,1.0,-0.0,0,0
120,0.0,0.015841584158415842,0.05401260078014202,1.0,-0.0,0,0
121,0.0,0.015841584158415842,0.05401260078014202,1.0,-0.0,0,0
122,0.0,0.015841584158415842,0.05401260078014202,1.0,-0.0,0,0
123,0.0,0.015841584158415842,0.05401260078014202,1.0,-0.0,0,0
124,0.0,0.0,0.0,1.0,-0.0,0,0
125,0.0,0.0,0.0,1.0,-0.0,0,0
126,0.0,0.0,0.0,1.0,-0.0,0,0
127,0.0,0.0,0.0,1.0,-0.0,0,0
128,0.0,0.1267326732673267,0.16099387425091363,1.0,-0.0,0,0
129,0.0,0.1603960396039604,0.18243632168365972,1.0,-0.0,0,0
130,0.0,0.1603960396039604,0.18243632168365972,1.0,-0.0,0,0
131,0.0,0.1782178217821782,0.19478546736408614,1.0,-0.0,0,0
132,0.0,0.22376237623762377,0.23086085769171757,1.0,-0.0,0,0
133,0.0,0.09504950495049505,0.13670539084430264,1.0,-0.0,0,0
134,0.0,0.4574257425742574,0.2847081307819632,1.0,-0.0,0,0
135,0.0,0.4930693069306931,0.3115777244362411,1.0,-0.0,0,0
136,0.0,0.47326732673267324,0.30536168754378196,1.0,-0.0,0,0
137,0.0,0.4435643564356436,0.29194324742941963,1.0,-0.0,0,0
138,0.0,0.5801980198019802,0.322741904663435,1.0,-0.0,0,0
139,0.2,0.2396039603960396,0.1990468415545198,1.0,-0.0,0,0
140,0.2,0.20594059405940596,0.18337959449964716,1.0,-0.0,0,0
141,0.2,0.20594059405940596,0.18337959449964716,1.0,-0.0,0,0
142,0.2,0.19009900990099005,0.17434741150934766,0.4773566954975,0.321156981557809,0,0
143,0.2,0.2514851485148515,0.21183491675748642,1.0,-0.0,0,0
144,0.6,0.782178217821782,0.3692100316165973,1.0,-0.0,0,0
145,0.6,0.782178217821782,0.3692100316165973,1.0,-0.0,0,0
146,0.6,0.782178217821782,0.3692100316165973,1.0,-0.0,0,0
147,0.6,0.782178217821782,0.3692100316165973,1.0,-0.0,0,0
148,0.6,0.5841584158415841,0.322960523372279,0.4804392677131788,0.31836150365421706,0,0
149,0.0,0.0,0.0,1.0,-0.0,0,0
150,0.0,0.0,0.0,1.0,-0.0,0,0
151,0.0,0.015841584158415842,0.05401260078014202,1.0,-0.0,0,0
152,0.0,0.015841584158415842,0.05401260078014202,1.0,-0.0,0,0
153,0.0,0.015841584158415842,0.05401260078014202,1.0,-0.0,0,0
154,0.8,0.19999999999999998,0.19900743804199783,0.0012850543613824252,2.8910785000766177,0,0
155,0.8,0.21782178217821782,0.20700410844153636,0.0024586705938452625,2.6092996529848413,0,0
156,0.8,0.20198019801980194,0.2019607833806434,0.0015328665570199268,2.814495650802755,0,0
157,0.8,0.20198019801980194,0.2019607833806434,0.0015328665570199268,2.814495650802755,0,0
158,0.8,0.3207920792079208,0.23727697467208717,0.021711716349957985,1.663305843434003,0,0
159,0.0,0.13663366336633662,0.15903344954662388,1.0,-0.0,0,0
160,0.0,0.11782178217821779,0.13816050330702895,1.0,-0.0,0,0
161,0.0,0.11782178217821779,0.13816050330702895,1.0,-0.0,0,0
162,1.0,0.6178217821782177,0.30193961746488923,0.10280239950046251,0.9879967483986376,0,0
163,1.2,0.6237623762376238,0.2955607239718253,0.025609397282979098,1.5916006425294822,0,0
164,1.2,0.7148514851485147,0.3125703528297131,0.06031606063831207,1.219567030847025,0,0
165,1.2,0.7287128712871287,0.3264985659948696,0.07444567815510118,1.1281605095689193,0,0
166,1.2,0.7287128712871287,0.3264985659948696,0.07444567815510118,1.1281605095689193,0,0
167,0.2,0.22772277227722773,0.20877711450451014,1.0,-0.0,0,0
168,0.0,0.10297029702970298,0.14243667729389656,1.0,-0.0,0,0
169,0.0,0.01386138613861386,0.05079507064705211,1.0,-0.0,0,0
170,0.0,0.0,0.0,1.0,-0.0,0,0
171,0.2,0.1485148514851485,0.16804870898437327,0.3796613252210773,0.4206036406756712,0,0
172,0.2,0.1485148514851485,0.16804870898437327,0.3796613252210773,0.4206036406756712,0,0
173,0.2,0.1485148514851485,0.16804870898437327,0.3796613252210773,0.4206036406756712,0,0
174,0.2,0.1485148514851485,0.16804870898437327,0.3796613252210773,0.4206036406756712,0,0
175,0.2,0.1485148514851485,0.16804870898437327,0.3796613252210773,0.4206036406756712,0,0
176,0.0,0.0,0.0,1.0,-0.0,0,0
177,0.0,0.4495049504950496,0.29437759895680204,1.0,-0.0,0,0
178,0.0,0.4495049504950496,0.29437759895680204,1.0,-0.0,0,0
179,0.0,0.4495049504950496,0.29437759895680204,1.0,-0.0,0,0
180,0.0,0.4495049504950496,0.29437759895680204,1.0,-0.0,0,0
181,0.0,0.4495049504950496,0.29437759895680204,1.0,-0.0,0,0
182,0.0,0.0,0.0,1.0,-0.0,0,0
183,0.0,0.0,0.0,1.0,-0.0,0,0
184,0.0,0.0,0.0,1.0,-0.0,0,0
185,0.2,0.3643564356435644,0.27343946364847316,1.0,-0.0,0,0
186,0.2,0.3643564356435644,0.27343946364847316,1.0,-0.0,0,0
187,0.2,0.4910891089108911,0.31152738064459945,1.0,-0.0,0,0
188,0.2,0.6277227722772277,0.3365870672468849,1.0,-0.0,0,0
189,0.2,0.6277227722772277,0.3365870672468849,1.0,-0.0,0,0
190,0.0,0.2633663366336634,0.19886946426556495,1.0,-0.0,0,0
191,0.0,0.2633663366336634,0.19886946426556495,1.0,-0.0,0,0
192,0.0,0.13663366336633662,0.15137833547418925,1.0,-0.0,0,0
193,0.0,0.0,0.0,1.0,-0.0,0,0
194,0.0,0.0,0.0,1.0,-0.0,0,0
195,0.0,0.0,0.0,1.0,-0.0,0,0
196,0.0,0.0,0.0,1.0,-0.0,0,0
197,0.0,0.0,0.0,1.0,-0.0,0,0
198,0.0,0.0,0.0,1.0,-0.0,0,0
199,0.0,0.0,0.0,1.0,-0.0,0,0
200,0.0,0.0,0.0,1.0,-0.0,0,0
201,0.0,0.0,0.0,1.0,-0.0,0,0
202,0.0,0.0,0.0,1.0,-0.0,0,0
203,0.0,0.0,0.0,1.0,-0.0,0,0
204,0.0,0.0,0.0,1.0,-0.0,0,0
205,0.0,0.0,0.0,1.0,-0.0,0,0
206,0.0,0.0,0.0,1.0,-0.0,0,0
207,0.0,0.0,0.0,1.0,-0.0,0,0
208,0.0,0.0,0.0,1.0,-0.0,0,0
209,0.0,0.0,0.0,1.0,-0.0,0,0
210,0.0,0.0,0.0,1.0,-0.0,0,0
211,0.0,0.0,0.0,1.0,-0.0,0,0
212,0.0,0.0,0.0,1.0,-0.0,0,0
213,0.0,0.0,0.0,1.0,-0.0,0,0
214,0.0,0.0,0.0,1.0,-0.0,0,0
215,0.0,0.0,0.0,1.0,-0.0,0,0
216,0.0,0.0,0.0,1.0,-0.0,0,0
217,0.0,0.0,0.0,1.0,-0.0,0,0
