,foreground,bg_means,bg_stdev,pvals,minus_logs,regs,active
2,0.0,0.015841584158415842,0.05401260078014202,1.0,-0.0,0,0
3,0.0,0.015841584158415842,0.05401260078014202,1.0,-0.0,0,0
4,0.0,0.015841584158415842,0.05401260078014202,1.0,-0.0,0,0
5,0.0,0.015841584158415842,0.05401260078014202,1.0,-0.0,0,0
6,0.0,0.0,0.0,1.0,-0.0,0,0
7,0.0,0.0,0.0,1.0,-0.0,0,0
8,0.0,0.07524752475247524,0.12851469892742937,1.0,-0.0,0,0
9,0.0,0.07524752475247524,0.12851469892742937,1.0,-0.0,0,0
10,0.0,0.07524752475247524,0.12851469892742937,1.0,-0.0,0,0
11,0.0,0.07524752475247524,0.12851469892742937,1.0,-0.0,0,0
12,0.2,0.21386138613861383,0.20538768122280024,1.0,-0.0,0,0
13,0.2,0.1386138613861386,0.15088537189345533,0.34206291389542953,0.4658940090176627,0,0
14,0.2,0.16633663366336632,0.15687368174525435,0.41504388582900953,0.38190597951516286,0,0
15,0.4,0.31485148514851485,0.20747713156287056,0.3407564497911204,0.46755591514939054,0,0
16,1.0,0.4376237623762377,0.24969346956274244,0.012152717803703273,1.9153265866616633,0,0
17,0.8,0.29900990099009905,0.22972004033534676,0.014596427290389048,1.8357534317460056,0,0
18,1.0,0.3346534653465347,0.22709340493990418,0.0016957022669887311,2.7706503992224962,0,0
19,1.0,0.30495049504950494,0.21726300967040393,0.000689249176042509,3.1616237443957913,0,0
20,1.0,0.24752475247524752,0.19930277449641395,7.983126174030676e-05,4.097827006611167,0,0
21,0.4,0.12277227722772276,0.1640340390410514,0.045508031352579095,1.3419119513800986,0,0
22,0.4,0.12277227722772276,0.1640340390410514,0.045508031352579095,1.3419119513800986,0,0
23,0.4,0.2653465346534653,0.21637684561818196,0.2668690378247078,0.5737018101836084,0,0
24,0.4,0.2653465346534653,0.21637684561818196,0.2668690378247078,0.5737018101836084,0,0
25,0.2,0.1762376237623762,0.17185563527720504,0.44501375270373367,0.35162656737625647,0,0
26,0.2,0.1762376237623762,0.17185563527720504,0.44501375270373367,0.35162656737625647,0,0
27,0.2,0.1762376237623762,0.17185563527720504,0.44501375270373367,0.35162656737625647,0,0
28,0.0,0.0,0.0,1.0,-0.0,0,0
29,0.0,0.0,0.0,1.0,-0.0,0,0
30,0.0,0.0,0.0,1.0,-0.0,0,0
31,0.0,0.0,0.0,1.0,-0.0,0,0
32,0.2,0.019801980198019802,0.059735061897023205,0.001278047474114718,2.8934530136556162,0,0
33,1.2,0.12079207920792079,0.15435386352400063,1.357132370563941e-12,11.867377790511375,0,0
34,1.6,0.3168316831683169,0.2614011396835523,4.5815538190103706e-07,6.338987207459343,0,0
35,1.6,0.3188118811881188,0.26126609904903986,4.7007960306953333e-07,6.327828592603555,0,0
36,2.0,0.398019801980198,0.28769490096893463,1.285960641351846e-08,7.890772323406577,0,0
37,1.8,0.39207920792079204,0.2799162421814718,2.455046532055233e-07,6.6099402720040255,0,0
38,0.8,0.2891089108910891,0.2412430638613058,0.017098370462429152,1.7670452774965695,0,0
39,0.4,0.10495049504950495,0.12771893462651165,0.010440010451749134,1.981299066550739,0,0
40,0.4,0.10297029702970298,0.12778032320714203,0.010048446341906712,1.997901082253188,0,0
41,0.0,0.07524752475247526,0.10474480123119365,1.0,-0.0,0,0
42,0.0,0.061386138613861385,0.10046456153636296,1.0,-0.0,0,0
43,0.0,0.061386138613861385,0.10046456153636296,1.0,-0.0,0,0
44,0.0,0.07920792079207921,0.11631029826208643,1.0,-0.0,0,0
45,0.0,0.19405940594059407,0.18552669588707663,1.0,-0.0,0,0
46,0.0,0.2435643564356436,0.21909618195522743,1.0,-0.0,0,0
47,0.0,0.2435643564356436,0.21909618195522743,1.0,-0.0,0,0
48,0.0,0.2594059405940594,0.22610705333684256,1.0,-0.0,0,0
49,0.4,0.29306930693069305,0.25727337455701726,0.3388401572212183,0.4700051254189596,0,0
50,0.4,0.20792079207920797,0.21966814228742018,0.190948513366466,0.7190837184860219,0,0
51,0.4,0.10693069306930691,0.14229896414433016,0.01972163905374824,1.7050569939375249,0,0
52,0.4,0.11485148514851483,0.14717547862227365,0.026343775878197757,1.579321977075834,0,0
53,1.6,0.5603960396039604,0.24859175962733016,1.4449531733918015e-05,4.84014622686388,0,0
54,1.2,0.49504950495049505,0.22266444034646488,0.0007728150935105542,3.1119244044958574,0,0
55,1.2,0.46732673267326735,0.22210019632174183,0.00048542416059767484,3.313878611701817,0,0
56,1.2,0.502970297029703,0.23649898814785927,0.0016028927268788228,2.795095541702934,0,0
57,2.6,0.8396039603960396,0.32459547037852493,2.9245548168996692e-08,7.533940233950538,0,0
58,1.6,0.3940594059405941,0.2601681794905923,1.7826629326662487e-06,5.748930765810424,0,0
59,1.6,0.3940594059405941,0.2601681794905923,1.7826629326662487e-06,5.748930765810424,0,0
60,1.6,0.3940594059405941,0.2601681794905923,1.7826629326662487e-06,5.748930765810424,0,0
61,1.6,0.3574257425742575,0.25537645853708524,5.703860073429174e-07,6.243831137097805,0,0
62,0.2,0.027722772277227727,0.06910862719451544,0.0063361735559086295,2.1981729353735644,0,0
63,0.0,0.12475247524752475,0.11205191564986228,1.0,-0.0,0,0
64,0.0,0.12475247524752475,0.11205191564986228,1.0,-0.0,0,0
65,0.0,0.12475247524752475,0.11205191564986228,1.0,-0.0,0,0
66,0.0,0.12475247524752475,0.11205191564986228,1.0,-0.0,0,0
67,0.0,0.11089108910891086,0.09940515166741493,1.0,-0.0,0,0
68,0.0,0.047524752475247525,0.08965727859541998,1.0,-0.0,0,0
69,0.6,0.20198019801980194,0.1768705954325751,0.01221353714208374,1.9131585425395854,0,0
70,0.6,0.20198019801980194,0.1768705954325751,0.01221353714208374,1.9131585425395854,0,0
71,0.6,0.38217821782178235,0.2656566829366486,0.20612596998532345,0.6858672876444178,0,0
72,1.0,0.4534653465346534,0.268315004926009,0.020829318595573004,1.681324937206504,0,0
73,1.2,0.4534653465346534,0.279874213767204,0.0038221058172486005,2.417697293416277,0,0
74,0.6,0.300990099009901,0.21177937777901187,0.07899067899018182,1.1024241530381529,0,0
75,0.6,0.34851485148514855,0.23488520953993997,0.14215834259438231,0.8472276485560896,0,0
76,0.6,0.16831683168316827,0.17287933929280913,0.006262094587795445,2.203280376730702,0,0
77,0.2,0.09504950495049505,0.1423816080178024,0.23052860904967937,0.6372751701380712,0,0
78,0.0,0.15247524752475247,0.1644637607354148,1.0,-0.0,0,0
79,0.0,0.17623762376237626,0.1808388127814792,1.0,-0.0,0,0
80,0.0,0.14455445544554454,0.1826511296253498,1.0,-0.0,0,0
81,0.0,0.14455445544554454,0.1826511296253498,1.0,-0.0,0,0
82,0.0,0.2059405940594059,0.23790412503476682,1.0,-0.0,0,0
83,0.2,0.14059405940594058,0.15806892707703052,0.3535242386351092,0.4515808043717551,0,0
84,0.2,0.1287128712871287,0.1630990913423683,0.3310271594374545,0.48013637265953535,0,0
85,0.2,0.22970297029702968,0.20945216351964124,1.0,-0.0,0,0
86,0.2,0.22970297029702968,0.20945216351964124,1.0,-0.0,0,0
87,0.2,0.22574257425742575,0.15328318796327628,1.0,-0.0,0,0
88,0.0,0.2851485148514851,0.17876703054720583,1.0,-0.0,0,0
89,0.0,0.27128712871287125,0.17481907686608508,1.0,-0.0,0,0
90,0.0,0.5287128712871287,0.27943955001316056,1.0,-0.0,0,0
91,0.0,0.7247524752475247,0.3081101579379787,1.0,-0.0,0,0
92,0.0,0.6673267326732673,0.3047832896367513,1.0,-0.0,0,0
93,0.0,0.7108910891089109,0.30112034701418394,1.0,-0.0,0,0
94,0.0,0.8693069306930693,0.31895329254179616,1.0,-0.0,0,0
95,0.0,0.5742574257425743,0.33733183279251217,1.0,-0.0,0,0
96,0.0,0.514851485148515,0.2929488647345804,1.0,-0.0,0,0
97,0.0,0.7227722772277226,0.3647544102893168,1.0,-0.0,0,0
98,0.0,0.8237623762376236,0.36401189047369686,1.0,-0.0,0,0
99,0.0,0.7564356435643564,0.3697512788814757,1.0,-0.0,0,0
100,0.0,0.6871287128712872,0.3393830647235002,1.0,-0.0,0,0
101,0.0,0.5524752475247525,0.31484525804913727,1.0,-0.0,0,0
102,0.0,0.4574257425742575,0.29158037617947374,1.0,-0.0,0,0
103,0.0,0.22772277227722773,0.2030065169325038,1.0,-0.0,0,0
104,0.0,0.13663366336633662,0.16870078513860487,1.0,-0.0,0,0
105,0.0,0.37623762376237624,0.24419944569454247,1.0,-0.0,0,0
106,0.0,0.47326732673267324,0.28245426830715953,1.0,-0.0,0,0
107,0.0,0.6851485148514851,0.35526761314991817,1.0,-0.0,0,0
108,0.0,0.693069306930693,0.36322467360213984,1.0,-0.0,0,0
109,0.0,0.7168316831683169,0.3693905354892679,1.0,-0.0,0,0
110,0.0,0.4693069306930693,0.3101397239435914,1.0,-0.0,0,0
111,0.0,0.45346534653465354,0.30687319806432495,1.0,-0.0,0,0
112,0.0,0.12475247524752475,0.16614793634378636,1.0,-0.0,0,0
113,0.0,0.17227722772277224,0.19706701472672838,1.0,-0.0,0,0
114,0.0,0.1475247524752475,0.1859383797672855,1.0,-0.0,0,0
115,0.0,0.21188118811881182,0.2064730360037557,1.0,-0.0,0,0
116,0.0,0.3326732673267327,0.23760726015305886,1.0,-0.0,0,0
117,0.0,0.5742574257425743,0.30005064435446827,1.0,-0.0,0,0
118,0.0,0.605940594059406,0.31143925942712875,1.0,-0.0,0,0
119,0.0,0.605940594059406,0.31143925942712875,1.0,-0.0,0,0
120,0.0,0.5415841584158416,0.2888239474495343,1.0,-0.0,0,0
121,0.0,0.34059405940594056,0.23470150320838107,1.0,-0.0,0,0
122,0.0,0.097029702970297,0.13084299831035082,1.0,-0.0,0,0
123,0.0,0.0,0.0,1.0,-0.0,0,0
124,0.0,0.0,0.0,1.0,-0.0,0,0
125,0.0,0.0,0.0,1.0,-0.0,0,0
126,0.0,0.2891089108910891,0.2493162888797963,1.0,-0.0,0,0
127,0.0,0.2891089108910891,0.2493162888797963,1.0,-0.0,0,0
128,0.0,0.5326732673267327,0.3585197595645677,1.0,-0.0,0,0
129,0.0,0.5326732673267327,0.3585197595645677,1.0,-0.0,0,0
130,0.0,0.5326732673267327,0.3585197595645677,1.0,-0.0,0,0
131,0.0,0.25346534653465347,0.2231921236214712,1.0,-0.0,0,0
132,0.0,0.25346534653465347,0.2231921236214712,1.0,-0.0,0,0
133,0.0,0.17425742574257425,0.17272049494935865,1.0,-0.0,0,0
134,0.0,0.17425742574257425,0.17272049494935865,1.0,-0.0,0,0
135,0.0,0.17425742574257425,0.17272049494935865,1.0,-0.0,0,0
136,0.0,0.16237623762376235,0.17283397009132112,1.0,-0.0,0,0
137,0.0,0.17425742574257425,0.17041211860554586,1.0,-0.0,0,0
138,0.0,0.011881188118811883,0.047276579747775535,1.0,-0.0,0,0
139,0.0,0.011881188118811883,0.047276579747775535,1.0,-0.0,0,0
140,0.0,0.011881188118811883,0.047276579747775535,1.0,-0.0,0,0
141,0.0,0.13465346534653466,0.1737391031211394,1.0,-0.0,0,0
142,0.0,0.12277227722772276,0.1566235242240411,1.0,-0.0,0,0
143,0.0,0.14257425742574256,0.16249693654596944,1.0,-0.0,0,0
144,0.0,0.36435643564356435,0.2570141416211099,1.0,-0.0,0,0
145,0.0,0.36435643564356435,0.2570141416211099,1.0,-0.0,0,0
146,0.0,0.3861386138613862,0.25055570040216446,1.0,-0.0,0,0
147,0.0,0.39999999999999997,0.24856021044773396,1.0,-0.0,0,0
148,0.0,0.3821782178217822,0.2438941661418165,1.0,-0.0,0,0
149,0.0,0.16039603960396034,0.16415351901831846,1.0,-0.0,0,0
150,0.0,0.16039603960396034,0.16415351901831846,1.0,-0.0,0,0
151,0.0,0.013861386138613863,0.05079507064705211,1.0,-0.0,0,0
152,0.0,0.0,0.0,1.0,-0.0,0,0
153,0.0,0.0,0.0,1.0,-0.0,0,0
154,0.0,0.0,0.0,1.0,-0.0,0,0
155,0.0,0.0,0.0,1.0,-0.0,0,0
156,0.0,0.0,0.0,1.0,-0.0,0,0
157,0.0,0.0,0.0,1.0,-0.0,0,0
