,foreground,bg_means,bg_stdev,pvals,minus_logs,regs,active
2,0.0,0.023762376237623766,0.06471340450838887,1.0,-0.0,0,0
3,0.0,0.023762376237623766,0.06471340450838887,1.0,-0.0,0,0
4,0.0,0.0,0.0,1.0,-0.0,0,0
5,0.0,0.0,0.0,1.0,-0.0,0,0
6,0.0,0.0,0.0,1.0,-0.0,0,0
7,0.0,0.007920792079207921,0.03900537743285587,1.0,-0.0,0,0
8,0.0,0.007920792079207921,0.03900537743285587,1.0,-0.0,0,0
9,0.0,0.007920792079207921,0.03900537743285587,1.0,-0.0,0,0
10,0.0,0.019801980198019802,0.059735061897023205,1.0,-0.0,0,0
11,0.0,0.06732673267326733,0.1135467024699521,1.0,-0.0,0,0
12,0.0,0.05940594059405942,0.11096178792967841,1.0,-0.0,0,0
13,0.0,0.05940594059405942,0.11096178792967841,1.0,-0.0,0,0
14,0.0,0.05940594059405942,0.11096178792967841,1.0,-0.0,0,0
15,0.0,0.09306930693069305,0.12762679639066946,1.0,-0.0,0,0
16,0.0,0.04554455445544555,0.08387254884969256,1.0,-0.0,0,0
17,0.0,0.1188118811881188,0.1467218499235066,1.0,-0.0,0,0
18,0.0,0.16237623762376235,0.16818865241652337,1.0,-0.0,0,0
19,0.0,0.23168316831683167,0.19239537111273064,1.0,-0.0,0,0
20,0.0,0.25346534653465347,0.19272118907875546,1.0,-0.0,0,0
21,0.0,0.30495049504950494,0.20603577389258712,1.0,-0.0,0,0
22,0.0,0.23168316831683167,0.18181194346357277,1.0,-0.0,0,0
23,0.0,0.19009900990099005,0.17434741150934763,1.0,-0.0,0,0
24,0.0,0.1188118811881188,0.13838736799727644,1.0,-0.0,0,0
25,0.0,0.05148514851485149,0.10399339410297728,1.0,-0.0,0,0
26,0.0,0.0,0.0,1.0,-0.0,0,0
27,0.0,0.0,0.0,1.0,-0.0,0,0
28,0.0,0.0,0.0,1.0,-0.0,0,0
29,0.0,0.0,0.0,1.0,-0.0,0,0
30,0.2,0.04554455445544555,0.08387254884969257,0.03277054107653563,1.4845163878939818,0,0
31,0.2,0.11287128712871287,0.13024224675172555,0.2517559433799804,0.5990202679574177,0,0
32,0.2,0.12079207920792076,0.12921455921643918,0.26993971527336125,0.5687332145350796,0,0
33,0.2,0.12079207920792076,0.12921455921643918,0.26993971527336125,0.5687332145350796,0,0
34,0.2,0.29306930693069305,0.22788629514163644,1.0,-0.0,0,0
35,0.0,0.30990099009900995,0.22227667644201635,1.0,-0.0,0,0
36,0.0,0.2415841584158416,0.2016110001775909,1.0,-0.0,0,0
37,0.0,0.23564356435643566,0.20176653424136176,1.0,-0.0,0,0
38,0.0,0.23564356435643566,0.20176653424136176,1.0,-0.0,0,0
39,0.0,0.0613861386138614,0.10046456153636296,1.0,-0.0,0,0
40,0.0,0.0,0.0,1.0,-0.0,0,0
41,0.0,0.0,0.0,1.0,-0.0,0,0
42,0.0,0.04950495049504951,0.09504950495049506,1.0,-0.0,0,0
43,0.0,0.05148514851485149,0.096075322540263,1.0,-0.0,0,22
44,0.0,0.05148514851485149,0.096075322540263,1.0,-0.0,0,0
45,0.0,0.07524752475247526,0.11205191564986228,1.0,-0.0,0,0
46,0.0,0.07524752475247526,0.11205191564986228,1.0,-0.0,0,0
47,0.0,0.025742574257425748,0.0669763743575753,1.0,-0.0,0,0
48,0.2,0.0594059405940594,0.09562531855564069,0.07074570539322597,1.1502999187808283,0,0
49,0.2,0.0594059405940594,0.09562531855564069,0.07074570539322597,1.1502999187808283,0,0
50,0.2,0.03564356435643565,0.07653920035678292,0.015882722457572503,1.7990750531077893,0,0
51,0.2,0.03564356435643565,0.07653920035678292,0.015882722457572503,1.7990750531077893,0,0
52,0.2,0.03564356435643565,0.07653920035678292,0.015882722457572503,1.7990750531077893,0,0
53,0.0,0.0,0.0,1.0,-0.0,0,0
54,0.0,0.0,0.0,1.0,-0.0,0,0
55,0.0,0.0,0.0,1.0,-0.0,0,0
56,0.0,0.0,0.0,1.0,-0.0,0,0
57,0.0,0.01386138613861386,0.05079507064705211,1.0,-0.0,0,0
58,0.0,0.01386138613861386,0.05079507064705211,1.0,-0.0,0,0
59,0.0,0.01386138613861386,0.05079507064705211,1.0,-0.0,0,0
60,0.0,0.01386138613861386,0.05079507064705211,1.0,-0.0,0,0
61,0.0,0.01386138613861386,0.05079507064705211,1.0,-0.0,0,0
62,0.0,0.2792079207920792,0.23727697467208717,1.0,-0.0,0,0
63,0.0,0.2792079207920792,0.23727697467208717,1.0,-0.0,0,0
64,0.0,0.2792079207920792,0.23727697467208717,1.0,-0.0,0,0
65,0.0,0.2792079207920792,0.23727697467208717,1.0,-0.0,0,0
66,0.0,0.30297029702970296,0.23481842386627266,1.0,-0.0,0,0
67,0.0,0.06732673267326733,0.12356816445008077,1.0,-0.0,0,0
68,0.0,0.06732673267326733,0.12356816445008077,1.0,-0.0,0,0
69,0.0,0.06732673267326733,0.12356816445008077,1.0,-0.0,0,0
70,0.2,0.1603960396039604,0.17580322478754873,0.41088291920171716,0.386281912402347,0,0
71,0.2,0.2039603960396039,0.20094863738570082,1.0,-0.0,0,0
72,0.4,0.1861386138613861,0.19951907671778216,0.14188597859791557,0.8480605201057885,0,0
73,0.4,0.1861386138613861,0.19951907671778216,0.14188597859791557,0.8480605201057885,0,0
74,0.4,0.1861386138613861,0.19951907671778216,0.14188597859791557,0.8480605201057885,0,0
75,0.6,0.17029702970297028,0.1957693907320881,0.014083785398588176,1.8512806011053344,0,0
76,0.6,0.10099009900990098,0.1557448087305797,0.0006776089792799992,3.1690208476213915,0,0
77,0.4,0.07524752475247526,0.1345369326848557,0.007892399091338391,2.1027909620939735,0,0
78,0.4,0.1188118811881188,0.164535271903691,0.0437269725717572,1.3592505899063196,0,0
79,0.4,0.16237623762376235,0.17735766020493526,0.09015521603822475,1.0450091415862113,0,0
80,0.0,0.15445544554455443,0.15384494732320814,1.0,-0.0,0,0
81,0.2,0.1881188118811881,0.17981680926331076,0.4736595167016665,0.32453373248631356,0,0
82,0.2,0.1881188118811881,0.17981680926331076,0.4736595167016665,0.32453373248631356,0,0
83,0.2,0.14455445544554454,0.15950123220279025,0.3640634367094123,0.4388229355475181,0,0
84,0.2,0.15445544554455448,0.15891011998209012,0.38720710479342235,0.4120566824993105,0,0
85,0.2,0.08514851485148514,0.1269490726718781,0.18281079492823915,0.737998162872722,0,0
86,0.6,0.24554455445544549,0.21959672871521846,0.053250712961255914,1.2736745731837518,0,0
87,0.8,0.25544554455445545,0.23057193097043735,0.009094324325682418,2.0412295618592364,0,0
88,0.8,0.25544554455445545,0.23057193097043735,0.009094324325682418,2.0412295618592364,0,0
89,0.8,0.21386138613861383,0.22027422287104986,0.0038960305357771973,2.4093776479259765,0,0
90,0.8,0.21386138613861383,0.22027422287104986,0.0038960305357771973,2.4093776479259765,0,0
91,0.2,0.019801980198019802,0.0597350618970232,0.0012780474741147156,2.893453013655617,0,0
92,0.0,0.05940594059405942,0.10357779667819421,1.0,-0.0,0,0
93,0.0,0.05940594059405942,0.10357779667819421,1.0,-0.0,0,0
94,0.0,0.04950495049504951,0.09504950495049508,1.0,-0.0,0,0
95,0.0,0.04950495049504951,0.09504950495049508,1.0,-0.0,0,0
96,0.0,0.04950495049504951,0.09504950495049508,1.0,-0.0,0,0
97,0.0,0.0,0.0,1.0,-0.0,0,0
98,0.0,0.031683168316831684,0.09640127876941058,1.0,-0.0,0,0
99,0.0,0.08316831683168316,0.13280619910579972,1.0,-0.0,0,0
100,0.0,0.09306930693069305,0.13948804962658473,1.0,-0.0,0,0
101,0.0,0.09306930693069305,0.13948804962658473,1.0,-0.0,0,0
102,0.0,0.11287128712871286,0.1577461090428074,1.0,-0.0,0,0
103,0.0,0.09108910891089109,0.14218869759220787,1.0,-0.0,0,0
104,0.0,0.0594059405940594,0.1109617879296784,1.0,-0.0,0,0
105,0.0,0.04950495049504951,0.09912864166957489,1.0,-0.0,0,0
106,0.0,0.04950495049504951,0.09912864166957489,1.0,-0.0,0,0
107,0.0,0.049504950495049514,0.09078727434730813,1.0,-0.0,0,0
108,0.0,0.0712871287128713,0.10747934055534188,1.0,-0.0,0,0
109,0.0,0.09900990099009897,0.13386490123687583,1.0,-0.0,0,0
110,0.0,0.09900990099009897,0.13386490123687583,1.0,-0.0,0,0
111,0.2,0.4237623762376238,0.24901728233454837,1.0,-0.0,0,0
112,0.2,0.403960396039604,0.22860783666790985,1.0,-0.0,0,0
113,0.2,0.3722772277227723,0.2252034555954159,1.0,-0.0,0,0
114,0.2,0.3237623762376237,0.2083164552193263,1.0,-0.0,0,0
115,0.2,0.3237623762376237,0.2083164552193263,1.0,-0.0,0,0
116,0.0,0.0,0.0,1.0,-0.0,0,0
117,0.0,0.023762376237623766,0.06471340450838889,1.0,-0.0,0,0
118,0.0,0.023762376237623766,0.06471340450838889,1.0,-0.0,0,0
119,0.0,0.04554455445544555,0.08846854615322249,1.0,-0.0,0,0
120,0.0,0.18415841584158413,0.18387074305594647,1.0,-0.0,0,0
121,0.0,0.18415841584158413,0.18387074305594647,1.0,-0.0,0,0
122,0.0,0.19207920792079206,0.19684801812808977,1.0,-0.0,0,0
123,0.0,0.28316831683168314,0.2129794797583961,1.0,-0.0,0,0
124,0.0,0.3425742574257426,0.2343503912349483,1.0,-0.0,0,0
125,0.0,0.20396039603960395,0.1823503276549915,1.0,-0.0,0,0
126,0.0,0.20396039603960395,0.1823503276549915,1.0,-0.0,0,0
127,0.2,0.24752475247524752,0.19930277449641395,1.0,-0.0,0,0
128,0.2,0.15643564356435644,0.16314716771521567,0.39472499407136286,0.40370537311397997,0,0
129,0.2,0.07524752475247526,0.11553229422427584,0.140114268670204,0.8535176356692988,0,0
130,0.2,0.07524752475247526,0.11553229422427584,0.140114268670204,0.8535176356692988,0,0
131,0.2,0.09108910891089109,0.12750384183766533,0.19650337127395107,0.7066299943312295,0,0
132,0.0,0.015841584158415842,0.054012600780142014,1.0,-0.0,0,0
133,0.0,0.015841584158415842,0.054012600780142014,1.0,-0.0,0,0
134,0.0,0.015841584158415842,0.054012600780142014,1.0,-0.0,0,0
135,0.0,0.015841584158415842,0.054012600780142014,1.0,-0.0,0,0
136,0.0,0.0,0.0,1.0,-0.0,0,0
137,0.0,0.0,0.0,1.0,-0.0,0,0
138,0.0,0.0,0.0,1.0,-0.0,0,0
139,0.0,0.0,0.0,1.0,-0.0,0,0
140,0.6,0.20000000000000004,0.19498667128857303,0.02011292103175928,1.6965248515389852,0,0
141,0.6,0.20000000000000004,0.19498667128857303,0.02011292103175928,1.6965248515389852,0,0
142,0.6,0.20000000000000004,0.19498667128857303,0.02011292103175928,1.6965248515389852,0,0
143,0.6,0.20000000000000004,0.19498667128857303,0.02011292103175928,1.6965248515389852,0,0
144,0.6,0.20000000000000004,0.19498667128857303,0.02011292103175928,1.6965248515389852,0,0
145,0.0,0.0,0.0,1.0,-0.0,0,0
146,0.0,0.0,0.0,1.0,-0.0,0,0
147,0.0,0.0,0.0,1.0,-0.0,0,0
148,0.0,0.0,0.0,1.0,-0.0,0,0
149,0.0,0.0,0.0,1.0,-0.0,0,0
150,0.0,0.0,0.0,1.0,-0.0,0,0
151,0.0,0.0,0.0,1.0,-0.0,0,0
152,0.0,0.011881188118811883,0.047276579747775535,1.0,-0.0,0,0
153,0.0,0.011881188118811883,0.047276579747775535,1.0,-0.0,0,0
154,0.0,0.011881188118811883,0.047276579747775535,1.0,-0.0,0,0
155,0.0,0.011881188118811883,0.047276579747775535,1.0,-0.0,0,0
156,0.0,0.011881188118811883,0.047276579747775535,1.0,-0.0,0,0
157,0.0,0.0,0.0,1.0,-0.0,0,0
158,0.0,0.0,0.0,1.0,-0.0,0,0
159,0.0,0.06534653465346535,0.10939585993610405,1.0,-0.0,0,0
160,0.0,0.12079207920792082,0.16186831934800644,1.0,-0.0,0,0
161,0.0,0.12079207920792082,0.16186831934800644,1.0,-0.0,0,0
162,0.0,0.12079207920792082,0.16186831934800644,1.0,-0.0,0,0
163,0.0,0.1485148514851485,0.1772249571110055,1.0,-0.0,0,0
164,0.0,0.08118811881188118,0.12325042629382527,1.0,-0.0,0,0
165,0.0,0.025742574257425745,0.06697637435757531,1.0,-0.0,0,0
166,0.0,0.025742574257425745,0.06697637435757531,1.0,-0.0,0,0
167,0.0,0.025742574257425745,0.06697637435757531,1.0,-0.0,0,0
168,0.0,0.09306930693069305,0.14505541839059358,1.0,-0.0,0,0
169,0.0,0.13465346534653466,0.17144444215376922,1.0,-0.0,0,0
170,0.0,0.17029702970297028,0.17885474744676658,1.0,-0.0,0,0
171,0.2,0.23168316831683167,0.20046020966089134,1.0,-0.0,0,0
172,0.2,0.3584158415841585,0.26147613212267823,1.0,-0.0,0,0
173,0.2,0.2950495049504951,0.23646582556084242,1.0,-0.0,0,0
174,0.4,0.4376237623762375,0.27534010836951023,1.0,-0.0,0,0
175,0.4,0.40792079207920795,0.250023035895856,1.0,-0.0,0,0
176,0.2,0.36039603960396044,0.2371777993387382,1.0,-0.0,0,0
177,0.2,0.23366336633663365,0.18683249644342292,1.0,-0.0,0,0
178,0.8,0.26732673267326734,0.2034888329293486,0.004426194717196803,2.3539694845018486,0,0
179,0.6,0.08316831683168316,0.11694909354640316,4.951338789875803e-06,5.305277356532642,0,0
180,0.6,0.07920792079207921,0.10928827506175547,9.428359937703545e-07,6.025563846175862,0,0
181,0.6,0.06534653465346535,0.10189845806153354,7.732982945169392e-08,7.111652947642589,0,0
182,0.6,0.06534653465346535,0.10189845806153354,7.732982945169392e-08,7.111652947642589,0,0
183,0.0,0.0,0.0,1.0,-0.0,0,0
184,0.0,0.0,0.0,1.0,-0.0,0,0
185,0.0,0.0,0.0,1.0,-0.0,0,0
186,0.0,0.0,0.0,1.0,-0.0,0,0
187,0.0,0.0,0.0,1.0,-0.0,0,0
188,0.0,0.0,0.0,1.0,-0.0,0,0
189,0.0,0.0,0.0,1.0,-0.0,0,0
190,0.0,0.0,0.0,1.0,-0.0,0,0
191,0.0,0.011881188118811883,0.047276579747775535,1.0,-0.0,0,0
192,0.0,0.013861386138613863,0.05079507064705211,1.0,-0.0,0,0
193,0.0,0.013861386138613863,0.05079507064705211,1.0,-0.0,0,0
194,0.0,0.013861386138613863,0.05079507064705211,1.0,-0.0,0,0
195,0.0,0.013861386138613863,0.05079507064705211,1.0,-0.0,0,0
196,0.0,0.0019801980198019802,0.019801980198019802,1.0,-0.0,0,0
197,0.0,0.0,0.0,1.0,-0.0,0,0
198,0.0,0.0,0.0,1.0,-0.0,0,0
199,0.0,0.0,0.0,1.0,-0.0,0,0
200,0.0,0.013861386138613863,0.05079507064705212,1.0,-0.0,0,0
201,0.0,0.013861386138613863,0.05079507064705212,1.0,-0.0,0,0
202,0.0,0.013861386138613863,0.05079507064705212,1.0,-0.0,0,0
203,0.0,0.013861386138613863,0.05079507064705212,1.0,-0.0,0,0
204,0.0,0.013861386138613863,0.05079507064705212,1.0,-0.0,0,0
205,0.0,0.0,0.0,1.0,-0.0,0,0
206,0.0,0.009900990099009901,0.04338396495090424,1.0,-0.0,0,0
207,0.0,0.009900990099009901,0.04338396495090424,1.0,-0.0,0,0
208,0.0,0.025742574257425745,0.06697637435757531,1.0,-0.0,0,0
209,0.0,0.025742574257425745,0.06697637435757531,1.0,-0.0,0,0
210,0.0,0.025742574257425745,0.06697637435757531,1.0,-0.0,0,0
211,0.0,0.015841584158415842,0.05401260078014202,1.0,-0.0,0,0
212,0.0,0.015841584158415842,0.05401260078014202,1.0,-0.0,0,0
213,0.0,0.0,0.0,1.0,-0.0,0,0
214,0.0,0.0,0.0,1.0,-0.0,0,0
215,0.0,0.0,0.0,1.0,-0.0,0,0
216,0.0,0.0,0.0,1.0,-0.0,0,0
217,0.0,0.0,0.0,1.0,-0.0,0,0
218,0.0,0.0,0.0,1.0,-0.0,0,0
219,0.0,0.0,0.0,1.0,-0.0,0,0
220,0.0,0.0,0.0,1.0,-0.0,0,0
221,0.0,0.0,0.0,1.0,-0.0,0,0
222,0.0,0.0,0.0,1.0,-0.0,0,0
223,0.0,0.0,0.0,1.0,-0.0,0,0
224,0.0,0.0,0.0,1.0,-0.0,0,0
225,0.0,0.0019801980198019802,0.0198019801980198,1.0,-0.0,0,0
226,0.0,0.0019801980198019802,0.0198019801980198,1.0,-0.0,0,0
227,0.0,0.0019801980198019802,0.0198019801980198,1.0,-0.0,0,0
228,0.0,0.0019801980198019802,0.0198019801980198,1.0,-0.0,0,0
229,0.0,0.0019801980198019802,0.0198019801980198,1.0,-0.0,0,0
230,0.0,0.0,0.0,1.0,-0.0,0,0
231,0.0,0.0,0.0,1.0,-0.0,0,0
232,0.0,0.0,0.0,1.0,-0.0,0,0
233,0.0,0.0,0.0,1.0,-0.0,0,0
234,0.0,0.0,0.0,1.0,-0.0,0,0
235,0.0,0.0,0.0,1.0,-0.0,0,0
236,0.0,0.0,0.0,1.0,-0.0,0,0
237,0.0,0.0,0.0,1.0,-0.0,0,0
238,0.0,0.0,0.0,1.0,-0.0,0,0
239,0.0,0.0,0.0,1.0,-0.0,0,0
240,0.0,0.0,0.0,1.0,-0.0,0,0
241,0.0,0.013861386138613863,0.05079507064705211,1.0,-0.0,0,0
242,0.0,0.013861386138613863,0.05079507064705211,1.0,-0.0,0,0
243,0.0,0.013861386138613863,0.05079507064705211,1.0,-0.0,0,0
244,0.0,0.0594059405940594,0.09562531855564069,1.0,-0.0,0,0
245,0.0,0.0594059405940594,0.09562531855564069,1.0,-0.0,0,0
246,0.2,0.16435643564356434,0.16505874046871058,0.4145154168936371,0.38245931228542723,0,0
247,0.2,0.16435643564356434,0.16505874046871058,0.4145154168936371,0.38245931228542723,0,0
248,0.2,0.16435643564356434,0.16505874046871058,0.4145154168936371,0.38245931228542723,0,0
249,0.2,0.11683168316831682,0.13864214704328154,0.2742939097741051,0.5617838350526444,0,0
250,0.2,0.11683168316831682,0.13864214704328154,0.2742939097741051,0.5617838350526444,0,0
251,0.0,0.0,0.0,1.0,-0.0,0,0
252,0.0,0.0,0.0,1.0,-0.0,0,0
253,0.0,0.007920792079207921,0.03900537743285587,1.0,-0.0,0,0
254,0.0,0.007920792079207921,0.03900537743285587,1.0,-0.0,0,0
255,0.6,0.15643564356435644,0.15312962320143525,0.001885795161880137,2.72450548280572,0,0
256,0.6,0.25148514851485143,0.19630944524980165,0.037921369400215066,1.4211159879948732,0,0
257,0.6,0.28118811881188116,0.21281371544757102,0.06705628805134381,1.173560490922656,0,0
258,0.6,0.34059405940594073,0.2380524186479005,0.13792245445682194,0.8603650227811885,0,0
259,0.6,0.35643564356435653,0.24952066585742427,0.16450027255452676,0.7838333781466578,0,0
260,0.0,0.2079207920792079,0.20279393448700367,1.0,-0.0,0,0
261,0.0,0.11089108910891088,0.15018206119491914,1.0,-0.0,0,0
262,0.2,0.18217821782178212,0.1619167611624525,0.4561778991695212,0.3408657591760435,0,0
263,0.4,0.1386138613861386,0.1585642868844958,0.04962963840035404,1.3042588890441231,0,0
264,0.4,0.12079207920792079,0.1618683193480064,0.042272048079830905,1.3739467101028167,0,0
265,0.4,0.18217821782178217,0.21079577635122798,0.15072454364098548,0.8218160224037397,0,0
266,0.4,0.18217821782178217,0.21079577635122798,0.15072454364098548,0.8218160224037397,0,0
267,0.2,0.0811881188118812,0.13549532985786933,0.19027844328163318,0.7206104103158428,0,0
268,0.0,0.0594059405940594,0.11447531431916541,1.0,-0.0,0,0
269,0.0,0.09504950495049506,0.1337769960717191,1.0,-0.0,0,0
270,0.0,0.03564356435643565,0.07653920035678292,1.0,-0.0,0,0
271,0.0,0.11881188118811879,0.14399729871443837,1.0,-0.0,0,0
272,0.0,0.14059405940594058,0.15806892707703052,1.0,-0.0,0,0
273,0.0,0.23564356435643566,0.19375607734491182,1.0,-0.0,0,0
274,0.0,0.19999999999999998,0.18455190581674866,1.0,-0.0,0,0
275,0.0,0.19999999999999998,0.18455190581674866,1.0,-0.0,0,0
276,0.0,0.11485148514851483,0.13598641357140115,1.0,-0.0,0,0
277,0.0,0.09504950495049502,0.1213588391765906,1.0,-0.0,0,0
278,0.0,0.0,0.0,1.0,-0.0,0,0
279,0.0,0.0,0.0,1.0,-0.0,0,0
280,0.2,0.31683168316831684,0.2220825405964211,1.0,-0.0,0,0
281,0.2,0.31683168316831684,0.2220825405964211,1.0,-0.0,0,0
282,0.2,0.3485148514851485,0.2262977366679074,1.0,-0.0,0,0
283,0.2,0.3485148514851485,0.2262977366679074,1.0,-0.0,0,0
284,0.4,0.4811881188118811,0.27020816005410986,1.0,-0.0,0,0
285,0.2,0.16435643564356434,0.1766487584013007,0.4200457354813318,0.37670342011213426,0,0
286,0.2,0.16435643564356434,0.1766487584013007,0.4200457354813318,0.37670342011213426,0,0
287,0.2,0.13465346534653466,0.15184387732816487,0.33346928014410965,0.47694416797951716,0,0
288,0.4,0.24950495049504945,0.2113716460355311,0.23823467674460713,0.6229950236141937,0,0
289,0.2,0.12871287128712874,0.16550949460567813,0.33333844961023473,0.4771145888583404,0,0
290,0.2,0.12871287128712874,0.16550949460567813,0.33333844961023473,0.4771145888583404,0,0
291,0.2,0.21188118811881188,0.19865245471658538,1.0,-0.0,0,0
292,0.2,0.22772277227722768,0.21066552339846717,1.0,-0.0,0,0
293,0.2,0.21188118811881188,0.20454592488897796,1.0,-0.0,0,0
294,0.6,0.28514851485148507,0.2149769219084687,0.07151739959588241,1.1455882850635148,0,0
295,0.6,0.3029702970297029,0.21546883974234365,0.08402025455510505,1.0756160070195218,0,0
296,0.6,0.22178217821782173,0.1821782178217822,0.01894295465443623,1.722552280346543,0,0
297,0.6,0.2059405940594059,0.17224308299392188,0.011074301180133878,1.9556836694558775,0,0
298,0.6,0.17425742574257425,0.14802559676063967,0.0020128454762413945,2.6961895641036713,0,0
299,0.4,0.13465346534653466,0.1352926008121879,0.02492324374771106,1.6033954351246615,0,0
300,0.4,0.13267326732673265,0.13283572143563108,0.02208567245422131,1.6558893730090944,0,0
301,0.4,0.13267326732673265,0.13283572143563108,0.02208567245422131,1.6558893730090944,0,0
302,0.6,0.19801980198019797,0.15541716332949376,0.004848378308482822,2.314403500459654,0,0
303,0.4,0.19999999999999996,0.19700731252448173,0.15500745616653278,0.8096474109000387,0,0
304,0.2,0.17227722772277226,0.1802741651760957,0.43889114017311737,0.3576431861013988,0,0
305,0.2,0.18415841584158413,0.18601217530007727,0.46606541275620383,0.33155312535850145,0,0
306,0.2,0.18415841584158413,0.18601217530007727,0.46606541275620383,0.33155312535850145,0,0
307,0.0,0.1306930693069307,0.16515373831281618,1.0,-0.0,0,0
308,0.0,0.07326732673267328,0.12177815335858849,1.0,-0.0,0,0
309,0.0,0.05346534653465347,0.10104832334394512,1.0,-0.0,0,0
310,0.0,0.03762376237623763,0.07816140339006158,1.0,-0.0,0,0
311,0.0,0.15247524752475247,0.17382935720677029,1.0,-0.0,0,0
312,0.0,0.13861386138613863,0.15856428688449584,1.0,-0.0,0,0
313,0.0,0.14158415841584154,0.1648685805663259,1.0,-0.0,0,0
314,0.0,0.19801980198019797,0.179095747399525,1.0,-0.0,0,0
315,0.0,0.2376237623762376,0.1902845629074887,1.0,-0.0,0,0
316,0.0,0.12475247524752472,0.13156027914354923,1.0,-0.0,0,0
317,0.0,0.12475247524752472,0.13156027914354923,1.0,-0.0,0,0
318,0.0,0.12178217821782175,0.14044058001185858,1.0,-0.0,0,0
319,0.2,0.0891089108910891,0.13042276277287215,0.19759489744115794,0.7042242745346299,0,0
320,0.2,0.03762376237623763,0.07816140339006158,0.01888012292982573,1.723995182306426,0,0
321,0.2,0.03762376237623763,0.07816140339006158,0.01888012292982573,1.723995182306426,0,0
322,0.2,0.08514851485148514,0.12379009590564582,0.17675768599419261,0.7526216925958915,0,0
323,0.2,0.11089108910891088,0.1420507440353343,0.26523019637673806,0.5763770331585043,0,0
324,0.0,0.08712871287128714,0.11402914890208293,1.0,-0.0,0,1
325,0.0,0.08712871287128714,0.11402914890208293,1.0,-0.0,0,0
326,0.0,0.08712871287128714,0.11402914890208293,1.0,-0.0,0,0
327,0.2,0.10297029702970298,0.127780323207142,0.2238222754810134,0.6500966933346085,0,0
328,0.2,0.07326732673267328,0.1115960618107356,0.12805415268855674,0.8926063331621106,0,0
329,0.2,0.07326732673267328,0.1115960618107356,0.12805415268855674,0.8926063331621106,0,0
330,0.2,0.07326732673267328,0.1115960618107356,0.12805415268855674,0.8926063331621106,0,0
331,0.2,0.07326732673267328,0.1115960618107356,0.12805415268855674,0.8926063331621106,0,0
332,0.0,0.009900990099009901,0.04338396495090425,1.0,-0.0,0,0
333,0.0,0.0,0.0,1.0,-0.0,0,0
334,0.0,0.0,0.0,1.0,-0.0,0,0
335,0.0,0.0,0.0,1.0,-0.0,0,0
336,0.0,0.0,0.0,1.0,-0.0,0,0
337,0.0,0.039603960396039604,0.08452453849668534,1.0,-0.0,0,0
338,0.0,0.039603960396039604,0.08452453849668534,1.0,-0.0,0,0
339,0.0,0.06336633663366337,0.10504385908811757,1.0,-0.0,0,0
340,0.0,0.0712871287128713,0.11461224656227947,1.0,-0.0,0,0
341,0.0,0.0712871287128713,0.11461224656227947,1.0,-0.0,0,0
342,0.0,0.06732673267326733,0.11698261772468856,1.0,-0.0,0,0
343,0.0,0.06732673267326733,0.11698261772468856,1.0,-0.0,0,0
344,0.0,0.09504950495049505,0.13377699607171914,1.0,-0.0,0,0
345,0.2,0.19801980198019797,0.1877327983285756,0.49579205087195427,0.30470044063822854,0,4
346,0.2,0.3386138613861386,0.25445351927459825,1.0,-0.0,0,0
347,0.2,0.30297029702970296,0.24953638023007307,1.0,-0.0,0,0
348,0.2,0.30297029702970296,0.24953638023007307,1.0,-0.0,0,0
349,0.2,0.31287128712871287,0.26463625936298,1.0,-0.0,0,0
350,0.0,0.20396039603960395,0.20677667298545127,1.0,-0.0,0,0
351,0.0,0.061386138613861385,0.10806149425459212,1.0,-0.0,0,0
352,0.0,0.07722772277227724,0.1193059036149867,1.0,-0.0,0,0
353,0.0,0.2079207920792079,0.18862880323342351,1.0,-0.0,0,0
354,0.0,0.2138613861386138,0.18933427036517264,1.0,-0.0,0,0
355,0.0,0.2138613861386138,0.18933427036517264,1.0,-0.0,0,0
356,0.0,0.2613861386138614,0.21753356269084298,1.0,-0.0,0,0
357,0.0,0.2455445544554455,0.21226023280572862,1.0,-0.0,0,0
358,0.0,0.11485148514851483,0.14984225277142665,1.0,-0.0,0,0
359,0.0,0.047524752475247525,0.10205226714237724,1.0,-0.0,0,0
360,0.0,0.047524752475247525,0.10205226714237724,1.0,-0.0,0,0
361,0.0,0.0198019801980198,0.0597350618970232,1.0,-0.0,0,0
362,0.0,0.0198019801980198,0.0597350618970232,1.0,-0.0,0,0
363,0.0,0.0198019801980198,0.0597350618970232,1.0,-0.0,0,0
364,0.0,0.0198019801980198,0.0597350618970232,1.0,-0.0,0,0
365,0.0,0.0198019801980198,0.0597350618970232,1.0,-0.0,0,0
366,0.0,0.0,0.0,1.0,-0.0,0,0
367,0.0,0.0,0.0,1.0,-0.0,0,0
368,0.0,0.007920792079207921,0.03900537743285587,1.0,-0.0,0,0
369,0.0,0.007920792079207921,0.03900537743285587,1.0,-0.0,0,0
370,0.0,0.007920792079207921,0.03900537743285587,1.0,-0.0,0,0
371,0.0,0.007920792079207921,0.03900537743285587,1.0,-0.0,0,0
372,0.0,0.007920792079207921,0.03900537743285587,1.0,-0.0,0,0
373,0.0,0.0,0.0,1.0,-0.0,0,0
374,0.0,0.0,0.0,1.0,-0.0,0,0
375,0.0,0.0,0.0,1.0,-0.0,0,0
376,0.0,0.0,0.0,1.0,-0.0,0,0
377,0.0,0.0,0.0,1.0,-0.0,0,0
378,0.0,0.0,0.0,1.0,-0.0,0,0
379,0.0,0.0,0.0,1.0,-0.0,0,0
380,0.0,0.0,0.0,1.0,-0.0,0,0
381,0.0,0.0,0.0,1.0,-0.0,0,0
382,0.0,0.0,0.0,1.0,-0.0,0,0
383,0.0,0.0,0.0,1.0,-0.0,0,0
384,0.0,0.0,0.0,1.0,-0.0,0,0
385,0.0,0.0,0.0,1.0,-0.0,0,0
386,0.0,0.0,0.0,1.0,-0.0,0,0
387,0.0,0.0,0.0,1.0,-0.0,0,0
388,0.0,0.0,0.0,1.0,-0.0,0,0
389,0.0,0.0,0.0,1.0,-0.0,0,0
390,0.0,0.0,0.0,1.0,-0.0,0,0
391,0.0,0.025742574257425745,0.0669763743575753,1.0,-0.0,0,0
392,0.0,0.025742574257425745,0.0669763743575753,1.0,-0.0,0,0
393,0.0,0.041584158415841586,0.08116396646304633,1.0,-0.0,0,0
394,0.0,0.04950495049504951,0.08631483056516186,1.0,-0.0,0,0
395,0.0,0.04950495049504951,0.08631483056516186,1.0,-0.0,0,0
396,0.0,0.023762376237623766,0.06471340450838889,1.0,-0.0,0,0
397,0.0,0.023762376237623766,0.06471340450838889,1.0,-0.0,0,0
398,0.0,0.007920792079207921,0.03900537743285587,1.0,-0.0,0,0
399,0.0,0.0,0.0,1.0,-0.0,0,0
400,0.2,0.05346534653465347,0.10104832334394513,0.0735091372710952,1.1336586742521857,0,0
401,0.2,0.35841584158415846,0.2629864005566772,1.0,-0.0,0,0
402,0.2,0.35841584158415846,0.2629864005566772,1.0,-0.0,0,0
403,0.2,0.35841584158415846,0.2629864005566772,1.0,-0.0,0,0
404,0.2,0.3643564356435644,0.2675833018868731,1.0,-0.0,0,0
405,0.0,0.3089108910891089,0.2295492828298987,1.0,-0.0,0,0
406,0.0,0.025742574257425748,0.06697637435757531,1.0,-0.0,0,0
407,0.2,0.2079207920792079,0.1733097543528005,1.0,-0.0,0,0
408,0.2,0.2217821782178218,0.17777723316802724,1.0,-0.0,0,0
409,0.2,0.2732673267326733,0.20240684893751504,1.0,-0.0,0,0
410,0.2,0.2732673267326733,0.20240684893751504,1.0,-0.0,0,0
411,0.2,0.3445544554455447,0.21455699121713326,1.0,-0.0,0,0
412,0.0,0.22772277227722773,0.18885733097134833,1.0,-0.0,0,0
413,0.2,0.35049504950495053,0.2507903397859416,1.0,-0.0,0,0
414,0.2,0.2930693069306931,0.20978887347562813,1.0,-0.0,0,0
415,0.2,0.2930693069306931,0.20978887347562813,1.0,-0.0,0,0
416,0.2,0.3445544554455446,0.25348081635959596,1.0,-0.0,0,0
417,0.4,0.3247524752475248,0.2352188534716693,0.37452043569221827,0.42652448005737215,0,0
418,0.2,0.19801980198019797,0.19395834911660803,0.49592711015592206,0.30458215008899914,0,0
419,0.2,0.19603960396039602,0.19290421984883255,0.49181014057802147,0.30820252083586414,0,0
420,0.4,0.2792079207920792,0.2270415985277005,0.29735392430211455,0.5267263255638717,0,0
421,0.4,0.14059405940594058,0.14224384155301362,0.034100927792016136,1.4672338048939675,0,0
422,0.2,0.16831683168316827,0.17740187251029738,0.42912768135453033,0.36741346991903134,0,0
423,0.4,0.2198019801980198,0.19397856469320326,0.17645531919886387,0.7533652454145492,0,0
424,0.4,0.22772277227722768,0.1950469919926575,0.18854787530201728,0.7245783571846866,0,0
