,foreground,bg_means,bg_stdev,pvals,minus_logs,regs,active
2,0.0,0.2435643564356436,0.22621108235239334,1.0,-0.0,0,0
3,0.0,0.2693069306930694,0.23620035724750013,1.0,-0.0,0,0
4,0.0,0.3801980198019802,0.25563735219576766,1.0,-0.0,0,0
5,0.0,0.3801980198019802,0.25563735219576766,1.0,-0.0,0,0
6,0.0,0.36435643564356435,0.24274998686292204,1.0,-0.0,0,0
7,0.0,0.33960396039603963,0.22954074162013854,1.0,-0.0,0,0
8,0.0,0.29504950495049503,0.20410453428475442,1.0,-0.0,0,0
9,0.0,0.033663366336633666,0.07994704648786674,1.0,-0.0,0,0
10,0.0,0.033663366336633666,0.07994704648786674,1.0,-0.0,0,0
11,0.0,0.011881188118811881,0.047276579747775535,1.0,-0.0,0,0
12,0.0,0.011881188118811881,0.047276579747775535,1.0,-0.0,0,0
13,0.0,0.011881188118811881,0.047276579747775535,1.0,-0.0,0,0
14,0.2,0.023762376237623766,0.06471340450838889,0.0032311212459077425,2.490646745033819,0,0
15,0.2,0.023762376237623766,0.06471340450838889,0.0032311212459077425,2.490646745033819,0,0
16,0.2,0.023762376237623766,0.06471340450838889,0.0032311212459077425,2.490646745033819,0,0
17,0.2,0.05148514851485149,0.1001126705723924,0.0689738517569684,1.1613155207112393,0,0
18,0.2,0.05148514851485149,0.1001126705723924,0.0689738517569684,1.1613155207112393,0,0
19,0.0,0.10099009900990097,0.12781100644043505,1.0,-0.0,0,0
20,0.0,0.21188118811881188,0.196648718676233,1.0,-0.0,0,0
21,0.0,0.2435643564356436,0.20986362454640434,1.0,-0.0,0,0
22,0.0,0.34059405940594056,0.24299216375817076,1.0,-0.0,0,0
23,0.0,0.34059405940594056,0.24299216375817076,1.0,-0.0,0,0
24,0.0,0.26534653465346536,0.20702305011778419,1.0,-0.0,0,0
25,0.0,0.15643564356435644,0.1505211024869694,1.0,-0.0,0,0
26,0.0,0.12376237623762375,0.1401191253095801,1.0,-0.0,0,0
27,0.0,0.019801980198019802,0.059735061897023205,1.0,-0.0,0,0
28,0.0,0.041584158415841586,0.08590499787518362,1.0,-0.0,0,0
29,0.0,0.041584158415841586,0.08590499787518362,1.0,-0.0,0,0
30,0.0,0.041584158415841586,0.08590499787518362,1.0,-0.0,0,0
31,0.0,0.041584158415841586,0.08590499787518362,1.0,-0.0,0,0
32,0.0,0.021782178217821784,0.06230547612891991,1.0,-0.0,0,0
33,0.0,0.02772277227722773,0.07461957893630407,1.0,-0.0,0,0
34,0.0,0.02772277227722773,0.07461957893630407,1.0,-0.0,0,0
35,0.0,0.25346534653465347,0.21597779333759967,1.0,-0.0,0,0
36,0.0,0.28316831683168314,0.232536298425183,1.0,-0.0,0,0
37,0.0,0.29306930693069305,0.236416072958217,1.0,-0.0,0,0
38,0.0,0.2653465346534653,0.21453871471544186,1.0,-0.0,0,0
39,0.0,0.2653465346534653,0.21453871471544186,1.0,-0.0,0,0
40,0.0,0.039603960396039604,0.08452453849668534,1.0,-0.0,0,0
41,0.0,0.009900990099009901,0.04338396495090424,1.0,-0.0,0,0
42,0.0,0.0,0.0,1.0,-0.0,0,0
43,0.0,0.08316831683168317,0.12978985828256587,1.0,-0.0,0,0
44,0.0,0.08316831683168317,0.12978985828256587,1.0,-0.0,0,0
45,0.0,0.2693069306930693,0.21142729211943195,1.0,-0.0,0,0
46,0.0,0.37425742574257426,0.22978830780797876,1.0,-0.0,0,0
47,0.0,0.37425742574257426,0.22978830780797876,1.0,-0.0,0,0
48,0.0,0.2891089108910891,0.21336576232952045,1.0,-0.0,0,0
49,0.0,0.30693069306930687,0.2190245818938529,1.0,-0.0,0,0
50,0.0,0.12079207920792079,0.14372473118118065,1.0,-0.0,0,0
51,0.0,0.24356435643564353,0.21174234370025033,1.0,-0.0,0,0
52,0.0,0.2633663366336633,0.2196859920532065,1.0,-0.0,0,0
53,0.0,0.2633663366336633,0.2196859920532065,1.0,-0.0,0,0
54,0.0,0.2673267326732673,0.22563832923951074,1.0,-0.0,0,0
55,0.0,0.28316831683168314,0.2392518483041854,1.0,-0.0,0,0
56,0.0,0.05742574257425742,0.10656335878870264,1.0,-0.0,0,0
57,0.0,0.19999999999999996,0.2233852951718396,1.0,-0.0,0,0
58,0.0,0.19999999999999996,0.2233852951718396,1.0,-0.0,0,0
59,0.0,0.3960396039603961,0.26247896363769496,1.0,-0.0,0,0
60,0.0,0.4435643564356435,0.27661885046487095,1.0,-0.0,0,0
61,0.0,0.4435643564356435,0.27661885046487095,1.0,-0.0,0,0
62,0.0,0.3782178217821782,0.2546999634188281,1.0,-0.0,0,0
63,0.0,0.4396039603960395,0.282870438075085,1.0,-0.0,0,0
64,0.0,0.297029702970297,0.24794419906585197,1.0,-0.0,0,0
65,0.0,0.2495049504950495,0.22410383129972447,1.0,-0.0,0,0
66,0.0,0.5445544554455446,0.3493913371000275,1.0,-0.0,0,0
67,0.0,0.44950495049504957,0.29971067314871347,1.0,-0.0,0,0
68,0.0,0.38811881188118813,0.2696852322571599,1.0,-0.0,0,0
69,0.0,0.3108910891089109,0.2493162888797963,1.0,-0.0,0,0
70,0.0,0.31683168316831684,0.24739006236422048,1.0,-0.0,0,0
71,0.0,0.0297029702970297,0.07648795214189293,1.0,-0.0,0,0
72,0.0,0.13861386138613863,0.15856428688449584,1.0,-0.0,0,0
73,0.0,0.13861386138613863,0.15856428688449584,1.0,-0.0,0,0
74,0.0,0.17821782178217818,0.17777723316802727,1.0,-0.0,0,0
75,0.0,0.1564356435643564,0.16314716771521567,1.0,-0.0,0,0
76,0.0,0.14851485148514848,0.15834156674616875,1.0,-0.0,0,0
77,0.0,0.21584158415841584,0.2062069868822941,1.0,-0.0,0,0
78,0.0,0.24158415841584158,0.22570783126772284,1.0,-0.0,0,0
79,0.0,0.2831683168316832,0.2521469424370148,1.0,-0.0,0,0
80,0.0,0.2831683168316832,0.2521469424370148,1.0,-0.0,0,0
81,0.0,0.2831683168316832,0.2521469424370148,1.0,-0.0,0,0
82,0.0,0.10693069306930694,0.16060370373062668,1.0,-0.0,0,0
83,0.0,0.09702970297029706,0.15571962971356434,1.0,-0.0,0,0
84,0.0,0.019801980198019802,0.0597350618970232,1.0,-0.0,0,0
85,0.0,0.1564356435643564,0.16314716771521567,1.0,-0.0,0,0
86,0.0,0.42376237623762375,0.2703677418113619,1.0,-0.0,0,0
87,0.0,0.4455445544554456,0.26830039042097764,1.0,-0.0,0,0
88,0.0,0.4455445544554456,0.2668202021814095,1.0,-0.0,0,0
89,0.0,0.45346534653465354,0.27125099130562796,1.0,-0.0,0,0
90,0.0,0.3168316831683168,0.2359179698563197,1.0,-0.0,0,0
91,0.0,0.049504950495049514,0.09078727434730813,1.0,-0.0,0,0
92,0.0,0.02772277227722772,0.06910862719451544,1.0,-0.0,0,0
93,0.0,0.07920792079207921,0.10928827506175545,1.0,-0.0,0,0
94,0.0,0.17029702970297025,0.1674175159433525,1.0,-0.0,0,0
95,0.0,0.2178217821782178,0.1972062495766079,1.0,-0.0,0,0
96,0.0,0.23168316831683167,0.19646917631386082,1.0,-0.0,0,0
97,0.0,0.23168316831683167,0.19646917631386082,1.0,-0.0,0,0
98,0.0,0.16435643564356434,0.17664875840130073,1.0,-0.0,0,0
99,0.0,0.0613861386138614,0.09644194583672018,1.0,-0.0,0,0
100,0.0,0.17425742574257425,0.17272049494935865,1.0,-0.0,0,0
101,0.0,0.1603960396039604,0.1712384753198294,1.0,-0.0,0,0
102,0.0,0.1782178217821782,0.1799911771193242,1.0,-0.0,0,0
103,0.0,0.22178217821782173,0.19067569294591247,1.0,-0.0,0,0
104,0.0,0.22178217821782173,0.19067569294591247,1.0,-0.0,0,0
105,0.0,0.061386138613861385,0.09644194583672018,1.0,-0.0,0,0
106,0.0,0.07920792079207921,0.10560230990870005,1.0,-0.0,0,0
107,0.0,0.0712871287128713,0.10372911567294095,1.0,-0.0,0,0
108,0.0,0.11683168316831684,0.14696218071508493,1.0,-0.0,0,0
109,0.0,0.15049504950495052,0.17212921831366917,1.0,-0.0,0,0
110,0.0,0.15049504950495052,0.17212921831366917,1.0,-0.0,0,0
111,0.0,0.1306930693069307,0.16988206407546308,1.0,-0.0,0,0
112,0.0,0.12079207920792079,0.15689867556071532,1.0,-0.0,0,0
113,0.0,0.04554455445544555,0.09283729243351321,1.0,-0.0,0,0
114,0.0,0.013861386138613863,0.05079507064705211,1.0,-0.0,0,0
115,0.0,0.11683168316831682,0.14696218071508493,1.0,-0.0,0,0
116,0.0,0.11683168316831682,0.14696218071508493,1.0,-0.0,0,0
117,0.0,0.11683168316831682,0.14696218071508493,1.0,-0.0,0,0
118,0.0,0.10297029702970298,0.13084299831035082,1.0,-0.0,0,0
119,0.0,0.299009900990099,0.22972004033534676,1.0,-0.0,0,0
120,0.0,0.3108910891089109,0.23959577761986808,1.0,-0.0,0,0
121,0.0,0.3900990099009901,0.26903014314349943,1.0,-0.0,0,0
122,0.0,0.3920792079207921,0.27129435561668364,1.0,-0.0,0,0
123,0.0,0.40792079207920795,0.27707209210087325,1.0,-0.0,0,0
124,0.0,0.2871287128712871,0.25704465318311226,1.0,-0.0,0,0
125,0.0,0.17227722772277226,0.19504699199265746,1.0,-0.0,0,0
126,0.0,0.09306930693069305,0.1450554183905936,1.0,-0.0,0,0
127,0.0,0.11287128712871286,0.15264231556912292,1.0,-0.0,0,0
128,0.0,0.10693069306930691,0.13661931335176508,1.0,-0.0,0,0
129,0.0,0.04752475247524753,0.08965727859541997,1.0,-0.0,0,0
130,0.0,0.04752475247524753,0.08965727859541997,1.0,-0.0,0,0
131,0.0,0.04752475247524753,0.08965727859541997,1.0,-0.0,0,0
132,0.0,0.025742574257425748,0.0669763743575753,1.0,-0.0,0,0
133,0.0,0.015841584158415842,0.05401260078014202,1.0,-0.0,0,0
134,0.0,0.0,0.0,1.0,-0.0,0,0
135,0.0,0.0,0.0,1.0,-0.0,0,0
136,0.0,0.0,0.0,1.0,-0.0,0,0
137,0.0,0.0,0.0,1.0,-0.0,0,0
138,0.0,0.0,0.0,1.0,-0.0,0,0
139,0.0,0.0,0.0,1.0,-0.0,0,0
140,0.0,0.0,0.0,1.0,-0.0,0,0
141,0.0,0.0,0.0,1.0,-0.0,0,0
142,0.0,0.007920792079207921,0.04809884277818266,1.0,-0.0,0,0
143,0.0,0.007920792079207921,0.04809884277818266,1.0,-0.0,0,0
144,0.0,0.007920792079207921,0.04809884277818266,1.0,-0.0,0,0
145,0.0,0.007920792079207921,0.04809884277818266,1.0,-0.0,0,0
146,0.0,0.017821782178217824,0.0635517090529949,1.0,-0.0,0,0
147,0.0,0.04554455445544555,0.09700949476369022,1.0,-0.0,0,0
148,0.0,0.04554455445544555,0.09700949476369022,1.0,-0.0,0,0
149,0.0,0.04554455445544555,0.09700949476369022,1.0,-0.0,0,0
150,0.0,0.2455445544554456,0.2266959198885336,1.0,-0.0,0,0
151,0.0,0.2693069306930693,0.2411780387755259,1.0,-0.0,0,0
152,0.0,0.23366336633663368,0.2217291308553206,1.0,-0.0,0,0
153,0.0,0.23366336633663368,0.2217291308553206,1.0,-0.0,0,0
154,0.0,0.24752475247524752,0.2254122996485762,1.0,-0.0,0,0
155,0.0,0.04752475247524753,0.08512548617902843,1.0,-0.0,0,0
156,0.0,0.01386138613861386,0.05079507064705211,1.0,-0.0,0,0
157,0.0,0.01386138613861386,0.05079507064705211,1.0,-0.0,0,0
158,0.0,0.12079207920792079,0.1666898653919601,1.0,-0.0,0,0
159,0.0,0.10693069306930691,0.15811853289249214,1.0,-0.0,0,0
160,0.0,0.11683168316831682,0.16232793292609266,1.0,-0.0,0,0
161,0.0,0.11683168316831682,0.16232793292609266,1.0,-0.0,0,0
162,0.0,0.16633663366336632,0.18894036343566833,1.0,-0.0,0,0
163,0.0,0.06336633663366337,0.11233152161332939,1.0,-0.0,0,0
164,0.0,0.1584158415841584,0.17647108799335678,1.0,-0.0,0,0
165,0.0,0.22772277227722768,0.21439244661272866,1.0,-0.0,0,0
166,0.0,0.22772277227722768,0.21439244661272866,1.0,-0.0,0,0
167,0.0,0.3178217821782178,0.2339484751617057,1.0,-0.0,0,0
168,0.0,0.5366336633663367,0.29508272787901424,1.0,-0.0,0,0
169,0.0,0.44158415841584164,0.25995708965503417,1.0,-0.0,0,0
170,0.0,0.3623762376237625,0.24488893629259326,1.0,-0.0,0,0
171,0.0,0.3623762376237625,0.24488893629259326,1.0,-0.0,0,0
172,0.0,0.22376237623762374,0.1975836781507552,1.0,-0.0,0,0
173,0.0,0.0,0.0,1.0,-0.0,0,0
174,0.0,0.0,0.0,1.0,-0.0,0,0
175,0.0,0.0,0.0,1.0,-0.0,0,0
176,0.0,0.11881188118811879,0.14122019271030048,1.0,-0.0,0,0
177,0.0,0.21386138613861383,0.17633771771004508,1.0,-0.0,0,0
178,0.0,0.21386138613861383,0.17633771771004508,1.0,-0.0,0,0
179,0.0,0.22574257425742575,0.18166090995928263,1.0,-0.0,0,0
180,0.0,0.24356435643564353,0.18796241544687978,1.0,-0.0,0,0
181,0.0,0.28118811881188116,0.1973652548429774,1.0,-0.0,0,0
182,0.0,0.1881188118811881,0.17981680926331076,1.0,-0.0,0,0
183,0.0,0.22376237623762377,0.19758367815075523,1.0,-0.0,0,0
184,0.0,0.21188118811881188,0.18630706513012396,1.0,-0.0,0,0
185,0.0,0.21782178217821782,0.18900261384538627,1.0,-0.0,0,0
186,0.0,0.10495049504950495,0.1367053908443026,1.0,-0.0,0,0
187,0.0,0.10495049504950495,0.1367053908443026,1.0,-0.0,0,0
188,0.0,0.06930693069306931,0.11409790329416189,1.0,-0.0,0,0
189,0.0,0.06930693069306931,0.11409790329416189,1.0,-0.0,0,0
190,0.0,0.04554455445544555,0.09700949476369022,1.0,-0.0,0,0
191,0.0,0.0,0.0,1.0,-0.0,0,0
192,0.0,0.0,0.0,1.0,-0.0,0,0
193,0.0,0.1900990099009901,0.18535753542711383,1.0,-0.0,0,0
194,0.0,0.1900990099009901,0.18535753542711383,1.0,-0.0,0,0
195,0.0,0.1900990099009901,0.18535753542711383,1.0,-0.0,0,0
196,0.0,0.1900990099009901,0.18535753542711383,1.0,-0.0,0,0
197,0.0,0.33069306930693076,0.23620035724750013,1.0,-0.0,0,0
198,0.0,0.2851485148514851,0.2112603098961049,1.0,-0.0,0,0
199,0.0,0.2851485148514851,0.2112603098961049,1.0,-0.0,0,0
200,0.0,0.29504950495049503,0.2135861815642586,1.0,-0.0,0,0
201,0.0,0.29504950495049503,0.2135861815642586,1.0,-0.0,0,0
202,0.0,0.18019801980198016,0.17463954503246998,1.0,-0.0,0,0
203,0.0,0.04554455445544555,0.08846854615322249,1.0,-0.0,0,0
204,0.0,0.06534653465346535,0.10571364605971598,1.0,-0.0,0,0
205,0.0,0.05544554455445545,0.09384550979067555,1.0,-0.0,0,0
206,0.0,0.05544554455445545,0.09384550979067555,1.0,-0.0,0,0
207,0.0,0.2930693069306931,0.2190245818938529,1.0,-0.0,0,0
208,0.0,0.30594059405940593,0.22062996312683839,1.0,-0.0,0,0
209,0.0,0.29504950495049503,0.22087864040437144,1.0,-0.0,0,0
210,0.0,0.29504950495049503,0.22087864040437144,1.0,-0.0,0,0
211,0.0,0.29504950495049503,0.22087864040437144,1.0,-0.0,0,0
212,0.0,0.031683168316831684,0.07826167463512675,1.0,-0.0,0,0
213,0.0,0.009900990099009901,0.04338396495090424,1.0,-0.0,0,0
214,0.0,0.039603960396039604,0.07970143286137865,1.0,-0.0,0,0
215,0.0,0.08514851485148517,0.1172170185104851,1.0,-0.0,0,0
216,0.0,0.1188118811881188,0.14122019271030048,1.0,-0.0,0,0
217,0.0,0.1188118811881188,0.14122019271030048,1.0,-0.0,0,0
218,0.0,0.15247524752475247,0.15957496727054085,1.0,-0.0,0,0
219,0.2,0.1188118811881188,0.1669249379461988,0.31335065170694054,0.5039693977170538,0,0
220,0.2,0.07326732673267328,0.13707776871189528,0.17760490887982688,0.7505450347851276,0,0
221,0.2,0.039603960396039604,0.08452453849668534,0.028872622852877186,1.5395137620565469,0,0
222,0.2,0.039603960396039604,0.08452453849668534,0.028872622852877186,1.5395137620565469,0,0
223,0.2,0.007920792079207921,0.03900537743285588,4.2303541670263347e-07,6.373623271786567,0,0
224,0.0,0.0,0.0,1.0,-0.0,0,0
225,0.0,0.0,0.0,1.0,-0.0,0,0
226,0.0,0.0,0.0,1.0,-0.0,0,0
227,0.0,0.0039603960396039604,0.027863855998951068,1.0,-0.0,0,0
228,0.0,0.0039603960396039604,0.027863855998951068,1.0,-0.0,0,0
229,0.0,0.03762376237623762,0.08307396817189318,1.0,-0.0,0,0
230,0.0,0.03762376237623762,0.08307396817189318,1.0,-0.0,0,0
231,0.0,0.03762376237623762,0.08307396817189318,1.0,-0.0,0,0
232,0.0,0.033663366336633666,0.07994704648786674,1.0,-0.0,0,0
233,0.0,0.2554455445544554,0.23566852351385092,1.0,-0.0,0,0
234,0.0,0.22178217821782176,0.21782178217821777,1.0,-0.0,0,0
235,0.0,0.30099009900990104,0.24148675199090922,1.0,-0.0,0,0
236,0.0,0.30099009900990104,0.24148675199090922,1.0,-0.0,0,0
237,0.0,0.30099009900990104,0.24148675199090922,1.0,-0.0,0,0
238,0.0,0.07920792079207921,0.10928827506175547,1.0,-0.0,0,0
239,0.0,0.07920792079207921,0.10928827506175547,1.0,-0.0,0,0
240,0.0,0.007920792079207921,0.03900537743285587,1.0,-0.0,0,0
241,0.0,0.05346534653465347,0.11904268012030997,1.0,-0.0,0,0
242,0.0,0.05346534653465347,0.11904268012030997,1.0,-0.0,0,0
243,0.0,0.05346534653465347,0.11904268012030997,1.0,-0.0,0,0
244,0.0,0.05346534653465347,0.11904268012030997,1.0,-0.0,0,0
245,0.0,0.04554455445544555,0.10100951085035129,1.0,-0.0,0,0
246,0.0,0.0,0.0,1.0,-0.0,0,0
247,0.0,0.0,0.0,1.0,-0.0,0,0
248,0.0,0.0,0.0,1.0,-0.0,0,0
249,0.0,0.0,0.0,1.0,-0.0,0,0
250,0.0,0.0,0.0,1.0,-0.0,0,0
251,0.0,0.0,0.0,1.0,-0.0,0,0
252,0.0,0.0,0.0,1.0,-0.0,0,0
253,0.0,0.039603960396039604,0.08452453849668534,1.0,-0.0,0,0
254,0.0,0.039603960396039604,0.08452453849668534,1.0,-0.0,0,0
255,0.0,0.039603960396039604,0.08452453849668534,1.0,-0.0,0,0
256,0.0,0.039603960396039604,0.08452453849668534,1.0,-0.0,0,0
257,0.0,0.039603960396039604,0.08452453849668534,1.0,-0.0,0,0
258,0.0,0.0,0.0,1.0,-0.0,0,0
259,0.0,0.0,0.0,1.0,-0.0,0,0
260,0.0,0.0,0.0,1.0,-0.0,0,0
261,0.2,0.031683168316831684,0.08316831683168317,0.021494876961718305,1.6676650364739216,0,0
262,0.2,0.031683168316831684,0.08316831683168317,0.021494876961718305,1.6676650364739216,0,0
263,0.2,0.031683168316831684,0.08316831683168317,0.021494876961718305,1.6676650364739216,0,0
264,0.4,0.057425742574257435,0.10277971700879983,0.00042943261266422447,3.3671049767551833,0,0
265,0.4,0.057425742574257435,0.10277971700879983,0.00042943261266422447,3.3671049767551833,0,0
266,0.2,0.025742574257425748,0.07264925278354116,0.008228653963589683,2.084671200510097,0,0
267,0.2,0.025742574257425748,0.07264925278354116,0.008228653963589683,2.084671200510097,0,0
268,0.2,0.025742574257425748,0.07264925278354116,0.008228653963589683,2.084671200510097,0,0
269,0.0,0.0,0.0,1.0,-0.0,0,0
270,0.0,0.031683168316831684,0.07826167463512676,1.0,-0.0,0,0
271,0.0,0.031683168316831684,0.07826167463512676,1.0,-0.0,0,0
272,0.0,0.031683168316831684,0.07826167463512676,1.0,-0.0,0,0
273,0.0,0.031683168316831684,0.07826167463512676,1.0,-0.0,0,0
274,0.0,0.031683168316831684,0.07826167463512676,1.0,-0.0,0,0
275,0.0,0.0,0.0,1.0,-0.0,0,0
276,0.0,0.0,0.0,1.0,-0.0,0,0
277,0.0,0.0,0.0,1.0,-0.0,0,0
278,0.0,0.0,0.0,1.0,-0.0,0,0
279,0.0,0.0,0.0,1.0,-0.0,0,0
280,0.2,0.2495049504950495,0.2150863342093389,1.0,-0.0,0,0
281,0.2,0.42772277227722766,0.2655533404236073,1.0,-0.0,0,0
282,0.2,0.4613861386138614,0.30147173554516593,1.0,-0.0,0,0
283,0.2,0.4613861386138614,0.30147173554516593,1.0,-0.0,0,0
284,0.2,0.4613861386138614,0.30147173554516593,1.0,-0.0,0,0
285,0.0,0.21188118811881188,0.2006361806176688,1.0,-0.0,0,0
286,0.0,0.033663366336633666,0.07482947971362845,1.0,-0.0,0,0
287,0.0,0.0,0.0,1.0,-0.0,0,0
288,0.0,0.0,0.0,1.0,-0.0,0,0
289,0.0,0.0,0.0,1.0,-0.0,0,0
290,0.0,0.0039603960396039604,0.027863855998951068,1.0,-0.0,0,0
291,0.0,0.0039603960396039604,0.027863855998951068,1.0,-0.0,0,0
292,0.0,0.0039603960396039604,0.027863855998951068,1.0,-0.0,0,0
293,0.0,0.0039603960396039604,0.027863855998951068,1.0,-0.0,0,0
294,0.0,0.0039603960396039604,0.027863855998951068,1.0,-0.0,0,0
295,0.0,0.0059405940594059415,0.03395332316729158,1.0,-0.0,0,0
296,0.2,0.031683168316831684,0.08780118525701135,0.02761754819185322,1.5588148794870293,0,0
297,1.0,0.2099009900990099,0.17206086333646303,2.195365455246471e-06,5.658493173833799,0,0
298,2.2,0.2891089108910891,0.21521391159118455,1.0337225199660445e-17,16.98559602238328,0,0
299,6.2,0.6950495049504948,0.324075604680852,1e-17,17.0,0,0
300,6.2,0.6891089108910889,0.32024155180855973,1e-17,17.0,0,0
301,6.0,0.6633663366336634,0.31204301946284685,1e-17,17.0,0,0
302,5.2,0.48514851485148514,0.2833275187725928,1e-17,17.0,0,0
303,4.0,0.40594059405940597,0.24928483139574198,1e-17,17.0,0,0
304,0.0,0.0,0.0,1.0,-0.0,0,0
305,0.0,0.0,0.0,1.0,-0.0,0,0
306,0.0,0.0,0.0,1.0,-0.0,0,0
307,0.0,0.0,0.0,1.0,-0.0,0,0
308,0.0,0.015841584158415842,0.054012600780142014,1.0,-0.0,0,0
309,0.0,0.015841584158415842,0.054012600780142014,1.0,-0.0,0,0
310,3.4,0.3425742574257426,0.23094576734837932,1e-17,17.0,0,0
311,3.4,0.3425742574257426,0.23094576734837932,1e-17,17.0,0,0
312,3.4,0.3425742574257426,0.23094576734837932,1e-17,17.0,0,0
313,3.4,0.32673267326732675,0.21931084188452962,1e-17,17.0,0,0
314,3.4,0.32673267326732675,0.21931084188452962,1e-17,17.0,0,0
315,0.0,0.0,0.0,1.0,-0.0,0,0
316,0.0,0.0,0.0,1.0,-0.0,0,0
317,0.0,0.0,0.0,1.0,-0.0,0,0
318,0.0,0.06534653465346535,0.10571364605971598,1.0,-0.0,0,0
319,0.0,0.06534653465346535,0.10571364605971598,1.0,-0.0,0,0
320,0.0,0.11287128712871287,0.14464936528910635,1.0,-0.0,0,0
321,0.4,0.16633663366336632,0.18894036343566833,0.10809843454889446,0.9661805953316075,0,0
322,0.4,0.16633663366336632,0.18894036343566833,0.10809843454889446,0.9661805953316075,0,0
323,0.4,0.13267326732673265,0.16477341831853246,0.052359943232193576,1.2810008329761031,0,0
324,0.4,0.13267326732673265,0.16477341831853246,0.052359943232193576,1.2810008329761031,0,0
325,0.4,0.18811881188118812,0.21027428043498275,0.15681318870595662,0.8046174139644163,0,0
326,0.0,0.21188118811881188,0.19051110448801098,1.0,-0.0,0,0
327,0.2,0.2435643564356436,0.2079679343067901,1.0,-0.0,0,0
328,0.2,0.20990099009900992,0.19371559764587087,1.0,-0.0,0,0
329,0.2,0.22376237623762382,0.18939639130642918,1.0,-0.0,0,0
330,0.2,0.2059405940594059,0.19590954781832295,1.0,-0.0,0,0
331,0.2,0.1801980198019802,0.18775368421597713,0.4580022839268249,0.3391323562879562,0,0
332,0.0,0.17227722772277226,0.1665722047113908,1.0,-0.0,0,0
333,0.0,0.2693069306930693,0.20954574833442652,1.0,-0.0,0,0
334,0.0,0.2554455445544554,0.20704199006111254,1.0,-0.0,0,0
335,0.0,0.1900990099009901,0.1697435167662324,1.0,-0.0,0,0
336,0.0,0.20990099009900992,0.18748198619476633,1.0,-0.0,0,0
337,0.0,0.18613861386138614,0.17633771771004503,1.0,-0.0,0,0
338,0.0,0.16237623762376235,0.16818865241652334,1.0,-0.0,0,0
339,0.0,0.16237623762376235,0.16818865241652334,1.0,-0.0,0,0
340,0.0,0.14455445544554454,0.16196518848854283,1.0,-0.0,0,0
341,0.0,0.07326732673267328,0.12811743461086583,1.0,-0.0,0,0
342,0.0,0.07326732673267328,0.12811743461086583,1.0,-0.0,0,0
343,0.0,0.0,0.0,1.0,-0.0,0,0
344,0.0,0.0,0.0,1.0,-0.0,0,0
345,0.0,0.0,0.0,1.0,-0.0,0,0
346,0.0,0.0,0.0,1.0,-0.0,0,0
347,0.0,0.0,0.0,1.0,-0.0,0,0
348,0.0,0.0,0.0,1.0,-0.0,0,0
349,0.0,0.0,0.0,1.0,-0.0,0,0
350,0.0,0.10297029702970298,0.1505471509603819,1.0,-0.0,0,0
351,0.0,0.14455445544554454,0.1667839341722421,1.0,-0.0,0,0
352,0.0,0.14455445544554454,0.1667839341722421,1.0,-0.0,0,0
353,0.0,0.1762376237623762,0.18939639130642924,1.0,-0.0,0,0
354,0.0,0.1762376237623762,0.18939639130642924,1.0,-0.0,0,0
355,0.0,0.11683168316831682,0.16232793292609263,1.0,-0.0,0,0
356,0.0,0.0910891089108911,0.14494724878689189,1.0,-0.0,0,0
357,0.0,0.0910891089108911,0.14494724878689189,1.0,-0.0,0,0
358,0.0,0.0594059405940594,0.11096178792967841,1.0,-0.0,0,0
359,0.0,0.0594059405940594,0.11096178792967841,1.0,-0.0,0,0
360,0.0,0.013861386138613863,0.05807080514303042,1.0,-0.0,0,0
361,0.0,0.0,0.0,1.0,-0.0,0,0
362,0.0,0.0,0.0,1.0,-0.0,0,0
363,0.0,0.0,0.0,1.0,-0.0,0,0
364,0.0,0.015841584158415842,0.054012600780142014,1.0,-0.0,0,0
365,0.0,0.03564356435643565,0.07653920035678292,1.0,-0.0,0,0
366,0.2,0.061386138613861385,0.10433219700847123,0.09199298471617674,1.0362452902111776,0,0
367,0.2,0.061386138613861385,0.10433219700847123,0.09199298471617674,1.0362452902111776,0,0
368,0.2,0.08118811881188118,0.1264228887090089,0.17366078882092117,0.7602982306092326,0,0
369,0.4,0.097029702970297,0.12464241569787099,0.007534513364808576,2.1229447924274174,0,0
370,0.4,0.07722772277227724,0.11930590361498672,0.0034109297447418876,2.467127225706981,0,0
371,0.2,0.051485148514851496,0.10773441987117183,0.08402025455510521,1.0756160070195209,0,0
372,0.2,0.08118811881188118,0.11999411807954947,0.1610510040644479,0.7930365632485749,0,0
373,0.2,0.0613861386138614,0.10433219700847123,0.09199298471617674,1.0362452902111776,0,0
374,0.0,0.02970297029702971,0.07112192077650682,1.0,-0.0,0,0
375,0.0,0.02970297029702971,0.07112192077650682,1.0,-0.0,0,0
376,0.0,0.02970297029702971,0.07112192077650682,1.0,-0.0,0,0
377,0.0,0.0,0.0,1.0,-0.0,0,0
378,0.0,0.011881188118811881,0.047276579747775535,1.0,-0.0,0,0
379,0.0,0.051485148514851496,0.10773441987117183,1.0,-0.0,0,0
380,0.0,0.07920792079207921,0.1322440226302099,1.0,-0.0,0,0
381,0.0,0.10099009900990098,0.14521752172118102,1.0,-0.0,0,0
382,0.0,0.16831683168316827,0.1903257723422778,1.0,-0.0,0,0
383,0.0,0.1564356435643564,0.18153135265530043,1.0,-0.0,0,0
384,0.0,0.11485148514851483,0.15503825054307632,1.0,-0.0,0,0
385,0.0,0.08712871287128712,0.15002532217723416,1.0,-0.0,0,0
386,0.0,0.06534653465346535,0.13233294611171187,1.0,-0.0,0,0
387,0.2,0.05742574257425742,0.10277971700879983,0.08269301175340939,1.0825311903890302,0,0
388,0.2,0.1287128712871287,0.14781352559621008,0.3148044356469312,0.5019591569882769,0,0
389,0.2,0.18613861386138614,0.1829514370289283,0.4698028776885983,0.3280843273616244,0,0
390,0.2,0.18613861386138614,0.1829514370289283,0.4698028776885983,0.3280843273616244,0,0
391,0.2,0.18613861386138614,0.1829514370289283,0.4698028776885983,0.3280843273616244,0,0
392,0.0,0.2891089108910892,0.22946385642567882,1.0,-0.0,0,0
393,0.0,0.2831683168316832,0.23082688508352958,1.0,-0.0,0,0
394,0.0,0.22574257425742572,0.20229057883757837,1.0,-0.0,0,0
395,0.0,0.26732673267326734,0.22030982274568575,1.0,-0.0,0,0
396,0.0,0.26732673267326734,0.22030982274568575,1.0,-0.0,0,0
397,0.0,0.1861386138613861,0.1955088324308512,1.0,-0.0,0,0
398,0.0,0.12079207920792079,0.1517663861889879,1.0,-0.0,0,0
399,0.0,0.12079207920792079,0.1517663861889879,1.0,-0.0,0,0
400,0.0,0.0792079207920792,0.12293186689242579,1.0,-0.0,0,0
401,0.0,0.0792079207920792,0.12293186689242579,1.0,-0.0,0,0
402,0.0,0.0,0.0,1.0,-0.0,0,0
403,0.0,0.0,0.0,1.0,-0.0,0,0
404,0.0,0.09504950495049505,0.12457948087149173,1.0,-0.0,0,0
405,0.0,0.09504950495049505,0.12457948087149173,1.0,-0.0,0,0
406,0.0,0.09504950495049505,0.12457948087149173,1.0,-0.0,0,0
407,0.0,0.09504950495049505,0.12457948087149173,1.0,-0.0,0,0
408,0.0,0.09504950495049505,0.12457948087149173,1.0,-0.0,0,0
409,0.0,0.0,0.0,1.0,-0.0,0,0
410,0.0,0.031683168316831684,0.0730260947112308,1.0,-0.0,0,0
411,0.0,0.031683168316831684,0.0730260947112308,1.0,-0.0,0,0
412,0.0,0.031683168316831684,0.0730260947112308,1.0,-0.0,0,0
413,0.0,0.05544554455445545,0.08952597667688963,1.0,-0.0,0,0
