,foreground,bg_means,bg_stdev,pvals,minus_logs,regs,active
2,0.0,0.0,0.0,1.0,-0.0,0,0
3,0.0,0.0,0.0,1.0,-0.0,0,0
4,0.0,0.015841584158415842,0.05401260078014202,1.0,-0.0,0,0
5,0.0,0.015841584158415842,0.05401260078014202,1.0,-0.0,0,0
6,0.0,0.015841584158415842,0.05401260078014202,1.0,-0.0,0,0
7,0.0,0.015841584158415842,0.05401260078014202,1.0,-0.0,0,0
8,0.0,0.015841584158415842,0.05401260078014202,1.0,-0.0,0,0
9,0.0,0.0,0.0,1.0,-0.0,0,0
10,0.0,0.0,0.0,1.0,-0.0,0,0
11,0.0,0.0,0.0,1.0,-0.0,0,0
12,0.0,0.0,0.0,1.0,-0.0,0,0
13,0.0,0.0,0.0,1.0,-0.0,0,0
14,0.0,0.0,0.0,1.0,-0.0,0,0
15,0.0,0.0,0.0,1.0,-0.0,0,0
16,0.0,0.0039603960396039604,0.027863855998951068,1.0,-0.0,0,0
17,0.0,0.0039603960396039604,0.027863855998951068,1.0,-0.0,0,0
18,0.0,0.015841584158415842,0.054012600780142014,1.0,-0.0,0,0
19,0.0,0.027722772277227727,0.08457091684777278,1.0,-0.0,0,0
20,0.0,0.047524752475247525,0.11309687375282088,1.0,-0.0,0,0
21,0.0,0.04356435643564357,0.11117361463459963,1.0,-0.0,0,0
22,0.0,0.11881188118811879,0.15460769343321298,1.0,-0.0,0,0
23,0.0,0.1069306930693069,0.1450554183905936,1.0,-0.0,0,0
24,0.0,0.15643564356435644,0.16793200037318168,1.0,-0.0,0,0
25,0.0,0.5386138613861386,0.3118041709085701,1.0,-0.0,0,0
26,0.0,0.5881188118811881,0.3267866742053481,1.0,-0.0,0,0
27,0.0,0.5287128712871287,0.32037621253317516,1.0,-0.0,0,0
28,0.0,0.5287128712871287,0.32037621253317516,1.0,-0.0,0,0
29,0.0,0.4693069306930694,0.3010682545742103,1.0,-0.0,0,0
30,0.0,0.06732673267326733,0.11698261772468857,1.0,-0.0,0,0
31,0.0,0.017821782178217824,0.05698017651460656,1.0,-0.0,0,0
32,0.0,0.0,0.0,1.0,-0.0,0,0
33,0.0,0.05544554455445545,0.10575073206193021,1.0,-0.0,0,0
34,0.0,0.09108910891089109,0.13937555924568534,1.0,-0.0,0,0
35,0.0,0.15247524752475247,0.17832779885020877,1.0,-0.0,0,0
36,0.0,0.25346534653465347,0.2085140052449613,1.0,-0.0,0,0
37,0.0,0.2693069306930693,0.2223824972889736,1.0,-0.0,0,0
38,0.0,0.21386138613861383,0.19951907671778216,1.0,-0.0,0,0
39,0.0,0.18217821782178217,0.18900261384538627,1.0,-0.0,0,0
40,0.0,0.12673267326732673,0.17055012277334236,1.0,-0.0,0,0
41,0.0,0.025742574257425748,0.06697637435757531,1.0,-0.0,0,0
42,0.0,0.009900990099009901,0.04338396495090424,1.0,-0.0,0,0
43,0.0,0.019801980198019806,0.0717804711302648,1.0,-0.0,0,0
44,0.0,0.039603960396039604,0.0890869059738772,1.0,-0.0,0,0
45,0.0,0.039603960396039604,0.08452453849668534,1.0,-0.0,0,0
46,0.0,0.04950495049504951,0.09078727434730813,1.0,-0.0,0,0
47,0.0,0.0891089108910891,0.12420120222231065,1.0,-0.0,0,0
48,0.0,0.19603960396039605,0.1823503276549915,1.0,-0.0,0,0
49,0.0,0.20396039603960395,0.19494644711665693,1.0,-0.0,0,0
50,0.0,0.4415841584158416,0.3309952967667629,1.0,-0.0,0,0
51,0.2,0.6277227722772278,0.36481890580927795,1.0,-0.0,0,0
52,0.2,0.8435643564356433,0.40158493955828495,1.0,-0.0,0,0
53,0.2,0.8099009900990097,0.35752309362370877,1.0,-0.0,0,0
54,0.2,0.8594059405940593,0.3686148054761155,1.0,-0.0,0,0
55,0.2,0.6475247524752474,0.30331307859164386,1.0,-0.0,0,0
56,0.0,0.7346534653465346,0.30456449789671886,1.0,-0.0,0,0
57,0.0,0.4970297029702971,0.2664231152611506,1.0,-0.0,0,0
58,0.0,0.5257425742574257,0.2767038898224565,1.0,-0.0,0,0
59,0.0,0.4435643564356436,0.23480172447970912,1.0,-0.0,0,0
60,0.0,0.4118811881188118,0.21948956479079762,1.0,-0.0,0,0
61,0.0,0.13663366336633662,0.13767717461995008,1.0,-0.0,0,0
62,0.0,0.11485148514851483,0.130031327995105,1.0,-0.0,0,0
63,0.0,0.0059405940594059415,0.03395332316729158,1.0,-0.0,0,0
64,0.0,0.0059405940594059415,0.03395332316729158,1.0,-0.0,0,0
65,0.0,0.009900990099009901,0.04338396495090425,1.0,-0.0,0,0
66,0.0,0.0039603960396039604,0.02786385599895107,1.0,-0.0,0,0
67,0.0,0.0039603960396039604,0.02786385599895107,1.0,-0.0,0,0
68,0.0,0.0039603960396039604,0.02786385599895107,1.0,-0.0,0,0
69,0.0,0.0039603960396039604,0.02786385599895107,1.0,-0.0,0,0
70,0.0,0.0,0.0,1.0,-0.0,0,0
71,0.0,0.0,0.0,1.0,-0.0,0,0
72,0.0,0.0,0.0,1.0,-0.0,0,0
73,0.0,0.0,0.0,1.0,-0.0,0,0
74,0.0,0.0,0.0,1.0,-0.0,0,0
75,0.0,0.0,0.0,1.0,-0.0,0,0
76,0.0,0.011881188118811881,0.05501958015623685,1.0,-0.0,0,0
77,0.0,0.011881188118811881,0.05501958015623685,1.0,-0.0,0,0
78,0.0,0.04356435643564357,0.10380469245212799,1.0,-0.0,0,0
79,0.0,0.12277227722772277,0.1640340390410514,1.0,-0.0,0,0
80,0.0,0.22970297029702966,0.21133454050622988,1.0,-0.0,0,0
81,0.0,0.3485148514851486,0.25741050983111124,1.0,-0.0,0,0
82,0.0,0.3821782178217822,0.27300891785527265,1.0,-0.0,0,0
83,0.0,0.5495049504950495,0.3382025177978418,1.0,-0.0,0,0
84,0.0,0.7247524752475246,0.3774342616930977,1.0,-0.0,0,0
85,0.0,0.6435643564356436,0.34766999306248875,1.0,-0.0,0,0
86,0.0,0.5346534653465347,0.3109982788034114,1.0,-0.0,0,0
87,0.0,0.49900990099009906,0.299998366168802,1.0,-0.0,0,0
88,0.0,0.299009900990099,0.23818415768324583,1.0,-0.0,0,0
89,0.0,0.04356435643564357,0.09587103712404124,1.0,-0.0,0,0
90,0.0,0.019801980198019802,0.0597350618970232,1.0,-0.0,0,0
91,0.0,0.0,0.0,1.0,-0.0,0,0
92,0.0,0.0,0.0,1.0,-0.0,0,0
93,0.0,0.0,0.0,1.0,-0.0,0,0
94,0.0,0.01386138613861386,0.05079507064705211,1.0,-0.0,0,0
95,0.0,0.03168316831683169,0.07826167463512676,1.0,-0.0,0,0
96,0.0,0.03762376237623763,0.08771182015980238,1.0,-0.0,0,0
97,0.0,0.03762376237623763,0.08771182015980238,1.0,-0.0,0,0
98,0.0,0.13168316831683166,0.1622433650990839,1.0,-0.0,0,0
99,0.0,0.11683168316831682,0.15225649732072147,1.0,-0.0,0,0
100,0.0,0.09900990099009899,0.1308729634998678,1.0,-0.0,0,0
101,0.0,0.09306930693069304,0.12126186845461277,1.0,-0.0,0,0
102,0.0,0.23762376237623759,0.18607540532013475,1.0,-0.0,0,0
103,0.0,0.14455445544554454,0.15699861103298854,1.0,-0.0,0,0
104,0.0,0.15247524752475244,0.15957496727054085,1.0,-0.0,0,0
105,0.0,0.15247524752475244,0.15957496727054085,1.0,-0.0,0,0
106,0.0,0.1564356435643564,0.160701335170483,1.0,-0.0,0,0
107,0.0,0.011881188118811883,0.047276579747775535,1.0,-0.0,0,0
108,0.0,0.011881188118811883,0.047276579747775535,1.0,-0.0,0,0
109,0.0,0.01782178217821782,0.05698017651460657,1.0,-0.0,0,0
110,0.0,0.02970297029702971,0.08150144802873932,1.0,-0.0,0,0
111,0.0,0.025742574257425748,0.07264925278354116,1.0,-0.0,0,0
112,0.0,0.025742574257425748,0.07264925278354116,1.0,-0.0,0,0
113,0.0,0.025742574257425748,0.07264925278354116,1.0,-0.0,0,0
114,0.0,0.011881188118811883,0.047276579747775535,1.0,-0.0,0,0
115,0.0,0.0,0.0,1.0,-0.0,0,0
116,0.0,0.0,0.0,1.0,-0.0,0,0
117,0.0,0.0,0.0,1.0,-0.0,0,0
118,0.0,0.0,0.0,1.0,-0.0,0,0
119,0.0,0.0,0.0,1.0,-0.0,0,0
120,0.0,0.0,0.0,1.0,-0.0,0,0
121,0.0,0.0,0.0,1.0,-0.0,0,0
122,0.0,0.0,0.0,1.0,-0.0,0,0
123,0.0,0.0,0.0,1.0,-0.0,0,0
124,0.0,0.0,0.0,1.0,-0.0,0,0
125,0.0,0.0,0.0,1.0,-0.0,0,0
126,0.0,0.0059405940594059415,0.03395332316729158,1.0,-0.0,0,0
127,0.0,0.015841584158415842,0.054012600780142014,1.0,-0.0,0,0
128,0.0,0.015841584158415842,0.054012600780142014,1.0,-0.0,0,0
129,0.0,0.021782178217821784,0.06230547612891991,1.0,-0.0,0,0
130,0.0,0.021782178217821784,0.06230547612891991,1.0,-0.0,0,0
131,0.0,0.0297029702970297,0.07112192077650681,1.0,-0.0,0,0
132,0.0,0.2475247524752475,0.24397453990117127,1.0,-0.0,0,0
133,0.0,0.28316831683168314,0.2614011396835523,1.0,-0.0,0,0
134,0.0,0.3940594059405942,0.2720737313354881,1.0,-0.0,0,0
135,0.0,0.4950495049504951,0.3064896223991423,1.0,-0.0,0,0
136,0.2,0.4930693069306931,0.2999199318044386,1.0,-0.0,0,0
137,0.2,0.26534653465346536,0.20892731388689076,1.0,-0.0,0,0
138,0.2,0.25346534653465347,0.2159777933375997,1.0,-0.0,0,0
139,0.2,0.1386138613861386,0.16588812705842176,0.35567433101614243,0.44894747667620205,0,0
140,0.2,0.03564356435643565,0.07653920035678292,0.015882722457572503,1.7990750531077893,0,0
141,0.0,0.023762376237623766,0.06471340450838887,1.0,-0.0,0,0
142,0.0,0.06930693069306931,0.11057238501634628,1.0,-0.0,0,0
143,0.0,0.05544554455445545,0.10575073206193021,1.0,-0.0,0,0
144,0.0,0.05544554455445545,0.10575073206193021,1.0,-0.0,0,0
145,0.0,0.06930693069306931,0.11057238501634631,1.0,-0.0,0,0
146,0.0,0.11485148514851484,0.13598641357140115,1.0,-0.0,0,0
147,0.0,0.06930693069306931,0.11057238501634631,1.0,-0.0,0,0
148,0.0,0.0594059405940594,0.10357779667819421,1.0,-0.0,0,0
149,0.0,0.6316831683168317,0.35234172573922107,1.0,-0.0,0,0
150,0.0,0.6514851485148515,0.3589351306256538,1.0,-0.0,0,0
151,0.0,0.6079207920792079,0.3411347308867779,1.0,-0.0,0,0
152,0.0,0.6217821782178218,0.3468682976577823,1.0,-0.0,0,0
153,0.0,0.6732673267326734,0.3655705127927398,1.0,-0.0,0,0
154,0.0,0.11485148514851484,0.15246238855382305,1.0,-0.0,0,0
155,0.0,0.08118811881188118,0.12951766673875514,1.0,-0.0,0,0
156,0.0,0.11287128712871286,0.15521519162190436,1.0,-0.0,0,0
157,0.0,0.10495049504950493,0.14513649268759363,1.0,-0.0,0,0
158,0.0,0.05346534653465347,0.10104832334394512,1.0,-0.0,0,0
159,0.0,0.039603960396039604,0.0890869059738772,1.0,-0.0,0,0
160,0.0,0.039603960396039604,0.0890869059738772,1.0,-0.0,0,0
161,0.0,0.16831683168316827,0.1585395556534503,1.0,-0.0,0,0
162,0.0,0.38613861386138615,0.256800459181253,1.0,-0.0,0,0
163,0.0,0.42376237623762386,0.27616486496992776,1.0,-0.0,0,0
164,0.0,0.42376237623762386,0.27616486496992776,1.0,-0.0,0,0
165,0.0,0.4554455445544555,0.28992154880302884,1.0,-0.0,0,0
166,0.0,0.39999999999999997,0.2978470602291195,1.0,-0.0,0,0
167,0.0,0.1762376237623762,0.18083881278147923,1.0,-0.0,0,0
168,0.0,0.2891089108910891,0.22422627808083098,1.0,-0.0,0,0
169,0.0,0.43564356435643564,0.2748840109724199,1.0,-0.0,0,0
170,0.0,0.5603960396039604,0.30574667826722823,1.0,-0.0,0,0
171,0.4,0.5881188118811882,0.32190249083613687,1.0,-0.0,0,0
172,0.4,0.6851485148514849,0.36840199164538917,1.0,-0.0,0,0
173,0.4,0.6950495049504951,0.3946112857689077,1.0,-0.0,0,0
174,0.6,1.2910891089108911,0.5030794299627855,1.0,-0.0,0,0
175,0.6,1.2831683168316832,0.4965363809531364,1.0,-0.0,0,0
176,0.2,1.4356435643564356,0.5452920297474623,1.0,-0.0,0,0
177,0.2,1.6257425742574254,0.5640471620872848,1.0,-0.0,0,0
178,0.2,1.5980198019801983,0.563226243696154,1.0,-0.0,0,0
179,0.0,1.103960396039604,0.45683387193851793,1.0,-0.0,0,0
180,0.0,1.1643564356435643,0.4653507478216689,1.0,-0.0,0,0
181,0.0,1.0594059405940592,0.3985563596856754,1.0,-0.0,0,0
182,0.0,0.893069306930693,0.4035136337502017,1.0,-0.0,0,0
183,0.0,1.1643564356435645,0.446234888734542,1.0,-0.0,0,0
184,0.0,1.3386138613861387,0.5087297901753174,1.0,-0.0,0,0
185,0.0,1.201980198019802,0.5093152456091039,1.0,-0.0,0,0
186,0.0,1.0198019801980198,0.46883462050302716,1.0,-0.0,0,0
187,0.0,0.8970297029702969,0.4383712982818761,1.0,-0.0,0,0
188,0.0,0.4930693069306932,0.3038555629198541,1.0,-0.0,0,0
189,0.0,0.07326732673267328,0.11848138852793338,1.0,-0.0,0,0
190,0.0,0.0,0.0,1.0,-0.0,0,0
191,0.0,0.2871287128712871,0.25704465318311226,1.0,-0.0,0,0
192,0.0,0.7148514851485149,0.41871707374351114,1.0,-0.0,0,0
193,0.0,0.8554455445544555,0.4433167625807753,1.0,-0.0,0,0
194,0.0,0.8554455445544555,0.4433167625807753,1.0,-0.0,0,0
195,0.0,1.1445544554455447,0.48430316328235723,1.0,-0.0,0,0
196,0.0,0.9287128712871289,0.42736508696558523,1.0,-0.0,0,0
197,0.0,0.6613861386138613,0.315591632683351,1.0,-0.0,0,0
198,0.0,0.6336633663366337,0.2758523165376046,1.0,-0.0,0,0
199,0.0,0.8811881188118811,0.35619353713738455,1.0,-0.0,0,0
200,0.0,0.5940594059405941,0.3263424011794482,1.0,-0.0,0,0
201,0.0,0.5207920792079209,0.30968423128337974,1.0,-0.0,0,0
202,0.0,0.36039603960396044,0.2670258666302982,1.0,-0.0,0,0
203,0.0,0.24752475247524755,0.22364844203557224,1.0,-0.0,0,0
204,0.0,0.0039603960396039604,0.02786385599895106,1.0,-0.0,0,0
205,0.0,0.007920792079207921,0.03900537743285587,1.0,-0.0,0,0
206,0.0,0.009900990099009901,0.04338396495090424,1.0,-0.0,0,0
207,0.0,0.009900990099009901,0.04338396495090424,1.0,-0.0,0,0
208,0.0,0.009900990099009901,0.04338396495090424,1.0,-0.0,0,0
209,0.0,0.01386138613861386,0.05079507064705211,1.0,-0.0,0,0
210,0.0,0.009900990099009901,0.04338396495090425,1.0,-0.0,0,0
211,0.0,0.007920792079207921,0.03900537743285587,1.0,-0.0,0,0
212,0.0,0.015841584158415842,0.05401260078014202,1.0,-0.0,0,0
213,0.0,0.015841584158415842,0.05401260078014202,1.0,-0.0,0,0
214,0.0,0.009900990099009901,0.04338396495090425,1.0,-0.0,0,0
215,0.0,0.009900990099009901,0.04338396495090425,1.0,-0.0,0,0
216,0.0,0.009900990099009901,0.04338396495090425,1.0,-0.0,0,0
217,0.0,0.0019801980198019802,0.0198019801980198,1.0,-0.0,0,0
218,0.0,0.0019801980198019802,0.0198019801980198,1.0,-0.0,0,0
219,0.0,0.0,0.0,1.0,-0.0,0,0
220,0.0,0.0,0.0,1.0,-0.0,0,0
221,0.0,0.0,0.0,1.0,-0.0,0,0
222,0.0,0.0,0.0,1.0,-0.0,0,0
223,0.0,0.0,0.0,1.0,-0.0,0,0
224,0.0,0.0,0.0,1.0,-0.0,0,0
225,0.0,0.0,0.0,1.0,-0.0,0,0
226,0.0,0.0,0.0,1.0,-0.0,0,0
227,0.0,0.0,0.0,1.0,-0.0,0,0
228,0.0,0.0,0.0,1.0,-0.0,0,0
229,0.0,0.0,0.0,1.0,-0.0,0,0
230,0.0,0.0,0.0,1.0,-0.0,0,0
231,0.0,0.0019801980198019802,0.0198019801980198,1.0,-0.0,0,0
232,0.0,0.07326732673267328,0.12177815335858849,1.0,-0.0,0,0
233,0.0,0.07722772277227724,0.1257698574906964,1.0,-0.0,0,0
234,0.0,0.16435643564356436,0.15769638607575878,1.0,-0.0,0,0
235,0.0,0.35445544554455444,0.23861180722997338,1.0,-0.0,0,0
236,0.0,0.4217821782178218,0.27272150971385056,1.0,-0.0,0,0
237,0.0,0.4336633663366337,0.31725219618579065,1.0,-0.0,0,0
238,0.0,0.6257425742574257,0.3740740291393423,1.0,-0.0,0,0
239,0.0,0.6673267326732674,0.37892733201595596,1.0,-0.0,0,0
240,0.0,0.8118811881188119,0.4191663411192521,1.0,-0.0,0,0
241,0.0,0.7742574257425743,0.40361079805456695,1.0,-0.0,0,0
242,0.0,0.689108910891089,0.3674641465905305,1.0,-0.0,0,0
243,0.0,0.6099009900990099,0.3800742372755668,1.0,-0.0,0,0
244,0.0,0.5544554455445545,0.3219755702174944,1.0,-0.0,0,0
245,0.0,0.3405940594059407,0.21163120257963716,1.0,-0.0,0,0
246,0.0,0.4732673267326733,0.2544226969718657,1.0,-0.0,0,0
247,0.0,0.4732673267326733,0.2544226969718657,1.0,-0.0,0,0
248,0.0,0.36831683168316837,0.2229108479916085,1.0,-0.0,0,0
249,0.0,0.29504950495049503,0.20603577389258712,1.0,-0.0,0,0
250,0.0,0.18811881188118812,0.16123725137284975,1.0,-0.0,0,0
251,0.0,0.021782178217821784,0.06230547612891991,1.0,-0.0,0,0
252,0.0,0.04356435643564357,0.0916470215081674,1.0,-0.0,0,0
253,0.0,0.19801980198019797,0.2019607833806434,1.0,-0.0,0,0
254,0.0,0.3603960396039604,0.2388417629039937,1.0,-0.0,0,0
255,0.0,0.41782178217821786,0.2787511184913707,1.0,-0.0,0,0
256,0.0,0.5168316831683167,0.30084676107553854,1.0,-0.0,0,0
257,0.0,0.5128712871287129,0.30366192976962486,1.0,-0.0,0,0
258,0.0,0.3485148514851486,0.2781173843584821,1.0,-0.0,0,0
259,0.0,0.1881188118811881,0.18200594523684843,1.0,-0.0,0,0
260,0.0,0.11683168316831682,0.13864214704328154,1.0,-0.0,0,0
261,0.0,0.017821782178217824,0.05698017651460657,1.0,-0.0,0,0
262,0.0,0.0,0.0,1.0,-0.0,0,0
263,0.0,0.0,0.0,1.0,-0.0,0,0
264,0.0,0.0,0.0,1.0,-0.0,0,0
265,0.0,0.4514851485148515,0.29336351301675606,1.0,-0.0,0,0
266,0.0,0.7683168316831684,0.4209679306403109,1.0,-0.0,0,0
267,0.0,0.9089108910891088,0.4594656840634339,1.0,-0.0,0,0
268,0.0,0.9089108910891088,0.4594656840634339,1.0,-0.0,0,0
269,0.0,0.9148514851485148,0.45585001411547793,1.0,-0.0,0,0
270,0.0,0.4633663366336634,0.3195673970276308,1.0,-0.0,0,0
271,0.0,0.14851485148514848,0.16567525277902487,1.0,-0.0,0,0
272,0.0,0.0059405940594059415,0.03395332316729158,1.0,-0.0,0,0
273,0.0,0.0059405940594059415,0.03395332316729158,1.0,-0.0,0,0
274,0.0,0.011881188118811881,0.04727657974777554,1.0,-0.0,0,0
275,0.0,0.033663366336633666,0.08475617647141663,1.0,-0.0,0,0
276,0.0,0.47326732673267324,0.3385733285913817,1.0,-0.0,0,0
277,0.0,0.5564356435643565,0.3665239018273221,1.0,-0.0,0,0
278,0.0,0.7108910891089109,0.41312644963248546,1.0,-0.0,0,0
279,0.0,0.6990099009900991,0.4084491435567806,1.0,-0.0,0,0
280,0.0,0.691089108910891,0.4083531304989775,1.0,-0.0,0,0
281,0.0,0.2514851485148515,0.2022711939897702,1.0,-0.0,0,0
282,0.0,0.17029702970297025,0.1697666158364579,1.0,-0.0,0,0
283,0.0,0.01386138613861386,0.05807080514303042,1.0,-0.0,0,0
284,0.0,0.019801980198019802,0.06603299802191315,1.0,-0.0,0,0
285,0.0,0.0059405940594059415,0.03395332316729158,1.0,-0.0,0,0
286,0.0,0.0059405940594059415,0.03395332316729158,1.0,-0.0,0,0
287,0.0,0.0059405940594059415,0.03395332316729158,1.0,-0.0,0,0
288,0.0,0.0059405940594059415,0.03395332316729158,1.0,-0.0,0,0
289,0.0,0.5267326732673266,0.31430926597068665,1.0,-0.0,0,0
290,0.2,0.6237623762376239,0.33806335889009986,1.0,-0.0,0,0
291,0.2,0.7742574257425741,0.3740740291393423,1.0,-0.0,0,0
292,0.2,0.9801980198019801,0.43827289341800474,1.0,-0.0,0,0
293,0.2,0.9801980198019801,0.43827289341800474,1.0,-0.0,0,0
294,0.2,0.45148514851485144,0.3052717865129687,1.0,-0.0,0,0
295,0.0,0.35643564356435653,0.26789086058501865,1.0,-0.0,0,0
296,0.0,0.20594059405940596,0.2133290036485121,1.0,-0.0,0,0
297,0.0,0.03564356435643565,0.07653920035678292,1.0,-0.0,0,0
298,0.0,0.09504950495049505,0.13078304733432375,1.0,-0.0,0,0
299,0.0,0.13465346534653466,0.1667604219518994,1.0,-0.0,0,0
300,0.0,0.3722772277227724,0.2625536482212629,1.0,-0.0,0,0
301,0.0,0.5722772277227723,0.31469577069812166,1.0,-0.0,0,0
302,0.0,0.6772277227722772,0.3353382179525124,1.0,-0.0,0,0
303,0.0,0.6772277227722772,0.3317762541168435,1.0,-0.0,0,0
304,0.0,0.6415841584158414,0.3225109796987878,1.0,-0.0,0,0
305,0.0,0.405940594059406,0.25400622982077803,1.0,-0.0,0,0
306,0.0,0.20594059405940587,0.18120705414231045,1.0,-0.0,0,0
307,0.0,0.06336633663366337,0.10120342446875752,1.0,-0.0,0,0
308,0.0,0.017821782178217824,0.056980176514606566,1.0,-0.0,0,0
309,0.0,0.015841584158415842,0.05401260078014202,1.0,-0.0,0,0
310,0.0,0.06534653465346535,0.10571364605971598,1.0,-0.0,0,0
311,0.0,0.11485148514851484,0.15246238855382305,1.0,-0.0,0,0
312,0.0,0.17029702970297028,0.17885474744676658,1.0,-0.0,0,0
313,0.0,0.4495049504950495,0.30753692924066817,1.0,-0.0,0,0
314,0.0,0.5584158415841584,0.3163114540870564,1.0,-0.0,0,0
315,0.0,0.6990099009900991,0.3325553775086056,1.0,-0.0,0,0
316,0.0,0.7900990099009902,0.34282026306987295,1.0,-0.0,0,0
317,0.0,1.0118811881188117,0.4096091178771455,1.0,-0.0,0,0
318,0.0,1.0,0.36478665947467576,1.0,-0.0,0,0
319,0.0,1.1623762376237625,0.42188907677103454,1.0,-0.0,0,0
320,0.0,1.0386138613861384,0.38562545236386075,1.0,-0.0,0,0
321,0.2,1.1079207920792078,0.39343200962981245,1.0,-0.0,0,0
322,0.2,1.0613861386138617,0.45007596653170245,1.0,-0.0,0,0
323,0.2,0.8732673267326733,0.4579098205803658,1.0,-0.0,0,0
324,0.2,0.7465346534653464,0.3949092780728862,1.0,-0.0,0,0
325,0.2,0.6792079207920793,0.3950978902848737,1.0,-0.0,0,0
326,0.0,0.8435643564356434,0.45433355426549393,1.0,-0.0,0,0
327,0.0,0.7435643564356436,0.4020777328875497,1.0,-0.0,0,0
328,0.0,0.8158415841584159,0.3996861821621456,1.0,-0.0,0,0
329,0.0,0.7881188118811882,0.3731819636088336,1.0,-0.0,0,0
330,0.0,0.9128712871287129,0.41688694631429063,1.0,-0.0,0,0
331,0.0,0.5643564356435644,0.333473812832014,1.0,-0.0,0,0
332,0.0,0.43366336633663366,0.30967156914573646,1.0,-0.0,0,0
333,0.0,0.26732673267326734,0.23084387201257958,1.0,-0.0,0,0
334,0.0,0.15049504950495046,0.1744148703671667,1.0,-0.0,0,0
335,0.0,0.025742574257425745,0.06697637435757531,1.0,-0.0,0,0
336,0.0,0.0,0.0,1.0,-0.0,0,0
337,0.0,0.0,0.0,1.0,-0.0,0,0
338,0.0,0.0,0.0,1.0,-0.0,0,0
339,0.0,0.0,0.0,1.0,-0.0,0,0
340,0.0,0.0,0.0,1.0,-0.0,0,0
341,0.0,0.0,0.0,1.0,-0.0,0,0
342,0.0,0.0,0.0,1.0,-0.0,0,0
343,0.0,0.0,0.0,1.0,-0.0,0,0
344,0.0,0.0,0.0,1.0,-0.0,0,0
345,0.2,0.0039603960396039604,0.027863855998951064,9.918686161641043e-13,12.003545851085576,0,0
346,0.2,0.0039603960396039604,0.027863855998951064,9.918686161641043e-13,12.003545851085576,0,0
347,0.2,0.0039603960396039604,0.027863855998951064,9.918686161641043e-13,12.003545851085576,0,0
348,0.2,0.0059405940594059415,0.03395332316729158,5.469865928325192e-09,8.262023318511567,0,0
349,0.2,0.007920792079207921,0.03900537743285587,4.2303541670263104e-07,6.3736232717865695,0,0
350,0.0,0.0039603960396039604,0.027863855998951064,1.0,-0.0,0,0
351,0.0,0.0039603960396039604,0.027863855998951064,1.0,-0.0,0,0
352,0.0,0.0039603960396039604,0.027863855998951064,1.0,-0.0,0,0
353,0.0,0.0019801980198019802,0.0198019801980198,1.0,-0.0,0,0
354,0.0,0.0,0.0,1.0,-0.0,0,0
355,0.0,0.0,0.0,1.0,-0.0,0,0
356,0.0,0.0,0.0,1.0,-0.0,0,0
357,0.0,0.0,0.0,1.0,-0.0,0,0
358,0.0,0.2495049504950495,0.22232959316135714,1.0,-0.0,0,0
359,0.0,0.3425742574257426,0.2719007297931956,1.0,-0.0,0,0
360,0.0,0.4554455445544555,0.30716694835759484,1.0,-0.0,0,0
361,0.6,0.9980198019801981,0.4542386074291448,1.0,-0.0,0,0
362,0.6,1.1782178217821782,0.48248612772261157,1.0,-0.0,0,0
363,0.6,0.9544554455445545,0.43589551670124693,1.0,-0.0,0,0
364,0.6,1.1504950495049504,0.4559016226988593,1.0,-0.0,0,0
365,0.6,1.205940594059406,0.48376039036160806,1.0,-0.0,0,0
366,0.0,0.7366336633663365,0.3657956937415298,1.0,-0.0,0,0
367,0.0,0.677227722772277,0.3293802124900079,1.0,-0.0,0,0
368,0.6,0.8633663366336632,0.38581860311594895,1.0,-0.0,0,0
369,0.6,0.8752475247524754,0.37952704820032956,1.0,-0.0,0,0
370,0.6,0.7059405940594059,0.3101650094781769,1.0,-0.0,0,0
371,0.6,0.6336633663366337,0.28985391599626653,1.0,-0.0,0,0
372,0.6,0.5118811881188119,0.2689499672683339,0.3715918744038126,0.4299337912881087,0,0
373,0.0,0.3,0.21525945661774382,1.0,-0.0,0,0
374,0.0,0.0,0.0,1.0,-0.0,0,0
375,0.0,0.12079207920792075,0.14645435316515326,1.0,-0.0,0,0
376,0.8,0.4891089108910891,0.3359340429425466,0.17736522133597543,0.751131534800961,0,0
377,1.0,0.9386138613861388,0.45358206807713347,0.4461729756823562,0.350496738102961,0,0
378,1.0,1.1148514851485147,0.4925958998180926,1.0,-0.0,0,0
379,1.2,1.5841584158415845,0.5981378153833362,1.0,-0.0,0,0
380,1.2,1.8138613861386141,0.6394660060280025,1.0,-0.0,0,0
381,0.4,1.586138613861386,0.5552681455472345,1.0,-0.0,0,0
382,0.2,1.1445544554455445,0.4899939881475517,1.0,-0.0,0,0
383,0.2,1.0613861386138614,0.49371701860613165,1.0,-0.0,0,0
384,0.2,0.8019801980198018,0.40540413720060475,1.0,-0.0,0,0
385,0.2,0.47326732673267324,0.32178065498497055,1.0,-0.0,0,0
386,0.2,0.33069306930693076,0.2508372413241977,1.0,-0.0,0,0
387,0.2,0.4455445544554455,0.2755821030830068,1.0,-0.0,0,0
388,0.4,0.5504950495049504,0.29838634082567217,1.0,-0.0,0,0
389,0.2,0.4594059405940595,0.2822042718560764,1.0,-0.0,0,0
390,0.2,0.5089108910891089,0.3038039394803175,1.0,-0.0,0,0
391,0.2,0.5267326732673268,0.3205475170932319,1.0,-0.0,0,0
392,0.2,0.4633663366336635,0.3107712451105633,1.0,-0.0,0,0
393,0.0,0.26534653465346536,0.20892731388689076,1.0,-0.0,0,0
394,0.0,0.1485148514851485,0.18163932349257234,1.0,-0.0,0,0
395,0.0,0.07326732673267328,0.12811743461086583,1.0,-0.0,0,0
396,0.0,0.05544554455445545,0.11299281281336322,1.0,-0.0,0,0
397,0.0,0.0,0.0,1.0,-0.0,0,0
398,0.0,0.011881188118811883,0.047276579747775535,1.0,-0.0,0,0
399,0.0,0.011881188118811883,0.047276579747775535,1.0,-0.0,0,0
400,0.0,0.011881188118811883,0.047276579747775535,1.0,-0.0,0,0
401,0.0,0.017821782178217824,0.05698017651460656,1.0,-0.0,0,0
402,0.0,0.15643564356435644,0.15312962320143525,1.0,-0.0,0,0
403,0.0,0.32277227722772284,0.25480770778043427,1.0,-0.0,0,0
404,0.0,0.3603960396039604,0.25950417609367643,1.0,-0.0,0,0
405,0.0,0.3722772277227723,0.25644902293167643,1.0,-0.0,0,0
406,0.0,0.3742574257425743,0.2511965288538532,1.0,-0.0,0,0
407,0.0,0.24554455445544554,0.2141179246085271,1.0,-0.0,0,0
408,0.0,0.06930693069306931,0.12407485305204391,1.0,-0.0,0,0
409,0.0,0.033663366336633666,0.07482947971362847,1.0,-0.0,0,0
410,0.0,0.025742574257425745,0.0669763743575753,1.0,-0.0,0,0
411,0.0,0.017821782178217824,0.056980176514606566,1.0,-0.0,0,0
412,0.0,0.021782178217821784,0.06230547612891991,1.0,-0.0,0,0
413,0.0,0.017821782178217824,0.05698017651460656,1.0,-0.0,0,0
414,0.0,0.017821782178217824,0.05698017651460656,1.0,-0.0,0,0
415,0.0,0.01386138613861386,0.05079507064705211,1.0,-0.0,0,0
416,0.0,0.01386138613861386,0.05079507064705211,1.0,-0.0,0,0
417,0.0,0.0,0.0,1.0,-0.0,0,0
418,0.0,0.0019801980198019802,0.019801980198019802,1.0,-0.0,0,0
419,0.0,0.019801980198019806,0.05973506189702319,1.0,-0.0,0,0
420,0.0,0.03564356435643565,0.08626938974571076,1.0,-0.0,0,0
421,0.0,0.15049504950495046,0.16746435256923542,1.0,-0.0,0,0
422,0.0,0.2831683168316832,0.23082688508352958,1.0,-0.0,0,0
423,0.0,0.2811881188118812,0.2289506286383308,1.0,-0.0,0,0
424,0.0,0.2811881188118812,0.21832525073010245,1.0,-0.0,0,0
425,0.0,0.27524752475247527,0.2248898258725856,1.0,-0.0,0,0
426,0.0,0.16237623762376235,0.16581719933036293,1.0,-0.0,0,0
427,0.0,0.02772277227722773,0.06910862719451544,1.0,-0.0,0,0
428,0.0,0.02772277227722773,0.06910862719451544,1.0,-0.0,0,0
429,0.0,0.015841584158415842,0.05401260078014202,1.0,-0.0,0,0
430,0.0,0.0059405940594059415,0.03395332316729158,1.0,-0.0,0,0
431,0.0,0.0059405940594059415,0.03395332316729158,1.0,-0.0,0,0
432,0.0,0.0059405940594059415,0.03395332316729158,1.0,-0.0,0,0
433,0.0,0.0059405940594059415,0.03395332316729158,1.0,-0.0,0,0
434,0.0,0.033663366336633666,0.08930671115865095,1.0,-0.0,0,0
435,0.0,0.05742574257425742,0.10656335878870264,1.0,-0.0,0,0
436,0.0,0.05742574257425742,0.10656335878870264,1.0,-0.0,0,0
437,0.0,0.05742574257425742,0.10656335878870264,1.0,-0.0,0,0
438,0.0,0.05742574257425742,0.10656335878870264,1.0,-0.0,0,0
439,0.0,0.023762376237623766,0.06471340450838889,1.0,-0.0,0,0
440,0.0,0.0039603960396039604,0.027863855998951064,1.0,-0.0,0,0
441,0.0,0.0039603960396039604,0.027863855998951064,1.0,-0.0,0,0
442,0.0,0.0039603960396039604,0.027863855998951064,1.0,-0.0,0,0
443,0.0,0.0039603960396039604,0.027863855998951064,1.0,-0.0,0,0
444,0.0,0.0039603960396039604,0.027863855998951064,1.0,-0.0,0,0
445,0.0,0.0,0.0,1.0,-0.0,0,0
446,0.0,0.013861386138613863,0.050795070647052104,1.0,-0.0,0,0
447,0.0,0.1821782178217822,0.1782178217821782,1.0,-0.0,0,0
448,0.0,0.21782178217821782,0.19920437766272148,1.0,-0.0,0,0
449,0.0,0.3029702970297029,0.24147051376663706,1.0,-0.0,0,0
450,0.0,0.3029702970297029,0.24147051376663706,1.0,-0.0,0,0
451,0.0,0.2891089108910891,0.24287917792414992,1.0,-0.0,0,0
452,0.0,0.12079207920792079,0.14913402284168503,1.0,-0.0,0,0
453,0.0,0.08514851485148514,0.1269490726718781,1.0,-0.0,0,0
454,0.0,0.0,0.0,1.0,-0.0,0,0
455,0.0,0.0,0.0,1.0,-0.0,0,0
456,0.0,0.0,0.0,1.0,-0.0,0,0
457,0.0,0.0,0.0,1.0,-0.0,0,0
458,0.0,0.0,0.0,1.0,-0.0,0,0
459,0.0,0.041584158415841586,0.09039772047931348,1.0,-0.0,0,0
460,0.0,0.041584158415841586,0.09039772047931348,1.0,-0.0,0,0
461,0.0,0.041584158415841586,0.09039772047931348,1.0,-0.0,0,0
462,0.0,0.041584158415841586,0.09039772047931348,1.0,-0.0,0,0
463,0.0,0.041584158415841586,0.09039772047931348,1.0,-0.0,0,0
464,0.0,0.009900990099009901,0.04338396495090425,1.0,-0.0,0,0
465,0.0,0.009900990099009901,0.04338396495090425,1.0,-0.0,0,0
466,0.0,0.033663366336633666,0.07994704648786674,1.0,-0.0,0,0
467,0.0,0.033663366336633666,0.07994704648786674,1.0,-0.0,0,0
468,0.0,0.2198019801980198,0.21526856446672366,1.0,-0.0,0,0
469,0.0,0.4356435643564357,0.3010161531193642,1.0,-0.0,0,0
470,0.0,0.4831683168316832,0.3297371611326518,1.0,-0.0,0,0
471,0.0,0.4693069306930693,0.31394726625911146,1.0,-0.0,0,0
472,0.0,0.4871287128712872,0.32140267034096603,1.0,-0.0,0,0
473,0.0,0.42772277227722766,0.2978865528893751,1.0,-0.0,0,0
474,0.0,0.31287128712871287,0.24602316816629471,1.0,-0.0,0,0
475,0.0,0.2693069306930693,0.2378711583436872,1.0,-0.0,0,0
476,0.0,0.34851485148514855,0.2464053897869668,1.0,-0.0,0,0
477,0.0,0.5514851485148515,0.3283966031909499,1.0,-0.0,0,0
478,0.0,0.5247524752475248,0.3602545691217269,1.0,-0.0,0,0
479,0.0,0.5445544554455445,0.33433108849996995,1.0,-0.0,0,0
480,0.0,0.598019801980198,0.33947548301501485,1.0,-0.0,0,0
481,0.0,0.6099009900990098,0.33463588916291004,1.0,-0.0,0,0
482,0.0,0.4574257425742574,0.3150818013080694,1.0,-0.0,0,0
483,0.0,0.3722772277227723,0.2828842998562942,1.0,-0.0,0,0
484,0.0,0.30891089108910896,0.2692486832757788,1.0,-0.0,0,0
485,0.0,0.35445544554455455,0.29768903719550316,1.0,-0.0,0,0
486,0.0,0.2752475247524752,0.25617364956508876,1.0,-0.0,0,0
487,0.0,0.20594059405940596,0.201883106153393,1.0,-0.0,0,0
488,0.0,0.19207920792079206,0.19071681786668523,1.0,-0.0,0,0
489,0.0,0.12277227722772276,0.15148191286261606,1.0,-0.0,0,0
490,0.0,0.019801980198019802,0.059735061897023205,1.0,-0.0,0,0
491,0.0,0.0,0.0,1.0,-0.0,0,0
492,0.0,0.0,0.0,1.0,-0.0,0,0
493,0.0,0.01386138613861386,0.05079507064705211,1.0,-0.0,0,0
494,0.0,0.01386138613861386,0.05079507064705211,1.0,-0.0,0,0
495,0.0,0.01386138613861386,0.05079507064705211,1.0,-0.0,0,0
496,0.0,0.033663366336633666,0.07482947971362847,1.0,-0.0,0,0
497,0.0,0.033663366336633666,0.07482947971362847,1.0,-0.0,0,0
498,0.0,0.019801980198019802,0.059735061897023205,1.0,-0.0,0,0
499,0.0,0.019801980198019802,0.059735061897023205,1.0,-0.0,0,0
500,0.0,0.019801980198019802,0.059735061897023205,1.0,-0.0,0,0
501,0.0,0.0,0.0,1.0,-0.0,0,0
502,0.0,0.0,0.0,1.0,-0.0,0,0
503,0.0,0.0,0.0,1.0,-0.0,0,0
504,0.0,0.0,0.0,1.0,-0.0,0,0
505,0.0,0.0,0.0,1.0,-0.0,0,0
506,0.0,0.0,0.0,1.0,-0.0,0,0
507,0.2,0.0039603960396039604,0.02786385599895107,9.91868616164111e-13,12.003545851085573,0,0
508,0.2,0.0039603960396039604,0.02786385599895107,9.91868616164111e-13,12.003545851085573,0,0
509,0.2,0.0039603960396039604,0.02786385599895107,9.91868616164111e-13,12.003545851085573,0,0
510,0.2,0.0039603960396039604,0.02786385599895107,9.91868616164111e-13,12.003545851085573,0,0
511,0.2,0.0039603960396039604,0.02786385599895107,9.91868616164111e-13,12.003545851085573,0,0
512,0.2,0.04554455445544556,0.09283729243351323,0.04808399917069303,1.3179994190099724,0,0
513,0.2,0.07326732673267328,0.12498799079651089,0.15530120578607598,0.808825172319051,0,0
514,0.2,0.07326732673267328,0.12498799079651089,0.15530120578607598,0.808825172319051,0,0
515,0.2,0.1306930693069307,0.17673752662720535,0.3474751357510377,0.45907626673562874,0,0
516,0.2,0.21386138613861388,0.2073069675770677,1.0,-0.0,0,0
517,0.0,0.19603960396039602,0.1823503276549915,1.0,-0.0,0,0
518,0.0,0.18019801980198016,0.18775368421597718,1.0,-0.0,0,0
519,0.0,0.1881188118811881,0.19664871867623296,1.0,-0.0,0,0
520,0.0,0.12871287128712872,0.15816812315022463,1.0,-0.0,0,0
521,0.0,0.05544554455445544,0.10575073206193021,1.0,-0.0,0,0
522,0.0,0.0297029702970297,0.07648795214189293,1.0,-0.0,0,0
523,0.0,0.017821782178217824,0.056980176514606566,1.0,-0.0,0,0
524,0.0,0.021782178217821784,0.06230547612891991,1.0,-0.0,0,0
525,0.0,0.021782178217821784,0.06230547612891991,1.0,-0.0,0,0
526,0.0,0.019801980198019802,0.059735061897023205,1.0,-0.0,0,0
527,0.0,0.017821782178217824,0.05698017651460656,1.0,-0.0,0,0
528,0.0,0.017821782178217824,0.05698017651460656,1.0,-0.0,0,0
529,0.0,0.0059405940594059415,0.03395332316729158,1.0,-0.0,0,0
530,0.0,0.0059405940594059415,0.03395332316729158,1.0,-0.0,0,0
531,0.0,0.0,0.0,1.0,-0.0,0,0
532,0.0,0.0,0.0,1.0,-0.0,0,0
533,0.0,0.0,0.0,1.0,-0.0,0,0
534,0.0,0.0,0.0,1.0,-0.0,0,0
535,0.0,0.0,0.0,1.0,-0.0,0,0
536,0.0,0.0,0.0,1.0,-0.0,0,0
537,0.0,0.0,0.0,1.0,-0.0,0,0
538,0.0,0.007920792079207921,0.03900537743285587,1.0,-0.0,0,0
539,0.2,0.011881188118811883,0.047276579747775535,3.4586556520905853e-05,4.461092674713385,0,0
540,0.2,0.011881188118811883,0.047276579747775535,3.4586556520905853e-05,4.461092674713385,0,0
541,0.2,0.011881188118811883,0.047276579747775535,3.4586556520905853e-05,4.461092674713385,0,0
542,0.2,0.019801980198019802,0.059735061897023205,0.001278047474114718,2.8934530136556162,0,0
543,0.2,0.011881188118811881,0.047276579747775535,3.4586556520905853e-05,4.461092674713385,0,0
544,0.0,0.007920792079207921,0.03900537743285587,1.0,-0.0,0,0
545,0.0,0.007920792079207921,0.03900537743285587,1.0,-0.0,0,0
546,0.0,0.007920792079207921,0.03900537743285587,1.0,-0.0,0,0
547,0.0,0.0,0.0,1.0,-0.0,0,0
548,0.0,0.0,0.0,1.0,-0.0,0,0
549,0.0,0.027722772277227727,0.07461957893630407,1.0,-0.0,0,0
550,0.2,0.08712871287128712,0.1390657415135005,0.20849918060111988,0.6808956474581439,0,0
551,0.4,0.2831683168316831,0.23082688508352958,0.30637772084851983,0.5137428188838842,0,0
552,0.6,0.4910891089108911,0.3038039394803175,0.35998805806423995,0.44371190590722964,0,0
553,0.6,0.6237623762376239,0.3187688304984096,1.0,-0.0,0,0
554,0.6,0.607920792079208,0.3158152011079545,1.0,-0.0,0,0
555,0.4,0.5861386138613862,0.30863150605337053,1.0,-0.0,0,0
556,0.2,0.3980198019801981,0.24615064131897557,1.0,-0.0,0,0
557,0.0,0.19009900990099005,0.17206086333646306,1.0,-0.0,0,0
558,0.2,0.1168316831683168,0.1442421691205886,0.28210887323566497,0.5495832536649767,0,0
559,0.6,0.20198019801980188,0.16288257206082213,0.0072707758309843214,2.138419245105456,0,0
560,0.8,0.20792079207920788,0.17782134115361303,0.00043480785579114715,3.3617026179989775,0,0
561,0.8,0.21188118811881188,0.17981680926331076,0.0005364929241883534,3.2704360015754164,0,0
562,0.8,0.21188118811881188,0.17981680926331076,0.0005364929241883534,3.2704360015754164,0,0
563,0.6,0.15247524752475247,0.1715359035858037,0.004541322892239247,2.34281761826367,0,0
564,0.2,0.05544554455445545,0.09797478714338996,0.07004915208881982,1.1545971172715026,0,0
565,0.0,0.011881188118811881,0.047276579747775535,1.0,-0.0,0,0
566,0.0,0.0,0.0,1.0,-0.0,0,0
567,0.0,0.0,0.0,1.0,-0.0,0,0
568,0.0,0.0,0.0,1.0,-0.0,0,0
569,0.0,0.0,0.0,1.0,-0.0,0,0
570,0.0,0.0,0.0,1.0,-0.0,0,0
571,0.0,0.0,0.0,1.0,-0.0,0,0
572,0.0,0.0,0.0,1.0,-0.0,0,0
573,0.0,0.0,0.0,1.0,-0.0,0,0
574,0.0,0.0,0.0,1.0,-0.0,0,0
575,0.0,0.0,0.0,1.0,-0.0,0,0
576,0.0,0.0,0.0,1.0,-0.0,0,0
577,0.0,0.015841584158415842,0.05401260078014202,1.0,-0.0,0,0
578,0.0,0.015841584158415842,0.05401260078014202,1.0,-0.0,0,0
579,0.0,0.025742574257425748,0.06697637435757531,1.0,-0.0,0,0
580,0.0,0.025742574257425748,0.06697637435757531,1.0,-0.0,0,0
581,0.0,0.025742574257425748,0.06697637435757531,1.0,-0.0,0,0
582,0.0,0.009900990099009901,0.04338396495090424,1.0,-0.0,0,0
583,0.0,0.009900990099009901,0.04338396495090424,1.0,-0.0,0,0
584,0.0,0.0059405940594059415,0.033953323167291584,1.0,-0.0,0,0
585,0.0,0.0297029702970297,0.07648795214189293,1.0,-0.0,0,0
586,0.0,0.04950495049504951,0.09078727434730813,1.0,-0.0,0,0
587,0.0,0.10297029702970294,0.12464241569787099,1.0,-0.0,0,0
588,0.2,0.24950495049504945,0.1958094458508156,1.0,-0.0,0,0
589,0.4,0.27524752475247527,0.19263978624974745,0.25862361232876996,0.5873318265710605,0,0
590,0.4,0.291089108910891,0.21895295841846044,0.3094475624735583,0.5094129339065443,0,0
591,0.4,0.297029702970297,0.2172991028693689,0.3177983231977303,0.49784839859463714,0,0
592,0.8,0.3405940594059407,0.22958344449134685,0.022693972865528298,1.6440894687452297,0,0
593,1.0,0.20990099009900987,0.18748198619476633,1.2529575667973327e-05,4.902063636761491,0,0
594,0.8,0.1782178217821782,0.16626589726481847,9.212528935640384e-05,4.035621135054822,0,0
595,0.8,0.13861386138613857,0.15088537189345536,5.842918372310968e-06,5.233370180898794,0,0
596,0.8,0.1277227722772277,0.14496077440151442,1.7619706100284706e-06,5.75400133996989,0,0
597,0.6,0.11683168316831682,0.15986956746090622,0.0012544509449434898,2.901546317017284,0,0
598,0.2,0.10099009900990098,0.14521752172118102,0.2476814172531363,0.6061065759218802,0,0
599,0.2,0.1207920792079208,0.16186831934800644,0.312302083297523,0.5054251186785409,0,0
600,0.2,0.1207920792079208,0.16186831934800644,0.312302083297523,0.5054251186785409,0,0
601,0.2,0.10693069306930691,0.15041686348382532,0.26804300189924807,0.5717955269061783,0,0
602,0.2,0.0891089108910891,0.11765109526742927,0.17295763001760883,0.7620602743466306,0,0
603,0.4,0.1762376237623762,0.16953548350894254,0.09344159835667339,1.0294597413837905,0,0
604,0.4,0.17821782178217818,0.1732644978552662,0.10026889306117455,0.9988337795143416,0,0
605,0.4,0.2059405940594059,0.19387746573147427,0.15842828816591525,0.80016727036341,0,0
606,0.4,0.2059405940594059,0.19387746573147427,0.15842828816591525,0.80016727036341,0,0
607,0.2,0.13465346534653466,0.16911864928947468,0.3496022204259942,0.4564258176975476,0,0
608,0.0,0.04950495049504951,0.09912864166957487,1.0,-0.0,0,0
609,0.0,0.02772277227722772,0.07975061610139514,1.0,-0.0,0,0
610,0.0,0.0,0.0,1.0,-0.0,0,0
611,0.0,0.0,0.0,1.0,-0.0,0,0
612,0.0,0.0,0.0,1.0,-0.0,0,0
613,0.0,0.0,0.0,1.0,-0.0,0,0
614,0.4,0.1504950495049505,0.1896446715851545,0.09414671160226375,1.0261948446110136,0,0
615,0.4,0.15544554455445544,0.1921608482211189,0.10157025442950608,0.9932334596559906,0,0
616,0.4,0.15544554455445544,0.1921608482211189,0.10157025442950608,0.9932334596559906,0,0
617,0.4,0.15544554455445544,0.1921608482211189,0.10157025442950608,0.9932334596559906,0,0
618,0.4,0.15544554455445544,0.1921608482211189,0.10157025442950608,0.9932334596559906,0,0
619,0.0,0.0039603960396039604,0.027863855998951064,1.0,-0.0,0,0
620,0.0,0.0,0.0,1.0,-0.0,0,0
621,0.0,0.0,0.0,1.0,-0.0,0,0
622,0.0,0.0,0.0,1.0,-0.0,0,0
623,0.0,0.0,0.0,1.0,-0.0,0,0
624,0.2,0.02772277227722773,0.07975061610139512,0.015378620884094632,1.8130826092213645,0,0
625,0.2,0.02772277227722773,0.07975061610139512,0.015378620884094632,1.8130826092213645,0,0
626,0.4,0.09702970297029702,0.1396285351588451,0.015009832844483569,1.823624144207271,0,0
627,0.4,0.09702970297029702,0.1396285351588451,0.015009832844483569,1.823624144207271,0,0
628,0.4,0.09702970297029702,0.1396285351588451,0.015009832844483569,1.823624144207271,0,0
629,0.4,0.1287128712871287,0.15046899201198313,0.035698524574695766,1.447349732972105,0,0
630,0.4,0.15445544554455443,0.16381875548472422,0.06695246345667406,1.1742334388766573,0,0
631,0.4,0.11287128712871287,0.14464936528910635,0.02357234236501054,1.6275972598323143,0,0
632,0.4,0.11287128712871287,0.14464936528910635,0.02357234236501054,1.6275972598323143,0,0
633,0.6,0.1881188118811881,0.18200594523684843,0.011817550991416955,1.9274725150886634,0,0
634,2.0,0.39207920792079204,0.28132753481470163,5.469865928325192e-09,8.262023318511567,0,0
635,2.8,0.4792079207920792,0.31601379581464767,1.0369402349261679e-13,12.984246273880728,0,0
636,4.8,0.6534653465346535,0.34225934131872776,1e-17,17.0,0,0
637,5.6,0.8396039603960395,0.4155586024419698,1.0000000000001105e-17,16.99999999999995,0,0
638,5.6,0.8930693069306931,0.4542990304391321,1.0000000186785116e-17,16.999999991888025,0,0
639,5.2,0.7306930693069307,0.36525932040138864,1e-17,17.0,0,0
640,4.8,0.7465346534653464,0.37956837300970736,1.0000000006372062e-17,16.999999999723265,0,0
641,2.6,0.5445544554455446,0.3307582789800013,2.5769845144262467e-10,9.588888191196645,0,0
642,1.8,0.35841584158415846,0.24424761284955795,1.7940577386107396e-09,8.746163584058635,0,0
643,1.6,0.22970297029702966,0.21504986962753758,9.329154585939135e-11,10.030157710519003,0,0
644,1.4,0.38217821782178224,0.27300891785527265,9.644025702748535e-05,4.0157416408343,0,0
645,1.2,0.38613861386138615,0.29147277201447375,0.0026172409516995684,2.58215629295949,0,0
646,2.0,0.596039603960396,0.3775692952147355,0.00010023724404733224,3.998970882471705,0,0
647,2.4,0.6415841584158417,0.38105308139175714,1.96905923144655e-06,5.705741219614301,0,0
648,2.8,0.7544554455445546,0.3753611468827826,2.5250521949549446e-08,7.597729640219922,0,0
649,2.6,0.6435643564356436,0.3936163487670006,3.3405293559609823e-07,6.476184707393038,0,0
650,2.4,0.5207920792079209,0.34592874894001163,2.780750213773826e-08,7.555838020719366,0,0
651,1.8,0.36435643564356435,0.2459912895567451,2.6709426507449612e-09,8.573335436850359,0,0
652,1.4,0.394059405940594,0.27496958686126904,0.00012691202478335155,3.8964972270018734,0,0
653,1.2,0.32673267326732686,0.2559745845633089,0.0003229860745032667,3.4908162018074775,0,0
654,0.4,0.1861386138613861,0.1914145896807061,0.1319398874776468,0.8796238906349652,0,0
655,0.4,0.17425742574257427,0.1880875429979268,0.1150309355716322,0.9391853479827571,0,0
656,0.2,0.12079207920792079,0.14645435316515326,0.2943099975322995,0.5311949849293931,0,0
657,0.2,0.04554455445544555,0.08387254884969257,0.03277054107653563,1.4845163878939818,0,0
658,0.0,0.0,0.0,1.0,-0.0,0,0
659,0.0,0.0,0.0,1.0,-0.0,0,0
660,0.0,0.0,0.0,1.0,-0.0,0,0
661,0.0,0.007920792079207921,0.03900537743285587,1.0,-0.0,0,0
662,0.0,0.015841584158415842,0.054012600780142014,1.0,-0.0,0,0
663,0.0,0.015841584158415842,0.054012600780142014,1.0,-0.0,0,0
664,0.0,0.015841584158415842,0.054012600780142014,1.0,-0.0,0,0
665,0.0,0.015841584158415842,0.054012600780142014,1.0,-0.0,0,0
666,0.0,0.007920792079207921,0.03900537743285587,1.0,-0.0,0,0
667,0.0,0.0039603960396039604,0.027863855998951064,1.0,-0.0,0,0
668,0.0,0.0039603960396039604,0.027863855998951064,1.0,-0.0,0,0
669,0.0,0.007920792079207921,0.03900537743285587,1.0,-0.0,0,0
670,0.2,0.021782178217821784,0.06836703565002801,0.0045699030283054085,2.3400930154046975,0,0
671,0.4,0.041584158415841586,0.08590499787518362,1.5081313231807476e-05,4.821560839865747,0,0
672,0.4,0.03762376237623763,0.07816140339006158,1.773886841056072e-06,5.751074087927284,0,0
673,0.4,0.06732673267326733,0.12673267326732673,0.004332448363012567,2.3632666047923134,0,0
674,0.4,0.06336633663366337,0.1256450857759628,0.0036894458037709708,2.4330388648544905,0,0
675,0.2,0.051485148514851496,0.12155254854037867,0.11088860386743561,0.9551130844351513,0,0
676,0.4,0.14158415841584154,0.1719240718506791,0.06640905205493142,1.1777727189819163,0,0
677,0.4,0.17227722772277226,0.1802741651760957,0.10325821116391622,0.9860754029026785,0,0
678,1.0,0.28118811881188116,0.22721424063197726,0.0007791904432986633,3.1083563826798875,0,0
679,1.6,0.394059405940594,0.26168599662070163,2.029387679349775e-06,5.692634980606116,0,0
680,1.6,0.3920792079207921,0.2623893140772826,2.0768054536015238e-06,5.682604184439654,0,0
681,1.4,0.36831683168316826,0.2575323465483018,3.0873467669342326e-05,4.5104145883642985,0,0
682,2.0,0.4712871287128713,0.26933604967792957,6.8998059290403285e-09,8.161163124499295,0,0
683,2.2,0.4237623762376238,0.24742176075148156,3.511589090992639e-13,12.454496308812361,0,0
684,1.6,0.3247524752475249,0.2248898258725856,7.117263913321248e-09,8.147686929919306,0,0
685,1.8,0.36435643564356435,0.23780521125111292,7.847525259979689e-10,9.10526727769837,0,0
686,2.6,0.4217821782178219,0.2770437862222581,1.8948226726745487e-15,14.722431427322519,0,0
687,2.4,0.3504950495049505,0.2661138602349678,6.7281647349107735e-15,14.172103383650859,0,0
688,1.6,0.2633663366336633,0.20858921318437532,7.373440491450695e-11,10.132329820444928,0,0
689,2.0,0.3742574257425743,0.2558826561765902,1.0525618839925352e-10,9.977752360968404,0,0
690,2.0,0.3742574257425743,0.2604844935034511,2.1707732315972377e-10,9.663385542464447,0,0
691,1.0,0.3227722772277228,0.257897511349297,0.004320289186106208,2.364487181952051,0,0
692,0.8,0.299009900990099,0.252706165026824,0.023711625631408183,1.6250386704609339,0,0
693,1.0,0.33663366336633677,0.27708624395583054,0.008331081508127437,2.0792986165375447,0,0
694,0.8,0.22574257425742575,0.19632941873972973,0.0017224537610089643,2.7638524278285765,0,0
695,0.6,0.19999999999999998,0.19498667128857303,0.020112921031759257,1.6965248515389857,0,0
696,0.8,0.11287128712871287,0.14464936528910635,1.015546545048022e-06,5.993300166996472,0,0
697,0.6,0.07524752475247526,0.11205191564986228,1.4127106189474161e-06,5.849946790356173,0,0
698,0.4,0.03168316831683169,0.08316831683168317,4.74296519614438e-06,5.323950062187239,0,0
699,0.2,0.03168316831683169,0.07826167463512676,0.01575022170315114,1.8027133286186665,0,0
700,0.2,0.019801980198019802,0.0597350618970232,0.0012780474741147156,2.893453013655617,0,0
701,0.0,0.011881188118811883,0.047276579747775535,1.0,-0.0,0,0
702,0.0,0.011881188118811883,0.047276579747775535,1.0,-0.0,0,0
703,0.0,0.011881188118811883,0.047276579747775535,1.0,-0.0,0,0
704,0.0,0.007920792079207921,0.03900537743285587,1.0,-0.0,0,0
705,0.0,0.03564356435643565,0.08626938974571076,1.0,-0.0,0,0
706,0.0,0.0594059405940594,0.10357779667819421,1.0,-0.0,0,0
707,0.0,0.06930693069306931,0.11409790329416189,1.0,-0.0,0,0
708,0.0,0.0891089108910891,0.12734998170941408,1.0,-0.0,0,0
709,0.2,0.09306930693069305,0.12762679639066946,0.20106059762379253,0.6966730309011007,0,0
710,0.2,0.07326732673267328,0.1115960618107356,0.12805415268855674,0.8926063331621106,0,0
711,0.2,0.049504950495049514,0.09504950495049506,0.056672754609762954,1.2466256777282643,0,0
712,0.2,0.07920792079207921,0.1322440226302099,0.18051532966814882,0.7434859111677886,0,0
713,0.2,0.05940594059405942,0.1178841668604928,0.11650405553071382,0.9336589564924316,0,0
714,0.2,0.08514851485148513,0.12379009590564582,0.17675768599419256,0.7526216925958916,0,0
715,0.2,0.07722772277227724,0.1124710639300034,0.13750669912875174,0.8616761431153293,0,0
716,0.2,0.07722772277227724,0.1124710639300034,0.13750669912875174,0.8616761431153293,0,0
717,0.2,0.04554455445544554,0.09283729243351323,0.048083999170693,1.3179994190099729,0,0
718,0.2,0.04554455445544554,0.09283729243351323,0.048083999170693,1.3179994190099729,0,0
719,0.2,0.03762376237623763,0.08307396817189318,0.025315250600093615,1.5966177690988217,0,0
720,0.2,0.03762376237623763,0.08307396817189318,0.025315250600093615,1.5966177690988217,0,0
721,0.2,0.057425742574257435,0.10656335878870264,0.0904597157907538,1.0435447810683363,0,0
722,0.2,0.14059405940594058,0.16055486574752068,0.3556897595366219,0.44892863816186535,0,0
723,0.4,0.1762376237623762,0.1786353744371313,0.10517188030165238,0.9781003615346123,0,0
724,0.2,0.16435643564356434,0.17887666995067272,0.4210283736511437,0.3756886355066156,0,0
725,0.2,0.2396039603960396,0.20102667569442348,1.0,-0.0,0,0
726,0.4,0.3841584158415841,0.24158415841584163,0.47385858613523735,0.3243512457189819,0,0
727,0.6,0.30891089108910885,0.2363497198631807,0.10904864276656386,0.9623797353366342,0,0
728,0.4,0.2732673267326733,0.2264189969940339,0.28783306145104604,0.5408593230432822,0,0
729,1.4,0.37821782178217833,0.26235942408298646,4.9182646118600955e-05,4.30818810911109,0,0
730,1.8,0.44752475247524753,0.2967127021297483,2.57971921203693e-06,5.588427561982197,0,0
731,1.6,0.2831683168316832,0.24090148634844435,2.2980681046015164e-08,7.638637104884308,0,0
732,1.4,0.2673267326732673,0.2392682371008826,1.1012005020501724e-06,5.958133599278735,0,0
733,1.4,0.2673267326732673,0.2392682371008826,1.1012005020501724e-06,5.958133599278735,0,0
734,0.4,0.14653465346534655,0.1614073970084343,0.058167400890974795,1.2353203414608016,0,0
735,0.0,0.0,0.0,1.0,-0.0,0,0
736,0.0,0.019801980198019806,0.059735061897023184,1.0,-0.0,0,0
737,0.0,0.019801980198019806,0.059735061897023184,1.0,-0.0,0,0
738,0.0,0.019801980198019806,0.059735061897023184,1.0,-0.0,0,0
739,0.0,0.019801980198019806,0.059735061897023184,1.0,-0.0,0,0
740,0.0,0.019801980198019806,0.059735061897023184,1.0,-0.0,0,0
741,0.0,0.0,0.0,1.0,-0.0,0,0
742,0.0,0.0,0.0,1.0,-0.0,0,0
743,0.0,0.0,0.0,1.0,-0.0,0,0
744,0.0,0.0,0.0,1.0,-0.0,0,0
745,0.0,0.007920792079207921,0.03900537743285587,1.0,-0.0,0,0
746,0.0,0.007920792079207921,0.03900537743285587,1.0,-0.0,0,0
747,0.0,0.007920792079207921,0.03900537743285587,1.0,-0.0,0,0
748,0.0,0.007920792079207921,0.03900537743285587,1.0,-0.0,0,0
749,0.4,0.10099009900990098,0.14246420394934614,0.017915401223169414,1.7467734611759458,0,0
750,0.4,0.09306930693069305,0.1306930693069307,0.009424983049455386,2.0257194221868495,0,0
751,0.4,0.19603960396039605,0.2029099161576158,0.15740579595782128,0.8029792801970587,0,0
752,1.2,0.5287128712871287,0.29191638354646154,0.010735813866941418,1.9691650267262188,0,0
753,1.6,0.7267326732673268,0.345520439454705,0.0057455760264844054,2.240666424315478,0,0
754,2.2,0.8356435643564356,0.3913885305735505,0.00024520666108219494,3.61046773630718,0,0
755,2.4,0.9366336633663365,0.4239658991230934,0.0002786228701281473,3.554983238368604,0,0
756,3.6,1.2772277227722773,0.482543013651143,7.411520429970245e-07,6.130092689913822,0,0
757,4.0,1.1267326732673266,0.4732217551280974,6.327594405412614e-10,9.198761366605282,0,0
758,6.2,1.2594059405940592,0.49516038362258324,1.0000009535684255e-17,16.999999585870693,0,0
759,5.6,1.0693069306930694,0.45766141972038715,1.0000020884349016e-17,16.999999093005194,0,0
760,5.6,1.017821782178218,0.44774374734652955,1.0000000698655195e-17,16.999999969657793,0,0
761,4.6,0.5881188118811881,0.3351627737288822,1.0000000000000004e-17,17.0,0,0
762,3.6,0.42772277227722766,0.2670405508870461,1.0000000000000008e-17,17.0,0,0
763,1.4,0.15841584158415842,0.15238521194115637,1.9550419409884406e-16,15.708843921365574,0,0
764,1.4,0.22178217821782173,0.19067569294591244,3.2219418842960516e-10,9.491882297423059,0,0
765,1.4,0.20792079207920788,0.1755800391893932,5.6309214352757445e-12,11.249420532055945,0,0
766,1.2,0.19603960396039605,0.17571398456617043,5.530361032527793e-09,8.257246516196824,0,0
767,1.2,0.2455445544554455,0.2122602328057286,3.4519705310679143e-06,5.461932920445014,0,0
768,0.8,0.18613861386138614,0.187230838076401,0.0005215541902409723,3.282700561063051,0,0
769,0.4,0.11683168316831684,0.1718099957503672,0.04966114271025802,1.3039832914860503,0,0
770,0.2,0.08118811881188118,0.15202453637757812,0.21724513874615609,0.6630499328969738,0,0
771,0.2,0.08118811881188118,0.15202453637757812,0.21724513874615609,0.6630499328969738,0,0
772,0.4,0.0891089108910891,0.12420120222231065,0.006155109217616707,2.210764236447136,0,0
773,0.6,0.16435643564356434,0.17664875840130073,0.006828573768027323,2.16566999461368,0,0
774,0.6,0.15445544554455443,0.1732192295336953,0.005053563004677896,2.296402315416177,0,0
775,0.6,0.15445544554455443,0.1732192295336953,0.005053563004677896,2.296402315416177,0,0
776,0.6,0.15445544554455443,0.1732192295336953,0.005053563004677896,2.296402315416177,0,0
777,0.2,0.07326732673267328,0.12498799079651088,0.15530120578607598,0.808825172319051,0,0
778,0.0,0.0,0.0,1.0,-0.0,0,0
779,0.0,0.0,0.0,1.0,-0.0,0,0
780,0.2,0.033663366336633666,0.08475617647141663,0.024850340762334614,1.6046676515911364,0,0
781,0.6,0.20198019801980197,0.165296132710568,0.008021856344334662,2.0957251196444964,0,0
782,1.0,0.30495049504950494,0.21172382423166192,0.0005138859654219844,3.2891332430329014,0,0
783,2.0,0.5029702970297031,0.2751976591342686,2.6665054249321327e-08,7.574057528419997,0,0
784,2.4,0.5900990099009902,0.32135386574417096,8.900796214667624e-09,8.05057114210005,0,0
785,3.4,0.7356435643564356,0.3732607610316268,4.733083108741969e-13,12.324855869639094,0,0
786,4.4,0.7683168316831684,0.3845868795662642,1.0001809965048108e-17,16.999921401329544,0,0
787,4.4,0.7742574257425743,0.3855440967822879,1.0002620807739617e-17,16.9998861946785,0,0
788,4.6,0.8514851485148515,0.4180610267133988,1.0153140489728604e-17,16.993399604410588,0,0
789,4.4,0.8039603960396041,0.4087946038470868,1.0704551347448707e-17,16.970431530276176,0,0
790,3.4,0.7544554455445545,0.3969000553735091,1.3186663493314422e-11,10.87986507630687,0,0
791,2.2,0.6594059405940593,0.3599169920312573,9.327260053870723e-06,5.030245914479067,0,0
792,1.8,0.5742574257425744,0.340835742020871,0.00016139687346100089,3.792104882574212,0,0
793,0.8,0.3455445544554456,0.2697724572820024,0.046034043625168324,1.3369208750524442,0,0
794,0.8,0.35742574257425747,0.2929354792115223,0.06541651646080787,1.184312586504673,0,0
795,0.8,0.2732673267326733,0.2383487290824725,0.013555204587804416,1.867893923256199,0,0
796,1.2,0.34257425742574266,0.25998725583902377,0.00048696222687203143,3.312504725227399,0,0
797,1.2,0.3564356435643564,0.282287628606338,0.0014026013267278358,2.8530657546356495,0,0
798,1.4,0.3940594059405941,0.30371357734713417,0.0004629330542568713,3.334481808699034,0,0
799,1.4,0.3722772277227723,0.28705359208508113,0.0001716347610946037,3.7653947501544467,0,0
800,1.2,0.3465346534653465,0.2727071313556113,0.0008752103004293351,3.0578875797294547,0,0
801,0.8,0.21386138613861383,0.20345028972738724,0.001982129848382747,2.702867898494058,0,0
802,0.8,0.1782178217821782,0.19067569294591244,0.0005552157831319471,3.2555381966784105,0,0
803,0.4,0.09306930693069305,0.13368903310588712,0.010842074327770356,1.9648876197422103,0,0
804,0.2,0.08316831683168316,0.12028786177019754,0.16570755996746261,0.7806576775960139,0,0
805,0.2,0.0613861386138614,0.10433219700847124,0.0919929847161768,1.0362452902111774,0,0
806,0.0,0.021782178217821784,0.06230547612891991,1.0,-0.0,0,0
807,0.0,0.023762376237623766,0.06471340450838887,1.0,-0.0,0,0
808,0.2,0.04950495049504951,0.09504950495049506,0.056672754609762926,1.2466256777282645,0,0
809,0.4,0.11485148514851484,0.1550382505430763,0.03294186103467404,1.4822518692142714,0,0
810,0.6,0.18019801980198022,0.17235687245139758,0.007432415089356416,2.128870043634576,0,0
811,0.6,0.18019801980198022,0.17235687245139758,0.007432415089356416,2.128870043634576,0,0
812,0.6,0.20594059405940596,0.17900814859389344,0.013855663828944861,1.8583726622064431,0,0
813,0.4,0.20990099009900998,0.19371559764587087,0.1632149117060045,0.7872401655834458,0,0
814,0.2,0.1425742574257426,0.16730036701294596,0.3657054399191406,0.4368685794232539,0,0
815,0.0,0.1089108910891089,0.14765427233510692,1.0,-0.0,0,0
816,0.2,0.1762376237623762,0.1975836781507552,0.45213666413680437,0.34473027423826824,0,0
817,0.2,0.1455445544554455,0.17773311423617325,0.37965429613165175,0.4206116813234982,0,0
818,0.2,0.11485148514851483,0.15757201001249713,0.29446804123631243,0.5309618325164926,0,0
819,0.2,0.09702970297029702,0.14519051706790778,0.239097660420293,0.6214246734514683,0,0
820,0.2,0.06534653465346535,0.11976515267356391,0.130440226039647,0.8845884572772558,0,0
821,0.0,0.0,0.0,1.0,-0.0,0,0
822,0.2,0.06930693069306931,0.11409790329416186,0.12601207675801535,0.8995878309298326,0,0
823,0.2,0.06930693069306931,0.11409790329416186,0.12601207675801535,0.8995878309298326,0,0
824,0.2,0.06930693069306931,0.11409790329416186,0.12601207675801535,0.8995878309298326,0,0
825,0.2,0.06930693069306931,0.11409790329416186,0.12601207675801535,0.8995878309298326,0,0
826,0.2,0.06930693069306931,0.11409790329416186,0.12601207675801535,0.8995878309298326,0,0
827,0.0,0.0,0.0,1.0,-0.0,0,0
828,0.2,0.021782178217821784,0.06836703565002801,0.0045699030283054085,2.3400930154046975,0,0
829,0.2,0.021782178217821784,0.06836703565002801,0.0045699030283054085,2.3400930154046975,0,0
830,0.2,0.021782178217821784,0.06836703565002801,0.0045699030283054085,2.3400930154046975,0,0
831,0.2,0.021782178217821784,0.06836703565002801,0.0045699030283054085,2.3400930154046975,0,0
832,0.2,0.021782178217821784,0.06836703565002801,0.0045699030283054085,2.3400930154046975,0,0
833,0.0,0.0,0.0,1.0,-0.0,0,0
834,0.2,0.021782178217821784,0.06230547612891991,0.002115616449879084,2.6745630648030154,0,0
835,0.2,0.021782178217821784,0.06230547612891991,0.002115616449879084,2.6745630648030154,0,0
836,0.2,0.021782178217821784,0.06230547612891991,0.002115616449879084,2.6745630648030154,0,0
837,0.2,0.021782178217821784,0.06230547612891991,0.002115616449879084,2.6745630648030154,0,0
838,0.2,0.021782178217821784,0.06230547612891991,0.002115616449879084,2.6745630648030154,0,0
839,0.0,0.0,0.0,1.0,-0.0,0,0
840,0.2,0.019801980198019802,0.059735061897023205,0.001278047474114718,2.8934530136556162,0,0
841,0.2,0.019801980198019802,0.059735061897023205,0.001278047474114718,2.8934530136556162,0,0
842,0.2,0.019801980198019802,0.059735061897023205,0.001278047474114718,2.8934530136556162,0,0
843,0.2,0.019801980198019802,0.059735061897023205,0.001278047474114718,2.8934530136556162,0,0
844,0.2,0.019801980198019802,0.059735061897023205,0.001278047474114718,2.8934530136556162,0,0
845,0.0,0.0,0.0,1.0,-0.0,0,0
846,0.2,0.017821782178217824,0.0635517090529949,0.0020744436267099344,2.6830983626867595,0,0
847,0.2,0.09108910891089109,0.12113245340338318,0.1842981552477096,0.7344790118766933,0,0
848,0.2,0.2396039603960396,0.19502688716427927,1.0,-0.0,0,0
849,0.6,0.2732673267326733,0.19845496738800078,0.04984257496058732,1.3023995293046013,0,0
850,0.6,0.27722772277227725,0.20483327589680397,0.05753820156580844,1.2400437166940717,0,0
851,1.0,0.3069306930693069,0.21902458189385288,0.0007771625518442432,3.109488134370803,0,0
852,1.2,0.26732673267326734,0.2148492038022787,7.08985225658979e-06,5.149362814861551,0,0
853,1.4,0.1564356435643564,0.16314716771521567,1.2465196063502198e-14,13.904300886143163,0,0
854,1.0,0.14059405940594058,0.16055486574752068,4.3319888686798e-08,7.3633126679925045,0,0
855,1.2,0.20990099009900987,0.19574936009912708,2.118453293313243e-07,6.673981106683023,0,0
856,0.6,0.2198019801980198,0.2039315561653939,0.031136896187949507,1.506724681287127,0,0
857,1.0,0.29702970297029707,0.2526906477774142,0.002701748927165107,2.568355012313656,0,0
858,0.8,0.401980198019802,0.2890682190270074,0.08427063629035843,1.074323726900543,0,0
859,1.0,0.44158415841584164,0.3061311848265407,0.03406799702293737,1.4676533993777312,0,0
860,0.8,0.3722772277227722,0.28288429985629426,0.0652661619759696,1.185311925555387,0,0
861,1.0,0.38613861386138615,0.3021473324210686,0.021093920485464494,1.6758426954161219,0,0
862,0.6,0.3524752475247525,0.2357184339002452,0.1468391654180733,0.8331580925374018,0,0
863,0.8,0.24554455445544554,0.2231745542804261,0.006488449905743657,2.1878590439991945,0,0
864,0.8,0.21386138613861383,0.21481269896745528,0.0031801594413910605,2.497551105556302,0,0
865,1.4,0.2792079207920792,0.22174681471951554,2.1589856064879358e-07,6.66575025300792,0,0
866,1.2,0.20792079207920788,0.17782134115361303,1.2089810652149513e-08,7.917580500906852,0,0
867,1.8,0.2475247524752475,0.19730564288445387,1.8063529641232577e-15,14.743197383926455,0,0
868,1.6,0.21386138613861383,0.1785695099817108,4.1748942681115635e-15,14.379354518828801,0,0
869,1.6,0.24752475247524752,0.21088876492002406,7.124061639727813e-11,10.147272331533634,0,0
870,1.0,0.19405940594059404,0.1767818940250744,2.5704465262144687e-06,5.589991426463954,0,0
871,1.0,0.19405940594059404,0.1767818940250744,2.5704465262144687e-06,5.589991426463954,0,0
872,0.2,0.07524752475247526,0.11205191564986228,0.13278007588509982,0.8768670874855233,0,0
873,0.2,0.07524752475247526,0.11205191564986228,0.13278007588509982,0.8768670874855233,0,0
874,0.0,0.041584158415841586,0.0946774898050053,1.0,-0.0,0,0
875,0.2,0.12079207920792079,0.14094225464771679,0.28706194045118183,0.5420243837756052,0,0
876,0.2,0.14455445544554454,0.1492391578726081,0.35512460070634777,0.4496192415791163,0,0
877,0.2,0.1603960396039604,0.15925520208224236,0.4018032452859214,0.3959865598623439,0,0
878,0.2,0.17029702970297028,0.16503498246348225,0.4285841962189428,0.3679638473432998,0,0
879,0.4,0.23168316831683167,0.18823342001292906,0.18560956691483876,0.7313996426039882,0,0
880,0.2,0.13663366336633662,0.1460521894224616,0.3321947215859995,0.47860727255977775,0,0
881,0.2,0.11287128712871286,0.13324834725751067,0.25659387447902315,0.5907537155047866,0,0
882,0.2,0.09702970297029703,0.13383560593042218,0.22083419262354137,0.6559336822197845,0,0
883,0.4,0.11485148514851483,0.14717547862227368,0.02634377587819778,1.5793219770758335,0,0
884,0.2,0.027722772277227727,0.06910862719451544,0.0063361735559086295,2.1981729353735644,0,0
885,0.2,0.027722772277227727,0.06910862719451544,0.0063361735559086295,2.1981729353735644,0,0
886,0.2,0.027722772277227727,0.06910862719451544,0.0063361735559086295,2.1981729353735644,0,0
887,0.2,0.03762376237623762,0.08771182015980238,0.03206701867154286,1.4939414153345645,0,0
888,0.0,0.009900990099009901,0.04338396495090424,1.0,-0.0,0,0
889,0.0,0.009900990099009901,0.04338396495090424,1.0,-0.0,0,0
890,0.0,0.009900990099009901,0.04338396495090424,1.0,-0.0,0,0
891,0.0,0.009900990099009901,0.04338396495090424,1.0,-0.0,0,0
892,0.0,0.0,0.0,1.0,-0.0,0,0
893,0.0,0.0,0.0,1.0,-0.0,0,0
894,0.2,0.007920792079207921,0.03900537743285587,4.2303541670263104e-07,6.3736232717865695,0,0
895,0.2,0.007920792079207921,0.03900537743285587,4.2303541670263104e-07,6.3736232717865695,0,0
896,0.2,0.007920792079207921,0.03900537743285587,4.2303541670263104e-07,6.3736232717865695,0,0
897,0.4,0.027722772277227727,0.06910862719451544,3.5853288547446714e-08,7.445471003663998,0,0
898,0.4,0.027722772277227727,0.06910862719451544,3.5853288547446714e-08,7.445471003663998,0,0
899,0.2,0.019801980198019802,0.0597350618970232,0.0012780474741147156,2.893453013655617,0,0
900,0.2,0.019801980198019802,0.0597350618970232,0.0012780474741147156,2.893453013655617,0,0
901,0.2,0.019801980198019802,0.0597350618970232,0.0012780474741147156,2.893453013655617,0,0
902,0.0,0.0,0.0,1.0,-0.0,0,0
903,0.0,0.09702970297029702,0.14789308791950764,1.0,-0.0,0,0
904,0.0,0.10297029702970295,0.15054715096038188,1.0,-0.0,0,0
905,0.0,0.10297029702970295,0.15054715096038188,1.0,-0.0,0,0
906,0.0,0.10297029702970295,0.15054715096038188,1.0,-0.0,0,0
907,0.0,0.1069306930693069,0.15302716108009237,1.0,-0.0,0,0
908,0.0,0.009900990099009901,0.04338396495090424,1.0,-0.0,0,0
909,0.0,0.0039603960396039604,0.027863855998951064,1.0,-0.0,0,0
910,0.0,0.0059405940594059415,0.03395332316729158,1.0,-0.0,0,0
911,0.0,0.017821782178217824,0.056980176514606566,1.0,-0.0,0,0
912,0.0,0.013861386138613863,0.05079507064705211,1.0,-0.0,0,0
913,0.0,0.013861386138613863,0.05079507064705211,1.0,-0.0,0,0
914,0.0,0.013861386138613863,0.05079507064705211,1.0,-0.0,0,0
915,0.0,0.011881188118811883,0.04727657974777554,1.0,-0.0,0,0
916,0.0,0.0,0.0,1.0,-0.0,0,0
917,0.0,0.0019801980198019802,0.0198019801980198,1.0,-0.0,0,0
918,0.0,0.031683168316831684,0.08316831683168317,1.0,-0.0,0,0
919,0.0,0.09702970297029702,0.14243667729389659,1.0,-0.0,0,0
920,0.0,0.13069306930693067,0.16753458295712842,1.0,-0.0,0,0
921,0.2,0.21980198019801975,0.21155707606157345,1.0,-0.0,0,0
922,0.2,0.25346534653465347,0.2231921236214712,1.0,-0.0,0,0
923,0.2,0.3188118811881188,0.2597458282713736,1.0,-0.0,0,0
924,0.2,0.28910891089108914,0.2395957776198681,1.0,-0.0,0,0
925,0.2,0.25544554455445545,0.21821746239930154,1.0,-0.0,0,0
926,0.0,0.16831683168316827,0.17287933929280913,1.0,-0.0,0,0
927,0.4,0.5663366336633663,0.30839001528788484,1.0,-0.0,0,0
928,0.4,0.4693069306930693,0.2984257621193585,1.0,-0.0,0,0
929,0.4,0.4534653465346534,0.2896103071150199,1.0,-0.0,0,0
930,0.4,0.4534653465346534,0.2896103071150199,1.0,-0.0,0,0
931,0.4,0.45544554455445535,0.293991057830182,1.0,-0.0,0,0
932,0.0,0.021782178217821784,0.06836703565002801,1.0,-0.0,0,0
933,0.0,0.021782178217821784,0.06836703565002801,1.0,-0.0,0,0
934,0.0,0.0019801980198019802,0.019801980198019802,1.0,-0.0,0,0
935,0.0,0.0019801980198019802,0.019801980198019802,1.0,-0.0,0,0
936,0.0,0.0,0.0,1.0,-0.0,0,0
937,0.0,0.0,0.0,1.0,-0.0,0,0
938,0.0,0.0,0.0,1.0,-0.0,0,0
939,0.0,0.0,0.0,1.0,-0.0,0,0
940,0.0,0.0,0.0,1.0,-0.0,0,0
941,0.0,0.0,0.0,1.0,-0.0,0,0
942,0.0,0.0,0.0,1.0,-0.0,0,0
943,0.0,0.0,0.0,1.0,-0.0,0,0
944,0.0,0.0,0.0,1.0,-0.0,0,0
945,0.2,0.06930693069306931,0.12407485305204391,0.14609247881555887,0.8353721419916438,0,0
946,0.4,0.09306930693069307,0.1422989641443302,0.015505069835319574,1.8095262733463173,0,0
947,0.4,0.09306930693069307,0.1422989641443302,0.015505069835319574,1.8095262733463173,0,0
948,0.6,0.16831683168316827,0.18823342001292906,0.010914228668240314,1.9620069513853253,0,0
949,0.6,0.16831683168316827,0.18823342001292906,0.010914228668240314,1.9620069513853253,0,0
950,0.4,0.09702970297029703,0.1367627457412436,0.01336979349634493,1.873875300598187,0,0
951,0.2,0.07326732673267328,0.12177815335858849,0.14901092980675446,0.8267818753416014,0,0
952,0.2,0.07326732673267328,0.12177815335858849,0.14901092980675446,0.8267818753416014,0,0
953,0.0,0.0,0.0,1.0,-0.0,0,0
954,0.2,0.025742574257425748,0.06697637435757531,0.004637140001348011,2.3337497919853583,0,0
955,0.4,0.0613861386138614,0.10046456153636296,0.0003751858686978896,3.425753527601354,0,0
956,0.4,0.0613861386138614,0.10046456153636296,0.0003751858686978896,3.425753527601354,0,0
957,0.4,0.0613861386138614,0.10046456153636296,0.0003751858686978896,3.425753527601354,0,0
958,0.6,0.1386138613861386,0.1585642868844958,0.001808454639093772,2.7426923800393985,0,0
959,0.4,0.1108910891089109,0.15018206119491914,0.0271111626775014,1.566851857056345,0,0
960,0.2,0.07524752475247526,0.11891084986932621,0.1470600443380226,0.8325053074261874,0,0
961,0.2,0.07524752475247526,0.11891084986932621,0.1470600443380226,0.8325053074261874,0,0
962,0.2,0.07524752475247526,0.11891084986932621,0.1470600443380226,0.8325053074261874,0,0
963,0.2,0.05544554455445545,0.09384550979067556,0.06173814835066577,1.209446400010181,0,0
964,0.2,0.0910891089108911,0.11781762202489916,0.1776384260682664,0.7504630834655707,0,0
965,0.2,0.0910891089108911,0.11781762202489916,0.1776384260682664,0.7504630834655707,0,0
966,0.2,0.0910891089108911,0.11781762202489916,0.1776384260682664,0.7504630834655707,0,0
967,0.2,0.0910891089108911,0.11781762202489916,0.1776384260682664,0.7504630834655707,0,0
968,0.0,0.03564356435643565,0.07653920035678292,1.0,-0.0,0,0
969,0.0,0.0,0.0,1.0,-0.0,0,0
970,0.0,0.0,0.0,1.0,-0.0,0,0
971,0.0,0.0,0.0,1.0,-0.0,0,0
972,0.0,0.0,0.0,1.0,-0.0,0,0
973,0.0,0.0,0.0,1.0,-0.0,0,0
974,0.2,0.08514851485148514,0.12379009590564581,0.17675768599419256,0.7526216925958916,0,0
975,0.2,0.08514851485148514,0.12379009590564581,0.17675768599419256,0.7526216925958916,0,0
976,0.2,0.08514851485148514,0.12379009590564581,0.17675768599419256,0.7526216925958916,0,0
977,0.2,0.08514851485148514,0.12379009590564581,0.17675768599419256,0.7526216925958916,0,0
978,0.2,0.17425742574257427,0.1859700100098835,0.44495295925211903,0.35168590051817844,0,0
979,0.0,0.08712871287128714,0.13324834725751067,1.0,-0.0,0,0
980,0.0,0.08712871287128714,0.13324834725751067,1.0,-0.0,0,0
981,0.0,0.1267326732673267,0.15599637537608815,1.0,-0.0,0,0
982,0.0,0.1267326732673267,0.15599637537608815,1.0,-0.0,0,0
983,0.0,0.03960396039603961,0.08452453849668534,1.0,-0.0,0,0
984,0.0,0.09306930693069305,0.13368903310588712,1.0,-0.0,0,0
985,0.0,0.09306930693069305,0.13368903310588712,1.0,-0.0,0,0
986,0.0,0.05346534653465347,0.09704990696905226,1.0,-0.0,0,0
987,0.0,0.07326732673267328,0.11159606181073561,1.0,-0.0,0,0
988,0.0,0.07326732673267328,0.11159606181073561,1.0,-0.0,0,0
989,0.0,0.019801980198019802,0.059735061897023205,1.0,-0.0,0,0
990,0.0,0.04356435643564357,0.08255312311158745,1.0,-0.0,0,0
991,0.0,0.04356435643564357,0.08255312311158745,1.0,-0.0,0,0
992,0.0,0.023762376237623766,0.06471340450838887,1.0,-0.0,0,0
993,0.0,0.04554455445544555,0.08846854615322249,1.0,-0.0,0,0
994,0.0,0.04554455445544555,0.08846854615322249,1.0,-0.0,0,0
995,0.0,0.021782178217821784,0.06230547612891991,1.0,-0.0,0,0
996,0.0,0.021782178217821784,0.06230547612891991,1.0,-0.0,0,0
997,0.0,0.021782178217821784,0.06230547612891991,1.0,-0.0,0,0
998,0.0,0.0,0.0,1.0,-0.0,0,0
999,0.0,0.0,0.0,1.0,-0.0,0,0
1000,0.0,0.0,0.0,1.0,-0.0,0,0
1001,0.0,0.0,0.0,1.0,-0.0,0,0
1002,0.0,0.0,0.0,1.0,-0.0,0,0
1003,0.0,0.0,0.0,1.0,-0.0,0,0
1004,0.0,0.0297029702970297,0.07648795214189293,1.0,-0.0,0,0
1005,0.0,0.0297029702970297,0.07648795214189293,1.0,-0.0,0,0
1006,0.0,0.0891089108910891,0.12097048989545554,1.0,-0.0,0,0
1007,0.0,0.0891089108910891,0.12097048989545554,1.0,-0.0,0,0
1008,0.0,0.09504950495049502,0.12457948087149172,1.0,-0.0,0,0
1009,0.0,0.06534653465346535,0.11295810453031022,1.0,-0.0,0,0
1010,0.0,0.12277227722772276,0.15407416763506465,1.0,-0.0,0,0
1011,0.0,0.19603960396039602,0.2029099161576158,1.0,-0.0,0,0
1012,0.0,0.4613861386138614,0.2880354409676117,1.0,-0.0,0,0
1013,0.2,0.5108910891089109,0.30112034701418394,1.0,-0.0,0,0
1014,0.4,0.5524752475247526,0.31983722945853416,1.0,-0.0,0,0
1015,0.4,0.4930693069306931,0.286410847235874,1.0,-0.0,0,0
1016,0.4,0.38217821782178224,0.28298131331229726,0.4748917511642366,0.32340537401656494,0,0
1017,0.4,0.11485148514851483,0.14984225277142663,0.02852083524388324,1.5448377601491354,0,0
1018,0.2,0.05940594059405942,0.10733330877518932,0.0951177364230414,1.0217384934469724,0,0
1019,0.0,0.019801980198019802,0.059735061897023205,1.0,-0.0,0,0
1020,0.0,0.019801980198019802,0.059735061897023205,1.0,-0.0,0,0
1021,0.2,0.13366336633663364,0.15687368174525432,0.33619631210162443,0.47340705485460505,0,0
1022,0.2,0.45940594059405937,0.3051304599486451,1.0,-0.0,0,0
1023,0.4,0.4772277227722772,0.3017707437869107,1.0,-0.0,0,0
1024,0.4,0.6257425742574257,0.36658808603266957,1.0,-0.0,0,0
1025,0.4,0.7188118811881188,0.3735600396524955,1.0,-0.0,0,0
1026,0.2,0.5861386138613862,0.31372236668821507,1.0,-0.0,0,0
1027,0.2,0.3455445544554456,0.25621956567889714,1.0,-0.0,0,0
1028,0.0,0.42772277227722766,0.2925202241907922,1.0,-0.0,0,0
1029,0.0,0.4118811881188118,0.2696852322571599,1.0,-0.0,0,0
1030,0.0,0.38217821782178224,0.24551261370025929,1.0,-0.0,0,0
1031,0.0,0.7128712871287128,0.35085845678895,1.0,-0.0,0,0
1032,0.0,0.6534653465346535,0.3689869343351177,1.0,-0.0,0,0
1033,0.0,0.8950495049504951,0.4310650493338339,1.0,-0.0,0,0
1034,0.0,0.9247524752475248,0.4220191775929732,1.0,-0.0,0,0
1035,0.0,1.0910891089108912,0.4445709935400935,1.0,-0.0,0,0
1036,0.0,0.8613861386138614,0.3967617179088237,1.0,-0.0,0,0
1037,0.0,0.8712871287128713,0.4035330684827235,1.0,-0.0,0,0
1038,0.0,0.7425742574257426,0.3983496982672349,1.0,-0.0,0,0
1039,0.0,0.6396039603960395,0.38178299987586695,1.0,-0.0,0,0
1040,0.0,0.5742574257425743,0.3708842698912682,1.0,-0.0,0,0
1041,0.0,0.6237623762376238,0.37998137391857323,1.0,-0.0,0,0
1042,0.0,0.6376237623762375,0.37412643734240136,1.0,-0.0,0,0
1043,0.0,0.5089108910891089,0.29721446398881135,1.0,-0.0,0,0
1044,0.0,0.6792079207920791,0.35273102300581155,1.0,-0.0,0,0
1045,0.2,0.6891089108910892,0.3576327531955369,1.0,-0.0,0,0
1046,0.2,0.5584158415841585,0.35299772156801884,1.0,-0.0,0,0
1047,0.2,0.5287128712871287,0.35664460321536734,1.0,-0.0,0,0
1048,0.2,0.44752475247524753,0.3271824087496694,1.0,-0.0,0,0
1049,0.2,0.21782178217821782,0.19920437766272145,1.0,-0.0,0,0
1050,0.0,0.041584158415841586,0.08116396646304633,1.0,-0.0,0,0
1051,0.2,0.20396039603960395,0.19896802672602726,1.0,-0.0,0,0
1052,0.2,0.19405940594059404,0.1938774657314743,0.48777793314902673,0.3117778508619443,0,0
1053,0.2,0.23564356435643558,0.2113530940851696,1.0,-0.0,0,0
1054,0.2,0.3940594059405941,0.2720737313354882,1.0,-0.0,0,0
1055,0.4,0.4693069306930693,0.27637776352265986,1.0,-0.0,0,0
1056,0.2,0.32079207920792085,0.23391495098367848,1.0,-0.0,0,0
1057,0.2,0.3108910891089109,0.23118334847835673,1.0,-0.0,0,0
1058,0.2,0.2693069306930693,0.21697404793365954,1.0,-0.0,0,0
1059,0.2,0.11089108910891086,0.14752142995793405,0.27290837483526303,0.563983136778129,0,0
1060,0.0,0.03564356435643565,0.08626938974571076,1.0,-0.0,0,0
1061,0.0,0.0,0.0,1.0,-0.0,0,0
1062,0.0,0.0,0.0,1.0,-0.0,0,0
1063,0.0,0.0,0.0,1.0,-0.0,0,0
1064,0.0,0.0,0.0,1.0,-0.0,0,0
1065,0.0,0.0,0.0,1.0,-0.0,0,0
1066,0.0,0.0,0.0,1.0,-0.0,0,0
1067,0.0,0.0,0.0,1.0,-0.0,0,0
1068,0.0,0.0,0.0,1.0,-0.0,0,0
1069,0.0,0.0,0.0,1.0,-0.0,0,0
1070,0.0,0.0,0.0,1.0,-0.0,0,0
1071,0.0,0.0,0.0,1.0,-0.0,0,0
1072,0.0,0.0,0.0,1.0,-0.0,0,0
1073,0.0,0.0,0.0,1.0,-0.0,0,0
1074,0.0,0.0,0.0,1.0,-0.0,0,0
1075,0.0,0.0,0.0,1.0,-0.0,0,0
1076,0.0,0.0,0.0,1.0,-0.0,0,0
1077,0.0,0.0,0.0,1.0,-0.0,0,0
1078,0.2,0.013861386138613863,0.05079507064705211,0.00012391038159364294,3.90689230556944,0,0
1079,0.2,0.11287128712871286,0.13324834725751067,0.25659387447902315,0.5907537155047866,0,0
1080,0.4,0.25148514851485143,0.21554162097723212,0.24540189023210535,0.6101220964003297,0,0
1081,0.4,0.31881188118811876,0.23238448478701937,0.36340585484772214,0.43960808003410723,0,0
1082,0.4,0.41782178217821786,0.2611460043062897,1.0,-0.0,0,0
1083,0.2,0.403960396039604,0.265479499713556,1.0,-0.0,0,0
1084,0.2,0.30297029702970296,0.23982478981707217,1.0,-0.0,0,0
1085,0.0,0.16633663366336632,0.17591471140208165,1.0,-0.0,0,0
1086,0.0,0.09702970297029702,0.13962853515884507,1.0,-0.0,0,0
1087,0.0,0.039603960396039604,0.08908690597387718,1.0,-0.0,0,0
1088,0.0,0.039603960396039604,0.08908690597387718,1.0,-0.0,0,0
1089,0.0,0.039603960396039604,0.08908690597387718,1.0,-0.0,0,0
1090,0.0,0.057425742574257435,0.09885135821266286,1.0,-0.0,0,0
1091,0.0,0.08514851485148513,0.1172170185104851,1.0,-0.0,0,0
1092,0.0,0.057425742574257435,0.11021718851545144,1.0,-0.0,0,0
1093,0.0,0.37821782178217817,0.25314026182658417,1.0,-0.0,0,0
1094,0.2,0.7207920792079209,0.37345505692281294,1.0,-0.0,0,0
1095,0.2,0.7029702970297032,0.3676135092553598,1.0,-0.0,0,0
1096,0.2,0.6752475247524753,0.3547153204098705,1.0,-0.0,0,0
1097,0.2,0.6633663366336634,0.3491780368823835,1.0,-0.0,0,0
1098,0.2,0.3425742574257426,0.2538209139669599,1.0,-0.0,0,0
1099,0.0,0.0,0.0,1.0,-0.0,0,0
1100,0.0,0.0,0.0,1.0,-0.0,0,0
1101,0.0,0.0,0.0,1.0,-0.0,0,0
1102,0.0,0.0,0.0,1.0,-0.0,0,0
1103,0.0,0.0,0.0,1.0,-0.0,0,0
1104,0.0,0.0,0.0,1.0,-0.0,0,0
1105,0.0,0.0,0.0,1.0,-0.0,0,0
1106,0.0,0.0712871287128713,0.10747934055534188,1.0,-0.0,0,0
1107,0.0,0.2732673267326733,0.20240684893751504,1.0,-0.0,0,0
1108,0.0,0.304950495049505,0.21543243990430327,1.0,-0.0,0,0
1109,0.0,0.4574257425742574,0.2674953630220718,1.0,-0.0,0,0
1110,0.0,0.8356435643564357,0.3416860229804061,1.0,-0.0,0,0
1111,0.0,0.8336633663366337,0.3571829349983203,1.0,-0.0,0,0
1112,0.0,0.6316831683168317,0.3420759839942076,1.0,-0.0,0,0
1113,0.0,0.6613861386138615,0.34782785574707,1.0,-0.0,0,0
1114,0.0,0.60990099009901,0.3381677334395074,1.0,-0.0,0,0
1115,0.0,0.23168316831683167,0.21384305018572392,1.0,-0.0,0,0
1116,0.0,0.16237623762376235,0.1817688038394126,1.0,-0.0,0,0
1117,0.0,0.16237623762376235,0.1817688038394126,1.0,-0.0,0,0
1118,0.0,0.1069306930693069,0.15041686348382532,1.0,-0.0,0,0
1119,0.0,0.007920792079207921,0.04809884277818267,1.0,-0.0,0,0
1120,0.0,0.007920792079207921,0.04809884277818267,1.0,-0.0,0,0
1121,0.0,0.007920792079207921,0.04809884277818267,1.0,-0.0,0,0
1122,0.2,0.6574257425742573,0.36188355838911684,1.0,-0.0,0,0
1123,0.2,0.6772277227722773,0.37121187356149055,1.0,-0.0,0,0
1124,0.2,0.6811881188118811,0.36929498560566837,1.0,-0.0,0,0
1125,0.4,0.8217821782178217,0.3908872771589788,1.0,-0.0,0,0
1126,0.4,1.1118811881188118,0.4362956415939035,1.0,-0.0,0,0
1127,0.2,0.4613861386138614,0.2575475720853721,1.0,-0.0,0,0
1128,0.2,0.6495049504950494,0.33229587268757277,1.0,-0.0,0,0
1129,0.2,1.075247524752475,0.4708126407520225,1.0,-0.0,0,0
1130,0.0,1.0217821782178216,0.43682109086553766,1.0,-0.0,0,0
1131,0.0,0.7742574257425743,0.39568300777627297,1.0,-0.0,0,0
1132,0.0,0.7861386138613862,0.39926410102882515,1.0,-0.0,0,0
1133,0.0,0.798019801980198,0.3738957863012395,1.0,-0.0,0,0
1134,0.0,0.5465346534653467,0.31577795069585207,1.0,-0.0,0,0
1135,0.0,0.4752475247524752,0.28263468377761275,1.0,-0.0,0,0
1136,0.0,0.4871287128712872,0.2983994818355579,1.0,-0.0,0,0
1137,0.0,0.4950495049504952,0.30389427474456837,1.0,-0.0,0,0
1138,0.0,0.36039603960396055,0.25643373216918297,1.0,-0.0,0,0
1139,0.0,0.18217821782178212,0.18476425418501982,1.0,-0.0,0,0
1140,0.0,0.16633663366336632,0.1713529319032391,1.0,-0.0,0,0
1141,0.0,0.11089108910891088,0.1420507440353343,1.0,-0.0,0,0
1142,0.0,0.09108910891089109,0.1243589581632284,1.0,-0.0,0,0
1143,0.0,0.0,0.0,1.0,-0.0,0,0
1144,0.0,0.0,0.0,1.0,-0.0,0,0
1145,0.0,0.0,0.0,1.0,-0.0,0,0
1146,0.0,0.0,0.0,1.0,-0.0,0,0
1147,0.0,0.0,0.0,1.0,-0.0,0,0
1148,0.0,0.0,0.0,1.0,-0.0,0,0
1149,0.2,0.05346534653465347,0.09704990696905227,0.06553578757099196,1.183521477104809,0,0
1150,0.2,0.07326732673267328,0.12177815335858849,0.14901092980675446,0.8267818753416014,0,0
1151,0.2,0.39207920792079215,0.2593530291438781,1.0,-0.0,0,0
1152,0.2,0.40594059405940597,0.266187524972776,1.0,-0.0,0,0
1153,0.2,0.4316831683168317,0.27536858937381387,1.0,-0.0,0,0
1154,0.0,0.4554455445544555,0.28440497117431657,1.0,-0.0,0,0
1155,0.0,0.45148514851485155,0.2795377589706344,1.0,-0.0,0,0
1156,0.0,0.16633663366336632,0.1517405470151922,1.0,-0.0,0,0
1157,0.0,0.16831683168316827,0.1534621526336441,1.0,-0.0,0,0
1158,0.0,0.14455445544554454,0.1492391578726081,1.0,-0.0,0,0
1159,0.0,0.06534653465346535,0.1197651526735639,1.0,-0.0,0,0
1160,0.0,0.07722772277227724,0.122580495370631,1.0,-0.0,0,0
1161,0.0,0.06534653465346535,0.12930556607773872,1.0,-0.0,0,0
1162,0.0,0.0712871287128713,0.11461224656227947,1.0,-0.0,0,0
1163,0.0,0.08514851485148514,0.12379009590564582,1.0,-0.0,0,0
1164,0.0,0.08514851485148514,0.12379009590564582,1.0,-0.0,0,0
1165,0.0,0.05742574257425742,0.10277971700879983,1.0,-0.0,0,0
1166,0.0,0.03762376237623763,0.08771182015980238,1.0,-0.0,0,0
1167,0.0,0.015841584158415842,0.054012600780142014,1.0,-0.0,0,0
1168,0.0,0.0,0.0,1.0,-0.0,0,0
1169,0.0,0.0,0.0,1.0,-0.0,0,0
1170,0.0,0.0,0.0,1.0,-0.0,0,0
1171,0.0,0.0,0.0,1.0,-0.0,0,0
1172,0.0,0.0,0.0,1.0,-0.0,0,0
1173,0.0,0.0,0.0,1.0,-0.0,0,0
1174,0.0,0.0,0.0,1.0,-0.0,0,0
1175,0.0,0.0,0.0,1.0,-0.0,0,0
1176,0.0,0.0,0.0,1.0,-0.0,0,0
1177,0.0,0.0,0.0,1.0,-0.0,0,0
1178,0.0,0.0297029702970297,0.07112192077650681,1.0,-0.0,0,0
1179,0.0,0.039603960396039604,0.07970143286137867,1.0,-0.0,0,0
1180,0.0,0.039603960396039604,0.07970143286137867,1.0,-0.0,0,0
1181,0.0,0.13663366336633664,0.15137833547418927,1.0,-0.0,0,0
1182,0.0,0.2099009900990099,0.19371559764587087,1.0,-0.0,0,0
1183,0.0,0.1801980198019802,0.18348647776016436,1.0,-0.0,0,0
1184,0.0,0.19999999999999998,0.20098766032759424,1.0,-0.0,0,0
1185,0.0,0.19999999999999998,0.20098766032759424,1.0,-0.0,0,0
1186,0.0,0.10297029702970295,0.1367627457412436,1.0,-0.0,0,0
1187,0.0,0.04950495049504951,0.09504950495049506,1.0,-0.0,0,0
1188,0.0,0.08316831683168319,0.12978985828256584,1.0,-0.0,0,0
1189,0.0,0.12871287128712872,0.1556440682228007,1.0,-0.0,0,0
1190,0.0,0.2356435643564356,0.21690174734920176,1.0,-0.0,0,0
1191,0.0,0.3188118811881188,0.23238448478701937,1.0,-0.0,0,0
1192,0.0,0.411881188118812,0.2696852322571599,1.0,-0.0,0,0
1193,0.0,0.4495049504950495,0.26462144168837715,1.0,-0.0,0,0
1194,0.0,0.4752475247524752,0.2769730088697958,1.0,-0.0,0,0
1195,0.0,0.45346534653465337,0.284087685680976,1.0,-0.0,0,0
1196,0.0,0.45544554455445546,0.2759233813600056,1.0,-0.0,0,0
1197,0.0,0.4415841584158416,0.3009119231463228,1.0,-0.0,0,0
1198,0.0,0.502970297029703,0.3191745062726145,1.0,-0.0,0,0
1199,0.0,0.4217821782178218,0.2562501718506217,1.0,-0.0,0,0
1200,0.0,0.5089108910891089,0.2572124020772993,1.0,-0.0,0,0
1201,0.0,0.6514851485148515,0.30656637592655256,1.0,-0.0,0,0
1202,0.0,0.6475247524752475,0.2967127021297483,1.0,-0.0,0,0
1203,0.0,0.78019801980198,0.3359690585647888,1.0,-0.0,0,0
1204,0.0,0.7663366336633664,0.33545512979162995,1.0,-0.0,0,0
1205,0.0,0.594059405940594,0.2903810341358156,1.0,-0.0,0,0
1206,0.0,0.36831683168316826,0.22990772710811866,1.0,-0.0,0,0
1207,0.0,0.29504950495049503,0.22619374750564172,1.0,-0.0,0,0
1208,0.0,0.03564356435643565,0.08626938974571076,1.0,-0.0,0,0
1209,0.0,0.0297029702970297,0.07648795214189293,1.0,-0.0,0,0
1210,0.0,0.03564356435643565,0.09074407316744237,1.0,-0.0,0,0
1211,0.0,0.03564356435643565,0.09074407316744237,1.0,-0.0,0,0
1212,0.0,0.01386138613861386,0.05079507064705211,1.0,-0.0,0,0
1213,0.0,0.06930693069306931,0.11751770396006173,1.0,-0.0,0,0
1214,0.0,0.09702970297029702,0.13383560593042218,1.0,-0.0,0,0
1215,0.0,0.19999999999999998,0.1779976637959939,1.0,-0.0,0,0
1216,0.0,0.25346534653465347,0.19879057911201875,1.0,-0.0,0,0
1217,0.0,0.3188118811881188,0.22370103426252744,1.0,-0.0,0,0
1218,0.0,0.300990099009901,0.2297200403353468,1.0,-0.0,0,0
1219,0.0,0.37029702970297035,0.25699888448170494,1.0,-0.0,0,0
1220,0.0,0.30099009900990104,0.249552093613183,1.0,-0.0,0,0
1221,0.0,0.30693069306930687,0.24786511252782337,1.0,-0.0,0,0
1222,0.0,0.45544554455445535,0.2744843040562034,1.0,-0.0,0,0
1223,0.0,0.5445544554455446,0.28992154880302884,1.0,-0.0,0,0
1224,0.0,0.5049504950495048,0.2678762229399739,1.0,-0.0,0,0
1225,0.0,0.4871287128712872,0.2806157890368237,1.0,-0.0,0,0
1226,0.0,0.4297029702970298,0.26006265599020995,1.0,-0.0,0,0
1227,0.0,0.21386138613861383,0.17856950998171084,1.0,-0.0,0,0
1228,0.0,0.08118811881188118,0.13254020222321994,1.0,-0.0,0,0
1229,0.0,0.023762376237623766,0.06471340450838887,1.0,-0.0,0,0
1230,0.0,0.0019801980198019802,0.019801980198019802,1.0,-0.0,0,0
1231,0.0,0.06534653465346535,0.11641139371642828,1.0,-0.0,0,0
1232,0.0,0.15049504950495046,0.16981280455064035,1.0,-0.0,0,0
1233,0.0,0.15049504950495046,0.16981280455064035,1.0,-0.0,0,0
1234,0.0,0.20990099009900992,0.19975477565019395,1.0,-0.0,0,0
1235,0.0,0.2673267326732673,0.2166847008498613,1.0,-0.0,0,0
1236,0.0,0.20198019801980197,0.1856112183041662,1.0,-0.0,0,0
1237,0.0,0.11683168316831684,0.15225649732072147,1.0,-0.0,0,0
1238,0.0,0.11683168316831684,0.15225649732072147,1.0,-0.0,0,0
1239,0.0,0.05742574257425742,0.10656335878870263,1.0,-0.0,0,0
1240,0.0,0.0,0.0,1.0,-0.0,0,0
1241,0.0,0.0,0.0,1.0,-0.0,0,0
1242,0.0,0.0,0.0,1.0,-0.0,0,0
1243,0.0,0.05544554455445544,0.1019369320889802,1.0,-0.0,0,0
1244,0.0,0.05544554455445544,0.1019369320889802,1.0,-0.0,0,0
1245,0.0,0.06534653465346535,0.1129581045303102,1.0,-0.0,0,0
1246,0.0,0.13267326732673265,0.14698885988036148,1.0,-0.0,0,0
1247,0.0,0.15247524752475244,0.15707352091130253,1.0,-0.0,0,0
1248,0.0,0.15445544554455443,0.16381875548472422,1.0,-0.0,0,0
1249,0.0,0.15445544554455443,0.16381875548472422,1.0,-0.0,0,0
1250,0.0,0.1861386138613861,0.187230838076401,1.0,-0.0,0,0
1251,0.0,0.42376237623762375,0.30609275590597673,1.0,-0.0,0,0
1252,0.0,0.6673267326732673,0.35741340040674846,1.0,-0.0,0,0
1253,0.0,0.6534653465346534,0.36358074986228917,1.0,-0.0,0,0
1254,0.0,0.7346534653465345,0.39712721945062573,1.0,-0.0,0,0
1255,0.0,0.7584158415841583,0.39733451670460973,1.0,-0.0,0,0
1256,0.0,0.5980198019801981,0.34064010740985623,1.0,-0.0,0,0
1257,0.0,0.35247524752475257,0.26573047441134656,1.0,-0.0,0,0
1258,0.0,0.3702970297029703,0.27915876261305606,1.0,-0.0,0,0
1259,0.0,0.5267326732673269,0.33028373314167647,1.0,-0.0,0,0
1260,0.0,0.714851485148515,0.3574901891927686,1.0,-0.0,0,0
1261,0.0,0.6019801980198018,0.30245863738807965,1.0,-0.0,0,0
1262,0.0,0.5841584158415841,0.3013936846090889,1.0,-0.0,0,0
1263,0.0,0.6851485148514851,0.3496493685302977,1.0,-0.0,0,0
1264,0.0,0.700990099009901,0.3522192863040646,1.0,-0.0,0,0
1265,0.0,0.7118811881188118,0.34506051376673713,1.0,-0.0,0,0
1266,0.0,0.7504950495049505,0.37167636363161877,1.0,-0.0,0,0
1267,0.0,0.8415841584158416,0.3953360086673667,1.0,-0.0,0,0
1268,0.0,0.8732673267326735,0.40951337678290894,1.0,-0.0,0,0
1269,0.0,0.7782178217821781,0.3806206396998886,1.0,-0.0,0,0
1270,0.0,0.5663366336633664,0.3354551297916299,1.0,-0.0,0,0
1271,0.0,0.49504950495049505,0.30389427474456837,1.0,-0.0,0,0
1272,0.0,0.5326732673267327,0.2832306239005012,1.0,-0.0,0,0
1273,0.2,0.6217821782178218,0.3457246544753311,1.0,-0.0,0,0
1274,0.2,0.47722772277227726,0.31209328007676107,1.0,-0.0,0,0
1275,0.2,0.43564356435643564,0.2996975896313811,1.0,-0.0,0,0
1276,0.2,0.43564356435643564,0.2996975896313811,1.0,-0.0,0,0
1277,0.2,0.306930693069307,0.24626212619992896,1.0,-0.0,0,0
1278,0.0,0.02772277227722773,0.07461957893630405,1.0,-0.0,0,0
1279,0.0,0.17029702970297025,0.1853786889262329,1.0,-0.0,0,0
1280,0.0,0.41188118811881197,0.2811881188118812,1.0,-0.0,0,0
1281,0.0,0.47326732673267335,0.3014457208119298,1.0,-0.0,0,0
1282,0.0,0.47326732673267335,0.3014457208119298,1.0,-0.0,0,0
1283,0.2,0.724752475247525,0.3700163069979054,1.0,-0.0,0,0
1284,0.2,0.7742574257425744,0.365506149897885,1.0,-0.0,0,0
1285,0.2,0.6118811881188119,0.3231304578872594,1.0,-0.0,0,0
1286,0.2,0.6039603960396039,0.33059226542113596,1.0,-0.0,0,0
1287,0.4,0.691089108910891,0.37180294203134856,1.0,-0.0,0,0
1288,0.2,0.4435643564356436,0.3052075552781144,1.0,-0.0,0,0
1289,0.2,0.23762376237623759,0.23998823615909892,1.0,-0.0,0,0
1290,0.2,0.1504950495049505,0.16746435256923542,0.3837621134454221,0.41593790279951487,0,0
1291,0.2,0.09504950495049506,0.1337769960717191,0.2163680383709738,0.6648068922914055,0,0
1292,0.0,0.007920792079207921,0.03900537743285587,1.0,-0.0,0,0
1293,0.0,0.0,0.0,1.0,-0.0,0,0
1294,0.2,0.28316831683168314,0.2375907567836934,1.0,-0.0,0,0
1295,0.4,0.5663366336633665,0.2952687071974508,1.0,-0.0,0,0
1296,0.4,0.6970297029702971,0.29733317830291617,1.0,-0.0,0,0
1297,0.4,0.8277227722772277,0.33184715910517576,1.0,-0.0,0,0
1298,1.0,0.9841584158415843,0.3886337259222662,0.48374271819332043,0.3153855593833916,0,0
1299,0.8,0.7683168316831682,0.352341725739221,0.4641747169194696,0.33331851877324387,0,0
1300,0.6,0.7603960396039604,0.38385207751171263,1.0,-0.0,0,0
1301,0.8,1.0712871287128714,0.4543162926802493,1.0,-0.0,0,0
1302,0.8,1.1326732673267328,0.44878469796434495,1.0,-0.0,0,0
1303,0.2,1.0613861386138617,0.4366774410599135,1.0,-0.0,0,0
1304,0.2,1.2297029702970297,0.4934310176702496,1.0,-0.0,0,0
1305,0.4,1.0910891089108912,0.43557155120372343,1.0,-0.0,0,0
1306,0.4,0.7366336633663365,0.3909173704888874,1.0,-0.0,0,0
1307,0.6,0.6415841584158416,0.3585635054935408,1.0,-0.0,0,0
1308,0.8,0.9148514851485147,0.4234198671341874,1.0,-0.0,0,0
1309,0.8,0.6792079207920793,0.36487264336731945,0.3703023337764727,0.43144355086427544,0,0
1310,0.6,0.6099009900990099,0.3462686390579709,1.0,-0.0,0,0
1311,0.4,0.6415841584158416,0.3225109796987878,1.0,-0.0,0,0
1312,0.4,0.7524752475247525,0.3941638749028176,1.0,-0.0,0,0
1313,0.2,0.42772277227722766,0.2517734373178575,1.0,-0.0,0,0
1314,0.2,0.42772277227722766,0.2517734373178575,1.0,-0.0,0,0
1315,0.2,0.36435643564356435,0.22584677115854657,1.0,-0.0,0,0
1316,0.2,0.2435643564356435,0.17711429524750807,1.0,-0.0,0,0
1317,0.0,0.04554455445544555,0.08387254884969257,1.0,-0.0,0,0
1318,0.0,0.009900990099009901,0.04338396495090425,1.0,-0.0,0,0
1319,0.0,0.009900990099009901,0.04338396495090425,1.0,-0.0,0,0
1320,0.0,0.009900990099009901,0.04338396495090425,1.0,-0.0,0,0
1321,0.0,0.009900990099009901,0.04338396495090425,1.0,-0.0,0,0
1322,0.0,0.0,0.0,1.0,-0.0,0,0
1323,0.0,0.0,0.0,1.0,-0.0,0,0
1324,0.0,0.033663366336633666,0.07482947971362847,1.0,-0.0,0,0
1325,0.0,0.033663366336633666,0.07482947971362847,1.0,-0.0,0,0
1326,0.0,0.06336633663366337,0.10504385908811757,1.0,-0.0,0,0
1327,0.0,0.06336633663366337,0.10504385908811757,1.0,-0.0,0,0
1328,0.0,0.0712871287128713,0.11110305060677653,1.0,-0.0,0,0
1329,0.0,0.03762376237623763,0.07816140339006158,1.0,-0.0,0,0
1330,0.0,0.05346534653465348,0.09287951999650357,1.0,-0.0,0,0
1331,0.0,0.023762376237623766,0.06471340450838887,1.0,-0.0,0,0
1332,0.0,0.023762376237623766,0.06471340450838887,1.0,-0.0,0,0
1333,0.0,0.015841584158415842,0.054012600780142014,1.0,-0.0,0,0
1334,0.0,0.015841584158415842,0.054012600780142014,1.0,-0.0,0,0
1335,0.0,0.0,0.0,1.0,-0.0,0,0
1336,0.0,0.0,0.0,1.0,-0.0,0,0
1337,0.0,0.0,0.0,1.0,-0.0,0,0
1338,0.0,0.0,0.0,1.0,-0.0,0,0
1339,0.0,0.0,0.0,1.0,-0.0,0,0
1340,0.0,0.0,0.0,1.0,-0.0,0,0
1341,0.0,0.07524752475247526,0.11205191564986228,1.0,-0.0,0,0
1342,0.0,0.08514851485148514,0.12379009590564582,1.0,-0.0,0,0
1343,0.0,0.1188118811881188,0.14939672169394075,1.0,-0.0,0,0
1344,0.0,0.12475247524752477,0.15376846462033406,1.0,-0.0,0,0
1345,0.0,0.18217821782178212,0.18042635951740818,1.0,-0.0,0,0
1346,0.0,0.12673267326732673,0.15343659903216247,1.0,-0.0,0,0
1347,0.0,0.11683168316831682,0.14696218071508493,1.0,-0.0,0,0
1348,0.0,0.08316831683168317,0.13280619910579972,1.0,-0.0,0,0
1349,0.0,0.07722772277227724,0.13191745702927898,1.0,-0.0,0,0
1350,0.0,0.021782178217821784,0.06230547612891991,1.0,-0.0,0,0
1351,0.0,0.0,0.0,1.0,-0.0,0,0
1352,0.0,0.0,0.0,1.0,-0.0,0,0
1353,0.0,0.0,0.0,1.0,-0.0,0,0
1354,0.0,0.017821782178217824,0.05698017651460656,1.0,-0.0,0,0
1355,0.0,0.07524752475247526,0.11891084986932618,1.0,-0.0,0,0
1356,0.0,0.09504950495049505,0.1277189346265117,1.0,-0.0,0,0
1357,0.0,0.13069306930693067,0.1419402846531281,1.0,-0.0,0,0
1358,0.0,0.13069306930693067,0.1419402846531281,1.0,-0.0,0,0
1359,0.0,0.11089108910891088,0.12734998170941406,1.0,-0.0,0,0
1360,0.0,0.05346534653465347,0.09287951999650358,1.0,-0.0,0,0
1361,0.0,0.033663366336633666,0.07482947971362845,1.0,-0.0,0,0
1362,0.0,0.0,0.0,1.0,-0.0,0,0
1363,0.0,0.0,0.0,1.0,-0.0,0,0
1364,0.0,0.0,0.0,1.0,-0.0,0,0
1365,0.0,0.0,0.0,1.0,-0.0,0,0
1366,0.0,0.0,0.0,1.0,-0.0,0,0
1367,0.0,0.0,0.0,1.0,-0.0,0,0
1368,0.0,0.0,0.0,1.0,-0.0,0,0
1369,0.0,0.0,0.0,1.0,-0.0,0,0
1370,0.0,0.0,0.0,1.0,-0.0,0,0
1371,0.0,0.0,0.0,1.0,-0.0,0,0
1372,0.0,0.0,0.0,1.0,-0.0,0,0
1373,0.0,0.0,0.0,1.0,-0.0,0,0
1374,0.0,0.009900990099009901,0.04338396495090425,1.0,-0.0,0,0
1375,0.0,0.009900990099009901,0.04338396495090425,1.0,-0.0,0,0
1376,0.0,0.009900990099009901,0.04338396495090425,1.0,-0.0,0,0
1377,0.0,0.023762376237623763,0.06471340450838889,1.0,-0.0,0,0
1378,0.0,0.023762376237623763,0.06471340450838889,1.0,-0.0,0,0
1379,0.0,0.013861386138613863,0.05079507064705211,1.0,-0.0,0,0
1380,0.0,0.013861386138613863,0.05079507064705211,1.0,-0.0,0,0
1381,0.0,0.013861386138613863,0.05079507064705211,1.0,-0.0,0,0
1382,0.0,0.0,0.0,1.0,-0.0,0,0
1383,0.0,0.0,0.0,1.0,-0.0,0,0
1384,0.0,0.019801980198019802,0.0597350618970232,1.0,-0.0,0,0
1385,0.0,0.019801980198019802,0.0597350618970232,1.0,-0.0,0,0
1386,0.0,0.051485148514851496,0.09186070102766894,1.0,-0.0,0,0
1387,0.0,0.051485148514851496,0.09186070102766894,1.0,-0.0,0,0
1388,0.0,0.051485148514851496,0.09186070102766894,1.0,-0.0,0,0
1389,0.0,0.031683168316831684,0.0730260947112308,1.0,-0.0,0,0
1390,0.0,0.031683168316831684,0.0730260947112308,1.0,-0.0,0,0
1391,0.0,0.0,0.0,1.0,-0.0,0,0
1392,0.0,0.0,0.0,1.0,-0.0,0,0
1393,0.2,0.031683168316831684,0.0730260947112308,0.01058647624307391,1.9752485727397298,0,0
1394,0.2,0.031683168316831684,0.0730260947112308,0.01058647624307391,1.9752485727397298,0,0
1395,0.4,0.0613861386138614,0.11166631429601336,0.00121319785667061,2.916068365618998,0,0
1396,0.4,0.0613861386138614,0.11166631429601336,0.00121319785667061,2.916068365618998,0,0
1397,0.4,0.0613861386138614,0.11166631429601336,0.00121319785667061,2.916068365618998,0,0
1398,0.2,0.0297029702970297,0.08150144802873932,0.018331504659791168,1.7368018864493864,0,0
1399,0.2,0.0297029702970297,0.08150144802873932,0.018331504659791168,1.7368018864493864,0,0
1400,0.0,0.0,0.0,1.0,-0.0,0,0
1401,0.0,0.0,0.0,1.0,-0.0,0,0
1402,0.0,0.0,0.0,1.0,-0.0,0,0
1403,0.0,0.0,0.0,1.0,-0.0,0,0
1404,0.0,0.0,0.0,1.0,-0.0,0,0
1405,0.2,0.013861386138613863,0.05079507064705212,0.0001239103815936431,3.906892305569439,0,0
1406,0.4,0.03762376237623763,0.08307396817189319,6.441252943445817e-06,5.191029646072187,0,0
1407,0.4,0.03762376237623763,0.08307396817189319,6.441252943445817e-06,5.191029646072187,0,0
1408,0.4,0.03762376237623763,0.08307396817189319,6.441252943445817e-06,5.191029646072187,0,0
1409,0.4,0.05544554455445545,0.10575073206193022,0.0005606549752454375,3.251304319570491,0,0
1410,0.2,0.041584158415841586,0.09467748980500532,0.04714244196908596,1.326587924861529,0,0
1411,0.0,0.017821782178217824,0.05698017651460656,1.0,-0.0,0,0
1412,0.0,0.017821782178217824,0.05698017651460656,1.0,-0.0,0,0
1413,0.0,0.017821782178217824,0.05698017651460656,1.0,-0.0,0,0
1414,0.0,0.0,0.0,1.0,-0.0,0,0
1415,0.0,0.0,0.0,1.0,-0.0,0,0
1416,0.0,0.0,0.0,1.0,-0.0,0,0
1417,0.2,0.0059405940594059415,0.03395332316729157,5.469865928325192e-09,8.262023318511567,0,0
1418,0.2,0.0059405940594059415,0.03395332316729157,5.469865928325192e-09,8.262023318511567,0,0
1419,0.2,0.0059405940594059415,0.03395332316729157,5.469865928325192e-09,8.262023318511567,0,0
1420,0.8,0.03564356435643565,0.08626938974571076,1.0399671278770068e-17,16.982980388015882,0,0
1421,0.8,0.03564356435643565,0.08626938974571076,1.0399671278770068e-17,16.982980388015882,0,0
1422,0.6,0.05544554455445545,0.09384550979067555,3.2633725852454873e-09,8.486333339182204,0,0
1423,0.6,0.05544554455445545,0.09384550979067555,3.2633725852454873e-09,8.486333339182204,0,0
1424,0.6,0.06732673267326733,0.102550553475042,1.0277309278026058e-07,6.988120573926782,0,0
1425,0.0,0.03762376237623763,0.08307396817189318,1.0,-0.0,0,0
1426,0.0,0.03762376237623763,0.08307396817189318,1.0,-0.0,0,0
