,foreground,bg_means,bg_stdev,pvals,minus_logs,regs,active
2,0.0,0.023762376237623766,0.06471340450838887,1.0,-0.0,0,0
3,0.0,0.023762376237623766,0.06471340450838887,1.0,-0.0,0,0
4,0.0,0.023762376237623766,0.06471340450838887,1.0,-0.0,0,0
5,0.0,0.023762376237623766,0.06471340450838887,1.0,-0.0,0,0
6,0.0,0.023762376237623766,0.06471340450838887,1.0,-0.0,0,0
7,0.0,0.0,0.0,1.0,-0.0,0,0
8,0.0,0.0,0.0,1.0,-0.0,0,0
9,0.0,0.04356435643564357,0.08721867542790195,1.0,-0.0,0,0
10,0.0,0.04356435643564357,0.08721867542790195,1.0,-0.0,0,0
11,0.0,0.04356435643564357,0.08721867542790195,1.0,-0.0,0,0
12,0.0,0.04356435643564357,0.08721867542790195,1.0,-0.0,0,0
13,0.6,0.23366336633663365,0.20502461949377873,0.0369854445351679,1.4319691570618376,0,0
14,0.6,0.1900990099009901,0.19166025556535227,0.016230577967279936,1.7896660147682737,0,0
15,0.6,0.1900990099009901,0.19166025556535227,0.016230577967279936,1.7896660147682737,0,0
16,1.2,0.3762376237623763,0.26593698161108187,0.0009755225374897107,3.010762692651471,0,0
17,1.2,0.3762376237623763,0.26593698161108187,0.0009755225374897107,3.010762692651471,0,0
18,0.6,0.2495049504950495,0.22410383129972455,0.05891053564244169,1.2298070284352998,0,0
19,0.6,0.2495049504950495,0.22410383129972455,0.05891053564244169,1.2298070284352998,0,0
20,0.6,0.26534653465346536,0.23898947471101076,0.0807139398382364,1.093051453233173,0,0
21,0.0,0.07920792079207921,0.1292145592164392,1.0,-0.0,0,0
22,0.0,0.07920792079207921,0.1292145592164392,1.0,-0.0,0,0
23,0.0,0.015841584158415842,0.05401260078014202,1.0,-0.0,0,0
24,0.0,0.015841584158415842,0.05401260078014202,1.0,-0.0,0,0
25,0.0,0.0,0.0,1.0,-0.0,0,0
26,0.0,0.0,0.0,1.0,-0.0,0,0
27,0.0,0.03564356435643565,0.08626938974571076,1.0,-0.0,0,0
28,0.0,0.03564356435643565,0.08626938974571076,1.0,-0.0,0,0
29,0.2,0.06534653465346535,0.10939585993610405,0.10918337986089162,0.9618434658808062,0,0
30,0.2,0.06534653465346535,0.10939585993610405,0.10918337986089162,0.9618434658808062,0,0
31,0.2,0.06534653465346535,0.10939585993610405,0.10918337986089162,0.9618434658808062,0,0
32,0.2,0.02970297029702971,0.07648795214189293,0.012991839772286904,1.8863293442020952,0,0
33,0.2,0.02970297029702971,0.07648795214189293,0.012991839772286904,1.8863293442020952,0,0
34,0.0,0.03564356435643565,0.07653920035678292,1.0,-0.0,0,0
35,0.0,0.03564356435643565,0.07653920035678292,1.0,-0.0,0,0
36,0.2,0.06336633663366337,0.10504385908811757,0.09667550266855758,1.014683561115634,0,0
37,0.2,0.06732673267326733,0.11000352009767247,0.11389293410569636,0.9435032186258506,0,0
38,1.6,0.403960396039604,0.265479499713556,3.3154428542313402e-06,5.479458453291372,0,0
39,1.6,0.36831683168316837,0.24972487557123874,4.066252346379036e-07,6.390805673105928,0,0
40,1.6,0.36831683168316837,0.24972487557123874,4.066252346379036e-07,6.390805673105928,0,0
41,1.4,0.3405940594059407,0.24783347084613097,9.571092920180851e-06,5.019038467437091,0,0
42,1.6,0.3940594059405941,0.26767121186084436,3.3138754333754832e-06,5.479663820483493,0,0
43,0.2,0.05742574257425742,0.10656335878870264,0.0904597157907538,1.0435447810683363,0,0
44,0.2,0.12079207920792076,0.14372473118118065,0.29077964999389455,0.5364359905386118,0,0
45,0.2,0.19207920792079206,0.16867754011126218,0.48127327490473176,0.31760825401691417,0,0
46,0.2,0.25742574257425743,0.20164989494021338,1.0,-0.0,0,0
47,0.0,0.22178217821782176,0.18647536422960084,1.0,-0.0,0,0
48,0.0,0.22178217821782176,0.18647536422960084,1.0,-0.0,0,0
49,0.0,0.1584158415841584,0.16244866773856387,1.0,-0.0,0,0
50,0.0,0.1168316831683168,0.1357555366416048,1.0,-0.0,0,0
51,0.0,0.05148514851485149,0.096075322540263,1.0,-0.0,0,0
52,0.0,0.02970297029702971,0.07112192077650681,1.0,-0.0,0,0
53,0.0,0.02970297029702971,0.07112192077650681,1.0,-0.0,0,0
54,0.0,0.13861386138613857,0.14823736453237937,1.0,-0.0,0,0
55,0.0,0.1465346534653465,0.15127468716660813,1.0,-0.0,0,0
56,0.0,0.1465346534653465,0.15127468716660813,1.0,-0.0,0,0
57,0.0,0.1465346534653465,0.15127468716660813,1.0,-0.0,0,0
58,0.0,0.1465346534653465,0.15127468716660813,1.0,-0.0,0,0
59,0.0,0.03762376237623763,0.07816140339006158,1.0,-0.0,0,0
60,0.0,0.0,0.0,1.0,-0.0,0,0
61,0.0,0.0,0.0,1.0,-0.0,0,0
62,0.0,0.019801980198019802,0.0597350618970232,1.0,-0.0,0,0
63,0.0,0.05940594059405942,0.10357779667819421,1.0,-0.0,0,0
64,0.0,0.05940594059405942,0.10357779667819421,1.0,-0.0,0,0
65,0.0,0.05940594059405942,0.10357779667819421,1.0,-0.0,0,0
66,0.0,0.05940594059405942,0.10357779667819421,1.0,-0.0,0,0
67,0.0,0.039603960396039604,0.08452453849668534,1.0,-0.0,0,0
68,0.0,0.0,0.0,1.0,-0.0,0,0
69,0.8,0.20198019801980194,0.19395834911660803,0.0010238057382787238,2.989782440623045,0,0
70,0.8,0.20198019801980194,0.19395834911660803,0.0010238057382787238,2.989782440623045,0,0
71,1.2,0.29504950495049503,0.2364658255608424,6.486195723986524e-05,4.18800995042641,0,0
72,1.2,0.29504950495049503,0.2364658255608424,6.486195723986524e-05,4.18800995042641,0,0
73,1.8,0.6772277227722773,0.34580403885850414,0.0005834586468382811,3.2339899195438466,0,0
74,1.4,0.5247524752475248,0.29631597417837446,0.0015696187029269715,2.804205835059956,0,16
75,1.4,0.6178217821782177,0.32590955424064927,0.00819785973475724,2.086299516727259,0,0
76,1.0,0.5227722772277228,0.30568254681853796,0.05923977735429291,1.2273865823922827,0,0
77,1.0,0.5227722772277228,0.30568254681853796,0.05923977735429291,1.2273865823922827,0,0
78,0.4,0.14059405940594058,0.18993392171535523,0.08600567496543716,1.0654728914906095,0,0
79,0.0,0.09306930693069305,0.13661931335176508,1.0,-0.0,0,0
80,0.0,0.20198019801980197,0.14210594152878542,1.0,-0.0,0,0
81,0.0,0.20198019801980197,0.14210594152878542,1.0,-0.0,0,0
82,0.2,0.5089108910891088,0.2602736602082813,1.0,-0.0,0,0
83,0.2,0.7702970297029701,0.30492477710764604,1.0,-0.0,0,0
84,0.2,0.78019801980198,0.30507905223874465,1.0,-0.0,0,0
85,0.2,0.5782178217821782,0.26684959252155266,1.0,-0.0,0,0
86,0.2,0.6039603960396039,0.28281498415609013,1.0,-0.0,0,0
87,0.0,0.295049504950495,0.22793790956873936,1.0,-0.0,0,0
88,0.0,0.03564356435643565,0.09074407316744237,1.0,-0.0,0,0
89,0.0,0.025742574257425745,0.07791016068477624,1.0,-0.0,0,0
90,0.0,0.2851485148514851,0.2522713212545122,1.0,-0.0,0,0
91,0.0,0.2594059405940594,0.23805241864790053,1.0,-0.0,0,0
92,0.0,0.2594059405940594,0.23805241864790053,1.0,-0.0,0,0
93,0.0,0.2594059405940594,0.23805241864790053,1.0,-0.0,0,0
94,0.0,0.2594059405940594,0.23805241864790053,1.0,-0.0,0,0
95,0.0,0.0,0.0,1.0,-0.0,0,0
96,0.0,0.025742574257425745,0.0669763743575753,1.0,-0.0,0,0
97,0.0,0.025742574257425745,0.0669763743575753,1.0,-0.0,0,0
98,0.0,0.025742574257425745,0.0669763743575753,1.0,-0.0,0,0
99,0.0,0.025742574257425745,0.0669763743575753,1.0,-0.0,0,0
100,0.0,0.025742574257425745,0.0669763743575753,1.0,-0.0,0,0
101,0.0,0.37623762376237624,0.27328167561696637,1.0,-0.0,0,0
102,0.0,0.37623762376237624,0.27328167561696637,1.0,-0.0,0,0
103,0.0,0.37623762376237624,0.27328167561696637,1.0,-0.0,0,0
104,0.0,0.37623762376237624,0.27328167561696637,1.0,-0.0,0,0
105,0.0,0.37623762376237624,0.27328167561696637,1.0,-0.0,0,0
106,0.0,0.0,0.0,1.0,-0.0,0,0
107,0.0,0.0,0.0,1.0,-0.0,0,0
108,0.0,0.0,0.0,1.0,-0.0,0,0
109,0.0,0.3396039603960396,0.2225323240157259,1.0,-0.0,0,0
110,0.0,0.3881188118811881,0.2545767711681299,1.0,-0.0,0,0
111,0.0,0.3881188118811881,0.2545767711681299,1.0,-0.0,0,0
112,0.0,0.3881188118811881,0.2545767711681299,1.0,-0.0,0,0
113,0.0,0.42772277227722777,0.2729083594354343,1.0,-0.0,0,0
114,0.0,0.23564356435643566,0.1896239939782038,1.0,-0.0,0,0
115,0.0,0.18811881188118812,0.17535656953133033,1.0,-0.0,0,0
116,0.0,0.18811881188118812,0.17535656953133033,1.0,-0.0,0,0
117,0.0,0.18811881188118812,0.17535656953133033,1.0,-0.0,0,0
118,0.0,0.19207920792079206,0.16631305820670148,1.0,-0.0,0,0
119,0.0,0.04356435643564357,0.09587103712404124,1.0,-0.0,0,0
120,0.0,0.06534653465346535,0.11641139371642828,1.0,-0.0,0,0
121,0.0,0.08316831683168316,0.12028786177019754,1.0,-0.0,0,0
122,0.0,0.08316831683168316,0.12028786177019754,1.0,-0.0,0,0
123,0.0,0.039603960396039604,0.07970143286137867,1.0,-0.0,0,0
124,0.0,0.039603960396039604,0.07970143286137867,1.0,-0.0,0,0
125,0.0,0.017821782178217824,0.05698017651460656,1.0,-0.0,0,0
126,0.0,0.0,0.0,1.0,-0.0,0,0
127,0.0,0.05544554455445545,0.10575073206193021,1.0,-0.0,0,0
128,0.0,0.05544554455445545,0.10575073206193021,1.0,-0.0,0,0
129,0.0,0.05544554455445545,0.10575073206193021,1.0,-0.0,0,0
130,0.0,0.0712871287128713,0.11801714396634724,1.0,-0.0,0,0
131,0.0,0.0712871287128713,0.11801714396634724,1.0,-0.0,0,0
132,0.0,0.015841584158415842,0.05401260078014202,1.0,-0.0,0,0
133,0.0,0.015841584158415842,0.05401260078014202,1.0,-0.0,0,0
134,0.0,0.17227722772277224,0.17355845414780538,1.0,-0.0,0,0
135,0.0,0.22574257425742572,0.20616895183873854,1.0,-0.0,0,0
136,0.0,0.2851485148514852,0.22924159879176859,1.0,-0.0,0,0
137,0.0,0.2851485148514852,0.22924159879176859,1.0,-0.0,0,0
138,0.0,0.2851485148514852,0.22924159879176859,1.0,-0.0,0,0
139,0.0,0.12871287128712872,0.1606525268671035,1.0,-0.0,0,0
140,0.0,0.17425742574257425,0.1583663288960967,1.0,-0.0,0,0
141,0.0,0.11287128712871287,0.1390657415135005,1.0,-0.0,0,0
142,0.0,0.11287128712871287,0.1390657415135005,1.0,-0.0,0,0
143,0.0,0.12871287128712872,0.15816812315022463,1.0,-0.0,0,0
144,0.0,0.15643564356435644,0.1725842262930766,1.0,-0.0,0,0
145,0.0,0.041584158415841586,0.08116396646304633,1.0,-0.0,0,0
146,0.0,0.041584158415841586,0.08116396646304633,1.0,-0.0,0,0
147,0.0,0.041584158415841586,0.08116396646304633,1.0,-0.0,0,0
148,0.0,0.025742574257425745,0.06697637435757531,1.0,-0.0,0,0
149,0.0,0.0,0.0,1.0,-0.0,0,0
150,0.0,0.0,0.0,1.0,-0.0,0,0
151,0.0,0.0,0.0,1.0,-0.0,0,0
152,0.0,0.0,0.0,1.0,-0.0,0,0
153,0.0,0.0,0.0,1.0,-0.0,0,0
154,0.0,0.0,0.0,1.0,-0.0,0,0
155,0.0,0.394059405940594,0.2460869129965304,1.0,-0.0,0,0
156,0.0,0.394059405940594,0.2460869129965304,1.0,-0.0,0,0
157,0.0,0.394059405940594,0.2460869129965304,1.0,-0.0,0,0
158,0.4,0.592079207920792,0.2741984423830909,1.0,-0.0,0,0
159,1.4,0.9227722772277225,0.36907193967733504,0.09799723412861712,1.008786181650673,0,0
160,1.4,0.5287128712871287,0.2780186736599484,0.0008624515646204077,3.0642652855981605,0,0
161,1.4,0.5287128712871287,0.2780186736599484,0.0008624515646204077,3.0642652855981605,0,0
162,1.4,0.5287128712871287,0.2780186736599484,0.0008624515646204077,3.0642652855981605,0,0
163,1.0,0.3326732673267327,0.24255607125200096,0.0029686272131506258,2.52744433572712,0,0
164,0.0,0.0,0.0,1.0,-0.0,0,0
165,0.0,0.0,0.0,1.0,-0.0,0,0
166,0.0,0.0,0.0,1.0,-0.0,0,0
167,0.0,0.0,0.0,1.0,-0.0,0,0
168,0.0,0.06930693069306931,0.10316052497133552,1.0,-0.0,0,0
169,0.0,0.06930693069306931,0.10316052497133552,1.0,-0.0,0,0
170,0.0,0.06930693069306931,0.10316052497133552,1.0,-0.0,0,0
171,0.0,0.06930693069306931,0.10316052497133552,1.0,-0.0,0,0
172,0.0,0.06930693069306931,0.10316052497133552,1.0,-0.0,0,0
173,0.0,0.0,0.0,1.0,-0.0,0,0
174,0.0,0.013861386138613863,0.05079507064705211,1.0,-0.0,0,0
175,0.0,0.013861386138613863,0.05079507064705211,1.0,-0.0,0,0
176,0.0,0.013861386138613863,0.05079507064705211,1.0,-0.0,0,0
177,0.0,0.013861386138613863,0.05079507064705211,1.0,-0.0,0,0
178,0.0,0.08514851485148513,0.11025275966000045,1.0,-0.0,0,0
179,0.0,0.0712871287128713,0.09983812012638045,1.0,-0.0,0,0
180,0.0,0.0712871287128713,0.09983812012638045,1.0,-0.0,0,0
181,0.0,0.44950495049504957,0.291674497259754,1.0,-0.0,0,0
182,0.0,0.44950495049504957,0.291674497259754,1.0,-0.0,0,0
183,0.0,0.7920792079207919,0.3754029302799047,1.0,-0.0,0,0
184,0.0,0.877227722772277,0.37121187356149055,1.0,-0.0,0,0
185,0.0,0.877227722772277,0.37121187356149055,1.0,-0.0,0,0
186,0.0,0.499009900990099,0.31292141470848317,1.0,-0.0,0,0
187,0.0,0.5207920792079208,0.3147580657223275,1.0,-0.0,0,0
188,0.0,0.10693069306930691,0.13661931335176508,1.0,-0.0,0,0
189,0.0,0.06732673267326733,0.11000352009767247,1.0,-0.0,0,0
