,foreground,bg_means,bg_stdev,pvals,minus_logs,regs,active
2,0.4,0.0891089108910891,0.12097048989545554,0.005085298257653241,2.2936835702035108,0,0
3,0.4,0.0712871287128713,0.11461224656227946,0.002065095850295611,2.685059785998668,0,0
4,0.2,0.04356435643564357,0.08255312311158745,0.029048226759887566,1.5368803738382273,0,0
5,0.2,0.08514851485148514,0.12054836637801526,0.17036041751406306,0.7686313042414473,0,0
6,0.2,0.17227722772277226,0.15927982219556597,0.43091278964493474,0.365610615705574,0,0
7,0.6,0.2396039603960396,0.17804171717219025,0.021473634716991742,1.6680944388459902,0,0
8,0.6,0.2396039603960396,0.17804171717219025,0.021473634716991742,1.6680944388459902,0,0
9,0.4,0.19603960396039602,0.1711468549412428,0.11668407582941122,0.9329884091757187,0,0
10,0.4,0.3445544554455447,0.2288478449614838,0.4042811162541524,0.3933165438460211,0,0
11,0.6,0.27722772277227725,0.20866439401694245,0.06094984917827969,1.2150273647153602,0,0
12,0.2,0.2099009900990099,0.16739409271610342,1.0,-0.0,0,0
13,0.2,0.2099009900990099,0.16739409271610342,1.0,-0.0,0,0
14,0.2,0.38811881188118813,0.21214936299779588,1.0,-0.0,0,0
15,0.2,0.23168316831683167,0.17515520306927515,1.0,-0.0,0,0
16,0.0,0.21188118811881188,0.16607711957435053,1.0,-0.0,0,0
17,0.0,0.21188118811881188,0.16607711957435053,1.0,-0.0,0,0
18,0.0,0.27920792079207923,0.18685348296372992,1.0,-0.0,0,0
19,0.0,0.1178217821782178,0.12927523757583737,1.0,-0.0,0,0
20,0.0,0.08316831683168317,0.10996786833199856,1.0,-0.0,0,0
21,0.0,0.08316831683168317,0.10996786833199856,1.0,-0.0,0,0
22,0.0,0.08316831683168317,0.10996786833199856,1.0,-0.0,0,0
23,0.0,0.05346534653465348,0.09704990696905226,1.0,-0.0,0,0
24,0.0,0.03762376237623763,0.07816140339006158,1.0,-0.0,0,0
25,0.0,0.03762376237623763,0.07816140339006158,1.0,-0.0,0,0
26,0.0,0.03762376237623763,0.07816140339006158,1.0,-0.0,0,0
27,0.0,0.03762376237623763,0.07816140339006158,1.0,-0.0,0,0
28,0.0,0.15445544554455443,0.15124876399151135,1.0,-0.0,0,0
29,0.0,0.30099009900990104,0.2227172649346929,1.0,-0.0,0,0
30,0.0,0.5425742574257426,0.3035586082525919,1.0,-0.0,0,0
31,0.0,0.5425742574257426,0.3035586082525919,1.0,-0.0,0,0
32,0.0,0.5683168316831684,0.3105187907674264,1.0,-0.0,0,0
33,0.0,0.4316831683168316,0.27964995554708477,1.0,-0.0,0,0
34,0.0,0.2831683168316832,0.2184868335207397,1.0,-0.0,0,0
35,0.0,0.12673267326732673,0.13707776871189528,1.0,-0.0,0,0
36,0.0,0.12673267326732673,0.13707776871189528,1.0,-0.0,0,0
37,0.0,0.09900990099009903,0.13087296349986777,1.0,-0.0,0,0
38,0.0,0.23366336633663368,0.18036114909680317,1.0,-0.0,0,0
39,0.0,0.23366336633663368,0.18036114909680317,1.0,-0.0,0,0
40,0.0,0.15247524752475247,0.1519471373722842,1.0,-0.0,0,0
41,0.0,0.15247524752475247,0.1519471373722842,1.0,-0.0,0,0
42,0.2,0.2891089108910891,0.1999509791899301,1.0,-0.0,0,0
43,0.2,0.1386138613861386,0.15088537189345533,0.34206291389542953,0.4658940090176627,0,0
44,0.2,0.1386138613861386,0.15088537189345533,0.34206291389542953,0.4658940090176627,0,0
45,0.2,0.1386138613861386,0.15088537189345533,0.34206291389542953,0.4658940090176627,0,0
46,0.2,0.1386138613861386,0.15088537189345533,0.34206291389542953,0.4658940090176627,0,0
47,0.0,0.0,0.0,1.0,-0.0,0,0
48,0.0,0.033663366336633666,0.07482947971362847,1.0,-0.0,0,0
49,0.8,0.19801980198019803,0.15794484437710313,6.911006328019206e-05,4.160458709371856,0,0
50,0.8,0.19801980198019803,0.15794484437710313,6.911006328019206e-05,4.160458709371856,0,0
51,0.8,0.24158415841584158,0.18307998940714804,0.0011437517340773203,2.941668234477722,0,0
52,1.0,0.28118811881188116,0.2071555933563884,0.00026031351056249135,3.5845032909362184,0,0
53,1.4,0.4633663366336634,0.2910284842910707,0.0006446353992885539,3.1906858494697268,0,0
54,0.6,0.299009900990099,0.22448843914088532,0.08999559163375744,1.0457787636276026,0,0
55,0.6,0.3702970297029703,0.25699888448170494,0.18571719554217053,0.7311478831027624,0,0
56,0.8,0.3801980198019802,0.26626116933024335,0.057437475268713685,1.2408046582672192,0,0
57,0.6,0.3405940594059407,0.25100913865332003,0.15069616997291968,0.8218977853812139,0,0
58,0.2,0.12277227722772276,0.1566235242240411,0.3109784923272354,0.5072696462998473,0,0
59,0.2,0.12277227722772276,0.1566235242240411,0.3109784923272354,0.5072696462998473,0,0
60,0.2,0.05346534653465347,0.09287951999650357,0.05731896239780438,1.2417016799108866,0,0
61,0.0,0.0,0.0,1.0,-0.0,0,0
62,0.0,0.0,0.0,1.0,-0.0,0,0
63,0.0,0.0,0.0,1.0,-0.0,0,0
64,0.0,0.0,0.0,1.0,-0.0,0,0
65,0.0,0.0,0.0,1.0,-0.0,0,0
66,0.0,0.0,0.0,1.0,-0.0,0,0
67,0.0,0.0,0.0,1.0,-0.0,0,0
68,0.0,0.0,0.0,1.0,-0.0,0,0
69,0.0,0.0,0.0,1.0,-0.0,0,0
70,0.0,0.0,0.0,1.0,-0.0,0,0
71,0.0,0.0,0.0,1.0,-0.0,0,0
72,0.0,0.0,0.0,1.0,-0.0,0,0
73,0.0,0.0,0.0,1.0,-0.0,0,0
74,0.0,0.0,0.0,1.0,-0.0,0,0
75,0.0,0.0,0.0,1.0,-0.0,0,0
76,0.0,0.0,0.0,1.0,-0.0,0,0
77,0.0,0.0,0.0,1.0,-0.0,0,0
78,0.0,0.0,0.0,1.0,-0.0,0,0
79,0.0,0.0,0.0,1.0,-0.0,0,0
80,0.0,0.0,0.0,1.0,-0.0,0,0
81,0.0,0.0,0.0,1.0,-0.0,0,0
82,0.0,0.0,0.0,1.0,-0.0,0,0
83,0.0,0.0,0.0,1.0,-0.0,0,0
84,0.0,0.0,0.0,1.0,-0.0,0,0
85,0.0,0.0,0.0,1.0,-0.0,0,0
86,0.0,0.05346534653465347,0.10104832334394513,1.0,-0.0,0,0
87,0.0,0.09702970297029702,0.1367627457412436,1.0,-0.0,0,0
88,0.4,0.1762376237623762,0.1741448781459062,0.0994099807190499,1.0025700104356146,0,0
89,0.4,0.1762376237623762,0.1741448781459062,0.0994099807190499,1.0025700104356146,0,0
90,0.4,0.1762376237623762,0.1741448781459062,0.0994099807190499,1.0025700104356146,0,0
91,0.4,0.12079207920792079,0.14645435316515326,0.02829591495260535,1.5482762585251435,0,0
92,0.4,0.07722772277227724,0.1124710639300034,0.002053494791492543,2.6875063943583766,0,0
93,0.0,0.0,0.0,1.0,-0.0,0,0
94,0.0,0.0,0.0,1.0,-0.0,0,0
95,0.0,0.0,0.0,1.0,-0.0,0,0
96,0.0,0.031683168316831684,0.0730260947112308,1.0,-0.0,0,0
97,0.0,0.031683168316831684,0.0730260947112308,1.0,-0.0,0,0
98,0.0,0.031683168316831684,0.0730260947112308,1.0,-0.0,0,0
99,0.0,0.07722772277227723,0.10889288780093088,1.0,-0.0,0,0
100,0.0,0.09504950495049502,0.11805036483793174,1.0,-0.0,0,0
101,0.0,0.06336633663366338,0.10120342446875752,1.0,-0.0,0,0
102,0.0,0.06336633663366338,0.10120342446875752,1.0,-0.0,0,0
103,0.0,0.1069306930693069,0.12762679639066946,1.0,-0.0,0,0
104,0.0,0.09900990099009899,0.12145573247679727,1.0,-0.0,0,0
105,0.0,0.08118811881188118,0.11320083903331847,1.0,-0.0,0,0
106,0.0,0.08118811881188118,0.11320083903331847,1.0,-0.0,0,0
107,0.0,0.08118811881188118,0.11320083903331847,1.0,-0.0,0,0
108,0.0,0.03762376237623763,0.07816140339006158,1.0,-0.0,0,0
109,0.0,0.15445544554455443,0.13753469587473538,1.0,-0.0,0,0
110,0.2,0.1900990099009901,0.16259343117237499,0.47572175099908404,0.32264699126893254,0,0
111,0.4,0.2198019801980198,0.1813152180952015,0.16015078262048088,0.7954709346965328,0,0
112,0.4,0.2198019801980198,0.1813152180952015,0.16015078262048088,0.7954709346965328,0,0
113,0.4,0.2198019801980198,0.1813152180952015,0.16015078262048088,0.7954709346965328,0,0
114,0.4,0.06534653465346535,0.10571364605971598,0.0007736575764547356,3.1114512170453996,0,0
115,0.2,0.0297029702970297,0.07112192077650681,0.008322928729312118,2.079723824290396,0,0
116,0.0,0.0,0.0,1.0,-0.0,0,0
117,0.0,0.0,0.0,1.0,-0.0,0,0
118,0.0,0.0,0.0,1.0,-0.0,0,0
119,0.0,0.0,0.0,1.0,-0.0,0,0
120,0.0,0.0,0.0,1.0,-0.0,0,0
121,0.0,0.0,0.0,1.0,-0.0,0,0
122,0.0,0.0,0.0,1.0,-0.0,0,0
123,0.0,0.0,0.0,1.0,-0.0,0,0
124,0.0,0.0,0.0,1.0,-0.0,0,0
125,0.0,0.0,0.0,1.0,-0.0,0,0
126,0.0,0.0,0.0,1.0,-0.0,0,0
127,0.0,0.0,0.0,1.0,-0.0,0,0
128,0.0,0.0,0.0,1.0,-0.0,0,0
129,0.0,0.0,0.0,1.0,-0.0,0,0
130,0.0,0.0,0.0,1.0,-0.0,0,0
131,0.0,0.0,0.0,1.0,-0.0,0,0
132,0.0,0.0,0.0,1.0,-0.0,0,0
133,0.0,0.0,0.0,1.0,-0.0,0,0
134,0.0,0.0,0.0,1.0,-0.0,0,0
135,0.0,0.0,0.0,1.0,-0.0,0,0
136,0.0,0.0,0.0,1.0,-0.0,0,0
137,0.0,0.0,0.0,1.0,-0.0,0,0
138,0.0,0.10495049504950495,0.1367053908443026,1.0,-0.0,0,0
139,0.0,0.10495049504950495,0.1367053908443026,1.0,-0.0,0,0
140,0.0,0.10495049504950495,0.1367053908443026,1.0,-0.0,0,0
141,0.0,0.10495049504950495,0.1367053908443026,1.0,-0.0,0,0
142,0.4,0.29108910891089107,0.21713663622768792,0.307982310180854,0.5114742276926474,0,0
143,0.4,0.24554455445544554,0.19474520163396825,0.213855255148732,0.6698800731880729,0,0
144,0.4,0.24554455445544554,0.19474520163396825,0.213855255148732,0.6698800731880729,0,0
145,0.4,0.24554455445544554,0.19474520163396825,0.213855255148732,0.6698800731880729,0,0
146,0.4,0.24554455445544554,0.19474520163396825,0.213855255148732,0.6698800731880729,0,0
147,0.4,0.28118811881188116,0.1953483161210063,0.27152565998928246,0.5661891220045481,0,0
148,0.8,0.502970297029703,0.2837009461396029,0.14755400590843987,0.8310489954468798,0,0
149,0.8,0.5405940594059406,0.29989378245770376,0.19352139044068284,0.7132710242526948,1,0
150,0.8,0.5405940594059406,0.29989378245770376,0.19352139044068284,0.7132710242526948,0,0
151,0.8,0.5405940594059406,0.29989378245770376,0.19352139044068284,0.7132710242526948,0,0
152,0.4,0.3168316831683168,0.22910471769355642,0.3582970552227269,0.44575676120529784,0,0
153,0.0,0.03564356435643565,0.08626938974571076,1.0,-0.0,0,0
154,0.0,0.0,0.0,1.0,-0.0,0,0
155,0.0,0.0,0.0,1.0,-0.0,0,0
156,0.0,0.0,0.0,1.0,-0.0,0,0
157,0.0,0.023762376237623766,0.06471340450838887,1.0,-0.0,0,0
158,0.0,0.023762376237623766,0.06471340450838887,1.0,-0.0,0,0
159,0.0,0.05742574257425742,0.09048443294095733,1.0,-0.0,0,0
160,0.0,0.08316831683168316,0.10996786833199856,1.0,-0.0,0,0
161,0.0,0.08316831683168316,0.10996786833199856,1.0,-0.0,0,0
162,0.0,0.05940594059405942,0.09138994660763824,1.0,-0.0,0,0
163,0.0,0.05940594059405942,0.09138994660763824,1.0,-0.0,0,0
164,0.0,0.10495049504950495,0.14784005112815915,1.0,-0.0,0,0
165,0.0,0.21188118811881182,0.18200594523684843,1.0,-0.0,0,0
166,0.0,0.3346534653465347,0.23565188436930282,1.0,-0.0,0,0
167,0.0,0.3346534653465347,0.23565188436930282,1.0,-0.0,0,0
168,0.0,0.45742574257425744,0.28050397877676725,1.0,-0.0,1,0
169,0.0,0.3782178217821782,0.24519297730160955,1.0,-0.0,0,0
170,0.0,0.24554455445544554,0.210386138380886,1.0,-0.0,0,0
171,0.0,0.15445544554455445,0.17773311423617325,1.0,-0.0,0,0
172,0.0,0.15445544554455445,0.17773311423617325,1.0,-0.0,0,0
173,0.0,0.04356435643564357,0.09587103712404123,1.0,-0.0,0,0
174,0.2,0.12871287128712872,0.15046899201198313,0.3178333054029757,0.4978005955022968,0,0
175,0.2,0.16435643564356434,0.17887666995067272,0.4210283736511437,0.3756886355066156,0,0
176,0.2,0.13168316831683166,0.14954100935552989,0.32389178384352885,0.4896000685896228,0,0
177,0.2,0.16435643564356434,0.1697897117641665,0.41686204965167273,0.3800076404387553,0,0
178,0.2,0.15247524752475247,0.16921136785416444,0.3894087826801889,0.4095942576785224,0,0
179,0.2,0.24752475247524752,0.21827136321830296,1.0,-0.0,0,0
180,0.2,0.21386138613861383,0.18933427036517264,1.0,-0.0,0,0
181,0.2,0.28118811881188116,0.2146666175503786,1.0,-0.0,0,0
182,0.2,0.4178217821782178,0.29261404296341975,1.0,-0.0,0,0
183,0.2,0.43762376237623757,0.3027437190683722,1.0,-0.0,0,0
184,0.0,0.2554455445544554,0.21639496687323803,1.0,-0.0,0,0
185,0.0,0.28316831683168314,0.2238587368089122,1.0,-0.0,0,0
186,0.0,0.2158415841584158,0.19022273201620318,1.0,-0.0,0,0
187,0.0,0.23168316831683167,0.20821290183120655,1.0,-0.0,0,0
188,0.0,0.21188118811881188,0.18630706513012396,1.0,-0.0,0,0
189,0.0,0.22772277227722773,0.1909428466047948,1.0,-0.0,0,0
190,0.2,0.3346534653465347,0.2550230599413566,1.0,-0.0,0,0
191,0.2,0.3603960396039604,0.2670258666302982,1.0,-0.0,0,0
192,0.2,0.19603960396039605,0.17571398456617043,0.49100904990337957,0.30891050321943697,0,0
193,0.2,0.2712871287128713,0.22792070605842626,1.0,-0.0,0,0
194,0.2,0.25544554455445545,0.21083297670029566,1.0,-0.0,0,0
195,0.0,0.1188118811881188,0.1467218499235066,1.0,-0.0,0,0
196,0.0,0.2594059405940594,0.20400845343666582,1.0,-0.0,0,0
197,0.0,0.3762376237623763,0.26294166610214387,1.0,-0.0,0,0
198,0.0,0.5524752475247525,0.300690314491337,1.0,-0.0,0,0
199,0.2,0.671287128712871,0.30776634883933346,1.0,-0.0,0,0
200,0.2,0.7089108910891088,0.3024975279830227,1.0,-0.0,0,0
201,0.4,0.5782178217821783,0.29098806086087486,1.0,-0.0,0,0
202,0.4,0.44158415841584153,0.24586373378485155,1.0,-0.0,0,0
203,0.8,0.2673267326732673,0.2148492038022787,0.006582229691085504,2.1816269667954473,0,0
204,0.6,0.1485148514851485,0.15582032136955248,0.0018809115663972003,2.725631622912437,0,0
205,0.6,0.10891089108910891,0.13057300215314485,8.460722735230118e-05,4.0725925369000135,0,0
206,0.4,0.07722772277227723,0.1124710639300034,0.002053494791492543,2.6875063943583766,0,0
207,0.4,0.07722772277227723,0.1124710639300034,0.002053494791492543,2.6875063943583766,0,0
