,foreground,bg_means,bg_stdev,pvals,minus_logs,regs,active
2,0.0,0.3386138613861387,0.2449369678584749,1.0,-0.0,0,0
3,0.0,0.5702970297029702,0.34742177820536146,1.0,-0.0,0,0
4,0.0,0.5702970297029702,0.34742177820536146,1.0,-0.0,0,0
5,0.0,0.5702970297029702,0.34742177820536146,1.0,-0.0,0,0
6,0.0,0.41188118811881197,0.28399105017025833,1.0,-0.0,0,0
7,0.0,0.42970297029702975,0.2875449356034241,1.0,-0.0,0,0
8,0.0,0.19009900990099013,0.19371559764587087,1.0,-0.0,0,0
9,0.0,0.19009900990099013,0.19371559764587087,1.0,-0.0,0,0
10,0.0,0.19009900990099013,0.19371559764587087,1.0,-0.0,0,0
11,0.0,0.05346534653465347,0.09287951999650357,1.0,-0.0,0,0
12,0.0,0.03564356435643565,0.08154954567118415,1.0,-0.0,0,0
13,0.0,0.0,0.0,1.0,-0.0,0,0
14,0.0,0.0,0.0,1.0,-0.0,0,0
15,0.0,0.0,0.0,1.0,-0.0,0,0
16,0.0,0.0,0.0,1.0,-0.0,0,0
17,0.0,0.0,0.0,1.0,-0.0,0,0
18,0.0,0.01782178217821782,0.05698017651460657,1.0,-0.0,0,0
19,0.0,0.01782178217821782,0.05698017651460657,1.0,-0.0,0,0
20,0.0,0.01782178217821782,0.05698017651460657,1.0,-0.0,0,0
21,0.0,0.041584158415841586,0.08116396646304633,1.0,-0.0,0,0
22,0.0,0.041584158415841586,0.08116396646304633,1.0,-0.0,0,0
23,0.0,0.07524752475247526,0.11891084986932621,1.0,-0.0,0,0
24,0.0,0.10495049504950495,0.1337769960717191,1.0,-0.0,0,0
25,0.0,0.3227722772277228,0.2161229885091842,1.0,-0.0,0,0
26,0.0,0.3188118811881188,0.21281371544757102,1.0,-0.0,0,0
27,0.0,0.32673267326732675,0.21566892903767937,1.0,-0.0,0,0
28,0.0,0.27326732673267323,0.2081940684087239,1.0,-0.0,0,0
29,0.0,0.2554455445544554,0.20894608121806596,1.0,-0.0,0,0
30,0.0,0.041584158415841586,0.09039772047931348,1.0,-0.0,0,0
31,0.0,0.023762376237623766,0.07056843438101175,1.0,-0.0,0,0
32,0.0,0.039603960396039604,0.0890869059738772,1.0,-0.0,0,0
33,0.0,0.1782178217821782,0.17777723316802724,1.0,-0.0,0,0
34,0.0,0.16633663366336632,0.17591471140208167,1.0,-0.0,0,0
35,0.0,0.16237623762376235,0.17735766020493526,1.0,-0.0,0,0
36,0.0,0.16237623762376235,0.17735766020493526,1.0,-0.0,0,0
37,0.0,0.1376237623762376,0.16341133493685353,1.0,-0.0,0,0
38,0.0,0.0,0.0,1.0,-0.0,0,0
39,0.0,0.0,0.0,1.0,-0.0,0,0
40,0.0,0.011881188118811881,0.047276579747775535,1.0,-0.0,0,0
41,0.0,0.011881188118811881,0.047276579747775535,1.0,-0.0,0,0
42,0.0,0.021782178217821784,0.06230547612891991,1.0,-0.0,0,0
43,0.0,0.021782178217821784,0.06230547612891991,1.0,-0.0,0,0
44,0.0,0.021782178217821784,0.06230547612891991,1.0,-0.0,0,0
45,0.0,0.061386138613861385,0.10806149425459212,1.0,-0.0,0,0
46,0.0,0.06336633663366337,0.10874875419996817,1.0,-0.0,0,0
47,0.0,0.05346534653465347,0.09704990696905226,1.0,-0.0,0,0
48,0.0,0.05346534653465347,0.09704990696905226,1.0,-0.0,0,0
49,0.0,0.07326732673267328,0.11159606181073561,1.0,-0.0,0,0
50,0.0,0.023762376237623766,0.06471340450838887,1.0,-0.0,0,0
51,0.0,0.027722772277227727,0.06910862719451544,1.0,-0.0,0,0
52,0.0,0.05148514851485149,0.1001126705723924,1.0,-0.0,0,0
53,0.4,0.22574257425742572,0.2003232364917303,0.1921826537671356,0.7162858139264865,0,0
54,0.4,0.2118811881188119,0.18842081022360838,0.15904339215900704,0.798484369992613,0,0
55,0.4,0.2099009900990099,0.18748198619476633,0.15530120578607587,0.8088251723190514,0,0
56,0.4,0.20396039603960395,0.19084013945594866,0.1521525260030101,0.8177208331838148,0,0
57,0.4,0.1801980198019802,0.16531985318607365,0.09183232414123806,1.0370044241884804,0,0
58,0.0,0.0059405940594059415,0.03395332316729158,1.0,-0.0,0,0
59,0.0,0.0,0.0,1.0,-0.0,0,0
60,0.2,0.01386138613861386,0.05079507064705211,0.00012391038159364294,3.90689230556944,0,0
61,0.2,0.01386138613861386,0.05079507064705211,0.00012391038159364294,3.90689230556944,0,0
62,0.2,0.01386138613861386,0.05079507064705211,0.00012391038159364294,3.90689230556944,0,0
63,0.2,0.01386138613861386,0.05079507064705211,0.00012391038159364294,3.90689230556944,0,0
64,0.6,0.06732673267326733,0.11698261772468857,2.6387932494968344e-06,5.578594635592807,0,0
65,0.4,0.05346534653465347,0.10104832334394513,0.0003024637961133197,3.5193266014715943,0,0
66,0.8,0.09306930693069305,0.1306930693069307,3.1672735456694437e-08,7.4993144266045615,0,0
67,0.8,0.09306930693069305,0.1306930693069307,3.1672735456694437e-08,7.4993144266045615,0,0
68,0.8,0.09306930693069305,0.1306930693069307,3.1672735456694437e-08,7.4993144266045615,0,0
69,0.4,0.039603960396039604,0.08452453849668534,1.0048801267895168e-05,4.9978857426005865,0,0
70,0.4,0.06534653465346535,0.10189845806153354,0.0005113874169786654,3.291249962277541,0,0
71,0.0,0.06336633663366337,0.10120342446875752,1.0,-0.0,0,0
72,0.0,0.06336633663366337,0.10120342446875752,1.0,-0.0,0,0
73,0.2,0.09306930693069307,0.11795067415315193,0.18231677881311903,0.7391733609082306,0,0
74,0.2,0.09306930693069307,0.11795067415315193,0.18231677881311903,0.7391733609082306,0,0
75,0.2,0.08118811881188118,0.1264228887090089,0.17366078882092117,0.7602982306092326,0,0
76,0.2,0.05148514851485149,0.10773441987117183,0.08402025455510505,1.0756160070195218,0,0
77,1.2,0.13564356435643563,0.15894712889925117,1.068870601599495e-11,10.971074867675037,0,0
78,1.0,0.10891089108910891,0.13650445892763632,3.3346417578113415e-11,10.476950815709225,0,0
79,1.0,0.13168316831683166,0.15728557182028188,1.688847234194321e-08,7.772409633050066,0,0
80,1.2,0.13861386138613863,0.15604664003838054,5.168744043565841e-12,11.286614973581827,0,0
81,1.2,0.1306930693069307,0.15269368434579803,1.2531108212965488e-12,11.902010519628906,0,0
82,0.2,0.11485148514851484,0.14169143619800648,0.2739388863041897,0.5623463141913831,0,0
83,0.2,0.11683168316831682,0.149632756335149,0.2891682393217907,0.5388494093192813,0,0
84,0.2,0.09504950495049505,0.14238160801780242,0.23052860904967937,0.6372751701380712,0,0
85,0.0,0.07524752475247526,0.12851469892742934,1.0,-0.0,0,0
86,0.0,0.07524752475247526,0.12851469892742934,1.0,-0.0,0,0
87,0.0,0.0059405940594059415,0.033953323167291584,1.0,-0.0,0,0
88,0.0,0.0,0.0,1.0,-0.0,0,0
89,0.0,0.0,0.0,1.0,-0.0,0,0
90,0.0,0.0,0.0,1.0,-0.0,0,0
91,0.0,0.0,0.0,1.0,-0.0,0,0
92,0.0,0.0,0.0,1.0,-0.0,0,0
93,0.0,0.009900990099009901,0.04338396495090424,1.0,-0.0,0,0
94,0.0,0.04356435643564357,0.09587103712404123,1.0,-0.0,0,0
95,0.0,0.06732673267326733,0.11000352009767247,1.0,-0.0,0,0
96,0.0,0.09306930693069305,0.13368903310588712,1.0,-0.0,0,0
97,0.0,0.09306930693069305,0.13368903310588712,1.0,-0.0,0,0
98,0.0,0.08316831683168316,0.13280619910579974,1.0,-0.0,0,0
99,0.0,0.1168316831683168,0.14696218071508493,1.0,-0.0,0,0
100,0.0,0.18415841584158413,0.1881292336873445,1.0,-0.0,0,0
101,0.0,0.2594059405940594,0.23300797497157244,1.0,-0.0,0,0
102,0.0,0.44950495049504957,0.2734538035002621,1.0,-0.0,0,0
103,0.0,0.5782178217821782,0.29771538019251903,1.0,-0.0,0,0
104,0.0,0.5366336633663366,0.2950827278790142,1.0,-0.0,0,0
105,0.0,0.45940594059405937,0.2945640234738543,1.0,-0.0,0,0
106,0.0,0.35841584158415846,0.2629864005566772,1.0,-0.0,0,0
107,0.0,0.16831683168316827,0.17515520306927512,1.0,-0.0,0,0
108,0.0,0.04950495049504951,0.09912864166957489,1.0,-0.0,0,0
109,0.0,0.023762376237623766,0.07056843438101174,1.0,-0.0,0,0
110,0.0,0.03564356435643565,0.08626938974571076,1.0,-0.0,0,0
111,0.0,0.03564356435643565,0.08626938974571076,1.0,-0.0,0,0
112,0.0,0.03564356435643565,0.08626938974571076,1.0,-0.0,0,0
113,0.0,0.03762376237623762,0.08307396817189318,1.0,-0.0,0,0
114,0.0,0.05346534653465347,0.09704990696905226,1.0,-0.0,0,0
115,0.0,0.031683168316831684,0.0730260947112308,1.0,-0.0,0,0
116,0.0,0.031683168316831684,0.0730260947112308,1.0,-0.0,0,0
117,0.0,0.031683168316831684,0.0730260947112308,1.0,-0.0,0,0
118,0.0,0.023762376237623766,0.06471340450838889,1.0,-0.0,0,0
119,0.0,0.007920792079207921,0.03900537743285587,1.0,-0.0,0,0
120,0.0,0.0039603960396039604,0.02786385599895106,1.0,-0.0,0,0
121,0.0,0.0039603960396039604,0.02786385599895106,1.0,-0.0,0,0
122,0.0,0.0039603960396039604,0.02786385599895106,1.0,-0.0,0,0
123,0.0,0.0,0.0,1.0,-0.0,0,0
124,0.0,0.0,0.0,1.0,-0.0,0,0
125,0.0,0.0,0.0,1.0,-0.0,0,0
126,0.0,0.0,0.0,1.0,-0.0,0,0
127,0.0,0.0,0.0,1.0,-0.0,0,0
128,0.0,0.0,0.0,1.0,-0.0,0,0
129,0.0,0.0,0.0,1.0,-0.0,0,0
130,0.0,0.0,0.0,1.0,-0.0,0,0
131,0.0,0.0,0.0,1.0,-0.0,0,0
132,0.0,0.0,0.0,1.0,-0.0,0,0
133,0.0,0.011881188118811881,0.047276579747775535,1.0,-0.0,0,0
134,0.0,0.011881188118811881,0.047276579747775535,1.0,-0.0,0,0
135,0.0,0.0712871287128713,0.11801714396634724,1.0,-0.0,0,0
136,0.0,0.10891089108910891,0.14494724878689189,1.0,-0.0,0,0
137,0.0,0.12871287128712872,0.15307840071356585,1.0,-0.0,0,0
138,0.0,0.11683168316831682,0.14146987009498416,1.0,-0.0,0,0
139,0.0,0.11683168316831682,0.14146987009498416,1.0,-0.0,0,0
140,0.0,0.09702970297029703,0.127780323207142,1.0,-0.0,0,0
141,0.0,0.0594059405940594,0.10357779667819421,1.0,-0.0,0,0
142,0.0,0.039603960396039604,0.08452453849668534,1.0,-0.0,0,0
143,0.0,0.04554455445544554,0.08846854615322249,1.0,-0.0,0,0
144,0.2,0.1762376237623762,0.18939639130642924,0.45007822174602796,0.3467120010680787,0,0
145,0.4,0.2514851485148515,0.23148845164452572,0.26057788403637616,0.5840624468296771,0,0
146,0.6,0.29108910891089107,0.23126813973317123,0.09081940707315929,1.041821337776339,0,0
147,0.6,0.3544554455445545,0.24996029485700227,0.16296760750319433,0.7878987102011763,0,0
148,0.6,0.3702970297029703,0.26309075137017623,0.1913059076854805,0.7182716183909503,0,0
149,0.4,0.3168316831683168,0.2583532415357285,0.37375776300971,0.4274097782065984,0,0
150,0.4,0.26534653465346536,0.21637684561818196,0.26686903782470783,0.5737018101836084,0,0
151,0.2,0.2514851485148515,0.21183491675748645,1.0,-0.0,0,0
152,0.2,0.3108910891089109,0.22422627808083104,1.0,-0.0,0,0
153,0.2,0.32079207920792085,0.2389402475880928,1.0,-0.0,0,0
154,0.2,0.2633663366336633,0.22326238715968955,1.0,-0.0,0,0
155,0.0,0.19999999999999996,0.1887950326582658,1.0,-0.0,0,0
156,0.0,0.20198019801980197,0.19395834911660803,1.0,-0.0,0,0
157,0.0,0.07920792079207921,0.1261123431927973,1.0,-0.0,0,0
158,0.0,0.10495049504950495,0.14238160801780236,1.0,-0.0,0,0
159,0.0,0.08514851485148517,0.12694907267187808,1.0,-0.0,0,0
160,0.0,0.08514851485148517,0.12694907267187808,1.0,-0.0,0,0
161,0.0,0.057425742574257435,0.09885135821266286,1.0,-0.0,0,0
162,0.0,0.057425742574257435,0.09885135821266286,1.0,-0.0,0,0
163,0.0,0.01386138613861386,0.05079507064705211,1.0,-0.0,0,0
164,0.2,0.03564356435643565,0.08154954567118416,0.021930426384501912,1.6589529244266183,0,0
165,0.2,0.03564356435643565,0.08154954567118416,0.021930426384501912,1.6589529244266183,0,0
166,0.2,0.04356435643564357,0.08721867542790195,0.036438310127516485,1.438441772185106,0,0
167,0.2,0.06930693069306931,0.11057238501634628,0.11860911207080789,0.9258819452883051,0,0
168,0.4,0.11683168316831684,0.15737280385192495,0.0359818866256832,1.4439160691827164,0,0
169,0.2,0.09504950495049506,0.13957235791450373,0.22604258799392601,0.6458097290460244,0,0
170,0.2,0.09900990099009901,0.13965661530697393,0.234799546255409,0.629302746687466,0,0
171,0.2,0.14059405940594058,0.15554326246855826,0.3512583071183333,0.45437339607478805,0,0
172,0.2,0.14257425742574256,0.16491614109827338,0.36384057185536844,0.43908887440266103,0,0
173,0.0,0.11881188118811879,0.15202453637757812,1.0,-0.0,0,0
174,0.2,0.21782178217821782,0.2163587228453692,1.0,-0.0,0,0
175,0.6,0.26138613861386134,0.22292843811576232,0.0643893983918128,1.1911856326239272,0,0
176,0.8,0.36534653465346534,0.2671579958848679,0.051873555047219674,1.2850539875089422,0,0
177,1.4,0.47920792079207924,0.31851040416448473,0.0019205030420164258,2.716585000589458,0,0
178,1.4,0.5217821782178218,0.32566883513384204,0.003501946732581801,2.4556904641696855,0,0
179,1.8,0.501980198019802,0.30506619895769416,1.0458098812138875e-05,4.98054725910572,0,0
180,2.0,0.5643564356435643,0.33819092340925455,1.0926342965091875e-05,4.961525171613014,0,0
181,2.8,0.5544554455445545,0.331669868212726,6.420430832550388e-12,11.192435828329694,0,0
182,2.2,0.41782178217821786,0.2787511184913707,8.109797384559925e-11,10.090989996080681,0,0
183,2.2,0.3366336633663367,0.24524094931967097,1.503499322609308e-14,13.822896763231642,0,0
184,1.8,0.2831683168316832,0.23253629842518303,3.446000278266889e-11,10.462684691818412,0,0
185,1.2,0.17425742574257425,0.16569891898195668,3.0005881881269e-10,9.522793604673902,0,0
186,0.2,0.031683168316831684,0.0730260947112308,0.01058647624307391,1.9752485727397298,0,0
187,0.2,0.041584158415841586,0.08116396646304633,0.025480968483881664,1.5937840693032386,0,0
188,0.4,0.05148514851485149,0.09607532254026299,0.00014308005208175866,3.8444209104379667,0,0
189,0.6,0.2792079207920792,0.21814557392349168,0.07070760228184376,1.1505338895756982,0,0
190,0.8,0.30099009900990104,0.2297200403353468,0.014918316422327837,1.8262801855596387,0,0
191,0.8,0.30891089108910896,0.23297431545894154,0.017519346760368783,1.7564820912990013,0,0
192,1.0,0.306930693069307,0.24464863701355247,0.0023062673303978123,2.637090352987765,0,0
193,0.8,0.29702970297029707,0.23982478981707223,0.017986139054239125,1.7450620532968897,0,0
194,0.4,0.10297029702970295,0.15824247939807565,0.030255336158216434,1.5191980173854154,0,0
195,0.2,0.0811881188118812,0.1520245363775781,0.21724513874615609,0.6630499328969738,0,0
196,0.2,0.07326732673267328,0.1427391785420998,0.18730753006111028,0.7274447629437546,0,0
197,0.0,0.0594059405940594,0.12119717820276717,1.0,-0.0,0,0
198,0.0,0.06930693069306931,0.1303024465454424,1.0,-0.0,0,0
199,0.0,0.031683168316831684,0.07826167463512675,1.0,-0.0,0,0
200,0.0,0.04752475247524753,0.10205226714237721,1.0,-0.0,0,0
201,0.0,0.04752475247524753,0.10205226714237721,1.0,-0.0,0,0
202,0.0,0.06534653465346535,0.11976515267356391,1.0,-0.0,0,0
203,0.0,0.06336633663366337,0.11233152161332939,1.0,-0.0,0,0
204,0.0,0.04356435643564357,0.09164702150816742,1.0,-0.0,0,0
205,0.0,0.05148514851485149,0.096075322540263,1.0,-0.0,0,0
206,0.0,0.057425742574257435,0.09885135821266286,1.0,-0.0,0,0
207,0.0,0.039603960396039604,0.08452453849668534,1.0,-0.0,0,0
208,0.0,0.031683168316831684,0.0730260947112308,1.0,-0.0,0,0
209,0.2,0.05148514851485149,0.09607532254026299,0.06107440442601417,1.214140759405803,0,0
210,0.2,0.027722772277227727,0.07461957893630407,0.010478998804251384,1.9796802091996195,0,0
211,0.2,0.03762376237623763,0.09631989312487374,0.04591700207565371,1.3380264748022233,0,0
212,0.2,0.057425742574257435,0.10656335878870263,0.09045971579075375,1.0435447810683365,0,0
213,0.2,0.057425742574257435,0.10656335878870263,0.09045971579075375,1.0435447810683365,0,0
214,0.0,0.03564356435643565,0.08154954567118415,1.0,-0.0,0,0
215,0.0,0.03564356435643565,0.08154954567118415,1.0,-0.0,0,0
216,0.0,0.0613861386138614,0.10806149425459212,1.0,-0.0,0,0
217,0.0,0.04752475247524753,0.09809478080396702,1.0,-0.0,0,0
218,0.0,0.07920792079207921,0.11966689053257923,1.0,-0.0,0,0
219,0.0,0.07920792079207921,0.11966689053257923,1.0,-0.0,0,0
220,0.0,0.1089108910891089,0.13937555924568532,1.0,-0.0,0,0
221,0.0,0.16435643564356434,0.1766487584013007,1.0,-0.0,0,0
222,0.0,0.2594059405940594,0.19608960258498426,1.0,-0.0,0,0
223,0.0,0.22970297029702968,0.17885474744676655,1.0,-0.0,0,0
224,0.0,0.2792079207920792,0.20310307176171227,1.0,-0.0,0,0
225,0.0,0.40198019801980206,0.2445364165391776,1.0,-0.0,0,0
226,0.0,0.3425742574257427,0.23770625630768516,1.0,-0.0,0,0
227,0.2,0.32574257425742587,0.23658187427809751,1.0,-0.0,0,0
228,0.2,0.4435643564356435,0.29464388358741966,1.0,-0.0,0,0
229,0.2,0.44950495049504957,0.2957198843086014,1.0,-0.0,0,0
230,0.2,0.3099009900990099,0.24595940681543352,1.0,-0.0,0,0
231,0.2,0.297029702970297,0.24634172736766713,1.0,-0.0,0,0
232,0.0,0.21188118811881188,0.20260048415728582,1.0,-0.0,0,0
233,0.0,0.09108910891089109,0.1243589581632284,1.0,-0.0,0,0
234,0.0,0.03564356435643565,0.07653920035678292,1.0,-0.0,0,0
235,0.0,0.025742574257425745,0.0669763743575753,1.0,-0.0,0,0
236,0.0,0.09108910891089109,0.12750384183766536,1.0,-0.0,0,0
237,0.0,0.11485148514851484,0.13304219431477882,1.0,-0.0,0,0
238,0.0,0.19405940594059404,0.1652012167494195,1.0,-0.0,0,0
239,0.0,0.2099009900990099,0.17434741150934763,1.0,-0.0,0,0
240,0.0,0.2396039603960396,0.19092230959515166,1.0,-0.0,0,0
241,0.0,0.19405940594059404,0.1767818940250744,1.0,-0.0,0,0
242,0.0,0.17029702970297028,0.17208365134574602,1.0,-0.0,0,0
243,0.0,0.09504950495049502,0.12457948087149172,1.0,-0.0,0,0
244,0.0,0.09504950495049502,0.11805036483793173,1.0,-0.0,0,0
245,0.0,0.07524752475247526,0.11205191564986228,1.0,-0.0,0,0
246,0.0,0.031683168316831684,0.08316831683168317,1.0,-0.0,0,0
247,0.0,0.03762376237623763,0.08771182015980238,1.0,-0.0,0,0
248,0.0,0.041584158415841586,0.09039772047931348,1.0,-0.0,0,0
249,0.0,0.025742574257425748,0.0669763743575753,1.0,-0.0,0,0
250,0.0,0.013861386138613863,0.05079507064705211,1.0,-0.0,0,0
251,0.0,0.013861386138613863,0.05079507064705211,1.0,-0.0,0,0
252,0.0,0.013861386138613863,0.05079507064705211,1.0,-0.0,0,0
253,0.0,0.0059405940594059415,0.03395332316729158,1.0,-0.0,0,0
254,0.0,0.0059405940594059415,0.03395332316729158,1.0,-0.0,0,0
255,0.0,0.0059405940594059415,0.03395332316729158,1.0,-0.0,0,0
256,0.0,0.0059405940594059415,0.03395332316729158,1.0,-0.0,0,0
257,0.0,0.0,0.0,1.0,-0.0,0,0
258,0.0,0.0,0.0,1.0,-0.0,0,0
259,0.0,0.0,0.0,1.0,-0.0,0,0
260,0.0,0.0,0.0,1.0,-0.0,0,0
261,0.0,0.0,0.0,1.0,-0.0,0,0
262,0.0,0.0,0.0,1.0,-0.0,0,0
263,0.0,0.0,0.0,1.0,-0.0,0,0
264,0.0,0.0059405940594059415,0.03395332316729158,1.0,-0.0,0,0
265,0.0,0.0059405940594059415,0.03395332316729158,1.0,-0.0,0,0
266,0.0,0.0059405940594059415,0.03395332316729158,1.0,-0.0,0,0
267,0.0,0.2059405940594059,0.23114942326745008,1.0,-0.0,0,0
268,0.0,0.2455445544554455,0.24837083121227968,1.0,-0.0,0,0
269,0.0,0.3841584158415841,0.2823987326659803,1.0,-0.0,0,0
270,0.2,0.6376237623762376,0.3242207673330056,1.0,-0.0,0,0
271,0.8,0.8673267326732675,0.37260360666693193,1.0,-0.0,0,0
272,1.0,0.7188118811881188,0.3211097314950414,0.1906030696387862,0.7198701093826279,0,0
273,1.4,0.904950495049505,0.3895608692060672,0.10190193574555546,0.991817565987409,0,0
274,1.8,1.0772277227722773,0.4230678123952628,0.043780366566395716,1.3587206064707724,0,0
275,1.6,0.8316831683168316,0.3917290165279587,0.024919234360459834,1.603465305437249,0,0
276,1.0,0.6019801980198021,0.3300105602930174,0.11389293410569641,0.9435032186258504,0,0
277,0.8,0.5920792079207922,0.33409643722983584,0.2668599342080285,0.5737166253826953,0,0
278,1.0,0.5584158415841584,0.31126294214857125,0.07799539333728905,1.1079310474028092,0,0
279,0.6,0.2396039603960396,0.2198465747287386,0.05057466438576203,1.2960669905323474,0,0
280,0.6,0.23168316831683167,0.22112703802207725,0.04789311388131692,1.3197269253814998,0,0
281,0.6,0.23168316831683167,0.22112703802207725,0.04789311388131692,1.3197269253814998,0,0
282,0.6,0.1900990099009901,0.1977622086930122,0.019100278086243438,1.7189603096924901,0,0
283,0.0,0.0,0.0,1.0,-0.0,0,0
284,0.0,0.0,0.0,1.0,-0.0,0,0
285,0.0,0.0,0.0,1.0,-0.0,0,0
286,0.0,0.0,0.0,1.0,-0.0,0,0
287,0.0,0.0,0.0,1.0,-0.0,0,0
288,0.0,0.0,0.0,1.0,-0.0,0,0
289,0.0,0.0,0.0,1.0,-0.0,0,0
290,0.0,0.0,0.0,1.0,-0.0,0,0
291,0.0,0.0,0.0,1.0,-0.0,0,0
292,0.0,0.0,0.0,1.0,-0.0,0,0
293,0.0,0.0,0.0,1.0,-0.0,0,0
294,0.0,0.009900990099009901,0.04338396495090425,1.0,-0.0,0,0
295,0.0,0.04356435643564357,0.09587103712404123,1.0,-0.0,0,0
296,0.2,0.22970297029702966,0.20370069017874276,1.0,-0.0,0,0
297,0.2,0.3841584158415842,0.263537501142402,1.0,-0.0,0,0
298,0.2,0.43960396039603966,0.2625387130041957,1.0,-0.0,0,0
299,0.2,0.4574257425742575,0.2674953630220718,1.0,-0.0,0,0
300,0.2,0.4435643564356437,0.2542376846844204,1.0,-0.0,0,0
301,0.0,0.2574257425742574,0.20554035746110946,1.0,-0.0,0,0
302,0.0,0.13663366336633662,0.15397233406965347,1.0,-0.0,0,0
303,0.0,0.23366336633663365,0.19512739059128734,1.0,-0.0,0,0
304,0.0,0.2633663366336633,0.20281326937139588,1.0,-0.0,0,0
305,0.0,0.2435643564356435,0.2002057563312059,1.0,-0.0,0,0
306,0.0,0.2435643564356435,0.2002057563312059,1.0,-0.0,0,0
307,0.0,0.21188118811881188,0.18630706513012396,1.0,-0.0,0,0
308,0.0,0.057425742574257435,0.10656335878870264,1.0,-0.0,0,0
309,0.0,0.0,0.0,1.0,-0.0,0,0
310,0.0,0.0,0.0,1.0,-0.0,0,0
311,0.0,0.0,0.0,1.0,-0.0,0,0
312,0.0,0.1722772277227723,0.2010461805385672,1.0,-0.0,0,0
313,0.0,0.17623762376237626,0.20736370442096463,1.0,-0.0,0,0
314,0.0,0.17623762376237626,0.20736370442096463,1.0,-0.0,0,0
315,0.0,0.17623762376237626,0.20736370442096463,1.0,-0.0,0,0
316,0.0,0.24950495049504953,0.2476118658588608,1.0,-0.0,0,0
317,0.0,0.07722772277227724,0.13191745702927898,1.0,-0.0,0,0
318,0.0,0.09702970297029703,0.1451905170679078,1.0,-0.0,0,0
319,0.0,0.09900990099009903,0.14791959918402456,1.0,-0.0,0,0
320,0.0,0.22574257425742572,0.22278767823551468,1.0,-0.0,0,0
321,0.0,0.15247524752475247,0.1715359035858037,1.0,-0.0,0,0
322,0.0,0.1762376237623762,0.18301572450512466,1.0,-0.0,0,0
323,0.0,0.15247524752475247,0.16685445095398732,1.0,-0.0,0,0
324,0.0,0.2178217821782178,0.21635872284536925,1.0,-0.0,0,0
325,0.0,0.09108910891089106,0.13057300215314485,1.0,-0.0,0,0
326,0.0,0.09108910891089106,0.13057300215314485,1.0,-0.0,0,0
327,0.0,0.12475247524752475,0.15632280678012314,1.0,-0.0,0,0
328,0.0,0.17821782178217818,0.1732644978552662,1.0,-0.0,0,0
329,0.0,0.14257425742574256,0.16249693654596944,1.0,-0.0,0,0
330,0.0,0.15247524752475247,0.17382935720677026,1.0,-0.0,0,0
331,0.0,0.19999999999999998,0.21981089982793922,1.0,-0.0,0,0
332,0.0,0.16831683168316833,0.20242622079466205,1.0,-0.0,0,0
333,0.0,0.1306930693069307,0.18333682374816165,1.0,-0.0,0,0
334,0.0,0.21188118811881182,0.21027428043498278,1.0,-0.0,0,0
335,0.0,0.29504950495049503,0.2330921024881134,1.0,-0.0,0,0
336,0.0,0.2475247524752475,0.2032381714585378,1.0,-0.0,0,0
337,0.0,0.2871287128712871,0.2113901963577429,1.0,-0.0,0,0
338,0.0,0.32277227722772284,0.23373048205432875,1.0,-0.0,0,0
339,0.0,0.21188118811881188,0.19051110448801098,1.0,-0.0,0,0
340,0.0,0.11683168316831682,0.14146987009498416,1.0,-0.0,0,0
341,0.0,0.11683168316831682,0.14146987009498416,1.0,-0.0,0,0
342,0.0,0.11881188118811878,0.14939672169394075,1.0,-0.0,0,0
343,0.0,0.1188118811881188,0.16453527190369102,1.0,-0.0,0,0
344,0.0,0.12475247524752472,0.17084874938711278,1.0,-0.0,0,0
345,0.0,0.16237623762376235,0.18176880383941263,1.0,-0.0,0,0
346,0.0,0.19603960396039605,0.2029099161576158,1.0,-0.0,0,0
347,0.0,0.15049504950495046,0.1602125830191587,1.0,-0.0,0,0
348,0.2,0.11287128712871286,0.15264231556912292,0.2840665474464929,0.5465799071246757,0,0
349,0.2,0.12871287128712872,0.16065252686710352,0.32861713949290217,0.48330978906568245,0,0
350,0.4,0.18019801980198016,0.18985132378941597,0.12348130560842126,0.9083987872273959,0,0
351,0.6,0.300990099009901,0.24955209361318303,0.11542224781711265,0.9377104721772215,0,0
352,0.6,0.3386138613861386,0.251321378030972,0.14915894635281723,0.8263506931222988,0,0
353,0.4,0.3306930693069306,0.24444018655583344,0.3883840326118705,0.41073863327253163,0,0
354,0.4,0.3425742574257426,0.2343503912349483,0.4032118663769274,0.39446669524758526,0,0
355,0.4,0.2831683168316832,0.20922738917817496,0.2882870899826028,0.5401748056688689,0,0
356,0.4,0.20396039603960395,0.20094863738570082,0.16463862369044918,0.7834682730854182,0,0
357,0.6,0.2613861386138614,0.23334430305507362,0.07337126962643405,1.13447396576939,0,0
358,0.6,0.29504950495049503,0.22443603142705315,0.08711429710079611,1.0599105632192534,0,0
359,0.8,0.32871287128712884,0.24948923414276186,0.029445386565866347,1.5309827397881695,0,0
360,0.8,0.3287128712871289,0.2364492425231587,0.02312058603280585,1.6360011621378299,0,0
361,0.8,0.32277227722772284,0.2516799744287924,0.028968861674933153,1.5380685699673828,0,0
362,0.8,0.2594059405940594,0.22078985924382347,0.007173515297538959,2.144267971222322,0,0
363,0.8,0.25940594059405936,0.22078985924382347,0.007173515297538959,2.144267971222322,0,0
364,0.6,0.19207920792079206,0.19684801812808977,0.01912047765304437,1.71850126271419,0,0
365,0.4,0.28910891089108914,0.23793708715824127,0.3205890891932177,0.49405126234310903,0,0
366,0.2,0.299009900990099,0.243121226130175,1.0,-0.0,0,0
367,0.0,0.32970297029702966,0.2523334876727192,1.0,-0.0,0,0
368,0.2,0.3287128712871287,0.2510716175935915,1.0,-0.0,0,0
369,0.2,0.3287128712871287,0.2510716175935915,1.0,-0.0,0,0
370,0.2,0.20396039603960395,0.19084013945594866,1.0,-0.0,0,0
371,0.2,0.1485148514851485,0.16326729671147558,0.3762507376661025,0.42452263993230954,0,0
372,0.2,0.06534653465346535,0.10571364605971598,0.10137482685028305,0.9940698745616096,0,0
373,0.0,0.07524752475247526,0.1189108498693262,1.0,-0.0,0,0
374,0.0,0.07524752475247526,0.1189108498693262,1.0,-0.0,0,0
375,0.2,0.1287128712871287,0.15564406822280066,0.3234712690031588,0.4901642876923811,0,0
376,0.2,0.10495049504950493,0.13078304733432372,0.2336827065616655,0.6313734259164431,0,0
377,0.2,0.12178217821782175,0.14323280253485246,0.2925024670381444,0.5338704666192898,0,0
378,0.2,0.06930693069306931,0.10316052497133553,0.1025972572716999,0.9888642490457177,0,0
379,0.2,0.06930693069306931,0.10316052497133553,0.1025972572716999,0.9888642490457177,0,0
380,0.0,0.015841584158415842,0.05401260078014202,1.0,-0.0,0,0
381,0.0,0.05148514851485149,0.096075322540263,1.0,-0.0,0,0
382,0.2,0.07524752475247526,0.1189108498693262,0.1470600443380226,0.8325053074261874,0,0
383,0.2,0.07524752475247526,0.1189108498693262,0.1470600443380226,0.8325053074261874,0,0
384,0.2,0.10693069306930691,0.13661931335176505,0.24786267822600477,0.6057888619402982,0,0
385,0.2,0.1287128712871287,0.13954426081146826,0.3047256810291634,0.5160909436792886,0,0
386,0.2,0.12079207920792076,0.13520562388207177,0.2789938613177603,0.5544053523721103,0,0
387,0.0,0.10693069306930694,0.13948804962658476,1.0,-0.0,0,0
388,0.0,0.201980198019802,0.17687059543257513,1.0,-0.0,0,0
389,0.0,0.17029702970297028,0.172083651345746,1.0,-0.0,0,0
390,0.0,0.2594059405940594,0.24942635883073958,1.0,-0.0,0,0
391,0.2,0.2950495049504951,0.2495049504950495,1.0,-0.0,0,0
392,0.4,0.4435643564356435,0.2794676132369335,1.0,-0.0,0,0
393,0.8,0.5108910891089109,0.30373939784259824,0.17059106814159253,0.7680437114942176,0,0
394,0.8,0.5168316831683167,0.30084676107553854,0.17329152760267258,0.7612226698616972,0,0
395,0.8,0.4178217821782178,0.23394847516170567,0.051171438947427844,1.2909723704396265,0,0
396,1.0,0.5475247524752475,0.27524752475247527,0.05009999071783835,1.3001623545956675,0,0
397,1.0,0.5564356435643565,0.2603941572796477,0.04424340542788018,1.3541514526432885,0,0
398,0.8,0.5009900990099009,0.2708604000912905,0.13481256923726714,0.8702696145076285,0,0
399,1.0,0.7009900990099008,0.2851072577414014,0.14714363914129758,0.8322585072343899,0,0
400,1.0,0.6910891089108909,0.282176480800629,0.13681449492794506,0.86386788848036,0,0
401,0.6,0.49702970297029697,0.2664231152611506,0.34956630994350724,0.456470429901109,0,0
402,0.4,0.31287128712871287,0.22762804745341075,0.350945926983928,0.4547597935671105,0,0
403,0.2,0.2059405940594059,0.19590954781832295,1.0,-0.0,0,0
404,0.0,0.0,0.0,1.0,-0.0,0,0
405,0.0,0.0,0.0,1.0,-0.0,0,0
406,0.4,0.09306930693069305,0.11454380090280847,0.0036855933186001355,2.4334925880621174,0,0
407,0.4,0.1564356435643564,0.16314716771521567,0.06773011820685515,1.1692181664349777,0,0
408,0.4,0.35445544554455444,0.24354020648204344,0.4258262345199635,0.37076758583738667,0,0
409,0.6,0.4356435643564357,0.27632100661405795,0.2759877359101812,0.5591102162857717,0,0
410,0.6,0.5247524752475248,0.2989771144571448,0.4006429616076269,0.39724248242954496,0,0
411,0.4,0.6613861386138613,0.3409277665225873,1.0,-0.0,0,0
412,0.6,0.8455445544554456,0.38370903592764694,1.0,-0.0,0,0
413,0.6,0.7465346534653466,0.37431504611708083,1.0,-0.0,0,0
414,0.4,0.7485148514851486,0.3337793963428506,1.0,-0.0,0,0
415,0.6,0.8158415841584158,0.36660947827066126,1.0,-0.0,0,0
416,0.4,0.7207920792079208,0.36918879006483696,1.0,-0.0,0,0
417,0.2,0.60990099009901,0.31513157726435265,1.0,-0.0,0,0
418,0.2,0.5900990099009903,0.32011908381226173,1.0,-0.0,0,0
419,0.4,0.5881188118811882,0.301575772037106,1.0,-0.0,0,0
420,0.6,0.5742574257425742,0.29337687901047627,0.465039378326604,0.3325102706243198,0,0
421,0.6,0.43762376237623773,0.2650804044464398,0.27008542199848806,0.5684988564511059,0,0
422,0.6,0.30297029702970296,0.23142068570289673,0.09965753204583029,1.0014898720530698,0,0
423,0.8,0.23960396039603957,0.22342039932781524,0.006066399441324196,2.2170689970171797,0,0
424,0.6,0.1762376237623762,0.1872936566784291,0.011831538256943577,1.9269587876567393,0,0
425,0.2,0.031683168316831684,0.08316831683168317,0.021494876961718305,1.6676650364739216,0,0
426,0.2,0.031683168316831684,0.08316831683168317,0.021494876961718305,1.6676650364739216,0,0
427,0.2,0.031683168316831684,0.08316831683168317,0.021494876961718305,1.6676650364739216,0,0
428,0.0,0.017821782178217824,0.056980176514606566,1.0,-0.0,0,0
429,0.0,0.13465346534653463,0.1737391031211394,1.0,-0.0,0,0
430,0.0,0.16831683168316833,0.19032577234227777,1.0,-0.0,0,0
431,0.0,0.16831683168316833,0.19032577234227777,1.0,-0.0,0,0
432,0.0,0.16831683168316833,0.19032577234227777,1.0,-0.0,0,0
433,0.0,0.16831683168316833,0.19032577234227777,1.0,-0.0,0,0
434,0.0,0.04554455445544555,0.10100951085035129,1.0,-0.0,0,0
435,0.0,0.01386138613861386,0.05807080514303042,1.0,-0.0,0,0
436,0.0,0.01386138613861386,0.05807080514303042,1.0,-0.0,0,0
437,0.0,0.017821782178217824,0.0635517090529949,1.0,-0.0,0,0
438,0.0,0.017821782178217824,0.0635517090529949,1.0,-0.0,0,0
439,0.0,0.0039603960396039604,0.027863855998951057,1.0,-0.0,0,0
440,0.0,0.007920792079207921,0.03900537743285587,1.0,-0.0,0,0
441,0.0,0.007920792079207921,0.03900537743285587,1.0,-0.0,0,0
442,0.0,0.039603960396039604,0.07970143286137865,1.0,-0.0,0,0
443,0.0,0.07524752475247526,0.11205191564986228,1.0,-0.0,0,0
444,0.0,0.10495049504950495,0.1213588391765906,1.0,-0.0,0,0
445,0.0,0.12772277227722773,0.14220248558715834,1.0,-0.0,0,0
446,0.0,0.14851485148514848,0.1558203213695525,1.0,-0.0,0,0
447,0.0,0.11089108910891088,0.13923481846532235,1.0,-0.0,0,0
448,0.0,0.08514851485148517,0.13598641357140115,1.0,-0.0,0,0
449,0.0,0.05544554455445545,0.11644507269694382,1.0,-0.0,0,0
450,0.0,0.05346534653465347,0.10104832334394513,1.0,-0.0,0,0
451,0.0,0.033663366336633666,0.07994704648786674,1.0,-0.0,0,0
452,0.0,0.033663366336633666,0.07994704648786674,1.0,-0.0,0,0
453,0.0,0.023762376237623766,0.06471340450838887,1.0,-0.0,0,0
454,0.0,0.023762376237623766,0.06471340450838887,1.0,-0.0,0,0
455,0.0,0.015841584158415842,0.054012600780142014,1.0,-0.0,0,0
456,0.0,0.015841584158415842,0.054012600780142014,1.0,-0.0,0,0
457,0.0,0.015841584158415842,0.054012600780142014,1.0,-0.0,0,0
458,0.0,0.015841584158415842,0.054012600780142014,1.0,-0.0,0,0
459,0.0,0.015841584158415842,0.054012600780142014,1.0,-0.0,0,0
460,0.0,0.0,0.0,1.0,-0.0,0,0
461,0.0,0.0,0.0,1.0,-0.0,0,0
462,0.0,0.013861386138613863,0.05079507064705211,1.0,-0.0,0,0
463,0.0,0.019801980198019802,0.0597350618970232,1.0,-0.0,0,0
464,0.0,0.019801980198019802,0.0597350618970232,1.0,-0.0,0,0
465,0.2,0.05544554455445544,0.11299281281336322,0.10039143277323,0.9983033475303007,0,0
466,0.2,0.05544554455445544,0.11299281281336322,0.10039143277323,0.9983033475303007,0,0
467,0.2,0.1198019801980198,0.13498793637349912,0.27621843680882996,0.5587473368467784,0,0
468,0.4,0.14653465346534655,0.1638426898490107,0.060931103784657055,1.2151609544334858,0,0
469,0.4,0.16435643564356434,0.16978971176416646,0.08259054414446305,1.0830696725459348,0,0
470,0.6,0.3801980198019802,0.22250589133604332,0.16161356929178233,0.7915221780840656,0,0
471,0.6,0.4534653465346534,0.24028215939988137,0.2709825478177049,0.5670586782419471,0,0
472,1.0,0.47524752475247534,0.2514929444492123,0.018464438531170385,1.733663893890166,0,0
473,0.8,0.4435643564356436,0.2557906947518137,0.08173945547811325,1.0875682597445424,0,0
474,0.8,0.44950495049504957,0.2616110643405466,0.09016230733343518,1.0449749828386483,0,0
475,0.4,0.23960396039603962,0.20492897002764762,0.21690432421099848,0.6637317897919139,0,0
476,0.4,0.18415841584158418,0.19434208548729184,0.13336444939316044,0.8749599237179716,0,0
477,0.0,0.09702970297029702,0.13383560593042218,1.0,-0.0,0,0
478,0.2,0.11683168316831684,0.14696218071508493,0.2857252863524996,0.5440513233645132,0,0
479,0.2,0.09306930693069305,0.1306930693069307,0.20662668774682014,0.6848135860465708,0,0
480,0.2,0.10099009900990098,0.14521752172118102,0.2476814172531363,0.6061065759218802,0,0
481,0.2,0.08316831683168317,0.12670172889541698,0.17823816947726306,0.7489992867285707,0,0
482,0.2,0.06930693069306931,0.11057238501634628,0.11860911207080789,0.9258819452883051,0,0
483,0.0,0.07920792079207921,0.11966689053257921,1.0,-0.0,0,0
484,0.0,0.07920792079207921,0.11966689053257921,1.0,-0.0,0,0
485,0.0,0.0297029702970297,0.07112192077650682,1.0,-0.0,0,0
486,0.0,0.0297029702970297,0.07112192077650682,1.0,-0.0,0,0
487,0.0,0.041584158415841586,0.08590499787518362,1.0,-0.0,0,0
488,0.0,0.011881188118811881,0.047276579747775535,1.0,-0.0,0,0
489,0.0,0.011881188118811881,0.047276579747775535,1.0,-0.0,0,0
490,0.0,0.10495049504950493,0.1423816080178024,1.0,-0.0,0,0
491,0.0,0.1168316831683168,0.1469621807150849,1.0,-0.0,0,0
492,0.0,0.12079207920792079,0.149134022841685,1.0,-0.0,0,0
493,0.0,0.14455445544554454,0.1569986110329885,1.0,-0.0,0,0
494,0.0,0.19603960396039602,0.18875348902641548,1.0,-0.0,0,0
495,0.0,0.10099009900990098,0.12781100644043505,1.0,-0.0,0,0
496,0.0,0.0891089108910891,0.11423528793549273,1.0,-0.0,0,0
497,0.0,0.07326732673267328,0.10798889666879984,1.0,-0.0,0,0
498,0.0,0.06336633663366337,0.10120342446875752,1.0,-0.0,0,0
499,0.0,0.021782178217821784,0.06230547612891991,1.0,-0.0,0,0
500,0.0,0.021782178217821784,0.06230547612891991,1.0,-0.0,0,0
501,0.0,0.021782178217821784,0.06230547612891991,1.0,-0.0,0,0
502,0.0,0.033663366336633666,0.08475617647141663,1.0,-0.0,0,0
503,0.0,0.02178217821782178,0.07393328595086918,1.0,-0.0,0,0
504,0.0,0.011881188118811881,0.047276579747775535,1.0,-0.0,0,0
505,0.0,0.011881188118811881,0.047276579747775535,1.0,-0.0,0,0
506,0.0,0.011881188118811881,0.047276579747775535,1.0,-0.0,0,0
507,0.0,0.0,0.0,1.0,-0.0,0,0
508,0.0,0.0,0.0,1.0,-0.0,0,0
509,0.0,0.0,0.0,1.0,-0.0,0,0
510,0.0,0.0,0.0,1.0,-0.0,0,0
511,0.0,0.017821782178217824,0.0635517090529949,1.0,-0.0,0,0
512,0.0,0.017821782178217824,0.0635517090529949,1.0,-0.0,0,0
513,0.0,0.02970297029702971,0.07648795214189293,1.0,-0.0,0,0
514,0.0,0.08514851485148513,0.1444594832462533,1.0,-0.0,0,0
515,0.0,0.1069306930693069,0.15302716108009237,1.0,-0.0,0,0
516,0.0,0.09900990099009897,0.1396566153069739,1.0,-0.0,0,0
517,0.0,0.1376237623762376,0.1584900816139702,1.0,-0.0,0,0
518,0.0,0.12475247524752472,0.1511709677939985,1.0,-0.0,0,0
519,0.0,0.06930693069306931,0.11057238501634628,1.0,-0.0,0,0
520,0.0,0.04752475247524753,0.09397077637785879,1.0,-0.0,0,0
521,0.0,0.047524752475247525,0.08965727859542,1.0,-0.0,0,0
522,0.2,0.10693069306930691,0.1450554183905936,0.2605625477598812,0.584088007925498,0,0
523,0.6,0.15643564356435644,0.17711429524750805,0.0061330306931064935,2.2123248618552385,0,0
524,0.6,0.17029702970297025,0.17436990069505992,0.006863703608078401,2.163441478678472,0,0
525,0.8,0.24950495049504945,0.1896446715851545,0.00184938505906844,2.7329726552993954,0,0
526,0.8,0.2396039603960396,0.18025241263723205,0.0009387621326454649,3.027444437090916,0,0
527,0.6,0.14257425742574256,0.1444323368618651,0.0007699451766412005,3.1135401973338217,0,0
528,0.2,0.09306930693069305,0.12126186845461277,0.18893807577263794,0.7236805120007753,0,0
529,0.4,0.2059405940594059,0.1979207673143487,0.16342206097986373,0.7866893167442065,0,0
530,0.2,0.14554455445544556,0.17773311423617327,0.3796542961316519,0.42061168132349797,0,0
531,0.2,0.17821782178217818,0.19067569294591247,0.454525046113909,0.34244218045221203,0,0
532,0.4,0.5366336633663368,0.27851187730053956,1.0,-0.0,0,0
533,0.6,0.5722772277227723,0.2978865528893751,0.46292601436727737,0.33448841312795347,0,0
534,0.4,0.4792079207920792,0.2744271555433924,1.0,-0.0,0,0
535,0.4,0.4594059405940595,0.2678030227137296,1.0,-0.0,0,0
536,0.4,0.4455445544554456,0.26081545863013006,1.0,-0.0,0,0
537,0.2,0.10297029702970298,0.11471483847889298,0.19882269644243533,0.7015340405771278,0,0
538,0.0,0.23564356435643566,0.19780186026407595,1.0,-0.0,0,0
539,0.0,0.2514851485148515,0.2245408346227847,1.0,-0.0,0,0
540,0.0,0.2514851485148515,0.2245408346227847,1.0,-0.0,0,0
541,0.0,0.24554455445544554,0.22843624778486718,1.0,-0.0,0,0
542,0.4,0.27128712871287125,0.23811829727615705,0.29441175262429986,0.5310448573847947,0,0
543,0.4,0.10297029702970298,0.12778032320714203,0.010048446341906712,1.997901082253188,0,0
544,0.4,0.05346534653465347,0.09704990696905227,0.00017802439318404025,3.749520485896723,0,0
545,0.4,0.05346534653465347,0.09704990696905227,0.00017802439318404025,3.749520485896723,0,0
546,0.4,0.0712871287128713,0.11801714396634726,0.002673930524756041,2.5728498809584988,0,0
547,0.0,0.0297029702970297,0.07648795214189293,1.0,-0.0,0,0
548,0.0,0.0297029702970297,0.07648795214189293,1.0,-0.0,0,0
549,0.0,0.0297029702970297,0.07648795214189293,1.0,-0.0,0,0
550,0.0,0.0297029702970297,0.07648795214189293,1.0,-0.0,0,0
551,0.0,0.0,0.0,1.0,-0.0,0,0
552,0.0,0.0,0.0,1.0,-0.0,0,0
553,0.0,0.0,0.0,1.0,-0.0,0,0
554,0.0,0.0,0.0,1.0,-0.0,0,0
555,0.0,0.007920792079207921,0.03900537743285587,1.0,-0.0,0,0
556,0.0,0.007920792079207921,0.03900537743285587,1.0,-0.0,0,0
557,0.0,0.007920792079207921,0.03900537743285587,1.0,-0.0,0,0
558,0.0,0.031683168316831684,0.0730260947112308,1.0,-0.0,0,0
559,0.0,0.031683168316831684,0.0730260947112308,1.0,-0.0,0,0
560,0.0,0.023762376237623763,0.06471340450838887,1.0,-0.0,0,0
561,0.0,0.023762376237623763,0.06471340450838887,1.0,-0.0,0,0
562,0.0,0.023762376237623763,0.06471340450838887,1.0,-0.0,0,0
563,0.0,0.013861386138613863,0.05079507064705211,1.0,-0.0,0,0
564,0.0,0.023762376237623766,0.06471340450838887,1.0,-0.0,0,0
565,0.2,0.10099009900990098,0.13386490123687583,0.2297636175030388,0.6387187396538443,0,0
566,0.2,0.12970297029702968,0.14728201173692712,0.3165758858037517,0.4995221692627264,0,0
567,0.2,0.14455445544554454,0.1518696989212991,0.3575234982648516,0.44669540888000764,0,0
568,0.2,0.16633663366336635,0.1642729120947021,0.41881597997376907,0.3779767561192014,0,0
569,0.2,0.3762376237623763,0.2732816756169664,1.0,-0.0,0,0
570,0.0,0.3346534653465348,0.2518980005597726,1.0,-0.0,0,0
571,0.0,0.34059405940594056,0.24783347084613097,1.0,-0.0,0,0
572,0.0,0.33762376237623765,0.2575018927734011,1.0,-0.0,0,0
573,0.0,0.4495049504950495,0.29167449725975403,1.0,-0.0,0,0
574,0.0,0.2732673267326733,0.24970917306073365,1.0,-0.0,0,0
575,0.0,0.23564356435643566,0.21506810269125487,1.0,-0.0,0,0
576,0.0,0.2613861386138614,0.21934659811561175,1.0,-0.0,0,0
577,0.0,0.2495049504950495,0.20948960246238726,1.0,-0.0,0,0
578,0.0,0.10099009900990098,0.14521752172118105,1.0,-0.0,0,0
579,0.0,0.06336633663366337,0.11233152161332939,1.0,-0.0,0,0
580,0.0,0.16633663366336632,0.19512739059128734,1.0,-0.0,0,0
581,0.0,0.15247524752475247,0.1715359035858037,1.0,-0.0,0,0
582,0.0,0.16633663366336632,0.18036114909680317,1.0,-0.0,0,0
583,0.0,0.19405940594059404,0.2076849204297329,1.0,-0.0,0,0
584,0.0,0.1881188118811881,0.2064730360037557,1.0,-0.0,0,0
585,0.0,0.09504950495049502,0.14784005112815915,1.0,-0.0,0,0
586,0.0,0.05148514851485149,0.10773441987117183,1.0,-0.0,0,0
587,0.0,0.13663366336633662,0.17333237817044833,1.0,-0.0,0,0
588,0.0,0.10891089108910892,0.14218869759220787,1.0,-0.0,0,0
589,0.0,0.38019801980198026,0.2571819104167005,1.0,-0.0,0,0
590,0.0,0.37029702970297035,0.25853530867709634,1.0,-0.0,0,0
591,0.0,0.37029702970297035,0.25853530867709634,1.0,-0.0,0,0
592,0.0,0.2693069306930693,0.20379691612306708,1.0,-0.0,0,0
593,0.0,0.7663366336633662,0.3659457373947409,1.0,-0.0,0,0
594,0.0,0.49504950495049505,0.3191499345410817,1.0,-0.0,0,0
595,0.0,0.5049504950495048,0.3265105755792628,1.0,-0.0,0,0
596,0.0,0.5108910891089108,0.3287844369190853,1.0,-0.0,0,0
597,0.0,0.5108910891089108,0.3287844369190853,1.0,-0.0,0,0
598,0.2,0.14059405940594058,0.15554326246855826,0.3512583071183333,0.45437339607478805,0,0
599,0.2,0.16039603960396034,0.15674865288842216,0.40026586048382257,0.397651450204085,0,0
600,0.2,0.17425742574257425,0.1680720409815679,0.43913450099030094,0.35740244082525696,0,0
601,0.2,0.16831683168316833,0.16345931947317976,0.4231548609860678,0.37350066580797603,0,0
602,0.2,0.16831683168316833,0.16345931947317976,0.4231548609860678,0.37350066580797603,0,0
603,0.6,0.3603960396039604,0.2501798196548497,0.16910022688117465,0.7718558097105013,0,0
604,0.6,0.38217821782178213,0.2580950932297999,0.19934604435434244,0.7003923776696365,0,0
605,0.6,0.35841584158415846,0.2568920591339365,0.17350335088665508,0.7606921332216332,0,0
606,0.6,0.5386138613861386,0.3180915544864163,0.4234862933898659,0.37316064153511325,0,0
607,0.6,0.5386138613861386,0.3180915544864163,0.4234862933898659,0.37316064153511325,0,0
608,0.4,0.28316831683168314,0.18297286869737045,0.2615678915714019,0.5824155683340015,0,0
609,0.8,0.3623762376237625,0.2023874752261582,0.01529727777570168,1.8153858471025515,0,0
610,0.8,0.3623762376237625,0.2023874752261582,0.01529727777570168,1.8153858471025515,0,0
611,0.8,0.21188118811881182,0.16607711957435053,0.00019912615037599813,3.700871702211503,0,0
612,0.8,0.4970297029702971,0.2664231152611506,0.12773210436672544,0.8936999328307748,0,0
613,0.4,0.49306930693069306,0.27799046416531337,1.0,-0.0,0,0
614,0.0,0.43762376237623773,0.29073191528289827,1.0,-0.0,0,0
615,0.0,0.6633663366336631,0.3399833345587234,1.0,-0.0,0,0
616,0.0,0.7445544554455444,0.34482747803628105,1.0,-0.0,0,0
617,0.0,0.504950495049505,0.31161547694242003,1.0,-0.0,0,0
618,0.0,0.4534653465346534,0.3055799085056242,1.0,-0.0,0,0
619,0.0,0.45544554455445546,0.30716694835759484,1.0,-0.0,0,0
620,0.0,0.24752475247524752,0.23233385819665345,1.0,-0.0,0,0
621,0.0,0.13465346534653466,0.16194097663572968,1.0,-0.0,0,0
622,0.0,0.08712871287128712,0.1332483472575107,1.0,-0.0,0,0
623,0.0,0.09306930693069305,0.1306930693069307,1.0,-0.0,0,0
624,0.0,0.30297029702970296,0.25111846659743764,1.0,-0.0,0,0
625,0.0,0.30495049504950494,0.25108723489946255,1.0,-0.0,0,0
