,foreground,bg_means,bg_stdev,pvals,minus_logs,regs,active
2,0.0,0.3584158415841584,0.27041124776414355,1.0,-0.0,0,0
3,0.0,0.24752475247524752,0.2357184339002452,1.0,-0.0,0,0
4,0.0,0.24752475247524752,0.2357184339002452,1.0,-0.0,0,0
5,0.0,0.24752475247524752,0.2357184339002452,1.0,-0.0,0,0
6,0.0,0.009900990099009901,0.04338396495090425,1.0,-0.0,0,0
7,0.0,0.0,0.0,1.0,-0.0,0,0
8,0.0,0.0,0.0,1.0,-0.0,0,0
9,0.0,0.0,0.0,1.0,-0.0,0,0
10,0.0,0.0,0.0,1.0,-0.0,0,0
11,0.0,0.0,0.0,1.0,-0.0,0,0
12,0.0,0.0,0.0,1.0,-0.0,0,0
13,0.0,0.015841584158415842,0.05401260078014202,1.0,-0.0,0,0
14,0.0,0.015841584158415842,0.05401260078014202,1.0,-0.0,0,0
15,0.0,0.015841584158415842,0.05401260078014202,1.0,-0.0,0,0
16,0.0,0.0712871287128713,0.10747934055534188,1.0,-0.0,0,0
17,0.0,0.08514851485148513,0.12379009590564582,1.0,-0.0,0,0
18,0.0,0.06930693069306931,0.11409790329416186,1.0,-0.0,0,0
19,0.0,0.06930693069306931,0.11409790329416186,1.0,-0.0,0,0
20,0.0,0.06930693069306931,0.11409790329416186,1.0,-0.0,0,0
21,0.0,0.013861386138613863,0.05079507064705211,1.0,-0.0,0,0
22,0.0,0.0,0.0,1.0,-0.0,0,0
23,0.0,0.009900990099009901,0.04338396495090424,1.0,-0.0,0,0
24,0.0,0.009900990099009901,0.04338396495090424,1.0,-0.0,0,0
25,0.0,0.009900990099009901,0.04338396495090424,1.0,-0.0,0,0
26,0.0,0.009900990099009901,0.04338396495090424,1.0,-0.0,0,0
27,0.0,0.009900990099009901,0.04338396495090424,1.0,-0.0,0,0
28,0.0,0.019801980198019806,0.059735061897023184,1.0,-0.0,0,0
29,0.0,0.1306930693069307,0.16273806583211367,1.0,-0.0,0,0
30,0.0,0.1306930693069307,0.16273806583211367,1.0,-0.0,0,0
31,0.0,0.1306930693069307,0.16273806583211367,1.0,-0.0,0,0
32,0.0,0.1306930693069307,0.16273806583211367,1.0,-0.0,0,0
33,0.0,0.11089108910891088,0.1527963700899836,1.0,-0.0,0,0
34,0.0,0.0,0.0,1.0,-0.0,0,0
35,0.0,0.019801980198019802,0.059735061897023205,1.0,-0.0,0,0
36,0.0,0.15346534653465344,0.17775517507089317,1.0,-0.0,0,0
37,0.0,0.15346534653465344,0.17775517507089317,1.0,-0.0,0,0
38,0.0,0.15346534653465344,0.17775517507089317,1.0,-0.0,0,0
39,0.0,0.15346534653465344,0.17775517507089317,1.0,-0.0,0,0
40,0.0,0.13267326732673265,0.15989409297573345,1.0,-0.0,0,0
41,0.0,0.0,0.0,1.0,-0.0,0,0
42,0.0,0.015841584158415842,0.05401260078014202,1.0,-0.0,0,0
43,0.0,0.015841584158415842,0.05401260078014202,1.0,-0.0,0,0
44,0.0,0.015841584158415842,0.05401260078014202,1.0,-0.0,0,0
45,0.0,0.015841584158415842,0.05401260078014202,1.0,-0.0,0,0
46,0.0,0.023762376237623766,0.06471340450838887,1.0,-0.0,0,0
47,0.0,0.15445544554455443,0.17994760099542703,1.0,-0.0,0,0
48,0.0,0.15445544554455443,0.17994760099542703,1.0,-0.0,0,0
49,0.0,0.15445544554455443,0.17994760099542703,1.0,-0.0,0,0
50,0.0,0.19405940594059404,0.19590954781832295,1.0,-0.0,0,0
51,0.0,0.1861386138613861,0.187230838076401,1.0,-0.0,0,0
52,0.0,0.039603960396039604,0.07970143286137865,1.0,-0.0,0,0
53,0.0,0.039603960396039604,0.07970143286137865,1.0,-0.0,0,0
54,0.0,0.039603960396039604,0.07970143286137865,1.0,-0.0,0,0
55,0.0,0.0,0.0,1.0,-0.0,0,0
56,0.0,0.0,0.0,1.0,-0.0,0,0
57,0.0,0.0,0.0,1.0,-0.0,0,0
58,0.0,0.0,0.0,1.0,-0.0,0,0
59,0.0,0.0,0.0,1.0,-0.0,0,0
60,0.0,0.0,0.0,1.0,-0.0,0,0
61,0.0,0.04158415841584159,0.08590499787518362,1.0,-0.0,0,0
62,0.0,0.07326732673267328,0.11848138852793338,1.0,-0.0,0,0
63,0.0,0.1405940594059406,0.15806892707703052,1.0,-0.0,0,0
64,0.0,0.1405940594059406,0.15806892707703052,1.0,-0.0,0,0
65,0.4,0.22772277227722773,0.19094284660479482,0.18346336880843306,0.7364506361119689,0,0
66,0.4,0.1861386138613861,0.17856950998171084,0.11552925470191684,0.9373080283531742,0,0
67,0.6,0.26138613861386145,0.21934659811561177,0.06132580736066438,1.2123567255516887,0,0
68,1.4,0.29504950495049503,0.22966882641422534,7.506598245945463e-07,6.12455682700533,0,0
69,1.6,0.35841584158415846,0.24424761284955798,1.8546549306456182e-07,6.7317368815513285,0,0
70,1.8,0.35841584158415846,0.24906451775889302,3.5615786991137393e-09,8.448357454741226,0,0
71,1.8,0.4475247524752475,0.2858352566458001,1.113455992389258e-06,5.953326943102501,0,0
72,2.8,0.4871287128712872,0.2875858430040726,4.505926135876438e-16,15.346215931796431,0,0
73,2.4,0.4435643564356436,0.25886876585918417,2.053319719710401e-14,13.687543421942047,0,0
74,2.4,0.41386138613861384,0.24576802351049826,3.3025561242132273e-16,15.481149793174755,0,0
75,1.8,0.3247524752475249,0.2213397283931655,1.3225856571216805e-11,10.87857619134524,0,0
76,2.4,0.30297029702970296,0.20988230815423534,1.0000008306231064e-17,16.99999963926512,0,0
77,1.2,0.15643564356435644,0.15312962320143525,4.7162021119419565e-12,11.326407591570952,0,0
78,0.8,0.11287128712871283,0.15264231556912292,3.372808055101505e-06,5.472008373599476,0,0
79,0.6,0.08118811881188118,0.12951766673875514,3.0914051182890746e-05,4.509844078369648,0,0
80,0.8,0.100990099009901,0.15057319492752777,1.7225412461813738e-06,5.763830370131799,0,0
81,0.2,0.033663366336633666,0.07994704648786674,0.018735949469970602,1.7273242935431963,0,0
82,0.2,0.09504950495049505,0.13377699607171914,0.2163680383709739,0.6648068922914053,0,0
83,0.2,0.08118811881188118,0.11999411807954947,0.1610510040644479,0.7930365632485749,0,0
84,0.2,0.12673267326732673,0.15599637537608815,0.31929423625965986,0.49580892105722785,0,0
85,0.0,0.14653465346534653,0.1686077858012515,1.0,-0.0,0,0
86,0.0,0.14653465346534653,0.1686077858012515,1.0,-0.0,0,0
87,0.0,0.08316831683168316,0.12353642740976017,1.0,-0.0,0,0
88,0.0,0.08316831683168316,0.12353642740976017,1.0,-0.0,0,0
89,0.0,0.06534653465346535,0.1129581045303102,1.0,-0.0,0,0
90,0.0,0.02772277227722773,0.06910862719451544,1.0,-0.0,0,0
91,0.0,0.19009900990099005,0.19574936009912708,1.0,-0.0,0,0
92,0.0,0.19009900990099005,0.19574936009912708,1.0,-0.0,0,0
93,0.0,0.19009900990099005,0.19574936009912708,1.0,-0.0,0,0
94,0.0,0.16237623762376235,0.1923546050626676,1.0,-0.0,0,0
95,0.0,0.17029702970297028,0.1937358385526338,1.0,-0.0,0,0
96,0.0,0.017821782178217824,0.0635517090529949,1.0,-0.0,0,0
97,0.0,0.06732673267326733,0.11698261772468856,1.0,-0.0,0,0
98,0.0,0.11485148514851484,0.13886822488939993,1.0,-0.0,0,0
99,0.0,0.11485148514851484,0.13886822488939993,1.0,-0.0,0,0
100,0.0,0.10693069306930691,0.13368903310588712,1.0,-0.0,0,0
101,0.0,0.09702970297029702,0.13084299831035082,1.0,-0.0,0,0
102,0.0,0.04752475247524754,0.09809478080396702,1.0,-0.0,0,0
103,0.0,0.02772277227722773,0.06910862719451545,1.0,-0.0,0,0
104,0.0,0.03762376237623763,0.08771182015980238,1.0,-0.0,0,0
105,0.0,0.03762376237623763,0.08771182015980238,1.0,-0.0,0,0
106,0.0,0.03762376237623763,0.08771182015980238,1.0,-0.0,0,0
107,0.0,0.03762376237623763,0.08771182015980238,1.0,-0.0,0,0
108,0.0,0.023762376237623766,0.06471340450838889,1.0,-0.0,0,0
109,0.0,0.04554455445544555,0.08387254884969257,1.0,-0.0,0,0
110,0.0,0.05346534653465347,0.10104832334394513,1.0,-0.0,0,0
111,0.0,0.057425742574257435,0.10277971700879983,1.0,-0.0,0,0
112,0.0,0.057425742574257435,0.10277971700879983,1.0,-0.0,0,0
113,0.0,0.04356435643564357,0.09587103712404123,1.0,-0.0,0,0
114,0.0,0.041584158415841586,0.08590499787518362,1.0,-0.0,0,0
115,0.0,0.033663366336633666,0.07994704648786674,1.0,-0.0,0,0
116,0.0,0.02970297029702971,0.07112192077650681,1.0,-0.0,0,0
117,0.0,0.02970297029702971,0.07112192077650681,1.0,-0.0,0,0
118,0.0,0.02970297029702971,0.07112192077650681,1.0,-0.0,0,0
119,0.0,0.05148514851485149,0.1001126705723924,1.0,-0.0,0,0
120,0.0,0.18217821782178212,0.18476425418501982,1.0,-0.0,0,0
121,0.0,0.2613861386138614,0.24003724835937693,1.0,-0.0,0,0
122,0.0,0.27326732673267323,0.24651675946035362,1.0,-0.0,0,0
123,0.0,0.27326732673267323,0.24651675946035362,1.0,-0.0,0,0
124,0.0,0.2792079207920792,0.23050389558064982,1.0,-0.0,0,0
125,0.0,0.1504950495049505,0.1577212495187317,1.0,-0.0,0,0
126,0.0,0.06930693069306931,0.11409790329416186,1.0,-0.0,0,0
127,0.0,0.05742574257425742,0.11021718851545144,1.0,-0.0,0,0
128,0.0,0.05742574257425742,0.11021718851545144,1.0,-0.0,0,0
129,0.0,0.007920792079207921,0.03900537743285587,1.0,-0.0,0,0
130,0.0,0.07920792079207921,0.11285391563386143,1.0,-0.0,0,0
131,0.0,0.10891089108910891,0.1335716590419014,1.0,-0.0,0,0
132,0.0,0.19405940594059404,0.18764923153239024,1.0,-0.0,0,0
133,0.0,0.19405940594059404,0.18764923153239024,1.0,-0.0,0,0
134,0.0,0.19405940594059404,0.19182385803267066,1.0,-0.0,0,0
135,0.0,0.21584158415841584,0.19837591740781296,1.0,-0.0,0,0
136,0.0,0.1861386138613861,0.1851035048800284,1.0,-0.0,0,0
137,0.0,0.10099009900990097,0.14521752172118102,1.0,-0.0,0,0
138,0.0,0.1287128712871287,0.1606525268671035,1.0,-0.0,0,0
139,0.0,0.12079207920792079,0.15176638618898788,1.0,-0.0,0,0
140,0.0,0.027722772277227727,0.06910862719451544,1.0,-0.0,0,0
141,0.0,0.0297029702970297,0.07112192077650681,1.0,-0.0,0,0
142,0.0,0.0297029702970297,0.07112192077650681,1.0,-0.0,0,0
143,0.0,0.0019801980198019802,0.019801980198019802,1.0,-0.0,0,0
144,0.0,0.0019801980198019802,0.019801980198019802,1.0,-0.0,0,0
145,0.0,0.011881188118811883,0.047276579747775535,1.0,-0.0,0,0
146,0.0,0.06336633663366337,0.10874875419996817,1.0,-0.0,0,0
147,0.0,0.08514851485148514,0.12054836637801526,1.0,-0.0,0,0
148,0.0,0.08712871287128714,0.1240116301928806,1.0,-0.0,0,0
149,0.0,0.08712871287128714,0.1240116301928806,1.0,-0.0,0,0
150,0.0,0.08316831683168319,0.12670172889541695,1.0,-0.0,0,0
151,0.0,0.08316831683168316,0.12978985828256587,1.0,-0.0,0,0
152,0.0,0.061386138613861385,0.10433219700847123,1.0,-0.0,0,0
153,0.0,0.08514851485148513,0.12694907267187808,1.0,-0.0,0,0
154,0.0,0.08514851485148513,0.12694907267187808,1.0,-0.0,0,0
155,0.0,0.09306930693069304,0.13948804962658473,1.0,-0.0,0,0
156,0.0,0.20594059405940596,0.2038353937815092,1.0,-0.0,0,0
157,0.0,0.30495049504950494,0.25577536463314887,1.0,-0.0,0,0
158,0.0,0.2792079207920792,0.24708872486834163,1.0,-0.0,0,0
159,0.0,0.2792079207920792,0.24708872486834163,1.0,-0.0,0,0
160,0.0,0.27524752475247527,0.2514929444492122,1.0,-0.0,0,0
161,0.0,0.10891089108910891,0.15801930568918815,1.0,-0.0,0,0
162,0.0,0.023762376237623766,0.07056843438101175,1.0,-0.0,0,0
163,0.0,0.09900990099009901,0.15057319492752777,1.0,-0.0,0,0
164,0.0,0.09900990099009901,0.15057319492752777,1.0,-0.0,0,0
165,0.0,0.1386138613861386,0.17059609935397893,1.0,-0.0,0,0
166,0.0,0.1386138613861386,0.17059609935397893,1.0,-0.0,0,0
167,0.0,0.12475247524752472,0.16131019290626772,1.0,-0.0,0,0
168,0.0,0.04950495049504951,0.09078727434730813,1.0,-0.0,0,0
169,0.0,0.04950495049504951,0.09078727434730813,1.0,-0.0,0,0
170,0.0,0.0,0.0,1.0,-0.0,0,0
171,0.0,0.0,0.0,1.0,-0.0,0,0
172,0.0,0.0891089108910891,0.12097048989545554,1.0,-0.0,0,0
173,0.0,0.0891089108910891,0.12097048989545554,1.0,-0.0,0,0
174,0.0,0.0891089108910891,0.12097048989545554,1.0,-0.0,0,0
175,0.0,0.0891089108910891,0.12097048989545554,1.0,-0.0,0,0
176,0.0,0.0891089108910891,0.12097048989545554,1.0,-0.0,0,0
177,0.0,0.0,0.0,1.0,-0.0,0,0
178,0.0,0.007920792079207921,0.03900537743285587,1.0,-0.0,0,0
179,0.2,0.02772277227722772,0.07461957893630405,0.010478998804251368,1.9796802091996202,0,0
180,0.2,0.02772277227722772,0.07461957893630405,0.010478998804251368,1.9796802091996202,0,0
181,0.2,0.03960396039603961,0.08908690597387717,0.0358952311958159,1.4449632450960652,0,0
182,0.2,0.09504950495049505,0.14513649268759365,0.23480436296361806,0.6292938376057691,0,0
183,0.2,0.08712871287128712,0.14188502271424047,0.21315776641592055,0.6712988391832502,0,0
184,0.0,0.06732673267326733,0.1135467024699521,1.0,-0.0,0,0
185,0.0,0.10297029702970298,0.14243667729389659,1.0,-0.0,0,0
186,0.0,0.0910891089108911,0.13057300215314485,1.0,-0.0,0,0
187,0.0,0.04554455445544555,0.08846854615322249,1.0,-0.0,0,0
188,0.0,0.04554455445544555,0.08846854615322249,1.0,-0.0,0,0
189,0.0,0.04554455445544555,0.08846854615322249,1.0,-0.0,0,0
190,0.2,0.031683168316831684,0.08316831683168317,0.021494876961718305,1.6676650364739216,0,0
191,0.2,0.031683168316831684,0.08316831683168317,0.021494876961718305,1.6676650364739216,0,0
192,0.2,0.021782178217821788,0.062305476128919894,0.002115616449879084,2.6745630648030154,0,0
193,0.2,0.021782178217821788,0.062305476128919894,0.002115616449879084,2.6745630648030154,0,0
194,0.2,0.04356435643564357,0.08721867542790195,0.036438310127516485,1.438441772185106,0,0
195,0.2,0.03564356435643565,0.07653920035678292,0.015882722457572503,1.7990750531077893,0,0
196,0.2,0.03564356435643565,0.07653920035678292,0.015882722457572503,1.7990750531077893,0,0
197,0.2,0.03564356435643565,0.07653920035678292,0.015882722457572503,1.7990750531077893,0,0
198,0.2,0.03564356435643565,0.07653920035678292,0.015882722457572503,1.7990750531077893,0,0
199,0.2,0.033663366336633666,0.07482947971362847,0.013112090674369026,1.8823280561396656,0,0
200,0.0,0.033663366336633666,0.07482947971362845,1.0,-0.0,0,0
201,0.0,0.033663366336633666,0.07482947971362845,1.0,-0.0,0,0
202,0.0,0.033663366336633666,0.07482947971362845,1.0,-0.0,0,0
203,0.0,0.033663366336633666,0.07482947971362845,1.0,-0.0,0,0
204,0.0,0.013861386138613863,0.05079507064705211,1.0,-0.0,0,0
205,0.0,0.0039603960396039604,0.027863855998951064,1.0,-0.0,0,0
206,0.0,0.0039603960396039604,0.027863855998951064,1.0,-0.0,0,0
207,0.0,0.0039603960396039604,0.027863855998951064,1.0,-0.0,0,0
208,0.0,0.0039603960396039604,0.027863855998951064,1.0,-0.0,0,0
209,0.0,0.007920792079207921,0.03900537743285587,1.0,-0.0,0,0
210,0.0,0.0039603960396039604,0.027863855998951064,1.0,-0.0,0,0
211,0.0,0.023762376237623763,0.07056843438101175,1.0,-0.0,0,0
212,0.0,0.0297029702970297,0.07648795214189293,1.0,-0.0,0,0
213,0.0,0.04950495049504951,0.1068206254198905,1.0,-0.0,0,0
214,0.0,0.04554455445544554,0.10485704788018795,1.0,-0.0,0,0
215,0.0,0.04554455445544554,0.10485704788018795,1.0,-0.0,0,0
216,0.0,0.033663366336633666,0.07994704648786674,1.0,-0.0,0,0
217,0.0,0.027722772277227727,0.06910862719451544,1.0,-0.0,0,0
218,0.0,0.007920792079207921,0.03900537743285587,1.0,-0.0,0,0
219,0.0,0.007920792079207921,0.03900537743285587,1.0,-0.0,0,0
220,0.0,0.007920792079207921,0.03900537743285587,1.0,-0.0,0,0
221,0.0,0.009900990099009901,0.04338396495090424,1.0,-0.0,0,0
222,0.0,0.07524752475247526,0.11205191564986228,1.0,-0.0,0,0
223,0.2,0.10495049504950495,0.12771893462651168,0.22837520121158456,0.6413510570010156,0,0
224,0.6,0.18019801980198016,0.16045714518719123,0.004444587274983732,2.352168561469734,0,0
225,0.6,0.18019801980198016,0.16045714518719123,0.004444587274983732,2.352168561469734,0,0
226,0.8,0.18019801980198016,0.16531985318607367,8.873233555455363e-05,4.051918087115054,0,0
227,1.0,0.1297029702970297,0.14728201173692715,1.720413008932633e-09,8.764367282180316,0,0
228,0.8,0.11287128712871287,0.1390657415135005,3.8854453988570007e-07,6.41055918968714,0,0
229,0.4,0.039603960396039604,0.08908690597387718,2.6112086633964745e-05,4.583158422033524,0,0
230,0.4,0.06930693069306931,0.12084076279122662,0.0031038676436218036,2.508096806379782,0,0
231,0.2,0.06930693069306931,0.11751770396006173,0.13304459555834885,0.8760027623516582,0,0
232,0.0,0.061386138613861385,0.10046456153636296,1.0,-0.0,0,0
233,0.0,0.1861386138613861,0.18295143702892827,1.0,-0.0,0,0
234,0.0,0.19009900990099005,0.18320845158368915,1.0,-0.0,0,0
235,0.0,0.17425742574257425,0.17946756531282695,1.0,-0.0,0,0
236,0.0,0.16435643564356434,0.17439238698062573,1.0,-0.0,0,0
237,0.0,0.1762376237623762,0.17640441545600072,1.0,-0.0,0,0
238,0.0,0.10495049504950495,0.17025097235805686,1.0,-0.0,0,0
239,0.0,0.100990099009901,0.165604233877664,1.0,-0.0,0,0
240,0.0,0.08712871287128714,0.14188502271424044,1.0,-0.0,0,0
241,0.0,0.13663366336633662,0.1733323781704483,1.0,-0.0,0,0
242,0.0,0.11683168316831684,0.15225649732072147,1.0,-0.0,0,0
243,0.0,0.04950495049504951,0.09504950495049506,1.0,-0.0,0,0
244,0.0,0.04950495049504951,0.09504950495049506,1.0,-0.0,0,0
245,0.0,0.04950495049504951,0.09504950495049506,1.0,-0.0,0,0
246,0.0,0.013861386138613863,0.050795070647052104,1.0,-0.0,0,0
247,0.0,0.013861386138613863,0.050795070647052104,1.0,-0.0,0,0
248,0.0,0.013861386138613863,0.050795070647052104,1.0,-0.0,0,0
249,0.0,0.013861386138613863,0.050795070647052104,1.0,-0.0,0,0
250,0.0,0.013861386138613863,0.050795070647052104,1.0,-0.0,0,0
251,0.0,0.0,0.0,1.0,-0.0,0,0
252,0.0,0.0,0.0,1.0,-0.0,0,0
253,0.0,0.0,0.0,1.0,-0.0,0,0
254,0.0,0.0,0.0,1.0,-0.0,0,0
255,0.0,0.0,0.0,1.0,-0.0,0,0
256,0.0,0.0,0.0,1.0,-0.0,0,0
257,0.0,0.0,0.0,1.0,-0.0,0,0
258,0.0,0.0,0.0,1.0,-0.0,0,0
259,0.0,0.0,0.0,1.0,-0.0,0,0
260,0.0,0.0,0.0,1.0,-0.0,0,0
261,0.0,0.0,0.0,1.0,-0.0,0,0
262,0.0,0.0,0.0,1.0,-0.0,0,0
263,0.0,0.0,0.0,1.0,-0.0,0,0
264,0.0,0.009900990099009901,0.04338396495090424,1.0,-0.0,0,0
265,0.0,0.009900990099009901,0.04338396495090424,1.0,-0.0,0,0
266,0.0,0.009900990099009901,0.04338396495090424,1.0,-0.0,0,0
267,0.0,0.009900990099009901,0.04338396495090424,1.0,-0.0,0,0
268,0.0,0.06930693069306931,0.11057238501634628,1.0,-0.0,0,0
269,0.0,0.06336633663366337,0.10504385908811757,1.0,-0.0,0,0
270,0.2,0.1504950495049505,0.1551899266764091,0.37486481051314957,0.4261253259621395,0,0
271,0.2,0.20990099009900987,0.18748198619476633,1.0,-0.0,0,0
272,0.2,0.20990099009900987,0.18748198619476633,1.0,-0.0,0,0
273,0.2,0.2613861386138614,0.21753356269084295,1.0,-0.0,0,0
274,0.4,0.3425742574257426,0.22574257425742572,0.3995986963939001,0.3983759372374948,0,0
275,0.2,0.2554455445544554,0.19924374222741015,1.0,-0.0,0,0
276,0.2,0.19603960396039596,0.18016537621852313,0.4912311553569849,0.30871409673143363,0,0
277,0.2,0.19603960396039596,0.18016537621852313,0.4912311553569849,0.30871409673143363,0,0
278,0.2,0.08316831683168316,0.12670172889541698,0.17823816947726306,0.7489992867285707,0,0
279,0.0,0.0,0.0,1.0,-0.0,0,0
280,0.0,0.0891089108910891,0.13342479626077636,1.0,-0.0,0,0
281,0.0,0.0891089108910891,0.13342479626077636,1.0,-0.0,0,0
282,0.0,0.0891089108910891,0.13342479626077636,1.0,-0.0,0,0
283,0.0,0.14257425742574256,0.16730036701294593,1.0,-0.0,0,0
284,0.0,0.14257425742574256,0.16730036701294593,1.0,-0.0,0,0
285,0.0,0.06336633663366337,0.1158034971660471,1.0,-0.0,0,0
286,0.0,0.06336633663366337,0.1158034971660471,1.0,-0.0,0,0
287,0.0,0.12079207920792079,0.14913402284168503,1.0,-0.0,0,0
288,0.0,0.06930693069306931,0.10316052497133553,1.0,-0.0,0,0
289,0.0,0.06930693069306931,0.10316052497133553,1.0,-0.0,0,0
290,0.0,0.34257425742574266,0.1956692170619505,1.0,-0.0,0,0
291,0.0,0.34257425742574266,0.1956692170619505,1.0,-0.0,0,0
292,0.0,0.28316831683168314,0.18935497961001063,1.0,-0.0,0,0
293,0.0,0.2851485148514851,0.18741923071645766,1.0,-0.0,0,0
294,0.0,0.2851485148514851,0.18741923071645766,1.0,-0.0,0,0
295,0.0,0.0019801980198019802,0.0198019801980198,1.0,-0.0,0,0
296,0.0,0.0019801980198019802,0.0198019801980198,1.0,-0.0,0,0
297,0.0,0.0019801980198019802,0.0198019801980198,1.0,-0.0,0,0
298,0.0,0.0,0.0,1.0,-0.0,0,0
299,0.0,0.0,0.0,1.0,-0.0,0,0
300,0.0,0.0,0.0,1.0,-0.0,0,0
301,0.0,0.0,0.0,1.0,-0.0,0,0
302,0.0,0.0,0.0,1.0,-0.0,0,0
303,0.0,0.0,0.0,1.0,-0.0,0,0
304,0.0,0.0,0.0,1.0,-0.0,0,0
305,0.0,0.0,0.0,1.0,-0.0,0,0
306,0.0,0.0,0.0,1.0,-0.0,0,0
307,0.0,0.0,0.0,1.0,-0.0,0,0
308,0.0,0.22574257425742572,0.19225265211912823,1.0,-0.0,0,0
309,0.0,0.23168316831683167,0.1923953711127306,1.0,-0.0,0,0
310,0.0,0.23168316831683167,0.1923953711127306,1.0,-0.0,0,0
311,0.0,0.23168316831683167,0.1923953711127306,1.0,-0.0,0,0
312,0.0,0.23168316831683167,0.1923953711127306,1.0,-0.0,0,0
313,0.0,0.0059405940594059415,0.03395332316729158,1.0,-0.0,0,0
314,0.0,0.0,0.0,1.0,-0.0,0,0
315,0.0,0.0,0.0,1.0,-0.0,0,0
316,0.0,0.0,0.0,1.0,-0.0,0,0
317,0.0,0.0,0.0,1.0,-0.0,0,0
318,0.0,0.0019801980198019802,0.019801980198019802,1.0,-0.0,0,0
319,0.0,0.007920792079207921,0.04809884277818266,1.0,-0.0,0,0
320,0.2,0.12475247524752477,0.16374693140141006,0.3229248397039941,0.4908985473288775,0,0
321,0.4,0.1584158415841584,0.17192407185067915,0.0799839740340458,1.0969970215805886,0,0
322,0.4,0.1584158415841584,0.17192407185067915,0.0799839740340458,1.0969970215805886,0,0
323,0.6,0.23762376237623759,0.183934709223495,0.024411441181581388,1.6124065803233987,0,0
324,0.8,0.37029702970297035,0.21133454050622985,0.0210119598613131,1.6775334374913773,0,0
325,0.6,0.2514851485148515,0.19016088102057818,0.03342085821075653,1.4759824020964167,0,0
326,0.4,0.22772277227722773,0.17126137275595765,0.1572242356752852,0.8034805078591563,0,0
327,0.4,0.22772277227722773,0.17126137275595765,0.1572242356752852,0.8034805078591563,0,0
328,0.2,0.1465346534653465,0.13756320342937353,0.34876375213744415,0.4574686586727427,0,0
329,0.0,0.007920792079207921,0.03900537743285587,1.0,-0.0,0,0
330,0.0,0.007920792079207921,0.03900537743285587,1.0,-0.0,0,0
331,0.0,0.0,0.0,1.0,-0.0,0,0
332,0.0,0.0,0.0,1.0,-0.0,0,0
333,0.0,0.09108910891089109,0.13650445892763632,1.0,-0.0,0,0
334,0.0,0.1782178217821782,0.19478546736408614,1.0,-0.0,0,0
335,0.0,0.24554455445544554,0.2266959198885336,1.0,-0.0,0,0
336,0.0,0.27128712871287125,0.2279207060584263,1.0,-0.0,0,0
337,0.0,0.27128712871287125,0.2279207060584263,1.0,-0.0,0,0
338,0.0,0.1900990099009901,0.18103385739626768,1.0,-0.0,0,0
339,0.0,0.11089108910891088,0.13342479626077638,1.0,-0.0,0,0
340,0.0,0.04356435643564356,0.08721867542790196,1.0,-0.0,0,0
341,0.0,0.017821782178217824,0.056980176514606566,1.0,-0.0,0,0
342,0.0,0.017821782178217824,0.056980176514606566,1.0,-0.0,0,0
343,0.0,0.007920792079207921,0.03900537743285587,1.0,-0.0,0,0
344,0.0,0.007920792079207921,0.03900537743285587,1.0,-0.0,0,0
345,0.0,0.007920792079207921,0.03900537743285587,1.0,-0.0,0,0
346,0.0,0.007920792079207921,0.03900537743285587,1.0,-0.0,0,0
347,0.0,0.007920792079207921,0.03900537743285587,1.0,-0.0,0,0
348,0.0,0.007920792079207921,0.03900537743285587,1.0,-0.0,0,0
349,0.0,0.0,0.0,1.0,-0.0,0,0
350,0.0,0.0,0.0,1.0,-0.0,0,0
351,0.0,0.0,0.0,1.0,-0.0,0,0
352,0.0,0.0,0.0,1.0,-0.0,0,0
353,0.0,0.0,0.0,1.0,-0.0,0,0
354,0.0,0.0,0.0,1.0,-0.0,0,0
355,0.0,0.0,0.0,1.0,-0.0,0,0
356,0.0,0.0,0.0,1.0,-0.0,0,0
357,0.0,0.04554455445544555,0.08387254884969256,1.0,-0.0,0,0
358,0.0,0.18613861386138614,0.17178717143997088,1.0,-0.0,0,0
359,0.0,0.18613861386138614,0.17178717143997088,1.0,-0.0,0,0
360,0.0,0.18613861386138614,0.17178717143997088,1.0,-0.0,0,0
361,0.0,0.18613861386138614,0.17178717143997088,1.0,-0.0,0,0
362,0.0,0.14059405940594058,0.15297590428378585,1.0,-0.0,0,0
363,0.0,0.17029702970297028,0.17436990069505995,1.0,-0.0,0,0
364,0.0,0.17029702970297028,0.17436990069505995,1.0,-0.0,0,0
365,0.0,0.17029702970297028,0.17436990069505995,1.0,-0.0,0,0
366,0.0,0.17029702970297028,0.17436990069505995,1.0,-0.0,0,0
367,0.0,0.17029702970297028,0.17436990069505995,1.0,-0.0,0,0
368,0.0,0.007920792079207921,0.03900537743285587,1.0,-0.0,0,0
369,0.0,0.007920792079207921,0.03900537743285587,1.0,-0.0,0,0
370,0.0,0.007920792079207921,0.03900537743285587,1.0,-0.0,0,0
371,0.0,0.05544554455445545,0.09384550979067553,1.0,-0.0,0,0
372,0.0,0.08910891089108909,0.12734998170941408,1.0,-0.0,0,0
373,0.0,0.09306930693069305,0.13368903310588712,1.0,-0.0,0,0
374,0.0,0.10495049504950493,0.1337769960717191,1.0,-0.0,0,0
375,0.0,0.2792079207920792,0.23560195988492433,1.0,-0.0,0,0
376,0.0,0.23168316831683167,0.22112703802207725,1.0,-0.0,0,0
377,0.0,0.2594059405940594,0.2363828987388777,1.0,-0.0,0,0
378,0.0,0.24752475247524752,0.22364844203557224,1.0,-0.0,0,0
379,0.0,0.2871287128712871,0.23108155790390067,1.0,-0.0,0,0
380,0.0,0.11683168316831682,0.1548357845728682,1.0,-0.0,0,0
381,0.2,0.16435643564356434,0.18107717211333596,0.42197565267816517,0.3747126064140724,0,0
382,0.2,0.14455445544554454,0.16914183369554553,0.3715295404175921,0.4300066496549224,0,0
383,0.2,0.16237623762376235,0.1795767770099744,0.41702369169657333,0.3798392714511536,0,0
384,0.2,0.1089108910891089,0.14494724878689189,0.26486134954069185,0.5769814124309087,0,0
385,0.4,0.16831683168316827,0.17287933929280913,0.09009930530166001,1.0452785575760843,0,0
386,0.4,0.16237623762376233,0.17511042352027043,0.08739158722826525,1.0585303728140476,0,0
387,0.4,0.11881188118811879,0.157148395081398,0.036781979030029326,1.434364907542234,0,0
388,0.4,0.10099009900990098,0.14521752172118102,0.019744802660674556,1.7045472024596418,0,0
389,0.4,0.10099009900990098,0.14521752172118102,0.019744802660674556,1.7045472024596418,0,0
390,0.2,0.039603960396039604,0.08452453849668534,0.028872622852877186,1.5395137620565469,0,0
391,0.0,0.0,0.0,1.0,-0.0,0,0
392,0.0,0.0,0.0,1.0,-0.0,0,0
393,0.0,0.007920792079207921,0.03900537743285587,1.0,-0.0,0,0
394,0.0,0.007920792079207921,0.03900537743285587,1.0,-0.0,0,0
395,0.0,0.013861386138613863,0.05079507064705211,1.0,-0.0,0,0
396,0.0,0.013861386138613863,0.05079507064705211,1.0,-0.0,0,0
397,0.0,0.013861386138613863,0.05079507064705211,1.0,-0.0,0,0
398,0.0,0.0059405940594059415,0.03395332316729158,1.0,-0.0,0,0
399,0.0,0.0059405940594059415,0.03395332316729158,1.0,-0.0,0,0
400,0.0,0.013861386138613863,0.05079507064705211,1.0,-0.0,0,0
401,0.0,0.013861386138613863,0.05079507064705211,1.0,-0.0,0,0
402,0.0,0.013861386138613863,0.05079507064705211,1.0,-0.0,0,0
403,0.0,0.05742574257425742,0.11718356139020587,1.0,-0.0,0,0
404,0.0,0.05742574257425742,0.11718356139020587,1.0,-0.0,0,0
405,0.0,0.2554455445544554,0.24229727569017706,1.0,-0.0,0,0
406,0.0,0.2554455445544554,0.24229727569017706,1.0,-0.0,0,0
407,0.0,0.2554455445544554,0.24229727569017706,1.0,-0.0,0,0
408,0.0,0.21188118811881188,0.21400801720564433,1.0,-0.0,0,0
409,0.0,0.22178217821782176,0.2214282890850592,1.0,-0.0,0,0
410,0.0,0.009900990099009901,0.04338396495090425,1.0,-0.0,0,0
411,0.0,0.009900990099009901,0.04338396495090425,1.0,-0.0,0,0
412,0.0,0.009900990099009901,0.04338396495090425,1.0,-0.0,0,0
413,0.0,0.009900990099009901,0.04338396495090425,1.0,-0.0,0,0
414,0.0,0.0,0.0,1.0,-0.0,0,0
415,0.2,0.3188118811881188,0.25043046950572356,1.0,-0.0,0,0
416,0.2,0.3346534653465346,0.25346534653465347,1.0,-0.0,0,0
417,0.2,0.3346534653465346,0.25346534653465347,1.0,-0.0,0,0
418,0.2,0.3346534653465346,0.25346534653465347,1.0,-0.0,0,0
419,0.2,0.3346534653465346,0.25346534653465347,1.0,-0.0,0,0
420,0.0,0.015841584158415842,0.05401260078014202,1.0,-0.0,0,0
421,0.0,0.0,0.0,1.0,-0.0,0,0
422,0.0,0.021782178217821784,0.06836703565002801,1.0,-0.0,0,0
423,0.0,0.20594059405940596,0.19991175388711227,1.0,-0.0,0,0
424,0.0,0.20594059405940596,0.19991175388711227,1.0,-0.0,0,0
425,0.0,0.20594059405940596,0.19991175388711227,1.0,-0.0,0,0
