,foreground,bg_means,bg_stdev,pvals,minus_logs,regs,active
2,0.0,0.0891089108910891,0.13342479626077636,1.0,-0.0,0,0
3,0.0,0.05346534653465347,0.10860442931328386,1.0,-0.0,0,0
4,0.0,0.0,0.0,1.0,-0.0,0,0
5,0.0,0.04752475247524753,0.09397077637785879,1.0,-0.0,0,0
6,0.0,0.04752475247524753,0.09397077637785879,1.0,-0.0,0,0
7,0.0,0.04752475247524753,0.09397077637785879,1.0,-0.0,0,0
8,0.0,0.09702970297029702,0.13962853515884507,1.0,-0.0,0,0
9,0.0,0.09702970297029702,0.13962853515884507,1.0,-0.0,0,0
10,0.0,0.0712871287128713,0.11461224656227946,1.0,-0.0,0,0
11,0.0,0.0712871287128713,0.11461224656227946,1.0,-0.0,0,0
12,0.0,0.0712871287128713,0.11461224656227946,1.0,-0.0,0,0
13,0.0,0.021782178217821784,0.06230547612891991,1.0,-0.0,0,0
14,0.0,0.021782178217821784,0.06230547612891991,1.0,-0.0,0,0
15,0.0,0.033663366336633666,0.07482947971362845,1.0,-0.0,0,0
16,0.0,0.09900990099009901,0.1308729634998678,1.0,-0.0,0,0
17,0.0,0.09900990099009901,0.1308729634998678,1.0,-0.0,0,0
18,0.0,0.09900990099009901,0.1308729634998678,1.0,-0.0,0,0
19,0.0,0.09900990099009901,0.1308729634998678,1.0,-0.0,0,0
20,0.0,0.06534653465346535,0.1164113937164283,1.0,-0.0,0,0
21,0.0,0.0,0.0,1.0,-0.0,0,0
22,0.0,0.0,0.0,1.0,-0.0,0,0
23,0.0,0.0,0.0,1.0,-0.0,0,0
24,0.0,0.0,0.0,1.0,-0.0,0,0
25,0.0,0.0,0.0,1.0,-0.0,0,0
26,0.0,0.0,0.0,1.0,-0.0,0,0
27,0.0,0.0,0.0,1.0,-0.0,0,0
28,0.0,0.0297029702970297,0.07112192077650682,1.0,-0.0,0,0
29,0.0,0.06732673267326733,0.11698261772468857,1.0,-0.0,0,0
30,0.0,0.06732673267326733,0.11698261772468857,1.0,-0.0,0,0
31,0.0,0.0712871287128713,0.11801714396634724,1.0,-0.0,0,0
32,0.0,0.08316831683168316,0.13280619910579974,1.0,-0.0,0,0
33,0.0,0.1188118811881188,0.15460769343321298,1.0,-0.0,0,0
34,0.0,0.08118811881188118,0.12951766673875512,1.0,-0.0,0,0
35,0.0,0.15049504950495046,0.17212921831366915,1.0,-0.0,0,0
36,0.0,0.19999999999999998,0.19700731252448173,1.0,-0.0,0,0
37,0.0,0.18811881188118812,0.19462435446028695,1.0,-0.0,0,0
38,0.0,0.15841584158415842,0.17870121461668875,1.0,-0.0,0,0
39,0.0,0.15841584158415842,0.17870121461668875,1.0,-0.0,0,0
40,0.0,0.09702970297029702,0.1367627457412436,1.0,-0.0,0,0
41,0.0,0.08514851485148514,0.12054836637801526,1.0,-0.0,0,0
42,0.0,0.08514851485148514,0.12054836637801526,1.0,-0.0,0,0
43,0.0,0.04950495049504951,0.08631483056516186,1.0,-0.0,0,0
44,0.0,0.04950495049504951,0.08631483056516186,1.0,-0.0,0,6
45,0.0,0.041584158415841586,0.08116396646304633,1.0,-0.0,0,0
46,0.0,0.0,0.0,1.0,-0.0,0,0
47,0.0,0.0,0.0,1.0,-0.0,0,0
48,0.0,0.0,0.0,1.0,-0.0,0,0
49,0.0,0.0,0.0,1.0,-0.0,0,0
50,0.0,0.0,0.0,1.0,-0.0,0,0
51,0.0,0.025742574257425745,0.0669763743575753,1.0,-0.0,0,0
52,0.0,0.05148514851485149,0.08744317689433512,1.0,-0.0,0,0
53,0.0,0.05148514851485149,0.08744317689433512,1.0,-0.0,0,0
54,0.0,0.05148514851485149,0.08744317689433512,1.0,-0.0,0,0
55,0.0,0.05148514851485149,0.08744317689433512,1.0,-0.0,0,0
56,0.0,0.04950495049504951,0.09912864166957487,1.0,-0.0,0,0
57,0.0,0.023762376237623766,0.07056843438101175,1.0,-0.0,0,0
58,0.0,0.023762376237623766,0.07056843438101175,1.0,-0.0,0,0
59,0.0,0.023762376237623766,0.07056843438101175,1.0,-0.0,0,0
60,0.0,0.023762376237623766,0.07056843438101175,1.0,-0.0,0,0
61,0.0,0.0,0.0,1.0,-0.0,0,0
62,0.0,0.03960396039603961,0.08452453849668534,1.0,-0.0,0,0
63,0.0,0.03960396039603961,0.08452453849668534,1.0,-0.0,0,0
64,0.0,0.03960396039603961,0.08452453849668534,1.0,-0.0,0,0
65,0.0,0.03960396039603961,0.08452453849668534,1.0,-0.0,0,0
66,0.0,0.03960396039603961,0.08452453849668534,1.0,-0.0,0,0
67,0.0,0.0,0.0,1.0,-0.0,0,0
68,0.0,0.0,0.0,1.0,-0.0,0,0
69,0.0,0.0,0.0,1.0,-0.0,0,0
70,0.0,0.0,0.0,1.0,-0.0,0,0
71,0.0,0.0,0.0,1.0,-0.0,0,0
72,0.0,0.0,0.0,1.0,-0.0,0,0
73,0.0,0.0,0.0,1.0,-0.0,0,0
74,0.0,0.0,0.0,1.0,-0.0,0,0
75,0.0,0.015841584158415842,0.05401260078014202,1.0,-0.0,0,0
76,0.0,0.05940594059405942,0.12119717820276717,1.0,-0.0,0,0
77,0.2,0.08712871287128714,0.1390657415135005,0.20849918060111994,0.6808956474581438,0,0
78,0.2,0.08712871287128714,0.1390657415135005,0.20849918060111994,0.6808956474581438,0,0
79,0.2,0.08712871287128714,0.1390657415135005,0.20849918060111994,0.6808956474581438,0,0
80,0.2,0.0712871287128713,0.12454800153280307,0.1506990467085107,0.8218894949351553,0,0
81,0.2,0.027722772277227727,0.06910862719451544,0.0063361735559086295,2.1981729353735644,0,0
82,0.0,0.0,0.0,1.0,-0.0,0,0
83,0.0,0.0,0.0,1.0,-0.0,0,0
84,0.0,0.031683168316831684,0.0730260947112308,1.0,-0.0,0,0
85,0.0,0.031683168316831684,0.0730260947112308,1.0,-0.0,0,0
86,0.0,0.0594059405940594,0.10733330877518932,1.0,-0.0,0,0
87,0.0,0.09306930693069307,0.13368903310588715,1.0,-0.0,0,0
88,0.0,0.09306930693069307,0.13368903310588715,1.0,-0.0,0,0
89,0.0,0.0613861386138614,0.10806149425459212,1.0,-0.0,0,0
90,0.0,0.10693069306930691,0.13661931335176508,1.0,-0.0,0,0
91,0.0,0.07920792079207921,0.10560230990870005,1.0,-0.0,0,0
92,0.0,0.04554455445544555,0.09283729243351321,1.0,-0.0,0,0
93,0.0,0.04554455445544555,0.09283729243351321,1.0,-0.0,0,0
94,0.0,0.04554455445544555,0.09283729243351321,1.0,-0.0,0,0
95,0.0,0.025742574257425745,0.07264925278354115,1.0,-0.0,0,0
96,0.0,0.025742574257425745,0.07264925278354115,1.0,-0.0,0,0
97,0.0,0.05346534653465347,0.10104832334394512,1.0,-0.0,0,0
98,0.0,0.06930693069306931,0.11057238501634628,1.0,-0.0,0,0
99,0.0,0.06930693069306931,0.11057238501634628,1.0,-0.0,0,0
100,0.0,0.06534653465346535,0.11295810453031022,1.0,-0.0,0,0
101,0.0,0.06534653465346535,0.11295810453031022,1.0,-0.0,0,0
102,0.0,0.03762376237623763,0.07816140339006158,1.0,-0.0,0,0
103,0.0,0.021782178217821784,0.062305476128919915,1.0,-0.0,0,0
104,0.0,0.021782178217821784,0.062305476128919915,1.0,-0.0,0,0
105,0.0,0.0,0.0,1.0,-0.0,0,0
106,0.0,0.009900990099009901,0.04338396495090425,1.0,-0.0,0,0
107,0.0,0.03564356435643565,0.07653920035678291,1.0,-0.0,0,0
108,0.0,0.03564356435643565,0.07653920035678291,1.0,-0.0,0,0
109,0.0,0.03564356435643565,0.07653920035678291,1.0,-0.0,0,0
110,0.0,0.03564356435643565,0.07653920035678291,1.0,-0.0,0,0
111,0.0,0.025742574257425745,0.0669763743575753,1.0,-0.0,0,0
112,0.0,0.0,0.0,1.0,-0.0,0,0
113,0.0,0.04554455445544555,0.09283729243351323,1.0,-0.0,0,0
114,0.0,0.04554455445544555,0.09283729243351323,1.0,-0.0,0,0
115,0.0,0.04554455445544555,0.09283729243351323,1.0,-0.0,0,0
116,0.2,0.06534653465346535,0.10939585993610405,0.10918337986089162,0.9618434658808062,0,0
117,0.2,0.06534653465346535,0.10939585993610405,0.10918337986089162,0.9618434658808062,0,0
118,0.2,0.04950495049504951,0.09912864166957487,0.0644846051260186,1.1905439552382793,0,0
119,0.2,0.04950495049504951,0.09912864166957487,0.0644846051260186,1.1905439552382793,0,0
120,0.2,0.04950495049504951,0.09912864166957487,0.0644846051260186,1.1905439552382793,0,0
121,0.0,0.02970297029702971,0.07112192077650681,1.0,-0.0,0,0
122,0.0,0.02970297029702971,0.07112192077650681,1.0,-0.0,0,0
123,0.0,0.0,0.0,1.0,-0.0,0,0
124,0.0,0.009900990099009901,0.04338396495090424,1.0,-0.0,0,0
125,0.0,0.009900990099009901,0.04338396495090424,1.0,-0.0,0,0
126,0.0,0.009900990099009901,0.04338396495090424,1.0,-0.0,0,0
127,0.0,0.009900990099009901,0.04338396495090424,1.0,-0.0,0,0
128,0.0,0.023762376237623763,0.06471340450838889,1.0,-0.0,0,0
129,0.0,0.013861386138613863,0.05079507064705211,1.0,-0.0,0,0
130,0.0,0.031683168316831684,0.0730260947112308,1.0,-0.0,0,0
131,0.0,0.10099009900990098,0.1396566153069739,1.0,-0.0,0,0
132,0.0,0.10099009900990098,0.1396566153069739,1.0,-0.0,0,0
133,0.0,0.08712871287128712,0.13618810981425267,1.0,-0.0,0,0
134,0.0,0.08712871287128712,0.13618810981425267,1.0,-0.0,0,0
135,0.0,0.06930693069306931,0.12722675963729912,1.0,-0.0,0,0
136,0.0,0.0,0.0,1.0,-0.0,0,0
137,0.0,0.0,0.0,1.0,-0.0,0,0
138,0.0,0.0,0.0,1.0,-0.0,0,0
139,0.0,0.0,0.0,1.0,-0.0,0,0
140,0.0,0.007920792079207921,0.03900537743285587,1.0,-0.0,0,0
141,0.0,0.007920792079207921,0.03900537743285587,1.0,-0.0,0,0
142,0.0,0.007920792079207921,0.03900537743285587,1.0,-0.0,0,0
143,0.0,0.017821782178217824,0.05698017651460656,1.0,-0.0,0,0
144,0.0,0.039603960396039604,0.07970143286137867,1.0,-0.0,0,0
145,0.0,0.031683168316831684,0.0730260947112308,1.0,-0.0,0,0
146,0.0,0.031683168316831684,0.0730260947112308,1.0,-0.0,0,0
147,0.2,0.05544554455445544,0.08952597667688962,0.05319163734110216,1.2741566410525873,0,6
148,0.2,0.04554455445544555,0.08387254884969257,0.03277054107653563,1.4845163878939818,0,0
149,0.2,0.023762376237623766,0.06471340450838887,0.003231121245907738,2.4906467450338194,0,0
150,0.2,0.023762376237623766,0.06471340450838887,0.003231121245907738,2.4906467450338194,0,0
151,0.2,0.023762376237623766,0.06471340450838887,0.003231121245907738,2.4906467450338194,0,0
152,0.0,0.0,0.0,1.0,-0.0,0,0
153,0.0,0.011881188118811883,0.04727657974777554,1.0,-0.0,0,0
154,0.0,0.011881188118811883,0.04727657974777554,1.0,-0.0,0,0
155,0.0,0.011881188118811883,0.04727657974777554,1.0,-0.0,0,0
156,0.0,0.011881188118811883,0.04727657974777554,1.0,-0.0,0,0
157,0.0,0.011881188118811883,0.04727657974777554,1.0,-0.0,0,0
158,0.0,0.0,0.0,1.0,-0.0,0,0
159,0.0,0.0,0.0,1.0,-0.0,0,0
160,0.0,0.0,0.0,1.0,-0.0,0,0
161,0.2,0.03564356435643565,0.07653920035678292,0.015882722457572503,1.7990750531077893,0,0
162,0.2,0.03564356435643565,0.07653920035678292,0.015882722457572503,1.7990750531077893,0,0
163,0.2,0.03564356435643565,0.07653920035678292,0.015882722457572503,1.7990750531077893,0,0
164,0.2,0.03564356435643565,0.07653920035678292,0.015882722457572503,1.7990750531077893,0,0
165,0.2,0.03564356435643565,0.07653920035678292,0.015882722457572503,1.7990750531077893,0,0
166,0.0,0.0,0.0,1.0,-0.0,0,0
167,0.0,0.0,0.0,1.0,-0.0,0,0
168,0.0,0.06534653465346535,0.10939585993610403,1.0,-0.0,0,0
169,0.0,0.06534653465346535,0.10939585993610403,1.0,-0.0,0,0
170,0.0,0.07722772277227724,0.1124710639300034,1.0,-0.0,0,0
171,0.0,0.07722772277227724,0.1124710639300034,1.0,-0.0,0,0
172,0.0,0.07722772277227724,0.1124710639300034,1.0,-0.0,0,0
173,0.2,0.049504950495049514,0.08631483056516186,0.040617958542992716,1.3912819080063723,0,0
174,0.2,0.07722772277227723,0.11930590361498669,0.15172703225002876,0.8189370368062708,0,6
175,1.0,0.10297029702970295,0.15054715096038185,1.2731025653814256e-09,8.895136606727453,0,0
176,1.0,0.12673267326732673,0.15599637537608815,1.0842090995052055e-08,7.964886952111397,0,0
177,1.0,0.12673267326732673,0.15599637537608815,1.0842090995052055e-08,7.964886952111397,0,0
178,0.8,0.0891089108910891,0.12734998170941406,1.1875813359129878e-08,7.925336636415917,0,0
179,0.8,0.061386138613861385,0.09644194583672018,9.40583053918999e-15,14.026602850016651,0,0
180,0.0,0.023762376237623766,0.06471340450838887,1.0,-0.0,0,0
181,0.0,0.01386138613861386,0.05079507064705212,1.0,-0.0,0,0
182,0.0,0.01386138613861386,0.05079507064705212,1.0,-0.0,0,0
183,0.0,0.01386138613861386,0.05079507064705212,1.0,-0.0,0,0
184,0.0,0.01386138613861386,0.05079507064705212,1.0,-0.0,0,0
185,0.0,0.01386138613861386,0.05079507064705212,1.0,-0.0,0,0
186,0.0,0.0,0.0,1.0,-0.0,0,0
187,0.0,0.0,0.0,1.0,-0.0,0,0
188,0.0,0.0,0.0,1.0,-0.0,0,0
189,0.0,0.0,0.0,1.0,-0.0,0,0
190,0.0,0.0,0.0,1.0,-0.0,0,0
191,0.0,0.0,0.0,1.0,-0.0,0,0
192,0.0,0.0,0.0,1.0,-0.0,0,0
193,0.0,0.0,0.0,1.0,-0.0,1,0
194,0.0,0.0,0.0,1.0,-0.0,0,0
195,0.0,0.013861386138613863,0.05079507064705211,1.0,-0.0,1,0
196,0.0,0.013861386138613863,0.05079507064705211,1.0,-0.0,0,0
197,0.0,0.013861386138613863,0.05079507064705211,1.0,-0.0,0,0
198,0.0,0.013861386138613863,0.05079507064705211,1.0,-0.0,0,0
199,0.0,0.021782178217821784,0.06230547612891991,1.0,-0.0,0,0
200,0.0,0.007920792079207921,0.03900537743285587,1.0,-0.0,0,0
201,0.0,0.007920792079207921,0.03900537743285587,1.0,-0.0,0,0
202,0.0,0.007920792079207921,0.03900537743285587,1.0,-0.0,0,0
203,0.0,0.007920792079207921,0.03900537743285587,1.0,-0.0,0,0
204,0.0,0.0,0.0,1.0,-0.0,0,0
205,0.0,0.0039603960396039604,0.027863855998951064,1.0,-0.0,0,0
206,0.0,0.0039603960396039604,0.027863855998951064,1.0,-0.0,0,0
207,0.0,0.0039603960396039604,0.027863855998951064,1.0,-0.0,0,0
208,0.0,0.04554455445544555,0.08387254884969257,1.0,-0.0,0,0
209,0.0,0.06336633663366337,0.10120342446875752,1.0,-0.0,0,0
210,0.0,0.05940594059405942,0.0996808946427978,1.0,-0.0,0,0
211,0.0,0.05940594059405942,0.0996808946427978,1.0,-0.0,0,0
212,0.0,0.06336633663366337,0.10120342446875755,1.0,-0.0,0,0
213,0.0,0.05148514851485149,0.096075322540263,1.0,-0.0,0,0
214,0.0,0.033663366336633666,0.07482947971362845,1.0,-0.0,0,0
