,foreground,bg_means,bg_stdev,pvals,minus_logs,regs,active
2,0.2,0.1168316831683168,0.1442421691205886,0.28210887323566497,0.5495832536649767,0,0
3,0.2,0.1168316831683168,0.1442421691205886,0.28210887323566497,0.5495832536649767,0,0
4,0.2,0.15841584158415836,0.17421241542909127,0.4056698765562471,0.3918272400923491,0,0
5,0.2,0.15841584158415836,0.17421241542909127,0.4056698765562471,0.3918272400923491,0,0
6,0.2,0.24554455445544549,0.19474520163396825,1.0,-0.0,0,0
7,0.2,0.24554455445544549,0.19474520163396825,1.0,-0.0,0,0
8,0.2,0.24554455445544549,0.19474520163396825,1.0,-0.0,0,0
9,0.6,0.5782178217821782,0.3145337458940558,0.4723944058082182,0.325695254032712,0,0
10,0.6,0.6475247524752474,0.30591335711371337,1.0,-0.0,0,0
11,0.4,0.4415841584158416,0.2409828582427928,1.0,-0.0,0,0
12,0.4,0.4455445544554455,0.24354020648204344,1.0,-0.0,0,0
13,0.4,0.4455445544554455,0.24354020648204344,1.0,-0.0,0,0
14,0.0,0.07326732673267328,0.12177815335858849,1.0,-0.0,0,0
15,0.0,0.017821782178217824,0.05698017651460656,1.0,-0.0,0,0
16,0.0,0.025742574257425745,0.0669763743575753,1.0,-0.0,0,0
17,0.0,0.18217821782178217,0.18042635951740818,1.0,-0.0,0,0
18,0.0,0.2059405940594059,0.1938774657314743,1.0,-0.0,0,0
19,0.0,0.24356435643564353,0.2098636245464043,1.0,-0.0,0,0
20,0.0,0.22970297029702968,0.20174709904079255,1.0,-0.0,0,0
21,0.0,0.5564356435643564,0.3103545853222188,1.0,-0.0,0,0
22,0.0,0.3960396039603961,0.2742842321674447,1.0,-0.0,0,0
23,0.0,0.38019801980198026,0.26476958111759685,1.0,-0.0,0,0
24,0.0,0.34257425742574266,0.24589562893109526,1.0,-0.0,0,0
25,0.0,0.34257425742574266,0.24589562893109526,1.0,-0.0,0,0
26,0.0,0.007920792079207921,0.03900537743285587,1.0,-0.0,0,0
27,0.0,0.007920792079207921,0.03900537743285587,1.0,-0.0,0,0
28,0.0,0.0,0.0,1.0,-0.0,0,0
29,0.0,0.0,0.0,1.0,-0.0,0,0
30,0.0,0.0,0.0,1.0,-0.0,0,0
31,0.0,0.0,0.0,1.0,-0.0,0,0
32,0.0,0.0,0.0,1.0,-0.0,0,0
33,0.0,0.013861386138613863,0.05807080514303042,1.0,-0.0,0,0
34,0.0,0.06336633663366337,0.10120342446875752,1.0,-0.0,0,0
35,0.0,0.14257425742574256,0.13301271781185478,1.0,-0.0,0,0
36,0.0,0.21188118811881182,0.18630706513012396,1.0,-0.0,0,0
37,0.2,0.7346534653465344,0.37560133793990774,1.0,-0.0,0,0
38,0.2,0.7544554455445542,0.3743045703451096,1.0,-0.0,0,0
39,0.6,0.9702970297029703,0.41780770470395734,1.0,-0.0,0,0
40,0.6,0.9306930693069307,0.4053460993385717,1.0,-0.0,0,0
41,0.6,1.188118811881188,0.4153698408594659,1.0,-0.0,0,0
42,0.4,0.7801980198019802,0.39048581114932984,1.0,-0.0,0,0
43,0.4,0.7465346534653466,0.38782571272751204,1.0,-0.0,0,0
44,0.0,0.5148514851485149,0.30357152536535076,1.0,-0.0,0,0
45,0.0,1.0574257425742575,0.4052493510976206,1.0,-0.0,0,0
46,0.0,0.7306930693069306,0.3542507290901126,1.0,-0.0,0,0
47,0.0,0.6138613861386137,0.3149822257975451,1.0,-0.0,0,0
48,0.0,0.6138613861386137,0.3149822257975451,1.0,-0.0,0,0
49,0.0,0.5801980198019802,0.312771007867442,1.0,-0.0,0,0
50,0.0,0.0,0.0,1.0,-0.0,0,0
51,0.0,0.0,0.0,1.0,-0.0,0,0
52,0.0,0.0,0.0,1.0,-0.0,0,0
53,0.0,0.0,0.0,1.0,-0.0,0,0
54,0.0,0.0,0.0,1.0,-0.0,0,0
55,0.0,0.0,0.0,1.0,-0.0,0,0
56,0.0,0.0297029702970297,0.07112192077650681,1.0,-0.0,0,0
57,0.0,0.0297029702970297,0.07112192077650681,1.0,-0.0,0,0
58,0.0,0.0297029702970297,0.07112192077650681,1.0,-0.0,0,0
59,0.0,0.07326732673267328,0.11848138852793338,1.0,-0.0,0,0
60,0.0,0.08712871287128712,0.13024224675172555,1.0,-0.0,0,0
61,0.4,0.6257425742574257,0.3039845831638407,1.0,-0.0,0,0
62,0.6,0.6851485148514849,0.3274220150862505,1.0,-0.0,0,0
63,0.8,1.217821782178218,0.384963940603715,1.0,-0.0,0,0
64,0.8,1.215841584158416,0.39167896362708254,1.0,-0.0,0,0
65,0.8,1.201980198019802,0.39148870424122795,1.0,-0.0,0,0
66,0.4,0.6336633663366337,0.2843360261850186,1.0,-0.0,0,0
67,0.2,0.5742574257425743,0.2679786696648698,1.0,-0.0,0,0
68,0.0,0.04158415841584158,0.08116396646304633,1.0,-0.0,0,0
69,0.0,0.0,0.0,1.0,-0.0,0,0
70,0.0,0.0,0.0,1.0,-0.0,0,0
71,0.0,0.0,0.0,1.0,-0.0,0,0
72,0.0,0.0,0.0,1.0,-0.0,0,0
73,0.0,0.0,0.0,1.0,-0.0,0,0
74,0.0,0.0,0.0,1.0,-0.0,0,0
75,0.0,0.019801980198019802,0.0597350618970232,1.0,-0.0,0,0
76,0.0,0.04554455445544555,0.09283729243351321,1.0,-0.0,0,0
77,0.0,0.06534653465346535,0.10939585993610405,1.0,-0.0,0,0
78,0.0,0.06930693069306931,0.11057238501634628,1.0,-0.0,0,0
79,0.0,0.13861386138613857,0.15604664003838054,1.0,-0.0,0,0
80,0.0,0.2178217821782178,0.19108654387033375,1.0,-0.0,0,0
81,0.2,0.23960396039603962,0.19904684155451982,1.0,-0.0,0,0
82,0.2,0.35445544554455444,0.22317455428042607,1.0,-0.0,0,0
83,0.2,0.35049504950495053,0.21873794727813695,1.0,-0.0,0,0
84,0.2,0.28118811881188116,0.21832525073010245,1.0,-0.0,0,0
85,0.2,0.18217821782178212,0.17371653227296086,0.4591437258549905,0.3380513458894504,0,0
86,0.0,0.16237623762376235,0.16818865241652334,1.0,-0.0,0,0
87,0.0,0.02772277227722772,0.06910862719451544,1.0,-0.0,0,0
88,0.0,0.02772277227722772,0.06910862719451544,1.0,-0.0,0,0
89,0.0,0.02772277227722772,0.06910862719451544,1.0,-0.0,0,0
90,0.0,0.02772277227722772,0.06910862719451544,1.0,-0.0,0,0
91,0.0,0.0,0.0,1.0,-0.0,0,0
92,0.0,0.0,0.0,1.0,-0.0,0,0
93,0.4,0.24950495049504945,0.1854209886846673,0.20849918060111983,0.680895647458144,0,0
94,0.4,0.29108910891089107,0.20590250980682706,0.29842215910930703,0.5251689317972531,0,0
95,0.4,0.29108910891089107,0.20590250980682706,0.29842215910930703,0.5251689317972531,0,0
96,0.4,0.29108910891089107,0.20590250980682706,0.29842215910930703,0.5251689317972531,0,0
97,0.4,0.29108910891089107,0.20590250980682706,0.29842215910930703,0.5251689317972531,0,0
98,0.0,0.041584158415841586,0.08116396646304633,1.0,-0.0,0,0
99,0.0,0.0,0.0,1.0,-0.0,0,0
100,0.0,0.0,0.0,1.0,-0.0,0,0
101,0.0,0.0,0.0,1.0,-0.0,0,0
102,0.0,0.47326732673267324,0.29880656649408216,1.0,-0.0,0,0
103,0.0,0.5762376237623763,0.32613807282322704,1.0,-0.0,0,0
104,0.0,0.5762376237623763,0.32613807282322704,1.0,-0.0,0,0
105,0.0,0.5762376237623763,0.32613807282322704,1.0,-0.0,0,0
106,0.0,0.5762376237623763,0.32613807282322704,1.0,-0.0,0,0
107,0.0,0.21188118811881182,0.17981680926331073,1.0,-0.0,0,0
108,0.2,0.21584158415841584,0.19837591740781296,1.0,-0.0,0,0
109,0.2,0.2534653465346534,0.20660593209144543,1.0,-0.0,0,0
110,0.2,0.2534653465346534,0.20660593209144543,1.0,-0.0,0,0
111,0.2,0.2534653465346534,0.20660593209144543,1.0,-0.0,0,0
112,0.8,0.33861386138613864,0.23838162972850993,0.026464871516581515,1.577330210109332,0,0
113,3.0,0.6237623762376238,0.3200088225428239,5.6171271165665934e-14,13.250485747852759,0,0
114,3.0,0.5861386138613861,0.30605432216018474,1.5572436806777469e-15,14.807643422824894,0,0
115,3.0,0.592079207920792,0.3056184019124035,1.6620718535380817e-15,14.779350205028107,0,0
116,3.0,0.592079207920792,0.3056184019124035,1.6620718535380817e-15,14.779350205028107,0,0
117,2.4,0.4198019801980198,0.28632869085021784,2.325814588854436e-12,11.633424909662134,0,0
118,0.0,0.03564356435643565,0.07653920035678292,1.0,-0.0,0,0
119,0.2,0.051485148514851496,0.096075322540263,0.06107440442601424,1.2141407594058025,0,0
120,0.6,0.06930693069306931,0.11409790329416186,1.6499821926439761e-06,5.7825207428637855,0,0
121,0.8,0.08316831683168316,0.12670172889541695,7.6738141648398e-09,8.114988722229421,0,0
122,0.8,0.0613861386138614,0.10806149425459212,4.096677038049018e-12,11.38756827234702,0,0
123,0.8,0.06732673267326733,0.10634234916512914,2.794338966632187e-12,11.553720913036143,0,0
124,0.6,0.05148514851485149,0.09607532254026299,5.674859976547265e-09,8.246044849934504,0,0
125,0.2,0.02772277227722772,0.06910862719451544,0.0063361735559086295,2.1981729353735644,0,0
126,0.0,0.013861386138613863,0.05079507064705211,1.0,-0.0,0,0
127,0.0,0.013861386138613863,0.05079507064705211,1.0,-0.0,0,0
128,0.2,0.013861386138613863,0.05079507064705211,0.00012391038159364294,3.90689230556944,0,0
129,0.2,0.03564356435643565,0.07653920035678292,0.015882722457572503,1.7990750531077893,0,0
130,0.2,0.049504950495049514,0.09912864166957489,0.06448460512601868,1.1905439552382786,0,0
131,0.2,0.049504950495049514,0.09912864166957489,0.06448460512601868,1.1905439552382786,0,0
132,0.2,0.049504950495049514,0.09912864166957489,0.06448460512601868,1.1905439552382786,0,0
133,0.0,0.03564356435643565,0.08154954567118416,1.0,-0.0,0,0
134,0.4,0.06534653465346535,0.10571364605971598,0.0007736575764547356,3.1114512170453996,0,0
135,0.4,0.05148514851485149,0.08744317689433512,3.365276187476007e-05,4.472979287524799,0,0
136,0.4,0.05148514851485149,0.08744317689433512,3.365276187476007e-05,4.472979287524799,0,0
137,0.4,0.05148514851485149,0.08744317689433512,3.365276187476007e-05,4.472979287524799,0,0
138,0.4,0.05148514851485149,0.08744317689433512,3.365276187476007e-05,4.472979287524799,0,0
139,0.0,0.0,0.0,1.0,-0.0,0,0
140,0.0,0.0,0.0,1.0,-0.0,0,0
141,0.0,0.0,0.0,1.0,-0.0,0,0
142,0.0,0.0,0.0,1.0,-0.0,0,0
143,0.0,0.0,0.0,1.0,-0.0,0,0
144,0.0,0.0,0.0,1.0,-0.0,0,0
145,0.0,0.0,0.0,1.0,-0.0,0,0
146,0.0,0.009900990099009901,0.04338396495090424,1.0,-0.0,0,0
147,0.0,0.009900990099009901,0.04338396495090424,1.0,-0.0,0,0
148,0.0,0.04356435643564357,0.08255312311158745,1.0,-0.0,0,0
149,0.0,0.09702970297029702,0.12464241569787102,1.0,-0.0,0,0
150,0.2,0.24950495049504945,0.18964467158515452,1.0,-0.0,0,0
151,0.2,0.23960396039603957,0.18883656715060818,1.0,-0.0,0,0
152,0.2,0.27524752475247527,0.1987116626424095,1.0,-0.0,0,0
153,0.2,0.24158415841584158,0.1956291332313421,1.0,-0.0,0,0
154,0.4,0.23564356435643566,0.21321868958253956,0.2204023595360537,0.6567837604191511,0,0
155,0.2,0.407920792079208,0.24522495968970642,1.0,-0.0,0,0
156,0.2,0.4356435643564357,0.26159607530885914,1.0,-0.0,0,0
157,0.2,0.4376237623762375,0.2512745668590456,1.0,-0.0,0,0
158,0.2,0.5861386138613862,0.283202933562272,1.0,-0.0,0,0
159,0.0,0.5386138613861386,0.2666143790844647,1.0,-0.0,0,0
160,0.0,0.405940594059406,0.2720737313354881,1.0,-0.0,0,0
161,0.0,0.39999999999999997,0.2714099599068422,1.0,-0.0,0,0
162,0.0,0.36237623762376237,0.2575018927734011,1.0,-0.0,0,0
163,0.0,0.21386138613861388,0.19550883243085124,1.0,-0.0,0,0
164,0.4,0.405940594059406,0.2616859966207016,1.0,-0.0,0,0
165,0.4,0.2396039603960396,0.18672752846140644,0.19517455309290543,0.7095768064016368,0,0
166,0.4,0.2178217821782178,0.17142156917092394,0.14394774232768826,0.8417951421948323,0,0
167,0.6,0.24356435643564353,0.18796241544687975,0.02895930895183332,1.5382118058031473,0,0
168,0.6,0.28316831683168314,0.1934928079256413,0.050769919848087576,1.29439352222787,0,0
169,0.2,0.09108910891089109,0.1243589581632284,0.19057525368436823,0.7199334934461744,0,0
170,0.2,0.22970297029702974,0.17885474744676655,1.0,-0.0,0,0
171,0.2,0.6019801980198021,0.27067213663115686,1.0,-0.0,0,0
172,0.0,0.6138613861386139,0.27468423021854,1.0,-0.0,0,0
173,0.0,0.5742574257425742,0.26649669451502134,1.0,-0.0,0,0
174,0.0,0.5742574257425742,0.26649669451502134,1.0,-0.0,0,0
175,0.0,0.4099009900990099,0.24108046826161075,1.0,-0.0,0,0
176,0.0,0.03762376237623763,0.08307396817189318,1.0,-0.0,0,0
177,0.0,0.0,0.0,1.0,-0.0,0,0
178,0.0,0.0,0.0,1.0,-0.0,0,0
179,0.0,0.0,0.0,1.0,-0.0,0,0
180,0.0,0.0,0.0,1.0,-0.0,0,0
181,0.2,0.033663366336633666,0.07482947971362847,0.013112090674369026,1.8823280561396656,0,0
182,0.2,0.033663366336633666,0.07482947971362847,0.013112090674369026,1.8823280561396656,0,0
183,0.2,0.033663366336633666,0.07482947971362847,0.013112090674369026,1.8823280561396656,0,0
184,0.2,0.033663366336633666,0.07482947971362847,0.013112090674369026,1.8823280561396656,0,0
185,0.4,0.051485148514851496,0.09186070102766894,7.413495117120227e-05,4.129976994151471,0,0
186,0.2,0.017821782178217824,0.056980176514606566,0.0006937928196726553,3.15877019915046,0,0
187,0.2,0.017821782178217824,0.056980176514606566,0.0006937928196726553,3.15877019915046,0,0
188,0.2,0.017821782178217824,0.056980176514606566,0.0006937928196726553,3.15877019915046,0,0
189,0.2,0.017821782178217824,0.056980176514606566,0.0006937928196726553,3.15877019915046,0,0
190,0.0,0.0,0.0,1.0,-0.0,0,0
191,0.0,0.019801980198019802,0.059735061897023205,1.0,-0.0,0,0
192,0.0,0.019801980198019802,0.059735061897023205,1.0,-0.0,0,0
193,0.0,0.04554455445544554,0.08387254884969257,1.0,-0.0,0,0
194,0.0,0.1504950495049505,0.16021258301915867,1.0,-0.0,0,0
195,0.0,0.21188118811881188,0.19051110448801098,1.0,-0.0,0,0
196,0.0,0.19207920792079206,0.19071681786668523,1.0,-0.0,0,0
197,0.0,0.19207920792079206,0.19071681786668523,1.0,-0.0,0,0
198,0.0,0.16633663366336632,0.1713529319032391,1.0,-0.0,0,0
199,0.0,0.061386138613861385,0.10046456153636296,1.0,-0.0,0,0
200,0.0,0.0,0.0,1.0,-0.0,0,0
201,0.2,0.09108910891089109,0.11781762202489915,0.1776384260682663,0.750463083465571,0,0
202,0.2,0.35841584158415846,0.2409828582427928,1.0,-0.0,0,0
203,0.2,0.3782178217821782,0.2515708905054613,1.0,-0.0,1,0
204,0.2,0.3782178217821782,0.2515708905054613,1.0,-0.0,0,0
205,0.4,0.44554455445544555,0.2726927522392398,1.0,-0.0,0,0
206,0.4,0.5386138613861386,0.26212018142606325,1.0,-0.0,0,0
207,0.8,0.41782178217821786,0.26114600430628965,0.07166999740325798,1.1446626112657847,0,0
208,0.8,0.39801980198019804,0.26475477090468547,0.0644679522708738,1.1906561242915112,0,0
209,0.8,0.39801980198019804,0.26475477090468547,0.0644679522708738,1.1906561242915112,1,0
210,0.6,0.32970297029702966,0.26158108541827535,0.15072702945840322,0.8218088598815709,0,0
211,0.4,0.1465346534653465,0.1686077858012515,0.06638294280939351,1.1779434988760127,0,0
212,0.0,0.0,0.0,1.0,-0.0,0,0
213,0.0,0.041584158415841586,0.08116396646304633,1.0,-0.0,0,0
214,0.0,0.041584158415841586,0.08116396646304633,1.0,-0.0,0,0
215,0.2,0.09108910891089109,0.10726021832832353,0.15496011670380228,0.809780065212292,0,0
216,0.2,0.09108910891089109,0.10726021832832353,0.15496011670380228,0.809780065212292,0,0
217,0.2,0.09108910891089109,0.10726021832832353,0.15496011670380228,0.809780065212292,0,0
218,0.2,0.049504950495049514,0.09078727434730813,0.04869237040212954,1.3125390829709087,0,0
219,0.2,0.049504950495049514,0.09078727434730813,0.04869237040212954,1.3125390829709087,0,0
220,0.0,0.08514851485148514,0.130031327995105,1.0,-0.0,0,0
221,0.0,0.08514851485148514,0.130031327995105,1.0,-0.0,0,0
222,0.0,0.08514851485148514,0.130031327995105,1.0,-0.0,0,0
223,0.0,0.08514851485148514,0.130031327995105,1.0,-0.0,0,0
224,0.0,0.10495049504950495,0.1556692594616519,1.0,-0.0,0,0
225,0.0,0.019801980198019802,0.0597350618970232,1.0,-0.0,0,0
226,0.0,0.019801980198019802,0.0597350618970232,1.0,-0.0,0,0
227,0.0,0.019801980198019802,0.0597350618970232,1.0,-0.0,0,0
228,0.6,0.14257425742574256,0.14981608173764543,0.0011318915526320986,2.9461951812304648,0,0
229,0.6,0.12277227722772276,0.13488622864100122,0.00020158363773405558,3.695544721880268,0,0
230,0.6,0.19801980198019803,0.1856112183041662,0.015166651160502309,1.8191103020787078,0,0
231,0.6,0.23960396039603962,0.2106469092589656,0.04354968101523476,1.3610150216857257,0,0
