,foreground,bg_means,bg_stdev,pvals,minus_logs,regs,active
2,0.6,0.4633663366336634,0.10120342446875752,0.0884936655254754,1.0530878154692958,0,0
3,0.4,0.29504950495049503,0.15049504950495052,0.24278612946373423,0.6147761284264038,0,0
4,0.2,0.06336633663366338,0.10120342446875755,0.08849366552547529,1.0530878154692964,0,0
5,0.2,0.06336633663366338,0.10120342446875755,0.08849366552547529,1.0530878154692964,0,0
6,0.2,0.06336633663366338,0.10120342446875755,0.08849366552547529,1.0530878154692964,0,0
7,0.0,0.0,0.0,1.0,-0.0,0,0
8,0.0,0.0,0.0,1.0,-0.0,0,0
9,0.8,0.6277227722772277,0.06910862719451545,0.0063361735559086295,2.1981729353735644,0,0
10,1.0,0.6653465346534649,0.10571364605971595,0.0007736575764547239,3.1114512170454063,0,0
11,1.0,0.6653465346534649,0.10571364605971595,0.0007736575764547239,3.1114512170454063,0,0
12,1.0,0.6653465346534649,0.10571364605971595,0.0007736575764547239,3.1114512170454063,0,0
13,1.0,0.6653465346534649,0.10571364605971595,0.0007736575764547239,3.1114512170454063,0,0
14,0.2,0.03762376237623763,0.07816140339006158,0.01888012292982573,1.723995182306426,0,0
15,0.0,0.09108910891089109,0.09960218883136072,1.0,-0.0,0,0
16,0.2,0.19999999999999996,5.551115123125783e-17,0.15865525393145707,0.7995455414919704,0,0
17,0.2,0.23366336633663365,0.07482947971362845,1.0,-0.0,0,0
18,0.4,0.33267326732673275,0.14698885988036145,0.3234619612233254,0.4901767845536701,0,0
19,0.4,0.33267326732673275,0.14698885988036145,0.3234619612233254,0.4901767845536701,0,0
20,0.4,0.2396039603960396,0.17804171717219025,0.18382334904151887,0.7355993258342743,0,0
21,0.2,0.13267326732673265,0.14698885988036148,0.32346196122332527,0.49017678455367025,0,0
22,0.4,0.19207920792079206,0.18003474269593198,0.12406720507042814,0.9063430012504762,0,0
23,0.2,0.09306930693069307,0.12448501897427099,0.1951745530929055,0.7095768064016366,0,0
24,0.2,0.09306930693069307,0.12448501897427099,0.1951745530929055,0.7095768064016366,0,0
25,0.2,0.09306930693069307,0.12448501897427099,0.1951745530929055,0.7095768064016366,0,0
26,0.2,0.13663366336633662,0.13179850528549494,0.31533575554113774,0.5012267823323202,0,0
27,0.2,0.24158415841584152,0.08116396646304633,1.0,-0.0,0,0
28,0.2,0.24158415841584152,0.08116396646304633,1.0,-0.0,0,0
29,0.2,0.24158415841584152,0.08116396646304633,1.0,-0.0,0,0
30,0.2,0.27524752475247527,0.11205191564986226,1.0,-0.0,0,0
31,0.2,0.23366336633663365,0.07482947971362845,1.0,-0.0,0,0
32,0.0,0.033663366336633666,0.07482947971362845,1.0,-0.0,0,0
33,0.0,0.033663366336633666,0.07482947971362845,1.0,-0.0,0,0
34,0.0,0.033663366336633666,0.07482947971362845,1.0,-0.0,0,0
35,0.2,0.043564356435643575,0.08255312311158745,0.029048226759887566,1.5368803738382273,0,0
36,0.2,0.043564356435643575,0.08255312311158745,0.029048226759887566,1.5368803738382273,0,0
37,0.2,0.043564356435643575,0.08255312311158745,0.029048226759887566,1.5368803738382273,0,0
38,0.2,0.043564356435643575,0.08255312311158745,0.029048226759887566,1.5368803738382273,0,0
39,0.2,0.043564356435643575,0.08255312311158745,0.029048226759887566,1.5368803738382273,0,0
40,0.0,0.02772277227722773,0.06910862719451545,1.0,-0.0,0,0
41,0.0,0.02772277227722773,0.06910862719451545,1.0,-0.0,0,0
42,0.0,0.06534653465346535,0.09380371708773871,1.0,-0.0,0,0
43,0.0,0.06534653465346535,0.09380371708773871,1.0,-0.0,0,0
44,0.0,0.13663366336633662,0.15137833547418927,1.0,-0.0,0,0
45,0.0,0.10693069306930691,0.1306930693069307,1.0,-0.0,0,0
46,0.0,0.17029702970297025,0.16503498246348225,1.0,-0.0,0,0
47,0.0,0.13267326732673262,0.1414975848312859,1.0,-0.0,0,0
48,0.0,0.2158415841584158,0.17504323271769953,1.0,-0.0,0,0
49,0.0,0.1465346534653465,0.15387043310940524,1.0,-0.0,0,0
50,0.0,0.1465346534653465,0.15387043310940524,1.0,-0.0,0,0
51,0.0,0.08316831683168316,0.12028786177019754,1.0,-0.0,0,0
52,0.0,0.08316831683168316,0.12028786177019754,1.0,-0.0,0,0
53,0.0,0.0,0.0,1.0,-0.0,0,0
54,0.0,0.0,0.0,1.0,-0.0,0,0
55,0.0,0.0,0.0,1.0,-0.0,0,0
56,0.0,0.0,0.0,1.0,-0.0,0,0
57,0.0,0.0,0.0,1.0,-0.0,0,0
58,0.0,0.0,0.0,1.0,-0.0,0,0
59,0.0,0.07920792079207921,0.11285391563386142,1.0,-0.0,0,0
60,0.0,0.07920792079207921,0.11285391563386142,1.0,-0.0,0,0
61,0.0,0.10891089108910887,0.13057300215314485,1.0,-0.0,0,0
62,0.0,0.16237623762376235,0.14815798708918723,1.0,-0.0,0,0
63,0.0,0.16237623762376235,0.14815798708918723,1.0,-0.0,0,0
64,0.0,0.08118811881188118,0.11320083903331847,1.0,-0.0,0,0
65,0.0,0.08118811881188118,0.11320083903331847,1.0,-0.0,0,0
66,0.0,0.05148514851485149,0.08744317689433512,1.0,-0.0,0,0
67,0.0,0.05544554455445545,0.08952597667688963,1.0,-0.0,0,0
68,0.0,0.05544554455445545,0.08952597667688963,1.0,-0.0,0,0
69,0.0,0.05544554455445545,0.08952597667688963,1.0,-0.0,0,0
70,0.0,0.08118811881188118,0.10597297552680915,1.0,-0.0,0,0
71,0.0,0.08118811881188118,0.10597297552680915,1.0,-0.0,0,0
72,0.0,0.22376237623762374,0.18301572450512466,1.0,-0.0,0,0
