,foreground,bg_means,bg_stdev,pvals,minus_logs,regs,active
2,0.0,0.0059405940594059415,0.033953323167291584,1.0,-0.0,0,0
3,0.2,0.18613861386138614,0.18295143702892827,0.4698028776885983,0.3280843273616244,0,0
4,0.2,0.18019801980198016,0.17235687245139755,0.45426638768438776,0.3426893965405121,0,0
5,0.2,0.18019801980198016,0.17235687245139755,0.45426638768438776,0.3426893965405121,0,0
6,0.2,0.24356435643564361,0.20796793430679011,1.0,-0.0,0,19
7,0.2,0.24356435643564361,0.20796793430679011,1.0,-0.0,0,0
8,0.0,0.1108910891089109,0.16038381569359672,1.0,-0.0,0,0
9,0.0,0.1108910891089109,0.16038381569359672,1.0,-0.0,0,0
10,0.0,0.1762376237623762,0.18301572450512466,1.0,-0.0,0,0
11,0.0,0.11089108910891088,0.13636075485692528,1.0,-0.0,0,0
12,0.0,0.11089108910891088,0.13636075485692528,1.0,-0.0,0,0
13,0.0,0.06336633663366337,0.10874875419996817,1.0,-0.0,0,0
14,0.0,0.06336633663366337,0.10874875419996817,1.0,-0.0,0,0
15,0.0,0.1564356435643564,0.1702740025877676,1.0,-0.0,0,0
16,0.0,0.17227722772277226,0.17126137275595765,1.0,-0.0,0,0
17,0.0,0.18019801980198016,0.17689276383467165,1.0,-0.0,0,0
18,0.0,0.18019801980198016,0.17689276383467165,1.0,-0.0,0,0
19,0.0,0.19009900990099005,0.18320845158368917,1.0,-0.0,0,0
20,0.0,0.033663366336633666,0.07482947971362848,1.0,-0.0,0,0
21,0.2,0.049504950495049514,0.09078727434730813,0.04869237040212954,1.3125390829709087,0,0
22,0.2,0.041584158415841586,0.08590499787518362,0.03258561123651815,1.4869741281544258,0,0
23,0.2,0.06534653465346535,0.11295810453031022,0.11661777127180524,0.9332352628086957,0,0
24,0.2,0.05544554455445545,0.1094316980566186,0.09325802196181344,1.0303138003353092,0,0
25,0.2,0.061386138613861385,0.11166631429601336,0.10724339580581539,0.9696294427647089,0,0
26,0.0,0.0297029702970297,0.07648795214189293,1.0,-0.0,0,0
27,0.0,0.0297029702970297,0.07648795214189293,1.0,-0.0,0,0
28,0.0,0.015841584158415842,0.06090517425437505,1.0,-0.0,0,0
29,0.0,0.015841584158415842,0.06090517425437505,1.0,-0.0,0,0
30,0.0,0.009900990099009901,0.04338396495090425,1.0,-0.0,0,0
31,0.0,0.009900990099009901,0.04338396495090425,1.0,-0.0,0,0
32,0.0,0.031683168316831684,0.07826167463512675,1.0,-0.0,0,0
33,0.0,0.04554455445544554,0.10485704788018795,1.0,-0.0,0,0
34,0.0,0.05346534653465347,0.11219180573635876,1.0,-0.0,0,0
35,0.0,0.06336633663366337,0.1158034971660471,1.0,-0.0,0,0
36,0.0,0.06336633663366337,0.1158034971660471,1.0,-0.0,0,0
37,0.0,0.041584158415841586,0.08116396646304633,1.0,-0.0,0,0
38,0.0,0.025742574257425748,0.06697637435757531,1.0,-0.0,0,0
39,0.2,0.05346534653465347,0.10104832334394513,0.0735091372710952,1.1336586742521857,0,0
40,0.2,0.07326732673267328,0.1115960618107356,0.12805415268855674,0.8926063331621106,0,0
41,0.2,0.11485148514851484,0.13886822488939993,0.26988509889216616,0.5688210933892304,0,0
42,0.2,0.12376237623762376,0.14291762832290006,0.29686537892557485,0.5274404478007101,0,0
43,0.2,0.11485148514851483,0.13304219431477882,0.26108260912291403,0.5832220558426834,0,0
44,0.0,0.07920792079207921,0.12611234319279727,1.0,-0.0,0,0
45,0.0,0.049504950495049514,0.09912864166957489,1.0,-0.0,0,0
46,0.0,0.021782178217821784,0.06836703565002801,1.0,-0.0,0,0
47,0.0,0.01386138613861386,0.05079507064705211,1.0,-0.0,0,0
48,0.0,0.01386138613861386,0.05079507064705211,1.0,-0.0,0,0
49,0.0,0.01386138613861386,0.05079507064705211,1.0,-0.0,0,0
50,0.0,0.01386138613861386,0.05079507064705211,1.0,-0.0,0,0
51,0.0,0.0,0.0,1.0,-0.0,0,0
52,0.0,0.0,0.0,1.0,-0.0,0,0
53,0.0,0.0,0.0,1.0,-0.0,0,0
54,0.0,0.0,0.0,1.0,-0.0,0,0
55,0.0,0.027722772277227727,0.07461957893630407,1.0,-0.0,0,0
56,0.0,0.027722772277227727,0.07461957893630407,1.0,-0.0,0,0
57,0.0,0.05346534653465347,0.09704990696905226,1.0,-0.0,0,0
58,0.0,0.05346534653465347,0.09704990696905226,1.0,-0.0,0,0
59,0.0,0.05346534653465347,0.09704990696905226,1.0,-0.0,0,0
60,0.0,0.047524752475247525,0.0939707763778588,1.0,-0.0,0,0
61,0.0,0.047524752475247525,0.0939707763778588,1.0,-0.0,0,0
62,0.0,0.033663366336633666,0.07994704648786674,1.0,-0.0,0,0
63,0.0,0.033663366336633666,0.07994704648786674,1.0,-0.0,0,0
64,0.0,0.033663366336633666,0.07994704648786674,1.0,-0.0,0,0
65,0.0,0.04356435643564357,0.09587103712404124,1.0,-0.0,0,0
66,0.0,0.04356435643564357,0.09587103712404124,1.0,-0.0,0,0
67,0.0,0.031683168316831684,0.08316831683168317,1.0,-0.0,0,0
68,0.0,0.031683168316831684,0.08316831683168317,1.0,-0.0,0,0
69,0.0,0.031683168316831684,0.08316831683168317,1.0,-0.0,0,0
70,0.0,0.0,0.0,1.0,-0.0,0,0
71,0.0,0.0,0.0,1.0,-0.0,0,0
72,0.0,0.0,0.0,1.0,-0.0,0,0
73,0.0,0.0,0.0,1.0,-0.0,0,0
74,0.0,0.0,0.0,1.0,-0.0,0,0
75,0.0,0.0,0.0,1.0,-0.0,0,0
76,0.0,0.0,0.0,1.0,-0.0,0,0
77,0.0,0.0,0.0,1.0,-0.0,0,0
78,0.0,0.0,0.0,1.0,-0.0,0,0
79,0.0,0.0,0.0,1.0,-0.0,0,0
80,0.0,0.0,0.0,1.0,-0.0,0,0
81,0.0,0.0,0.0,1.0,-0.0,0,0
82,0.0,0.0,0.0,1.0,-0.0,0,0
83,0.0,0.0,0.0,1.0,-0.0,0,0
84,0.0,0.0,0.0,1.0,-0.0,0,0
85,0.0,0.013861386138613863,0.05079507064705211,1.0,-0.0,0,0
86,0.0,0.013861386138613863,0.05079507064705211,1.0,-0.0,0,0
87,0.0,0.013861386138613863,0.05079507064705211,1.0,-0.0,0,0
88,0.0,0.013861386138613863,0.05079507064705211,1.0,-0.0,0,0
89,0.0,0.013861386138613863,0.05079507064705211,1.0,-0.0,0,0
90,0.0,0.01386138613861386,0.05079507064705211,1.0,-0.0,0,0
91,0.0,0.01386138613861386,0.05079507064705211,1.0,-0.0,0,0
92,0.0,0.01386138613861386,0.05079507064705211,1.0,-0.0,0,1
93,0.0,0.01386138613861386,0.05079507064705211,1.0,-0.0,0,0
94,0.0,0.01386138613861386,0.05079507064705211,1.0,-0.0,0,0
95,0.0,0.0,0.0,1.0,-0.0,0,0
96,0.0,0.0,0.0,1.0,-0.0,0,0
97,0.0,0.0,0.0,1.0,-0.0,0,0
98,0.0,0.0,0.0,1.0,-0.0,0,0
99,0.0,0.0,0.0,1.0,-0.0,0,0
100,0.0,0.0,0.0,1.0,-0.0,0,0
101,0.0,0.009900990099009901,0.04338396495090424,1.0,-0.0,0,0
102,0.2,0.04752475247524753,0.10205226714237722,0.06757607977550824,1.1702070061279661,0,0
103,0.2,0.05544554455445545,0.1094316980566186,0.09325802196181344,1.0303138003353092,0,0
104,0.2,0.1188118811881188,0.17839375254740925,0.32451638667303995,0.48876336831817224,0,0
105,0.2,0.1188118811881188,0.17839375254740925,0.32451638667303995,0.48876336831817224,0,0
106,0.2,0.1089108910891089,0.16774509769938514,0.29355767550077927,0.532306559864566,0,0
107,0.0,0.11485148514851483,0.17199248119293833,1.0,-0.0,0,0
108,0.4,0.22178217821782176,0.22497698909661432,0.21413362940662473,0.6693151219684598,0,0
109,0.4,0.1801980198019802,0.18563234289517566,0.11819236597226958,0.9274105735663272,0,0
110,0.4,0.2118811881188119,0.19462435446028695,0.1668785558115614,0.7775994673414637,0,0
111,0.4,0.2118811881188119,0.19462435446028695,0.1668785558115614,0.7775994673414637,0,0
112,0.4,0.16831683168316833,0.1658644878524509,0.08123355001046124,1.0902645671243245,0,0
113,0.0,0.05346534653465347,0.09287951999650358,1.0,-0.0,0,0
114,0.0,0.031683168316831684,0.07826167463512675,1.0,-0.0,0,0
115,0.0,0.0,0.0,1.0,-0.0,0,0
116,0.0,0.0,0.0,1.0,-0.0,0,0
117,0.0,0.0,0.0,1.0,-0.0,0,0
118,0.0,0.0,0.0,1.0,-0.0,0,0
119,0.0,0.0,0.0,1.0,-0.0,0,0
120,0.0,0.0,0.0,1.0,-0.0,0,0
121,0.0,0.0,0.0,1.0,-0.0,0,0
122,0.0,0.0059405940594059415,0.03395332316729158,1.0,-0.0,0,0
123,0.0,0.007920792079207921,0.03900537743285587,1.0,-0.0,0,0
124,0.0,0.007920792079207921,0.03900537743285587,1.0,-0.0,0,0
125,0.0,0.007920792079207921,0.03900537743285587,1.0,-0.0,0,0
126,0.0,0.007920792079207921,0.03900537743285587,1.0,-0.0,0,0
127,0.0,0.0019801980198019802,0.0198019801980198,1.0,-0.0,0,0
128,0.0,0.0,0.0,1.0,-0.0,0,0
129,0.0,0.0,0.0,1.0,-0.0,0,0
130,0.2,0.015841584158415842,0.05401260078014202,0.00032535620257014524,3.4876409094885674,0,0
131,0.2,0.015841584158415842,0.05401260078014202,0.00032535620257014524,3.4876409094885674,0,0
132,0.2,0.023762376237623766,0.06471340450838889,0.0032311212459077425,2.490646745033819,0,0
133,0.2,0.023762376237623766,0.06471340450838889,0.0032311212459077425,2.490646745033819,0,0
134,0.2,0.023762376237623766,0.06471340450838889,0.0032311212459077425,2.490646745033819,0,0
135,0.0,0.007920792079207921,0.03900537743285587,1.0,-0.0,0,0
136,0.0,0.007920792079207921,0.03900537743285587,1.0,-0.0,0,0
137,0.0,0.007920792079207921,0.03900537743285587,1.0,-0.0,0,0
138,0.0,0.007920792079207921,0.03900537743285587,1.0,-0.0,0,0
139,0.0,0.007920792079207921,0.03900537743285587,1.0,-0.0,0,0
140,0.0,0.007920792079207921,0.03900537743285587,1.0,-0.0,0,0
141,0.0,0.007920792079207921,0.03900537743285587,1.0,-0.0,0,0
142,0.0,0.0,0.0,1.0,-0.0,0,0
143,0.0,0.0,0.0,1.0,-0.0,0,0
144,0.0,0.0,0.0,1.0,-0.0,0,0
145,0.0,0.009900990099009901,0.04338396495090424,1.0,-0.0,0,0
146,0.0,0.009900990099009901,0.04338396495090424,1.0,-0.0,0,0
147,0.0,0.009900990099009901,0.04338396495090424,1.0,-0.0,0,0
148,0.0,0.009900990099009901,0.04338396495090424,1.0,-0.0,0,0
149,0.0,0.017821782178217824,0.05698017651460656,1.0,-0.0,0,0
150,0.0,0.007920792079207921,0.03900537743285587,1.0,-0.0,0,0
151,0.0,0.017821782178217824,0.05698017651460656,1.0,-0.0,0,0
152,0.0,0.017821782178217824,0.05698017651460656,1.0,-0.0,0,0
153,0.0,0.017821782178217824,0.05698017651460656,1.0,-0.0,0,0
154,0.0,0.009900990099009901,0.04338396495090424,1.0,-0.0,0,0
155,0.0,0.021782178217821784,0.07393328595086918,1.0,-0.0,0,0
156,0.0,0.011881188118811881,0.047276579747775535,1.0,-0.0,0,0
157,0.0,0.011881188118811881,0.047276579747775535,1.0,-0.0,0,0
158,0.0,0.011881188118811881,0.047276579747775535,1.0,-0.0,0,0
159,0.0,0.011881188118811881,0.047276579747775535,1.0,-0.0,0,0
160,0.0,0.0,0.0,1.0,-0.0,0,0
161,0.0,0.0,0.0,1.0,-0.0,0,0
162,0.0,0.0,0.0,1.0,-0.0,0,0
163,0.0,0.0,0.0,1.0,-0.0,0,0
164,0.0,0.0,0.0,1.0,-0.0,0,0
165,0.0,0.0,0.0,1.0,-0.0,0,0
166,0.0,0.0,0.0,1.0,-0.0,0,0
167,0.0,0.0,0.0,1.0,-0.0,0,0
168,0.0,0.0,0.0,1.0,-0.0,0,0
169,0.0,0.009900990099009901,0.04338396495090424,1.0,-0.0,0,0
170,0.0,0.009900990099009901,0.04338396495090424,1.0,-0.0,0,0
171,0.2,0.017821782178217824,0.05698017651460656,0.0006937928196726553,3.15877019915046,0,0
172,0.2,0.017821782178217824,0.05698017651460656,0.0006937928196726553,3.15877019915046,0,0
173,0.2,0.017821782178217824,0.05698017651460656,0.0006937928196726553,3.15877019915046,0,0
174,0.2,0.021782178217821784,0.062305476128919915,0.0021156164498790874,2.6745630648030145,0,0
175,0.2,0.021782178217821784,0.062305476128919915,0.0021156164498790874,2.6745630648030145,0,0
176,0.0,0.013861386138613863,0.05079507064705211,1.0,-0.0,0,0
177,0.0,0.013861386138613863,0.05079507064705211,1.0,-0.0,0,0
178,0.0,0.013861386138613863,0.05079507064705211,1.0,-0.0,0,0
179,0.0,0.0,0.0,1.0,-0.0,0,0
180,0.0,0.0,0.0,1.0,-0.0,0,0
181,0.0,0.0,0.0,1.0,-0.0,0,0
182,0.0,0.0,0.0,1.0,-0.0,0,0
183,0.0,0.0,0.0,1.0,-0.0,0,0
184,0.0,0.0,0.0,1.0,-0.0,0,0
185,0.0,0.0,0.0,1.0,-0.0,0,0
186,0.0,0.0,0.0,1.0,-0.0,0,0
187,0.0,0.0,0.0,1.0,-0.0,0,0
188,0.0,0.0,0.0,1.0,-0.0,0,0
189,0.0,0.0,0.0,1.0,-0.0,0,0
190,0.0,0.0,0.0,1.0,-0.0,0,0
191,0.0,0.009900990099009901,0.04338396495090425,1.0,-0.0,0,0
192,0.0,0.017821782178217824,0.05698017651460656,1.0,-0.0,0,0
193,0.0,0.041584158415841586,0.09467748980500532,1.0,-0.0,0,0
194,0.0,0.041584158415841586,0.09467748980500532,1.0,-0.0,0,0
195,0.0,0.0712871287128713,0.11110305060677654,1.0,-0.0,0,0
196,0.0,0.061386138613861385,0.09644194583672018,1.0,-0.0,0,0
197,0.0,0.06732673267326733,0.09451167971312256,1.0,-0.0,0,0
198,0.0,0.04356435643564357,0.08255312311158745,1.0,-0.0,0,0
199,0.0,0.04356435643564357,0.08255312311158745,1.0,-0.0,0,0
200,0.0,0.013861386138613863,0.05079507064705211,1.0,-0.0,0,0
201,0.0,0.013861386138613863,0.05079507064705211,1.0,-0.0,0,0
202,0.0,0.0,0.0,1.0,-0.0,0,0
203,0.2,0.03564356435643565,0.08626938974571076,0.028380055950301422,1.5469867526811094,0,0
204,0.4,0.1267326732673267,0.13707776871189528,0.023102246619962276,1.6363457842979243,0,0
205,0.4,0.13663366336633662,0.14605218942246156,0.035675702652787473,1.4476274644579366,0,0
206,0.4,0.14455445544554454,0.1492391578726081,0.04348038400427621,1.3617066290245252,0,0
207,0.4,0.14455445544554454,0.1492391578726081,0.04348038400427621,1.3617066290245252,0,0
208,0.2,0.10693069306930691,0.14229896414433016,0.2565428085145365,0.5908401551120017,0,0
209,0.0,0.017821782178217824,0.05698017651460656,1.0,-0.0,0,0
210,0.0,0.06930693069306931,0.12084076279122662,1.0,-0.0,0,0
211,0.0,0.061386138613861385,0.10806149425459212,1.0,-0.0,0,0
212,0.0,0.07326732673267328,0.11509022642946842,1.0,-0.0,0,0
213,0.0,0.07326732673267328,0.11509022642946842,1.0,-0.0,0,0
214,0.0,0.07326732673267328,0.11509022642946842,1.0,-0.0,0,0
215,0.0,0.011881188118811883,0.047276579747775535,1.0,-0.0,0,0
216,0.0,0.011881188118811883,0.047276579747775535,1.0,-0.0,0,1
217,0.0,0.0,0.0,1.0,-0.0,0,0
218,0.0,0.0,0.0,1.0,-0.0,0,0
219,0.0,0.025742574257425745,0.0669763743575753,1.0,-0.0,0,0
220,0.0,0.025742574257425745,0.0669763743575753,1.0,-0.0,0,1
221,0.0,0.04554455445544555,0.08846854615322249,1.0,-0.0,0,0
222,0.0,0.09306930693069305,0.12762679639066946,1.0,-0.0,0,0
223,0.2,0.1069306930693069,0.13661931335176508,0.24786267822600483,0.6057888619402982,0,0
224,0.2,0.08118811881188118,0.11999411807954947,0.1610510040644479,0.7930365632485749,0,0
225,0.2,0.11089108910891086,0.13342479626077636,0.25211189644106335,0.598406660722568,0,3
226,0.2,0.1069306930693069,0.1422989641443302,0.2565428085145365,0.5908401551120017,0,0
227,0.2,0.0594059405940594,0.10357779667819421,0.08733081746926054,1.0588324745635311,0,0
228,0.0,0.05346534653465347,0.09287951999650357,1.0,-0.0,0,0
229,0.0,0.07920792079207921,0.10928827506175545,1.0,-0.0,0,0
230,0.0,0.049504950495049514,0.09078727434730813,1.0,-0.0,0,0
231,0.0,0.033663366336633666,0.07482947971362848,1.0,-0.0,0,0
232,0.0,0.033663366336633666,0.07482947971362848,1.0,-0.0,0,0
233,0.0,0.025742574257425748,0.06697637435757531,1.0,-0.0,0,0
234,0.0,0.0,0.0,1.0,-0.0,0,0
235,0.4,0.05544554455445545,0.1019369320889802,0.0003623305243434886,3.4408950775152025,0,0
236,1.2,0.1465346534653465,0.14041265664345218,3.1283032419329696e-14,13.50469115525574,0,0
237,1.2,0.1465346534653465,0.14041265664345218,3.1283032419329696e-14,13.50469115525574,0,0
238,1.4,0.16237623762376235,0.14546033799767885,1.8823234767907803e-17,16.72530574110351,0,0
239,1.4,0.16237623762376235,0.14546033799767885,1.8823234767907803e-17,16.72530574110351,0,0
240,1.0,0.10495049504950495,0.1367053908443026,2.929574968680676e-11,10.533195383791389,0,0
241,0.2,0.015841584158415842,0.05401260078014202,0.00032535620257014524,3.4876409094885674,0,0
242,0.2,0.015841584158415842,0.05401260078014202,0.00032535620257014524,3.4876409094885674,0,0
243,0.2,0.039603960396039604,0.08452453849668534,0.028872622852877186,1.5395137620565469,0,0
244,0.4,0.04752475247524753,0.08965727859541997,4.223293025907398e-05,4.374348784755605,0,0
245,0.4,0.0712871287128713,0.10372911567294095,0.0007649411218938123,3.1163719915400883,0,0
246,0.4,0.10297029702970298,0.12464241569787102,0.008584819863444977,2.0662688132733162,0,0
247,0.4,0.11980198019801978,0.13202145188739237,0.016903450621436333,1.7720246307188683,0,0
248,0.2,0.07920792079207921,0.11285391563386142,0.1422331097238646,0.8469992946288156,0,0
249,0.0,0.0712871287128713,0.10372911567294095,1.0,-0.0,0,0
250,0.0,0.047524752475247525,0.08965727859541998,1.0,-0.0,0,0
251,0.0,0.015841584158415842,0.054012600780142014,1.0,-0.0,0,0
252,0.0,0.0,0.0,1.0,-0.0,0,0
253,0.0,0.0,0.0,1.0,-0.0,0,0
254,0.0,0.05346534653465347,0.09287951999650358,1.0,-0.0,0,0
255,0.0,0.0613861386138614,0.10046456153636296,1.0,-0.0,0,0
256,0.0,0.06336633663366337,0.10120342446875752,1.0,-0.0,0,0
257,0.0,0.06336633663366337,0.10120342446875752,1.0,-0.0,0,0
258,0.0,0.06336633663366337,0.10120342446875752,1.0,-0.0,0,0
259,0.0,0.039603960396039604,0.08452453849668534,1.0,-0.0,0,0
260,0.0,0.031683168316831684,0.07826167463512676,1.0,-0.0,0,0
261,0.0,0.0297029702970297,0.07112192077650681,1.0,-0.0,0,0
262,0.0,0.0297029702970297,0.07112192077650681,1.0,-0.0,0,0
263,0.0,0.061386138613861385,0.10433219700847123,1.0,-0.0,0,0
264,0.0,0.15643564356435644,0.15569444662458046,1.0,-0.0,0,0
265,0.0,0.1801980198019802,0.17004355992893858,1.0,-0.0,0,0
266,0.2,0.25544554455445545,0.19924374222741015,1.0,-0.0,0,0
267,0.2,0.25544554455445545,0.19924374222741015,1.0,-0.0,0,0
268,0.2,0.22376237623762377,0.2015526439603877,1.0,-0.0,0,0
269,0.2,0.1277227722772277,0.1449607744015144,0.3090311236358655,0.5099977790132678,0,0
270,0.2,0.22376237623762374,0.20926486833462024,1.0,-0.0,0,0
271,0.0,0.19405940594059407,0.17900814859389344,1.0,-0.0,0,0
272,0.0,0.22772277227722768,0.18245781385805057,1.0,-0.0,0,0
273,0.0,0.22772277227722768,0.18245781385805057,1.0,-0.0,0,0
274,0.0,0.19999999999999998,0.17349066228760007,1.0,-0.0,0,0
275,0.0,0.07920792079207921,0.1322440226302099,1.0,-0.0,0,0
276,0.0,0.033663366336633666,0.07994704648786674,1.0,-0.0,0,0
277,0.0,0.0,0.0,1.0,-0.0,0,0
278,0.0,0.009900990099009901,0.04338396495090424,1.0,-0.0,0,0
279,0.0,0.009900990099009901,0.04338396495090424,1.0,-0.0,0,0
280,0.0,0.009900990099009901,0.04338396495090424,1.0,-0.0,0,0
281,0.0,0.009900990099009901,0.04338396495090424,1.0,-0.0,0,0
282,0.0,0.009900990099009901,0.04338396495090424,1.0,-0.0,0,0
283,0.0,0.0019801980198019802,0.019801980198019802,1.0,-0.0,0,0
284,0.0,0.011881188118811883,0.047276579747775535,1.0,-0.0,0,0
285,0.0,0.011881188118811883,0.047276579747775535,1.0,-0.0,0,0
286,0.0,0.011881188118811883,0.047276579747775535,1.0,-0.0,0,0
287,0.0,0.011881188118811883,0.047276579747775535,1.0,-0.0,0,0
288,0.0,0.009900990099009901,0.04338396495090424,1.0,-0.0,0,0
289,0.0,0.033663366336633666,0.07482947971362845,1.0,-0.0,0,0
290,0.2,0.09702970297029702,0.1451905170679078,0.239097660420293,0.6214246734514683,0,0
291,0.4,0.12079207920792079,0.15435386352400063,0.035234670996593775,1.4530297793683857,0,0
292,0.6,0.21386138613861383,0.18933427036517264,0.020702348104344508,1.68398039314572,0,0
293,0.6,0.22970297029702968,0.20174709904079255,0.03321940430914381,1.4786081595899616,0,0
294,0.6,0.22178217821782176,0.1968081743835003,0.02731806349914045,1.563550089816467,0,0
295,0.4,0.1762376237623762,0.16953548350894254,0.09344159835667339,1.0294597413837905,0,0
296,0.2,0.17425742574257425,0.17499842451711448,0.4415258548359576,0.35504385995998367,0,0
297,0.0,0.08118811881188118,0.12951766673875514,1.0,-0.0,0,0
298,0.2,0.08712871287128712,0.1390657415135005,0.20849918060111988,0.6808956474581439,0,0
299,0.2,0.0613861386138614,0.10806149425459212,0.09979311443423107,1.000899423305625,0,0
300,0.2,0.04356435643564357,0.0916470215081674,0.04391693044295191,1.3573680223438196,0,0
301,0.2,0.07722772277227724,0.12576985749069639,0.16449106805243702,0.783857679482127,0,0
302,0.2,0.09108910891089109,0.13650445892763635,0.21247705206165507,0.6726879677367636,0,0
303,0.0,0.08118811881188118,0.12951766673875514,1.0,-0.0,0,0
304,0.0,0.10495049504950496,0.14238160801780242,1.0,-0.0,0,0
305,0.0,0.11089108910891088,0.14481192315867106,1.0,-0.0,0,0
306,0.0,0.05544554455445544,0.10575073206193021,1.0,-0.0,0,0
307,0.0,0.09108910891089109,0.12750384183766536,1.0,-0.0,0,0
308,0.0,0.10693069306930694,0.13661931335176508,1.0,-0.0,0,0
309,0.0,0.08316831683168316,0.12028786177019754,1.0,-0.0,0,0
310,0.0,0.09702970297029702,0.11811677855054843,1.0,-0.0,0,0
311,0.0,0.14257425742574256,0.14443233686186507,1.0,-0.0,0,0
312,0.0,0.09108910891089106,0.11781762202489916,1.0,-0.0,0,0
313,0.0,0.13069306930693067,0.14470357153619887,1.0,-0.0,0,0
314,0.0,0.22376237623762377,0.20155264396038766,1.0,-0.0,0,0
315,0.0,0.20396039603960395,0.18875348902641545,1.0,-0.0,0,0
316,0.0,0.1900990099009901,0.19574936009912708,1.0,-0.0,0,0
317,0.0,0.1900990099009901,0.19574936009912708,1.0,-0.0,0,0
318,0.0,0.12277227722772276,0.1566235242240411,1.0,-0.0,0,0
319,0.0,0.0594059405940594,0.10733330877518932,1.0,-0.0,0,0
320,0.0,0.061386138613861385,0.11166631429601336,1.0,-0.0,0,0
321,0.0,0.039603960396039604,0.08452453849668534,1.0,-0.0,0,0
322,0.0,0.039603960396039604,0.08452453849668534,1.0,-0.0,0,0
323,0.0,0.039603960396039604,0.08452453849668534,1.0,-0.0,0,0
324,0.0,0.009900990099009901,0.04338396495090424,1.0,-0.0,0,0
325,0.0,0.007920792079207921,0.03900537743285587,1.0,-0.0,0,0
326,0.0,0.007920792079207921,0.03900537743285587,1.0,-0.0,0,0
327,0.0,0.007920792079207921,0.03900537743285587,1.0,-0.0,0,0
328,0.0,0.007920792079207921,0.03900537743285587,1.0,-0.0,0,0
329,0.0,0.007920792079207921,0.03900537743285587,1.0,-0.0,0,0
330,0.0,0.007920792079207921,0.03900537743285587,1.0,-0.0,0,0
331,0.0,0.0,0.0,1.0,-0.0,0,0
332,0.0,0.0,0.0,1.0,-0.0,0,0
333,0.0,0.0,0.0,1.0,-0.0,0,0
334,0.0,0.009900990099009901,0.04338396495090424,1.0,-0.0,0,0
335,0.0,0.009900990099009901,0.04338396495090424,1.0,-0.0,0,0
336,0.0,0.009900990099009901,0.04338396495090424,1.0,-0.0,0,0
337,0.0,0.027722772277227727,0.07461957893630405,1.0,-0.0,0,0
338,0.0,0.039603960396039604,0.08452453849668534,1.0,-0.0,0,0
339,0.0,0.0297029702970297,0.07112192077650681,1.0,-0.0,0,0
340,0.0,0.05940594059405942,0.09562531855564071,1.0,-0.0,0,0
341,0.0,0.05940594059405942,0.09562531855564071,1.0,-0.0,0,0
342,0.0,0.04950495049504951,0.09078727434730813,1.0,-0.0,0,0
343,0.0,0.03762376237623762,0.08307396817189318,1.0,-0.0,0,0
344,0.0,0.03762376237623762,0.08307396817189318,1.0,-0.0,0,0
345,0.0,0.007920792079207921,0.03900537743285587,1.0,-0.0,0,0
346,0.0,0.007920792079207921,0.03900537743285587,1.0,-0.0,0,0
347,0.0,0.0,0.0,1.0,-0.0,0,0
348,0.0,0.019801980198019802,0.059735061897023205,1.0,-0.0,0,0
349,0.2,0.05148514851485149,0.10399339410297731,0.07662893002971202,1.1156072384578777,0,0
350,0.2,0.05148514851485149,0.10399339410297731,0.07662893002971202,1.1156072384578777,0,0
351,0.4,0.07326732673267328,0.12498799079651088,0.004472978287871677,2.349403209915965,0,0
352,0.4,0.09108910891089109,0.14218869759220787,0.014907409616207914,1.8265978151065667,0,0
353,0.4,0.09900990099009899,0.15318082856090073,0.02471098348983799,1.6071099694619504,0,0
354,0.2,0.06732673267326734,0.12032045569079854,0.13508613344131232,0.8693892289128148,0,0
355,0.2,0.06732673267326734,0.12032045569079854,0.13508613344131232,0.8693892289128148,0,0
356,0.0,0.0712871287128713,0.11801714396634726,1.0,-0.0,0,0
357,0.2,0.11287128712871287,0.15002532217723416,0.28070109344213096,0.5517558956129466,0,0
358,0.2,0.08514851485148514,0.130031327995105,0.1885478753020174,0.7245783571846862,0,0
359,0.2,0.13663366336633662,0.1565233492702535,0.34279891491999714,0.4649605614425486,0,0
360,0.2,0.2752475247524752,0.20069480331595924,1.0,-0.0,0,0
361,0.2,0.26534653465346536,0.1931682914575398,1.0,-0.0,0,0
362,0.0,0.2217821782178218,0.18647536422960082,1.0,-0.0,0,0
363,0.0,0.2435643564356436,0.19213023717381655,1.0,-0.0,0,0
364,0.0,0.19405940594059407,0.17224308299392185,1.0,-0.0,0,0
365,0.0,0.1089108910891089,0.14765427233510695,1.0,-0.0,0,0
366,0.0,0.09306930693069307,0.1450554183905936,1.0,-0.0,0,0
367,0.0,0.07920792079207922,0.13810372890425895,1.0,-0.0,0,0
368,0.0,0.05742574257425742,0.11375371577303026,1.0,-0.0,0,0
369,0.0,0.05742574257425742,0.11375371577303026,1.0,-0.0,0,0
370,0.0,0.061386138613861385,0.10433219700847123,1.0,-0.0,0,0
371,0.0,0.06732673267326733,0.11000352009767247,1.0,-0.0,0,0
372,0.0,0.09504950495049502,0.14513649268759363,1.0,-0.0,0,0
373,0.0,0.10693069306930691,0.14505541839059358,1.0,-0.0,0,0
374,0.0,0.11881188118811879,0.1467218499235066,1.0,-0.0,0,0
375,0.0,0.0594059405940594,0.09968089464279778,1.0,-0.0,0,0
376,0.0,0.05346534653465347,0.09704990696905226,1.0,-0.0,0,0
377,0.0,0.023762376237623766,0.06471340450838887,1.0,-0.0,0,0
378,0.0,0.017821782178217824,0.0635517090529949,1.0,-0.0,0,0
379,0.0,0.03762376237623763,0.08307396817189319,1.0,-0.0,0,0
380,0.0,0.049504950495049514,0.09078727434730813,1.0,-0.0,0,0
381,0.0,0.049504950495049514,0.09078727434730813,1.0,-0.0,0,0
382,0.2,0.10495049504950495,0.12771893462651168,0.22837520121158456,0.6413510570010156,0,0
383,0.2,0.09900990099009899,0.12467387119760154,0.20896026115900324,0.679936297622463,0,0
384,0.4,0.11287128712871286,0.14188502271424044,0.0215019683283938,1.667521782175916,0,0
385,0.4,0.10099009900990097,0.1308729634998678,0.011164216741282849,1.9521717407404269,0,0
386,0.4,0.10099009900990097,0.1308729634998678,0.011164216741282849,1.9521717407404269,0,0
387,0.4,0.09702970297029702,0.12464241569787102,0.0075345133648085875,2.122944792427417,0,0
388,0.4,0.09702970297029702,0.12464241569787102,0.0075345133648085875,2.122944792427417,0,0
389,0.2,0.11287128712871286,0.1390657415135005,0.26548402751583455,0.5759616025312939,0,0
390,0.2,0.12475247524752475,0.1430958555654627,0.29949483389408504,0.5236106645289007,0,0
391,0.2,0.12772277227722773,0.1422024855871583,0.30563207600720477,0.5148010686110489,0,0
392,0.0,0.07524752475247526,0.11205191564986226,1.0,-0.0,0,0
393,0.0,0.07524752475247526,0.11205191564986226,1.0,-0.0,0,0
394,0.0,0.013861386138613863,0.05079507064705211,1.0,-0.0,0,0
395,0.0,0.0019801980198019802,0.0198019801980198,1.0,-0.0,0,0
396,0.0,0.0,0.0,1.0,-0.0,0,0
397,0.0,0.0,0.0,1.0,-0.0,0,0
398,0.0,0.0,0.0,1.0,-0.0,0,0
399,0.0,0.0,0.0,1.0,-0.0,0,0
400,0.0,0.009900990099009901,0.04338396495090425,1.0,-0.0,0,0
401,0.0,0.06732673267326733,0.1135467024699521,1.0,-0.0,0,0
402,0.0,0.15445544554455443,0.15384494732320814,1.0,-0.0,0,0
403,0.0,0.15445544554455443,0.15384494732320814,1.0,-0.0,0,0
404,0.0,0.19009900990099005,0.16501122103762106,1.0,-0.0,0,0
405,0.0,0.21980198019801975,0.18348647776016436,1.0,-0.0,0,0
406,0.0,0.18217821782178212,0.17371653227296086,1.0,-0.0,0,0
407,0.0,0.09504950495049505,0.13670539084430264,1.0,-0.0,0,0
408,0.0,0.22376237623762374,0.2035081017928858,1.0,-0.0,0,0
409,0.0,0.1881188118811881,0.17760069168141515,1.0,-0.0,0,0
410,0.0,0.1485148514851485,0.1368773834359244,1.0,-0.0,0,0
411,0.0,0.13663366336633662,0.14331490790275034,1.0,-0.0,0,0
412,0.0,0.13663366336633662,0.14331490790275034,1.0,-0.0,0,0
413,0.0,0.007920792079207921,0.03900537743285587,1.0,-0.0,0,0
414,0.0,0.007920792079207921,0.03900537743285587,1.0,-0.0,0,0
415,0.0,0.007920792079207921,0.03900537743285587,1.0,-0.0,0,0
416,0.0,0.0,0.0,1.0,-0.0,0,0
417,0.0,0.0,0.0,1.0,-0.0,0,0
418,0.0,0.0,0.0,1.0,-0.0,0,0
419,0.0,0.02772277227722773,0.06910862719451544,1.0,-0.0,0,0
420,0.0,0.02772277227722773,0.06910862719451544,1.0,-0.0,0,0
421,0.0,0.02772277227722773,0.06910862719451544,1.0,-0.0,0,0
422,0.0,0.02772277227722773,0.06910862719451544,1.0,-0.0,0,0
423,0.0,0.02772277227722773,0.06910862719451544,1.0,-0.0,0,0
424,0.0,0.0,0.0,1.0,-0.0,0,0
425,0.0,0.0,0.0,1.0,-0.0,0,0
426,0.0,0.1564356435643564,0.16314716771521567,1.0,-0.0,0,0
427,0.0,0.24554455445544554,0.20271657650803535,1.0,-0.0,0,0
428,0.0,0.24554455445544554,0.20271657650803535,1.0,-0.0,0,0
429,0.0,0.34158415841584167,0.23091180723241772,1.0,-0.0,0,0
430,0.0,0.34158415841584167,0.23091180723241772,1.0,-0.0,0,0
431,0.0,0.21188118811881182,0.1841690617597849,1.0,-0.0,0,0
432,0.0,0.12079207920792079,0.15435386352400063,1.0,-0.0,0,0
433,0.0,0.12079207920792079,0.15435386352400063,1.0,-0.0,0,0
434,0.0,0.025742574257425745,0.06697637435757531,1.0,-0.0,0,0
435,0.0,0.041584158415841586,0.08590499787518362,1.0,-0.0,0,0
436,0.0,0.033663366336633666,0.07482947971362847,1.0,-0.0,0,0
437,0.0,0.033663366336633666,0.07482947971362847,1.0,-0.0,0,0
438,0.0,0.033663366336633666,0.07482947971362847,1.0,-0.0,0,0
439,0.0,0.033663366336633666,0.07482947971362847,1.0,-0.0,0,0
440,0.0,0.05346534653465346,0.08851285797476045,1.0,-0.0,0,0
441,0.0,0.03564356435643564,0.07653920035678292,1.0,-0.0,0,0
442,0.0,0.03564356435643564,0.07653920035678292,1.0,-0.0,0,0
443,0.0,0.03564356435643564,0.07653920035678292,1.0,-0.0,0,0
444,0.2,0.1168316831683168,0.14146987009498416,0.2783040255967508,0.5554805116616061,0,0
445,0.2,0.08118811881188118,0.1264228887090089,0.17366078882092117,0.7602982306092326,0,0
446,0.2,0.08118811881188118,0.1264228887090089,0.17366078882092117,0.7602982306092326,0,0
447,0.2,0.08118811881188118,0.1264228887090089,0.17366078882092117,0.7602982306092326,0,0
448,0.2,0.08118811881188118,0.1264228887090089,0.17366078882092117,0.7602982306092326,0,0
449,0.0,0.015841584158415842,0.054012600780142014,1.0,-0.0,0,0
450,0.0,0.049504950495049514,0.08631483056516186,1.0,-0.0,0,0
451,0.0,0.049504950495049514,0.08631483056516186,1.0,-0.0,0,0
452,0.0,0.05544554455445545,0.08952597667688965,1.0,-0.0,0,0
453,0.0,0.08712871287128712,0.11402914890208296,1.0,-0.0,0,0
454,0.0,0.1188118811881188,0.15460769343321298,1.0,-0.0,0,0
455,0.0,0.08514851485148513,0.13304219431477882,1.0,-0.0,0,0
456,0.0,0.1306930693069307,0.17448230314384702,1.0,-0.0,0,0
457,0.0,0.13465346534653463,0.17823982262440538,1.0,-0.0,0,0
458,0.0,0.10297029702970295,0.14789308791950762,1.0,-0.0,0,0
459,0.0,0.05544554455445545,0.09797478714338996,1.0,-0.0,0,0
460,0.0,0.05544554455445545,0.09797478714338996,1.0,-0.0,0,0
461,0.0,0.009900990099009901,0.04338396495090425,1.0,-0.0,0,0
462,0.2,0.07128712871287128,0.12454800153280307,0.1506990467085107,0.8218894949351553,0,0
463,0.2,0.12475247524752475,0.1511709677939985,0.309325058474165,0.5095848963038501,0,0
464,0.2,0.15643564356435644,0.17933642348653622,0.40403378861638106,0.393582314107119,0,0
465,0.2,0.1722772277227723,0.1802741651760957,0.4388911401731174,0.3576431861013987,0,0
466,0.2,0.1722772277227723,0.1802741651760957,0.4388911401731174,0.3576431861013987,0,0
467,0.0,0.09900990099009899,0.13679141417164786,1.0,-0.0,0,0
468,0.0,0.04554455445544556,0.09283729243351323,1.0,-0.0,0,0
469,0.0,0.015841584158415842,0.054012600780142014,1.0,-0.0,0,0
470,0.0,0.0,0.0,1.0,-0.0,0,0
471,0.0,0.0,0.0,1.0,-0.0,0,0
472,0.0,0.0,0.0,1.0,-0.0,0,0
473,0.0,0.0,0.0,1.0,-0.0,0,0
474,0.0,0.0,0.0,1.0,-0.0,0,0
475,0.0,0.0,0.0,1.0,-0.0,0,0
476,0.0,0.0,0.0,1.0,-0.0,0,0
477,0.0,0.0,0.0,1.0,-0.0,0,0
478,0.0,0.0,0.0,1.0,-0.0,0,0
479,0.0,0.0,0.0,1.0,-0.0,0,0
480,0.0,0.0,0.0,1.0,-0.0,0,0
481,0.0,0.0,0.0,1.0,-0.0,0,0
482,0.0,0.0,0.0,1.0,-0.0,0,0
483,0.0,0.0,0.0,1.0,-0.0,0,0
484,0.0,0.0,0.0,1.0,-0.0,0,0
485,0.0,0.0,0.0,1.0,-0.0,0,0
486,0.0,0.0,0.0,1.0,-0.0,0,0
487,0.0,0.05346534653465347,0.08851285797476045,1.0,-0.0,0,0
488,0.0,0.05544554455445545,0.09384550979067555,1.0,-0.0,0,0
489,0.0,0.05544554455445545,0.09384550979067555,1.0,-0.0,0,0
490,0.0,0.05544554455445545,0.09384550979067555,1.0,-0.0,0,0
491,0.0,0.08316831683168316,0.11351216354824961,1.0,-0.0,0,0
492,0.0,0.08712871287128712,0.127165103825761,1.0,-0.0,0,0
493,0.0,0.1782178217821782,0.17777723316802724,1.0,-0.0,0,0
494,0.0,0.1782178217821782,0.17777723316802724,1.0,-0.0,0,0
495,0.0,0.21386138613861383,0.1955088324308512,1.0,-0.0,0,0
496,0.0,0.1861386138613861,0.1914145896807061,1.0,-0.0,0,0
497,0.0,0.17227722772277226,0.19300582861007848,1.0,-0.0,0,0
498,0.0,0.1069306930693069,0.13661931335176508,1.0,-0.0,0,0
499,0.0,0.1584158415841584,0.17647108799335678,1.0,-0.0,0,0
500,0.0,0.12079207920792079,0.15435386352400063,1.0,-0.0,0,0
501,0.0,0.12079207920792079,0.15435386352400063,1.0,-0.0,0,0
502,0.0,0.07722772277227724,0.12576985749069639,1.0,-0.0,0,0
503,0.0,0.04950495049504951,0.09504950495049506,1.0,-0.0,0,0
504,0.0,0.0,0.0,1.0,-0.0,0,0
505,0.0,0.0,0.0,1.0,-0.0,0,0
506,0.4,0.04356435643564357,0.08255312311158745,7.884896149188503e-06,5.103204022326377,0,0
507,0.4,0.04356435643564357,0.08255312311158745,7.884896149188503e-06,5.103204022326377,0,0
508,0.4,0.1485148514851485,0.14529850556708232,0.04174218907098087,1.379424779120148,0,0
509,0.4,0.1861386138613861,0.16230377518610828,0.09380854535566992,1.0277575983823968,0,0
510,0.4,0.2910891089108911,0.23297431545894154,0.32007815977314835,0.4947439585131649,0,0
511,0.0,0.24752475247524755,0.23403226459713516,1.0,-0.0,0,0
512,0.0,0.24752475247524755,0.23403226459713516,1.0,-0.0,0,0
513,0.0,0.16831683168316827,0.1964691763138608,1.0,-0.0,0,0
514,0.0,0.12871287128712872,0.1702279390125739,1.0,-0.0,0,0
515,0.0,0.023762376237623766,0.06471340450838887,1.0,-0.0,0,0
516,0.0,0.0297029702970297,0.07112192077650681,1.0,-0.0,0,0
517,0.0,0.07326732673267328,0.11509022642946842,1.0,-0.0,0,0
518,0.0,0.049504950495049514,0.09078727434730813,1.0,-0.0,0,0
519,0.0,0.049504950495049514,0.09078727434730813,1.0,-0.0,0,0
520,0.0,0.08316831683168316,0.12670172889541698,1.0,-0.0,0,0
521,0.0,0.07722772277227724,0.1257698574906964,1.0,-0.0,0,0
522,0.0,0.033663366336633666,0.08475617647141663,1.0,-0.0,0,0
523,0.0,0.033663366336633666,0.08475617647141663,1.0,-0.0,0,0
524,0.0,0.033663366336633666,0.08475617647141663,1.0,-0.0,0,0
525,0.0,0.0396039603960396,0.09757374253271223,1.0,-0.0,0,0
526,0.0,0.0396039603960396,0.09757374253271223,1.0,-0.0,0,0
527,0.0,0.07326732673267328,0.12498799079651089,1.0,-0.0,0,0
528,0.2,0.15643564356435644,0.18153135265530043,0.4051718932502155,0.392360689248854,0,0
529,0.2,0.16237623762376235,0.1817688038394126,0.41801004214703774,0.37881328474013737,0,0
530,0.2,0.12079207920792076,0.14372473118118065,0.29077964999389455,0.5364359905386118,0,0
531,0.2,0.1267326732673267,0.1427391785420998,0.30387244129620905,0.5173086850325755,0,0
532,0.2,0.09108910891089106,0.12750384183766536,0.19650337127395107,0.7066299943312295,0,0
533,0.0,0.025742574257425748,0.06697637435757531,1.0,-0.0,0,0
534,0.0,0.03762376237623763,0.08307396817189319,1.0,-0.0,0,0
535,0.0,0.03762376237623763,0.08307396817189319,1.0,-0.0,0,0
536,0.0,0.033663366336633666,0.07994704648786674,1.0,-0.0,0,0
537,0.0,0.033663366336633666,0.07994704648786674,1.0,-0.0,0,0
538,0.2,0.04554455445544555,0.08387254884969257,0.03277054107653563,1.4845163878939818,0,0
539,0.2,0.027722772277227727,0.06910862719451544,0.0063361735559086295,2.1981729353735644,0,0
540,0.2,0.027722772277227727,0.06910862719451544,0.0063361735559086295,2.1981729353735644,0,0
541,0.2,0.05346534653465347,0.09704990696905226,0.0655357875709919,1.1835214771048093,0,0
542,0.2,0.07524752475247524,0.1189108498693262,0.14706004433802256,0.8325053074261877,0,0
543,0.0,0.04752475247524753,0.08965727859541997,1.0,-0.0,0,0
544,0.0,0.04752475247524753,0.08965727859541997,1.0,-0.0,0,0
545,0.0,0.09504950495049505,0.12771893462651168,1.0,-0.0,0,0
546,0.0,0.07326732673267328,0.11848138852793338,1.0,-0.0,0,0
547,0.0,0.05148514851485149,0.10011267057239237,1.0,-0.0,0,0
548,0.0,0.07326732673267328,0.11848138852793338,1.0,-0.0,0,0
549,0.0,0.07326732673267328,0.11848138852793338,1.0,-0.0,0,0
550,0.0,0.08118811881188118,0.12325042629382527,1.0,-0.0,0,0
551,0.0,0.07722772277227724,0.11593886073904515,1.0,-0.0,0,0
552,0.0,0.07722772277227724,0.11593886073904515,1.0,-0.0,0,0
553,0.0,0.05544554455445545,0.09797478714338996,1.0,-0.0,0,0
554,0.0,0.05544554455445545,0.09797478714338996,1.0,-0.0,0,0
555,0.0,0.0,0.0,1.0,-0.0,0,0
556,0.0,0.0,0.0,1.0,-0.0,0,0
557,0.0,0.11683168316831682,0.149632756335149,1.0,-0.0,0,0
558,0.0,0.11683168316831682,0.149632756335149,1.0,-0.0,0,0
559,0.0,0.30693069306930687,0.22961760107034876,1.0,-0.0,0,0
560,0.0,0.30693069306930687,0.22961760107034876,1.0,-0.0,0,0
561,0.0,0.30693069306930687,0.22961760107034876,1.0,-0.0,0,0
562,0.0,0.1900990099009901,0.18535753542711383,1.0,-0.0,0,0
563,0.0,0.19801980198019803,0.19395834911660806,1.0,-0.0,0,0
564,0.0,0.007920792079207921,0.03900537743285587,1.0,-0.0,0,0
