,foreground,bg_means,bg_stdev,pvals,minus_logs,regs,active
2,0.0,0.3841584158415842,0.22459321788131212,1.0,-0.0,0,0
3,0.0,0.3841584158415842,0.22459321788131212,1.0,-0.0,0,0
4,0.0,0.3841584158415842,0.22459321788131212,1.0,-0.0,0,0
5,0.0,0.3841584158415842,0.22459321788131212,1.0,-0.0,0,0
6,0.0,0.3841584158415842,0.22459321788131212,1.0,-0.0,0,0
7,0.0,0.0,0.0,1.0,-0.0,0,0
8,0.0,0.0,0.0,1.0,-0.0,0,0
9,0.0,0.011881188118811883,0.047276579747775535,1.0,-0.0,0,0
10,0.0,0.09702970297029702,0.13084299831035082,1.0,-0.0,0,0
11,0.0,0.09702970297029702,0.13084299831035082,1.0,-0.0,0,0
12,0.0,0.09702970297029702,0.13084299831035082,1.0,-0.0,0,0
13,0.0,0.09702970297029702,0.13084299831035082,1.0,-0.0,0,0
14,0.0,0.1584158415841584,0.15749733722889644,1.0,-0.0,0,0
15,0.0,0.0712871287128713,0.11461224656227947,1.0,-0.0,0,0
16,0.0,0.0712871287128713,0.11461224656227947,1.0,-0.0,0,0
17,0.0,0.0712871287128713,0.11461224656227947,1.0,-0.0,0,0
18,0.0,0.0712871287128713,0.11461224656227947,1.0,-0.0,0,0
19,0.0,0.0,0.0,1.0,-0.0,0,0
20,0.0,0.007920792079207921,0.03900537743285587,1.0,-0.0,0,0
21,1.0,0.2396039603960396,0.18672752846140644,2.328333344648554e-05,4.63295484215888,0,0
22,1.0,0.2396039603960396,0.18672752846140644,2.328333344648554e-05,4.63295484215888,0,0
23,1.2,0.3445544554455445,0.21083297670029566,2.4805070769539585e-05,4.6054595295720935,0,0
24,1.2,0.36237623762376237,0.21565074677325916,5.1340414745269615e-05,4.289540627272397,0,0
25,1.2,0.35445544554455444,0.21595963707735685,4.514785021896864e-05,4.345362924426159,0,0
26,0.2,0.1207920792079208,0.15689867556071532,0.30683741484731875,0.5130916849088121,0,0
27,0.4,0.28316831683168314,0.24739006236422048,0.31837168734438137,0.49706556083646436,0,0
28,0.4,0.2811881188118812,0.24564035180135774,0.31430569155923793,0.5026477545522893,0,0
29,0.8,0.6,0.3294159247594878,0.2718805992517127,0.5656217815207584,0,0
30,0.8,0.6,0.3294159247594878,0.2718805992517127,0.5656217815207584,0,0
31,0.8,0.6,0.3294159247594878,0.2718805992517127,0.5656217815207584,0,0
32,0.6,0.4376237623762377,0.2824403854206009,0.2826779562766139,0.5487080572363219,0,0
33,0.4,0.3346534653465348,0.23898947471101076,0.3922619219554508,0.4064238480959438,0,0
34,0.0,0.0,0.0,1.0,-0.0,0,0
35,0.0,0.007920792079207921,0.03900537743285587,1.0,-0.0,0,0
36,0.0,0.007920792079207921,0.03900537743285587,1.0,-0.0,0,0
37,0.0,0.007920792079207921,0.03900537743285587,1.0,-0.0,0,0
38,0.0,0.007920792079207921,0.03900537743285587,1.0,-0.0,0,0
39,0.0,0.007920792079207921,0.03900537743285587,1.0,-0.0,0,0
40,0.0,0.0,0.0,1.0,-0.0,0,0
41,0.0,0.0,0.0,1.0,-0.0,0,0
42,0.0,0.013861386138613863,0.05079507064705211,1.0,-0.0,0,0
43,0.0,0.013861386138613863,0.05079507064705211,1.0,-0.0,0,0
44,0.2,0.1881188118811881,0.2026004841572858,0.47661805743543056,0.3218295077386081,0,0
45,0.2,0.1881188118811881,0.2026004841572858,0.47661805743543056,0.3218295077386081,0,0
46,0.2,0.1881188118811881,0.2026004841572858,0.47661805743543056,0.3218295077386081,0,0
47,0.2,0.22178217821782176,0.2284705758709854,1.0,-0.0,0,0
48,0.2,0.22178217821782176,0.2284705758709854,1.0,-0.0,0,0
49,0.2,0.3267326732673268,0.24000457467129804,1.0,-0.0,0,0
50,0.4,0.3762376237623763,0.24742176075148156,0.46174441749704576,0.33559834648844433,0,0
51,0.4,0.3762376237623763,0.24742176075148156,0.46174441749704576,0.33559834648844433,0,0
52,0.4,0.6297029702970298,0.33107821290517475,1.0,-0.0,0,0
53,0.6,0.6376237623762376,0.3254399870604774,1.0,-0.0,0,0
54,0.6,0.3940594059405941,0.2646955217664467,0.21827617908729957,0.6609936571237524,0,0
55,0.4,0.3455445544554456,0.24354020648204344,0.41153451289409015,0.385593737290272,0,0
56,0.4,0.36435643564356446,0.2459912895567451,0.44239583359299467,0.3541889717939827,0,0
57,0.8,0.2851485148514851,0.2239988236416518,0.01076791899642102,1.9678682201650173,0,0
58,0.6,0.27722772277227725,0.2215522145813563,0.07257644435941212,1.1392043124224929,0,0
59,0.4,0.35049504950495053,0.2476118658588608,0.42076780563312965,0.3759574969217253,0,0
60,0.4,0.35049504950495053,0.2476118658588608,0.42076780563312965,0.3759574969217253,0,0
61,0.4,0.4178217821782178,0.27009204137231707,1.0,-0.0,0,0
62,0.2,0.36039603960396055,0.22164069037042733,1.0,-0.0,0,0
63,0.4,0.4712871287128713,0.2542068362119796,1.0,-0.0,0,0
64,0.4,0.3643564356435644,0.242749986862922,0.4416321532440519,0.35493931510646703,0,0
65,0.6,0.5524752475247525,0.3046159924440303,0.43801048446569574,0.3585154938541169,0,0
66,0.8,1.0,0.4230956168410387,1.0,-0.0,0,0
67,0.6,0.8772277227722771,0.3603851592308209,1.0,-0.0,0,0
68,0.6,1.1287128712871286,0.47644239232111435,1.0,-0.0,0,0
69,0.6,1.2039603960396041,0.48663744043335416,1.0,-0.0,0,0
70,0.4,1.035643564356436,0.48371175411854933,1.0,-0.0,0,0
71,0.2,0.500990099009901,0.3204251660383174,1.0,-0.0,0,0
72,0.2,0.45742574257425744,0.3035586082525919,1.0,-0.0,0,0
73,0.0,0.09306930693069307,0.13069306930693073,1.0,-0.0,0,0
74,0.0,0.039603960396039604,0.08452453849668534,1.0,-0.0,0,0
75,0.0,0.039603960396039604,0.07970143286137865,1.0,-0.0,0,0
76,0.0,0.039603960396039604,0.07970143286137865,1.0,-0.0,0,0
77,0.0,0.039603960396039604,0.07970143286137865,1.0,-0.0,0,0
78,0.0,0.07524752475247526,0.10089298378500594,1.0,-0.0,0,0
79,0.2,0.31683168316831684,0.2238587368089122,1.0,-0.0,0,0
80,0.4,0.5029702970297031,0.2919566784439613,1.0,-0.0,0,0
81,0.4,0.5029702970297031,0.2919566784439613,1.0,-0.0,0,0
82,0.4,0.5029702970297031,0.2919566784439613,1.0,-0.0,0,0
83,0.4,0.4673267326732674,0.2846254829121734,1.0,-0.0,0,0
84,0.2,0.20594059405940587,0.18337959449964714,1.0,-0.0,0,0
85,0.0,0.0,0.0,1.0,-0.0,0,0
86,0.0,0.0,0.0,1.0,-0.0,0,0
87,0.0,0.0,0.0,1.0,-0.0,0,0
88,0.0,0.0,0.0,1.0,-0.0,0,0
89,0.0,0.0,0.0,1.0,-0.0,0,0
90,0.0,0.0,0.0,1.0,-0.0,0,0
91,0.0,0.0,0.0,1.0,-0.0,0,0
92,0.0,0.007920792079207921,0.03900537743285587,1.0,-0.0,0,0
93,0.2,0.15247524752475247,0.15957496727054085,0.38291994993344347,0.41689200654260716,0,0
94,0.4,0.2079207920792079,0.1822212605200371,0.14591884794694066,0.835888607827759,0,0
95,0.4,0.2079207920792079,0.1822212605200371,0.14591884794694066,0.835888607827759,0,0
96,0.4,0.2396039603960396,0.18883656715060815,0.19783194012654948,0.7037035898830486,0,0
97,0.4,0.23168316831683167,0.18397734097959503,0.18012782619264678,0.7444191920752904,0,0
98,0.2,0.09702970297029703,0.12778032320714203,0.2101680035868298,0.6774334011688354,0,0
99,0.0,0.2653465346534653,0.22357829982213775,1.0,-0.0,0,0
100,0.0,0.42376237623762375,0.2458158833058649,1.0,-0.0,0,0
101,0.8,0.8732673267326733,0.38969170071445575,1.0,-0.0,0,0
102,0.8,0.8732673267326733,0.38969170071445575,1.0,-0.0,0,0
103,0.8,0.8633663366336636,0.3878661533650284,1.0,-0.0,0,0
104,0.8,0.7524752475247525,0.38295207140225185,0.45061763514629066,0.34619181594806625,0,0
105,1.2,1.0178217821782178,0.45389317878038055,0.34407458623164894,0.4633474037143054,0,0
106,0.4,0.5346534653465347,0.3071541824473859,1.0,-0.0,0,0
107,0.6,0.7475247524752472,0.3556040905126025,1.0,-0.0,0,0
108,0.6,0.7475247524752472,0.3556040905126025,1.0,-0.0,0,0
109,0.6,0.6356435643564355,0.32868901261380484,1.0,-0.0,0,0
110,0.2,0.21188118811881188,0.2121493629977959,1.0,-0.0,0,0
111,0.4,0.2871287128712871,0.2444081014750946,0.3221070556347049,0.49199976201775636,0,0
112,0.4,0.20396039603960395,0.18875348902641548,0.14949511911524138,0.8253729864427017,0,0
113,0.4,0.20396039603960395,0.18875348902641548,0.14949511911524138,0.8253729864427017,0,0
114,0.4,0.20396039603960395,0.18875348902641548,0.14949511911524138,0.8253729864427017,0,0
115,0.8,0.4415841584158416,0.3074221552380739,0.12183247015239486,0.9142369503837567,0,0
116,0.8,0.6415841584158416,0.3518740004949097,0.32628089850401576,0.48640835041416175,0,0
117,1.2,0.9267326732673267,0.40071497712570425,0.24763548256963241,0.6061871270988662,0,0
118,1.2,0.9267326732673267,0.40071497712570425,0.24763548256963241,0.6061871270988662,0,0
119,1.2,0.9267326732673267,0.40071497712570425,0.24763548256963241,0.6061871270988662,0,0
120,0.8,0.6881188118811881,0.3237426947722379,0.3648266497632233,0.4379134449533254,0,0
121,0.6,0.48316831683168315,0.2775669777098651,0.3369091298949784,0.4724872199203805,0,0
122,0.0,0.0712871287128713,0.10747934055534186,1.0,-0.0,0,0
123,0.0,0.0712871287128713,0.10747934055534186,1.0,-0.0,0,0
124,0.0,0.22772277227722768,0.18885733097134833,1.0,-0.0,0,0
125,0.6,0.5386138613861386,0.3079701338964842,0.4210042727490683,0.3757134965112995,0,0
126,0.6,0.4673267326732673,0.3047832896367513,0.33167103116498176,0.4792924590038976,0,0
127,1.0,0.6851485148514851,0.32862935835232626,0.16901253741416444,0.7720810780618858,0,0
128,2.2,1.3346534653465347,0.48674217941397335,0.03771560535354193,1.4234789172575162,0,0
129,2.2,1.1782178217821784,0.4666297874056748,0.01427277249405199,1.8454916567442305,0,0
130,1.6,0.9128712871287128,0.4381923639104548,0.05842909343404423,1.233370852003038,0,0
131,2.2,1.4198019801980202,0.5660388332863373,0.08404806419138623,1.0754722848500973,0,0
132,2.0,1.2752475247524753,0.5448963823006795,0.0917469562564814,1.0374083347373575,0,0
133,0.8,0.6277227722772276,0.33065156554635433,0.3011752091008171,0.5211807794627801,0,0
134,0.8,0.6376237623762375,0.3350340562409888,0.31396022100259524,0.5031253738804498,0,0
135,0.8,0.5900990099009901,0.32624626259990447,0.25998811304657315,0.5850465080149297,0,0
136,0.2,0.08316831683168317,0.12670172889541695,0.17823816947726295,0.748999286728571,0,0
137,0.0,0.021782178217821784,0.06230547612891991,1.0,-0.0,0,0
138,0.0,0.021782178217821784,0.06230547612891991,1.0,-0.0,0,0
139,0.0,0.011881188118811883,0.047276579747775535,1.0,-0.0,0,0
140,0.0,0.011881188118811883,0.047276579747775535,1.0,-0.0,0,0
141,0.0,0.011881188118811883,0.047276579747775535,1.0,-0.0,0,0
142,0.0,0.2079207920792079,0.19482572477225887,1.0,-0.0,0,0
143,0.0,0.2079207920792079,0.19482572477225887,1.0,-0.0,0,0
144,0.0,0.2079207920792079,0.19482572477225887,1.0,-0.0,0,0
145,0.0,0.2079207920792079,0.19482572477225887,1.0,-0.0,0,0
146,0.0,0.2079207920792079,0.19482572477225887,1.0,-0.0,0,0
147,0.0,0.03960396039603961,0.07970143286137867,1.0,-0.0,0,0
148,0.0,0.19207920792079203,0.177821341153613,1.0,-0.0,0,0
149,0.0,0.19207920792079203,0.177821341153613,1.0,-0.0,0,0
150,0.2,0.33663366336633666,0.2500387186956768,1.0,-0.0,0,0
151,0.2,0.33663366336633666,0.2500387186956768,1.0,-0.0,0,0
152,0.2,0.3841584158415841,0.23993921394713635,1.0,-0.0,0,0
153,0.2,0.27722772277227725,0.19894831814029956,1.0,-0.0,0,0
154,0.2,0.5366336633663366,0.2977548903181305,1.0,-0.0,0,0
155,0.0,0.3920792079207921,0.27707209210087325,1.0,-0.0,0,0
156,0.0,0.49702970297029697,0.28230151900509687,1.0,-0.0,0,0
157,1.2,0.7188118811881188,0.347184680300089,0.08287778257183716,1.0815618771656614,0,0
158,1.6,0.776237623762376,0.3585306965472143,0.010792104249763854,1.966893868110197,0,0
159,1.8,0.9940594059405939,0.44539931626168866,0.03518832997382035,1.4536013441442068,0,0
160,1.8,0.9940594059405939,0.44539931626168866,0.03518832997382035,1.4536013441442068,0,0
161,1.8,0.8950495049504951,0.4084203420094078,0.013354891232543605,1.8743596446922888,0,0
162,0.6,0.5861386138613862,0.30734561542480304,0.4820136724899479,0.3169406426683655,0,0
163,0.2,0.4831683168316832,0.29419105630531706,1.0,-0.0,0,0
164,0.0,0.007920792079207921,0.03900537743285587,1.0,-0.0,0,0
165,0.0,0.007920792079207921,0.03900537743285587,1.0,-0.0,0,0
166,0.0,0.0,0.0,1.0,-0.0,0,0
167,0.0,0.19603960396039602,0.1823503276549915,1.0,-0.0,0,0
168,0.0,0.19603960396039602,0.1823503276549915,1.0,-0.0,0,0
169,0.0,0.2217821782178218,0.19478546736408614,1.0,-0.0,0,0
170,0.2,0.2891089108910891,0.22245301655419594,1.0,-0.0,0,0
171,0.2,0.5980198019801981,0.32517480387205294,1.0,-0.0,0,0
172,0.2,0.4811881188118813,0.2900026873508564,1.0,-0.0,0,0
173,0.2,0.8257425742574257,0.3454523409540032,1.0,-0.0,0,0
174,0.2,0.7999999999999998,0.34122667475500273,1.0,-0.0,0,0
175,0.0,0.8455445544554456,0.37111679261045943,1.0,-0.0,0,0
176,0.0,0.5386138613861386,0.32303336339651967,1.0,-0.0,0,0
177,0.0,0.45742574257425744,0.29696368903394005,1.0,-0.0,0,0
178,0.0,0.11485148514851483,0.0988910177361091,1.0,-0.0,0,0
179,0.2,0.19999999999999996,5.551115123125783e-17,0.15865525393145707,0.7995455414919704,0,0
180,0.4,0.2910891089108911,0.21345763133800974,0.3049477875277046,0.5157745132096903,0,0
181,0.4,0.2910891089108911,0.21345763133800974,0.3049477875277046,0.5157745132096903,0,0
182,0.4,0.2910891089108911,0.21345763133800974,0.3049477875277046,0.5157745132096903,0,0
183,0.4,0.33663366336633677,0.23535217860833302,0.39387231065564515,0.4046445491531408,0,0
184,0.2,0.2514851485148515,0.20421977163332658,1.0,-0.0,0,0
185,0.4,0.39603960396039617,0.26844649966800005,0.4941146108540772,0.3061723039339297,0,0
186,0.4,0.43762376237623773,0.27534010836951023,1.0,-0.0,0,0
187,0.4,0.8376237623762375,0.377288786928899,1.0,-0.0,0,0
188,0.4,0.8356435643564356,0.3759039687815377,1.0,-0.0,0,0
189,0.6,1.0237623762376238,0.4317013348888889,1.0,-0.0,0,0
190,0.2,0.6732673267326733,0.3644855561138547,1.0,-0.0,0,0
191,0.2,0.6316831683168317,0.35121590580292866,1.0,-0.0,0,0
