,foreground,bg_means,bg_stdev,pvals,minus_logs,regs,active
2,0.2,0.15841584158415842,0.18307998940714804,0.4101587792982695,0.38704798809938745,0,0
3,0.2,0.15841584158415842,0.18307998940714804,0.4101587792982695,0.38704798809938745,0,0
4,0.2,0.15841584158415842,0.18307998940714804,0.4101587792982695,0.38704798809938745,1,0
5,0.2,0.15841584158415842,0.18307998940714804,0.4101587792982695,0.38704798809938745,0,0
6,0.0,0.0,0.0,1.0,-0.0,0,0
7,0.0,0.0,0.0,1.0,-0.0,0,0
8,0.0,0.0,0.0,1.0,-0.0,0,0
9,0.0,0.0,0.0,1.0,-0.0,0,0
10,0.0,0.0,0.0,1.0,-0.0,0,0
11,0.0,0.0,0.0,1.0,-0.0,0,0
12,0.0,0.0,0.0,1.0,-0.0,0,0
13,0.0,0.0,0.0,1.0,-0.0,0,0
14,0.0,0.0,0.0,1.0,-0.0,0,0
15,0.0,0.04752475247524753,0.09397077637785879,1.0,-0.0,0,0
16,0.2,0.17029702970297025,0.17436990069505992,0.4323695705776101,0.3641448785375445,0,0
17,0.2,0.17029702970297025,0.17436990069505992,0.4323695705776101,0.3641448785375445,0,0
18,0.2,0.17029702970297025,0.17436990069505992,0.4323695705776101,0.3641448785375445,0,0
19,0.2,0.17029702970297025,0.17436990069505992,0.4323695705776101,0.3641448785375445,0,0
20,0.2,0.12277227722772274,0.13191745702927898,0.2791311303144557,0.5541917257834535,0,0
21,0.0,0.0,0.0,1.0,-0.0,0,0
22,0.0,0.0,0.0,1.0,-0.0,0,0
23,0.0,0.0,0.0,1.0,-0.0,0,0
24,0.0,0.0,0.0,1.0,-0.0,0,0
25,0.0,0.0,0.0,1.0,-0.0,0,0
26,0.0,0.0,0.0,1.0,-0.0,0,0
27,0.0,0.0,0.0,1.0,-0.0,0,0
28,0.0,0.0,0.0,1.0,-0.0,0,0
29,0.0,0.0,0.0,1.0,-0.0,0,0
30,0.0,0.0,0.0,1.0,-0.0,0,0
31,0.0,0.0,0.0,1.0,-0.0,0,0
32,0.0,0.0,0.0,1.0,-0.0,0,0
33,0.0,0.0,0.0,1.0,-0.0,0,0
34,0.0,0.0,0.0,1.0,-0.0,0,0
35,0.0,0.0,0.0,1.0,-0.0,0,0
36,0.0,0.0,0.0,1.0,-0.0,0,0
37,0.0,0.0,0.0,1.0,-0.0,0,0
38,0.0,0.05148514851485149,0.08744317689433512,1.0,-0.0,0,0
39,0.0,0.05148514851485149,0.08744317689433512,1.0,-0.0,0,0
40,0.0,0.08118811881188118,0.11320083903331847,1.0,-0.0,0,0
41,0.0,0.08118811881188118,0.11320083903331847,1.0,-0.0,0,0
42,0.0,0.08118811881188118,0.11320083903331847,1.0,-0.0,0,0
43,0.0,0.0297029702970297,0.07112192077650681,1.0,-0.0,0,0
44,0.0,0.0297029702970297,0.07112192077650681,1.0,-0.0,0,0
45,0.0,0.0,0.0,1.0,-0.0,0,0
46,0.0,0.0,0.0,1.0,-0.0,0,0
47,0.0,0.0,0.0,1.0,-0.0,0,0
48,0.0,0.0,0.0,1.0,-0.0,0,0
49,0.0,0.0,0.0,1.0,-0.0,0,0
50,0.0,0.0,0.0,1.0,-0.0,0,0
51,0.0,0.0,0.0,1.0,-0.0,0,0
52,0.0,0.0,0.0,1.0,-0.0,0,0
53,0.0,0.0,0.0,1.0,-0.0,0,0
54,0.0,0.049504950495049514,0.08631483056516186,1.0,-0.0,0,0
55,0.0,0.049504950495049514,0.08631483056516186,1.0,-0.0,0,0
56,0.0,0.13069306930693067,0.1419402846531281,1.0,-0.0,0,0
57,0.4,0.3405940594059407,0.22078985924382347,0.39394137029792364,0.4045684087601375,0,0
58,0.4,0.3405940594059407,0.22078985924382347,0.39394137029792364,0.4045684087601375,0,0
59,0.4,0.2891089108910891,0.1959495742867799,0.2857252863524996,0.5440513233645132,0,0
60,0.4,0.2891089108910891,0.1959495742867799,0.2857252863524996,0.5440513233645132,0,0
61,0.4,0.20990099009900987,0.16739409271610342,0.12805415268855663,0.892606333162111,0,0
62,0.0,0.0,0.0,1.0,-0.0,0,0
63,0.0,0.0,0.0,1.0,-0.0,0,0
64,0.0,0.0712871287128713,0.10747934055534188,1.0,-0.0,0,0
65,0.2,0.17029702970297028,0.13316003507686677,0.41174354882691105,0.3853731966046506,0,0
66,0.2,0.17029702970297028,0.13316003507686677,0.41174354882691105,0.3853731966046506,0,0
67,0.2,0.17029702970297028,0.13316003507686677,0.41174354882691105,0.3853731966046506,0,0
68,0.2,0.17029702970297028,0.13316003507686677,0.41174354882691105,0.3853731966046506,0,0
69,0.4,0.4574257425742574,0.25692258519418726,1.0,-0.0,0,0
70,0.2,0.3603960396039604,0.23381434960952496,1.0,-0.0,0,0
71,0.2,0.3603960396039604,0.23381434960952496,1.0,-0.0,0,0
72,0.6,0.7782178217821781,0.3145337458940558,1.0,-0.0,0,0
73,0.6,0.7782178217821781,0.3145337458940558,1.0,-0.0,0,0
74,0.4,0.4178217821782178,0.26416168151528385,1.0,-0.0,0,0
75,0.4,0.4178217821782178,0.26416168151528385,1.0,-0.0,0,0
76,0.4,0.4178217821782178,0.26416168151528385,1.0,-0.0,0,0
77,0.0,0.0,0.0,1.0,-0.0,0,0
78,0.0,0.0,0.0,1.0,-0.0,0,0
79,0.2,0.14851485148514848,0.1425467520222985,0.3589821507873713,0.4449271447566797,0,0
80,0.2,0.14851485148514848,0.1425467520222985,0.3589821507873713,0.4449271447566797,1,0
81,0.2,0.14851485148514848,0.1425467520222985,0.3589821507873713,0.4449271447566797,0,0
82,0.2,0.14851485148514848,0.1425467520222985,0.3589821507873713,0.4449271447566797,0,0
83,0.2,0.14851485148514848,0.1425467520222985,0.3589821507873713,0.4449271447566797,0,0
84,0.0,0.0,0.0,1.0,-0.0,0,0
85,0.2,0.3504950495049505,0.2705417236452048,1.0,-0.0,0,0
86,0.2,0.3504950495049505,0.2705417236452048,1.0,-0.0,0,0
87,0.2,0.3504950495049505,0.2705417236452048,1.0,-0.0,0,0
88,0.2,0.3504950495049505,0.2705417236452048,1.0,-0.0,0,0
89,0.2,0.3504950495049505,0.2705417236452048,1.0,-0.0,0,0
90,0.0,0.0,0.0,1.0,-0.0,0,0
91,0.0,0.0,0.0,1.0,-0.0,0,0
92,0.0,0.0,0.0,1.0,-0.0,0,0
93,0.0,0.0,0.0,1.0,-0.0,0,0
94,0.0,0.05346534653465347,0.09704990696905226,1.0,-0.0,0,0
95,0.0,0.05346534653465347,0.09704990696905226,1.0,-0.0,0,0
96,0.0,0.05346534653465347,0.09704990696905226,1.0,-0.0,0,0
97,0.0,0.05346534653465347,0.09704990696905226,1.0,-0.0,0,0
98,0.0,0.05346534653465347,0.09704990696905226,1.0,-0.0,0,0
99,0.0,0.0,0.0,1.0,-0.0,0,0
100,0.0,0.0,0.0,1.0,-0.0,0,0
101,0.0,0.02970297029702971,0.07112192077650681,1.0,-0.0,0,0
102,0.0,0.02970297029702971,0.07112192077650681,1.0,-0.0,0,0
103,0.0,0.02970297029702971,0.07112192077650681,1.0,-0.0,0,0
104,0.0,0.02970297029702971,0.07112192077650681,1.0,-0.0,0,0
105,0.0,0.02970297029702971,0.07112192077650681,1.0,-0.0,0,0
106,0.0,0.0,0.0,1.0,-0.0,0,0
107,0.0,0.0,0.0,1.0,-0.0,0,0
108,0.0,0.0,0.0,1.0,-0.0,0,0
109,0.0,0.0,0.0,1.0,-0.0,0,0
110,0.0,0.0,0.0,1.0,-0.0,0,0
111,0.0,0.0,0.0,1.0,-0.0,0,0
112,0.0,0.0,0.0,1.0,-0.0,0,0
113,0.0,0.0,0.0,1.0,-0.0,0,0
114,0.0,0.0,0.0,1.0,-0.0,0,0
115,0.0,0.0,0.0,1.0,-0.0,0,0
116,0.0,0.0,0.0,1.0,-0.0,0,0
117,0.0,0.0,0.0,1.0,-0.0,0,0
118,0.0,0.0,0.0,1.0,-0.0,0,0
119,1.2,0.39603960396039606,0.22860783666790988,0.0002184188908596104,3.66070980259143,0,0
120,1.2,0.45148514851485155,0.24800745013807113,0.0012717644187138452,2.8955933298260663,0,0
121,1.4,0.5267326732673268,0.27535434923990015,0.0007584494252534163,3.1200733734344808,1,0
122,1.4,0.5267326732673268,0.27535434923990015,0.0007584494252534163,3.1200733734344808,0,0
123,1.4,0.5267326732673268,0.27535434923990015,0.0007584494252534163,3.1200733734344808,0,0
124,0.2,0.1306930693069307,0.136245682469462,0.3054844719289,0.515010860468845,0,0
125,0.4,0.32574257425742564,0.22805829780416584,0.3723607787614925,0.42903607007659583,0,0
126,0.4,0.3920792079207921,0.2403311116585944,0.4868541078098609,0.3126011613018619,0,0
127,0.4,0.3920792079207921,0.2403311116585944,0.4868541078098609,0.3126011613018619,0,0
128,0.4,0.3920792079207921,0.2403311116585944,0.4868541078098609,0.3126011613018619,0,0
129,0.4,0.3920792079207921,0.2403311116585944,0.4868541078098609,0.3126011613018619,0,0
130,0.2,0.14059405940594058,0.15036471688371983,0.3463922966247934,0.46043177476827185,0,0
131,0.0,0.0,0.0,1.0,-0.0,0,0
132,0.0,0.0,0.0,1.0,-0.0,0,0
133,0.0,0.0,0.0,1.0,-0.0,0,0
134,0.0,0.0,0.0,1.0,-0.0,0,0
135,0.0,0.0,0.0,1.0,-0.0,0,0
136,0.0,0.0,0.0,1.0,-0.0,0,0
137,0.0,0.0,0.0,1.0,-0.0,0,0
138,0.0,0.0,0.0,1.0,-0.0,0,0
139,0.0,0.0,0.0,1.0,-0.0,0,0
140,0.0,0.0,0.0,1.0,-0.0,0,0
141,0.0,0.0,0.0,1.0,-0.0,0,0
142,0.0,0.0,0.0,1.0,-0.0,0,0
143,0.0,0.0,0.0,1.0,-0.0,0,0
144,0.0,0.0,0.0,1.0,-0.0,0,0
145,0.0,0.0,0.0,1.0,-0.0,0,0
146,0.0,0.0,0.0,1.0,-0.0,0,0
147,0.0,0.0,0.0,1.0,-0.0,0,0
148,0.2,0.04356435643564357,0.08255312311158745,0.029048226759887566,1.5368803738382273,0,0
149,0.2,0.04356435643564357,0.08255312311158745,0.029048226759887566,1.5368803738382273,0,0
150,0.2,0.04356435643564357,0.08255312311158745,0.029048226759887566,1.5368803738382273,0,0
151,0.2,0.04356435643564357,0.08255312311158745,0.029048226759887566,1.5368803738382273,0,0
152,0.2,0.04356435643564357,0.08255312311158745,0.029048226759887566,1.5368803738382273,0,0
153,0.0,0.0,0.0,1.0,-0.0,0,0
154,0.0,0.0,0.0,1.0,-0.0,0,0
155,0.0,0.0,0.0,1.0,-0.0,0,0
156,0.2,0.07920792079207921,0.10928827506175545,0.13452323402587257,0.8712027005106293,0,0
157,0.2,0.07920792079207921,0.10928827506175545,0.13452323402587257,0.8712027005106293,0,0
158,0.2,0.07920792079207921,0.10928827506175545,0.13452323402587257,0.8712027005106293,0,0
159,0.8,0.5198019801980198,0.24046975560850772,0.12196678409028767,0.9137584271154865,0,0
160,0.8,0.5198019801980198,0.24046975560850772,0.12196678409028767,0.9137584271154865,0,0
161,0.6,0.4396039603960396,0.2068525125893164,0.21904795318931847,0.6594608005672372,0,0
162,0.6,0.4396039603960396,0.2068525125893164,0.21904795318931847,0.6594608005672372,0,0
163,0.6,0.4396039603960396,0.2068525125893164,0.21904795318931847,0.6594608005672372,0,0
164,0.0,0.05346534653465347,0.10860442931328386,1.0,-0.0,0,0
165,0.0,0.05346534653465347,0.10860442931328386,1.0,-0.0,0,0
166,0.0,0.05346534653465347,0.10860442931328386,1.0,-0.0,0,0
167,0.0,0.11485148514851483,0.14169143619800648,1.0,-0.0,0,0
168,0.0,0.11485148514851483,0.14169143619800648,1.0,-0.0,0,0
169,0.2,0.1287128712871287,0.13954426081146826,0.3047256810291634,0.5160909436792886,0,0
170,0.4,0.20990099009900987,0.18320845158368915,0.14972571777274157,0.8247035962668378,0,0
171,0.4,0.20990099009900987,0.18320845158368915,0.14972571777274157,0.8247035962668378,0,0
172,0.4,0.14851485148514848,0.14799910448360235,0.044637526960512215,1.350299874490606,0,0
173,0.4,0.14851485148514848,0.14799910448360235,0.044637526960512215,1.350299874490606,0,0
174,0.2,0.15445544554455445,0.15891011998209012,0.38720710479342224,0.4120566824993106,0,0
175,0.0,0.0712871287128713,0.11461224656227947,1.0,-0.0,0,0
176,0.0,0.0712871287128713,0.11461224656227947,1.0,-0.0,0,0
177,0.0,0.0712871287128713,0.11461224656227947,1.0,-0.0,0,0
178,0.0,0.0712871287128713,0.11461224656227947,1.0,-0.0,0,0
179,0.0,0.0,0.0,1.0,-0.0,0,0
180,0.0,0.06732673267326733,0.10255055347504201,1.0,-0.0,0,0
181,0.0,0.06732673267326733,0.10255055347504201,1.0,-0.0,0,0
182,0.0,0.06732673267326733,0.10255055347504201,1.0,-0.0,0,0
183,0.0,0.06732673267326733,0.10255055347504201,1.0,-0.0,0,0
184,0.0,0.06732673267326733,0.10255055347504201,1.0,-0.0,0,0
185,0.0,0.0,0.0,1.0,-0.0,0,0
186,0.0,0.05346534653465347,0.08851285797476045,1.0,-0.0,0,0
187,0.2,0.19603960396039602,0.17571398456617043,0.4910090499033795,0.308910503219437,0,0
188,0.2,0.19603960396039602,0.17571398456617043,0.4910090499033795,0.308910503219437,0,0
189,0.2,0.19603960396039602,0.17571398456617043,0.4910090499033795,0.308910503219437,0,0
190,0.2,0.25940594059405936,0.1920077441826123,1.0,-0.0,0,0
191,0.2,0.2059405940594059,0.1675813868644411,1.0,-0.0,0,0
192,0.0,0.06336633663366337,0.10504385908811757,1.0,-0.0,0,0
193,0.0,0.06336633663366337,0.10504385908811757,1.0,-0.0,0,0
194,0.0,0.06336633663366337,0.10504385908811757,1.0,-0.0,0,0
195,0.0,0.0,0.0,1.0,-0.0,0,0
196,0.0,0.23762376237623759,0.18393470922349497,1.0,-0.0,0,0
197,0.0,0.23762376237623759,0.18393470922349497,1.0,-0.0,0,0
198,0.2,0.3386138613861387,0.23838162972850993,1.0,-0.0,0,0
199,0.2,0.3386138613861387,0.23838162972850993,1.0,-0.0,0,0
200,0.2,0.3386138613861387,0.23838162972850993,1.0,-0.0,0,0
201,0.2,0.09900990099009901,0.12145573247679728,0.20284641041846635,0.6928326731913328,0,0
202,0.2,0.09900990099009901,0.12145573247679728,0.20284641041846635,0.6928326731913328,0,0
203,0.4,0.45346534653465354,0.279874213767204,1.0,-0.0,0,0
204,0.4,0.45346534653465354,0.279874213767204,1.0,-0.0,0,0
205,0.4,0.45346534653465354,0.279874213767204,1.0,-0.0,0,0
206,0.4,0.45346534653465354,0.279874213767204,1.0,-0.0,0,0
207,0.4,0.5603960396039604,0.3018357063829288,1.0,-0.0,0,0
208,0.0,0.10495049504950495,0.1395723579145037,1.0,-0.0,0,0
209,0.0,0.10495049504950495,0.1395723579145037,1.0,-0.0,0,0
210,0.0,0.10495049504950495,0.1395723579145037,1.0,-0.0,0,0
211,0.0,0.2059405940594059,0.18552669588707663,1.0,-0.0,0,0
212,0.0,0.09900990099009899,0.1147490154015875,1.0,-0.0,0,0
213,0.0,0.09900990099009899,0.1147490154015875,1.0,-0.0,0,0
214,0.0,0.09900990099009899,0.1147490154015875,1.0,-0.0,0,0
215,0.0,0.5603960396039604,0.2814668817620818,1.0,-0.0,0,0
216,0.0,0.5762376237623763,0.2928685424194752,1.0,-0.0,0,0
217,0.0,0.5762376237623763,0.2928685424194752,1.0,-0.0,0,0
218,0.0,0.5762376237623763,0.2928685424194752,1.0,-0.0,0,0
219,0.0,0.5762376237623763,0.2928685424194752,1.0,-0.0,0,0
220,0.0,0.1168316831683168,0.12353642740976015,1.0,-0.0,0,0
221,0.0,0.0,0.0,1.0,-0.0,0,0
222,0.0,0.0,0.0,1.0,-0.0,0,0
