,foreground,bg_means,bg_stdev,pvals,minus_logs,regs,active
2,1.2,0.10297029702970298,0.14789308791950767,5.958626415518932e-14,13.224853842426306,0,0
3,1.2,0.10297029702970298,0.14789308791950767,5.958626415518932e-14,13.224853842426306,0,0
4,1.2,0.10297029702970298,0.14789308791950767,5.958626415518932e-14,13.224853842426306,0,0
5,1.2,0.10297029702970298,0.14789308791950767,5.958626415518932e-14,13.224853842426306,0,0
6,0.0,0.0,0.0,1.0,-0.0,0,0
7,0.0,0.0,0.0,1.0,-0.0,0,0
8,0.0,0.0,0.0,1.0,-0.0,0,0
9,1.0,0.09108910891089109,0.13057300215314485,1.6900533160870523e-12,11.772099594488594,0,0
10,1.0,0.09108910891089109,0.13057300215314485,1.6900533160870523e-12,11.772099594488594,0,0
11,1.0,0.09108910891089109,0.13057300215314485,1.6900533160870523e-12,11.772099594488594,0,0
12,1.0,0.09108910891089109,0.13057300215314485,1.6900533160870523e-12,11.772099594488594,0,0
13,1.0,0.09108910891089109,0.13057300215314485,1.6900533160870523e-12,11.772099594488594,0,0
14,0.0,0.0,0.0,1.0,-0.0,0,0
15,0.0,0.0,0.0,1.0,-0.0,0,0
16,0.0,0.0,0.0,1.0,-0.0,0,0
17,0.0,0.0,0.0,1.0,-0.0,0,0
18,0.0,0.0,0.0,1.0,-0.0,0,0
19,0.0,0.0,0.0,1.0,-0.0,0,0
20,0.0,0.0,0.0,1.0,-0.0,0,0
21,0.0,0.0,0.0,1.0,-0.0,0,0
22,0.0,0.0,0.0,1.0,-0.0,0,0
23,0.0,0.09900990099009901,0.15057319492752774,1.0,-0.0,0,0
24,0.0,0.09900990099009901,0.15057319492752774,1.0,-0.0,0,0
25,0.0,0.09900990099009901,0.15057319492752774,1.0,-0.0,0,0
26,0.0,0.09900990099009901,0.15057319492752774,1.0,-0.0,0,0
27,0.0,0.09900990099009901,0.15057319492752774,1.0,-0.0,0,0
28,0.0,0.0,0.0,1.0,-0.0,0,0
29,0.0,0.0,0.0,1.0,-0.0,0,0
30,0.0,0.0,0.0,1.0,-0.0,0,0
31,0.0,0.0,0.0,1.0,-0.0,0,0
32,0.0,0.0,0.0,1.0,-0.0,0,0
33,0.0,0.0,0.0,1.0,-0.0,0,0
34,0.0,0.0,0.0,1.0,-0.0,0,0
35,0.0,0.09504950495049505,0.13957235791450376,1.0,-0.0,0,0
36,0.0,0.09504950495049505,0.13957235791450376,1.0,-0.0,0,0
37,0.0,0.09504950495049505,0.13957235791450376,1.0,-0.0,0,0
38,0.0,0.19999999999999998,0.1823933297373379,1.0,-0.0,0,0
39,0.0,0.19999999999999998,0.1823933297373379,1.0,-0.0,0,0
40,0.0,0.10297029702970295,0.13084299831035082,1.0,-0.0,0,0
41,0.0,0.2079207920792079,0.18003474269593195,1.0,-0.0,0,0
42,0.0,0.29504950495049503,0.22087864040437138,1.0,-0.0,0,0
43,0.0,0.19207920792079206,0.18438185104134303,1.0,-0.0,0,0
44,0.0,0.19207920792079206,0.18438185104134303,1.0,-0.0,0,0
45,0.0,0.19207920792079206,0.18438185104134303,1.0,-0.0,0,0
46,0.0,0.0871287128712871,0.13618810981425267,1.0,-0.0,0,0
47,0.0,0.0,0.0,1.0,-0.0,0,0
48,0.0,0.0,0.0,1.0,-0.0,0,0
49,0.0,0.0,0.0,1.0,-0.0,0,0
50,0.0,0.0891089108910891,0.13342479626077636,1.0,-0.0,0,0
51,0.0,0.20396039603960398,0.20485241829915377,1.0,-0.0,0,0
52,0.0,0.20396039603960398,0.20485241829915377,1.0,-0.0,0,0
53,0.0,0.20396039603960398,0.20485241829915377,1.0,-0.0,0,0
54,0.0,0.3148514851485148,0.2704547467184608,1.0,-0.0,0,0
55,0.0,0.32970297029702966,0.25389814534375615,1.0,-0.0,0,0
56,0.0,0.21584158415841584,0.198375917407813,1.0,-0.0,0,0
57,0.0,0.21584158415841584,0.198375917407813,1.0,-0.0,0,0
58,0.0,0.3247524752475248,0.2177317545727281,1.0,-0.0,0,0
59,0.0,0.28118811881188116,0.2146666175503786,1.0,-0.0,0,0
60,0.0,0.17821782178217815,0.17777723316802727,1.0,-0.0,0,0
61,0.0,0.17821782178217815,0.17777723316802727,1.0,-0.0,0,0
62,0.0,0.17821782178217815,0.17777723316802727,1.0,-0.0,0,0
63,0.0,0.06930693069306931,0.11057238501634628,1.0,-0.0,0,0
64,0.0,0.0,0.0,1.0,-0.0,0,0
65,0.0,0.0,0.0,1.0,-0.0,0,0
66,0.0,0.0,0.0,1.0,-0.0,0,0
67,0.0,0.011881188118811881,0.05501958015623685,1.0,-0.0,0,0
68,0.0,0.011881188118811881,0.05501958015623685,1.0,-0.0,0,0
69,0.0,0.011881188118811881,0.05501958015623685,1.0,-0.0,0,0
70,0.0,0.011881188118811881,0.05501958015623685,1.0,-0.0,0,0
71,0.0,0.011881188118811881,0.05501958015623685,1.0,-0.0,0,0
72,0.0,0.0,0.0,1.0,-0.0,0,0
73,0.0,0.0,0.0,1.0,-0.0,0,0
74,0.0,0.0,0.0,1.0,-0.0,0,0
75,0.0,0.0,0.0,1.0,-0.0,0,0
76,0.0,0.0,0.0,1.0,-0.0,0,0
77,0.0,0.0,0.0,1.0,-0.0,0,0
78,0.0,0.0,0.0,1.0,-0.0,0,0
79,0.0,0.0,0.0,1.0,-0.0,0,0
80,0.0,0.0,0.0,1.0,-0.0,0,0
81,0.0,0.0,0.0,1.0,-0.0,0,0
82,0.0,0.0,0.0,1.0,-0.0,0,0
83,0.0,0.0,0.0,1.0,-0.0,0,0
84,0.0,0.0,0.0,1.0,-0.0,0,0
85,0.0,0.0,0.0,1.0,-0.0,0,0
86,0.0,0.0,0.0,1.0,-0.0,0,0
87,0.0,0.0,0.0,1.0,-0.0,0,0
88,0.0,0.0,0.0,1.0,-0.0,0,0
89,0.0,0.0,0.0,1.0,-0.0,0,0
90,0.0,0.0,0.0,1.0,-0.0,0,0
91,0.0,0.0,0.0,1.0,-0.0,0,0
92,0.0,0.0,0.0,1.0,-0.0,0,0
93,0.0,0.0,0.0,1.0,-0.0,0,0
94,0.0,0.0,0.0,1.0,-0.0,0,0
95,0.0,0.0,0.0,1.0,-0.0,0,0
96,0.0,0.0,0.0,1.0,-0.0,0,0
97,0.0,0.0,0.0,1.0,-0.0,0,0
98,0.0,0.0,0.0,1.0,-0.0,0,0
99,0.0,0.0,0.0,1.0,-0.0,0,0
100,0.0,0.0,0.0,1.0,-0.0,0,0
101,0.0,0.0,0.0,1.0,-0.0,0,0
102,0.0,0.0,0.0,1.0,-0.0,0,0
103,0.0,0.0,0.0,1.0,-0.0,0,0
104,0.0,0.0,0.0,1.0,-0.0,0,0
105,0.0,0.0,0.0,1.0,-0.0,0,0
106,0.0,0.0,0.0,1.0,-0.0,0,0
107,0.0,0.07524752475247524,0.11205191564986228,1.0,-0.0,0,0
108,0.0,0.07524752475247524,0.11205191564986228,1.0,-0.0,0,0
109,0.0,0.07524752475247524,0.11205191564986228,1.0,-0.0,0,0
110,0.0,0.07524752475247524,0.11205191564986228,1.0,-0.0,0,0
111,0.0,0.07524752475247524,0.11205191564986228,1.0,-0.0,0,0
112,0.0,0.0,0.0,1.0,-0.0,0,0
113,0.0,0.0,0.0,1.0,-0.0,0,0
114,0.0,0.0,0.0,1.0,-0.0,0,0
115,0.0,0.0,0.0,1.0,-0.0,0,0
116,0.0,0.0,0.0,1.0,-0.0,0,0
117,0.0,0.0,0.0,1.0,-0.0,0,0
118,0.0,0.0,0.0,1.0,-0.0,0,0
119,0.0,0.0,0.0,1.0,-0.0,0,0
120,0.0,0.0,0.0,1.0,-0.0,0,0
121,0.0,0.0,0.0,1.0,-0.0,0,0
122,0.0,0.0,0.0,1.0,-0.0,0,0
123,0.0,0.0,0.0,1.0,-0.0,0,0
124,0.0,0.0,0.0,1.0,-0.0,0,0
125,0.0,0.013861386138613863,0.05079507064705211,1.0,-0.0,0,0
126,0.0,0.013861386138613863,0.05079507064705211,1.0,-0.0,0,0
127,0.0,0.013861386138613863,0.05079507064705211,1.0,-0.0,0,0
128,0.0,0.013861386138613863,0.05079507064705211,1.0,-0.0,0,0
129,0.0,0.013861386138613863,0.05079507064705211,1.0,-0.0,0,0
130,0.0,0.0,0.0,1.0,-0.0,0,0
131,0.0,0.0,0.0,1.0,-0.0,0,0
132,0.0,0.06336633663366338,0.10874875419996817,1.0,-0.0,0,0
133,0.0,0.06336633663366338,0.10874875419996817,1.0,-0.0,0,0
134,0.0,0.06336633663366338,0.10874875419996817,1.0,-0.0,0,0
135,0.0,0.06336633663366338,0.10874875419996817,1.0,-0.0,0,0
136,0.0,0.06336633663366338,0.10874875419996817,1.0,-0.0,0,0
137,0.0,0.017821782178217824,0.05698017651460656,1.0,-0.0,0,0
138,0.0,0.017821782178217824,0.05698017651460656,1.0,-0.0,0,0
139,0.0,0.017821782178217824,0.05698017651460656,1.0,-0.0,0,0
140,0.0,0.017821782178217824,0.05698017651460656,1.0,-0.0,0,0
141,0.0,0.017821782178217824,0.05698017651460656,1.0,-0.0,0,0
142,0.0,0.0,0.0,1.0,-0.0,0,0
143,0.0,0.0,0.0,1.0,-0.0,0,0
144,0.0,0.0,0.0,1.0,-0.0,0,0
145,0.0,0.0,0.0,1.0,-0.0,0,0
146,0.0,0.07920792079207921,0.11631029826208643,1.0,-0.0,0,0
147,0.0,0.09702970297029702,0.127780323207142,1.0,-0.0,0,0
148,0.0,0.09702970297029702,0.127780323207142,1.0,-0.0,0,0
149,0.0,0.09702970297029702,0.127780323207142,1.0,-0.0,0,0
150,0.0,0.11683168316831682,0.14146987009498416,1.0,-0.0,0,0
151,0.0,0.03762376237623763,0.07816140339006158,1.0,-0.0,0,0
152,0.0,0.0198019801980198,0.059735061897023205,1.0,-0.0,0,0
153,0.0,0.0198019801980198,0.059735061897023205,1.0,-0.0,0,0
154,0.0,0.0198019801980198,0.059735061897023205,1.0,-0.0,0,0
155,0.0,0.0,0.0,1.0,-0.0,0,0
156,0.0,0.0,0.0,1.0,-0.0,0,0
157,0.0,0.0,0.0,1.0,-0.0,0,0
158,0.0,0.0,0.0,1.0,-0.0,0,0
159,0.0,0.0,0.0,1.0,-0.0,0,0
160,0.0,0.0,0.0,1.0,-0.0,0,0
161,0.0,0.0,0.0,1.0,-0.0,0,0
162,0.0,0.0,0.0,1.0,-0.0,0,0
163,0.0,0.0,0.0,1.0,-0.0,0,0
164,0.0,0.0,0.0,1.0,-0.0,0,0
165,0.0,0.06534653465346535,0.11976515267356391,1.0,-0.0,0,0
166,0.0,0.14455445544554454,0.1492391578726081,1.0,-0.0,0,0
167,0.0,0.15247524752475247,0.15453158823862712,1.0,-0.0,0,0
168,0.0,0.1603960396039604,0.15161128508951263,1.0,-0.0,0,0
169,0.0,0.21386138613861388,0.1623037751861083,1.0,-0.0,0,0
170,0.0,0.25346534653465347,0.21780377963410028,1.0,-0.0,0,0
171,0.0,0.1801980198019802,0.20777930122098492,1.0,-0.0,0,0
172,0.0,0.2871287128712871,0.23616715272674177,1.0,-0.0,0,0
173,0.0,0.35049504950495064,0.23446748698005046,1.0,-0.0,0,0
174,0.0,0.31683168316831684,0.22208254059642107,1.0,-0.0,0,0
175,0.0,0.21188118811881188,0.18630706513012396,1.0,-0.0,0,0
176,0.0,0.2079207920792079,0.18438185104134303,1.0,-0.0,0,0
177,0.0,0.0910891089108911,0.1335716590419014,1.0,-0.0,0,0
178,0.0,0.021782178217821784,0.06230547612891991,1.0,-0.0,0,0
179,0.0,0.0,0.0,1.0,-0.0,0,0
180,0.0,0.0,0.0,1.0,-0.0,0,0
181,0.0,0.0,0.0,1.0,-0.0,0,0
182,0.0,0.0,0.0,1.0,-0.0,0,0
183,0.0,0.0,0.0,1.0,-0.0,0,0
184,0.0,0.0,0.0,1.0,-0.0,0,0
185,0.0,0.0,0.0,1.0,-0.0,0,0
186,0.0,0.0,0.0,1.0,-0.0,0,0
187,0.0,0.0,0.0,1.0,-0.0,0,0
188,0.2,0.07722772277227724,0.13191745702927898,0.17601085683070994,0.7544605428889959,0,0
189,0.2,0.07722772277227724,0.13191745702927898,0.17601085683070994,0.7544605428889959,0,0
190,0.2,0.07722772277227724,0.13191745702927898,0.17601085683070994,0.7544605428889959,0,0
191,0.2,0.07722772277227724,0.13191745702927898,0.17601085683070994,0.7544605428889959,0,0
192,0.2,0.07722772277227724,0.13191745702927898,0.17601085683070994,0.7544605428889959,0,0
193,0.0,0.0,0.0,1.0,-0.0,0,0
194,0.0,0.0,0.0,1.0,-0.0,0,0
195,0.2,0.10693069306930691,0.15302716108009237,0.27153134450195493,0.5661800299480396,0,0
196,0.2,0.10693069306930691,0.15302716108009237,0.27153134450195493,0.5661800299480396,0,0
197,0.4,0.19207920792079206,0.1886288032334235,0.13517109264047056,0.8691161756210917,0,0
198,0.4,0.19207920792079206,0.1886288032334235,0.13517109264047056,0.8691161756210917,0,0
199,0.6,0.2831683168316832,0.23082688508352958,0.08493924138555843,1.0708916221249145,0,0
200,0.6,0.2613861386138614,0.24003724835937693,0.07917065314955497,1.1014357721617467,0,0
201,0.6,0.2613861386138614,0.24003724835937693,0.07917065314955497,1.1014357721617467,0,0
202,0.6,0.27524752475247527,0.22664402261900193,0.07594683106260615,1.1194903426798757,0,0
203,0.6,0.27524752475247527,0.22664402261900193,0.07594683106260615,1.1194903426798757,0,0
204,0.6,0.2732673267326733,0.22816143716172793,0.07606846429909098,1.1187953513690492,0,0
205,0.4,0.1881188118811881,0.19051110448801098,0.1330320209024139,0.8760438114581981,0,0
206,0.4,0.1881188118811881,0.19051110448801098,0.1330320209024139,0.8760438114581981,0,0
207,0.2,0.08910891089108909,0.13923481846532235,0.21289044200289597,0.6718438363474027,0,0
208,0.2,0.08910891089108909,0.13923481846532235,0.21289044200289597,0.6718438363474027,0,0
209,0.0,0.0,0.0,1.0,-0.0,0,0
210,0.0,0.0039603960396039604,0.027863855998951068,1.0,-0.0,0,0
211,0.0,0.0039603960396039604,0.027863855998951068,1.0,-0.0,0,0
212,0.0,0.0039603960396039604,0.027863855998951068,1.0,-0.0,0,0
213,0.0,0.0039603960396039604,0.027863855998951068,1.0,-0.0,0,0
214,0.0,0.0039603960396039604,0.027863855998951068,1.0,-0.0,0,0
215,0.0,0.0,0.0,1.0,-0.0,0,0
216,0.0,0.0,0.0,1.0,-0.0,0,0
217,0.0,0.0,0.0,1.0,-0.0,0,0
218,0.0,0.0,0.0,1.0,-0.0,0,0
219,0.0,0.0,0.0,1.0,-0.0,0,0
220,0.0,0.0,0.0,1.0,-0.0,0,0
221,0.0,0.0,0.0,1.0,-0.0,0,0
222,0.0,0.0,0.0,1.0,-0.0,0,0
223,0.0,0.0,0.0,1.0,-0.0,0,0
224,0.0,0.0,0.0,1.0,-0.0,0,0
225,0.0,0.0,0.0,1.0,-0.0,0,0
226,0.0,0.0,0.0,1.0,-0.0,0,0
227,0.0,0.0,0.0,1.0,-0.0,0,0
228,0.0,0.0,0.0,1.0,-0.0,0,0
229,0.0,0.0,0.0,1.0,-0.0,0,0
230,0.0,0.0,0.0,1.0,-0.0,0,0
231,0.0,0.0,0.0,1.0,-0.0,0,0
232,0.0,0.0,0.0,1.0,-0.0,0,0
233,0.0,0.0,0.0,1.0,-0.0,0,0
234,0.0,0.0,0.0,1.0,-0.0,0,0
235,0.0,0.0,0.0,1.0,-0.0,0,0
236,0.0,0.0,0.0,1.0,-0.0,0,0
237,0.0,0.0,0.0,1.0,-0.0,0,0
238,0.0,0.0,0.0,1.0,-0.0,0,0
239,0.0,0.0,0.0,1.0,-0.0,0,0
240,0.0,0.0,0.0,1.0,-0.0,0,0
241,0.0,0.0,0.0,1.0,-0.0,0,0
242,0.0,0.0,0.0,1.0,-0.0,0,0
243,0.0,0.07326732673267328,0.1115960618107356,1.0,-0.0,0,0
244,0.0,0.07326732673267328,0.1115960618107356,1.0,-0.0,0,0
245,0.0,0.07326732673267328,0.1115960618107356,1.0,-0.0,0,0
246,0.0,0.07326732673267328,0.1115960618107356,1.0,-0.0,0,0
247,0.0,0.08712871287128712,0.12401163019288061,1.0,-0.0,0,0
248,0.0,0.1306930693069307,0.16028599085028164,1.0,-0.0,0,0
249,0.0,0.1306930693069307,0.16028599085028164,1.0,-0.0,0,0
250,0.0,0.1306930693069307,0.16028599085028164,1.0,-0.0,0,0
251,0.0,0.1306930693069307,0.16028599085028164,1.0,-0.0,0,0
252,0.0,0.20792079207920788,0.19482572477225887,1.0,-0.0,0,0
253,0.0,0.0891089108910891,0.12734998170941408,1.0,-0.0,0,0
254,0.0,0.0891089108910891,0.12734998170941408,1.0,-0.0,0,0
255,0.0,0.0891089108910891,0.12734998170941408,1.0,-0.0,0,0
256,0.0,0.0891089108910891,0.12734998170941408,1.0,-0.0,0,0
257,0.0,0.0,0.0,1.0,-0.0,0,0
258,0.0,0.0,0.0,1.0,-0.0,0,0
259,0.0,0.0,0.0,1.0,-0.0,0,0
260,0.0,0.0,0.0,1.0,-0.0,0,0
261,0.0,0.0,0.0,1.0,-0.0,0,0
262,0.0,0.0,0.0,1.0,-0.0,0,0
263,0.0,0.0,0.0,1.0,-0.0,0,0
264,0.0,0.0,0.0,1.0,-0.0,0,0
265,0.0,0.0,0.0,1.0,-0.0,0,0
266,0.0,0.0,0.0,1.0,-0.0,0,0
267,0.0,0.0,0.0,1.0,-0.0,0,0
268,0.0,0.0,0.0,1.0,-0.0,0,0
269,0.0,0.0,0.0,1.0,-0.0,0,0
270,0.0,0.0,0.0,1.0,-0.0,0,0
271,0.0,0.0,0.0,1.0,-0.0,0,0
272,0.0,0.0,0.0,1.0,-0.0,0,0
273,0.0,0.0,0.0,1.0,-0.0,0,0
274,0.0,0.10297029702970295,0.15054715096038185,1.0,-0.0,0,0
275,0.0,0.10297029702970295,0.15054715096038185,1.0,-0.0,0,0
276,0.0,0.10297029702970295,0.15054715096038185,1.0,-0.0,0,0
277,0.0,0.10297029702970295,0.15054715096038185,1.0,-0.0,0,0
278,0.0,0.10297029702970295,0.15054715096038185,1.0,-0.0,0,0
279,0.0,0.0,0.0,1.0,-0.0,0,0
280,0.0,0.0,0.0,1.0,-0.0,0,0
281,0.0,0.1207920792079208,0.14913402284168503,1.0,-0.0,0,0
282,0.0,0.1207920792079208,0.14913402284168503,1.0,-0.0,0,0
283,0.0,0.1207920792079208,0.14913402284168503,1.0,-0.0,0,0
284,0.0,0.1207920792079208,0.14913402284168503,1.0,-0.0,0,0
285,0.0,0.1207920792079208,0.14913402284168503,1.0,-0.0,0,0
286,0.0,0.0,0.0,1.0,-0.0,0,0
287,0.0,0.0,0.0,1.0,-0.0,0,0
288,0.0,0.11287128712871286,0.1577461090428074,1.0,-0.0,0,0
289,0.0,0.11287128712871286,0.1577461090428074,1.0,-0.0,0,0
290,0.0,0.11287128712871286,0.1577461090428074,1.0,-0.0,0,0
291,0.0,0.11287128712871286,0.1577461090428074,1.0,-0.0,0,0
292,0.0,0.11287128712871286,0.1577461090428074,1.0,-0.0,0,0
293,0.0,0.0,0.0,1.0,-0.0,0,0
294,0.0,0.0,0.0,1.0,-0.0,0,0
295,0.0,0.0,0.0,1.0,-0.0,0,0
296,0.0,0.0,0.0,1.0,-0.0,0,0
297,0.0,0.0,0.0,1.0,-0.0,0,0
298,0.0,0.0,0.0,1.0,-0.0,0,0
299,0.0,0.0,0.0,1.0,-0.0,0,0
300,0.0,0.0,0.0,1.0,-0.0,0,0
301,0.0,0.0,0.0,1.0,-0.0,0,0
302,0.0,0.07524752475247526,0.12219602867755656,1.0,-0.0,0,0
303,0.0,0.07524752475247526,0.12219602867755656,1.0,-0.0,0,0
304,0.0,0.07524752475247526,0.12219602867755656,1.0,-0.0,0,0
305,0.0,0.07524752475247526,0.12219602867755656,1.0,-0.0,0,0
306,0.0,0.07524752475247526,0.12219602867755656,1.0,-0.0,0,0
307,0.0,0.0,0.0,1.0,-0.0,0,0
308,0.0,0.0,0.0,1.0,-0.0,0,0
309,0.0,0.0,0.0,1.0,-0.0,0,0
310,0.0,0.0,0.0,1.0,-0.0,0,0
311,0.0,0.025742574257425745,0.0669763743575753,1.0,-0.0,0,0
312,0.0,0.025742574257425745,0.0669763743575753,1.0,-0.0,0,0
313,0.0,0.025742574257425745,0.0669763743575753,1.0,-0.0,0,0
314,0.0,0.025742574257425745,0.0669763743575753,1.0,-0.0,0,0
315,0.0,0.025742574257425745,0.0669763743575753,1.0,-0.0,0,0
316,0.0,0.0,0.0,1.0,-0.0,0,0
317,0.0,0.0,0.0,1.0,-0.0,0,0
318,0.0,0.0,0.0,1.0,-0.0,0,0
319,0.0,0.0,0.0,1.0,-0.0,0,0
320,0.0,0.0,0.0,1.0,-0.0,0,0
321,0.0,0.0,0.0,1.0,-0.0,0,0
322,0.0,0.100990099009901,0.15057319492752777,1.0,-0.0,0,0
323,0.0,0.100990099009901,0.15057319492752777,1.0,-0.0,0,0
324,0.0,0.100990099009901,0.15057319492752777,1.0,-0.0,0,0
325,0.0,0.100990099009901,0.15057319492752777,1.0,-0.0,0,0
326,0.0,0.100990099009901,0.15057319492752777,1.0,-0.0,0,0
327,0.0,0.0,0.0,1.0,-0.0,0,0
328,0.0,0.0,0.0,1.0,-0.0,0,0
329,0.0,0.0,0.0,1.0,-0.0,0,0
330,0.0,0.0,0.0,1.0,-0.0,0,0
331,0.0,0.0,0.0,1.0,-0.0,0,0
332,0.0,0.0,0.0,1.0,-0.0,0,0
333,0.0,0.0,0.0,1.0,-0.0,0,0
334,0.0,0.0,0.0,1.0,-0.0,0,0
335,0.0,0.0,0.0,1.0,-0.0,0,0
336,0.0,0.0,0.0,1.0,-0.0,0,0
337,0.0,0.0,0.0,1.0,-0.0,0,0
338,0.0,0.0,0.0,1.0,-0.0,0,0
339,0.0,0.0,0.0,1.0,-0.0,0,0
340,0.0,0.0,0.0,1.0,-0.0,0,0
341,0.0,0.0,0.0,1.0,-0.0,0,0
342,0.0,0.0,0.0,1.0,-0.0,0,0
343,0.0,0.0,0.0,1.0,-0.0,0,0
344,0.0,0.0,0.0,1.0,-0.0,0,0
345,0.0,0.0,0.0,1.0,-0.0,0,0
346,0.0,0.0,0.0,1.0,-0.0,0,0
347,0.0,0.0,0.0,1.0,-0.0,0,0
348,0.0,0.0,0.0,1.0,-0.0,0,0
349,0.0,0.0,0.0,1.0,-0.0,0,0
350,0.0,0.0,0.0,1.0,-0.0,0,0
351,0.0,0.0,0.0,1.0,-0.0,0,0
352,0.0,0.0,0.0,1.0,-0.0,0,0
353,0.0,0.0,0.0,1.0,-0.0,0,0
354,0.0,0.0,0.0,1.0,-0.0,0,0
355,0.0,0.0,0.0,1.0,-0.0,0,0
356,0.0,0.0,0.0,1.0,-0.0,0,0
357,0.0,0.0,0.0,1.0,-0.0,0,0
358,0.0,0.0,0.0,1.0,-0.0,0,0
359,0.0,0.0,0.0,1.0,-0.0,0,0
360,0.0,0.0,0.0,1.0,-0.0,0,0
361,0.0,0.0,0.0,1.0,-0.0,0,0
362,0.0,0.0,0.0,1.0,-0.0,0,0
363,0.0,0.0,0.0,1.0,-0.0,0,0
364,0.0,0.0,0.0,1.0,-0.0,0,0
365,0.0,0.0,0.0,1.0,-0.0,0,0
366,0.0,0.0,0.0,1.0,-0.0,0,0
367,0.0,0.0,0.0,1.0,-0.0,0,0
368,0.0,0.0,0.0,1.0,-0.0,0,0
369,0.0,0.0,0.0,1.0,-0.0,0,0
370,0.0,0.0,0.0,1.0,-0.0,0,0
371,0.0,0.0,0.0,1.0,-0.0,0,0
372,0.0,0.0,0.0,1.0,-0.0,0,0
373,0.0,0.0,0.0,1.0,-0.0,0,0
374,0.0,0.0,0.0,1.0,-0.0,0,0
375,0.0,0.0,0.0,1.0,-0.0,0,0
376,0.0,0.0,0.0,1.0,-0.0,0,0
