,foreground,bg_means,bg_stdev,pvals,minus_logs,regs,active
2,0.0,0.009900990099009901,0.04338396495090425,1.0,-0.0,0,0
3,0.0,0.009900990099009901,0.04338396495090425,1.0,-0.0,0,0
4,0.4,0.041584158415841586,0.09467748980500532,7.665365490325868e-05,4.115467132832116,0,0
5,0.4,0.031683168316831684,0.08316831683168317,4.74296519614438e-06,5.323950062187239,0,0
6,0.4,0.031683168316831684,0.08316831683168317,4.74296519614438e-06,5.323950062187239,0,0
7,0.4,0.04950495049504951,0.10304643034659554,0.0003352925125692628,3.474576144710637,0,0
8,0.4,0.12475247524752472,0.14852805221860732,0.031929097334863966,1.4958133591940017,0,0
9,0.0,0.09306930693069305,0.12448501897427097,1.0,-0.0,0,0
10,0.0,0.09306930693069305,0.12448501897427097,1.0,-0.0,0,0
11,0.0,0.09306930693069305,0.12448501897427097,1.0,-0.0,0,0
12,0.0,0.07524752475247526,0.1189108498693262,1.0,-0.0,0,0
13,0.0,0.0,0.0,1.0,-0.0,0,0
14,0.0,0.0,0.0,1.0,-0.0,0,0
15,0.0,0.0,0.0,1.0,-0.0,0,0
16,0.0,0.0,0.0,1.0,-0.0,0,0
17,0.0,0.0,0.0,1.0,-0.0,0,0
18,0.0,0.007920792079207921,0.03900537743285587,1.0,-0.0,0,0
19,0.0,0.007920792079207921,0.03900537743285587,1.0,-0.0,0,0
20,0.0,0.007920792079207921,0.03900537743285587,1.0,-0.0,0,0
21,0.0,0.007920792079207921,0.03900537743285587,1.0,-0.0,0,0
22,0.0,0.007920792079207921,0.03900537743285587,1.0,-0.0,0,0
23,0.0,0.0,0.0,1.0,-0.0,0,0
24,0.0,0.0,0.0,1.0,-0.0,0,0
25,0.0,0.03762376237623763,0.08307396817189318,1.0,-0.0,0,0
26,0.0,0.03762376237623763,0.08307396817189318,1.0,-0.0,0,0
27,0.0,0.03762376237623763,0.08307396817189318,1.0,-0.0,0,0
28,0.0,0.061386138613861385,0.11166631429601336,1.0,-0.0,0,0
29,0.0,0.061386138613861385,0.11166631429601336,1.0,-0.0,0,0
30,0.0,0.023762376237623763,0.06471340450838887,1.0,-0.0,0,0
31,0.0,0.023762376237623763,0.06471340450838887,1.0,-0.0,0,0
32,0.2,0.06336633663366337,0.11917436454123626,0.12579372219971025,0.9003410320390388,0,0
33,0.2,0.039603960396039604,0.0890869059738772,0.03589523119581593,1.4449632450960648,0,0
34,0.2,0.039603960396039604,0.0890869059738772,0.03589523119581593,1.4449632450960648,0,0
35,0.2,0.039603960396039604,0.0890869059738772,0.03589523119581593,1.4449632450960648,0,0
36,0.4,0.06336633663366337,0.10120342446875752,0.0004400246430833574,3.3565230006605695,0,0
37,0.2,0.023762376237623766,0.06471340450838887,0.003231121245907738,2.4906467450338194,0,0
38,0.2,0.023762376237623766,0.06471340450838887,0.003231121245907738,2.4906467450338194,0,0
39,0.2,0.023762376237623766,0.06471340450838887,0.003231121245907738,2.4906467450338194,0,0
40,0.2,0.023762376237623766,0.06471340450838887,0.003231121245907738,2.4906467450338194,0,0
41,0.0,0.0,0.0,1.0,-0.0,0,0
42,0.0,0.0,0.0,1.0,-0.0,0,0
43,0.0,0.0,0.0,1.0,-0.0,0,0
44,0.0,0.0,0.0,1.0,-0.0,0,0
45,0.0,0.0,0.0,1.0,-0.0,0,0
46,0.0,0.0,0.0,1.0,-0.0,0,0
47,0.0,0.0,0.0,1.0,-0.0,0,0
48,0.0,0.0,0.0,1.0,-0.0,0,0
49,0.0,0.033663366336633666,0.07482947971362847,1.0,-0.0,0,0
50,0.0,0.13267326732673265,0.16715967992400224,1.0,-0.0,0,0
51,0.0,0.13267326732673265,0.16715967992400224,1.0,-0.0,0,0
52,0.0,0.17227722772277226,0.1846156359731749,1.0,-0.0,0,0
53,0.0,0.17227722772277226,0.1846156359731749,1.0,-0.0,0,0
54,0.0,0.1376237623762376,0.17052712983454243,1.0,-0.0,0,0
55,0.0,0.23564356435643566,0.19979403177234753,1.0,-0.0,0,0
56,0.0,0.23564356435643566,0.19979403177234753,1.0,-0.0,0,0
57,0.0,0.19801980198019803,0.18346510608951241,1.0,-0.0,0,0
58,0.0,0.19801980198019803,0.18346510608951241,1.0,-0.0,0,0
59,0.0,0.19801980198019803,0.18346510608951241,1.0,-0.0,0,0
60,0.0,0.0,0.0,1.0,-0.0,0,0
61,0.0,0.0,0.0,1.0,-0.0,0,0
62,0.0,0.0,0.0,1.0,-0.0,0,0
63,0.0,0.0,0.0,1.0,-0.0,0,0
64,0.0,0.03564356435643565,0.09074407316744237,1.0,-0.0,0,0
65,0.0,0.05148514851485149,0.10773441987117183,1.0,-0.0,0,0
66,0.0,0.0891089108910891,0.13636075485692528,1.0,-0.0,0,0
67,0.0,0.0891089108910891,0.13636075485692528,1.0,-0.0,0,0
68,0.0,0.0891089108910891,0.13636075485692528,1.0,-0.0,0,0
69,0.0,0.05346534653465347,0.09287951999650357,1.0,-0.0,0,0
70,0.0,0.03762376237623763,0.07816140339006158,1.0,-0.0,0,0
71,0.0,0.03564356435643565,0.07653920035678292,1.0,-0.0,0,0
72,0.0,0.04356435643564357,0.08721867542790195,1.0,-0.0,0,0
73,0.0,0.04356435643564357,0.08721867542790195,1.0,-0.0,0,0
74,0.0,0.04356435643564357,0.08721867542790195,1.0,-0.0,0,0
75,0.0,0.04356435643564357,0.08721867542790195,1.0,-0.0,0,0
76,0.0,0.007920792079207921,0.03900537743285587,1.0,-0.0,0,0
77,0.0,0.16435643564356434,0.1896239939782038,1.0,-0.0,0,0
78,0.0,0.16435643564356434,0.1896239939782038,1.0,-0.0,0,0
79,0.0,0.16435643564356434,0.1896239939782038,1.0,-0.0,0,0
80,0.0,0.16435643564356434,0.1896239939782038,1.0,-0.0,0,0
81,0.0,0.16435643564356434,0.1896239939782038,1.0,-0.0,0,0
82,0.0,0.0,0.0,1.0,-0.0,0,0
83,0.0,0.04554455445544555,0.09283729243351321,1.0,-0.0,0,0
84,0.0,0.04554455445544555,0.09283729243351321,1.0,-0.0,0,0
85,0.0,0.04554455445544555,0.09283729243351321,1.0,-0.0,0,0
86,0.0,0.04554455445544555,0.09283729243351321,1.0,-0.0,0,0
87,0.0,0.04554455445544555,0.09283729243351321,1.0,-0.0,0,0
88,0.0,0.03564356435643565,0.07653920035678292,1.0,-0.0,0,0
89,0.0,0.17425742574257427,0.17272049494935862,1.0,-0.0,0,0
90,0.0,0.17425742574257427,0.17272049494935862,1.0,-0.0,0,0
91,0.0,0.3524752475247525,0.2455924577993164,1.0,-0.0,0,0
92,0.0,0.3524752475247525,0.2455924577993164,1.0,-0.0,0,0
93,0.0,0.3445544554455445,0.22884784496148383,1.0,-0.0,0,0
94,0.0,0.2059405940594059,0.1767818940250744,1.0,-0.0,0,0
95,0.0,0.2059405940594059,0.1767818940250744,1.0,-0.0,0,0
96,0.0,0.027722772277227727,0.07461957893630405,1.0,-0.0,0,0
97,0.0,0.07326732673267328,0.11848138852793338,1.0,-0.0,0,0
98,0.0,0.04554455445544554,0.09283729243351323,1.0,-0.0,0,0
99,0.0,0.04554455445544554,0.09283729243351323,1.0,-0.0,0,0
100,0.0,0.0891089108910891,0.12734998170941406,1.0,-0.0,0,0
101,0.0,0.10495049504950495,0.13957235791450373,1.0,-0.0,0,0
102,0.0,0.059405940594059424,0.11447531431916541,1.0,-0.0,0,0
103,0.0,0.059405940594059424,0.11447531431916541,1.0,-0.0,0,0
104,0.0,0.08910891089108909,0.13636075485692528,1.0,-0.0,0,0
105,0.0,0.04554455445544554,0.09700949476369022,1.0,-0.0,0,0
106,0.0,0.0297029702970297,0.07648795214189293,1.0,-0.0,0,0
107,0.0,0.0297029702970297,0.07648795214189293,1.0,-0.0,0,0
108,0.0,0.0297029702970297,0.07648795214189293,1.0,-0.0,0,0
109,0.0,0.0,0.0,1.0,-0.0,0,0
110,0.0,0.08316831683168316,0.13280619910579974,1.0,-0.0,0,0
111,0.0,0.08316831683168316,0.13280619910579974,1.0,-0.0,0,0
112,0.0,0.08316831683168316,0.13280619910579974,1.0,-0.0,0,0
113,0.0,0.15841584158415842,0.17870121461668875,1.0,-0.0,0,0
114,0.0,0.15841584158415842,0.17870121461668875,1.0,-0.0,0,0
115,0.0,0.07326732673267328,0.1115960618107356,1.0,-0.0,0,0
116,0.0,0.15841584158415842,0.1672534844655737,1.0,-0.0,0,0
117,0.0,0.15841584158415842,0.1672534844655737,1.0,-0.0,0,0
118,0.0,0.08316831683168316,0.12028786177019754,1.0,-0.0,0,0
119,0.0,0.08316831683168316,0.12028786177019754,1.0,-0.0,0,0
120,0.0,0.08316831683168316,0.12028786177019754,1.0,-0.0,0,0
121,0.0,0.0,0.0,1.0,-0.0,0,0
122,0.0,0.0,0.0,1.0,-0.0,0,0
123,0.0,0.0,0.0,1.0,-0.0,0,0
124,0.0,0.0,0.0,1.0,-0.0,0,0
125,0.0,0.0,0.0,1.0,-0.0,0,0
126,0.0,0.0,0.0,1.0,-0.0,0,0
127,0.0,0.0,0.0,1.0,-0.0,0,0
128,0.0,0.0,0.0,1.0,-0.0,0,0
129,0.0,0.0,0.0,1.0,-0.0,0,0
130,0.0,0.031683168316831684,0.07826167463512675,1.0,-0.0,0,0
131,0.0,0.031683168316831684,0.07826167463512675,1.0,-0.0,0,0
132,0.0,0.031683168316831684,0.07826167463512675,1.0,-0.0,0,0
133,0.0,0.031683168316831684,0.07826167463512675,1.0,-0.0,0,0
134,0.0,0.05544554455445544,0.1019369320889802,1.0,-0.0,0,0
135,0.0,0.07326732673267328,0.12498799079651088,1.0,-0.0,0,0
136,0.0,0.07326732673267328,0.12498799079651088,1.0,-0.0,0,0
137,0.0,0.1504950495049505,0.16981280455064035,1.0,-0.0,0,0
138,0.0,0.1504950495049505,0.16981280455064035,1.0,-0.0,0,0
139,0.0,0.12475247524752475,0.15632280678012317,1.0,-0.0,0,0
140,0.0,0.09702970297029703,0.1396285351588451,1.0,-0.0,0,0
141,0.0,0.09702970297029703,0.1396285351588451,1.0,-0.0,0,0
142,0.0,0.021782178217821784,0.062305476128919915,1.0,-0.0,0,0
143,0.0,0.021782178217821784,0.062305476128919915,1.0,-0.0,0,0
144,0.4,0.23564356435643566,0.2075716068337213,0.2142369129935115,0.669105698171604,0,0
145,0.4,0.21386138613861388,0.20149427084221783,0.17779754524043617,0.750074239405695,0,0
146,0.4,0.21386138613861388,0.20149427084221783,0.17779754524043617,0.750074239405695,0,0
147,0.4,0.48316831683168315,0.2887560575613178,1.0,-0.0,0,0
148,0.4,0.48316831683168315,0.2887560575613178,1.0,-0.0,0,0
149,0.0,0.2693069306930693,0.19788113956997025,1.0,-0.0,0,0
150,0.0,0.2693069306930693,0.19788113956997025,1.0,-0.0,0,0
151,0.0,0.2693069306930693,0.19788113956997025,1.0,-0.0,0,0
152,0.0,0.0,0.0,1.0,-0.0,0,0
153,0.0,0.0,0.0,1.0,-0.0,0,0
154,0.0,0.0,0.0,1.0,-0.0,0,0
155,0.6,0.2158415841584158,0.19022273201620324,0.02171665382498572,1.6632070914817798,0,0
156,0.6,0.2158415841584158,0.19022273201620324,0.02171665382498572,1.6632070914817798,0,0
157,0.6,0.2653465346534653,0.21637684561818196,0.06097705710884873,1.2148335395021057,0,0
158,0.6,0.2653465346534653,0.21637684561818196,0.06097705710884873,1.2148335395021057,0,0
159,0.8,0.30495049504950494,0.22443603142705318,0.013700796814742391,1.8632541742901172,0,0
160,0.2,0.08910891089108909,0.12097048989545554,0.17965547706514468,0.7455595381425463,0,0
161,0.2,0.08910891089108909,0.12097048989545554,0.17965547706514468,0.7455595381425463,0,0
162,0.6,0.09702970297029702,0.12142344330103676,1.7193263551814703e-05,4.764641679565474,0,0
163,0.6,0.09702970297029702,0.12142344330103676,1.7193263551814703e-05,4.764641679565474,0,0
164,0.6,0.14356435643564358,0.16910705589447977,0.0034764388557300737,2.4588654046654073,0,0
165,1.0,0.23366336633663368,0.20112418099951873,6.940866822813829e-05,4.15858628849952,0,0
166,1.0,0.23366336633663368,0.20112418099951873,6.940866822813829e-05,4.15858628849952,0,0
167,0.6,0.1762376237623762,0.18516704518908453,0.011053017421988465,1.9565191454332083,0,0
168,0.6,0.23168316831683167,0.19239537111273064,0.02778614765637856,1.556171660763108,0,0
169,1.6,0.2772277227722772,0.22685154046130196,2.754740478478961e-09,8.559919309361543,0,0
170,1.2,0.18811881188118812,0.19051110448801098,5.439233405997191e-08,7.264462304530722,0,0
171,1.2,0.18811881188118812,0.19051110448801098,5.439233405997191e-08,7.264462304530722,0,0
172,1.2,0.18811881188118812,0.19051110448801098,5.439233405997191e-08,7.264462304530722,0,0
173,1.2,0.13168316831683166,0.1521663323044604,1.1036687990577367e-12,11.957161234869334,0,0
174,0.0,0.0,0.0,1.0,-0.0,0,0
175,0.0,0.03564356435643565,0.08626938974571076,1.0,-0.0,0,0
176,0.0,0.06534653465346535,0.1197651526735639,1.0,-0.0,0,0
177,0.0,0.10099009900990098,0.13679141417164786,1.0,-0.0,0,0
178,0.0,0.12475247524752472,0.1588360762784592,1.0,-0.0,0,0
179,0.0,0.12475247524752472,0.1588360762784592,1.0,-0.0,0,0
180,0.0,0.08910891089108909,0.13042276277287215,1.0,-0.0,0,0
181,0.0,0.0594059405940594,0.1144753143191654,1.0,-0.0,0,0
182,0.2,0.057425742574257435,0.09885135821266286,0.07460753442729876,1.127217312004932,0,0
183,0.2,0.033663366336633666,0.07482947971362845,0.01311209067436901,1.882328056139666,0,0
184,0.2,0.04554455445544555,0.08846854615322249,0.040415922396446834,1.3934475050229045,0,0
185,0.2,0.04554455445544555,0.08846854615322249,0.040415922396446834,1.3934475050229045,0,0
186,0.2,0.04554455445544555,0.08846854615322249,0.040415922396446834,1.3934475050229045,0,0
187,0.0,0.011881188118811881,0.04727657974777554,1.0,-0.0,0,0
188,0.0,0.2851485148514852,0.23772275165875514,1.0,-0.0,0,0
189,0.0,0.27326732673267334,0.2281614371617279,1.0,-0.0,0,0
190,0.0,0.3405940594059407,0.2572428901236432,1.0,-0.0,0,0
191,0.0,0.5326732673267328,0.3047832896367513,1.0,-0.0,0,0
192,0.0,0.5326732673267328,0.3047832896367513,1.0,-0.0,0,0
193,0.0,0.25742574257425743,0.21861242645532802,1.0,-0.0,0,0
194,0.0,0.25742574257425743,0.21861242645532802,1.0,-0.0,0,0
195,0.0,0.19009900990099005,0.18535753542711383,1.0,-0.0,0,0
196,0.0,0.10099009900990094,0.14521752172118102,1.0,-0.0,0,0
197,0.0,0.10099009900990094,0.14521752172118102,1.0,-0.0,0,0
198,0.0,0.10099009900990094,0.14521752172118102,1.0,-0.0,0,0
199,0.0,0.10099009900990094,0.14521752172118102,1.0,-0.0,0,0
200,0.0,0.10099009900990094,0.14521752172118102,1.0,-0.0,0,0
201,0.0,0.0,0.0,1.0,-0.0,0,0
202,0.0,0.0,0.0,1.0,-0.0,0,0
203,0.0,0.14455445544554454,0.15950123220279022,1.0,-0.0,0,0
204,0.0,0.14455445544554454,0.15950123220279022,1.0,-0.0,0,0
205,0.0,0.14455445544554454,0.15950123220279022,1.0,-0.0,0,0
206,0.0,0.14455445544554454,0.15950123220279022,1.0,-0.0,0,0
207,0.0,0.14455445544554454,0.15950123220279022,1.0,-0.0,0,0
208,0.0,0.013861386138613863,0.05807080514303042,1.0,-0.0,0,0
209,0.0,0.0613861386138614,0.1185475607690754,1.0,-0.0,0,0
210,0.0,0.12475247524752475,0.15376846462033406,1.0,-0.0,0,0
211,0.0,0.12475247524752475,0.15376846462033406,1.0,-0.0,0,0
212,0.0,0.18613861386138608,0.16711275790766056,1.0,-0.0,0,0
213,0.0,0.17227722772277224,0.16417740457959706,1.0,-0.0,0,0
214,0.0,0.1584158415841584,0.1497637259500122,1.0,-0.0,0,0
215,0.0,0.09306930693069305,0.13368903310588712,1.0,-0.0,0,0
216,0.0,0.09306930693069305,0.13368903310588712,1.0,-0.0,0,0
217,0.0,0.0613861386138614,0.11515834731523733,1.0,-0.0,0,0
218,0.0,0.09504950495049502,0.13957235791450373,1.0,-0.0,0,0
219,0.0,0.0613861386138614,0.10806149425459212,1.0,-0.0,0,0
220,0.0,0.0613861386138614,0.10806149425459212,1.0,-0.0,0,0
221,0.0,0.2653465346534653,0.19722613224536606,1.0,-0.0,0,0
222,0.0,0.23762376237623759,0.18607540532013475,1.0,-0.0,0,0
223,0.2,0.23168316831683167,0.19239537111273064,1.0,-0.0,0,0
224,0.2,0.23168316831683167,0.19239537111273064,1.0,-0.0,0,0
225,0.8,0.34356435643564354,0.23898127089470259,0.02807161321677658,1.5517326286547497,0,0
226,0.8,0.15445544554455445,0.1732192295336953,9.698280242034191e-05,4.01330527064217,0,0
227,0.8,0.15445544554455445,0.1732192295336953,9.698280242034191e-05,4.01330527064217,0,0
228,0.6,0.12475247524752477,0.15117096779399852,0.0008339178257515209,3.078876742624791,0,0
229,0.6,0.12475247524752477,0.15117096779399852,0.0008339178257515209,3.078876742624791,0,0
230,0.0,0.04356435643564357,0.08255312311158745,1.0,-0.0,0,0
231,0.0,0.0297029702970297,0.07112192077650681,1.0,-0.0,0,0
232,0.0,0.07722772277227724,0.11593886073904516,1.0,-0.0,0,0
233,0.0,0.07722772277227724,0.11593886073904516,1.0,-0.0,0,0
234,0.0,0.07722772277227724,0.11593886073904516,1.0,-0.0,0,0
235,0.0,0.04752475247524753,0.08965727859541997,1.0,-0.0,0,0
236,0.0,0.05742574257425744,0.09476028605152792,1.0,-0.0,0,0
237,0.0,0.009900990099009901,0.04338396495090424,1.0,-0.0,0,0
238,0.2,0.2851485148514851,0.23436712278041172,1.0,-0.0,0,0
239,0.2,0.31485148514851485,0.2522713212545122,1.0,-0.0,0,0
240,0.2,0.5742574257425742,0.31549221808561473,1.0,-0.0,0,0
241,0.2,0.5643564356435643,0.31389730250193043,1.0,-0.0,0,0
242,0.2,0.5643564356435643,0.31389730250193043,1.0,-0.0,0,0
243,0.0,0.2871287128712871,0.23616715272674177,1.0,-0.0,0,0
244,0.0,0.25742574257425743,0.22220610121355305,1.0,-0.0,0,0
245,0.0,0.0,0.0,1.0,-0.0,0,0
