,foreground,bg_means,bg_stdev,pvals,minus_logs,regs,active
2,0.0,0.05544554455445545,0.09797478714338996,1.0,-0.0,0,0
3,0.0,0.05544554455445545,0.09797478714338996,1.0,-0.0,0,0
4,0.0,0.05544554455445545,0.09797478714338996,1.0,-0.0,0,0
5,0.0,0.08118811881188118,0.11664694237642094,1.0,-0.0,0,0
6,0.0,0.08118811881188118,0.11664694237642094,1.0,-0.0,0,0
7,0.0,0.2178217821782178,0.1868954489346046,1.0,-0.0,0,0
8,0.0,0.2178217821782178,0.1868954489346046,1.0,-0.0,0,0
9,0.0,0.2178217821782178,0.1868954489346046,1.0,-0.0,0,0
10,0.0,0.24554455445544554,0.18213516495155516,1.0,-0.0,0,0
11,0.0,0.2673267326732673,0.1872727194857329,1.0,-0.0,0,0
12,0.0,0.07524752475247526,0.10474480123119365,1.0,-0.0,0,0
13,0.0,0.07524752475247526,0.10474480123119365,1.0,-0.0,0,0
14,0.0,0.07524752475247526,0.10474480123119365,1.0,-0.0,0,0
15,0.0,0.021782178217821784,0.06230547612891991,1.0,-0.0,0,0
16,0.0,0.0,0.0,1.0,-0.0,0,0
17,0.0,0.0,0.0,1.0,-0.0,0,0
18,0.0,0.0,0.0,1.0,-0.0,0,0
19,0.0,0.06534653465346535,0.0938037170877387,1.0,-0.0,0,0
20,0.0,0.06534653465346535,0.0938037170877387,1.0,-0.0,0,0
21,0.0,0.06534653465346535,0.0938037170877387,1.0,-0.0,0,0
22,0.0,0.11287128712871286,0.11402914890208292,1.0,-0.0,0,0
23,0.0,0.11287128712871286,0.11402914890208292,1.0,-0.0,0,0
24,0.0,0.09702970297029703,0.12464241569787102,1.0,-0.0,0,0
25,0.0,0.09702970297029703,0.12464241569787102,1.0,-0.0,0,0
26,0.0,0.09702970297029703,0.12464241569787102,1.0,-0.0,0,0
27,0.0,0.05148514851485149,0.08744317689433512,1.0,-0.0,0,0
28,0.0,0.05148514851485149,0.08744317689433512,1.0,-0.0,0,0
29,0.0,0.0,0.0,1.0,-0.0,0,0
30,0.0,0.0,0.0,1.0,-0.0,0,0
31,0.0,0.06930693069306931,0.0951731868570132,1.0,-0.0,0,0
32,0.0,0.06930693069306931,0.0951731868570132,1.0,-0.0,0,0
33,0.0,0.06930693069306931,0.0951731868570132,1.0,-0.0,0,0
34,0.0,0.06930693069306931,0.0951731868570132,1.0,-0.0,0,0
35,0.0,0.06930693069306931,0.0951731868570132,1.0,-0.0,0,0
36,0.0,0.0,0.0,1.0,-0.0,0,0
37,0.0,0.0,0.0,1.0,-0.0,0,0
38,0.0,0.0,0.0,1.0,-0.0,0,0
39,0.0,0.025742574257425745,0.06697637435757531,1.0,-0.0,0,0
40,0.0,0.06336633663366337,0.10504385908811757,1.0,-0.0,0,0
41,0.0,0.06336633663366337,0.10504385908811757,1.0,-0.0,0,0
42,0.6,0.33663366336633666,0.21047930792550026,0.10541808611483529,0.9770848727474244,0,0
43,0.6,0.3643564356435644,0.21690174734920173,0.13864949549957828,0.8580817063396203,0,0
44,0.6,0.33861386138613864,0.2043925058350363,0.10047599035448802,0.9979377044355585,0,0
45,0.8,0.3405940594059407,0.20594059405940596,0.012848209543626482,1.8911573890253415,0,0
46,0.8,0.3405940594059407,0.20594059405940596,0.012848209543626482,1.8911573890253415,0,0
47,0.2,0.06732673267326733,0.1135467024699521,0.12131331785204298,0.9160915193958917,0,0
48,0.2,0.039603960396039604,0.07970143286137867,0.022085672454221338,1.6558893730090938,0,0
49,0.2,0.039603960396039604,0.07970143286137867,0.022085672454221338,1.6558893730090938,0,0
50,0.0,0.0,0.0,1.0,-0.0,0,0
51,0.0,0.0,0.0,1.0,-0.0,0,0
52,0.0,0.0,0.0,1.0,-0.0,0,0
53,0.0,0.0,0.0,1.0,-0.0,0,0
54,0.0,0.0,0.0,1.0,-0.0,0,0
55,0.0,0.0,0.0,1.0,-0.0,0,0
56,0.0,0.0,0.0,1.0,-0.0,0,0
57,0.0,0.0,0.0,1.0,-0.0,0,0
58,0.0,0.0,0.0,1.0,-0.0,0,0
59,0.0,0.0,0.0,1.0,-0.0,0,0
60,0.0,0.0,0.0,1.0,-0.0,0,0
61,0.0,0.0,0.0,1.0,-0.0,0,0
62,0.0,0.0,0.0,1.0,-0.0,0,0
63,0.0,0.04554455445544555,0.08387254884969257,1.0,-0.0,0,0
64,0.0,0.04554455445544555,0.08387254884969257,1.0,-0.0,0,0
65,0.0,0.097029702970297,0.09995587694355614,1.0,-0.0,0,0
66,0.0,0.097029702970297,0.09995587694355614,1.0,-0.0,0,0
67,0.0,0.097029702970297,0.09995587694355614,1.0,-0.0,0,0
68,0.0,0.05148514851485149,0.08744317689433512,1.0,-0.0,0,0
69,0.0,0.05148514851485149,0.08744317689433512,1.0,-0.0,0,0
70,0.0,0.0,0.0,1.0,-0.0,0,0
71,0.0,0.03762376237623763,0.07816140339006158,1.0,-0.0,0,0
72,0.0,0.06336633663366338,0.10120342446875755,1.0,-0.0,0,0
73,0.0,0.14455445544554454,0.14105349559214359,1.0,-0.0,0,0
74,0.0,0.14455445544554454,0.14105349559214359,1.0,-0.0,0,0
75,0.2,0.3603960396039604,0.2388417629039937,1.0,-0.0,0,0
76,0.2,0.3207920792079208,0.23221568656267802,1.0,-0.0,0,0
77,0.2,0.29504950495049503,0.23813476408557305,1.0,-0.0,0,0
78,0.2,0.21584158415841584,0.1881292336873445,1.0,-0.0,0,0
79,0.2,0.21584158415841584,0.1881292336873445,1.0,-0.0,0,0
80,0.0,0.0,0.0,1.0,-0.0,0,0
81,0.0,0.0,0.0,1.0,-0.0,0,0
82,0.0,0.0,0.0,1.0,-0.0,0,0
83,0.0,0.0,0.0,1.0,-0.0,0,0
84,0.0,0.0,0.0,1.0,-0.0,0,0
85,0.0,0.0,0.0,1.0,-0.0,0,0
86,0.0,0.0,0.0,1.0,-0.0,0,0
87,0.0,0.0,0.0,1.0,-0.0,0,0
88,0.0,0.0,0.0,1.0,-0.0,0,0
89,0.0,0.0,0.0,1.0,-0.0,0,0
90,0.0,0.0,0.0,1.0,-0.0,0,0
91,0.0,0.0,0.0,1.0,-0.0,0,0
92,0.0,0.0,0.0,1.0,-0.0,0,0
93,0.0,0.0,0.0,1.0,-0.0,0,0
94,0.0,0.0,0.0,1.0,-0.0,0,0
95,0.0,0.0,0.0,1.0,-0.0,0,0
96,0.0,0.0,0.0,1.0,-0.0,0,0
97,0.0,0.0,0.0,1.0,-0.0,0,0
98,0.0,0.061386138613861385,0.09224407682259103,1.0,-0.0,0,0
99,0.0,0.061386138613861385,0.09224407682259103,1.0,-0.0,0,0
100,0.0,0.061386138613861385,0.09224407682259103,1.0,-0.0,0,0
101,0.0,0.061386138613861385,0.09224407682259103,1.0,-0.0,0,0
102,0.0,0.08118811881188118,0.10216747199615393,1.0,-0.0,0,0
103,0.0,0.019801980198019802,0.059735061897023205,1.0,-0.0,0,0
104,0.0,0.019801980198019802,0.059735061897023205,1.0,-0.0,0,0
105,0.0,0.09900990099009897,0.1147490154015875,1.0,-0.0,0,0
106,0.0,0.09900990099009897,0.1147490154015875,1.0,-0.0,0,0
107,0.0,0.07920792079207921,0.09781456661567106,1.0,-0.0,0,0
108,0.0,0.07920792079207921,0.09781456661567106,1.0,-0.0,0,0
109,0.0,0.07920792079207921,0.09781456661567106,1.0,-0.0,0,0
110,0.2,0.04554455445544555,0.08846854615322249,0.040415922396446834,1.3934475050229045,0,0
111,0.2,0.04554455445544555,0.08846854615322249,0.040415922396446834,1.3934475050229045,0,0
112,0.4,0.09504950495049502,0.11805036483793173,0.004894092325009834,2.310327842122744,0,0
113,0.4,0.09504950495049502,0.11805036483793173,0.004894092325009834,2.310327842122744,0,0
114,0.4,0.09504950495049502,0.11805036483793173,0.004894092325009834,2.310327842122744,0,0
115,0.2,0.049504950495049514,0.08631483056516186,0.040617958542992716,1.3912819080063723,0,0
116,0.6,0.12376237623762375,0.14291762832290003,0.0004307302913791218,3.36579458513034,0,0
117,0.4,0.09504950495049502,0.12771893462651168,0.008477810817850335,2.071716278930852,0,0
