,foreground,bg_means,bg_stdev,pvals,minus_logs,regs,active
2,0.0,0.24950495049504945,0.20567385619958475,1.0,-0.0,0,0
3,0.0,0.30198019801980197,0.22949803080317496,1.0,-0.0,0,0
4,0.0,0.5524752475247525,0.339070967017885,1.0,-0.0,0,0
5,0.6,0.7722772277227722,0.3797129744251175,1.0,-0.0,0,0
6,0.6,0.6772277227722773,0.3625763663142783,1.0,-0.0,0,0
7,0.6,0.6673267326732674,0.3507019582819433,1.0,-0.0,0,0
8,0.6,0.6158415841584159,0.32173190772594434,1.0,-0.0,0,0
9,0.6,0.28316831683168314,0.22910471769355642,0.0833459119250783,1.0791156972387512,0,0
10,0.0,0.0613861386138614,0.11166631429601336,1.0,-0.0,0,0
11,0.0,0.08316831683168316,0.12670172889541695,1.0,-0.0,0,0
12,0.0,0.07920792079207921,0.1261123431927973,1.0,-0.0,0,0
13,0.0,0.07920792079207921,0.1261123431927973,1.0,-0.0,0,0
14,0.0,0.05346534653465347,0.09704990696905227,1.0,-0.0,0,0
15,0.0,0.021782178217821784,0.06230547612891991,1.0,-0.0,0,0
16,0.0,0.0,0.0,1.0,-0.0,0,0
17,0.0,0.0,0.0,1.0,-0.0,0,0
18,0.0,0.0,0.0,1.0,-0.0,0,0
19,0.0,0.0,0.0,1.0,-0.0,0,0
20,0.0,0.0,0.0,1.0,-0.0,0,0
21,1.6,0.3287128712871287,0.24142179254064425,6.977710116774717e-08,7.156287076920037,0,0
22,2.4,0.5564356435643565,0.31791892658042736,3.338549327390696e-09,8.476442202639927,0,0
23,2.6,0.6910891089108909,0.37180294203134856,1.4167287316461555e-07,6.848713298395692,0,0
24,2.6,0.6910891089108909,0.37180294203134856,1.4167287316461555e-07,6.848713298395692,0,0
25,5.8,0.9940594059405942,0.4671001296557297,1.0000000395424783e-17,16.99999998282692,0,0
26,4.2,0.6653465346534653,0.39311793598982764,1.0122127175919934e-17,16.99472821045212,0,0
27,3.4,0.4415841584158416,0.3009119231463228,1.0000041190856896e-17,16.9999982111075,0,0
28,3.2,0.304950495049505,0.2397920871797323,1e-17,17.0,0,0
29,3.2,0.304950495049505,0.2397920871797323,1e-17,17.0,0,0
30,1.0,0.1386138613861386,0.14554118673277588,1.6244126377861284e-09,8.789303640396339,0,0
31,1.0,0.1386138613861386,0.14554118673277588,1.6244126377861284e-09,8.789303640396339,0,0
32,1.2,0.4891089108910891,0.2917685879776934,0.0074153008462615015,2.1298712245114166,0,0
33,1.2,0.5425742574257425,0.3163362463004492,0.018843178441610518,1.7248458391638593,0,0
34,1.2,0.5425742574257425,0.3163362463004492,0.018843178441610518,1.7248458391638593,0,0
35,0.2,0.40792079207920795,0.2741984423830909,1.0,-0.0,0,0
36,0.2,0.4118811881188119,0.2740553997303477,1.0,-0.0,0,0
37,0.4,0.30495049504950494,0.23979208717973233,0.345911255624103,0.46103530622528044,0,0
38,0.4,0.25346534653465347,0.23696277705586677,0.2681601984018789,0.571605681731167,0,0
39,0.4,0.25346534653465347,0.23696277705586677,0.2681601984018789,0.571605681731167,0,0
40,0.4,0.2633663366336634,0.2436206970175002,0.2874513045607785,0.5414357160238794,0,0
41,0.4,0.48514851485148514,0.3087458304889784,1.0,-0.0,0,0
42,0.0,0.2356435643564356,0.218720020142322,1.0,-0.0,0,0
43,0.2,0.26534653465346536,0.22883070986019358,1.0,-0.0,0,0
44,0.2,0.26534653465346536,0.22883070986019358,1.0,-0.0,0,0
45,0.2,0.2792079207920792,0.23391495098367848,1.0,-0.0,0,0
46,0.2,0.06930693069306931,0.11409790329416186,0.12601207675801535,0.8995878309298326,0,0
47,0.2,0.06930693069306931,0.11409790329416186,0.12601207675801535,0.8995878309298326,0,0
48,0.0,0.03960396039603961,0.08452453849668534,1.0,-0.0,0,0
49,0.0,0.03960396039603961,0.08452453849668534,1.0,-0.0,0,0
50,0.0,0.015841584158415842,0.05401260078014202,1.0,-0.0,0,0
51,0.0,0.0,0.0,1.0,-0.0,0,0
52,0.0,0.0,0.0,1.0,-0.0,0,0
53,0.0,0.027722772277227727,0.06910862719451544,1.0,-0.0,0,0
54,0.0,0.09108910891089109,0.12113245340338318,1.0,-0.0,0,0
55,0.2,0.43366336633663366,0.26561239821159943,1.0,-0.0,0,0
56,0.2,0.43366336633663366,0.26561239821159943,1.0,-0.0,0,0
57,0.2,0.4396039603960395,0.26997587274699825,1.0,-0.0,0,0
58,0.2,0.4118811881188118,0.2667320117304196,1.0,-0.0,0,0
59,0.2,0.34851485148514855,0.2604694396418785,1.0,-0.0,0,0
60,0.2,0.39603960396039606,0.2594437278803957,1.0,-0.0,0,0
61,0.4,0.5148514851485148,0.29564031485086917,1.0,-0.0,0,0
62,0.4,0.6673267326732673,0.32246234284438685,1.0,-0.0,0,0
63,0.4,0.6930693069306929,0.33485845265628467,1.0,-0.0,0,0
64,0.4,0.6930693069306929,0.33485845265628467,1.0,-0.0,0,0
65,0.2,0.3148514851485148,0.2538363621221713,1.0,-0.0,0,0
66,0.0,0.3227722772277228,0.257897511349297,1.0,-0.0,0,0
67,0.0,0.16633663366336635,0.1781518029535443,1.0,-0.0,0,0
68,0.0,0.14059405940594058,0.15036471688371983,1.0,-0.0,0,0
69,0.0,0.14059405940594058,0.15036471688371983,1.0,-0.0,0,0
70,0.0,0.1287128712871287,0.13954426081146826,1.0,-0.0,0,0
71,0.2,0.3168316831683169,0.22562095038715396,1.0,-0.0,0,0
72,0.4,0.6673267326732674,0.33922127212717956,1.0,-0.0,0,0
73,0.4,1.3465346534653462,0.4865649156237727,1.0,-0.0,0,0
74,0.4,1.40990099009901,0.5013852001305092,1.0,-0.0,0,0
75,0.4,1.588118811881188,0.5241281546696382,1.0,-0.0,0,0
76,0.2,1.2950495049504949,0.47311402297689154,1.0,-0.0,0,0
77,0.0,0.9445544554455445,0.3638287181401646,1.0,-0.0,0,0
78,0.0,0.34059405940594056,0.23638289873887772,1.0,-0.0,0,0
79,0.0,0.32277227722772284,0.2250989609077415,1.0,-0.0,0,0
80,0.0,0.16633663366336635,0.18036114909680317,1.0,-0.0,0,0
81,0.0,0.13861386138613863,0.17517758855125917,1.0,-0.0,0,0
82,0.0,0.13861386138613863,0.17517758855125917,1.0,-0.0,0,0
83,0.0,0.11089108910891088,0.14752142995793407,1.0,-0.0,0,0
84,0.0,0.08514851485148514,0.1269490726718781,1.0,-0.0,0,0
85,0.0,0.1287128712871287,0.15307840071356582,1.0,-0.0,0,0
86,0.0,0.14257425742574256,0.1575471230171571,1.0,-0.0,0,0
87,0.0,0.16435643564356434,0.1766487584013007,1.0,-0.0,0,0
88,0.0,0.2039603960396039,0.19084013945594866,1.0,-0.0,0,0
89,0.0,0.18415841584158413,0.1772913210740546,1.0,-0.0,0,0
90,0.0,0.11683168316831682,0.14146987009498416,1.0,-0.0,0,0
91,0.0,0.10495049504950493,0.13078304733432372,1.0,-0.0,0,0
92,0.0,0.21584158415841584,0.19022273201620324,1.0,-0.0,0,0
93,0.0,0.2356435643564357,0.21690174734920176,1.0,-0.0,0,0
94,0.0,0.2356435643564357,0.21690174734920176,1.0,-0.0,0,0
95,0.0,0.23762376237623767,0.21565074677325913,1.0,-0.0,0,0
96,0.0,0.27722772277227725,0.22859068357565784,1.0,-0.0,0,0
97,0.0,0.1881188118811881,0.16844491341098405,1.0,-0.0,0,0
98,0.0,0.1782178217821782,0.19881030333482982,1.0,-0.0,0,0
99,0.0,0.3009900990099009,0.269394278205186,1.0,-0.0,0,0
100,0.0,0.29900990099009894,0.2664378327374916,1.0,-0.0,0,0
101,0.0,0.34059405940594056,0.2836041788509807,1.0,-0.0,0,0
102,0.0,0.3900990099009901,0.27049823867769,1.0,-0.0,0,0
103,0.0,0.3415841584158416,0.2553457476406316,1.0,-0.0,0,0
104,0.0,0.25544554455445545,0.1972460129099239,1.0,-0.0,0,0
105,0.2,0.2930693069306931,0.20978887347562816,1.0,-0.0,0,0
106,0.2,0.22178217821782173,0.19478546736408614,1.0,-0.0,0,0
107,0.2,0.14257425742574253,0.15501295675866084,0.35552074633585173,0.44913505103467577,0,0
108,0.2,0.2435643564356435,0.22268204993487845,1.0,-0.0,0,0
109,0.2,0.2396039603960396,0.22518604318145743,1.0,-0.0,0,0
110,0.0,0.2455445544554455,0.22317455428042607,1.0,-0.0,0,0
111,0.0,0.2693069306930693,0.23787115834368716,1.0,-0.0,0,0
112,0.0,0.2613861386138614,0.21753356269084295,1.0,-0.0,0,0
113,0.0,0.1584158415841584,0.17647108799335678,1.0,-0.0,0,0
114,0.0,0.15445544554455448,0.18854563356305173,1.0,-0.0,0,0
115,0.0,0.10891089108910891,0.15549283508436104,1.0,-0.0,0,0
116,0.0,0.2217821782178218,0.2046992289576329,1.0,-0.0,0,0
117,0.0,0.4732673267326733,0.30012904455900824,1.0,-0.0,0,0
118,0.0,0.4297029702970297,0.2819818667210609,1.0,-0.0,0,0
119,0.0,0.44554455445544555,0.2895967672797141,1.0,-0.0,0,0
120,0.0,0.8079207920792079,0.3754029302799047,1.0,-0.0,0,0
121,0.0,0.679207920792079,0.36160172601094254,1.0,-0.0,0,0
122,0.0,0.4237623762376238,0.29955363322535733,1.0,-0.0,0,0
123,0.0,0.4237623762376238,0.29955363322535733,1.0,-0.0,0,0
124,0.0,0.3960396039603961,0.27715699239154384,1.0,-0.0,0,0
125,0.0,0.039603960396039604,0.08452453849668534,1.0,-0.0,0,0
126,0.0,0.2198019801980198,0.21526856446672366,1.0,-0.0,0,0
127,0.0,0.2594059405940594,0.23470150320838107,1.0,-0.0,0,0
128,0.0,0.3089108910891089,0.2602736602082813,1.0,-0.0,0,0
129,0.0,0.32673267326732675,0.2544226969718657,1.0,-0.0,0,0
130,0.0,0.5049504950495048,0.3051947074089719,1.0,-0.0,0,0
131,0.0,0.5108910891089108,0.30762616830423667,1.0,-0.0,0,0
132,0.0,0.4693069306930692,0.2889868181095366,1.0,-0.0,0,0
133,0.0,0.4198019801980198,0.2904485441997635,1.0,-0.0,0,0
134,0.0,0.3900990099009901,0.2777223310562846,1.0,-0.0,0,0
135,0.0,0.2059405940594059,0.19991175388711227,1.0,-0.0,0,0
136,0.0,0.04752475247524753,0.09397077637785879,1.0,-0.0,0,0
137,0.0,0.17227722772277226,0.18245781385805057,1.0,-0.0,0,0
138,0.2,0.20990099009900992,0.19371559764587087,1.0,-0.0,0,0
139,0.2,0.203960396039604,0.19084013945594866,1.0,-0.0,0,0
140,0.2,0.2594059405940594,0.2225763715061151,1.0,-0.0,0,0
141,0.2,0.23168316831683167,0.22112703802207725,1.0,-0.0,0,0
142,0.2,0.1425742574257426,0.15243666735776418,0.35319133363039,0.45198996138743514,0,0
143,0.0,0.10297029702970298,0.1367627457412436,1.0,-0.0,0,0
144,0.0,0.29504950495049503,0.21543243990430327,1.0,-0.0,0,0
145,0.0,0.5207920792079209,0.3005990163825097,1.0,-0.0,0,0
146,0.0,1.2613861386138614,0.5008844251248131,1.0,-0.0,0,0
147,0.0,1.2277227722772277,0.5003204541173147,1.0,-0.0,0,0
148,0.0,1.4732673267326735,0.5689822578293079,1.0,-0.0,0,0
149,0.2,1.7168316831683168,0.5742096258699617,1.0,-0.0,0,0
150,0.2,1.435643564356436,0.51465342725115,1.0,-0.0,0,0
151,0.2,0.6792079207920791,0.34131859385553326,1.0,-0.0,0,0
152,0.2,0.6910891089108911,0.3487173129295844,1.0,-0.0,0,0
153,0.2,0.5564356435643565,0.3407667073358931,1.0,-0.0,0,0
154,0.2,0.14653465346534655,0.17551302816760664,0.38032656057065384,0.41984334404285467,0,0
155,0.2,0.14653465346534655,0.17551302816760664,0.38032656057065384,0.41984334404285467,0,0
156,0.4,0.5306930693069308,0.32631836918993296,1.0,-0.0,0,0
157,0.6,0.5683168316831684,0.33858490988501383,0.46272328462893886,0.33467864588280205,0,0
158,0.6,0.47128712871287143,0.30126355477934985,0.33460101962025224,0.4754727399582791,0,0
159,0.4,0.4455445544554456,0.2963556708727958,1.0,-0.0,0,0
160,0.4,0.5900990099009901,0.34626863905797084,1.0,-0.0,0,0
161,0.2,0.2475247524752475,0.2254122996485762,1.0,-0.0,0,0
162,0.0,0.19801980198019797,0.19190560696373415,1.0,-0.0,0,0
163,0.0,0.18415841584158413,0.18387074305594647,1.0,-0.0,0,0
164,0.0,0.36831683168316826,0.27392659747787057,1.0,-0.0,0,0
165,0.0,0.2415841584158416,0.21492219487073477,1.0,-0.0,0,0
166,0.0,0.2475247524752475,0.21275843197724023,1.0,-0.0,0,0
167,0.0,0.2475247524752475,0.21275843197724023,1.0,-0.0,0,0
168,0.0,0.29306930693069305,0.23304162962257063,1.0,-0.0,0,0
169,0.0,0.2514851485148515,0.2173712712881203,1.0,-0.0,0,0
170,0.0,0.23366336633663365,0.2030837644683788,1.0,-0.0,0,0
171,0.0,0.23168316831683167,0.23669786609875537,1.0,-0.0,0,0
172,0.0,0.27326732673267323,0.2575171201110314,1.0,-0.0,0,0
173,0.0,0.44554455445544555,0.29501627828061294,1.0,-0.0,0,0
174,0.0,0.30693069306930687,0.23133595036055812,1.0,-0.0,0,0
175,0.0,0.30693069306930687,0.23133595036055812,1.0,-0.0,0,0
176,0.0,0.2633663366336633,0.22326238715968955,1.0,-0.0,0,0
177,0.0,0.22178217821782176,0.21415454787478452,1.0,-0.0,0,0
178,0.0,0.0039603960396039604,0.02786385599895107,1.0,-0.0,0,0
179,0.0,0.0059405940594059415,0.03395332316729158,1.0,-0.0,0,0
180,0.0,0.0059405940594059415,0.03395332316729158,1.0,-0.0,0,0
181,0.0,0.0059405940594059415,0.03395332316729158,1.0,-0.0,0,0
182,0.0,0.0059405940594059415,0.03395332316729158,1.0,-0.0,0,0
183,0.0,0.011881188118811883,0.047276579747775535,1.0,-0.0,0,0
184,0.0,0.0059405940594059415,0.03395332316729158,1.0,-0.0,0,0
185,0.0,0.013861386138613863,0.05079507064705211,1.0,-0.0,0,0
186,0.0,0.03762376237623763,0.07816140339006158,1.0,-0.0,0,0
187,0.0,0.06534653465346535,0.10571364605971598,1.0,-0.0,0,0
188,0.0,0.05940594059405942,0.0996808946427978,1.0,-0.0,0,0
189,0.0,0.10495049504950495,0.1367053908443026,1.0,-0.0,0,0
190,0.0,0.09702970297029703,0.1367627457412436,1.0,-0.0,0,0
191,0.0,0.07326732673267328,0.11848138852793338,1.0,-0.0,0,0
192,0.0,0.04950495049504951,0.09504950495049506,1.0,-0.0,0,0
193,0.0,0.15445544554455443,0.16858452795083376,1.0,-0.0,0,0
194,0.0,0.1069306930693069,0.13661931335176508,1.0,-0.0,0,0
195,0.0,0.1069306930693069,0.13661931335176508,1.0,-0.0,0,0
196,0.0,0.17227722772277226,0.1689330594949795,1.0,-0.0,0,0
197,0.0,0.16831683168316827,0.16345931947317976,1.0,-0.0,0,0
198,0.0,0.201980198019802,0.1856112183041662,1.0,-0.0,0,0
199,0.0,0.29900990099009894,0.22093189197594218,1.0,-0.0,0,0
200,0.0,0.4693069306930692,0.26466589222342374,1.0,-0.0,0,0
201,0.0,0.46138613861386135,0.2710340656787575,1.0,-0.0,0,0
202,0.0,0.6396039603960395,0.3044486033200402,1.0,-0.0,0,0
203,0.0,0.8356435643564357,0.3759039687815376,1.0,-0.0,0,0
204,0.0,0.7762376237623763,0.41005880159151614,1.0,-0.0,0,0
205,0.0,0.6297029702970297,0.3769456599899205,1.0,-0.0,0,0
206,0.0,0.5762376237623763,0.3507131390626607,1.0,-0.0,0,0
207,0.2,1.011881188118812,0.46825717075443146,1.0,-0.0,0,0
208,0.2,0.689108910891089,0.39045568455813817,1.0,-0.0,0,0
209,0.2,0.6534653465346534,0.37956837300970736,1.0,-0.0,0,0
210,0.2,0.6277227722772277,0.3691356808377673,1.0,-0.0,0,0
211,0.2,0.6554455445544554,0.3880581888398872,1.0,-0.0,0,0
212,0.0,0.041584158415841586,0.0987719913927915,1.0,-0.0,0,0
213,0.0,0.02970297029702971,0.08622392497852373,1.0,-0.0,0,0
214,0.0,0.02970297029702971,0.08622392497852373,1.0,-0.0,0,0
215,0.0,0.02970297029702971,0.08622392497852373,1.0,-0.0,0,0
216,0.0,0.0,0.0,1.0,-0.0,0,0
217,0.0,0.0059405940594059415,0.03395332316729158,1.0,-0.0,0,0
218,0.0,0.07920792079207921,0.11966689053257921,1.0,-0.0,0,0
219,0.0,0.20198019801980194,0.1856112183041662,1.0,-0.0,0,0
220,0.6,0.32079207920792085,0.24223253359798858,0.12452823015602678,0.9047321842212065,0,0
221,1.2,0.6712871287128714,0.3216100072526087,0.050092591032657764,1.3002265039047571,0,0
222,1.2,0.7287128712871285,0.3313150018160805,0.07744428016425883,1.1110106525959553,0,0
223,1.2,0.689108910891089,0.32270545381290966,0.05669365748809642,1.2464655243874112,0,0
224,1.2,0.5683168316831684,0.28939359373167206,0.014525928707023007,1.8378560916783058,0,0
225,0.6,0.44752475247524764,0.27882144448045315,0.2922387498617103,0.5342621986161579,0,0
226,0.0,0.11287128712871286,0.13024224675172552,1.0,-0.0,0,0
227,0.0,0.11287128712871287,0.13324834725751067,1.0,-0.0,0,0
228,0.0,0.28316831683168314,0.23082688508352958,1.0,-0.0,0,0
229,0.0,0.300990099009901,0.243121226130175,1.0,-0.0,0,0
230,0.0,0.4138613861386139,0.2628969240356105,1.0,-0.0,0,0
231,0.0,0.42970297029702975,0.26158108541827535,1.0,-0.0,0,0
232,0.0,0.4217821782178218,0.2562501718506217,1.0,-0.0,0,0
233,0.0,0.2158415841584158,0.18601217530007724,1.0,-0.0,0,0
234,0.0,0.19801980198019795,0.1746170905746424,1.0,-0.0,0,0
235,0.0,0.08514851485148514,0.11378818137472194,1.0,-0.0,0,0
236,0.0,0.07920792079207921,0.11966689053257921,1.0,-0.0,0,0
237,0.0,0.043564356435643575,0.08721867542790195,1.0,-0.0,0,0
238,0.0,0.043564356435643575,0.08721867542790195,1.0,-0.0,0,0
239,0.0,0.05940594059405942,0.0996808946427978,1.0,-0.0,0,0
240,0.0,0.05940594059405942,0.0996808946427978,1.0,-0.0,0,0
241,0.0,0.033663366336633666,0.07482947971362845,1.0,-0.0,0,0
242,0.0,0.015841584158415842,0.05401260078014202,1.0,-0.0,0,0
243,0.0,0.14257425742574256,0.16004116713803365,1.0,-0.0,0,0
244,0.0,0.27128712871287125,0.2190603848498573,1.0,-0.0,0,0
245,1.2,0.3920792079207921,0.2562807743672234,0.0008094411559780011,3.091814717711021,0,0
246,2.6,0.7524752475247525,0.3714019624398162,3.2714637756548417e-07,6.485257884205695,0,0
247,2.6,0.7524752475247525,0.3714019624398162,3.2714637756548417e-07,6.485257884205695,0,0
248,2.6,0.9029702970297027,0.38032176204115636,4.058217434241189e-06,5.391664687721267,0,0
249,2.8,1.0297029702970295,0.42718154242569656,1.705510418000696e-05,4.7681456233885715,0,0
250,1.8,0.9623762376237626,0.4171690269652241,0.02232822420559929,1.6511458155929781,0,0
251,0.4,0.6158415841584158,0.33262611641340295,1.0,-0.0,0,0
252,1.0,0.7821782178217823,0.38082662555742797,0.2836708140514923,0.5471853450234048,0,0
253,1.0,0.502970297029703,0.30392007988831166,0.05098302330768131,1.2925744143176827,0,0
254,3.8,0.697029702970297,0.36868926129596086,2.9441176906630014e-17,16.53104483313077,0,0
255,3.6,0.6455445544554455,0.37004809761645036,7.184630226039636e-16,15.14359557894563,0,0
256,3.6,0.6316831683168317,0.36666295340525307,2.951679237965285e-16,15.529930839515197,0,0
257,4.6,0.6336633663366337,0.31973913492181244,1e-17,17.0,0,0
258,5.6,0.7742574257425743,0.3431518052622765,1e-17,17.0,0,0
259,2.6,0.30792079207920797,0.25858838744642976,1.0386615723464851e-17,16.983525935796706,0,0
260,2.6,0.30792079207920797,0.25858838744642976,1.0386615723464851e-17,16.983525935796706,0,0
261,2.6,0.30792079207920797,0.25858838744642976,1.0386615723464851e-17,16.983525935796706,0,0
262,2.0,0.3108910891089109,0.21521391159118455,2.115016160978654e-15,14.674686309803342,0,0
263,4.0,0.37821782178217817,0.26386463691271167,1e-17,17.0,0,0
264,5.0,0.7108910891089107,0.32147586334385236,1e-17,17.0,0,0
265,5.2,0.7247524752475246,0.3280322190750458,1e-17,17.0,1,0
266,5.2,0.7247524752475246,0.3280322190750458,1e-17,17.0,0,0
267,4.2,0.5524752475247524,0.2730807226269978,1e-17,17.0,0,0
268,1.4,0.35841584158415846,0.22394630134846624,1.651292201145791e-06,5.782176070215842,0,0
269,0.4,0.057425742574257435,0.09885135821266287,0.0002645747299198917,3.577451638532636,0,0
270,0.2,0.04356435643564357,0.08721867542790195,0.036438310127516485,1.438441772185106,0,0
271,0.2,0.06534653465346535,0.10571364605971598,0.10137482685028305,0.9940698745616096,0,0
272,0.4,0.09108910891089109,0.12750384183766536,0.007701602182696177,2.1134189181103133,0,0
273,0.2,0.13663366336633662,0.16870078513860487,0.35360202891216197,0.4514852517392013,0,0
274,0.2,0.10495049504950495,0.1423816080178024,0.2522044715005415,0.5982472177994327,0,0
275,0.2,0.10495049504950495,0.1423816080178024,0.2522044715005415,0.5982472177994327,0,0
276,0.2,0.13465346534653466,0.15443005630372467,0.33609419630453174,0.4735389868898756,0,0
277,0.0,0.39009900990098995,0.2491589617429834,1.0,-0.0,0,0
278,0.0,0.3504950495049505,0.2293442060026321,1.0,-0.0,0,0
279,0.0,0.43366336633663366,0.27151107328320967,1.0,-0.0,0,0
280,0.0,0.4811881188118813,0.281689693498349,1.0,-0.0,0,0
281,0.0,0.4435643564356436,0.25733433258999144,1.0,-0.0,0,0
282,0.0,0.16237623762376235,0.17283397009132112,1.0,-0.0,0,0
283,0.0,0.14455445544554452,0.16439221845954266,1.0,-0.0,0,0
284,0.0,0.10495049504950493,0.14513649268759363,1.0,-0.0,0,0
285,0.0,0.08316831683168316,0.10996786833199856,1.0,-0.0,0,0
286,0.0,0.08118811881188118,0.11320083903331847,1.0,-0.0,0,0
287,0.0,0.11881188118811879,0.13838736799727644,1.0,-0.0,0,0
288,0.0,0.2514851485148515,0.18594892377930267,1.0,-0.0,0,0
289,0.0,0.20594059405940596,0.1767818940250744,1.0,-0.0,0,0
290,0.0,0.19603960396039602,0.16645446086073276,1.0,-0.0,0,0
291,0.0,0.33069306930693076,0.25083724132419777,1.0,-0.0,0,0
292,0.0,0.2910891089108911,0.23297431545894154,1.0,-0.0,0,0
293,0.0,0.1603960396039604,0.18025241263723207,1.0,-0.0,0,0
294,0.0,0.1603960396039604,0.18025241263723207,1.0,-0.0,0,0
295,0.0,0.14455445544554454,0.16196518848854283,1.0,-0.0,0,0
296,0.0,0.0,0.0,1.0,-0.0,0,0
297,0.0,0.0,0.0,1.0,-0.0,0,0
298,0.0,0.0,0.0,1.0,-0.0,0,0
299,0.0,0.0,0.0,1.0,-0.0,0,0
300,0.0,0.0,0.0,1.0,-0.0,0,0
301,0.0,0.0,0.0,1.0,-0.0,0,0
302,0.0,0.0,0.0,1.0,-0.0,0,0
303,0.0,0.0,0.0,1.0,-0.0,0,0
304,0.0,0.0,0.0,1.0,-0.0,0,0
305,0.0,0.0,0.0,1.0,-0.0,0,0
306,0.0,0.0,0.0,1.0,-0.0,0,0
307,0.0,0.0,0.0,1.0,-0.0,0,0
308,0.0,0.0,0.0,1.0,-0.0,0,0
309,0.0,0.0,0.0,1.0,-0.0,0,0
310,0.0,0.10891089108910891,0.13650445892763632,1.0,-0.0,0,0
311,0.0,0.14455445544554454,0.16439221845954263,1.0,-0.0,0,0
312,0.0,0.15049504950495046,0.16746435256923542,1.0,-0.0,0,0
313,0.0,0.21386138613861388,0.21296106787335986,1.0,-0.0,0,0
314,0.0,0.21386138613861388,0.21296106787335986,1.0,-0.0,0,0
315,0.0,0.10297029702970295,0.16317120058972406,1.0,-0.0,0,0
316,0.0,0.06930693069306931,0.12407485305204392,1.0,-0.0,0,0
317,0.0,0.06336633663366337,0.12245247393061628,1.0,-0.0,0,0
318,0.0,0.0,0.0,1.0,-0.0,0,0
319,0.0,0.0,0.0,1.0,-0.0,0,0
320,0.0,0.36039603960396044,0.2670258666302982,1.0,-0.0,0,0
321,0.0,0.4000000000000001,0.28284271247461906,1.0,-0.0,0,0
322,0.0,0.4000000000000001,0.28284271247461906,1.0,-0.0,0,0
323,0.0,0.47326732673267324,0.30665589742822025,1.0,-0.0,0,0
324,0.0,0.4851485148514851,0.3138348366195381,1.0,-0.0,0,0
325,0.0,0.23168316831683167,0.2101063818566501,1.0,-0.0,0,0
326,0.0,0.2158415841584158,0.19434208548729184,1.0,-0.0,0,0
327,0.0,0.2158415841584158,0.19434208548729184,1.0,-0.0,0,0
328,0.0,0.14257425742574256,0.1575471230171571,1.0,-0.0,0,0
329,0.0,0.12871287128712872,0.15046899201198313,1.0,-0.0,0,0
330,0.0,0.023762376237623766,0.06471340450838887,1.0,-0.0,0,0
331,0.0,0.0,0.0,1.0,-0.0,0,0
332,0.0,0.0,0.0,1.0,-0.0,0,0
333,0.0,0.0,0.0,1.0,-0.0,0,0
334,0.0,0.0,0.0,1.0,-0.0,0,0
335,0.0,0.0,0.0,1.0,-0.0,0,0
336,0.0,0.0297029702970297,0.07648795214189293,1.0,-0.0,0,0
337,0.0,0.0297029702970297,0.07648795214189293,1.0,-0.0,0,0
338,0.0,0.0297029702970297,0.07648795214189293,1.0,-0.0,0,0
339,0.0,0.0297029702970297,0.07648795214189293,1.0,-0.0,0,0
340,0.0,0.11881188118811879,0.14399729871443837,1.0,-0.0,0,0
341,0.4,0.13465346534653466,0.14653465346534658,0.0350850711392183,1.4548776385497693,0,0
342,0.4,0.13465346534653466,0.14653465346534658,0.0350850711392183,1.4548776385497693,0,0
343,0.4,0.13465346534653466,0.14653465346534658,0.0350850711392183,1.4548776385497693,0,0
344,0.4,0.13465346534653466,0.14653465346534658,0.0350850711392183,1.4548776385497693,0,0
345,0.8,0.08118811881188118,0.12951766673875514,1.4290527315428598e-08,7.844951745599819,0,0
346,0.4,0.03762376237623762,0.09211646217515253,4.1790629669572686e-05,4.3789210851865805,0,0
347,0.4,0.03762376237623762,0.09211646217515253,4.1790629669572686e-05,4.3789210851865805,0,0
348,0.4,0.03762376237623762,0.09211646217515253,4.1790629669572686e-05,4.3789210851865805,0,0
349,0.4,0.03762376237623762,0.09211646217515253,4.1790629669572686e-05,4.3789210851865805,0,0
350,0.0,0.0,0.0,1.0,-0.0,0,0
351,0.0,0.0,0.0,1.0,-0.0,0,0
352,0.0,0.0,0.0,1.0,-0.0,0,0
353,0.0,0.0,0.0,1.0,-0.0,0,0
354,0.0,0.0,0.0,1.0,-0.0,0,0
355,0.0,0.0,0.0,1.0,-0.0,0,0
356,0.0,0.0,0.0,1.0,-0.0,0,0
357,0.0,0.0,0.0,1.0,-0.0,0,0
358,0.0,0.0,0.0,1.0,-0.0,0,0
359,0.0,0.023762376237623766,0.07056843438101175,1.0,-0.0,0,0
360,0.0,0.023762376237623766,0.07056843438101175,1.0,-0.0,0,0
361,0.0,0.023762376237623766,0.07056843438101175,1.0,-0.0,0,0
362,0.0,0.023762376237623766,0.07056843438101175,1.0,-0.0,0,0
363,0.0,0.023762376237623766,0.07056843438101175,1.0,-0.0,0,0
364,0.2,0.07326732673267328,0.11848138852793338,0.14239023387273103,0.8465197966586488,0,0
365,0.2,0.16831683168316833,0.19847472496357743,0.4365849867542502,0.3599312028501751,0,0
366,0.2,0.40198019801980206,0.29583919836804906,1.0,-0.0,0,0
367,0.2,0.40198019801980206,0.29583919836804906,1.0,-0.0,0,0
368,0.2,0.40198019801980206,0.29583919836804906,1.0,-0.0,0,0
369,0.0,0.3267326732673268,0.27963593343683724,1.0,-0.0,0,0
370,0.0,0.23366336633663368,0.20885222769798348,1.0,-0.0,0,0
371,0.0,0.0059405940594059415,0.03395332316729158,1.0,-0.0,0,0
372,0.0,0.04950495049504951,0.09912864166957489,1.0,-0.0,0,0
373,0.0,0.04950495049504951,0.09912864166957489,1.0,-0.0,0,0
374,0.0,0.07920792079207921,0.1322440226302099,1.0,-0.0,0,0
375,0.0,0.40792079207920795,0.27991624218147176,1.0,-0.0,0,0
376,0.0,0.40198019801980206,0.27789170838310306,1.0,-0.0,0,0
377,0.0,0.3861386138613862,0.2803921239308177,1.0,-0.0,0,0
378,0.2,0.43564356435643564,0.2903000013355394,1.0,-0.0,0,0
379,0.2,0.40594059405940597,0.2720737313354882,1.0,-0.0,0,0
380,0.2,0.07722772277227724,0.12258049537063101,0.15827697765574333,0.80058225130445,0,0
381,0.4,0.2910891089108911,0.23297431545894154,0.32007815977314835,0.4947439585131649,0,0
382,0.4,0.5069306930693069,0.30774086621881047,1.0,-0.0,0,0
383,0.2,0.4891089108910891,0.3114644394618893,1.0,-0.0,0,0
384,0.2,0.5267326732673268,0.30536168754378196,1.0,-0.0,0,0
385,0.2,0.5485148514851484,0.3091392910397866,1.0,-0.0,0,0
386,0.0,0.3346534653465347,0.22883070986019358,1.0,-0.0,0,0
387,0.0,0.08910891089108909,0.12420120222231065,1.0,-0.0,0,0
388,1.0,0.41584158415841593,0.2650360234313486,0.013759648748859632,1.8613926524652664,0,0
389,1.0,0.4376237623762377,0.2782019656522492,0.021615695647874356,1.665230783208206,0,0
390,1.0,0.4673267326732674,0.28876963681583684,0.03254565663418347,1.4875069618014436,0,0
391,1.0,0.48712871287128723,0.29032701478196044,0.0386535137632389,1.4128110207980995,0,0
392,1.0,0.5366336633663367,0.30171876363945993,0.06229914381556542,1.2055179218597791,0,0
393,0.0,0.17821782178217815,0.15389591467505306,1.0,-0.0,0,0
394,0.0,0.1168316831683168,0.1357555366416048,1.0,-0.0,0,0
395,0.0,0.07722772277227724,0.122580495370631,1.0,-0.0,0,0
396,0.0,0.057425742574257435,0.11021718851545143,1.0,-0.0,0,0
397,0.0,0.20990099009900992,0.20753382188631928,1.0,-0.0,0,0
398,0.0,0.20990099009900992,0.20753382188631928,1.0,-0.0,0,0
399,0.0,0.20990099009900992,0.20753382188631928,1.0,-0.0,0,0
400,0.0,0.22178217821782176,0.20662491026923688,1.0,-0.0,0,0
401,0.0,0.24950495049504953,0.2150863342093389,1.0,-0.0,0,0
402,0.2,0.15841584158415842,0.1672534844655737,0.40182367463540153,0.39596447908448523,0,0
403,0.2,0.15841584158415842,0.1672534844655737,0.40182367463540153,0.39596447908448523,0,0
404,0.2,0.16831683168316833,0.1728793392928091,0.4272940577813491,0.36927314671173983,0,0
405,0.2,0.24158415841584158,0.21492219487073477,1.0,-0.0,0,0
406,0.2,0.21386138613861383,0.2014942708422178,1.0,-0.0,0,0
407,0.0,0.18613861386138614,0.17633771771004506,1.0,-0.0,0,0
408,0.0,0.18613861386138614,0.17633771771004506,1.0,-0.0,0,0
409,0.0,0.29702970297029707,0.22091414287834574,1.0,-0.0,0,0
410,0.0,0.21188118811881188,0.19051110448801098,1.0,-0.0,0,0
411,0.0,0.22772277227722773,0.19906654038593571,1.0,-0.0,0,0
412,0.0,0.2732673267326733,0.21566892903767934,1.0,-0.0,0,0
413,0.0,0.3742574257425743,0.243185731630416,1.0,-0.0,0,0
414,0.0,0.2693069306930693,0.2276624974040361,1.0,-0.0,0,0
415,0.0,0.2594059405940594,0.22785187902800044,1.0,-0.0,0,0
416,0.0,0.2435643564356436,0.20986362454640434,1.0,-0.0,0,0
417,0.0,0.11683168316831684,0.14696218071508493,1.0,-0.0,0,0
418,0.0,0.017821782178217824,0.05698017651460656,1.0,-0.0,0,0
419,0.0,0.0,0.0,1.0,-0.0,0,0
420,0.0,0.03762376237623763,0.07816140339006158,1.0,-0.0,0,0
421,0.2,0.12871287128712872,0.16550949460567813,0.3333384496102347,0.47711458885834046,0,0
422,0.2,0.12871287128712872,0.16550949460567813,0.3333384496102347,0.47711458885834046,0,0
423,0.2,0.12871287128712872,0.16550949460567813,0.3333384496102347,0.47711458885834046,0,0
424,0.2,0.14752475247524752,0.17268643786632037,0.3806112177920143,0.4195184158562071,0,0
425,0.2,0.1089108910891089,0.13937555924568532,0.2567003926389665,0.5905734670480498,0,0
426,0.0,0.04356435643564357,0.09991664009142863,1.0,-0.0,0,0
427,0.0,0.05346534653465347,0.11566797518027906,1.0,-0.0,0,0
428,0.0,0.05346534653465347,0.11566797518027906,1.0,-0.0,0,0
429,0.0,0.03564356435643565,0.09500824186847648,1.0,-0.0,0,0
430,0.0,0.03564356435643565,0.09500824186847648,1.0,-0.0,0,0
431,0.0,0.013861386138613863,0.05079507064705211,1.0,-0.0,0,0
432,0.0,0.0039603960396039604,0.02786385599895107,1.0,-0.0,0,0
433,0.0,0.0039603960396039604,0.02786385599895107,1.0,-0.0,0,0
434,0.0,0.019801980198019802,0.059735061897023205,1.0,-0.0,0,0
435,0.0,0.041584158415841586,0.08590499787518362,1.0,-0.0,0,0
436,0.0,0.03762376237623762,0.08307396817189318,1.0,-0.0,0,0
437,0.2,0.06732673267326733,0.12032045569079852,0.13508613344131226,0.8693892289128149,0,0
438,0.2,0.06732673267326733,0.12032045569079852,0.13508613344131226,0.8693892289128149,0,0
439,0.2,0.05148514851485149,0.096075322540263,0.0610744044260142,1.2141407594058027,0,0
440,0.2,0.0910891089108911,0.12435895816322838,0.19057525368436834,0.7199334934461742,0,0
441,0.2,0.09504950495049506,0.12771893462651168,0.20561525732768132,0.6869446624035489,0,0
442,0.0,0.29702970297029707,0.224470971262468,1.0,-0.0,0,0
443,0.0,0.30891089108910896,0.22607236636059533,1.0,-0.0,0,0
444,0.2,0.40198019801980206,0.2556220128808701,1.0,-0.0,0,0
445,0.2,0.3386138613861387,0.24974057709444403,1.0,-0.0,0,0
446,0.2,0.3900990099009902,0.2585201413127539,1.0,-0.0,0,0
447,0.2,0.15841584158415845,0.1672534844655737,0.4018236746354016,0.3959644790844852,0,0
448,0.2,0.14653465346534653,0.1638426898490107,0.3720906672509391,0.42935122278214305,0,0
449,0.0,0.08316831683168316,0.13575553664160483,1.0,-0.0,0,0
450,0.0,0.10693069306930694,0.14776046024695158,1.0,-0.0,0,0
451,0.0,0.07722772277227724,0.11930590361498669,1.0,-0.0,0,0
452,0.0,0.19009900990099005,0.17660435755646176,1.0,-0.0,0,0
453,0.0,0.19009900990099005,0.17660435755646176,1.0,-0.0,0,0
454,0.0,0.23366336633663365,0.2050246194937787,1.0,-0.0,0,0
455,0.0,0.2158415841584158,0.1922934397831321,1.0,-0.0,0,0
456,0.0,0.19207920792079206,0.1755800391893932,1.0,-0.0,0,0
457,0.0,0.4752475247524752,0.27839922207202517,1.0,-0.0,0,0
458,0.4,0.5564356435643565,0.29598496134668345,1.0,-0.0,0,0
459,0.4,0.5089108910891088,0.30768989464641633,1.0,-0.0,0,0
460,0.4,0.5148514851485149,0.30095101361650906,1.0,-0.0,0,0
461,0.4,0.5227722772277228,0.31209328007676107,1.0,-0.0,0,0
462,0.4,0.1603960396039604,0.19298551113766996,0.10719864256608876,0.969810713988302,0,0
463,0.0,0.10099009900990098,0.15318082856090073,1.0,-0.0,0,0
464,0.0,0.07326732673267328,0.12811743461086583,1.0,-0.0,0,0
465,0.0,0.07326732673267328,0.12498799079651089,1.0,-0.0,0,0
466,0.0,0.14257425742574256,0.18527289727867036,1.0,-0.0,0,0
467,0.0,0.17425742574257425,0.21371465446704227,1.0,-0.0,0,0
468,0.4,0.48910891089108904,0.30243270754642815,1.0,-0.0,0,0
469,0.4,0.48910891089108904,0.30243270754642815,1.0,-0.0,0,0
470,0.4,0.4772277227722771,0.30177074378691077,1.0,-0.0,0,0
471,0.4,0.39999999999999997,0.2699468227794372,0.49999999999999994,0.30102999566398125,0,0
472,0.4,0.3366336633663367,0.22326238715968955,0.38827415322942305,0.4108615187597645,0,0
473,0.0,0.0,0.0,1.0,-0.0,0,0
474,0.0,0.26534653465346536,0.19922406091731848,1.0,-0.0,0,0
475,1.6,0.9623762376237625,0.4209493008555722,0.0649206292677707,1.187617279261764,0,0
476,1.6,0.9742574257425741,0.4237161074027999,0.06986506277331159,1.155739946398848,0,0
477,1.8,0.9861386138613862,0.42983526731042115,0.029150602438810406,1.53535246549682,0,0
478,1.8,0.9861386138613862,0.42983526731042115,0.029150602438810406,1.53535246549682,0,0
479,1.8,0.7188118811881188,0.3703658537195507,0.0017544099984274787,2.7558689062681143,0,0
480,0.2,0.061386138613861385,0.10046456153636296,0.08383506191077846,1.0765743106091494,0,0
481,0.2,0.049504950495049514,0.09504950495049506,0.056672754609762954,1.2466256777282643,0,0
482,0.2,0.11485148514851484,0.14445948324625327,0.2777869816875792,0.5562881110596215,0,0
483,0.2,0.11485148514851484,0.14445948324625327,0.2777869816875792,0.5562881110596215,0,0
484,0.2,0.11485148514851484,0.14445948324625327,0.2777869816875792,0.5562881110596215,0,0
485,0.2,0.4158415841584158,0.2665261205289701,1.0,-0.0,0,0
486,0.2,0.4158415841584158,0.2665261205289701,1.0,-0.0,0,0
487,0.0,0.3445544554455445,0.24065720558288065,1.0,-0.0,0,0
488,0.0,0.3445544554455445,0.24065720558288065,1.0,-0.0,0,0
489,0.0,0.36633663366336633,0.2502581747006666,1.0,-0.0,0,0
490,0.0,0.02772277227722772,0.06910862719451544,1.0,-0.0,0,0
491,0.0,0.0297029702970297,0.07112192077650681,1.0,-0.0,0,0
492,0.0,0.0594059405940594,0.09968089464279778,1.0,-0.0,0,0
493,0.0,0.07524752475247524,0.12219602867755656,1.0,-0.0,0,0
494,0.0,0.11089108910891088,0.15536669501729133,1.0,-0.0,0,0
495,0.0,0.18217821782178217,0.18260818825185748,1.0,-0.0,0,0
496,0.0,0.2930693069306931,0.24464863701355244,1.0,-0.0,0,0
497,0.0,0.2574257425742575,0.22398131757905299,1.0,-0.0,0,0
498,0.0,0.2495049504950495,0.21323707922331575,1.0,-0.0,0,0
499,0.0,0.2693069306930693,0.2378711583436872,1.0,-0.0,0,0
500,0.0,0.19999999999999998,0.2029485619852508,1.0,-0.0,0,0
501,0.0,0.08514851485148514,0.130031327995105,1.0,-0.0,0,0
502,0.0,0.22574257425742572,0.2042389715366862,1.0,-0.0,0,0
503,0.0,0.30297029702970296,0.21546883974234365,1.0,-0.0,0,0
504,0.0,0.22574257425742572,0.19225265211912826,1.0,-0.0,0,0
505,0.0,0.30297029702970296,0.22269965813084433,1.0,-0.0,0,0
506,0.0,0.3336633663366337,0.2405757235403951,1.0,-0.0,0,0
507,0.0,0.194059405940594,0.18552669588707663,1.0,-0.0,0,0
508,0.0,0.1069306930693069,0.1422989641443302,1.0,-0.0,0,0
509,0.0,0.1069306930693069,0.1422989641443302,1.0,-0.0,0,0
510,0.0,0.04356435643564357,0.08721867542790195,1.0,-0.0,0,0
511,0.0,0.12574257425742572,0.14257425742574256,1.0,-0.0,0,0
512,0.0,0.12574257425742572,0.14257425742574256,1.0,-0.0,0,0
513,0.0,0.12574257425742572,0.14257425742574256,1.0,-0.0,0,0
514,0.0,0.16831683168316833,0.17057311261273692,1.0,-0.0,0,0
515,0.0,0.15445544554455443,0.17091758912506996,1.0,-0.0,0,0
516,0.4,0.6831683168316832,0.4242802424632706,1.0,-0.0,0,0
517,0.4,0.6831683168316832,0.4242802424632706,1.0,-0.0,0,0
518,0.4,0.6831683168316832,0.4242802424632706,1.0,-0.0,0,0
519,0.4,0.6415841584158416,0.4100874880654811,1.0,-0.0,0,0
520,0.4,0.6415841584158416,0.4100874880654811,1.0,-0.0,0,0
521,0.0,0.0,0.0,1.0,-0.0,0,0
522,0.0,0.0,0.0,1.0,-0.0,0,0
523,0.0,0.0,0.0,1.0,-0.0,0,0
524,0.0,0.0,0.0,1.0,-0.0,0,0
525,0.0,0.0,0.0,1.0,-0.0,0,0
526,0.0,0.0,0.0,1.0,-0.0,0,0
527,0.0,0.0,0.0,1.0,-0.0,0,0
528,0.0,0.0,0.0,1.0,-0.0,0,0
529,0.0,0.0,0.0,1.0,-0.0,0,0
530,0.0,0.0,0.0,1.0,-0.0,0,0
531,0.0,0.0,0.0,1.0,-0.0,0,0
532,0.0,0.0,0.0,1.0,-0.0,0,0
533,0.0,0.0,0.0,1.0,-0.0,0,0
534,0.0,0.0,0.0,1.0,-0.0,0,0
535,0.0,0.0,0.0,1.0,-0.0,0,0
536,0.0,0.0,0.0,1.0,-0.0,0,0
537,0.0,0.0,0.0,1.0,-0.0,0,0
538,0.0,0.0,0.0,1.0,-0.0,0,0
539,0.0,0.0,0.0,1.0,-0.0,0,0
540,0.0,0.0,0.0,1.0,-0.0,0,0
541,0.0,0.0,0.0,1.0,-0.0,0,0
542,0.0,0.0,0.0,1.0,-0.0,0,0
543,0.0,0.0,0.0,1.0,-0.0,0,0
544,0.0,0.0,0.0,1.0,-0.0,0,0
545,0.0,0.0,0.0,1.0,-0.0,0,0
546,0.0,0.0,0.0,1.0,-0.0,0,0
547,0.0,0.0,0.0,1.0,-0.0,0,0
548,0.0,0.031683168316831684,0.07826167463512675,1.0,-0.0,0,0
549,0.4,0.15247524752475242,0.1519471373722842,0.051654513247132196,1.2868917265607631,0,0
550,0.4,0.17227722772277226,0.16417740457959706,0.08271279113430975,1.0824273237063449,0,0
551,0.4,0.17227722772277226,0.16417740457959706,0.08271279113430975,1.0824273237063449,0,0
552,0.4,0.24752475247524752,0.22007832062494737,0.24421042489526312,0.6122358007602967,0,0
553,0.6,0.25346534653465347,0.2122787054773449,0.051292222507846486,1.289948482412474,0,0
554,0.2,0.13267326732673265,0.16477341831853243,0.3414159160913106,0.46671623685482533,0,0
555,0.2,0.18613861386138614,0.22027422287104986,0.4749119736365655,0.3233868807049156,0,0
556,0.4,0.25742574257425743,0.24589562893109523,0.2810193019721465,0.5512638493045293,0,0
557,0.4,0.25148514851485143,0.22098513071529308,0.2507733483789564,0.6007186212184945,0,0
558,0.2,0.21386138613861383,0.20920864708209408,1.0,-0.0,0,0
559,0.8,0.33267326732673275,0.26141613989242374,0.03691434146756774,1.4328048747574986,0,0
560,0.8,0.3158415841584158,0.2407630910117455,0.02216627343859718,1.6543073137005646,0,0
561,0.6,0.3188118811881188,0.2289506286383308,0.10969336149637444,0.9598196545832711,0,0
562,0.6,0.38811881188118813,0.2401678986607145,0.18882862644456205,0.7239321659463582,0,0
563,0.6,0.394059405940594,0.23790412503476682,0.19334234537413952,0.7136730174237518,0,0
564,0.0,0.300990099009901,0.22448843914088534,1.0,-0.0,0,0
565,0.0,0.3465346534653466,0.2531247711885116,1.0,-0.0,0,0
566,0.0,0.6099009900990099,0.2983469143231557,1.0,-0.0,0,0
567,0.0,0.499009900990099,0.2588990588516065,1.0,-0.0,0,0
568,0.0,0.5623762376237623,0.25440728442016464,1.0,-0.0,0,0
569,0.0,0.5801980198019802,0.2509466441574794,1.0,-0.0,0,0
570,0.0,0.502970297029703,0.24634172736766713,1.0,-0.0,0,0
571,0.0,0.16633663366336632,0.16902587986434298,1.0,-0.0,0,0
572,0.0,0.22574257425742578,0.20032323649173034,1.0,-0.0,0,0
573,0.0,0.16435643564356434,0.17210643633774864,1.0,-0.0,0,0
574,0.0,0.29306930693069305,0.21720885862656772,1.0,-0.0,0,0
575,0.0,0.27128712871287125,0.19817815450608794,1.0,-0.0,0,0
576,0.4,0.3544554455445545,0.21778577560186177,0.41717514286500096,0.37968157665532437,0,0
577,0.4,0.36435643564356435,0.25077470399055957,0.44348715602002964,0.3531189533979824,0,0
578,0.4,0.35742574257425747,0.2522557772561454,0.43298714122803783,0.3635250010522466,0,0
579,0.4,0.18217821782178217,0.2126662609241008,0.15286041971350695,0.8157049522938303,0,0
580,0.4,0.36039603960396044,0.26404290377478473,0.4403860055294103,0.35616649037676484,0,0
581,0.0,0.3544554455445545,0.25621956567889714,1.0,-0.0,0,0
582,0.0,0.25346534653465347,0.20660593209144543,1.0,-0.0,0,0
583,0.0,0.2910891089108911,0.21530499200983352,1.0,-0.0,0,0
584,0.0,0.30891089108910896,0.21530499200983352,1.0,-0.0,0,0
585,0.0,0.12871287128712872,0.16065252686710352,1.0,-0.0,0,0
586,0.0,0.19603960396039605,0.1801653762185231,1.0,-0.0,0,0
587,0.0,0.19603960396039605,0.1801653762185231,1.0,-0.0,0,0
588,0.0,0.18217821782178217,0.18260818825185748,1.0,-0.0,0,0
589,0.2,0.19009900990099005,0.18320845158368915,0.4784507662669938,0.3201627455332333,0,0
590,0.4,0.3465346534653466,0.21597779333759973,0.4022412219835433,0.3955134246328005,0,0
591,1.0,0.4435643564356436,0.29194324742941963,0.028326921843336916,1.5478006157049062,0,0
592,1.0,0.4435643564356436,0.29194324742941963,0.028326921843336916,1.5478006157049062,0,0
593,1.0,0.5267326732673269,0.31681930668896024,0.06761285883137173,1.1699707006791653,0,0
594,0.8,0.510891089108911,0.30243270754642815,0.1695501145340052,0.7707019125124378,0,0
595,0.6,0.60990099009901,0.35530072341387886,1.0,-0.0,0,0
596,0.0,0.3861386138613862,0.30475755758472883,1.0,-0.0,0,0
597,0.0,0.3861386138613862,0.30475755758472883,1.0,-0.0,0,0
598,0.0,0.2792079207920792,0.232215686562678,1.0,-0.0,0,0
599,0.2,0.4118811881188119,0.27260646161351326,1.0,-0.0,0,0
600,0.2,0.2316831683168317,0.19444294287406302,1.0,-0.0,0,0
601,0.2,0.22772277227722773,0.18885733097134835,1.0,-0.0,0,0
602,0.2,0.22970297029702968,0.18750290002005252,1.0,-0.0,0,0
603,0.2,0.5920792079207922,0.3305210912270309,1.0,-0.0,0,0
604,0.0,0.49306930693069306,0.29859652758472977,1.0,-0.0,0,0
605,0.0,0.4178217821782178,0.29664661764995814,1.0,-0.0,0,0
606,0.0,0.41980198019801973,0.297188076590172,1.0,-0.0,0,0
607,0.0,0.4178217821782178,0.29396438108607453,1.0,-0.0,0,0
608,0.0,0.09306930693069305,0.13368903310588712,1.0,-0.0,0,0
609,0.0,0.06732673267326733,0.12032045569079852,1.0,-0.0,0,0
610,0.0,0.09108910891089106,0.13357165904190144,1.0,-0.0,0,0
611,0.0,0.13762376237623758,0.17052712983454243,1.0,-0.0,0,0
612,0.0,0.18217821782178217,0.1992043776627215,1.0,-0.0,0,0
613,0.2,0.22574257425742567,0.20423897153668616,1.0,-0.0,0,0
614,0.2,0.291089108910891,0.2525509496292023,1.0,-0.0,0,0
615,0.2,0.2673267326732673,0.25216249314426303,1.0,-0.0,0,0
616,0.2,0.2079207920792079,0.22501184493214715,1.0,-0.0,0,0
617,0.2,0.16435643564356434,0.18752381151289846,0.4246252304150444,0.37199420445996645,0,0
618,0.0,0.08118811881188118,0.12642288870900886,1.0,-0.0,0,0
619,0.0,0.0,0.0,1.0,-0.0,0,0
620,0.0,0.0,0.0,1.0,-0.0,0,0
621,0.0,0.049504950495049514,0.09912864166957487,1.0,-0.0,0,0
622,0.0,0.07722772277227724,0.1124710639300034,1.0,-0.0,0,0
623,0.0,0.07722772277227724,0.1124710639300034,1.0,-0.0,0,0
624,0.0,0.15247524752475247,0.1519471373722842,1.0,-0.0,0,0
625,0.0,0.15247524752475247,0.1519471373722842,1.0,-0.0,0,0
626,0.0,0.10099009900990097,0.1308729634998678,1.0,-0.0,0,0
627,0.0,0.07326732673267328,0.10798889666879985,1.0,-0.0,0,0
628,0.2,0.4277227722772278,0.2772277227722772,1.0,-0.0,0,0
629,0.2,0.4178217821782179,0.2686217258613767,1.0,-0.0,0,0
630,0.2,0.4495049504950496,0.28060181519078575,1.0,-0.0,0,0
631,0.2,0.4495049504950496,0.28060181519078575,1.0,-0.0,0,0
632,0.2,0.4495049504950496,0.28060181519078575,1.0,-0.0,0,0
633,0.0,0.09504950495049502,0.13670539084430264,1.0,-0.0,0,0
634,0.0,0.031683168316831684,0.0730260947112308,1.0,-0.0,0,0
635,0.0,0.0,0.0,1.0,-0.0,0,0
636,0.0,0.0,0.0,1.0,-0.0,0,0
637,0.0,0.0,0.0,1.0,-0.0,0,0
638,0.0,0.0,0.0,1.0,-0.0,0,0
639,0.0,0.0,0.0,1.0,-0.0,0,0
640,0.0,0.009900990099009901,0.04338396495090425,1.0,-0.0,0,0
641,0.0,0.015841584158415842,0.05401260078014202,1.0,-0.0,0,0
642,0.0,0.05742574257425742,0.10656335878870264,1.0,-0.0,0,0
643,0.0,0.13663366336633664,0.17784339104410066,1.0,-0.0,0,0
644,0.0,0.16237623762376235,0.19235460506266758,1.0,-0.0,0,0
645,0.0,0.16237623762376235,0.1795767770099744,1.0,-0.0,0,0
646,0.0,0.23762376237623759,0.21565074677325918,1.0,-0.0,0,0
647,0.0,0.2376237623762376,0.2062640262970264,1.0,-0.0,0,0
648,0.0,0.1900990099009901,0.17883282225545563,1.0,-0.0,0,0
649,0.0,0.1821782178217822,0.17821782178217824,1.0,-0.0,0,0
650,0.0,0.1722772277227723,0.17582552776572766,1.0,-0.0,0,0
651,0.0,0.2059405940594059,0.21882756092738695,1.0,-0.0,0,0
652,0.0,0.16435643564356434,0.19780186026407592,1.0,-0.0,0,0
653,0.2,0.2772277227722772,0.2532486697623472,1.0,-0.0,0,0
654,0.2,0.29108910891089107,0.2602736602082813,1.0,-0.0,0,0
655,0.2,0.3148514851485148,0.268986413810486,1.0,-0.0,0,0
656,0.4,0.3346534653465347,0.2565713162256716,0.39948068900187206,0.3985042097483137,0,0
657,0.4,0.3663366336633664,0.2611009545366598,0.44870709450401214,0.3480370637863228,0,0
658,0.2,0.24158415841584152,0.20161100017759087,1.0,-0.0,0,0
659,0.2,0.31287128712871287,0.22762804745341073,1.0,-0.0,0,0
660,0.2,0.500990099009901,0.29197010884065827,1.0,-0.0,0,0
661,0.0,0.36435643564356446,0.25077470399055957,1.0,-0.0,0,0
662,0.0,0.43564356435643564,0.26609912484027587,1.0,-0.0,0,0
663,0.0,0.6376237623762376,0.3192973365662792,1.0,-0.0,0,0
664,0.0,0.6554455445544554,0.33669189944727856,1.0,-0.0,0,0
665,0.0,0.7603960396039605,0.3828189365772506,1.0,-0.0,0,0
666,0.2,0.9821782178217824,0.4098770739662813,1.0,-0.0,0,0
667,0.2,0.9821782178217822,0.42318828513328627,1.0,-0.0,0,0
668,0.2,0.798019801980198,0.35094785317406557,1.0,-0.0,0,0
669,0.2,0.8782178217821781,0.3700692898449484,1.0,-0.0,0,0
670,0.2,0.6415841584158414,0.3188057314455146,1.0,-0.0,0,0
671,0.0,0.41980198019801973,0.2849421695644202,1.0,-0.0,0,0
672,0.0,0.32673267326732675,0.2465167594603536,1.0,-0.0,0,0
673,0.0,0.3722772277227723,0.28705359208508113,1.0,-0.0,0,0
674,0.0,0.23168316831683167,0.2229108479916085,1.0,-0.0,0,0
675,0.0,0.15445544554455445,0.17549068547409524,1.0,-0.0,0,0
676,0.0,0.17821782178217818,0.1885872229831149,1.0,-0.0,0,0
677,0.0,0.1782178217821782,0.1968081743835003,1.0,-0.0,0,0
678,0.0,0.09108910891089109,0.13650445892763632,1.0,-0.0,0,0
679,0.2,0.4356435643564356,0.2748840109724199,1.0,-0.0,0,0
680,0.6,0.4772277227722772,0.2924397841441205,0.33730821798758254,0.4719730777755711,0,0
681,0.6,0.7257425742574258,0.3419957342524005,1.0,-0.0,0,0
682,0.6,0.717821782178218,0.33901313961625057,1.0,-0.0,0,0
