,foreground,bg_means,bg_stdev,pvals,minus_logs,regs,active
2,0.0,0.0,0.0,1.0,-0.0,0,0
3,0.0,0.0,0.0,1.0,-0.0,0,0
4,0.0,0.0,0.0,1.0,-0.0,0,0
5,0.0,0.0,0.0,1.0,-0.0,0,0
6,0.0,0.0,0.0,1.0,-0.0,0,0
7,0.0,0.017821782178217824,0.05698017651460656,1.0,-0.0,0,0
8,0.0,0.017821782178217824,0.05698017651460656,1.0,-0.0,0,0
9,0.0,0.017821782178217824,0.05698017651460656,1.0,-0.0,0,0
10,0.0,0.017821782178217824,0.05698017651460656,1.0,-0.0,0,0
11,0.0,0.017821782178217824,0.05698017651460656,1.0,-0.0,0,0
12,0.0,0.0,0.0,1.0,-0.0,0,0
13,0.0,0.0,0.0,1.0,-0.0,0,0
14,0.0,0.0,0.0,1.0,-0.0,0,0
15,0.0,0.0,0.0,1.0,-0.0,0,0
16,0.0,0.0,0.0,1.0,-0.0,0,0
17,0.0,0.0,0.0,1.0,-0.0,0,0
18,0.0,0.0,0.0,1.0,-0.0,0,0
19,0.0,0.0,0.0,1.0,-0.0,0,0
20,0.0,0.0,0.0,1.0,-0.0,0,0
21,0.0,0.025742574257425745,0.06697637435757531,1.0,-0.0,0,0
22,0.0,0.025742574257425745,0.06697637435757531,1.0,-0.0,0,0
23,0.0,0.08514851485148513,0.12054836637801526,1.0,-0.0,0,0
24,0.0,0.08514851485148513,0.12054836637801526,1.0,-0.0,0,0
25,0.0,0.08514851485148513,0.12054836637801526,1.0,-0.0,0,0
26,0.0,0.0594059405940594,0.09138994660763824,1.0,-0.0,0,0
27,0.0,0.0594059405940594,0.09138994660763824,1.0,-0.0,0,0
28,0.0,0.0,0.0,1.0,-0.0,0,0
29,0.0,0.0,0.0,1.0,-0.0,0,0
30,0.0,0.0,0.0,1.0,-0.0,0,0
31,0.0,0.0,0.0,1.0,-0.0,0,0
32,0.0,0.0,0.0,1.0,-0.0,0,0
33,0.0,0.0,0.0,1.0,-0.0,0,0
34,0.0,0.0,0.0,1.0,-0.0,0,0
35,0.0,0.0,0.0,1.0,-0.0,0,0
36,0.0,0.0,0.0,1.0,-0.0,0,0
37,0.0,0.0,0.0,1.0,-0.0,0,0
38,0.0,0.0,0.0,1.0,-0.0,0,0
39,0.0,0.0,0.0,1.0,-0.0,0,0
40,0.0,0.0,0.0,1.0,-0.0,0,0
41,0.0,0.0,0.0,1.0,-0.0,0,0
42,0.0,0.0,0.0,1.0,-0.0,0,0
43,0.0,0.0,0.0,1.0,-0.0,0,0
44,0.0,0.0,0.0,1.0,-0.0,0,0
45,0.0,0.0,0.0,1.0,-0.0,0,0
46,0.0,0.0,0.0,1.0,-0.0,0,0
47,0.0,0.0,0.0,1.0,-0.0,0,0
48,0.0,0.051485148514851475,0.08744317689433512,1.0,-0.0,0,0
49,0.0,0.051485148514851475,0.08744317689433512,1.0,-0.0,0,0
50,0.0,0.051485148514851475,0.08744317689433512,1.0,-0.0,0,0
51,0.0,0.051485148514851475,0.08744317689433512,1.0,-0.0,0,0
52,0.0,0.051485148514851475,0.08744317689433512,1.0,-0.0,0,0
53,0.0,0.0,0.0,1.0,-0.0,0,0
54,0.0,0.0,0.0,1.0,-0.0,0,0
55,0.0,0.0,0.0,1.0,-0.0,0,0
56,0.0,0.0,0.0,1.0,-0.0,0,0
57,0.0,0.0,0.0,1.0,-0.0,0,0
58,0.0,0.0,0.0,1.0,-0.0,0,0
59,0.0,0.0,0.0,1.0,-0.0,0,0
60,0.0,0.0,0.0,1.0,-0.0,0,0
61,0.0,0.0,0.0,1.0,-0.0,0,0
62,0.0,0.0,0.0,1.0,-0.0,0,0
63,0.2,0.04158415841584159,0.08116396646304633,0.025480968483881664,1.5937840693032386,0,0
64,0.2,0.04158415841584159,0.08116396646304633,0.025480968483881664,1.5937840693032386,0,0
65,0.2,0.04158415841584159,0.08116396646304633,0.025480968483881664,1.5937840693032386,0,0
66,0.2,0.04158415841584159,0.08116396646304633,0.025480968483881664,1.5937840693032386,0,0
67,0.2,0.04158415841584159,0.08116396646304633,0.025480968483881664,1.5937840693032386,0,0
68,0.0,0.0,0.0,1.0,-0.0,0,0
69,0.0,0.0,0.0,1.0,-0.0,0,0
70,0.0,0.0,0.0,1.0,-0.0,0,0
71,0.0,0.0,0.0,1.0,-0.0,0,0
72,0.0,0.0,0.0,1.0,-0.0,0,0
73,0.0,0.0,0.0,1.0,-0.0,0,0
74,0.0,0.0,0.0,1.0,-0.0,0,0
75,0.0,0.0,0.0,1.0,-0.0,0,0
76,0.0,0.0,0.0,1.0,-0.0,0,0
77,0.0,0.05346534653465347,0.08851285797476045,1.0,-0.0,0,0
78,0.0,0.05346534653465347,0.08851285797476045,1.0,-0.0,0,0
79,0.0,0.10693069306930694,0.13069306930693073,1.0,-0.0,0,0
80,0.0,0.10693069306930694,0.13069306930693073,1.0,-0.0,0,0
81,0.0,0.10693069306930694,0.13069306930693073,1.0,-0.0,0,0
82,0.0,0.05346534653465347,0.08851285797476045,1.0,-0.0,0,0
83,0.0,0.05346534653465347,0.08851285797476045,1.0,-0.0,0,0
84,0.0,0.025742574257425748,0.0669763743575753,1.0,-0.0,0,0
85,0.0,0.025742574257425748,0.0669763743575753,1.0,-0.0,0,0
86,0.0,0.025742574257425748,0.0669763743575753,1.0,-0.0,0,0
87,0.0,0.03762376237623763,0.07816140339006158,1.0,-0.0,0,0
88,0.2,0.06336633663366337,0.09304823860966917,0.0709954233253661,1.1487696468950523,0,0
89,0.2,0.03762376237623762,0.07816140339006157,0.018880122929825723,1.7239951823064261,0,0
90,0.2,0.03762376237623762,0.07816140339006157,0.018880122929825723,1.7239951823064261,0,0
91,0.2,0.03762376237623762,0.07816140339006157,0.018880122929825723,1.7239951823064261,0,0
92,0.2,0.025742574257425738,0.0669763743575753,0.0046371400013480064,2.3337497919853587,0,0
93,0.0,0.021782178217821784,0.06230547612891991,1.0,-0.0,0,0
94,0.0,0.021782178217821784,0.06230547612891991,1.0,-0.0,0,0
95,0.0,0.021782178217821784,0.06230547612891991,1.0,-0.0,0,0
96,0.0,0.021782178217821784,0.06230547612891991,1.0,-0.0,0,0
97,0.0,0.021782178217821784,0.06230547612891991,1.0,-0.0,0,0
98,0.0,0.0,0.0,1.0,-0.0,0,0
99,0.0,0.031683168316831684,0.0730260947112308,1.0,-0.0,0,0
100,0.0,0.05544554455445545,0.08952597667688965,1.0,-0.0,0,0
101,0.0,0.05544554455445545,0.08952597667688965,1.0,-0.0,0,0
102,0.0,0.05544554455445545,0.08952597667688965,1.0,-0.0,0,0
103,0.0,0.05544554455445545,0.08952597667688965,1.0,-0.0,0,0
104,0.0,0.023762376237623766,0.06471340450838889,1.0,-0.0,0,0
105,0.0,0.0,0.0,1.0,-0.0,0,0
106,0.0,0.0,0.0,1.0,-0.0,0,0
107,0.0,0.0,0.0,1.0,-0.0,0,0
108,0.0,0.05148514851485149,0.08744317689433512,1.0,-0.0,0,0
109,0.2,0.09504950495049502,0.13078304733432372,0.21113830602558953,0.6754329671360485,0,0
110,0.2,0.09504950495049502,0.13078304733432372,0.21113830602558953,0.6754329671360485,0,0
111,0.2,0.09504950495049502,0.13078304733432372,0.21113830602558953,0.6754329671360485,3,0
112,0.2,0.09504950495049502,0.13078304733432372,0.21113830602558953,0.6754329671360485,0,0
113,0.2,0.04356435643564357,0.08255312311158745,0.029048226759887566,1.5368803738382273,0,0
114,0.0,0.01386138613861386,0.05079507064705211,1.0,-0.0,0,0
115,0.0,0.05544554455445545,0.09797478714338996,1.0,-0.0,0,0
116,0.0,0.05544554455445545,0.09797478714338996,1.0,-0.0,0,0
117,0.0,0.05544554455445545,0.09797478714338996,1.0,-0.0,5,0
118,0.0,0.05544554455445545,0.09797478714338996,1.0,-0.0,0,0
119,0.0,0.041584158415841586,0.08116396646304633,1.0,-0.0,0,0
120,0.0,0.0,0.0,1.0,-0.0,0,0
121,0.0,0.0,0.0,1.0,-0.0,0,0
122,0.0,0.0,0.0,1.0,-0.0,0,0
123,0.0,0.0,0.0,1.0,-0.0,0,0
124,0.0,0.0,0.0,1.0,-0.0,0,0
125,0.0,0.0,0.0,1.0,-0.0,0,0
126,0.0,0.0,0.0,1.0,-0.0,0,0
127,0.0,0.0,0.0,1.0,-0.0,0,0
128,0.0,0.0,0.0,1.0,-0.0,0,0
129,0.0,0.0,0.0,1.0,-0.0,0,0
130,0.0,0.0,0.0,1.0,-0.0,0,0
131,0.0,0.0,0.0,1.0,-0.0,0,0
