,foreground,bg_means,bg_stdev,pvals,minus_logs,regs,active
2,0.0,0.24356435643564353,0.21728105701932995,1.0,-0.0,0,0
3,0.0,0.24356435643564353,0.21728105701932995,1.0,-0.0,0,0
4,0.0,0.0,0.0,1.0,-0.0,0,0
5,0.0,0.0,0.0,1.0,-0.0,0,0
6,0.0,0.21980198019801975,0.201980198019802,1.0,-0.0,0,0
7,0.0,0.21980198019801975,0.201980198019802,1.0,-0.0,0,0
8,0.0,0.21980198019801975,0.201980198019802,1.0,-0.0,0,0
9,0.0,0.21980198019801975,0.201980198019802,1.0,-0.0,0,0
10,0.0,0.21980198019801975,0.201980198019802,1.0,-0.0,0,0
11,0.0,0.0,0.0,1.0,-0.0,0,0
12,0.0,0.05148514851485149,0.09607532254026299,1.0,-0.0,0,0
13,0.0,0.3445544554455446,0.23398199453649784,1.0,-0.0,0,0
14,0.0,0.3445544554455446,0.23398199453649784,1.0,-0.0,0,0
15,0.0,0.3445544554455446,0.23398199453649784,1.0,-0.0,0,0
16,0.0,0.3445544554455446,0.23398199453649784,1.0,-0.0,0,0
17,0.0,0.29108910891089107,0.2243136991446542,1.0,-0.0,0,0
18,0.0,0.0,0.0,1.0,-0.0,0,0
19,0.0,0.0,0.0,1.0,-0.0,0,0
20,0.0,0.0,0.0,1.0,-0.0,0,0
21,0.0,0.0,0.0,1.0,-0.0,0,0
22,0.0,0.0,0.0,1.0,-0.0,0,0
23,0.0,0.0,0.0,1.0,-0.0,0,0
24,0.0,0.22574257425742572,0.19018150025414607,1.0,-0.0,0,0
25,0.0,0.22574257425742572,0.19018150025414607,1.0,-0.0,0,0
26,0.0,0.22574257425742572,0.19018150025414607,1.0,-0.0,0,0
27,0.0,0.22574257425742572,0.19018150025414607,1.0,-0.0,0,0
28,0.0,0.22574257425742572,0.19018150025414607,1.0,-0.0,0,0
29,0.0,0.04356435643564357,0.08255312311158745,1.0,-0.0,0,0
30,0.0,0.04356435643564357,0.08255312311158745,1.0,-0.0,0,0
31,0.0,0.11089108910891088,0.13342479626077638,1.0,-0.0,0,0
32,0.0,0.11089108910891088,0.13342479626077638,1.0,-0.0,0,0
33,0.0,0.11089108910891088,0.13342479626077638,1.0,-0.0,0,0
34,0.0,0.06732673267326733,0.11000352009767247,1.0,-0.0,0,0
35,0.0,0.06732673267326733,0.11000352009767247,1.0,-0.0,0,0
36,0.0,0.0,0.0,1.0,-0.0,0,0
37,0.0,0.0,0.0,1.0,-0.0,0,0
38,0.0,0.0,0.0,1.0,-0.0,0,0
39,0.0,0.0,0.0,1.0,-0.0,0,0
40,0.0,0.0,0.0,1.0,-0.0,0,0
41,0.0,0.0,0.0,1.0,-0.0,0,0
42,0.0,0.0,0.0,1.0,-0.0,0,0
43,0.0,0.0,0.0,1.0,-0.0,0,0
44,0.0,0.0,0.0,1.0,-0.0,0,0
45,0.0,0.0,0.0,1.0,-0.0,0,0
46,0.0,0.2752475247524752,0.21033021684397973,1.0,-0.0,0,0
47,0.2,0.6871287128712872,0.3485936004640387,1.0,-0.0,0,0
48,0.2,0.6871287128712872,0.3485936004640387,1.0,-0.0,0,0
49,0.2,0.700990099009901,0.3522192863040647,1.0,-0.0,0,0
50,0.2,0.700990099009901,0.3522192863040647,1.0,-0.0,0,0
51,0.2,0.4594059405940595,0.2692778085593596,1.0,-0.0,0,0
52,0.0,0.21386138613861383,0.1955088324308512,1.0,-0.0,0,0
53,0.0,0.21386138613861383,0.1955088324308512,1.0,-0.0,0,0
54,0.0,0.19999999999999998,0.1929448697744442,1.0,-0.0,0,0
55,0.0,0.19999999999999998,0.1929448697744442,1.0,-0.0,0,0
56,0.0,0.46138613861386146,0.2753828287713659,1.0,-0.0,0,0
57,0.0,0.3801980198019802,0.283548868430396,1.0,-0.0,0,0
58,0.0,0.3861386138613862,0.2845979282886603,1.0,-0.0,0,0
59,0.0,0.7405940594059405,0.3843931098953341,1.0,-0.0,0,0
60,0.0,0.801980198019802,0.41696218648028055,1.0,-0.0,0,0
61,0.0,0.504950495049505,0.33607408354181045,1.0,-0.0,0,0
62,0.0,0.4217821782178218,0.3182887288766425,1.0,-0.0,0,0
63,0.0,0.41584158415841593,0.3167697959359327,1.0,-0.0,0,0
64,0.0,0.061386138613861385,0.10806149425459212,1.0,-0.0,0,0
65,0.0,0.0,0.0,1.0,-0.0,0,0
66,0.0,0.0,0.0,1.0,-0.0,0,0
67,0.0,0.0,0.0,1.0,-0.0,0,0
68,0.0,0.05742574257425742,0.10277971700879983,1.0,-0.0,0,0
69,0.0,0.11089108910891088,0.14481192315867106,1.0,-0.0,0,0
70,0.2,0.13465346534653463,0.16436836411443276,0.34547671951240155,0.46158121291482246,0,0
71,0.2,0.13465346534653463,0.16436836411443276,0.34547671951240155,0.46158121291482246,0,0
72,0.2,0.1584158415841584,0.1742124154290913,0.40566987655624714,0.39182724009234904,0,0
73,0.2,0.09900990099009899,0.13965661530697393,0.23479954625540894,0.6293027466874661,0,0
74,0.2,0.04554455445544555,0.08846854615322249,0.040415922396446834,1.3934475050229045,0,0
75,0.0,0.021782178217821784,0.06230547612891991,1.0,-0.0,0,0
76,0.0,0.021782178217821784,0.06230547612891991,1.0,-0.0,0,0
77,0.2,0.08514851485148514,0.12054836637801526,0.17036041751406306,0.7686313042414473,0,0
78,0.2,0.14455445544554454,0.16196518848854283,0.3660512769211982,0.4364580738293654,0,0
79,0.2,0.14455445544554454,0.16196518848854283,0.3660512769211982,0.4364580738293654,0,0
80,0.2,0.17029702970297028,0.16976661583645794,0.430554136113715,0.3659722343675697,0,0
81,0.2,0.2693069306930693,0.23111549307669602,1.0,-0.0,0,0
82,0.0,0.18415841584158413,0.1860121753000773,1.0,-0.0,0,0
83,0.0,0.13267326732673268,0.16477341831853246,1.0,-0.0,0,0
84,0.0,0.17821782178217818,0.18858722298311487,1.0,-0.0,0,0
85,0.0,0.15247524752475247,0.17153590358580373,1.0,-0.0,0,0
86,0.0,0.05148514851485149,0.10773441987117183,1.0,-0.0,0,0
87,0.0,0.11089108910891086,0.15536669501729133,1.0,-0.0,0,0
88,0.0,0.17029702970297028,0.1853786889262329,1.0,-0.0,0,0
89,0.0,0.16435643564356434,0.1721064363377486,1.0,-0.0,0,0
90,0.0,0.16435643564356434,0.1721064363377486,1.0,-0.0,0,0
91,0.0,0.16435643564356434,0.1721064363377486,1.0,-0.0,0,0
92,0.0,0.1287128712871287,0.1423540653909816,1.0,-0.0,0,0
93,0.2,0.11683168316831682,0.13575553664160483,0.2700595283135281,0.5685404952167608,0,0
94,0.2,0.16435643564356434,0.16264165701687974,0.4132650563523008,0.38377131495771094,0,0
95,0.2,0.20396039603960395,0.17571398456617043,1.0,-0.0,0,0
96,0.2,0.2693069306930693,0.1897066908831285,1.0,-0.0,0,0
97,0.2,0.2455445544554455,0.19270084159529285,1.0,-0.0,0,0
98,0.0,0.19009900990099005,0.17434741150934766,1.0,-0.0,0,0
99,0.0,0.10495049504950493,0.13078304733432372,1.0,-0.0,0,0
100,0.0,0.08316831683168316,0.11694909354640316,1.0,-0.0,0,0
101,0.0,0.017821782178217824,0.056980176514606566,1.0,-0.0,0,0
102,0.0,0.03564356435643565,0.07653920035678292,1.0,-0.0,0,0
103,0.0,0.03564356435643565,0.07653920035678292,1.0,-0.0,0,0
104,0.0,0.03564356435643565,0.07653920035678292,1.0,-0.0,0,0
105,0.0,0.06534653465346535,0.09793475658517417,1.0,-0.0,0,0
106,0.0,0.09504950495049502,0.12457948087149172,1.0,-0.0,0,0
107,0.0,0.07722772277227723,0.11593886073904515,1.0,-0.0,0,0
108,0.0,0.1841584158415841,0.20036238123787667,1.0,-0.0,0,0
109,0.0,0.23168316831683164,0.21932872072871898,1.0,-0.0,0,0
110,0.2,0.32079207920792085,0.26711396006205546,1.0,-0.0,0,0
111,0.4,0.3801980198019802,0.283548868430396,0.4721620104206561,0.32590895865583547,0,0
112,0.4,0.4118811881188119,0.2922385871583884,1.0,-0.0,0,0
113,1.0,0.7049504950495047,0.32892752147082954,0.18485822706242888,0.7331612165092839,0,0
114,3.2,1.081188118811881,0.38401548836522464,1.7191168234343942e-08,7.764694609613711,0,0
115,3.8,1.215841584158416,0.3957028271059845,3.276358458968212e-11,10.48460858913523,0,0
116,4.8,1.41980198019802,0.46798912612826454,2.5462479167853817e-13,12.594099313309986,0,0
117,6.4,1.724752475247525,0.4993869391254849,1.0003913033760434e-17,16.999830092343586,0,0
118,5.8,1.3247524752475246,0.47666455411257347,1.0003038052231339e-17,16.999868079106133,0,0
119,3.6,0.8990099009900988,0.3803320720771327,6.163337968070829e-13,12.210184016977445,0,0
120,3.0,0.6831683168316832,0.3368665472844479,3.0435813588587657e-12,11.51661508450366,0,0
121,1.8,0.39207920792079215,0.28132753481470163,2.7994748959672567e-07,6.5529234226472175,0,0
122,0.2,0.05544554455445545,0.1019369320889802,0.07808409030039497,1.1074374449781044,0,0
123,0.2,0.05544554455445545,0.1019369320889802,0.07808409030039497,1.1074374449781044,0,0
124,0.2,0.05544554455445545,0.1019369320889802,0.07808409030039497,1.1074374449781044,0,0
125,0.0,0.20990099009900987,0.16013914153786715,1.0,-0.0,0,0
126,0.0,0.20990099009900987,0.16013914153786715,1.0,-0.0,0,0
127,0.0,0.20990099009900987,0.16013914153786715,1.0,-0.0,0,0
128,0.6,0.40594059405940597,0.25244224206706195,0.2210274159550923,0.6555538536472756,0,0
129,0.6,0.40594059405940597,0.25244224206706195,0.2210274159550923,0.6555538536472756,0,0
130,0.6,0.32673267326732675,0.23500203879836512,0.12244932257574388,0.9120436131724247,0,0
131,0.6,0.32673267326732675,0.23500203879836512,0.12244932257574388,0.9120436131724247,0,0
132,0.6,0.32673267326732675,0.23500203879836512,0.12244932257574388,0.9120436131724247,0,0
133,0.0,0.12871287128712872,0.1630990913423683,1.0,-0.0,0,0
134,0.0,0.37029702970297035,0.27486974573402984,1.0,-0.0,0,0
135,0.0,0.2396039603960396,0.2087583319832626,1.0,-0.0,0,0
136,0.0,0.2792079207920792,0.23221568656267802,1.0,-0.0,0,0
137,0.0,0.2792079207920792,0.23221568656267802,1.0,-0.0,0,0
138,0.0,0.4613861386138614,0.27103406567875754,1.0,-0.0,0,0
139,0.0,0.22178217821782176,0.18433931283543808,1.0,-0.0,0,0
140,0.0,0.22178217821782176,0.18433931283543808,1.0,-0.0,0,0
141,0.0,0.18217821782178212,0.15694865125096522,1.0,-0.0,0,0
142,0.0,0.19999999999999998,0.1616744069461402,1.0,-0.0,0,0
143,0.0,0.017821782178217824,0.05698017651460656,1.0,-0.0,0,0
144,0.0,0.09108910891089109,0.13357165904190144,1.0,-0.0,0,0
145,0.0,0.299009900990099,0.23984113946360014,1.0,-0.0,0,0
146,0.0,0.5089108910891088,0.3011854498941123,1.0,-0.0,0,0
147,0.0,0.491089108910891,0.29854399476806964,1.0,-0.0,0,0
148,0.0,0.491089108910891,0.29854399476806964,1.0,-0.0,0,0
149,0.0,0.41782178217821786,0.2550076836753307,1.0,-0.0,0,0
150,0.0,0.2099009900990099,0.18320845158368912,1.0,-0.0,0,0
151,0.6,0.5841584158415843,0.30789373030616723,0.47948288708716774,0.3192268883394842,0,0
152,0.6,0.8574257425742574,0.3507690376204283,1.0,-0.0,0,0
153,0.8,1.0633663366336632,0.374356946273491,1.0,-0.0,0,0
154,0.8,1.0633663366336632,0.374356946273491,1.0,-0.0,0,0
155,0.8,1.0633663366336632,0.374356946273491,1.0,-0.0,0,0
156,0.2,0.47920792079207924,0.2758665309666218,1.0,-0.0,0,0
157,0.2,0.2059405940594059,0.19991175388711227,1.0,-0.0,0,0
158,0.0,0.0,0.0,1.0,-0.0,0,0
159,0.0,0.0,0.0,1.0,-0.0,0,0
160,0.0,0.0,0.0,1.0,-0.0,0,0
161,0.0,0.0,0.0,1.0,-0.0,0,0
162,0.0,0.3148514851485148,0.23772275165875512,1.0,-0.0,0,0
163,0.0,0.48910891089108904,0.28904108793501215,1.0,-0.0,0,0
164,0.0,0.5168316831683168,0.30216030986475206,1.0,-0.0,0,0
165,0.0,0.5168316831683168,0.30216030986475206,1.0,-0.0,0,0
166,0.0,0.5584158415841584,0.31126294214857125,1.0,-0.0,0,0
