,foreground,bg_means,bg_stdev,pvals,minus_logs,regs,active
2,0.4,0.08910891089108909,0.11423528793549272,0.0032493405126589594,2.488204774644586,0,0
3,0.2,0.1069306930693069,0.12448501897427097,0.2273402954616614,0.6433235799123768,0,0
4,0.2,0.1069306930693069,0.12448501897427097,0.2273402954616614,0.6433235799123768,0,0
5,0.0,0.03762376237623763,0.07816140339006157,1.0,-0.0,0,0
6,0.0,0.08712871287128712,0.11745095149573798,1.0,-0.0,0,0
7,0.0,0.08712871287128712,0.11745095149573798,1.0,-0.0,0,0
8,0.0,0.07920792079207921,0.11631029826208643,1.0,-0.0,0,0
9,0.0,0.07920792079207921,0.11631029826208643,1.0,-0.0,0,0
10,0.0,0.07920792079207921,0.11631029826208643,1.0,-0.0,0,0
11,0.0,0.0297029702970297,0.07112192077650681,1.0,-0.0,0,0
12,0.0,0.0297029702970297,0.07112192077650681,1.0,-0.0,0,0
13,0.0,0.0,0.0,1.0,-0.0,0,0
14,0.0,0.023762376237623766,0.06471340450838889,1.0,-0.0,0,0
15,0.0,0.023762376237623766,0.06471340450838889,1.0,-0.0,0,0
16,0.0,0.10297029702970298,0.13084299831035082,1.0,-0.0,0,0
17,0.0,0.10297029702970298,0.13084299831035082,1.0,-0.0,0,0
18,0.0,0.2693069306930693,0.22415631668191097,1.0,-0.0,0,0
19,0.0,0.4712871287128712,0.2737117923653903,1.0,-0.0,0,0
20,0.0,0.5009900990099009,0.2737690902082548,1.0,-0.0,0,0
21,0.0,0.4217821782178218,0.24680290785553644,1.0,-0.0,0,0
22,0.0,0.4217821782178218,0.24680290785553644,1.0,-0.0,0,0
23,0.0,0.2554455445544554,0.19724601290992394,1.0,-0.0,0,0
24,0.0,0.06336633663366337,0.11233152161332938,1.0,-0.0,0,0
25,0.0,0.033663366336633666,0.08475617647141663,1.0,-0.0,0,0
26,0.0,0.14059405940594055,0.15036471688371983,1.0,-0.0,0,0
27,0.0,0.14059405940594055,0.15036471688371983,1.0,-0.0,0,0
28,0.0,0.14059405940594055,0.15036471688371983,1.0,-0.0,0,0
29,0.0,0.10495049504950493,0.1337769960717191,1.0,-0.0,0,0
30,0.0,0.17821782178217818,0.1662658972648185,1.0,-0.0,0,0
31,0.0,0.12277227722772276,0.12888031758632065,1.0,-0.0,0,0
32,0.0,0.13663366336633662,0.13179850528549494,1.0,-0.0,0,0
33,0.0,0.15247524752475244,0.13245141788665854,1.0,-0.0,0,0
34,0.0,0.15247524752475244,0.13245141788665854,1.0,-0.0,0,0
35,0.0,0.07920792079207921,0.10178294871997146,1.0,-0.0,0,0
36,0.0,0.04950495049504951,0.09078727434730813,1.0,-0.0,0,0
37,0.0,0.09306930693069305,0.11454380090280847,1.0,-0.0,0,0
38,0.0,0.13069306930693067,0.12407485305204391,1.0,-0.0,0,0
39,0.0,0.14653465346534653,0.13465346534653466,1.0,-0.0,0,0
40,0.0,0.14653465346534653,0.13465346534653466,1.0,-0.0,0,0
41,0.0,0.17425742574257425,0.15328318796327628,1.0,-0.0,0,0
42,0.0,0.11485148514851483,0.13598641357140115,1.0,-0.0,0,0
43,0.0,0.13465346534653463,0.13529260081218794,1.0,-0.0,0,0
44,0.0,0.11881188118811878,0.11320083903331846,1.0,-0.0,0,0
45,0.0,0.11881188118811878,0.11320083903331846,1.0,-0.0,0,0
46,0.0,0.06930693069306931,0.10316052497133552,1.0,-0.0,0,0
47,0.4,0.12277227722772274,0.13191745702927898,0.017797489822094413,1.7496412467522195,0,0
48,0.4,0.06930693069306931,0.11409790329416186,0.001875794216145872,2.726814807585068,0,0
49,0.4,0.06930693069306931,0.11409790329416186,0.001875794216145872,2.726814807585068,0,0
50,0.4,0.06930693069306931,0.11409790329416186,0.001875794216145872,2.726814807585068,0,0
51,0.4,0.06930693069306931,0.11409790329416186,0.001875794216145872,2.726814807585068,0,0
52,0.2,0.11287128712871286,0.11402914890208293,0.22240633398036286,0.6528528485038783,0,0
53,0.2,0.09306930693069305,0.09975953835889108,0.14188597859791557,0.8480605201057885,0,0
54,0.2,0.09306930693069305,0.09975953835889108,0.14188597859791557,0.8480605201057885,0,0
55,0.6,0.19603960396039602,0.146186366933004,0.002860791005671831,2.5435138683040703,0,0
56,0.6,0.22376237623762374,0.15991861472926708,0.009319286582775543,2.030617332820146,0,0
57,0.4,0.13069306930693067,0.13030244654544237,0.019377285191947657,1.712707068809764,0,0
58,0.4,0.13069306930693067,0.13030244654544237,0.019377285191947657,1.712707068809764,0,0
59,0.4,0.13069306930693067,0.13030244654544237,0.019377285191947657,1.712707068809764,0,0
60,0.0,0.027722772277227727,0.06910862719451544,1.0,-0.0,0,0
61,0.0,0.0,0.0,1.0,-0.0,0,0
62,0.0,0.0,0.0,1.0,-0.0,0,0
63,0.0,0.0,0.0,1.0,-0.0,0,0
64,0.0,0.0,0.0,1.0,-0.0,0,0
65,0.0,0.0,0.0,1.0,-0.0,0,0
66,0.0,0.0,0.0,1.0,-0.0,0,0
67,0.0,0.0,0.0,1.0,-0.0,0,0
68,0.2,0.06336633663366338,0.10874875419996816,0.10448261079208833,0.9809559838634979,0,0
69,0.2,0.06336633663366338,0.10874875419996816,0.10448261079208833,0.9809559838634979,0,0
70,0.4,0.2356435643564356,0.20176653424136176,0.2076543206178752,0.6826590281901236,0,0
71,0.6,0.34851485148514855,0.21918564914093805,0.12561614816717426,0.9009545277237669,0,0
72,0.6,0.34851485148514855,0.21918564914093805,0.12561614816717426,0.9009545277237669,0,0
73,0.4,0.2831683168316831,0.18512468740626126,0.26398846596331255,0.5784150476677248,0,0
74,0.4,0.35247524752475257,0.20323817145853781,0.4075554789396967,0.3898132640838252,0,0
75,0.2,0.18019801980198016,0.15796966871429013,0.4501220267156997,0.34666973434652226,0,0
