,foreground,bg_means,bg_stdev,pvals,minus_logs,regs,active
2,0.0,0.0039603960396039604,0.027863855998951064,1.0,-0.0,0,0
3,0.0,0.0039603960396039604,0.027863855998951064,1.0,-0.0,0,0
4,0.0,0.0039603960396039604,0.027863855998951064,1.0,-0.0,0,0
5,0.0,0.0039603960396039604,0.027863855998951064,1.0,-0.0,0,0
6,0.0,0.0,0.0,1.0,-0.0,0,0
7,0.0,0.0,0.0,1.0,-0.0,0,0
8,0.0,0.0,0.0,1.0,-0.0,0,0
9,0.2,0.16039603960396034,0.15161128508951263,0.39696127395388614,0.4012518593035893,0,0
10,0.2,0.16039603960396034,0.15161128508951263,0.39696127395388614,0.4012518593035893,0,0
11,0.2,0.16039603960396034,0.15161128508951263,0.39696127395388614,0.4012518593035893,0,0
12,0.6,0.4772277227722773,0.30568254681853796,0.3439769748933734,0.4634706272291226,0,0
13,0.6,0.4772277227722773,0.30568254681853796,0.3439769748933734,0.4634706272291226,0,0
14,0.4,0.3178217821782178,0.2671433180838028,0.3791863335000459,0.42114732374028585,0,0
15,0.4,0.33762376237623765,0.27820196565224914,0.4112961473822971,0.3858453585152488,0,0
16,0.4,0.33762376237623765,0.27820196565224914,0.4112961473822971,0.3858453585152488,0,0
17,0.0,0.019801980198019802,0.06603299802191315,1.0,-0.0,0,0
18,0.0,0.019801980198019802,0.06603299802191315,1.0,-0.0,0,0
19,0.0,0.041584158415841586,0.09039772047931348,1.0,-0.0,0,0
20,0.0,0.021782178217821784,0.06230547612891991,1.0,-0.0,0,0
21,0.0,0.11584158415841582,0.12953280349644583,1.0,-0.0,0,0
22,0.0,0.2178217821782178,0.18042635951740818,1.0,-0.0,0,0
23,0.0,0.25346534653465347,0.2122787054773449,1.0,-0.0,0,0
24,0.0,0.3247524752475247,0.24349189938913904,1.0,-0.0,0,0
25,0.0,0.3247524752475247,0.24349189938913904,1.0,-0.0,0,0
26,0.0,0.2594059405940594,0.21534141339079438,1.0,-0.0,0,0
27,0.0,0.1584158415841584,0.1672534844655737,1.0,-0.0,0,0
28,0.0,0.16831683168316827,0.18181194346357277,1.0,-0.0,0,0
29,0.0,0.07920792079207921,0.10560230990870005,1.0,-0.0,0,0
30,0.0,0.07920792079207921,0.10560230990870005,1.0,-0.0,0,0
31,0.0,0.049504950495049514,0.09078727434730813,1.0,-0.0,0,0
32,0.0,0.07722772277227723,0.12888031758632065,1.0,-0.0,0,0
33,0.0,0.031683168316831684,0.07826167463512675,1.0,-0.0,0,0
34,0.0,0.027722772277227727,0.07461957893630407,1.0,-0.0,0,0
35,0.0,0.027722772277227727,0.07461957893630407,1.0,-0.0,0,0
36,0.0,0.027722772277227727,0.07461957893630407,1.0,-0.0,0,0
37,0.0,0.02970297029702971,0.07112192077650681,1.0,-0.0,0,0
38,0.0,0.02970297029702971,0.07112192077650681,1.0,-0.0,0,0
39,0.0,0.02970297029702971,0.07112192077650681,1.0,-0.0,0,0
40,0.0,0.06930693069306931,0.12084076279122662,1.0,-0.0,0,0
41,0.0,0.06930693069306931,0.12084076279122662,1.0,-0.0,0,0
42,0.0,0.039603960396039604,0.08908690597387718,1.0,-0.0,0,0
43,0.0,0.039603960396039604,0.08908690597387718,1.0,-0.0,0,0
44,0.0,0.07722772277227724,0.11930590361498672,1.0,-0.0,0,0
45,0.0,0.03762376237623763,0.08307396817189318,1.0,-0.0,0,0
46,0.0,0.12277227722772276,0.15407416763506465,1.0,-0.0,0,0
47,0.0,0.12277227722772276,0.15407416763506465,1.0,-0.0,0,0
48,0.0,0.2534653465346534,0.1947653355395929,1.0,-0.0,0,0
49,0.0,0.2435643564356436,0.2002057563312059,1.0,-0.0,0,0
50,0.0,0.2435643564356436,0.2002057563312059,1.0,-0.0,0,0
51,0.0,0.18217821782178212,0.1951876678075502,1.0,-0.0,0,0
52,0.2,0.21782178217821774,0.2126662609241008,1.0,-0.0,0,0
53,0.2,0.1168316831683168,0.15225649732072147,0.29245110138762676,0.5339467387196433,0,0
54,0.2,0.0891089108910891,0.12734998170941406,0.19194299301932338,0.716827737407409,0,0
55,0.2,0.0891089108910891,0.12734998170941406,0.19194299301932338,0.716827737407409,0,0
56,0.2,0.14059405940594058,0.13943181578046687,0.3350330529567977,0.4749123451761803,0,0
57,0.0,0.10297029702970295,0.12778032320714203,1.0,-0.0,0,0
58,0.0,0.11485148514851484,0.14445948324625327,1.0,-0.0,0,0
59,0.0,0.12079207920792079,0.14913402284168503,1.0,-0.0,0,0
60,0.0,0.12079207920792079,0.14913402284168503,1.0,-0.0,0,0
61,0.0,0.04752475247524753,0.09809478080396702,1.0,-0.0,0,0
62,0.0,0.07920792079207921,0.12611234319279727,1.0,-0.0,0,0
63,0.0,0.11287128712871286,0.15002532217723416,1.0,-0.0,0,0
64,0.0,0.1069306930693069,0.13948804962658473,1.0,-0.0,0,0
65,0.0,0.1069306930693069,0.13948804962658473,1.0,-0.0,0,0
66,0.0,0.1069306930693069,0.13948804962658473,1.0,-0.0,0,0
67,0.0,0.07524752475247526,0.12539516989297084,1.0,-0.0,0,0
68,0.8,0.16237623762376235,0.16096951630021047,3.729544583911658e-05,4.428344196815823,0,0
69,0.8,0.16237623762376235,0.16096951630021047,3.729544583911658e-05,4.428344196815823,0,0
70,1.2,0.19207920792079206,0.1886288032334235,4.560738610111836e-08,7.3409648177917495,0,0
71,1.2,0.19207920792079206,0.1886288032334235,4.560738610111836e-08,7.3409648177917495,0,0
72,1.2,0.19207920792079206,0.1886288032334235,4.560738610111836e-08,7.3409648177917495,0,0
73,0.4,0.0297029702970297,0.07112192077650681,9.621238793919095e-08,7.016769006265068,0,0
74,0.4,0.0297029702970297,0.07112192077650681,9.621238793919095e-08,7.016769006265068,0,0
75,0.0,0.0,0.0,1.0,-0.0,0,0
76,0.8,0.39801980198019804,0.2556220128808701,0.057910709908850194,1.237241111156998,0,0
77,0.8,0.39801980198019804,0.2556220128808701,0.057910709908850194,1.237241111156998,0,0
78,0.8,0.41782178217821786,0.25655603275186945,0.06815838815152522,1.1664806885637653,0,0
79,1.0,0.4316831683168316,0.2636118858290684,0.015546334686086585,1.8083719869099624,0,0
80,1.0,0.4316831683168316,0.2636118858290684,0.015546334686086585,1.8083719869099624,0,0
81,0.2,0.033663366336633666,0.07994704648786674,0.018735949469970602,1.7273242935431963,0,0
82,0.2,0.033663366336633666,0.07994704648786674,0.018735949469970602,1.7273242935431963,0,0
83,0.2,0.013861386138613863,0.05079507064705211,0.00012391038159364294,3.90689230556944,0,0
84,0.0,0.0,0.0,1.0,-0.0,0,0
85,0.0,0.0,0.0,1.0,-0.0,0,0
86,0.0,0.0,0.0,1.0,-0.0,0,0
87,0.0,0.0,0.0,1.0,-0.0,0,0
88,0.0,0.0,0.0,1.0,-0.0,0,0
89,0.0,0.0,0.0,1.0,-0.0,0,0
90,0.0,0.0,0.0,1.0,-0.0,0,0
91,0.0,0.0,0.0,1.0,-0.0,0,0
92,0.0,0.0,0.0,1.0,-0.0,0,0
93,0.0,0.3405940594059407,0.23470150320838107,1.0,-0.0,0,0
94,0.0,0.3405940594059407,0.23470150320838107,1.0,-0.0,0,19
95,0.0,0.3405940594059407,0.23470150320838107,1.0,-0.0,0,0
96,0.0,0.3405940594059407,0.23470150320838107,1.0,-0.0,0,0
97,0.4,0.4376237623762375,0.2796219106234274,1.0,-0.0,0,0
98,0.4,0.09702970297029702,0.1367627457412436,0.01336979349634493,1.873875300598187,0,0
99,0.4,0.09702970297029702,0.1367627457412436,0.01336979349634493,1.873875300598187,0,0
100,0.4,0.09702970297029702,0.1367627457412436,0.01336979349634493,1.873875300598187,0,0
101,0.4,0.09702970297029702,0.1367627457412436,0.01336979349634493,1.873875300598187,0,0
102,0.0,0.0,0.0,1.0,-0.0,0,0
103,0.0,0.0,0.0,1.0,-0.0,0,0
104,0.0,0.0,0.0,1.0,-0.0,0,0
105,0.0,0.0,0.0,1.0,-0.0,0,0
106,0.4,0.16435643564356434,0.16744093589393824,0.07966574164135105,1.0987283964793386,0,0
107,0.4,0.19801980198019803,0.1856112183041662,0.13825570675213777,0.8593169333700136,0,0
108,0.4,0.19801980198019803,0.1856112183041662,0.13825570675213777,0.8593169333700136,0,0
109,0.4,0.19801980198019803,0.1856112183041662,0.13825570675213777,0.8593169333700136,0,0
110,0.4,0.19801980198019803,0.1856112183041662,0.13825570675213777,0.8593169333700136,0,0
111,0.0,0.033663366336633666,0.08475617647141662,1.0,-0.0,0,0
112,0.0,0.0,0.0,1.0,-0.0,0,0
113,0.0,0.0,0.0,1.0,-0.0,0,0
114,0.0,0.0,0.0,1.0,-0.0,0,0
115,0.0,0.019801980198019802,0.059735061897023205,1.0,-0.0,0,0
116,0.0,0.019801980198019802,0.059735061897023205,1.0,-0.0,0,0
117,0.0,0.03762376237623763,0.07816140339006158,1.0,-0.0,0,0
118,0.0,0.03762376237623763,0.07816140339006158,1.0,-0.0,0,0
119,0.0,0.03762376237623763,0.07816140339006158,1.0,-0.0,0,0
120,0.0,0.033663366336633666,0.07482947971362845,1.0,-0.0,0,0
121,0.0,0.033663366336633666,0.07482947971362845,1.0,-0.0,0,0
122,0.0,0.015841584158415842,0.05401260078014202,1.0,-0.0,0,0
123,0.2,0.06534653465346535,0.10939585993610405,0.10918337986089162,0.9618434658808062,0,0
124,0.2,0.06534653465346535,0.10939585993610405,0.10918337986089162,0.9618434658808062,0,0
125,0.2,0.049504950495049514,0.10304643034659555,0.07208203336412729,1.1421729708308155,0,0
126,0.2,0.049504950495049514,0.10304643034659555,0.07208203336412729,1.1421729708308155,0,0
127,0.2,0.049504950495049514,0.10304643034659555,0.07208203336412729,1.1421729708308155,0,0
128,0.0,0.0,0.0,1.0,-0.0,0,0
129,0.0,0.0,0.0,1.0,-0.0,0,0
130,0.0,0.0,0.0,1.0,-0.0,0,0
131,0.0,0.019801980198019802,0.059735061897023205,1.0,-0.0,0,0
132,0.0,0.019801980198019802,0.059735061897023205,1.0,-0.0,0,0
133,0.0,0.019801980198019802,0.059735061897023205,1.0,-0.0,0,0
134,0.0,0.019801980198019802,0.059735061897023205,1.0,-0.0,0,0
135,0.0,0.019801980198019802,0.059735061897023205,1.0,-0.0,0,0
136,0.0,0.0,0.0,1.0,-0.0,0,0
137,0.0,0.05148514851485149,0.1001126705723924,1.0,-0.0,0,0
138,0.0,0.05148514851485149,0.1001126705723924,1.0,-0.0,0,0
139,0.0,0.06930693069306931,0.11751770396006173,1.0,-0.0,0,0
140,0.0,0.06930693069306931,0.11751770396006173,1.0,-0.0,0,0
141,0.0,0.06930693069306931,0.11751770396006173,1.0,-0.0,0,0
142,0.0,0.017821782178217824,0.0635517090529949,1.0,-0.0,0,0
143,0.0,0.017821782178217824,0.0635517090529949,1.0,-0.0,0,0
144,0.0,0.0,0.0,1.0,-0.0,0,0
145,0.2,0.03168316831683169,0.07826167463512676,0.01575022170315114,1.8027133286186665,0,0
146,0.2,0.03168316831683169,0.07826167463512676,0.01575022170315114,1.8027133286186665,0,0
147,0.2,0.03168316831683169,0.07826167463512676,0.01575022170315114,1.8027133286186665,0,0
148,0.2,0.03168316831683169,0.07826167463512676,0.01575022170315114,1.8027133286186665,0,0
149,0.2,0.03168316831683169,0.07826167463512676,0.01575022170315114,1.8027133286186665,0,0
150,0.0,0.0,0.0,1.0,-0.0,0,0
151,0.0,0.0,0.0,1.0,-0.0,0,0
152,0.0,0.015841584158415842,0.05401260078014202,1.0,-0.0,0,0
153,0.0,0.015841584158415842,0.05401260078014202,1.0,-0.0,0,0
154,0.0,0.015841584158415842,0.05401260078014202,1.0,-0.0,0,0
155,0.0,0.015841584158415842,0.05401260078014202,1.0,-0.0,0,0
156,0.0,0.021782178217821784,0.06230547612891991,1.0,-0.0,0,0
157,0.0,0.0059405940594059415,0.033953323167291584,1.0,-0.0,0,0
158,0.0,0.0059405940594059415,0.033953323167291584,1.0,-0.0,0,0
159,0.0,0.0059405940594059415,0.033953323167291584,1.0,-0.0,0,0
160,0.0,0.0059405940594059415,0.033953323167291584,1.0,-0.0,0,0
161,0.0,0.0,0.0,1.0,-0.0,0,0
162,0.0,0.06336633663366337,0.10874875419996817,1.0,-0.0,0,0
163,0.2,0.08712871287128712,0.12077584698595571,0.17500966031852921,0.7569379781294916,0,0
164,0.2,0.08712871287128712,0.12077584698595571,0.17500966031852921,0.7569379781294916,0,0
165,0.2,0.08712871287128712,0.12077584698595571,0.17500966031852921,0.7569379781294916,0,0
166,0.2,0.08712871287128712,0.12077584698595571,0.17500966031852921,0.7569379781294916,0,0
167,0.2,0.023762376237623766,0.06471340450838887,0.003231121245907738,2.4906467450338194,0,0
168,0.0,0.0,0.0,1.0,-0.0,0,0
169,0.0,0.0,0.0,1.0,-0.0,0,0
170,0.0,0.0,0.0,1.0,-0.0,0,0
171,0.0,0.0,0.0,1.0,-0.0,0,19
172,0.0,0.0,0.0,1.0,-0.0,0,0
173,0.0,0.0,0.0,1.0,-0.0,0,0
174,0.0,0.0,0.0,1.0,-0.0,0,0
175,0.0,0.0,0.0,1.0,-0.0,0,0
176,0.0,0.049504950495049514,0.09504950495049506,1.0,-0.0,0,0
177,0.0,0.049504950495049514,0.09504950495049506,1.0,-0.0,0,0
178,0.0,0.049504950495049514,0.09504950495049506,1.0,-0.0,0,0
179,0.0,0.049504950495049514,0.09504950495049506,1.0,-0.0,0,0
180,0.0,0.049504950495049514,0.09504950495049506,1.0,-0.0,0,0
181,0.0,0.03564356435643565,0.07653920035678292,1.0,-0.0,0,0
182,0.0,0.03564356435643565,0.07653920035678292,1.0,-0.0,0,0
183,0.0,0.03564356435643565,0.07653920035678292,1.0,-0.0,0,0
184,0.0,0.03564356435643565,0.07653920035678292,1.0,-0.0,0,0
185,0.0,0.03564356435643565,0.07653920035678292,1.0,-0.0,0,0
186,0.0,0.0,0.0,1.0,-0.0,0,0
187,0.0,0.0,0.0,1.0,-0.0,0,0
188,0.0,0.0,0.0,1.0,-0.0,0,0
189,0.0,0.0,0.0,1.0,-0.0,0,0
190,0.0,0.0,0.0,1.0,-0.0,0,0
191,0.0,0.16237623762376233,0.17511042352027043,1.0,-0.0,0,0
192,0.0,0.16237623762376233,0.17511042352027043,1.0,-0.0,0,0
193,0.0,0.16237623762376233,0.17511042352027043,1.0,-0.0,0,0
194,0.0,0.16237623762376233,0.17511042352027043,1.0,-0.0,0,0
195,0.0,0.16237623762376233,0.17511042352027043,1.0,-0.0,0,0
196,0.0,0.0,0.0,1.0,-0.0,0,0
197,0.0,0.07722772277227724,0.13488622864100122,1.0,-0.0,0,0
198,0.0,0.1881188118811881,0.16844491341098405,1.0,-0.0,0,0
199,0.0,0.1881188118811881,0.16844491341098405,1.0,-0.0,0,0
200,0.0,0.1881188118811881,0.16844491341098405,1.0,-0.0,0,0
201,0.0,0.3564356435643564,0.24952066585742427,1.0,-0.0,0,0
202,0.0,0.27722772277227725,0.2124264290202596,1.0,-0.0,0,0
203,0.0,0.1881188118811881,0.18842081022360838,1.0,-0.0,0,0
204,0.0,0.1881188118811881,0.18842081022360838,1.0,-0.0,0,0
205,0.0,0.26732673267326734,0.20348883292934858,1.0,-0.0,0,0
206,0.0,0.20396039603960395,0.20868318499307284,1.0,-0.0,0,0
207,0.0,0.2772277227722772,0.22333262859202668,1.0,-0.0,0,0
208,0.0,0.25742574257425743,0.2093585368717556,1.0,-0.0,0,0
209,0.0,0.25742574257425743,0.2093585368717556,1.0,-0.0,0,0
210,0.0,0.1782178217821782,0.17096346688435152,1.0,-0.0,0,0
211,0.0,0.07326732673267328,0.11848138852793338,1.0,-0.0,0,0
212,0.0,0.0,0.0,1.0,-0.0,0,0
213,0.0,0.0,0.0,1.0,-0.0,0,0
214,0.0,0.0,0.0,1.0,-0.0,0,0
215,0.2,0.35445544554455444,0.2653317566447851,1.0,-0.0,0,0
216,0.2,0.35445544554455444,0.2653317566447851,1.0,-0.0,0,0
217,0.2,0.3782178217821782,0.27416983982291465,1.0,-0.0,0,0
218,0.2,0.3782178217821782,0.27416983982291465,1.0,-0.0,0,0
219,0.6,0.5247524752475247,0.32682266987370706,0.408952791255753,0.3883268232407351,0,0
220,0.6,0.1920792079207921,0.208570413741934,0.025244704992955735,1.5978297000598018,0,0
221,0.6,0.1920792079207921,0.208570413741934,0.025244704992955735,1.5978297000598018,0,0
222,0.6,0.22574257425742572,0.2245582970666905,0.047793188674802624,1.320633993172994,0,0
223,0.6,0.2613861386138614,0.24168152558245323,0.08059587406600717,1.0936871904062058,0,0
224,0.2,0.11287128712871286,0.14464936528910632,0.27347250713031923,0.5630863278378737,0,0
225,0.0,0.09900990099009899,0.1396566153069739,1.0,-0.0,0,0
226,0.0,0.09900990099009899,0.1396566153069739,1.0,-0.0,0,0
227,0.0,0.041584158415841586,0.10270338597932625,1.0,-0.0,0,0
228,0.0,0.0059405940594059415,0.03395332316729158,1.0,-0.0,0,0
229,0.0,0.0059405940594059415,0.03395332316729158,1.0,-0.0,0,0
230,0.0,0.0,0.0,1.0,-0.0,0,0
231,0.0,0.0,0.0,1.0,-0.0,0,0
232,0.0,0.0,0.0,1.0,-0.0,0,0
233,0.0,0.0,0.0,1.0,-0.0,0,0
234,0.0,0.0,0.0,1.0,-0.0,0,0
235,0.0,0.0,0.0,1.0,-0.0,0,0
236,0.0,0.0,0.0,1.0,-0.0,0,0
237,0.0,0.0,0.0,1.0,-0.0,0,0
238,0.0,0.017821782178217824,0.05698017651460656,1.0,-0.0,0,0
239,0.0,0.3960396039603961,0.2420706026128495,1.0,-0.0,0,0
240,0.0,0.3960396039603961,0.2420706026128495,1.0,-0.0,0,0
241,0.0,0.3960396039603961,0.2420706026128495,1.0,-0.0,0,0
242,0.0,0.3960396039603961,0.2420706026128495,1.0,-0.0,0,0
243,0.0,0.37821782178217833,0.23864467160685665,1.0,-0.0,0,0
244,0.0,0.019801980198019802,0.06603299802191315,1.0,-0.0,0,0
245,0.0,0.019801980198019802,0.06603299802191315,1.0,-0.0,0,0
246,0.0,0.019801980198019802,0.06603299802191315,1.0,-0.0,0,0
247,0.0,0.05148514851485149,0.10011267057239238,1.0,-0.0,0,0
248,0.0,0.05148514851485149,0.10011267057239238,1.0,-0.0,0,0
249,0.0,0.031683168316831684,0.07826167463512675,1.0,-0.0,0,0
