,foreground,bg_means,bg_stdev,pvals,minus_logs,regs,active
2,0.0,0.0,0.0,1.0,-0.0,0,0
3,0.0,0.0,0.0,1.0,-0.0,0,0
4,0.0,0.021782178217821784,0.06230547612891991,1.0,-0.0,0,0
5,0.0,0.021782178217821784,0.06230547612891991,1.0,-0.0,0,0
6,0.0,0.021782178217821784,0.06230547612891991,1.0,-0.0,0,0
7,0.0,0.021782178217821784,0.06230547612891991,1.0,-0.0,0,0
8,0.0,0.021782178217821784,0.06230547612891991,1.0,-0.0,0,0
9,0.0,0.0,0.0,1.0,-0.0,0,0
10,0.0,0.0,0.0,1.0,-0.0,0,0
11,0.0,0.0,0.0,1.0,-0.0,0,0
12,0.0,0.0,0.0,1.0,-0.0,0,0
13,0.0,0.0,0.0,1.0,-0.0,0,0
14,0.0,0.0,0.0,1.0,-0.0,0,0
15,0.0,0.0,0.0,1.0,-0.0,0,0
16,0.0,0.0,0.0,1.0,-0.0,0,0
17,0.0,0.0,0.0,1.0,-0.0,0,0
18,0.0,0.0,0.0,1.0,-0.0,0,0
19,0.0,0.0,0.0,1.0,-0.0,0,0
20,0.0,0.0,0.0,1.0,-0.0,0,0
21,0.0,0.0,0.0,1.0,-0.0,0,0
22,0.0,0.0,0.0,1.0,-0.0,0,0
23,0.0,0.0,0.0,1.0,-0.0,0,0
24,0.0,0.0,0.0,1.0,-0.0,0,0
25,0.0,0.0,0.0,1.0,-0.0,0,0
26,0.0,0.0,0.0,1.0,-0.0,0,0
27,0.0,0.0,0.0,1.0,-0.0,0,0
28,0.0,0.0,0.0,1.0,-0.0,0,0
29,0.0,0.0,0.0,1.0,-0.0,0,0
30,0.0,0.0,0.0,1.0,-0.0,0,0
31,0.0,0.0,0.0,1.0,-0.0,0,0
32,0.0,0.0,0.0,1.0,-0.0,0,0
33,0.0,0.0,0.0,1.0,-0.0,0,0
34,0.0,0.011881188118811883,0.04727657974777555,1.0,-0.0,0,0
35,0.0,0.011881188118811883,0.04727657974777555,1.0,-0.0,0,0
36,0.0,0.011881188118811883,0.04727657974777555,1.0,-0.0,0,0
37,0.0,0.011881188118811883,0.04727657974777555,1.0,-0.0,0,0
38,0.0,0.011881188118811883,0.04727657974777555,1.0,-0.0,0,0
39,0.0,0.0,0.0,1.0,-0.0,0,0
40,0.0,0.0,0.0,1.0,-0.0,0,0
41,0.0,0.0,0.0,1.0,-0.0,0,0
42,0.0,0.0,0.0,1.0,-0.0,0,0
43,0.0,0.0,0.0,1.0,-0.0,0,0
44,0.0,0.0,0.0,1.0,-0.0,0,0
45,0.0,0.0,0.0,1.0,-0.0,0,0
46,0.0,0.0,0.0,1.0,-0.0,0,0
47,0.0,0.0,0.0,1.0,-0.0,0,0
48,0.0,0.0,0.0,1.0,-0.0,0,0
49,0.0,0.0,0.0,1.0,-0.0,0,0
50,0.0,0.0,0.0,1.0,-0.0,0,0
51,0.0,0.0,0.0,1.0,-0.0,0,0
52,0.0,0.0,0.0,1.0,-0.0,0,0
53,0.0,0.0039603960396039604,0.02786385599895106,1.0,-0.0,0,0
54,0.0,0.0039603960396039604,0.02786385599895106,1.0,-0.0,0,0
55,0.0,0.0039603960396039604,0.02786385599895106,1.0,-0.0,0,0
56,0.0,0.0039603960396039604,0.02786385599895106,1.0,-0.0,0,0
57,0.0,0.0039603960396039604,0.02786385599895106,1.0,-0.0,0,0
58,0.0,0.0,0.0,1.0,-0.0,0,0
59,0.0,0.0,0.0,1.0,-0.0,0,0
60,0.0,0.0,0.0,1.0,-0.0,0,0
61,0.0,0.0,0.0,1.0,-0.0,0,0
62,0.0,0.0,0.0,1.0,-0.0,0,0
63,0.0,0.0,0.0,1.0,-0.0,0,0
64,0.0,0.0,0.0,1.0,-0.0,0,0
65,0.0,0.0,0.0,1.0,-0.0,0,0
66,0.0,0.0,0.0,1.0,-0.0,0,0
67,0.0,0.0019801980198019802,0.0198019801980198,1.0,-0.0,0,0
68,0.0,0.0059405940594059415,0.033953323167291584,1.0,-0.0,0,0
69,0.0,0.011881188118811881,0.047276579747775535,1.0,-0.0,0,0
70,0.0,0.011881188118811881,0.047276579747775535,1.0,-0.0,0,0
71,0.0,0.021782178217821784,0.06230547612891991,1.0,-0.0,0,0
72,0.0,0.031683168316831684,0.07826167463512675,1.0,-0.0,0,0
73,0.0,0.027722772277227727,0.07461957893630407,1.0,-0.0,0,0
74,0.0,0.0297029702970297,0.07648795214189293,1.0,-0.0,0,0
75,0.0,0.0297029702970297,0.07648795214189293,1.0,-0.0,0,0
76,0.0,0.019801980198019802,0.06603299802191315,1.0,-0.0,0,0
77,0.0,0.009900990099009901,0.04338396495090424,1.0,-0.0,0,0
78,0.0,0.017821782178217824,0.0635517090529949,1.0,-0.0,0,0
79,0.0,0.009900990099009901,0.04338396495090424,1.0,-0.0,0,0
80,0.0,0.009900990099009901,0.04338396495090424,1.0,-0.0,0,0
81,0.0,0.009900990099009901,0.04338396495090424,1.0,-0.0,0,0
82,0.0,0.007920792079207921,0.03900537743285587,1.0,-0.0,0,0
83,0.0,0.011881188118811881,0.047276579747775535,1.0,-0.0,0,0
84,0.0,0.011881188118811881,0.047276579747775535,1.0,-0.0,0,0
85,0.0,0.017821782178217824,0.06355170905299488,1.0,-0.0,0,0
86,0.0,0.017821782178217824,0.06355170905299488,1.0,-0.0,0,0
87,0.0,0.017821782178217824,0.06355170905299488,1.0,-0.0,0,0
88,0.0,0.0059405940594059415,0.03395332316729158,1.0,-0.0,0,0
89,0.0,0.0059405940594059415,0.03395332316729158,1.0,-0.0,0,0
90,0.0,0.0,0.0,1.0,-0.0,0,0
91,0.0,0.0,0.0,1.0,-0.0,0,0
92,0.0,0.0,0.0,1.0,-0.0,0,0
93,0.0,0.0,0.0,1.0,-0.0,0,0
94,0.0,0.0,0.0,1.0,-0.0,0,0
95,0.0,0.0,0.0,1.0,-0.0,0,0
96,0.0,0.0059405940594059415,0.033953323167291584,1.0,-0.0,0,0
97,0.0,0.0059405940594059415,0.033953323167291584,1.0,-0.0,0,0
98,0.0,0.015841584158415842,0.054012600780142014,1.0,-0.0,0,0
99,0.0,0.023762376237623766,0.06471340450838889,1.0,-0.0,0,0
100,0.0,0.17029702970297025,0.18750290002005254,1.0,-0.0,0,0
101,0.0,0.16435643564356434,0.18325125229717668,1.0,-0.0,0,0
102,0.0,0.29900990099009905,0.21913197321283034,1.0,-0.0,0,0
103,0.0,0.28910891089108914,0.21336576232952045,1.0,-0.0,0,0
104,0.0,0.28910891089108914,0.21521391159118455,1.0,-0.0,0,0
105,0.0,0.15445544554455445,0.15384494732320816,1.0,-0.0,0,0
106,0.0,0.15445544554455445,0.15384494732320816,1.0,-0.0,0,0
107,0.0,0.017821782178217824,0.05698017651460656,1.0,-0.0,0,0
108,0.0,0.023762376237623766,0.06471340450838889,1.0,-0.0,0,0
109,0.0,0.015841584158415842,0.05401260078014202,1.0,-0.0,0,0
110,0.0,0.0059405940594059415,0.03395332316729157,1.0,-0.0,0,0
111,0.0,0.013861386138613863,0.05079507064705211,1.0,-0.0,0,0
112,0.0,0.013861386138613863,0.05079507064705211,1.0,-0.0,0,0
113,0.0,0.007920792079207921,0.03900537743285587,1.0,-0.0,0,0
114,0.0,0.007920792079207921,0.03900537743285587,1.0,-0.0,0,0
115,0.0,0.027722772277227727,0.07461957893630407,1.0,-0.0,0,0
116,0.0,0.019801980198019802,0.059735061897023205,1.0,-0.0,0,0
117,0.0,0.06336633663366337,0.11917436454123626,1.0,-0.0,0,0
118,0.0,0.06336633663366337,0.11917436454123626,1.0,-0.0,0,0
119,0.0,0.08712871287128714,0.13324834725751067,1.0,-0.0,0,0
120,0.0,0.07920792079207921,0.12293186689242579,1.0,-0.0,0,0
121,0.0,0.07920792079207921,0.12293186689242579,1.0,-0.0,0,0
122,0.0,0.04554455445544554,0.08846854615322249,1.0,-0.0,0,0
123,0.0,0.09504950495049502,0.1367053908443026,1.0,-0.0,0,0
124,0.0,0.07128712871287128,0.1213265242141813,1.0,-0.0,0,0
125,0.0,0.05940594059405942,0.10733330877518932,1.0,-0.0,0,0
126,0.0,0.05940594059405942,0.10733330877518932,1.0,-0.0,0,0
127,0.0,0.17425742574257425,0.17499842451711448,1.0,-0.0,0,0
128,0.0,0.12277227722772276,0.15407416763506465,1.0,-0.0,0,0
129,0.0,0.12277227722772276,0.15407416763506465,1.0,-0.0,0,0
130,0.0,0.2059405940594059,0.19991175388711224,1.0,-0.0,0,0
131,0.0,0.2059405940594059,0.19991175388711224,1.0,-0.0,0,0
132,0.0,0.08118811881188118,0.13549532985786936,1.0,-0.0,0,0
133,0.0,0.08118811881188118,0.13549532985786936,1.0,-0.0,0,0
134,0.0,0.08118811881188118,0.13549532985786936,1.0,-0.0,0,0
135,0.0,0.0,0.0,1.0,-0.0,0,0
136,0.0,0.0,0.0,1.0,-0.0,0,0
137,0.0,0.0,0.0,1.0,-0.0,0,0
138,0.0,0.0,0.0,1.0,-0.0,0,0
139,0.0,0.0,0.0,1.0,-0.0,0,0
140,0.0,0.007920792079207921,0.03900537743285587,1.0,-0.0,0,0
141,0.0,0.007920792079207921,0.03900537743285587,1.0,-0.0,0,0
142,0.0,0.007920792079207921,0.03900537743285587,1.0,-0.0,0,0
143,0.0,0.007920792079207921,0.03900537743285587,1.0,-0.0,0,0
144,0.0,0.03564356435643565,0.08626938974571075,1.0,-0.0,0,0
145,0.0,0.027722772277227727,0.07975061610139514,1.0,-0.0,0,0
146,0.0,0.027722772277227727,0.07975061610139514,1.0,-0.0,0,0
147,0.0,0.027722772277227727,0.07975061610139514,1.0,-0.0,0,0
148,0.0,0.027722772277227727,0.07975061610139514,1.0,-0.0,0,0
149,0.0,0.0,0.0,1.0,-0.0,0,0
150,0.0,0.0,0.0,1.0,-0.0,0,0
151,0.0,0.0,0.0,1.0,-0.0,0,0
152,0.0,0.0,0.0,1.0,-0.0,0,0
153,0.0,0.0,0.0,1.0,-0.0,0,0
154,0.0,0.0059405940594059415,0.03395332316729158,1.0,-0.0,0,0
155,0.0,0.0059405940594059415,0.03395332316729158,1.0,-0.0,0,0
156,0.0,0.0059405940594059415,0.03395332316729158,1.0,-0.0,0,0
157,0.0,0.0059405940594059415,0.03395332316729158,1.0,-0.0,0,0
158,0.0,0.0059405940594059415,0.03395332316729158,1.0,-0.0,0,0
159,0.0,0.0,0.0,1.0,-0.0,0,0
160,0.0,0.0,0.0,1.0,-0.0,0,0
161,0.0,0.04554455445544555,0.08387254884969257,1.0,-0.0,0,0
162,0.0,0.04554455445544555,0.08387254884969257,1.0,-0.0,0,0
163,0.0,0.04554455445544555,0.08387254884969257,1.0,-0.0,0,0
164,0.0,0.05148514851485149,0.09607532254026299,1.0,-0.0,0,0
165,0.0,0.05148514851485149,0.09607532254026299,1.0,-0.0,0,0
166,0.0,0.0059405940594059415,0.03395332316729158,1.0,-0.0,0,0
167,0.0,0.0059405940594059415,0.03395332316729158,1.0,-0.0,0,0
168,0.0,0.0059405940594059415,0.03395332316729158,1.0,-0.0,0,0
169,0.0,0.0,0.0,1.0,-0.0,0,0
170,0.0,0.0,0.0,1.0,-0.0,0,0
171,0.0,0.0,0.0,1.0,-0.0,0,0
172,0.0,0.0,0.0,1.0,-0.0,0,0
173,0.0,0.0,0.0,1.0,-0.0,0,0
174,0.0,0.007920792079207921,0.03900537743285587,1.0,-0.0,0,0
175,0.0,0.007920792079207921,0.03900537743285587,1.0,-0.0,0,0
176,0.0,0.007920792079207921,0.03900537743285587,1.0,-0.0,0,0
177,0.0,0.021782178217821784,0.06230547612891991,1.0,-0.0,0,0
178,0.0,0.021782178217821784,0.06230547612891991,1.0,-0.0,0,0
179,0.0,0.015841584158415842,0.054012600780142014,1.0,-0.0,0,0
180,0.0,0.015841584158415842,0.054012600780142014,1.0,-0.0,0,0
181,0.0,0.015841584158415842,0.054012600780142014,1.0,-0.0,0,0
182,0.0,0.0019801980198019802,0.019801980198019802,1.0,-0.0,0,0
183,0.0,0.0019801980198019802,0.019801980198019802,1.0,-0.0,0,0
184,0.0,0.0,0.0,1.0,-0.0,0,0
185,0.0,0.0,0.0,1.0,-0.0,0,0
186,0.0,0.0,0.0,1.0,-0.0,0,0
187,0.0,0.0059405940594059415,0.03395332316729158,1.0,-0.0,0,0
188,0.0,0.0059405940594059415,0.03395332316729158,1.0,-0.0,0,0
189,0.0,0.0059405940594059415,0.03395332316729158,1.0,-0.0,0,0
190,0.0,0.0059405940594059415,0.03395332316729158,1.0,-0.0,0,0
191,0.0,0.0059405940594059415,0.03395332316729158,1.0,-0.0,0,0
192,0.0,0.0,0.0,1.0,-0.0,0,0
193,0.0,0.007920792079207921,0.04809884277818266,1.0,-0.0,0,0
194,0.0,0.007920792079207921,0.04809884277818266,1.0,-0.0,0,0
195,0.0,0.019801980198019802,0.06603299802191315,1.0,-0.0,0,0
196,0.0,0.019801980198019802,0.06603299802191315,1.0,-0.0,0,0
197,0.0,0.019801980198019802,0.06603299802191315,1.0,-0.0,0,0
198,0.0,0.011881188118811883,0.047276579747775535,1.0,-0.0,0,0
199,0.0,0.011881188118811883,0.047276579747775535,1.0,-0.0,0,0
200,0.0,0.0,0.0,1.0,-0.0,0,0
201,0.0,0.0,0.0,1.0,-0.0,0,0
202,0.0,0.0,0.0,1.0,-0.0,0,0
203,0.0,0.0,0.0,1.0,-0.0,0,0
204,0.0,0.0,0.0,1.0,-0.0,0,0
205,0.0,0.021782178217821784,0.06230547612891991,1.0,-0.0,0,0
206,0.0,0.0297029702970297,0.07648795214189293,1.0,-0.0,0,0
207,0.0,0.09504950495049502,0.1213588391765906,1.0,-0.0,0,0
208,0.0,0.09504950495049502,0.1213588391765906,1.0,-0.0,0,0
209,0.0,0.09504950495049502,0.1213588391765906,1.0,-0.0,0,0
210,0.0,0.07326732673267328,0.1115960618107356,1.0,-0.0,0,0
211,0.0,0.06534653465346536,0.10939585993610405,1.0,-0.0,0,0
212,0.0,0.0,0.0,1.0,-0.0,0,0
213,0.0,0.0,0.0,1.0,-0.0,0,0
214,0.0,0.0,0.0,1.0,-0.0,0,0
215,0.0,0.0,0.0,1.0,-0.0,0,0
216,0.2,0.007920792079207921,0.03900537743285587,4.2303541670263104e-07,6.3736232717865695,0,0
217,0.2,0.007920792079207921,0.03900537743285587,4.2303541670263104e-07,6.3736232717865695,0,0
218,0.2,0.007920792079207921,0.03900537743285587,4.2303541670263104e-07,6.3736232717865695,0,0
219,0.2,0.007920792079207921,0.03900537743285587,4.2303541670263104e-07,6.3736232717865695,0,0
220,0.2,0.007920792079207921,0.03900537743285587,4.2303541670263104e-07,6.3736232717865695,0,0
221,0.0,0.0,0.0,1.0,-0.0,0,0
222,0.0,0.0,0.0,1.0,-0.0,0,0
223,0.0,0.0019801980198019802,0.019801980198019802,1.0,-0.0,0,0
224,0.0,0.04554455445544555,0.09700949476369022,1.0,-0.0,0,0
225,0.0,0.04554455445544555,0.09700949476369022,1.0,-0.0,0,0
226,0.0,0.04554455445544555,0.09700949476369022,1.0,-0.0,0,0
227,0.0,0.04554455445544555,0.09700949476369022,1.0,-0.0,0,0
228,0.0,0.04356435643564357,0.09587103712404124,1.0,-0.0,0,0
229,0.0,0.0,0.0,1.0,-0.0,0,0
230,0.0,0.0059405940594059415,0.03395332316729158,1.0,-0.0,0,0
231,0.0,0.05148514851485149,0.09186070102766894,1.0,-0.0,0,0
232,0.0,0.09306930693069305,0.12448501897427097,1.0,-0.0,0,0
233,0.0,0.10495049504950493,0.13377699607171908,1.0,-0.0,0,0
234,0.0,0.12079207920792079,0.14094225464771679,1.0,-0.0,0,0
235,0.0,0.11485148514851484,0.13886822488939993,1.0,-0.0,0,0
236,0.0,0.06930693069306931,0.11751770396006173,1.0,-0.0,0,0
237,0.0,0.02772277227722772,0.07461957893630407,1.0,-0.0,0,0
238,0.0,0.015841584158415842,0.054012600780142014,1.0,-0.0,0,0
239,0.0,0.0,0.0,1.0,-0.0,0,0
240,0.0,0.0,0.0,1.0,-0.0,0,0
241,0.0,0.0,0.0,1.0,-0.0,0,0
242,0.0,0.0,0.0,1.0,-0.0,0,0
243,0.0,0.0059405940594059415,0.033953323167291584,1.0,-0.0,0,0
244,0.0,0.017821782178217824,0.0635517090529949,1.0,-0.0,0,0
245,0.0,0.03762376237623763,0.08771182015980238,1.0,-0.0,0,0
246,0.0,0.03762376237623763,0.08771182015980238,1.0,-0.0,0,0
247,0.0,0.03762376237623763,0.08771182015980238,1.0,-0.0,0,0
248,0.0,0.041584158415841586,0.0987719913927915,1.0,-0.0,0,0
249,0.0,0.0712871287128713,0.11801714396634724,1.0,-0.0,0,0
250,0.0,0.07920792079207921,0.1261123431927973,1.0,-0.0,0,0
251,0.0,0.09306930693069307,0.13948804962658473,1.0,-0.0,0,0
252,0.0,0.09306930693069307,0.13948804962658473,1.0,-0.0,0,0
253,0.0,0.08712871287128714,0.13618810981425267,1.0,-0.0,0,0
254,0.0,0.04554455445544555,0.09283729243351323,1.0,-0.0,0,0
255,0.0,0.06930693069306931,0.1303024465454424,1.0,-0.0,0,0
256,0.0,0.05544554455445545,0.11299281281336322,1.0,-0.0,0,0
257,0.0,0.08514851485148513,0.12379009590564582,1.0,-0.0,0,0
258,0.0,0.11287128712871286,0.14188502271424044,1.0,-0.0,0,0
259,0.0,0.1287128712871287,0.13954426081146826,1.0,-0.0,0,0
260,0.0,0.07524752475247526,0.11205191564986228,1.0,-0.0,0,0
261,0.0,0.09900990099009901,0.1308729634998678,1.0,-0.0,0,0
262,0.0,0.07920792079207921,0.11285391563386142,1.0,-0.0,0,0
263,0.0,0.05940594059405942,0.10357779667819422,1.0,-0.0,0,0
264,0.0,0.04554455445544555,0.08846854615322249,1.0,-0.0,0,0
265,0.0,0.04554455445544555,0.08846854615322249,1.0,-0.0,0,0
266,0.0,0.027722772277227727,0.06910862719451544,1.0,-0.0,0,0
267,0.0,0.017821782178217824,0.05698017651460656,1.0,-0.0,0,0
268,0.0,0.015841584158415842,0.05401260078014202,1.0,-0.0,0,0
269,0.0,0.023762376237623766,0.06471340450838887,1.0,-0.0,0,0
270,0.0,0.02970297029702971,0.07112192077650681,1.0,-0.0,0,0
271,0.0,0.04554455445544555,0.08387254884969257,1.0,-0.0,0,0
272,0.0,0.04554455445544555,0.08387254884969257,1.0,-0.0,0,0
273,0.0,0.039603960396039604,0.07970143286137865,1.0,-0.0,0,0
274,0.0,0.03564356435643565,0.07653920035678292,1.0,-0.0,0,0
275,0.0,0.03564356435643565,0.08626938974571076,1.0,-0.0,0,0
276,0.0,0.03564356435643565,0.08154954567118415,1.0,-0.0,0,0
277,0.0,0.049504950495049514,0.09912864166957489,1.0,-0.0,0,0
278,0.0,0.09108910891089109,0.13650445892763632,1.0,-0.0,0,0
279,0.0,0.09108910891089109,0.13937555924568534,1.0,-0.0,0,0
280,0.0,0.09702970297029702,0.14243667729389659,1.0,-0.0,0,0
281,0.0,0.07524752475247526,0.1253951698929708,1.0,-0.0,0,0
282,0.0,0.0613861386138614,0.10433219700847123,1.0,-0.0,0,0
283,0.0,0.015841584158415842,0.05401260078014202,1.0,-0.0,0,0
284,0.0,0.011881188118811883,0.047276579747775535,1.0,-0.0,0,0
285,0.0,0.0,0.0,1.0,-0.0,0,0
286,0.0,0.0,0.0,1.0,-0.0,0,0
287,0.2,0.04950495049504951,0.09078727434730813,0.0486923704021295,1.312539082970909,0,0
288,0.4,0.06336633663366338,0.10120342446875752,0.0004400246430833574,3.3565230006605695,0,0
289,0.4,0.06336633663366338,0.10120342446875752,0.0004400246430833574,3.3565230006605695,0,0
290,0.4,0.08712871287128712,0.1390657415135005,0.01223055215071779,1.9125539362100747,0,0
291,0.4,0.08712871287128712,0.1390657415135005,0.01223055215071779,1.9125539362100747,0,0
292,0.2,0.03762376237623763,0.09631989312487374,0.04591700207565371,1.3380264748022233,0,0
293,0.0,0.023762376237623766,0.08101890117021301,1.0,-0.0,0,0
294,0.0,0.023762376237623766,0.08101890117021301,1.0,-0.0,0,0
295,0.0,0.09108910891089109,0.14218869759220787,1.0,-0.0,0,0
296,0.0,0.12079207920792076,0.1594028657227573,1.0,-0.0,0,0
297,0.0,0.13069306930693067,0.16753458295712842,1.0,-0.0,0,0
298,0.0,0.13465346534653463,0.1667604219518994,1.0,-0.0,0,0
299,0.0,0.14257425742574256,0.16730036701294593,1.0,-0.0,0,0
300,0.0,0.049504950495049514,0.09912864166957489,1.0,-0.0,0,0
301,0.0,0.03762376237623763,0.09631989312487374,1.0,-0.0,0,0
302,0.0,0.0297029702970297,0.07648795214189293,1.0,-0.0,0,0
303,0.0,0.031683168316831684,0.08316831683168317,1.0,-0.0,0,0
304,0.0,0.031683168316831684,0.07826167463512675,1.0,-0.0,0,0
305,0.0,0.031683168316831684,0.07826167463512675,1.0,-0.0,0,0
306,0.0,0.015841584158415842,0.05401260078014202,1.0,-0.0,0,0
307,0.0,0.013861386138613863,0.05079507064705211,1.0,-0.0,0,0
308,0.2,0.05346534653465347,0.11219180573635876,0.09575785812452149,1.0188255766273808,0,0
309,0.2,0.047524752475247525,0.10586191211583096,0.07488815124685981,1.1255868906472768,0,0
310,0.2,0.07722772277227723,0.12576985749069639,0.16449106805243696,0.7838576794821273,0,0
311,0.2,0.07524752475247526,0.12539516989297084,0.1598986177526046,0.7961552905064926,0,0
312,0.2,0.07524752475247526,0.12539516989297084,0.1598986177526046,0.7961552905064926,0,0
313,0.0,0.0297029702970297,0.07648795214189293,1.0,-0.0,0,0
314,0.0,0.0297029702970297,0.07648795214189293,1.0,-0.0,0,0
315,0.0,0.0,0.0,1.0,-0.0,0,0
316,0.0,0.0,0.0,1.0,-0.0,0,0
317,0.0,0.017821782178217824,0.05698017651460657,1.0,-0.0,0,0
318,0.0,0.017821782178217824,0.05698017651460657,1.0,-0.0,0,0
319,0.0,0.017821782178217824,0.05698017651460657,1.0,-0.0,0,0
320,0.0,0.04554455445544555,0.1121568495723271,1.0,-0.0,0,0
321,0.0,0.08514851485148513,0.1444594832462533,1.0,-0.0,0,0
322,0.0,0.06732673267326733,0.12982006655907935,1.0,-0.0,0,0
323,0.0,0.06732673267326733,0.12982006655907935,1.0,-0.0,0,0
324,0.0,0.06732673267326733,0.12982006655907935,1.0,-0.0,0,0
325,0.0,0.039603960396039604,0.09342674148186496,1.0,-0.0,0,0
326,0.0,0.0,0.0,1.0,-0.0,0,0
327,0.0,0.0,0.0,1.0,-0.0,0,0
328,0.0,0.03762376237623763,0.07816140339006158,1.0,-0.0,0,0
329,0.0,0.03762376237623763,0.07816140339006158,1.0,-0.0,0,0
330,0.0,0.03762376237623763,0.07816140339006158,1.0,-0.0,0,0
331,0.0,0.03762376237623763,0.07816140339006158,1.0,-0.0,0,0
332,0.0,0.03762376237623763,0.07816140339006158,1.0,-0.0,0,0
333,0.0,0.0,0.0,1.0,-0.0,0,0
334,0.0,0.01386138613861386,0.05079507064705211,1.0,-0.0,0,0
335,0.0,0.01386138613861386,0.05079507064705211,1.0,-0.0,0,0
336,0.0,0.023762376237623766,0.06471340450838887,1.0,-0.0,0,0
337,0.0,0.023762376237623766,0.06471340450838887,1.0,-0.0,0,0
338,0.0,0.023762376237623766,0.06471340450838887,1.0,-0.0,0,0
339,0.0,0.021782178217821784,0.06230547612891991,1.0,-0.0,0,0
340,0.0,0.021782178217821784,0.06230547612891991,1.0,-0.0,0,0
341,0.0,0.011881188118811883,0.047276579747775535,1.0,-0.0,0,0
342,0.0,0.023762376237623766,0.06471340450838887,1.0,-0.0,0,0
343,0.0,0.023762376237623766,0.06471340450838887,1.0,-0.0,0,0
344,0.0,0.019801980198019802,0.059735061897023205,1.0,-0.0,0,0
345,0.0,0.08712871287128714,0.12077584698595571,1.0,-0.0,0,0
346,0.0,0.08712871287128714,0.12077584698595571,1.0,-0.0,0,0
347,0.0,0.07920792079207921,0.11966689053257921,1.0,-0.0,0,0
348,0.0,0.07920792079207921,0.11966689053257921,1.0,-0.0,0,0
349,0.0,0.0712871287128713,0.11110305060677654,1.0,-0.0,0,0
350,0.0,0.0039603960396039604,0.027863855998951064,1.0,-0.0,0,0
351,0.0,0.0039603960396039604,0.027863855998951064,1.0,-0.0,0,0
352,0.0,0.0,0.0,1.0,-0.0,0,0
353,0.0,0.0,0.0,1.0,-0.0,0,0
354,0.0,0.0,0.0,1.0,-0.0,0,0
355,0.0,0.0,0.0,1.0,-0.0,0,0
356,0.0,0.0,0.0,1.0,-0.0,0,0
357,0.0,0.0,0.0,1.0,-0.0,0,0
358,0.0,0.0,0.0,1.0,-0.0,0,0
359,0.0,0.0,0.0,1.0,-0.0,0,0
360,0.0,0.04554455445544554,0.09283729243351323,1.0,-0.0,0,0
361,0.0,0.04554455445544554,0.09283729243351323,1.0,-0.0,0,0
362,0.0,0.04554455445544554,0.09283729243351323,1.0,-0.0,0,0
363,0.0,0.04554455445544554,0.09283729243351323,1.0,-0.0,0,0
364,0.0,0.04554455445544554,0.09283729243351323,1.0,-0.0,0,0
365,0.0,0.0,0.0,1.0,-0.0,0,0
366,0.0,0.0,0.0,1.0,-0.0,0,0
367,0.0,0.0,0.0,1.0,-0.0,0,0
368,0.0,0.0,0.0,1.0,-0.0,0,0
369,0.0,0.0,0.0,1.0,-0.0,0,0
370,0.0,0.0,0.0,1.0,-0.0,0,0
371,0.0,0.0,0.0,1.0,-0.0,0,0
372,0.0,0.009900990099009901,0.04338396495090424,1.0,-0.0,0,0
373,0.0,0.021782178217821784,0.06230547612891991,1.0,-0.0,0,0
374,0.0,0.021782178217821784,0.06230547612891991,1.0,-0.0,0,0
375,0.0,0.021782178217821784,0.06230547612891991,1.0,-0.0,0,0
376,0.0,0.021782178217821784,0.06230547612891991,1.0,-0.0,0,0
377,0.0,0.06732673267326733,0.11698261772468857,1.0,-0.0,0,0
378,0.0,0.05544554455445544,0.10575073206193021,1.0,-0.0,0,0
379,0.0,0.05544554455445544,0.10575073206193021,1.0,-0.0,0,0
380,0.0,0.05544554455445544,0.10575073206193021,1.0,-0.0,0,0
381,0.0,0.05544554455445544,0.10575073206193021,1.0,-0.0,0,0
382,0.0,0.07920792079207921,0.11966689053257921,1.0,-0.0,0,0
383,0.0,0.07920792079207921,0.11966689053257921,1.0,-0.0,0,0
384,0.0,0.07920792079207921,0.11966689053257921,1.0,-0.0,0,0
385,0.0,0.07920792079207921,0.11966689053257921,1.0,-0.0,0,0
386,0.0,0.08514851485148514,0.12054836637801526,1.0,-0.0,0,0
387,0.0,0.0059405940594059415,0.03395332316729157,1.0,-0.0,0,0
388,0.0,0.0059405940594059415,0.03395332316729157,1.0,-0.0,0,0
389,0.0,0.0059405940594059415,0.03395332316729157,1.0,-0.0,0,0
390,0.0,0.0059405940594059415,0.03395332316729157,1.0,-0.0,0,0
391,0.0,0.0,0.0,1.0,-0.0,0,0
392,0.0,0.0,0.0,1.0,-0.0,0,0
393,0.0,0.0,0.0,1.0,-0.0,0,0
394,0.0,0.0,0.0,1.0,-0.0,0,0
395,0.0,0.0,0.0,1.0,-0.0,0,0
396,0.0,0.0,0.0,1.0,-0.0,0,0
397,0.0,0.0,0.0,1.0,-0.0,0,0
398,0.0,0.0,0.0,1.0,-0.0,0,0
399,0.0,0.0,0.0,1.0,-0.0,0,0
400,0.0,0.0,0.0,1.0,-0.0,0,0
401,0.0,0.0,0.0,1.0,-0.0,0,0
402,0.0,0.023762376237623766,0.06471340450838887,1.0,-0.0,0,0
403,0.0,0.023762376237623766,0.06471340450838887,1.0,-0.0,0,0
404,0.0,0.023762376237623766,0.06471340450838887,1.0,-0.0,0,0
405,0.0,0.023762376237623766,0.06471340450838887,1.0,-0.0,0,0
406,0.0,0.023762376237623766,0.06471340450838887,1.0,-0.0,0,0
407,0.0,0.0,0.0,1.0,-0.0,0,0
408,0.0,0.0,0.0,1.0,-0.0,0,0
409,0.0,0.0,0.0,1.0,-0.0,0,0
410,0.0,0.0,0.0,1.0,-0.0,0,0
411,0.0,0.0,0.0,1.0,-0.0,0,0
412,0.0,0.0,0.0,1.0,-0.0,0,0
413,0.0,0.0,0.0,1.0,-0.0,0,0
414,0.0,0.011881188118811883,0.047276579747775535,1.0,-0.0,0,0
415,0.0,0.011881188118811883,0.047276579747775535,1.0,-0.0,0,0
416,0.0,0.011881188118811883,0.047276579747775535,1.0,-0.0,0,0
417,0.0,0.011881188118811883,0.047276579747775535,1.0,-0.0,0,0
418,0.0,0.011881188118811883,0.047276579747775535,1.0,-0.0,0,0
419,0.0,0.0,0.0,1.0,-0.0,0,0
420,0.0,0.0,0.0,1.0,-0.0,0,0
421,0.0,0.0,0.0,1.0,-0.0,0,0
422,0.0,0.013861386138613863,0.05079507064705211,1.0,-0.0,0,0
423,0.0,0.013861386138613863,0.05079507064705211,1.0,-0.0,0,0
424,0.0,0.013861386138613863,0.05079507064705211,1.0,-0.0,0,0
425,0.0,0.025742574257425748,0.06697637435757531,1.0,-0.0,0,0
426,0.0,0.025742574257425748,0.06697637435757531,1.0,-0.0,0,0
427,0.0,0.011881188118811881,0.047276579747775535,1.0,-0.0,0,0
428,0.0,0.011881188118811881,0.047276579747775535,1.0,-0.0,0,0
429,0.0,0.011881188118811881,0.047276579747775535,1.0,-0.0,0,0
430,0.0,0.0,0.0,1.0,-0.0,0,0
431,0.0,0.015841584158415842,0.054012600780142014,1.0,-0.0,0,0
432,0.0,0.015841584158415842,0.054012600780142014,1.0,-0.0,0,0
433,0.0,0.015841584158415842,0.054012600780142014,1.0,-0.0,0,0
434,0.0,0.02772277227722773,0.07461957893630405,1.0,-0.0,0,0
435,0.0,0.02772277227722773,0.07461957893630405,1.0,-0.0,0,0
436,0.0,0.011881188118811881,0.047276579747775535,1.0,-0.0,0,0
437,0.0,0.011881188118811881,0.047276579747775535,1.0,-0.0,0,0
438,0.0,0.011881188118811881,0.047276579747775535,1.0,-0.0,0,0
439,0.0,0.0,0.0,1.0,-0.0,0,0
440,0.0,0.0,0.0,1.0,-0.0,0,0
441,0.0,0.0,0.0,1.0,-0.0,0,0
442,0.0,0.0,0.0,1.0,-0.0,0,0
443,0.0,0.009900990099009901,0.04338396495090424,1.0,-0.0,0,0
444,0.0,0.009900990099009901,0.04338396495090424,1.0,-0.0,0,0
445,0.0,0.009900990099009901,0.04338396495090424,1.0,-0.0,0,0
446,0.0,0.009900990099009901,0.04338396495090424,1.0,-0.0,0,0
447,0.0,0.009900990099009901,0.04338396495090424,1.0,-0.0,0,0
448,0.0,0.0,0.0,1.0,-0.0,0,0
449,0.0,0.0,0.0,1.0,-0.0,0,0
450,0.0,0.0297029702970297,0.07112192077650681,1.0,-0.0,0,0
451,0.0,0.031683168316831684,0.07826167463512675,1.0,-0.0,0,0
452,0.0,0.031683168316831684,0.07826167463512675,1.0,-0.0,0,0
453,0.0,0.039603960396039604,0.08452453849668534,1.0,-0.0,0,0
454,0.0,0.039603960396039604,0.08452453849668534,1.0,-0.0,0,0
455,0.0,0.009900990099009901,0.04338396495090424,1.0,-0.0,0,0
456,0.0,0.007920792079207921,0.03900537743285587,1.0,-0.0,0,0
457,0.0,0.007920792079207921,0.03900537743285587,1.0,-0.0,0,0
458,0.0,0.0,0.0,1.0,-0.0,0,0
459,0.0,0.0,0.0,1.0,-0.0,0,0
460,0.0,0.0,0.0,1.0,-0.0,0,0
461,0.0,0.0,0.0,1.0,-0.0,0,0
462,0.0,0.0,0.0,1.0,-0.0,0,0
463,0.0,0.0,0.0,1.0,-0.0,0,0
464,0.0,0.009900990099009901,0.04338396495090424,1.0,-0.0,0,0
465,0.0,0.015841584158415842,0.05401260078014202,1.0,-0.0,0,0
466,0.0,0.015841584158415842,0.05401260078014202,1.0,-0.0,0,0
467,0.0,0.015841584158415842,0.05401260078014202,1.0,-0.0,0,0
468,0.0,0.015841584158415842,0.05401260078014202,1.0,-0.0,0,0
469,0.0,0.007920792079207921,0.03900537743285587,1.0,-0.0,0,0
470,0.0,0.0059405940594059415,0.033953323167291584,1.0,-0.0,0,0
471,0.0,0.0059405940594059415,0.033953323167291584,1.0,-0.0,0,0
472,0.0,0.0059405940594059415,0.033953323167291584,1.0,-0.0,0,0
473,0.0,0.0059405940594059415,0.033953323167291584,1.0,-0.0,0,0
474,0.0,0.0039603960396039604,0.027863855998951064,1.0,-0.0,0,0
475,0.0,0.0,0.0,1.0,-0.0,0,0
476,0.0,0.041584158415841586,0.08590499787518362,1.0,-0.0,0,0
477,0.0,0.041584158415841586,0.08590499787518362,1.0,-0.0,0,0
478,0.0,0.041584158415841586,0.08590499787518362,1.0,-0.0,0,0
479,0.0,0.041584158415841586,0.08590499787518362,1.0,-0.0,0,0
480,0.4,0.06930693069306931,0.10316052497133553,0.0006738676536446158,3.171425389719414,0,0
481,0.4,0.02970297029702971,0.07112192077650682,9.621238793919118e-08,7.016769006265066,0,0
482,0.4,0.041584158415841586,0.08116396646304633,5.028416963610415e-06,5.298568717166065,0,0
483,0.4,0.06336633663366337,0.09721138779115705,0.000267189920081547,3.573179929937271,0,0
484,0.4,0.06336633663366337,0.09721138779115705,0.000267189920081547,3.573179929937271,0,0
485,0.0,0.05742574257425742,0.10277971700879983,1.0,-0.0,0,0
486,0.0,0.06336633663366337,0.10120342446875752,1.0,-0.0,0,0
487,0.2,0.06930693069306931,0.11409790329416186,0.12601207675801535,0.8995878309298326,0,0
488,0.2,0.047524752475247525,0.08965727859542,0.044504787234598886,1.3515932708674616,0,0
489,0.2,0.06930693069306931,0.11751770396006173,0.13304459555834885,0.8760027623516582,0,0
490,0.2,0.11287128712871287,0.16023705603282304,0.2933071602736657,0.5326773348053848,0,0
491,0.2,0.10495049504950495,0.14784005112815915,0.26013761214092834,0.584796850555697,0,0
492,0.0,0.18415841584158413,0.198375917407813,1.0,-0.0,0,0
493,0.0,0.18415841584158413,0.198375917407813,1.0,-0.0,0,0
494,0.0,0.16237623762376235,0.183934709223495,1.0,-0.0,0,0
495,0.0,0.09504950495049506,0.1606769328720855,1.0,-0.0,0,0
496,0.0,0.09504950495049506,0.1606769328720855,1.0,-0.0,0,0
497,0.0,0.0,0.0,1.0,-0.0,0,0
498,0.0,0.0,0.0,1.0,-0.0,0,0
499,0.0,0.0,0.0,1.0,-0.0,0,0
500,0.0,0.0,0.0,1.0,-0.0,0,0
501,0.0,0.0,0.0,1.0,-0.0,0,0
502,0.0,0.0,0.0,1.0,-0.0,0,0
503,0.0,0.0,0.0,1.0,-0.0,0,0
504,0.0,0.0,0.0,1.0,-0.0,0,0
505,0.0,0.0,0.0,1.0,-0.0,0,0
506,0.0,0.027722772277227727,0.07461957893630407,1.0,-0.0,0,0
507,0.0,0.06534653465346535,0.11295810453031022,1.0,-0.0,0,0
508,0.0,0.06732673267326733,0.12032045569079852,1.0,-0.0,0,0
509,0.0,0.06732673267326733,0.12032045569079852,1.0,-0.0,0,0
510,0.0,0.06732673267326733,0.12032045569079852,1.0,-0.0,0,0
511,0.0,0.11287128712871286,0.15002532217723413,1.0,-0.0,0,0
512,0.0,0.08118811881188118,0.13254020222321994,1.0,-0.0,0,0
513,0.0,0.07920792079207921,0.1322440226302099,1.0,-0.0,0,0
514,0.0,0.07920792079207921,0.1322440226302099,1.0,-0.0,0,0
515,0.0,0.08316831683168316,0.14146987009498416,1.0,-0.0,0,0
516,0.0,0.019801980198019806,0.05973506189702319,1.0,-0.0,0,0
517,0.0,0.015841584158415842,0.054012600780142014,1.0,-0.0,0,0
518,0.0,0.04752475247524753,0.09809478080396702,1.0,-0.0,0,0
519,0.0,0.07920792079207921,0.13810372890425895,1.0,-0.0,0,0
520,0.0,0.07524752475247526,0.1374491377352735,1.0,-0.0,0,0
521,0.0,0.06534653465346535,0.1262055870822035,1.0,-0.0,0,0
522,0.0,0.06336633663366337,0.1256450857759628,1.0,-0.0,0,0
523,0.0,0.031683168316831684,0.07826167463512675,1.0,-0.0,0,0
524,0.0,0.0,0.0,1.0,-0.0,0,0
525,0.0,0.0,0.0,1.0,-0.0,0,0
526,0.0,0.0,0.0,1.0,-0.0,0,0
527,0.0,0.0,0.0,1.0,-0.0,0,0
528,0.0,0.0,0.0,1.0,-0.0,0,0
529,0.0,0.0039603960396039604,0.027863855998951064,1.0,-0.0,0,0
530,0.0,0.0039603960396039604,0.027863855998951064,1.0,-0.0,0,0
531,0.0,0.0039603960396039604,0.027863855998951064,1.0,-0.0,0,0
532,0.0,0.0039603960396039604,0.027863855998951064,1.0,-0.0,0,0
533,0.0,0.0039603960396039604,0.027863855998951064,1.0,-0.0,0,0
534,0.0,0.0,0.0,1.0,-0.0,0,0
535,0.0,0.0,0.0,1.0,-0.0,0,0
536,0.0,0.0,0.0,1.0,-0.0,0,0
537,0.0,0.0039603960396039604,0.027863855998951068,1.0,-0.0,0,0
538,0.0,0.0039603960396039604,0.027863855998951068,1.0,-0.0,0,0
539,0.0,0.0039603960396039604,0.027863855998951068,1.0,-0.0,0,0
540,0.0,0.0039603960396039604,0.027863855998951068,1.0,-0.0,0,0
541,0.0,0.039603960396039604,0.08908690597387718,1.0,-0.0,0,0
542,0.0,0.03564356435643565,0.08154954567118415,1.0,-0.0,0,0
543,0.0,0.05346534653465347,0.10104832334394513,1.0,-0.0,0,0
544,0.0,0.09306930693069305,0.1306930693069307,1.0,-0.0,0,0
545,0.0,0.15049504950495046,0.16021258301915867,1.0,-0.0,0,0
546,0.0,0.14455445544554454,0.15445544554455445,1.0,-0.0,0,0
547,0.0,0.15049504950495046,0.15261662469701143,1.0,-0.0,0,0
548,0.0,0.13267326732673265,0.14698885988036148,1.0,-0.0,0,0
549,0.0,0.14059405940594058,0.15554326246855826,1.0,-0.0,0,0
550,0.0,0.08316831683168316,0.12028786177019754,1.0,-0.0,0,0
551,0.0,0.05346534653465347,0.09704990696905226,1.0,-0.0,0,0
552,0.0,0.05346534653465347,0.09704990696905226,1.0,-0.0,0,0
553,0.0,0.05346534653465347,0.09704990696905226,1.0,-0.0,0,0
554,0.0,0.0059405940594059415,0.03395332316729158,1.0,-0.0,0,0
555,0.0,0.0059405940594059415,0.03395332316729158,1.0,-0.0,0,0
556,0.0,0.011881188118811883,0.047276579747775535,1.0,-0.0,0,0
557,0.0,0.0059405940594059415,0.03395332316729158,1.0,-0.0,0,0
558,0.0,0.0059405940594059415,0.03395332316729158,1.0,-0.0,0,0
559,0.0,0.0059405940594059415,0.03395332316729158,1.0,-0.0,0,0
560,0.0,0.06732673267326733,0.11698261772468857,1.0,-0.0,0,0
561,0.0,0.061386138613861385,0.11166631429601336,1.0,-0.0,0,0
562,0.0,0.061386138613861385,0.11166631429601336,1.0,-0.0,0,0
563,0.0,0.061386138613861385,0.11166631429601336,1.0,-0.0,0,0
564,0.0,0.061386138613861385,0.11166631429601336,1.0,-0.0,0,0
565,0.0,0.0039603960396039604,0.027863855998951064,1.0,-0.0,0,0
566,0.0,0.0039603960396039604,0.027863855998951064,1.0,-0.0,0,0
567,0.0,0.0039603960396039604,0.027863855998951064,1.0,-0.0,0,0
568,0.0,0.0039603960396039604,0.027863855998951064,1.0,-0.0,0,0
569,0.0,0.011881188118811883,0.05501958015623685,1.0,-0.0,0,0
570,0.0,0.007920792079207921,0.03900537743285587,1.0,-0.0,0,0
571,0.0,0.007920792079207921,0.03900537743285587,1.0,-0.0,0,0
572,0.0,0.007920792079207921,0.03900537743285587,1.0,-0.0,0,0
573,0.0,0.007920792079207921,0.03900537743285587,1.0,-0.0,0,0
574,0.0,0.0,0.0,1.0,-0.0,0,0
575,0.0,0.039603960396039604,0.07970143286137865,1.0,-0.0,0,0
576,0.0,0.039603960396039604,0.07970143286137865,1.0,-0.0,0,0
577,0.0,0.04752475247524753,0.08965727859541997,1.0,-0.0,0,0
578,0.0,0.20792079207920788,0.20083152306547483,1.0,-0.0,0,0
579,0.0,0.20792079207920788,0.20083152306547483,1.0,-0.0,0,0
580,0.0,0.16831683168316827,0.18181194346357277,1.0,-0.0,0,0
581,0.0,0.18811881188118812,0.19051110448801098,1.0,-0.0,0,0
582,0.0,0.18019801980198016,0.1813152180952015,1.0,-0.0,0,0
583,0.0,0.019801980198019802,0.059735061897023205,1.0,-0.0,0,0
584,0.0,0.025742574257425745,0.0669763743575753,1.0,-0.0,0,0
585,0.0,0.041584158415841586,0.08116396646304633,1.0,-0.0,0,0
586,0.0,0.021782178217821784,0.062305476128919915,1.0,-0.0,0,0
587,0.0,0.021782178217821784,0.062305476128919915,1.0,-0.0,0,0
588,0.0,0.021782178217821784,0.062305476128919915,1.0,-0.0,0,0
589,0.0,0.015841584158415842,0.05401260078014202,1.0,-0.0,0,0
590,0.0,0.0059405940594059415,0.033953323167291584,1.0,-0.0,0,0
591,0.0,0.06534653465346535,0.13233294611171187,1.0,-0.0,0,0
592,0.0,0.06534653465346535,0.13233294611171187,1.0,-0.0,0,0
593,0.0,0.07524752475247524,0.13744913773527348,1.0,-0.0,0,0
594,0.0,0.2653465346534653,0.24064091138159704,1.0,-0.0,0,0
595,0.0,0.25940594059405936,0.2363828987388777,1.0,-0.0,0,0
596,0.0,0.19999999999999998,0.19088122894710324,1.0,-0.0,0,0
597,0.0,0.19999999999999998,0.19088122894710324,1.0,-0.0,0,0
598,0.0,0.1900990099009901,0.18320845158368915,1.0,-0.0,0,0
599,0.0,0.10297029702970295,0.14519051706790778,1.0,-0.0,0,0
600,0.0,0.11485148514851483,0.14717547862227365,1.0,-0.0,0,0
601,0.0,0.11485148514851483,0.14717547862227365,1.0,-0.0,0,0
602,0.0,0.11485148514851483,0.14717547862227365,1.0,-0.0,0,0
603,0.0,0.11881188118811879,0.14939672169394072,1.0,-0.0,0,0
604,0.0,0.025742574257425745,0.0669763743575753,1.0,-0.0,0,0
605,0.0,0.013861386138613863,0.05079507064705211,1.0,-0.0,0,0
606,0.0,0.023762376237623766,0.06471340450838887,1.0,-0.0,0,0
607,0.0,0.023762376237623766,0.06471340450838887,1.0,-0.0,0,0
608,0.0,0.019801980198019806,0.05973506189702319,1.0,-0.0,0,0
609,0.0,0.009900990099009901,0.04338396495090424,1.0,-0.0,0,0
610,0.0,0.009900990099009901,0.04338396495090424,1.0,-0.0,0,0
611,0.0,0.0,0.0,1.0,-0.0,0,0
612,0.0,0.0,0.0,1.0,-0.0,0,0
613,0.0,0.0,0.0,1.0,-0.0,0,0
614,0.0,0.015841584158415842,0.05401260078014202,1.0,-0.0,0,0
615,0.0,0.08514851485148514,0.130031327995105,1.0,-0.0,0,0
616,0.0,0.09900990099009901,0.14246420394934614,1.0,-0.0,0,0
617,0.0,0.09900990099009901,0.14246420394934614,1.0,-0.0,0,0
618,0.0,0.09900990099009901,0.14246420394934614,1.0,-0.0,0,0
619,0.0,0.09702970297029702,0.14243667729389659,1.0,-0.0,0,0
620,0.0,0.04356435643564357,0.09164702150816742,1.0,-0.0,0,0
621,0.0,0.02970297029702971,0.07648795214189293,1.0,-0.0,0,0
622,0.0,0.02970297029702971,0.07648795214189293,1.0,-0.0,0,0
623,0.0,0.02970297029702971,0.07648795214189293,1.0,-0.0,0,0
624,0.0,0.015841584158415842,0.054012600780142014,1.0,-0.0,0,0
625,0.0,0.0,0.0,1.0,-0.0,0,0
626,0.0,0.0,0.0,1.0,-0.0,0,0
627,0.0,0.0,0.0,1.0,-0.0,0,0
628,0.0,0.0,0.0,1.0,-0.0,0,0
629,0.0,0.0,0.0,1.0,-0.0,0,0
630,0.0,0.0,0.0,1.0,-0.0,0,0
631,0.0,0.0,0.0,1.0,-0.0,0,0
632,0.0,0.0,0.0,1.0,-0.0,0,0
633,0.0,0.0039603960396039604,0.027863855998951068,1.0,-0.0,0,0
634,0.0,0.02772277227722773,0.07975061610139512,1.0,-0.0,0,0
635,0.0,0.12079207920792079,0.1618683193480064,1.0,-0.0,0,0
636,0.0,0.17029702970297028,0.18322985319016177,1.0,-0.0,0,0
637,0.0,0.1801980198019802,0.1813152180952015,1.0,-0.0,0,0
638,0.0,0.1762376237623762,0.17414487814590618,1.0,-0.0,0,0
639,0.0,0.15445544554455443,0.15384494732320814,1.0,-0.0,0,0
640,0.0,0.06534653465346535,0.10939585993610405,1.0,-0.0,0,0
641,0.0,0.017821782178217824,0.05698017651460656,1.0,-0.0,0,0
642,0.0,0.13069306930693067,0.1419402846531281,1.0,-0.0,0,0
643,0.0,0.14059405940594058,0.14770737583343774,1.0,-0.0,0,0
644,0.0,0.15445544554455443,0.16381875548472422,1.0,-0.0,0,0
645,0.0,0.1485148514851485,0.16082329112274815,1.0,-0.0,0,0
646,0.0,0.1485148514851485,0.16082329112274815,1.0,-0.0,0,0
647,0.0,0.025742574257425748,0.07264925278354116,1.0,-0.0,0,0
648,0.0,0.015841584158415842,0.054012600780142014,1.0,-0.0,0,0
649,0.0,0.0,0.0,1.0,-0.0,0,0
650,0.0,0.0,0.0,1.0,-0.0,0,0
651,0.0,0.0,0.0,1.0,-0.0,0,0
652,0.0,0.08316831683168316,0.12670172889541698,1.0,-0.0,0,0
653,0.2,0.08316831683168316,0.12670172889541698,0.17823816947726306,0.7489992867285707,0,0
654,0.2,0.08316831683168316,0.12670172889541698,0.17823816947726306,0.7489992867285707,0,0
655,0.2,0.08316831683168316,0.12670172889541698,0.17823816947726306,0.7489992867285707,0,0
656,0.2,0.08316831683168316,0.12670172889541698,0.17823816947726306,0.7489992867285707,0,0
657,0.2,0.0,0.0,0.5,0.3010299956639812,0,0
658,0.0,0.0,0.0,1.0,-0.0,0,0
659,0.0,0.0,0.0,1.0,-0.0,0,0
660,0.0,0.0,0.0,1.0,-0.0,0,0
661,0.0,0.0,0.0,1.0,-0.0,0,0
662,0.0,0.0,0.0,1.0,-0.0,0,0
663,0.0,0.0,0.0,1.0,-0.0,0,0
664,0.0,0.0,0.0,1.0,-0.0,0,0
665,0.0,0.0,0.0,1.0,-0.0,0,0
666,0.0,0.0,0.0,1.0,-0.0,0,0
667,0.0,0.0,0.0,1.0,-0.0,0,0
668,0.0,0.0039603960396039604,0.027863855998951064,1.0,-0.0,0,0
669,0.0,0.0039603960396039604,0.027863855998951064,1.0,-0.0,0,0
670,0.0,0.0039603960396039604,0.027863855998951064,1.0,-0.0,0,0
671,0.0,0.007920792079207921,0.03900537743285587,1.0,-0.0,0,0
672,0.0,0.007920792079207921,0.03900537743285587,1.0,-0.0,0,0
673,0.0,0.0039603960396039604,0.02786385599895107,1.0,-0.0,0,0
674,0.0,0.0039603960396039604,0.02786385599895107,1.0,-0.0,0,0
675,0.0,0.0039603960396039604,0.02786385599895107,1.0,-0.0,0,0
676,0.0,0.0019801980198019802,0.0198019801980198,1.0,-0.0,0,0
677,0.0,0.011881188118811883,0.047276579747775535,1.0,-0.0,0,0
678,0.0,0.017821782178217824,0.0635517090529949,1.0,-0.0,0,0
679,0.0,0.021782178217821784,0.06836703565002801,1.0,-0.0,0,0
680,0.0,0.033663366336633666,0.07994704648786674,1.0,-0.0,0,0
681,0.0,0.031683168316831684,0.07826167463512675,1.0,-0.0,0,0
682,0.0,0.03762376237623763,0.08771182015980238,1.0,-0.0,0,0
683,0.0,0.05148514851485149,0.10399339410297728,1.0,-0.0,0,0
684,0.0,0.08316831683168317,0.12670172889541695,1.0,-0.0,0,0
685,0.0,0.0712871287128713,0.12132652421418132,1.0,-0.0,0,0
686,0.0,0.0910891089108911,0.14765427233510695,1.0,-0.0,0,0
687,0.0,0.11485148514851484,0.16493991622145585,1.0,-0.0,0,0
688,0.0,0.10891089108910891,0.15549283508436104,1.0,-0.0,0,0
689,0.0,0.08910891089108909,0.12734998170941408,1.0,-0.0,0,0
690,0.0,0.08910891089108909,0.12734998170941408,1.0,-0.0,0,0
691,0.0,0.11089108910891086,0.14481192315867106,1.0,-0.0,0,0
692,0.0,0.0891089108910891,0.13042276277287215,1.0,-0.0,0,0
693,0.0,0.07524752475247526,0.11553229422427584,1.0,-0.0,0,0
694,0.0,0.06336633663366337,0.10120342446875752,1.0,-0.0,0,0
695,0.0,0.1168316831683168,0.14696218071508493,1.0,-0.0,0,0
696,0.0,0.11089108910891088,0.15018206119491914,1.0,-0.0,0,0
697,0.0,0.10495049504950493,0.1423816080178024,1.0,-0.0,0,0
698,0.0,0.10693069306930691,0.14229896414433021,1.0,-0.0,0,0
699,0.0,0.10297029702970295,0.1396285351588451,1.0,-0.0,0,0
700,0.0,0.11287128712871286,0.1626898685658909,1.0,-0.0,0,0
701,0.0,0.07722772277227723,0.13488622864100122,1.0,-0.0,0,0
702,0.0,0.08514851485148514,0.14445948324625327,1.0,-0.0,0,0
703,0.0,0.08712871287128712,0.14736186103080443,1.0,-0.0,0,0
704,0.0,0.10495049504950495,0.1531040140996254,1.0,-0.0,0,0
705,0.0,0.06336633663366338,0.10874875419996816,1.0,-0.0,0,0
706,0.0,0.08118811881188118,0.11664694237642095,1.0,-0.0,0,0
707,0.0,0.0613861386138614,0.10433219700847124,1.0,-0.0,0,0
708,0.0,0.057425742574257435,0.10277971700879983,1.0,-0.0,0,0
709,0.0,0.03960396039603961,0.08452453849668534,1.0,-0.0,0,0
710,0.0,0.01782178217821782,0.05698017651460657,1.0,-0.0,0,0
711,0.0,0.0,0.0,1.0,-0.0,0,0
712,0.0,0.0,0.0,1.0,-0.0,0,0
713,0.0,0.0,0.0,1.0,-0.0,0,0
714,0.0,0.0,0.0,1.0,-0.0,0,0
715,0.0,0.0,0.0,1.0,-0.0,0,0
716,0.0,0.0,0.0,1.0,-0.0,0,0
717,0.0,0.0,0.0,1.0,-0.0,0,0
718,0.0,0.0,0.0,1.0,-0.0,0,0
719,0.0,0.0,0.0,1.0,-0.0,0,0
720,0.0,0.0,0.0,1.0,-0.0,0,0
721,0.0,0.0,0.0,1.0,-0.0,0,0
722,0.0,0.0,0.0,1.0,-0.0,0,0
723,0.0,0.0,0.0,1.0,-0.0,0,0
724,0.0,0.0019801980198019802,0.0198019801980198,1.0,-0.0,0,0
725,0.0,0.0019801980198019802,0.0198019801980198,1.0,-0.0,0,0
726,0.0,0.0019801980198019802,0.0198019801980198,1.0,-0.0,0,0
727,0.0,0.0019801980198019802,0.0198019801980198,1.0,-0.0,0,0
728,0.0,0.0019801980198019802,0.0198019801980198,1.0,-0.0,0,0
729,0.0,0.0,0.0,1.0,-0.0,0,0
730,0.0,0.027722772277227727,0.07461957893630407,1.0,-0.0,0,0
731,0.0,0.0297029702970297,0.08150144802873932,1.0,-0.0,0,0
732,0.0,0.0297029702970297,0.08150144802873932,1.0,-0.0,0,0
733,0.0,0.0297029702970297,0.08150144802873932,1.0,-0.0,0,0
734,0.0,0.04554455445544555,0.09283729243351321,1.0,-0.0,0,0
735,0.0,0.02970297029702971,0.08622392497852373,1.0,-0.0,0,0
736,0.0,0.031683168316831684,0.09640127876941058,1.0,-0.0,0,0
737,0.0,0.031683168316831684,0.09640127876941058,1.0,-0.0,0,0
738,0.0,0.05346534653465347,0.11219180573635876,1.0,-0.0,0,0
739,0.0,0.03762376237623762,0.08307396817189318,1.0,-0.0,0,0
740,0.0,0.025742574257425745,0.0669763743575753,1.0,-0.0,0,0
741,0.0,0.021782178217821784,0.06230547612891991,1.0,-0.0,0,0
742,0.0,0.021782178217821784,0.06230547612891991,1.0,-0.0,0,0
743,0.0,0.0,0.0,1.0,-0.0,0,0
744,0.0,0.0,0.0,1.0,-0.0,0,0
745,0.0,0.013861386138613863,0.05079507064705211,1.0,-0.0,0,0
746,0.0,0.013861386138613863,0.05079507064705211,1.0,-0.0,0,0
747,0.0,0.013861386138613863,0.05079507064705211,1.0,-0.0,0,0
748,0.0,0.013861386138613863,0.05079507064705211,1.0,-0.0,0,0
749,0.0,0.013861386138613863,0.05079507064705211,1.0,-0.0,0,0
750,0.0,0.0,0.0,1.0,-0.0,0,0
751,0.0,0.0,0.0,1.0,-0.0,0,0
752,0.0,0.0019801980198019802,0.0198019801980198,1.0,-0.0,0,0
753,0.0,0.0019801980198019802,0.0198019801980198,1.0,-0.0,0,0
754,0.0,0.009900990099009901,0.04338396495090424,1.0,-0.0,0,0
755,0.0,0.009900990099009901,0.04338396495090424,1.0,-0.0,0,0
756,0.0,0.009900990099009901,0.04338396495090424,1.0,-0.0,0,0
757,0.0,0.007920792079207921,0.03900537743285587,1.0,-0.0,0,0
758,0.0,0.015841584158415842,0.05401260078014202,1.0,-0.0,0,0
759,0.0,0.03762376237623763,0.08771182015980238,1.0,-0.0,0,0
760,0.0,0.08712871287128714,0.127165103825761,1.0,-0.0,0,0
761,0.0,0.12475247524752472,0.14583724862987696,1.0,-0.0,0,0
762,0.0,0.15445544554455443,0.15384494732320814,1.0,-0.0,0,0
763,0.0,0.1465346534653465,0.15387043310940526,1.0,-0.0,0,0
764,0.0,0.11485148514851483,0.1416914361980065,1.0,-0.0,0,0
765,0.0,0.06534653465346535,0.1129581045303102,1.0,-0.0,0,0
766,0.0,0.027722772277227727,0.06910862719451544,1.0,-0.0,0,0
767,0.0,0.0,0.0,1.0,-0.0,0,0
768,0.0,0.0,0.0,1.0,-0.0,0,0
769,0.0,0.0,0.0,1.0,-0.0,0,0
770,0.0,0.0039603960396039604,0.027863855998951064,1.0,-0.0,0,0
771,0.0,0.009900990099009901,0.04338396495090424,1.0,-0.0,0,0
772,0.0,0.017821782178217824,0.05698017651460656,1.0,-0.0,0,0
773,0.0,0.0297029702970297,0.07648795214189293,1.0,-0.0,0,0
774,0.0,0.0297029702970297,0.07648795214189293,1.0,-0.0,0,0
775,0.0,0.03564356435643565,0.08154954567118416,1.0,-0.0,0,0
776,0.0,0.04356435643564357,0.09164702150816742,1.0,-0.0,0,0
777,0.0,0.03564356435643565,0.08154954567118415,1.0,-0.0,0,0
778,0.0,0.023762376237623766,0.06471340450838887,1.0,-0.0,0,0
779,0.0,0.03762376237623763,0.07816140339006158,1.0,-0.0,0,0
780,0.0,0.03762376237623763,0.08307396817189318,1.0,-0.0,0,0
781,0.0,0.023762376237623766,0.06471340450838889,1.0,-0.0,0,0
782,0.0,0.04950495049504951,0.1068206254198905,1.0,-0.0,0,0
783,0.0,0.04950495049504951,0.1068206254198905,1.0,-0.0,0,0
784,0.0,0.03564356435643565,0.09500824186847648,1.0,-0.0,0,0
785,0.0,0.0297029702970297,0.0815014480287393,1.0,-0.0,0,0
786,0.0,0.0297029702970297,0.0815014480287393,1.0,-0.0,0,0
787,0.0,0.015841584158415842,0.06709336374692047,1.0,-0.0,0,0
788,0.0,0.015841584158415842,0.06709336374692047,1.0,-0.0,0,0
789,0.0,0.015841584158415842,0.06709336374692047,1.0,-0.0,0,0
790,0.0,0.011881188118811883,0.06179994667060291,1.0,-0.0,0,0
791,0.0,0.019801980198019802,0.07178047113026478,1.0,-0.0,0,0
792,0.0,0.015841584158415842,0.054012600780142014,1.0,-0.0,0,0
793,0.0,0.015841584158415842,0.054012600780142014,1.0,-0.0,0,0
794,0.0,0.041584158415841586,0.09467748980500532,1.0,-0.0,0,0
795,0.0,0.08910891089108909,0.12734998170941406,1.0,-0.0,0,0
796,0.0,0.08712871287128712,0.12401163019288061,1.0,-0.0,0,0
797,0.0,0.07920792079207921,0.12293186689242579,1.0,-0.0,0,0
798,0.0,0.07920792079207921,0.12293186689242579,1.0,-0.0,0,0
799,0.0,0.05346534653465348,0.10489443673781407,1.0,-0.0,0,0
800,0.0,0.0059405940594059415,0.033953323167291584,1.0,-0.0,0,0
801,0.0,0.0,0.0,1.0,-0.0,0,0
802,0.0,0.039603960396039604,0.07970143286137865,1.0,-0.0,0,0
803,0.0,0.10693069306930694,0.13368903310588715,1.0,-0.0,0,0
804,0.0,0.10891089108910891,0.13937555924568534,1.0,-0.0,0,0
805,0.0,0.10891089108910891,0.13937555924568534,1.0,-0.0,0,0
806,0.0,0.10891089108910891,0.13937555924568534,1.0,-0.0,0,0
807,0.0,0.06930693069306931,0.11057238501634628,1.0,-0.0,0,0
808,0.0,0.0019801980198019802,0.019801980198019802,1.0,-0.0,0,0
809,0.0,0.0,0.0,1.0,-0.0,0,0
810,0.0,0.0019801980198019802,0.0198019801980198,1.0,-0.0,0,0
811,0.0,0.0297029702970297,0.08150144802873932,1.0,-0.0,0,0
812,0.0,0.0297029702970297,0.08150144802873932,1.0,-0.0,0,0
813,0.0,0.07128712871287128,0.12454800153280306,1.0,-0.0,0,0
814,0.0,0.09702970297029702,0.15315522802114462,1.0,-0.0,0,0
815,0.0,0.13861386138613863,0.17059609935397896,1.0,-0.0,0,0
816,0.0,0.1584158415841584,0.17192407185067915,1.0,-0.0,0,0
817,0.0,0.1584158415841584,0.17192407185067915,1.0,-0.0,0,0
818,0.0,0.11485148514851484,0.14445948324625327,1.0,-0.0,0,0
819,0.0,0.10693069306930694,0.14776046024695158,1.0,-0.0,0,0
820,0.0,0.06930693069306931,0.11751770396006173,1.0,-0.0,0,0
821,0.0,0.04554455445544555,0.09700949476369024,1.0,-0.0,0,0
822,0.0,0.04554455445544555,0.09700949476369024,1.0,-0.0,0,0
823,0.0,0.04554455445544555,0.09700949476369024,1.0,-0.0,0,0
824,0.0,0.027722772277227727,0.07461957893630405,1.0,-0.0,0,0
825,0.0,0.021782178217821784,0.06836703565002801,1.0,-0.0,0,0
826,0.0,0.0,0.0,1.0,-0.0,0,0
827,0.0,0.0059405940594059415,0.03395332316729158,1.0,-0.0,0,0
828,0.0,0.0059405940594059415,0.03395332316729158,1.0,-0.0,0,0
829,0.0,0.0059405940594059415,0.03395332316729158,1.0,-0.0,0,0
830,0.0,0.0059405940594059415,0.03395332316729158,1.0,-0.0,0,0
831,0.0,0.0059405940594059415,0.03395332316729158,1.0,-0.0,0,0
832,0.0,0.0,0.0,1.0,-0.0,0,0
833,0.0,0.0,0.0,1.0,-0.0,0,0
834,0.0,0.0,0.0,1.0,-0.0,0,0
835,0.0,0.009900990099009901,0.04338396495090424,1.0,-0.0,0,0
836,0.0,0.009900990099009901,0.04338396495090424,1.0,-0.0,0,0
837,0.0,0.009900990099009901,0.04338396495090424,1.0,-0.0,0,0
838,0.0,0.009900990099009901,0.04338396495090424,1.0,-0.0,0,0
839,0.0,0.009900990099009901,0.04338396495090424,1.0,-0.0,0,0
840,0.0,0.0,0.0,1.0,-0.0,0,0
841,0.0,0.0,0.0,1.0,-0.0,0,0
842,0.0,0.0,0.0,1.0,-0.0,0,0
843,0.0,0.0,0.0,1.0,-0.0,0,0
844,0.0,0.0,0.0,1.0,-0.0,0,0
845,0.0,0.0,0.0,1.0,-0.0,0,0
846,0.0,0.0,0.0,1.0,-0.0,0,0
847,0.0,0.0,0.0,1.0,-0.0,0,0
848,0.0,0.0,0.0,1.0,-0.0,0,0
849,0.0,0.0,0.0,1.0,-0.0,0,0
850,0.0,0.0,0.0,1.0,-0.0,0,0
851,0.0,0.0,0.0,1.0,-0.0,0,0
852,0.0,0.0,0.0,1.0,-0.0,0,0
853,0.0,0.0,0.0,1.0,-0.0,0,0
854,0.0,0.0,0.0,1.0,-0.0,0,0
855,0.0,0.0,0.0,1.0,-0.0,0,0
856,0.0,0.0,0.0,1.0,-0.0,0,0
857,0.0,0.0,0.0,1.0,-0.0,0,0
858,0.0,0.0,0.0,1.0,-0.0,0,0
859,0.0,0.0,0.0,1.0,-0.0,0,0
860,0.0,0.0,0.0,1.0,-0.0,0,0
861,0.0,0.0,0.0,1.0,-0.0,0,0
862,0.0,0.0,0.0,1.0,-0.0,0,0
863,0.0,0.0,0.0,1.0,-0.0,0,0
864,0.0,0.0,0.0,1.0,-0.0,0,0
865,0.0,0.0,0.0,1.0,-0.0,0,0
866,0.0,0.0,0.0,1.0,-0.0,0,0
867,0.0,0.0019801980198019802,0.0198019801980198,1.0,-0.0,0,0
868,0.0,0.0019801980198019802,0.0198019801980198,1.0,-0.0,0,0
869,0.0,0.0019801980198019802,0.0198019801980198,1.0,-0.0,0,0
870,0.0,0.033663366336633666,0.08475617647141663,1.0,-0.0,0,0
871,0.0,0.03762376237623763,0.08771182015980238,1.0,-0.0,0,0
872,0.0,0.03564356435643565,0.08626938974571076,1.0,-0.0,0,0
873,0.0,0.03564356435643565,0.08626938974571076,1.0,-0.0,0,0
874,0.0,0.03564356435643565,0.08626938974571076,1.0,-0.0,0,0
875,0.0,0.0039603960396039604,0.02786385599895107,1.0,-0.0,0,0
876,0.0,0.0,0.0,1.0,-0.0,0,0
877,0.0,0.0,0.0,1.0,-0.0,0,0
878,0.0,0.0,0.0,1.0,-0.0,0,0
879,0.0,0.0019801980198019802,0.0198019801980198,1.0,-0.0,0,0
880,0.0,0.0019801980198019802,0.0198019801980198,1.0,-0.0,0,0
881,0.0,0.0019801980198019802,0.0198019801980198,1.0,-0.0,0,0
882,0.0,0.0039603960396039604,0.027863855998951054,1.0,-0.0,0,0
883,0.0,0.0039603960396039604,0.027863855998951054,1.0,-0.0,0,0
884,0.0,0.0019801980198019802,0.0198019801980198,1.0,-0.0,0,0
885,0.0,0.0019801980198019802,0.0198019801980198,1.0,-0.0,0,0
886,0.0,0.0019801980198019802,0.0198019801980198,1.0,-0.0,0,0
887,0.0,0.041584158415841586,0.09467748980500532,1.0,-0.0,0,0
888,0.0,0.041584158415841586,0.09467748980500532,1.0,-0.0,0,0
889,0.0,0.041584158415841586,0.09467748980500532,1.0,-0.0,0,0
890,0.0,0.05346534653465347,0.10489443673781407,1.0,-0.0,0,0
891,0.0,0.05346534653465347,0.10489443673781407,1.0,-0.0,0,0
892,0.0,0.011881188118811883,0.04727657974777555,1.0,-0.0,0,0
893,0.0,0.011881188118811883,0.04727657974777555,1.0,-0.0,0,0
894,0.2,0.05346534653465347,0.11219180573635876,0.09575785812452149,1.0188255766273808,0,0
895,0.4,0.09306930693069305,0.15811853289249214,0.02612046356740933,1.583019119778994,0,0
896,0.4,0.09306930693069305,0.15811853289249214,0.02612046356740933,1.583019119778994,0,0
897,0.4,0.09306930693069305,0.15811853289249214,0.02612046356740933,1.583019119778994,0,0
898,0.4,0.10693069306930694,0.17018186296923088,0.04252617045764907,1.3713437243631799,0,0
899,0.2,0.06930693069306931,0.11751770396006173,0.13304459555834885,0.8760027623516582,0,0
900,0.0,0.025742574257425748,0.07264925278354116,1.0,-0.0,0,0
901,0.0,0.025742574257425748,0.07264925278354116,1.0,-0.0,0,0
902,0.0,0.03564356435643565,0.09074407316744237,1.0,-0.0,0,0
903,0.0,0.03762376237623762,0.08307396817189318,1.0,-0.0,0,0
904,0.0,0.061386138613861385,0.11515834731523734,1.0,-0.0,0,0
905,0.0,0.05346534653465347,0.11219180573635876,1.0,-0.0,0,0
906,0.2,0.08514851485148514,0.13304219431477882,0.1939942072739198,0.7122112380415881,0,0
907,0.2,0.07524752475247526,0.12219602867755655,0.15364596650640783,0.8134788362992573,0,0
908,0.2,0.06732673267326733,0.11698261772468857,0.12837042097948392,0.8915350345635851,0,0
909,0.4,0.06732673267326734,0.11698261772468857,0.0022290647018759187,2.65187732530179,0,0
910,0.4,0.100990099009901,0.15826725705099476,0.029427694119993287,1.5312437667891632,0,0
911,0.2,0.07326732673267328,0.1281174346108658,0.16128473592065512,0.7924067325435374,0,0
912,0.2,0.07326732673267328,0.1281174346108658,0.16128473592065512,0.7924067325435374,0,0
913,0.2,0.06534653465346535,0.12302752132284411,0.13686815291931304,0.8636975936513454,0,0
914,0.0,0.06930693069306931,0.1391221233287152,1.0,-0.0,0,0
915,0.2,0.04554455445544555,0.10100951085035129,0.06311761613918085,1.1998494121615952,0,0
916,0.2,0.041584158415841586,0.0987719913927915,0.05437313246532605,1.2646156463395057,0,0
917,0.2,0.04356435643564357,0.09991664009142864,0.05871393383087656,1.231258820937131,0,0
918,0.4,0.05346534653465347,0.10489443673781407,0.00047717209993902216,3.321324957283242,0,0
919,0.4,0.031683168316831684,0.0730260947112308,2.283873330835405e-07,6.641327986785526,0,0
920,0.4,0.07524752475247526,0.12219602867755656,0.0039345502315398136,2.405104905776178,0,0
921,0.6,0.1386138613861386,0.17517758855125914,0.004221518645140643,2.3745312882422795,0,0
922,0.6,0.16633663366336632,0.19512739059128734,0.013126022761576709,1.881866846976963,0,0
923,0.4,0.18811881188118812,0.2064730360037557,0.15240030569240215,0.8170141618652487,0,0
924,0.6,0.21386138613861383,0.2148126989674553,0.03612341835388144,1.44221115918956,0,0
925,0.4,0.19603960396039605,0.19494644711665693,0.14772556337271758,0.8305443451005656,0,0
926,0.4,0.18415841584158413,0.19229343978313215,0.13083357471253299,0.8832807923933637,0,0
927,0.4,0.16633663366336632,0.1847005753086894,0.10291903338904525,0.9875043013168711,0,0
928,0.4,0.13663366336633664,0.17333237817044833,0.06432720482462893,1.1916053193537643,0,0
929,0.2,0.10891089108910891,0.1503125521928582,0.27225803422868594,0.565019295521861,0,0
930,0.2,0.08316831683168316,0.12670172889541698,0.17823816947726306,0.7489992867285707,0,0
931,0.0,0.031683168316831684,0.0730260947112308,1.0,-0.0,0,0
932,0.4,0.04356435643564357,0.08721867542790195,2.18786067554328e-05,4.659980337626219,0,0
933,0.4,0.039603960396039604,0.08452453849668534,1.0048801267895168e-05,4.9978857426005865,0,0
934,0.4,0.03762376237623763,0.08307396817189318,6.4412529434457805e-06,5.19102964607219,0,0
935,0.4,0.027722772277227727,0.07461957893630405,3.0346011133483776e-07,6.5178983871774205,0,0
936,0.4,0.027722772277227727,0.07461957893630405,3.0346011133483776e-07,6.5178983871774205,0,0
937,0.0,0.0059405940594059415,0.03395332316729158,1.0,-0.0,0,0
938,0.0,0.041584158415841586,0.09039772047931348,1.0,-0.0,0,0
939,0.0,0.06336633663366337,0.10120342446875752,1.0,-0.0,0,0
940,0.0,0.06336633663366337,0.10120342446875752,1.0,-0.0,0,0
941,0.0,0.06336633663366337,0.10120342446875752,1.0,-0.0,0,0
942,0.0,0.06336633663366337,0.10120342446875752,1.0,-0.0,0,0
943,0.0,0.027722772277227727,0.06910862719451544,1.0,-0.0,0,0
944,0.0,0.0,0.0,1.0,-0.0,0,0
945,0.0,0.0,0.0,1.0,-0.0,0,0
946,0.0,0.0,0.0,1.0,-0.0,0,0
947,0.0,0.0,0.0,1.0,-0.0,0,0
948,0.0,0.017821782178217824,0.05698017651460656,1.0,-0.0,0,0
949,0.0,0.017821782178217824,0.05698017651460656,1.0,-0.0,0,0
950,0.0,0.017821782178217824,0.05698017651460656,1.0,-0.0,0,0
951,0.0,0.017821782178217824,0.05698017651460656,1.0,-0.0,0,0
952,0.0,0.017821782178217824,0.05698017651460656,1.0,-0.0,0,0
953,0.0,0.0,0.0,1.0,-0.0,0,0
954,1.2,0.06336633663366337,0.11233152161332938,1.0000002285366542e-17,16.999999900747802,0,0
955,2.6,0.1267326732673267,0.14818445096134422,1e-17,17.0,0,0
956,2.6,0.1267326732673267,0.14818445096134422,1e-17,17.0,0,0
957,2.6,0.1267326732673267,0.14818445096134422,1e-17,17.0,0,0
958,2.6,0.1267326732673267,0.14818445096134422,1e-17,17.0,0,0
959,1.4,0.06336633663366337,0.11233152161332938,1.0000000000000007e-17,17.0,0,0
960,0.0,0.0,0.0,1.0,-0.0,0,0
961,0.0,0.0,0.0,1.0,-0.0,0,0
962,0.0,0.0019801980198019802,0.0198019801980198,1.0,-0.0,0,0
963,0.0,0.0019801980198019802,0.0198019801980198,1.0,-0.0,0,0
964,0.0,0.007920792079207921,0.03900537743285587,1.0,-0.0,0,0
965,0.2,0.039603960396039604,0.08452453849668534,0.028872622852877186,1.5395137620565469,0,0
966,0.2,0.039603960396039604,0.08452453849668534,0.028872622852877186,1.5395137620565469,0,0
967,0.2,0.04554455445544554,0.09283729243351323,0.048083999170693,1.3179994190099729,0,0
968,0.4,0.07524752475247524,0.11553229422427584,0.002469974202944899,2.607307582601543,0,0
969,0.4,0.06930693069306931,0.11409790329416186,0.001875794216145872,2.726814807585068,0,0
970,0.2,0.03762376237623763,0.08771182015980238,0.03206701867154286,1.4939414153345645,0,0
971,0.2,0.03762376237623763,0.08771182015980238,0.03206701867154286,1.4939414153345645,0,0
972,0.2,0.0297029702970297,0.07648795214189293,0.012991839772286904,1.8863293442020952,0,0
973,0.0,0.0,0.0,1.0,-0.0,0,0
974,0.0,0.0,0.0,1.0,-0.0,0,0
975,0.0,0.0019801980198019802,0.0198019801980198,1.0,-0.0,0,0
976,0.0,0.04356435643564357,0.09164702150816742,1.0,-0.0,0,0
977,0.0,0.04356435643564357,0.09164702150816742,1.0,-0.0,0,0
978,0.0,0.04356435643564357,0.09164702150816742,1.0,-0.0,0,0
979,0.0,0.04356435643564357,0.09164702150816742,1.0,-0.0,0,0
980,0.0,0.04554455445544555,0.09283729243351321,1.0,-0.0,0,0
981,0.0,0.0059405940594059415,0.03395332316729158,1.0,-0.0,0,0
982,0.0,0.03762376237623763,0.09211646217515253,1.0,-0.0,0,0
983,0.0,0.03762376237623763,0.09211646217515253,1.0,-0.0,0,0
984,0.0,0.04752475247524753,0.09809478080396702,1.0,-0.0,0,0
985,0.0,0.04356435643564357,0.09164702150816742,1.0,-0.0,0,0
986,0.0,0.04752475247524753,0.09397077637785879,1.0,-0.0,0,0
987,0.0,0.019801980198019802,0.059735061897023205,1.0,-0.0,0,0
988,0.0,0.019801980198019802,0.059735061897023205,1.0,-0.0,0,0
989,0.0,0.009900990099009901,0.04338396495090425,1.0,-0.0,0,0
990,0.0,0.009900990099009901,0.04338396495090425,1.0,-0.0,0,0
991,0.0,0.0039603960396039604,0.027863855998951064,1.0,-0.0,0,0
992,0.4,0.0712871287128713,0.10747934055534188,0.0011126788254175093,2.953630176615907,0,0
993,0.4,0.07524752475247526,0.11205191564986226,0.0018763629215048038,2.7266831576610144,0,0
994,0.4,0.08514851485148513,0.1172170185104851,0.0036150476358329303,2.441885975591282,0,0
995,0.4,0.08514851485148513,0.1172170185104851,0.0036150476358329303,2.441885975591282,0,0
996,0.4,0.08514851485148513,0.1172170185104851,0.0036150476358329303,2.441885975591282,0,0
997,0.0,0.01386138613861386,0.05079507064705211,1.0,-0.0,0,0
998,0.0,0.009900990099009901,0.04338396495090424,1.0,-0.0,0,0
999,0.0,0.0,0.0,1.0,-0.0,0,0
1000,0.0,0.0,0.0,1.0,-0.0,0,0
1001,0.0,0.007920792079207921,0.03900537743285587,1.0,-0.0,0,0
1002,0.0,0.007920792079207921,0.03900537743285587,1.0,-0.0,0,0
1003,0.0,0.013861386138613863,0.05079507064705211,1.0,-0.0,0,0
1004,0.0,0.013861386138613863,0.05079507064705211,1.0,-0.0,0,0
1005,0.0,0.013861386138613863,0.05079507064705211,1.0,-0.0,0,0
1006,0.0,0.0059405940594059415,0.03395332316729158,1.0,-0.0,0,0
1007,0.0,0.0059405940594059415,0.03395332316729158,1.0,-0.0,0,0
1008,0.0,0.0,0.0,1.0,-0.0,0,0
1009,0.0,0.0,0.0,1.0,-0.0,0,0
1010,0.0,0.0,0.0,1.0,-0.0,0,0
1011,0.2,0.03762376237623763,0.08771182015980238,0.03206701867154286,1.4939414153345645,0,0
1012,0.2,0.03762376237623763,0.08771182015980238,0.03206701867154286,1.4939414153345645,0,0
1013,0.2,0.04554455445544555,0.10100951085035129,0.06311761613918085,1.1998494121615952,0,0
1014,0.2,0.04554455445544555,0.10100951085035129,0.06311761613918085,1.1998494121615952,0,0
1015,0.4,0.0613861386138614,0.11515834731523734,0.0016388402660386626,2.7854633740430548,0,0
1016,0.4,0.04752475247524753,0.09397077637785879,8.809950274804011e-05,4.055026542829629,0,0
1017,0.4,0.04752475247524753,0.09397077637785879,8.809950274804011e-05,4.055026542829629,0,0
1018,0.4,0.047524752475247525,0.08965727859542,4.223293025907423e-05,4.374348784755603,0,0
1019,0.4,0.047524752475247525,0.08965727859542,4.223293025907423e-05,4.374348784755603,0,0
1020,0.2,0.031683168316831684,0.0730260947112308,0.01058647624307391,1.9752485727397298,0,0
1021,0.0,0.007920792079207921,0.03900537743285587,1.0,-0.0,0,0
1022,0.0,0.011881188118811883,0.047276579747775535,1.0,-0.0,0,0
1023,0.0,0.015841584158415842,0.05401260078014202,1.0,-0.0,0,0
1024,0.0,0.015841584158415842,0.05401260078014202,1.0,-0.0,0,0
1025,0.0,0.015841584158415842,0.05401260078014202,1.0,-0.0,0,0
1026,0.0,0.015841584158415842,0.05401260078014202,1.0,-0.0,0,0
1027,0.0,0.011881188118811883,0.047276579747775535,1.0,-0.0,0,0
1028,0.0,0.0039603960396039604,0.027863855998951068,1.0,-0.0,0,0
1029,0.0,0.0039603960396039604,0.027863855998951068,1.0,-0.0,0,0
1030,0.0,0.007920792079207921,0.03900537743285587,1.0,-0.0,0,0
1031,0.0,0.007920792079207921,0.03900537743285587,1.0,-0.0,0,0
1032,0.0,0.007920792079207921,0.03900537743285587,1.0,-0.0,0,0
1033,0.0,0.0039603960396039604,0.02786385599895106,1.0,-0.0,0,0
1034,0.0,0.0039603960396039604,0.02786385599895106,1.0,-0.0,0,0
1035,0.0,0.0,0.0,1.0,-0.0,0,0
1036,0.0,0.0039603960396039604,0.027863855998951064,1.0,-0.0,0,0
1037,0.0,0.0039603960396039604,0.027863855998951064,1.0,-0.0,0,0
1038,0.0,0.0039603960396039604,0.027863855998951064,1.0,-0.0,0,0
1039,0.0,0.0039603960396039604,0.027863855998951064,1.0,-0.0,0,0
1040,0.0,0.0039603960396039604,0.027863855998951064,1.0,-0.0,0,0
1041,0.0,0.0,0.0,1.0,-0.0,0,0
1042,0.0,0.0,0.0,1.0,-0.0,0,0
1043,0.0,0.0,0.0,1.0,-0.0,0,0
1044,0.0,0.0,0.0,1.0,-0.0,0,0
1045,0.0,0.0059405940594059415,0.03395332316729157,1.0,-0.0,0,0
1046,0.0,0.011881188118811881,0.047276579747775535,1.0,-0.0,0,0
1047,0.0,0.011881188118811881,0.047276579747775535,1.0,-0.0,0,0
1048,0.0,0.025742574257425745,0.07791016068477626,1.0,-0.0,0,0
1049,0.0,0.12277227722772276,0.15913204437912432,1.0,-0.0,0,0
1050,0.2,0.17425742574257427,0.1859700100098835,0.44495295925211903,0.35168590051817844,0,0
1051,0.2,0.18811881188118812,0.19051110448801098,0.4751361604651154,0.32318191613340186,0,0
1052,0.4,0.2099009900990099,0.19574936009912708,0.1657405855238966,0.7805711312257074,0,0
1053,0.4,0.19603960396039605,0.19290421984883258,0.14518407760175844,0.8380810102810154,0,0
1054,0.4,0.09900990099009901,0.13965661530697393,0.015572488104013002,1.8076419922158047,0,0
1055,0.2,0.05148514851485149,0.096075322540263,0.0610744044260142,1.2141407594058027,0,0
1056,0.2,0.031683168316831684,0.07826167463512675,0.015750221703151112,1.8027133286186672,0,0
1057,0.0,0.009900990099009901,0.04338396495090424,1.0,-0.0,0,0
1058,0.0,0.009900990099009901,0.04338396495090424,1.0,-0.0,0,0
1059,0.0,0.033663366336633666,0.07482947971362845,1.0,-0.0,0,0
1060,0.0,0.025742574257425748,0.06697637435757531,1.0,-0.0,0,0
1061,0.0,0.025742574257425748,0.06697637435757531,1.0,-0.0,0,0
1062,0.0,0.025742574257425748,0.06697637435757531,1.0,-0.0,0,0
1063,0.0,0.025742574257425748,0.06697637435757531,1.0,-0.0,0,0
1064,0.0,0.041584158415841586,0.0987719913927915,1.0,-0.0,0,0
1065,0.0,0.041584158415841586,0.0987719913927915,1.0,-0.0,0,0
1066,0.0,0.041584158415841586,0.0987719913927915,1.0,-0.0,0,0
1067,0.0,0.08514851485148514,0.13886822488939993,1.0,-0.0,0,0
1068,0.0,0.08712871287128714,0.1390657415135005,1.0,-0.0,0,0
1069,0.0,0.061386138613861385,0.11166631429601336,1.0,-0.0,0,0
1070,0.0,0.061386138613861385,0.11166631429601336,1.0,-0.0,0,0
1071,0.0,0.07326732673267328,0.12498799079651089,1.0,-0.0,0,0
1072,0.2,0.05148514851485149,0.09607532254026299,0.06107440442601417,1.214140759405803,0,0
1073,0.2,0.05346534653465347,0.09704990696905226,0.0655357875709919,1.1835214771048093,0,0
1074,0.2,0.04950495049504951,0.1068206254198905,0.07943864018522008,1.0999681986152665,0,0
1075,0.2,0.08712871287128714,0.13618810981425267,0.20361174109044733,0.6911971824071221,0,0
1076,0.2,0.11485148514851487,0.14717547862227368,0.2814461003945268,0.5506047643740803,0,0
1077,0.0,0.12673267326732673,0.15083338726765974,1.0,-0.0,0,0
1078,0.0,0.1603960396039604,0.16654866260050913,1.0,-0.0,0,0
1079,0.0,0.15643564356435644,0.16314716771521565,1.0,-0.0,0,0
1080,0.2,0.15445544554455445,0.15639804034834157,0.3854456481177308,0.4140368533762646,0,0
1081,0.2,0.1188118811881188,0.13838736799727644,0.2787117051527264,0.5548447916867998,0,0
1082,0.4,0.11287128712871289,0.14464936528910635,0.02357234236501054,1.6275972598323143,0,0
1083,0.6,0.10891089108910891,0.17240236720537758,0.002196253997344584,2.6583174350478767,0,0
1084,0.6,0.10099009900990098,0.1726296611303237,0.001922301958510073,2.7161783915819453,0,0
1085,0.4,0.06534653465346535,0.13233294611171187,0.0057214403281270095,2.2424946271833117,0,0
1086,0.6,0.06930693069306931,0.136245682469462,4.907537991546899e-05,4.309136329638234,0,0
1087,0.4,0.041584158415841586,0.11014601176374957,0.0005689483197344121,3.2449271808342877,0,0
1088,0.2,0.009900990099009901,0.0517131281473291,0.00011844584382923118,3.9264801737229673,0,0
1089,0.2,0.009900990099009901,0.0517131281473291,0.00011844584382923118,3.9264801737229673,0,0
1090,0.2,0.009900990099009901,0.0517131281473291,0.00011844584382923118,3.9264801737229673,0,0
1091,0.0,0.0,0.0,1.0,-0.0,0,0
1092,0.2,0.0297029702970297,0.08622392497852373,0.024130930001952804,1.6174259401329405,0,0
1093,0.2,0.06336633663366337,0.12875856005551573,0.14430819167245829,0.8407090154264605,0,0
1094,0.2,0.06336633663366337,0.12875856005551573,0.14430819167245829,0.8407090154264605,0,0
1095,0.2,0.06336633663366337,0.12875856005551573,0.14430819167245829,0.8407090154264605,0,0
1096,0.2,0.08514851485148514,0.1444594832462533,0.21329427657234523,0.6710207980264132,0,0
1097,0.0,0.05544554455445545,0.11979788880993404,1.0,-0.0,0,0
1098,0.0,0.021782178217821784,0.06230547612891991,1.0,-0.0,0,0
1099,0.0,0.021782178217821784,0.06230547612891991,1.0,-0.0,0,0
1100,0.2,0.039603960396039604,0.07970143286137867,0.022085672454221338,1.6558893730090938,0,0
1101,0.2,0.017821782178217824,0.05698017651460656,0.0006937928196726553,3.15877019915046,0,0
1102,0.2,0.05346534653465347,0.11219180573635876,0.09575785812452149,1.0188255766273808,0,0
1103,0.2,0.05346534653465347,0.11219180573635876,0.09575785812452149,1.0188255766273808,0,0
1104,0.2,0.05346534653465347,0.11219180573635876,0.09575785812452149,1.0188255766273808,0,0
1105,0.0,0.039603960396039604,0.08908690597387718,1.0,-0.0,0,0
1106,0.0,0.05346534653465347,0.10489443673781407,1.0,-0.0,0,0
1107,0.4,0.023762376237623763,0.07056843438101175,4.8694748720547356e-08,7.31251787091382,0,0
1108,0.4,0.031683168316831684,0.07826167463512675,1.2617472219627355e-06,5.899027642796046,0,0
1109,0.4,0.07524752475247524,0.12219602867755656,0.0039345502315398136,2.405104905776178,0,0
1110,0.8,0.09306930693069307,0.14229896414433021,3.3836425399263446e-07,6.470615523628703,0,0
1111,0.8,0.07920792079207921,0.1322440226302099,2.511843724003501e-08,7.600007384008954,0,0
1112,0.4,0.07920792079207921,0.1292145592164392,0.006520804000588073,2.185698853425774,0,0
1113,0.4,0.0712871287128713,0.1213265242141813,0.0033710226219035113,2.472238333051588,0,0
1114,0.4,0.02970297029702971,0.07112192077650681,9.621238793919095e-08,7.016769006265068,0,0
1115,0.0,0.007920792079207921,0.03900537743285587,1.0,-0.0,0,0
1116,0.0,0.0594059405940594,0.09968089464279778,1.0,-0.0,0,0
1117,0.0,0.05346534653465347,0.09704990696905226,1.0,-0.0,0,0
1118,0.0,0.06534653465346535,0.1129581045303102,1.0,-0.0,0,0
1119,0.0,0.07326732673267328,0.12177815335858849,1.0,-0.0,0,0
1120,0.0,0.08910891089108909,0.13636075485692528,1.0,-0.0,0,0
1121,0.0,0.05148514851485149,0.10011267057239238,1.0,-0.0,0,0
1122,0.0,0.05148514851485149,0.10011267057239238,1.0,-0.0,0,0
1123,0.0,0.039603960396039604,0.09342674148186496,1.0,-0.0,0,0
1124,0.0,0.04752475247524753,0.09809478080396702,1.0,-0.0,0,0
1125,0.0,0.033663366336633666,0.07482947971362845,1.0,-0.0,0,0
1126,0.0,0.019801980198019802,0.0597350618970232,1.0,-0.0,0,0
1127,0.0,0.019801980198019802,0.0597350618970232,1.0,-0.0,0,0
1128,0.0,0.057425742574257435,0.10656335878870264,1.0,-0.0,0,0
1129,0.0,0.03960396039603961,0.08908690597387718,1.0,-0.0,0,0
1130,0.0,0.05346534653465347,0.09704990696905225,1.0,-0.0,0,0
1131,0.0,0.06336633663366337,0.10504385908811757,1.0,-0.0,0,0
1132,0.0,0.07524752475247526,0.11553229422427584,1.0,-0.0,0,0
1133,0.0,0.03762376237623762,0.09211646217515253,1.0,-0.0,0,0
1134,0.0,0.03762376237623762,0.09211646217515253,1.0,-0.0,0,0
1135,0.0,0.08316831683168317,0.14146987009498416,1.0,-0.0,0,0
1136,0.0,0.08712871287128712,0.14464936528910635,1.0,-0.0,0,0
1137,0.0,0.07524752475247524,0.1374491377352735,1.0,-0.0,0,0
1138,0.0,0.07524752475247524,0.1374491377352735,1.0,-0.0,0,0
1139,0.0,0.08712871287128712,0.14188502271424047,1.0,-0.0,0,0
1140,0.0,0.039603960396039604,0.08908690597387718,1.0,-0.0,0,0
1141,0.0,0.025742574257425748,0.07264925278354116,1.0,-0.0,0,0
1142,0.0,0.025742574257425748,0.07264925278354116,1.0,-0.0,0,0
1143,0.0,0.025742574257425748,0.07264925278354116,1.0,-0.0,0,0
1144,0.0,0.013861386138613863,0.05079507064705211,1.0,-0.0,0,0
1145,0.0,0.0,0.0,1.0,-0.0,0,0
1146,0.0,0.0,0.0,1.0,-0.0,0,0
1147,0.0,0.0,0.0,1.0,-0.0,0,0
1148,0.0,0.0,0.0,1.0,-0.0,0,0
1149,0.0,0.0,0.0,1.0,-0.0,0,0
1150,0.0,0.0,0.0,1.0,-0.0,0,0
1151,0.0,0.0,0.0,1.0,-0.0,0,0
1152,0.0,0.0,0.0,1.0,-0.0,0,0
1153,0.0,0.0,0.0,1.0,-0.0,0,0
1154,0.0,0.0,0.0,1.0,-0.0,0,0
1155,0.0,0.009900990099009901,0.04338396495090424,1.0,-0.0,0,0
1156,0.0,0.019801980198019802,0.059735061897023205,1.0,-0.0,0,0
1157,0.0,0.019801980198019802,0.059735061897023205,1.0,-0.0,0,0
1158,0.0,0.019801980198019802,0.059735061897023205,1.0,-0.0,0,0
1159,0.0,0.019801980198019802,0.059735061897023205,1.0,-0.0,0,0
1160,0.0,0.019801980198019806,0.05973506189702319,1.0,-0.0,0,0
1161,0.0,0.023762376237623766,0.06471340450838889,1.0,-0.0,0,0
1162,0.0,0.023762376237623766,0.06471340450838889,1.0,-0.0,0,0
1163,0.0,0.023762376237623766,0.06471340450838889,1.0,-0.0,0,0
1164,0.0,0.023762376237623766,0.06471340450838889,1.0,-0.0,0,0
1165,0.0,0.013861386138613863,0.05079507064705211,1.0,-0.0,0,0
1166,0.0,0.0,0.0,1.0,-0.0,0,0
1167,0.0,0.0,0.0,1.0,-0.0,0,0
1168,0.0,0.0,0.0,1.0,-0.0,0,0
1169,0.0,0.0019801980198019802,0.019801980198019802,1.0,-0.0,0,0
1170,0.0,0.0019801980198019802,0.019801980198019802,1.0,-0.0,0,0
1171,0.0,0.0019801980198019802,0.019801980198019802,1.0,-0.0,0,0
1172,0.0,0.05544554455445545,0.11644507269694382,1.0,-0.0,0,0
1173,0.0,0.0613861386138614,0.12184253515180327,1.0,-0.0,0,0
1174,0.0,0.05940594059405942,0.12119717820276715,1.0,-0.0,0,0
1175,0.0,0.05940594059405942,0.12119717820276715,1.0,-0.0,0,0
1176,0.0,0.05940594059405942,0.12119717820276715,1.0,-0.0,0,0
1177,0.0,0.0059405940594059415,0.03395332316729158,1.0,-0.0,0,0
1178,0.0,0.0,0.0,1.0,-0.0,0,0
1179,0.0,0.0,0.0,1.0,-0.0,0,0
1180,0.0,0.0,0.0,1.0,-0.0,0,0
1181,0.0,0.0019801980198019802,0.019801980198019802,1.0,-0.0,0,0
1182,0.0,0.0019801980198019802,0.019801980198019802,1.0,-0.0,0,0
1183,0.0,0.0019801980198019802,0.019801980198019802,1.0,-0.0,0,0
1184,0.0,0.0019801980198019802,0.019801980198019802,1.0,-0.0,0,0
1185,0.0,0.0019801980198019802,0.019801980198019802,1.0,-0.0,0,0
1186,0.0,0.0,0.0,1.0,-0.0,0,0
1187,0.0,0.0,0.0,1.0,-0.0,0,0
1188,0.0,0.0,0.0,1.0,-0.0,0,0
1189,0.0,0.0,0.0,1.0,-0.0,0,0
1190,0.0,0.0,0.0,1.0,-0.0,0,0
1191,0.0,0.0,0.0,1.0,-0.0,0,0
1192,0.0,0.0,0.0,1.0,-0.0,0,0
1193,0.0,0.0,0.0,1.0,-0.0,0,0
1194,0.0,0.0,0.0,1.0,-0.0,0,0
1195,0.0,0.0,0.0,1.0,-0.0,0,0
1196,0.0,0.0,0.0,1.0,-0.0,0,0
1197,0.0,0.0,0.0,1.0,-0.0,0,0
1198,0.0,0.0,0.0,1.0,-0.0,0,0
1199,0.0,0.0,0.0,1.0,-0.0,0,0
1200,0.0,0.0,0.0,1.0,-0.0,0,0
1201,0.0,0.0,0.0,1.0,-0.0,0,0
1202,0.0,0.0,0.0,1.0,-0.0,0,0
1203,0.0,0.0,0.0,1.0,-0.0,0,0
1204,0.0,0.0,0.0,1.0,-0.0,0,0
1205,0.0,0.0,0.0,1.0,-0.0,0,0
1206,0.0,0.0,0.0,1.0,-0.0,0,0
1207,0.0,0.0,0.0,1.0,-0.0,0,0
1208,0.0,0.0,0.0,1.0,-0.0,0,0
1209,0.0,0.0,0.0,1.0,-0.0,0,0
1210,0.0,0.0,0.0,1.0,-0.0,0,0
1211,0.0,0.0,0.0,1.0,-0.0,0,0
1212,0.0,0.0,0.0,1.0,-0.0,0,0
1213,0.0,0.0,0.0,1.0,-0.0,0,0
1214,0.0,0.0,0.0,1.0,-0.0,0,0
1215,0.0,0.0,0.0,1.0,-0.0,0,0
1216,0.0,0.0,0.0,1.0,-0.0,0,0
1217,0.0,0.0,0.0,1.0,-0.0,0,0
1218,0.0,0.0,0.0,1.0,-0.0,0,0
1219,0.0,0.0,0.0,1.0,-0.0,0,0
1220,0.0,0.0,0.0,1.0,-0.0,0,0
1221,0.0,0.0,0.0,1.0,-0.0,0,0
1222,0.0,0.007920792079207921,0.03900537743285587,1.0,-0.0,0,0
1223,0.0,0.007920792079207921,0.03900537743285587,1.0,-0.0,0,0
1224,0.0,0.007920792079207921,0.03900537743285587,1.0,-0.0,0,0
1225,0.0,0.007920792079207921,0.03900537743285587,1.0,-0.0,0,0
1226,0.0,0.007920792079207921,0.03900537743285587,1.0,-0.0,0,0
1227,0.0,0.0,0.0,1.0,-0.0,0,0
1228,0.0,0.0,0.0,1.0,-0.0,0,0
1229,0.0,0.0039603960396039604,0.02786385599895107,1.0,-0.0,0,0
1230,0.0,0.0039603960396039604,0.02786385599895107,1.0,-0.0,0,0
1231,0.0,0.0039603960396039604,0.02786385599895107,1.0,-0.0,0,0
1232,0.0,0.013861386138613863,0.05079507064705211,1.0,-0.0,0,0
1233,0.0,0.013861386138613863,0.05079507064705211,1.0,-0.0,0,0
1234,0.0,0.009900990099009901,0.04338396495090424,1.0,-0.0,0,0
1235,0.0,0.0297029702970297,0.07112192077650681,1.0,-0.0,0,0
1236,0.0,0.100990099009901,0.13386490123687583,1.0,-0.0,0,0
1237,0.0,0.0910891089108911,0.12750384183766536,1.0,-0.0,0,0
1238,0.0,0.0910891089108911,0.12750384183766536,1.0,-0.0,0,0
1239,0.0,0.0910891089108911,0.12750384183766536,1.0,-0.0,0,0
1240,0.0,0.07722772277227724,0.122580495370631,1.0,-0.0,0,0
1241,0.0,0.011881188118811881,0.047276579747775535,1.0,-0.0,0,0
1242,0.0,0.011881188118811881,0.047276579747775535,1.0,-0.0,0,0
1243,0.0,0.09504950495049505,0.15049504950495052,1.0,-0.0,0,0
1244,0.0,0.11287128712871287,0.15264231556912292,1.0,-0.0,0,0
1245,0.0,0.17227722772277224,0.17582552776572763,1.0,-0.0,0,0
1246,0.0,0.16633663366336632,0.1713529319032391,1.0,-0.0,0,0
1247,0.0,0.16633663366336632,0.1713529319032391,1.0,-0.0,0,0
1248,0.0,0.08118811881188118,0.11999411807954947,1.0,-0.0,0,0
1249,0.0,0.06336633663366337,0.10504385908811757,1.0,-0.0,0,0
1250,0.0,0.0,0.0,1.0,-0.0,0,0
1251,0.0,0.0,0.0,1.0,-0.0,0,0
1252,0.0,0.0,0.0,1.0,-0.0,0,0
1253,0.0,0.0,0.0,1.0,-0.0,0,0
1254,0.0,0.0019801980198019802,0.019801980198019802,1.0,-0.0,0,0
1255,0.0,0.0019801980198019802,0.019801980198019802,1.0,-0.0,0,0
1256,0.0,0.0019801980198019802,0.019801980198019802,1.0,-0.0,0,0
1257,0.0,0.011881188118811883,0.04727657974777554,1.0,-0.0,0,0
1258,0.0,0.017821782178217824,0.05698017651460656,1.0,-0.0,0,0
1259,0.0,0.015841584158415842,0.05401260078014202,1.0,-0.0,0,0
1260,0.0,0.015841584158415842,0.05401260078014202,1.0,-0.0,0,0
1261,0.0,0.015841584158415842,0.05401260078014202,1.0,-0.0,0,0
1262,0.0,0.0059405940594059415,0.03395332316729158,1.0,-0.0,0,0
1263,0.0,0.0,0.0,1.0,-0.0,0,0
1264,0.0,0.0,0.0,1.0,-0.0,0,0
1265,0.0,0.06732673267326733,0.11000352009767247,1.0,-0.0,0,0
1266,0.0,0.07524752475247526,0.11553229422427584,1.0,-0.0,0,0
1267,0.0,0.07524752475247526,0.11553229422427584,1.0,-0.0,0,0
1268,0.0,0.07524752475247526,0.11553229422427584,1.0,-0.0,0,0
1269,0.0,0.08316831683168316,0.12353642740976016,1.0,-0.0,0,0
1270,0.0,0.015841584158415842,0.054012600780142014,1.0,-0.0,0,0
1271,0.0,0.007920792079207921,0.03900537743285587,1.0,-0.0,0,0
1272,0.2,0.05742574257425742,0.12051583409665693,0.11839795455412568,0.9266558004300718,0,0
1273,0.2,0.05742574257425742,0.12051583409665693,0.11839795455412568,0.9266558004300718,0,0
1274,0.2,0.08514851485148513,0.13304219431477884,0.19399420727391986,0.7122112380415879,0,0
1275,0.2,0.08514851485148513,0.13304219431477884,0.19399420727391986,0.7122112380415879,0,0
1276,0.2,0.097029702970297,0.15054715096038188,0.24699587585463006,0.6073102981918719,0,0
1277,0.0,0.04752475247524753,0.08965727859541997,1.0,-0.0,0,0
1278,0.0,0.04752475247524753,0.08965727859541997,1.0,-0.0,0,0
1279,0.0,0.011881188118811883,0.047276579747775535,1.0,-0.0,0,0
1280,0.0,0.011881188118811883,0.047276579747775535,1.0,-0.0,0,0
1281,0.0,0.0,0.0,1.0,-0.0,0,0
1282,0.0,0.0,0.0,1.0,-0.0,0,0
1283,0.0,0.0039603960396039604,0.02786385599895107,1.0,-0.0,0,0
1284,0.0,0.011881188118811883,0.047276579747775535,1.0,-0.0,0,0
1285,0.0,0.011881188118811883,0.047276579747775535,1.0,-0.0,0,0
1286,0.0,0.011881188118811883,0.047276579747775535,1.0,-0.0,0,0
1287,0.0,0.06930693069306931,0.10693069306930696,1.0,-0.0,0,0
1288,0.0,0.10495049504950495,0.13377699607171908,1.0,-0.0,0,0
1289,0.0,0.09702970297029703,0.12464241569787102,1.0,-0.0,0,0
1290,0.0,0.09702970297029703,0.12464241569787102,1.0,-0.0,0,0
1291,0.0,0.09702970297029703,0.12464241569787102,1.0,-0.0,0,0
1292,0.0,0.039603960396039604,0.08452453849668534,1.0,-0.0,0,0
1293,0.0,0.0,0.0,1.0,-0.0,0,0
1294,0.0,0.007920792079207921,0.03900537743285587,1.0,-0.0,0,0
1295,0.0,0.019801980198019802,0.059735061897023205,1.0,-0.0,0,0
1296,0.0,0.019801980198019802,0.059735061897023205,1.0,-0.0,0,0
1297,0.0,0.019801980198019802,0.059735061897023205,1.0,-0.0,0,0
1298,0.0,0.03168316831683169,0.08316831683168317,1.0,-0.0,0,0
1299,0.0,0.023762376237623766,0.07056843438101175,1.0,-0.0,0,0
1300,0.0,0.025742574257425748,0.06697637435757531,1.0,-0.0,0,0
1301,0.0,0.041584158415841586,0.09039772047931348,1.0,-0.0,0,0
1302,0.0,0.041584158415841586,0.09039772047931348,1.0,-0.0,0,0
1303,0.0,0.02970297029702971,0.08150144802873932,1.0,-0.0,0,0
1304,0.0,0.039603960396039604,0.09342674148186496,1.0,-0.0,0,0
1305,0.0,0.025742574257425745,0.07791016068477624,1.0,-0.0,0,0
1306,0.0,0.009900990099009901,0.04338396495090425,1.0,-0.0,0,0
1307,0.0,0.021782178217821784,0.06836703565002801,1.0,-0.0,0,0
1308,0.0,0.021782178217821784,0.06836703565002801,1.0,-0.0,0,0
1309,0.0,0.011881188118811883,0.047276579747775535,1.0,-0.0,0,0
1310,0.0,0.011881188118811883,0.047276579747775535,1.0,-0.0,0,0
1311,0.0,0.019801980198019802,0.059735061897023205,1.0,-0.0,0,0
1312,0.0,0.007920792079207921,0.03900537743285587,1.0,-0.0,0,0
1313,0.0,0.007920792079207921,0.03900537743285587,1.0,-0.0,0,0
1314,0.0,0.017821782178217824,0.056980176514606566,1.0,-0.0,0,0
1315,0.0,0.023762376237623766,0.06471340450838887,1.0,-0.0,0,0
1316,0.0,0.0297029702970297,0.07112192077650681,1.0,-0.0,0,0
1317,0.0,0.2356435643564356,0.20176653424136176,1.0,-0.0,0,0
1318,0.0,0.2356435643564356,0.20176653424136176,1.0,-0.0,0,0
1319,0.0,0.23960396039603957,0.2162136859778244,1.0,-0.0,0,0
1320,0.0,0.23366336633663365,0.21630434541657617,1.0,-0.0,0,0
1321,0.0,0.22772277227722768,0.20687146814606536,1.0,-0.0,0,0
1322,0.0,0.031683168316831684,0.08316831683168317,1.0,-0.0,0,0
1323,0.0,0.031683168316831684,0.08316831683168317,1.0,-0.0,0,0
1324,0.0,0.017821782178217824,0.05698017651460655,1.0,-0.0,0,0
1325,0.0,0.017821782178217824,0.05698017651460655,1.0,-0.0,0,0
1326,0.0,0.009900990099009901,0.04338396495090425,1.0,-0.0,0,0
1327,0.0,0.011881188118811883,0.047276579747775535,1.0,-0.0,0,0
1328,0.0,0.011881188118811883,0.047276579747775535,1.0,-0.0,0,0
1329,0.0,0.011881188118811883,0.047276579747775535,1.0,-0.0,0,0
1330,0.0,0.011881188118811883,0.047276579747775535,1.0,-0.0,0,0
1331,0.0,0.011881188118811883,0.047276579747775535,1.0,-0.0,0,0
1332,0.0,0.0,0.0,1.0,-0.0,0,0
1333,0.0,0.025742574257425748,0.06697637435757531,1.0,-0.0,0,0
1334,0.0,0.03564356435643565,0.07653920035678292,1.0,-0.0,0,0
1335,0.0,0.04752475247524753,0.08512548617902843,1.0,-0.0,0,0
1336,0.0,0.04752475247524753,0.08512548617902843,1.0,-0.0,0,0
1337,0.0,0.04752475247524753,0.08512548617902843,1.0,-0.0,0,0
1338,0.0,0.039603960396039604,0.0890869059738772,1.0,-0.0,0,0
1339,0.0,0.0297029702970297,0.07648795214189293,1.0,-0.0,0,0
1340,0.0,0.017821782178217824,0.05698017651460656,1.0,-0.0,0,0
1341,0.0,0.08118811881188118,0.11664694237642095,1.0,-0.0,0,0
1342,0.0,0.09306930693069305,0.14229896414433016,1.0,-0.0,0,0
1343,0.0,0.07524752475247524,0.11891084986932618,1.0,-0.0,0,0
1344,0.0,0.07524752475247524,0.11891084986932618,1.0,-0.0,0,0
1345,0.0,0.14653465346534653,0.14863361587956597,1.0,-0.0,0,0
1346,0.0,0.12574257425742574,0.1425742574257426,1.0,-0.0,0,0
1347,0.0,0.11881188118811879,0.1467218499235066,1.0,-0.0,0,0
1348,0.0,0.15049504950495046,0.14999918308440097,1.0,-0.0,0,0
1349,0.0,0.22178217821782173,0.19478546736408614,1.0,-0.0,0,0
1350,0.0,0.20396039603960395,0.1866435115714563,1.0,-0.0,0,0
1351,0.0,0.1603960396039604,0.16654866260050913,1.0,-0.0,0,0
1352,0.0,0.19405940594059404,0.18974802582007907,1.0,-0.0,0,0
1353,0.0,0.19405940594059407,0.19182385803267066,1.0,-0.0,0,0
1354,0.0,0.12079207920792079,0.1618683193480064,1.0,-0.0,0,0
1355,0.0,0.06930693069306931,0.11409790329416186,1.0,-0.0,0,0
1356,0.0,0.06930693069306931,0.11409790329416186,1.0,-0.0,0,0
1357,0.0,0.16039603960396034,0.18025241263723205,1.0,-0.0,0,0
1358,0.0,0.1287128712871287,0.16309909134236833,1.0,-0.0,0,0
1359,0.0,0.1287128712871287,0.16309909134236833,1.0,-0.0,0,0
1360,0.0,0.13960396039603956,0.16773340936730116,1.0,-0.0,0,0
1361,0.0,0.13960396039603956,0.16773340936730116,1.0,-0.0,0,0
1362,0.0,0.009900990099009901,0.04338396495090424,1.0,-0.0,0,0
1363,0.0,0.009900990099009901,0.04338396495090424,1.0,-0.0,0,0
1364,0.0,0.023762376237623763,0.07056843438101175,1.0,-0.0,0,0
1365,0.0,0.01386138613861386,0.05079507064705211,1.0,-0.0,0,0
1366,0.0,0.019801980198019802,0.0597350618970232,1.0,-0.0,0,0
1367,0.0,0.019801980198019802,0.0597350618970232,1.0,-0.0,0,0
1368,0.0,0.031683168316831684,0.0730260947112308,1.0,-0.0,0,0
1369,0.0,0.025742574257425745,0.06697637435757531,1.0,-0.0,0,0
1370,0.0,0.025742574257425745,0.06697637435757531,1.0,-0.0,0,0
1371,0.0,0.07326732673267328,0.10425700262248065,1.0,-0.0,0,0
1372,0.0,0.07326732673267328,0.10425700262248065,1.0,-0.0,0,0
1373,0.0,0.12178217821782177,0.13468258275748082,1.0,-0.0,0,0
1374,0.0,0.11287128712871287,0.13324834725751067,1.0,-0.0,0,0
1375,0.0,0.11287128712871287,0.13324834725751067,1.0,-0.0,0,0
1376,0.0,0.06336633663366337,0.09721138779115705,1.0,-0.0,0,0
1377,0.0,0.06336633663366337,0.09721138779115705,1.0,-0.0,0,0
1378,0.0,0.0039603960396039604,0.027863855998951064,1.0,-0.0,0,0
1379,0.0,0.017821782178217824,0.0635517090529949,1.0,-0.0,0,0
1380,0.0,0.04356435643564357,0.08721867542790195,1.0,-0.0,0,0
1381,0.2,0.15445544554455443,0.17091758912506996,0.39493830499392524,0.40347074207829303,0,0
1382,0.2,0.21782178217821782,0.19920437766272148,1.0,-0.0,0,0
1383,0.2,0.33069306930693065,0.23620035724750013,1.0,-0.0,0,0
1384,0.2,0.3544554455445545,0.245160990741262,1.0,-0.0,0,0
1385,0.2,0.32871287128712867,0.23307527941404238,1.0,-0.0,0,0
1386,0.0,0.21386138613861388,0.19347254159325522,1.0,-0.0,0,0
