,foreground,bg_means,bg_stdev,pvals,minus_logs,regs,active
2,0.0,0.0,0.0,1.0,-0.0,0,0
3,0.0,0.0,0.0,1.0,-0.0,0,0
4,0.0,0.0,0.0,1.0,-0.0,0,0
5,0.0,0.0,0.0,1.0,-0.0,0,0
6,0.0,0.0,0.0,1.0,-0.0,0,0
7,0.0,0.0,0.0,1.0,-0.0,0,0
8,0.0,0.0,0.0,1.0,-0.0,0,0
9,0.0,0.0,0.0,1.0,-0.0,0,0
10,0.0,0.0,0.0,1.0,-0.0,0,0
11,0.0,0.0,0.0,1.0,-0.0,0,0
12,0.0,0.0,0.0,1.0,-0.0,0,0
13,0.0,0.0,0.0,1.0,-0.0,0,0
14,0.0,0.0,0.0,1.0,-0.0,0,0
15,0.0,0.0,0.0,1.0,-0.0,0,0
16,0.0,0.0,0.0,1.0,-0.0,0,0
17,0.0,0.0,0.0,1.0,-0.0,0,0
18,0.0,0.0,0.0,1.0,-0.0,0,0
19,0.0,0.0,0.0,1.0,-0.0,0,0
20,0.0,0.0,0.0,1.0,-0.0,0,0
21,0.0,0.0,0.0,1.0,-0.0,0,0
22,0.0,0.0,0.0,1.0,-0.0,0,0
23,0.0,0.0,0.0,1.0,-0.0,0,0
24,0.0,0.0,0.0,1.0,-0.0,0,0
25,0.0,0.0,0.0,1.0,-0.0,0,0
26,0.0,0.0,0.0,1.0,-0.0,0,0
27,0.0,0.0,0.0,1.0,-0.0,0,0
28,0.0,0.0,0.0,1.0,-0.0,0,0
29,0.0,0.0,0.0,1.0,-0.0,0,0
30,0.0,0.0,0.0,1.0,-0.0,0,0
31,0.0,0.0,0.0,1.0,-0.0,0,0
32,0.0,0.0,0.0,1.0,-0.0,0,0
33,0.0,0.0,0.0,1.0,-0.0,0,0
34,0.0,0.0,0.0,1.0,-0.0,0,0
35,0.0,0.0,0.0,1.0,-0.0,0,0
36,0.0,0.0,0.0,1.0,-0.0,0,0
37,0.0,0.0,0.0,1.0,-0.0,0,0
38,0.0,0.0,0.0,1.0,-0.0,0,0
39,0.0,0.0,0.0,1.0,-0.0,0,0
40,0.0,0.08118811881188118,0.12325042629382527,1.0,-0.0,0,0
41,0.0,0.17029702970297025,0.1674175159433525,1.0,-0.0,0,0
42,0.0,0.2099009900990099,0.19975477565019392,1.0,-0.0,0,0
43,0.0,0.23366336633663365,0.2069472730105172,1.0,-0.0,0,0
44,0.0,0.23366336633663365,0.2069472730105172,1.0,-0.0,0,0
45,0.2,0.2594059405940594,0.19405940594059407,1.0,-0.0,0,0
46,0.2,0.22772277227722768,0.19504699199265746,1.0,-0.0,0,0
47,0.2,0.1881188118811881,0.19051110448801098,0.47513616046511536,0.3231819161334019,0,0
48,0.2,0.19801980198019797,0.197999999009802,0.49601024470318816,0.304509353404731,0,0
49,0.2,0.19801980198019797,0.197999999009802,0.49601024470318816,0.304509353404731,0,0
50,0.0,0.0891089108910891,0.12734998170941406,1.0,-0.0,0,0
51,0.0,0.0613861386138614,0.09224407682259105,1.0,-0.0,0,0
52,0.0,0.0613861386138614,0.09224407682259105,1.0,-0.0,0,0
53,0.0,0.027722772277227727,0.06910862719451544,1.0,-0.0,0,0
54,0.0,0.027722772277227727,0.06910862719451544,1.0,-0.0,0,0
55,0.0,0.027722772277227727,0.06910862719451544,1.0,-0.0,0,0
56,0.0,0.0,0.0,1.0,-0.0,0,0
57,0.0,0.0,0.0,1.0,-0.0,0,0
58,0.0,0.03564356435643565,0.07653920035678292,1.0,-0.0,0,0
59,0.0,0.03564356435643565,0.07653920035678292,1.0,-0.0,0,0
60,0.0,0.03564356435643565,0.07653920035678292,1.0,-0.0,0,0
61,0.0,0.03564356435643565,0.07653920035678292,1.0,-0.0,0,0
62,0.0,0.03564356435643565,0.07653920035678292,1.0,-0.0,0,0
63,0.0,0.0,0.0,1.0,-0.0,0,0
64,0.0,0.0,0.0,1.0,-0.0,0,0
65,0.0,0.033663366336633666,0.07994704648786674,1.0,-0.0,0,0
66,0.0,0.14653465346534653,0.1686077858012515,1.0,-0.0,0,0
67,0.0,0.14653465346534653,0.1686077858012515,1.0,-0.0,0,0
68,0.0,0.15841584158415842,0.17192407185067915,1.0,-0.0,0,0
69,0.0,0.15841584158415842,0.17192407185067915,1.0,-0.0,0,0
70,0.0,0.12277227722772276,0.14615954128511635,1.0,-0.0,0,0
71,0.0,0.011881188118811881,0.047276579747775535,1.0,-0.0,0,0
72,0.2,0.02772277227722772,0.06910862719451544,0.0063361735559086295,2.1981729353735644,0,0
73,0.2,0.015841584158415842,0.05401260078014202,0.00032535620257014524,3.4876409094885674,0,0
74,0.2,0.015841584158415842,0.05401260078014202,0.00032535620257014524,3.4876409094885674,0,0
75,0.2,0.015841584158415842,0.05401260078014202,0.00032535620257014524,3.4876409094885674,0,0
76,0.2,0.14257425742574256,0.14714883329235087,0.3481735588406644,0.4582042133611824,0,0
77,0.2,0.15445544554455448,0.15384494732320814,0.38359903179808025,0.4161224976569573,0,0
78,0.4,0.16633663366336635,0.16666633990099655,0.08046016957511921,1.0944190564595009,0,0
79,0.4,0.27524752475247527,0.20460342737567513,0.271020942260326,0.5669971491378021,0,0
80,0.4,0.304950495049505,0.2117238242316619,0.32674051724230757,0.485797007784449,0,0
81,0.4,0.18019801980198016,0.1791176404070512,0.10988545063773293,0.9590598064486021,0,0
82,0.2,0.1861386138613861,0.17178717143997088,0.467844524312861,0.3298984491723744,0,0
83,0.0,0.17425742574257425,0.17272049494935865,1.0,-0.0,0,0
84,0.0,0.06336633663366337,0.10504385908811757,1.0,-0.0,0,0
85,0.0,0.05346534653465348,0.08851285797476045,1.0,-0.0,0,0
86,0.0,0.05346534653465348,0.08851285797476045,1.0,-0.0,0,0
87,0.0,0.019801980198019802,0.0597350618970232,1.0,-0.0,0,0
88,1.0,0.13663366336633662,0.13476989724493904,7.458321529341093e-11,10.12735889807197,0,0
89,1.0,0.13663366336633662,0.13476989724493904,7.458321529341093e-11,10.12735889807197,0,0
90,1.2,0.13861386138613857,0.1427941099193659,5.3097924545063825e-14,13.274922453989,0,0
91,1.2,0.13861386138613857,0.1427941099193659,5.3097924545063825e-14,13.274922453989,0,0
92,2.0,0.30891089108910885,0.1791614183963172,1.0001883325786932e-17,16.999918215901374,0,0
93,1.0,0.19405940594059407,0.1699282214093064,1.053767821032923e-06,5.977255067635705,0,0
94,1.0,0.19405940594059407,0.1699282214093064,1.053767821032923e-06,5.977255067635705,0,0
95,0.8,0.17227722772277226,0.16174715133989812,5.203762594762606e-05,4.2836825249729475,0,0
96,0.8,0.17227722772277226,0.16174715133989812,5.203762594762606e-05,4.2836825249729475,0,0
97,0.0,0.0,0.0,1.0,-0.0,0,0
98,0.0,0.0,0.0,1.0,-0.0,0,0
99,0.0,0.0,0.0,1.0,-0.0,0,0
100,0.0,0.0,0.0,1.0,-0.0,0,0
101,0.0,0.1762376237623762,0.19556899208121015,1.0,-0.0,0,0
102,0.0,0.19207920792079203,0.20083152306547483,1.0,-0.0,0,0
103,0.0,0.19207920792079203,0.20083152306547483,1.0,-0.0,0,0
104,0.0,0.19207920792079203,0.20083152306547483,1.0,-0.0,0,0
105,0.2,0.2574257425742574,0.22220610121355305,1.0,-0.0,0,0
106,0.2,0.08118811881188118,0.10597297552680915,0.13111144771744782,0.8823593871545703,0,0
107,0.4,0.12079207920792079,0.1261123431927973,0.013415700569929499,1.8723866434758034,0,0
108,0.4,0.12079207920792079,0.1261123431927973,0.013415700569929499,1.8723866434758034,0,0
109,0.4,0.12079207920792079,0.1261123431927973,0.013415700569929499,1.8723866434758034,0,0
110,0.2,0.08316831683168316,0.12028786177019754,0.16570755996746261,0.7806576775960139,0,0
111,0.2,0.11287128712871286,0.13024224675172555,0.25175594337998036,0.5990202679574179,0,0
112,0.0,0.2633663366336634,0.21047930792550032,1.0,-0.0,0,0
113,0.0,0.3405940594059407,0.23130204753186281,1.0,-0.0,0,0
114,0.0,0.4495049504950495,0.2523645651391432,1.0,-0.0,0,0
115,0.0,0.4198019801980198,0.25871724769234955,1.0,-0.0,0,0
116,0.0,0.4138613861386139,0.23923545838477553,1.0,-0.0,0,0
117,0.0,0.20990099009900987,0.17660435755646176,1.0,-0.0,0,0
118,0.0,0.13465346534653466,0.13818888176132993,1.0,-0.0,0,0
119,0.0,0.023762376237623766,0.06471340450838889,1.0,-0.0,0,0
120,0.0,0.08514851485148517,0.130031327995105,1.0,-0.0,0,0
121,0.0,0.061386138613861385,0.10806149425459212,1.0,-0.0,0,0
122,0.0,0.061386138613861385,0.10806149425459212,1.0,-0.0,0,0
123,0.0,0.08118811881188118,0.11664694237642094,1.0,-0.0,0,0
124,0.0,0.12871287128712872,0.13667670437019722,1.0,-0.0,0,0
125,0.0,0.100990099009901,0.12467387119760155,1.0,-0.0,0,0
126,0.0,0.100990099009901,0.12467387119760155,1.0,-0.0,0,0
127,0.0,0.100990099009901,0.12467387119760155,1.0,-0.0,0,0
128,0.0,0.08118811881188118,0.11320083903331847,1.0,-0.0,0,0
129,0.0,0.03564356435643565,0.09074407316744236,1.0,-0.0,0,0
130,0.0,0.06930693069306931,0.11751770396006171,1.0,-0.0,0,0
131,0.0,0.06930693069306931,0.11751770396006171,1.0,-0.0,0,0
132,0.0,0.10495049504950495,0.14513649268759363,1.0,-0.0,0,0
133,0.0,0.10495049504950495,0.14513649268759363,1.0,-0.0,0,0
134,0.0,0.10495049504950495,0.14513649268759363,1.0,-0.0,0,0
135,0.0,0.03564356435643565,0.08626938974571076,1.0,-0.0,0,0
136,0.2,0.06930693069306931,0.1333071895422324,0.1634467595559166,0.7866236851841608,0,0
137,0.2,0.0693069306930693,0.11057238501634628,0.11860911207080789,0.9258819452883051,0,0
138,0.2,0.0693069306930693,0.11057238501634628,0.11860911207080789,0.9258819452883051,0,0
139,0.2,0.0693069306930693,0.11057238501634628,0.11860911207080789,0.9258819452883051,0,0
140,0.2,0.0693069306930693,0.11057238501634628,0.11860911207080789,0.9258819452883051,0,0
141,0.0,0.03564356435643565,0.08626938974571076,1.0,-0.0,0,0
142,0.0,0.0,0.0,1.0,-0.0,0,0
143,0.0,0.0,0.0,1.0,-0.0,0,0
144,0.0,0.0,0.0,1.0,-0.0,0,0
145,0.0,0.013861386138613863,0.05079507064705211,1.0,-0.0,0,0
146,0.0,0.025742574257425745,0.0669763743575753,1.0,-0.0,0,0
147,0.0,0.025742574257425745,0.0669763743575753,1.0,-0.0,0,0
148,0.0,0.025742574257425745,0.0669763743575753,1.0,-0.0,0,0
149,0.0,0.025742574257425745,0.0669763743575753,1.0,-0.0,0,0
150,0.2,0.1386138613861386,0.1560466400383805,0.34701820959894214,0.45964773523551844,0,0
151,0.2,0.2079207920792079,0.18222126052003706,1.0,-0.0,0,0
152,0.4,0.2772277227722772,0.19694759222425912,0.2665189413108847,0.5742719205418045,0,0
153,0.4,0.299009900990099,0.19825728333914974,0.30523975774181344,0.5153588998018852,0,0
154,0.4,0.299009900990099,0.19825728333914974,0.30523975774181344,0.5153588998018852,0,0
155,0.2,0.17425742574257425,0.15584548411842378,0.4344011099455623,0.3621090737446766,0,0
156,0.2,0.09108910891089109,0.12113245340338318,0.1842981552477096,0.7344790118766933,0,0
157,0.0,0.05544554455445544,0.09797478714338996,1.0,-0.0,0,0
158,0.0,0.033663366336633666,0.07482947971362845,1.0,-0.0,0,0
159,0.0,0.033663366336633666,0.07482947971362845,1.0,-0.0,0,0
160,0.0,0.033663366336633666,0.07482947971362845,1.0,-0.0,0,0
161,0.0,0.033663366336633666,0.07482947971362845,1.0,-0.0,0,0
162,0.0,0.0,0.0,1.0,-0.0,0,0
163,0.0,0.0,0.0,1.0,-0.0,0,0
164,0.0,0.0,0.0,1.0,-0.0,0,0
165,0.0,0.0,0.0,1.0,-0.0,0,0
166,0.0,0.02970297029702971,0.07112192077650681,1.0,-0.0,0,0
167,0.2,0.05742574257425742,0.09476028605152792,0.06621628156331662,1.1790352111084907,0,0
168,0.4,0.11089108910891088,0.12420120222231067,0.009962784826863559,2.0016192493381744,0,0
169,0.4,0.11089108910891088,0.12420120222231067,0.009962784826863559,2.0016192493381744,0,0
170,0.4,0.11089108910891088,0.12420120222231067,0.009962784826863559,2.0016192493381744,0,0
171,0.4,0.08118811881188118,0.10597297552680915,0.0013130226606708941,2.881727778617755,0,0
172,0.4,0.07722772277227724,0.12888031758632065,0.006132370515258439,2.212371613134205,0,0
173,0.2,0.023762376237623766,0.07056843438101175,0.00625538335613176,2.203746069767374,0,0
174,0.2,0.023762376237623766,0.07056843438101175,0.00625538335613176,2.203746069767374,0,0
175,0.2,0.03564356435643565,0.09074407316744236,0.03505429232785737,1.4552587959521426,0,0
176,0.2,0.11980198019801978,0.13498793637349912,0.27621843680882985,0.5587473368467786,0,0
177,0.2,0.16633663366336632,0.15687368174525435,0.41504388582900953,0.38190597951516286,0,0
178,0.2,0.16633663366336632,0.15687368174525435,0.41504388582900953,0.38190597951516286,0,0
179,0.2,0.16633663366336632,0.15687368174525435,0.41504388582900953,0.38190597951516286,0,0
180,0.2,0.15445544554455443,0.15384494732320814,0.3835990317980801,0.4161224976569575,0,0
181,0.2,0.06930693069306931,0.11751770396006173,0.13304459555834885,0.8760027623516582,0,0
182,0.0,0.0,0.0,1.0,-0.0,0,0
183,0.0,0.0,0.0,1.0,-0.0,0,0
184,0.0,0.0,0.0,1.0,-0.0,0,0
185,0.0,0.0,0.0,1.0,-0.0,0,0
186,0.0,0.0,0.0,1.0,-0.0,0,0
187,0.0,0.0,0.0,1.0,-0.0,0,0
188,0.0,0.06930693069306931,0.11751770396006173,1.0,-0.0,0,0
189,0.0,0.06930693069306931,0.11751770396006173,1.0,-0.0,0,0
190,0.0,0.06930693069306931,0.11751770396006173,1.0,-0.0,0,0
191,0.0,0.09504950495049502,0.1337769960717191,1.0,-0.0,0,0
192,0.0,0.1287128712871287,0.1504689920119831,1.0,-0.0,0,0
193,0.0,0.05940594059405942,0.10733330877518933,1.0,-0.0,0,0
194,0.0,0.07524752475247526,0.12219602867755655,1.0,-0.0,0,0
195,0.0,0.0891089108910891,0.12734998170941408,1.0,-0.0,0,0
196,0.0,0.06336633663366337,0.10874875419996817,1.0,-0.0,0,0
197,0.0,0.0297029702970297,0.07112192077650681,1.0,-0.0,0,0
198,0.0,0.0297029702970297,0.07112192077650681,1.0,-0.0,0,0
199,0.0,0.021782178217821784,0.06230547612891991,1.0,-0.0,0,0
200,0.0,0.017821782178217824,0.05698017651460656,1.0,-0.0,0,0
201,0.0,0.017821782178217824,0.05698017651460656,1.0,-0.0,0,0
202,0.0,0.017821782178217824,0.05698017651460656,1.0,-0.0,0,0
203,0.0,0.017821782178217824,0.05698017651460656,1.0,-0.0,0,0
204,0.0,0.009900990099009901,0.04338396495090424,1.0,-0.0,0,0
205,0.0,0.0,0.0,1.0,-0.0,0,0
206,0.0,0.0,0.0,1.0,-0.0,0,0
207,0.0,0.0,0.0,1.0,-0.0,0,0
208,0.0,0.0,0.0,1.0,-0.0,0,0
209,0.0,0.0,0.0,1.0,-0.0,0,0
210,0.0,0.011881188118811883,0.047276579747775535,1.0,-0.0,0,0
211,0.0,0.011881188118811883,0.047276579747775535,1.0,-0.0,0,0
212,0.0,0.011881188118811883,0.047276579747775535,1.0,-0.0,0,0
213,0.0,0.011881188118811883,0.047276579747775535,1.0,-0.0,0,0
214,0.0,0.011881188118811883,0.047276579747775535,1.0,-0.0,0,0
215,0.0,0.0198019801980198,0.059735061897023205,1.0,-0.0,0,0
216,0.0,0.05544554455445545,0.1019369320889802,1.0,-0.0,0,0
217,0.0,0.05544554455445545,0.1019369320889802,1.0,-0.0,0,0
218,0.0,0.05544554455445545,0.1019369320889802,1.0,-0.0,0,0
219,0.0,0.05544554455445545,0.1019369320889802,1.0,-0.0,0,0
220,0.0,0.03564356435643565,0.08154954567118415,1.0,-0.0,0,0
221,0.0,0.0,0.0,1.0,-0.0,0,0
222,0.0,0.0,0.0,1.0,-0.0,0,0
223,0.2,0.03564356435643565,0.07653920035678292,0.015882722457572503,1.7990750531077893,0,0
224,0.2,0.03564356435643565,0.07653920035678292,0.015882722457572503,1.7990750531077893,0,0
225,0.2,0.03564356435643565,0.07653920035678292,0.015882722457572503,1.7990750531077893,0,0
226,0.2,0.03564356435643565,0.07653920035678292,0.015882722457572503,1.7990750531077893,0,0
227,0.2,0.03564356435643565,0.07653920035678292,0.015882722457572503,1.7990750531077893,0,0
228,0.0,0.0,0.0,1.0,-0.0,0,0
229,0.0,0.0,0.0,1.0,-0.0,0,0
230,0.0,0.0,0.0,1.0,-0.0,0,0
231,0.0,0.009900990099009901,0.04338396495090425,1.0,-0.0,0,0
232,0.0,0.023762376237623766,0.06471340450838889,1.0,-0.0,0,0
233,0.0,0.051485148514851496,0.1001126705723924,1.0,-0.0,0,0
234,0.0,0.057425742574257435,0.10277971700879983,1.0,-0.0,0,0
235,0.0,0.057425742574257435,0.10277971700879983,1.0,-0.0,0,0
236,0.0,0.047524752475247525,0.09809478080396704,1.0,-0.0,0,0
237,0.0,0.033663366336633666,0.08475617647141663,1.0,-0.0,0,0
238,0.0,0.0059405940594059415,0.03395332316729158,1.0,-0.0,0,0
239,0.0,0.0,0.0,1.0,-0.0,0,0
240,0.0,0.0,0.0,1.0,-0.0,0,0
241,0.0,0.0,0.0,1.0,-0.0,0,0
242,0.0,0.0,0.0,1.0,-0.0,0,0
243,0.0,0.0,0.0,1.0,-0.0,0,0
244,0.0,0.0,0.0,1.0,-0.0,0,0
245,0.0,0.019801980198019802,0.0597350618970232,1.0,-0.0,0,0
246,0.0,0.019801980198019802,0.0597350618970232,1.0,-0.0,0,0
247,0.0,0.049504950495049514,0.09912864166957489,1.0,-0.0,0,0
248,0.0,0.049504950495049514,0.09912864166957489,1.0,-0.0,0,0
249,0.0,0.049504950495049514,0.09912864166957489,1.0,-0.0,0,0
250,0.0,0.10891089108910892,0.13937555924568537,1.0,-0.0,0,0
251,0.0,0.15247524752475247,0.15453158823862712,1.0,-0.0,0,0
252,0.2,0.19009900990099005,0.17660435755646178,0.4776457645290032,0.3208940689594445,0,0
253,0.2,0.19009900990099005,0.17660435755646178,0.4776457645290032,0.3208940689594445,0,0
254,0.4,0.4158415841584158,0.27673223046777307,1.0,-0.0,0,0
255,1.4,0.6455445544554455,0.3491218835866049,0.0153473317237811,1.8139671197547316,0,0
256,1.4,0.6277227722772276,0.3492903163916626,0.013518281521169117,1.8690785135207841,0,0
257,1.4,0.5900990099009901,0.32624626259990447,0.006523504030014271,2.1855190649855176,0,0
258,1.4,0.5900990099009901,0.32624626259990447,0.006523504030014271,2.1855190649855176,0,0
259,1.2,0.4138613861386139,0.29685803620162377,0.0040461155623929415,2.392961717365302,0,0
260,0.2,0.10297029702970295,0.15054715096038185,0.259621184714485,0.5856598726219711,0,0
261,0.2,0.07920792079207921,0.1292145592164392,0.17494108392292335,0.7571081869435704,0,0
262,0.0,0.049504950495049514,0.09912864166957489,1.0,-0.0,0,0
263,0.0,0.049504950495049514,0.09912864166957489,1.0,-0.0,0,0
264,0.0,0.0,0.0,1.0,-0.0,0,0
265,0.0,0.0,0.0,1.0,-0.0,0,0
266,0.0,0.031683168316831684,0.0730260947112308,1.0,-0.0,0,0
267,0.0,0.031683168316831684,0.0730260947112308,1.0,-0.0,0,0
268,0.0,0.16435643564356434,0.16978971176416646,1.0,-0.0,0,0
269,0.0,0.19999999999999998,0.1866855247428543,1.0,-0.0,0,0
270,0.0,0.2336633663366337,0.1991453162261327,1.0,-0.0,0,0
271,0.0,0.22376237623762377,0.20155264396038772,1.0,-0.0,0,0
272,0.0,0.25346534653465347,0.22141057978050938,1.0,-0.0,0,0
273,0.0,0.12079207920792076,0.149134022841685,1.0,-0.0,0,0
274,0.0,0.08514851485148514,0.14445948324625327,1.0,-0.0,0,0
275,0.0,0.05148514851485149,0.11134982906542218,1.0,-0.0,0,0
276,0.0,0.02970297029702971,0.07112192077650681,1.0,-0.0,0,0
277,0.0,0.0,0.0,1.0,-0.0,0,0
278,0.0,0.0,0.0,1.0,-0.0,0,0
279,0.0,0.0,0.0,1.0,-0.0,0,0
280,0.0,0.03564356435643565,0.07653920035678292,1.0,-0.0,0,0
281,0.0,0.4554455445544555,0.2550384352803475,1.0,-0.0,0,0
282,0.0,0.499009900990099,0.2679201334759528,1.0,-0.0,0,0
283,0.0,0.6019801980198021,0.3011463898550555,1.0,-0.0,0,0
284,0.0,0.6019801980198021,0.3011463898550555,1.0,-0.0,0,0
285,0.0,0.5663366336633663,0.29526870719745074,1.0,-0.0,0,0
286,0.0,0.1465346534653465,0.1662423117767553,1.0,-0.0,0,0
287,0.0,0.4237623762376238,0.27472705261029107,1.0,-0.0,0,0
288,0.0,0.49900990099009906,0.29999836616880204,1.0,-0.0,0,0
289,0.0,0.49900990099009906,0.29999836616880204,1.0,-0.0,0,0
290,0.0,0.49900990099009906,0.29999836616880204,1.0,-0.0,0,0
291,0.0,0.5237623762376238,0.29756387611171936,1.0,-0.0,0,0
292,0.0,0.2396039603960396,0.22342039932781524,1.0,-0.0,0,0
293,0.0,0.16435643564356436,0.17210643633774864,1.0,-0.0,0,0
294,0.0,0.16435643564356436,0.17210643633774864,1.0,-0.0,0,0
295,0.0,0.24158415841584158,0.21307151531852703,1.0,-0.0,0,0
296,0.0,0.24554455445544554,0.2046609137062056,1.0,-0.0,0,0
297,0.0,0.20792079207920788,0.18438185104134303,1.0,-0.0,0,0
298,0.0,0.10495049504950495,0.1423816080178024,1.0,-0.0,0,0
299,0.2,0.1485148514851485,0.16326729671147555,0.3762507376661025,0.42452263993230954,0,0
300,0.2,0.08712871287128712,0.11745095149573798,0.16827410880590205,0.7739827008259124,0,0
301,0.2,0.0594059405940594,0.0956253185556407,0.07074570539322597,1.1502999187808283,0,0
302,0.2,0.0594059405940594,0.0956253185556407,0.07074570539322597,1.1502999187808283,0,0
303,0.4,0.07722772277227724,0.1124710639300034,0.002053494791492543,2.6875063943583766,0,0
304,0.4,0.05940594059405942,0.10357779667819422,0.0005039858459677199,3.297581660190253,0,0
305,0.4,0.041584158415841586,0.08590499787518362,1.5081313231807476e-05,4.821560839865747,0,0
306,0.4,0.041584158415841586,0.08590499787518362,1.5081313231807476e-05,4.821560839865747,0,0
307,0.4,0.08712871287128712,0.12077584698595571,0.004791663301863998,2.3195137063282365,0,0
308,0.2,0.06930693069306931,0.10693069306930696,0.11081180122969687,0.9554139856724337,0,0
309,0.0,0.04554455445544555,0.09283729243351321,1.0,-0.0,0,0
310,0.0,0.04554455445544555,0.09283729243351321,1.0,-0.0,0,0
311,0.0,0.04554455445544555,0.09283729243351321,1.0,-0.0,0,0
312,0.0,0.0,0.0,1.0,-0.0,0,0
313,0.0,0.0,0.0,1.0,-0.0,0,0
314,0.0,0.0,0.0,1.0,-0.0,0,0
315,0.0,0.0,0.0,1.0,-0.0,0,0
316,0.0,0.0,0.0,1.0,-0.0,0,0
317,0.0,0.0,0.0,1.0,-0.0,0,0
318,0.0,0.0,0.0,1.0,-0.0,0,0
319,0.2,0.049504950495049514,0.08631483056516186,0.040617958542992716,1.3912819080063723,0,0
320,0.2,0.07524752475247526,0.11205191564986228,0.13278007588509982,0.8768670874855233,0,0
321,0.2,0.2316831683168317,0.19847472496357746,1.0,-0.0,0,0
322,0.2,0.2316831683168317,0.19847472496357746,1.0,-0.0,0,0
323,0.2,0.27128712871287125,0.21356782198356852,1.0,-0.0,0,0
324,0.0,0.36633663366336633,0.24384592917009332,1.0,-0.0,0,0
325,0.0,0.3663366336633664,0.23219879999125886,1.0,-0.0,0,0
326,0.0,0.20990099009900992,0.17660435755646176,1.0,-0.0,0,0
327,0.0,0.5584158415841586,0.31880573144551455,1.0,-0.0,0,0
328,0.0,0.7584158415841583,0.36837005896666414,1.0,-0.0,0,0
329,0.0,0.6297029702970297,0.33934840137523825,1.0,-0.0,0,0
330,0.0,0.6039603960396039,0.3412036911106999,1.0,-0.0,0,0
