,foreground,bg_means,bg_stdev,pvals,minus_logs,regs,active
2,0.0,0.398019801980198,0.26475477090468547,1.0,-0.0,0,0
3,0.0,0.4336633663366337,0.2685779300306689,1.0,-0.0,0,0
4,0.4,0.11683168316831682,0.14146987009498416,0.02266303813730279,1.6446818703851787,0,0
5,0.4,0.11683168316831682,0.14146987009498416,0.02266303813730279,1.6446818703851787,0,0
6,0.4,0.11683168316831682,0.14146987009498416,0.02266303813730279,1.6446818703851787,0,0
7,0.4,0.11683168316831682,0.14146987009498416,0.02266303813730279,1.6446818703851787,0,0
8,0.4,0.08118811881188118,0.11664694237642095,0.00313672736016238,2.5035232279145325,0,0
9,0.0,0.0,0.0,1.0,-0.0,0,0
10,2.0,0.30693069306930687,0.2135310980864724,1.115369760245047e-15,14.952581134218438,0,0
11,2.0,0.30693069306930687,0.2135310980864724,1.115369760245047e-15,14.952581134218438,0,0
12,2.0,0.30693069306930687,0.2135310980864724,1.115369760245047e-15,14.952581134218438,0,0
13,2.0,0.30693069306930687,0.2135310980864724,1.115369760245047e-15,14.952581134218438,0,0
14,2.0,0.30693069306930687,0.2135310980864724,1.115369760245047e-15,14.952581134218438,0,0
15,0.0,0.0,0.0,1.0,-0.0,0,0
16,0.0,0.0,0.0,1.0,-0.0,0,0
17,0.0,0.0,0.0,1.0,-0.0,0,0
18,0.0,0.0,0.0,1.0,-0.0,0,0
19,0.0,0.12277227722772277,0.14615954128511635,1.0,-0.0,0,0
20,0.0,0.14653465346534653,0.15387043310940524,1.0,-0.0,0,0
21,0.0,0.22574257425742575,0.20808103207694087,1.0,-0.0,0,0
22,0.0,0.22574257425742575,0.20808103207694087,1.0,-0.0,0,0
23,0.0,0.22574257425742575,0.20808103207694087,1.0,-0.0,0,0
24,0.0,0.10099009900990098,0.13965661530697393,1.0,-0.0,0,0
25,0.0,0.07920792079207921,0.11631029826208643,1.0,-0.0,0,0
26,0.0,0.0,0.0,1.0,-0.0,0,0
27,0.0,0.0,0.0,1.0,-0.0,0,0
28,0.2,0.2099009900990099,0.20753382188631925,1.0,-0.0,0,0
29,0.2,0.2099009900990099,0.20753382188631925,1.0,-0.0,0,0
30,0.2,0.2099009900990099,0.20753382188631925,1.0,-0.0,0,0
31,0.2,0.2099009900990099,0.20753382188631925,1.0,-0.0,0,0
32,0.2,0.2099009900990099,0.20753382188631925,1.0,-0.0,0,0
33,0.0,0.0,0.0,1.0,-0.0,0,0
34,0.0,0.0,0.0,1.0,-0.0,0,0
35,0.2,0.2158415841584158,0.19022273201620318,1.0,-0.0,0,0
36,0.2,0.2158415841584158,0.19022273201620318,1.0,-0.0,0,0
37,0.2,0.2158415841584158,0.19022273201620318,1.0,-0.0,0,0
38,0.2,0.2158415841584158,0.19022273201620318,1.0,-0.0,0,0
39,0.2,0.2158415841584158,0.19022273201620318,1.0,-0.0,0,0
40,0.0,0.0,0.0,1.0,-0.0,0,0
41,0.0,0.039603960396039604,0.08452453849668534,1.0,-0.0,0,0
42,0.2,0.15247524752475244,0.15707352091130253,0.38111117430886954,0.4189483173796683,0,0
43,0.2,0.15247524752475244,0.15707352091130253,0.38111117430886954,0.4189483173796683,0,0
44,0.2,0.15247524752475244,0.15707352091130253,0.38111117430886954,0.4189483173796683,0,0
45,0.2,0.15247524752475244,0.15707352091130253,0.38111117430886954,0.4189483173796683,0,0
46,0.4,0.13267326732673265,0.1414975848312859,0.02942802338139737,1.5312389075701454,0,0
47,0.2,0.019801980198019802,0.0597350618970232,0.0012780474741147156,2.893453013655617,0,0
48,0.2,0.05148514851485149,0.09607532254026299,0.06107440442601417,1.214140759405803,0,0
49,0.2,0.05148514851485149,0.09607532254026299,0.06107440442601417,1.214140759405803,0,0
50,0.2,0.05148514851485149,0.09607532254026299,0.06107440442601417,1.214140759405803,0,0
51,0.0,0.13267326732673265,0.16235208707144264,1.0,-0.0,0,0
52,0.0,0.14455445544554454,0.16196518848854283,1.0,-0.0,0,0
53,0.0,0.11089108910891088,0.15018206119491914,1.0,-0.0,0,0
54,0.0,0.11089108910891088,0.15018206119491914,1.0,-0.0,0,0
55,0.0,0.11089108910891088,0.15018206119491914,1.0,-0.0,0,0
56,0.0,0.009900990099009901,0.04338396495090425,1.0,-0.0,0,0
57,0.0,0.0,0.0,1.0,-0.0,0,0
58,0.0,0.0,0.0,1.0,-0.0,0,0
59,0.0,0.0,0.0,1.0,-0.0,0,0
60,0.0,0.0,0.0,1.0,-0.0,0,0
61,0.0,0.0,0.0,1.0,-0.0,0,0
62,0.0,0.3841584158415842,0.2605145986169296,1.0,-0.0,0,0
63,0.0,0.3841584158415842,0.2605145986169296,1.0,-0.0,0,0
64,0.0,0.3841584158415842,0.2605145986169296,1.0,-0.0,0,0
65,0.0,0.3841584158415842,0.2605145986169296,1.0,-0.0,0,0
66,0.0,0.3841584158415842,0.2605145986169296,1.0,-0.0,0,0
67,0.0,0.0,0.0,1.0,-0.0,0,0
68,0.0,0.0,0.0,1.0,-0.0,0,0
69,0.0,0.0297029702970297,0.07112192077650681,1.0,-0.0,0,0
70,0.0,0.0297029702970297,0.07112192077650681,1.0,-0.0,0,0
71,0.0,0.0297029702970297,0.07112192077650681,1.0,-0.0,0,0
72,0.0,0.0297029702970297,0.07112192077650681,1.0,-0.0,0,0
73,0.0,0.0297029702970297,0.07112192077650681,1.0,-0.0,0,0
74,0.0,0.08316831683168317,0.10996786833199856,1.0,-0.0,0,0
75,0.0,0.08316831683168317,0.10996786833199856,1.0,-0.0,0,0
76,0.0,0.08316831683168317,0.10996786833199856,1.0,-0.0,0,0
77,0.0,0.08316831683168317,0.10996786833199856,1.0,-0.0,0,0
78,0.0,0.13267326732673268,0.1442693512878177,1.0,-0.0,0,0
79,0.0,0.047524752475247525,0.09397077637785882,1.0,-0.0,0,0
80,0.0,0.047524752475247525,0.09397077637785882,1.0,-0.0,0,0
81,0.0,0.047524752475247525,0.09397077637785882,1.0,-0.0,0,0
82,0.0,0.047524752475247525,0.09397077637785882,1.0,-0.0,0,0
83,0.0,0.0,0.0,1.0,-0.0,0,0
84,0.0,0.0,0.0,1.0,-0.0,0,0
85,0.0,0.0,0.0,1.0,-0.0,0,0
86,0.0,0.0,0.0,1.0,-0.0,0,0
87,0.0,0.0,0.0,1.0,-0.0,0,0
88,0.0,0.0,0.0,1.0,-0.0,0,0
89,0.0,0.013861386138613863,0.05079507064705211,1.0,-0.0,0,0
90,0.0,0.013861386138613863,0.05079507064705211,1.0,-0.0,0,0
91,0.0,0.013861386138613863,0.05079507064705211,1.0,-0.0,0,0
92,0.2,0.05148514851485149,0.08744317689433512,0.04471467951449677,1.3495498776386112,0,0
93,0.2,0.05148514851485149,0.08744317689433512,0.04471467951449677,1.3495498776386112,0,0
94,0.2,0.03762376237623763,0.07816140339006158,0.01888012292982573,1.723995182306426,0,0
95,0.2,0.03762376237623763,0.07816140339006158,0.01888012292982573,1.723995182306426,0,0
96,0.2,0.03762376237623763,0.07816140339006158,0.01888012292982573,1.723995182306426,0,0
97,0.0,0.0,0.0,1.0,-0.0,0,0
98,0.0,0.12277227722772276,0.13191745702927898,1.0,-0.0,0,0
99,0.0,0.12277227722772276,0.13191745702927898,1.0,-0.0,0,0
100,0.0,0.21584158415841578,0.19837591740781296,1.0,-0.0,0,0
101,0.0,0.2514851485148515,0.2209851307152931,1.0,-0.0,0,0
102,0.0,0.2514851485148515,0.2209851307152931,1.0,-0.0,0,0
103,0.0,0.1287128712871287,0.15564406822280066,1.0,-0.0,0,0
104,0.0,0.13465346534653463,0.15443005630372467,1.0,-0.0,0,0
105,0.0,0.039603960396039604,0.08908690597387718,1.0,-0.0,0,0
106,0.0,0.0039603960396039604,0.027863855998951064,1.0,-0.0,0,0
107,0.0,0.0039603960396039604,0.027863855998951064,1.0,-0.0,0,0
108,0.0,0.41188118811881197,0.29493651900056816,1.0,-0.0,0,0
109,0.0,0.40792079207920795,0.29372418136102496,1.0,-0.0,0,0
110,0.0,0.40792079207920795,0.29372418136102496,1.0,-0.0,0,0
111,0.0,0.40792079207920795,0.29372418136102496,1.0,-0.0,0,0
112,0.0,0.40792079207920795,0.29372418136102496,1.0,-0.0,0,0
113,0.0,0.0,0.0,1.0,-0.0,0,0
114,0.0,0.0,0.0,1.0,-0.0,0,0
115,0.0,0.0,0.0,1.0,-0.0,0,0
116,0.0,0.011881188118811883,0.047276579747775535,1.0,-0.0,0,0
117,0.0,0.011881188118811883,0.047276579747775535,1.0,-0.0,0,0
118,0.0,0.011881188118811883,0.047276579747775535,1.0,-0.0,0,0
119,0.0,0.011881188118811883,0.047276579747775535,1.0,-0.0,0,0
120,0.0,0.0297029702970297,0.07112192077650681,1.0,-0.0,0,0
121,0.0,0.01782178217821782,0.05698017651460657,1.0,-0.0,0,0
122,0.0,0.38811881188118813,0.2482760874242769,1.0,-0.0,0,0
123,0.0,0.38811881188118813,0.2482760874242769,1.0,-0.0,0,0
124,0.0,0.38811881188118813,0.2482760874242769,1.0,-0.0,0,0
125,0.0,0.37029702970297035,0.24758019181129162,1.0,-0.0,0,0
126,0.0,0.37029702970297035,0.24758019181129162,1.0,-0.0,0,0
127,0.0,0.0,0.0,1.0,-0.0,0,0
128,0.0,0.05544554455445546,0.1019369320889802,1.0,-0.0,0,0
129,0.0,0.05544554455445546,0.1019369320889802,1.0,-0.0,0,0
130,0.0,0.13267326732673265,0.1573977184098032,1.0,-0.0,0,0
131,0.0,0.3356435643564357,0.24356435643564356,1.0,-0.0,0,0
132,0.0,0.3356435643564357,0.24356435643564356,1.0,-0.0,0,0
133,0.0,0.2792079207920792,0.23560195988492436,1.0,-0.0,0,0
134,0.0,0.2950495049504951,0.24143803404172495,1.0,-0.0,0,0
135,0.0,0.22376237623762377,0.21852272458192973,1.0,-0.0,0,0
136,0.2,0.05148514851485149,0.10773441987117181,0.08402025455510505,1.0756160070195218,0,0
137,0.2,0.06534653465346535,0.11976515267356391,0.130440226039647,0.8845884572772558,0,0
138,0.2,0.06534653465346535,0.11976515267356391,0.130440226039647,0.8845884572772558,0,0
139,0.2,0.04950495049504951,0.09504950495049506,0.056672754609762926,1.2466256777282645,0,0
140,0.2,0.04356435643564357,0.0916470215081674,0.04391693044295191,1.3573680223438196,0,0
141,0.0,0.015841584158415842,0.05401260078014202,1.0,-0.0,0,0
142,0.0,0.11683168316831682,0.1442421691205886,1.0,-0.0,0,0
143,0.0,0.11683168316831682,0.1442421691205886,1.0,-0.0,0,0
144,0.0,0.11683168316831682,0.1442421691205886,1.0,-0.0,0,0
145,0.0,0.12079207920792079,0.14372473118118065,1.0,-0.0,0,0
146,0.0,0.11881188118811879,0.14399729871443837,1.0,-0.0,0,0
147,0.0,0.0039603960396039604,0.027863855998951064,1.0,-0.0,0,0
148,0.0,0.0039603960396039604,0.027863855998951064,1.0,-0.0,0,0
149,0.0,0.0039603960396039604,0.027863855998951064,1.0,-0.0,0,0
150,0.0,0.0,0.0,1.0,-0.0,0,0
151,0.0,0.0039603960396039604,0.02786385599895106,1.0,-0.0,0,0
152,0.0,0.0039603960396039604,0.02786385599895106,1.0,-0.0,0,0
153,0.0,0.011881188118811883,0.047276579747775535,1.0,-0.0,0,0
154,0.0,0.011881188118811883,0.047276579747775535,1.0,-0.0,0,0
155,0.0,0.12673267326732673,0.14818445096134422,1.0,-0.0,0,0
156,0.0,0.12277227722772277,0.1488445185977516,1.0,-0.0,0,0
157,0.0,0.12277227722772277,0.1488445185977516,1.0,-0.0,0,0
158,0.0,0.11485148514851483,0.14717547862227368,1.0,-0.0,0,0
159,0.0,0.11485148514851483,0.14717547862227368,1.0,-0.0,0,0
160,0.0,0.0,0.0,1.0,-0.0,0,0
161,0.0,0.0,0.0,1.0,-0.0,0,0
162,0.0,0.0,0.0,1.0,-0.0,0,0
163,0.2,0.1267326732673267,0.1427391785420998,0.30387244129620905,0.5173086850325755,0,0
164,0.2,0.1267326732673267,0.1427391785420998,0.30387244129620905,0.5173086850325755,0,0
165,0.2,0.1267326732673267,0.1427391785420998,0.30387244129620905,0.5173086850325755,0,0
166,0.2,0.2594059405940594,0.22785187902800044,1.0,-0.0,0,0
167,0.2,0.2594059405940594,0.22785187902800044,1.0,-0.0,0,0
168,0.0,0.1405940594059406,0.17244784995704746,1.0,-0.0,0,0
169,0.0,0.1405940594059406,0.17244784995704746,1.0,-0.0,0,0
170,0.0,0.1405940594059406,0.17244784995704746,1.0,-0.0,0,0
171,0.0,0.007920792079207921,0.03900537743285587,1.0,-0.0,0,0
172,0.0,0.06732673267326733,0.12356816445008076,1.0,-0.0,0,0
173,0.0,0.07524752475247526,0.12851469892742934,1.0,-0.0,0,0
174,0.0,0.07524752475247526,0.12851469892742934,1.0,-0.0,0,0
175,0.0,0.07524752475247526,0.12851469892742934,1.0,-0.0,0,0
176,0.0,0.07524752475247526,0.12851469892742934,1.0,-0.0,0,0
177,0.0,0.015841584158415842,0.05401260078014202,1.0,-0.0,0,0
178,0.0,0.0,0.0,1.0,-0.0,0,0
179,0.0,0.0,0.0,1.0,-0.0,0,0
180,0.0,0.0,0.0,1.0,-0.0,0,0
181,0.0,0.0,0.0,1.0,-0.0,0,0
182,0.0,0.0,0.0,1.0,-0.0,0,0
183,0.0,0.0,0.0,1.0,-0.0,0,0
184,0.0,0.0,0.0,1.0,-0.0,0,0
185,0.0,0.0,0.0,1.0,-0.0,0,0
186,0.0,0.0,0.0,1.0,-0.0,0,0
187,0.2,0.2851485148514852,0.22924159879176859,1.0,-0.0,0,0
188,0.2,0.2851485148514852,0.22924159879176859,1.0,-0.0,0,0
189,0.2,0.3524752475247525,0.25508455573678657,1.0,-0.0,0,0
190,0.2,0.3524752475247525,0.25508455573678657,1.0,-0.0,0,0
191,0.2,0.3524752475247525,0.25508455573678657,1.0,-0.0,0,0
192,0.0,0.06534653465346535,0.10571364605971598,1.0,-0.0,0,0
193,0.0,0.06534653465346535,0.10571364605971598,1.0,-0.0,0,0
194,0.0,0.0,0.0,1.0,-0.0,0,0
195,0.0,0.0,0.0,1.0,-0.0,0,0
196,0.0,0.0,0.0,1.0,-0.0,0,0
197,0.0,0.021782178217821784,0.06230547612891991,1.0,-0.0,0,0
198,0.0,0.021782178217821784,0.06230547612891991,1.0,-0.0,0,0
199,0.0,0.021782178217821784,0.06230547612891991,1.0,-0.0,0,0
200,0.0,0.021782178217821784,0.06230547612891991,1.0,-0.0,0,0
201,0.0,0.021782178217821784,0.06230547612891991,1.0,-0.0,0,0
202,0.0,0.0,0.0,1.0,-0.0,0,0
203,0.0,0.0,0.0,1.0,-0.0,0,0
204,0.0,0.0059405940594059415,0.03395332316729158,1.0,-0.0,0,0
205,0.0,0.0059405940594059415,0.03395332316729158,1.0,-0.0,0,0
206,0.0,0.06732673267326733,0.10634234916512914,1.0,-0.0,0,0
207,0.0,0.06732673267326733,0.10634234916512914,1.0,-0.0,0,0
208,0.0,0.23564356435643558,0.19780186026407595,1.0,-0.0,0,0
209,0.0,0.36039603960396044,0.22867643617032957,1.0,-0.0,0,0
210,0.0,0.36039603960396044,0.22867643617032957,1.0,-0.0,0,0
211,0.0,0.297029702970297,0.20798678820595456,1.0,-0.0,0,0
212,0.0,0.297029702970297,0.20798678820595456,1.0,-0.0,0,0
213,0.0,0.13069306930693064,0.1419402846531281,1.0,-0.0,0,0
214,0.0,0.0,0.0,1.0,-0.0,0,0
215,0.0,0.0,0.0,1.0,-0.0,0,0
216,0.0,0.0,0.0,1.0,-0.0,0,0
217,0.0,0.0,0.0,1.0,-0.0,0,0
218,0.0,0.0,0.0,1.0,-0.0,0,0
219,0.0,0.0059405940594059415,0.033953323167291584,1.0,-0.0,0,0
220,0.0,0.0059405940594059415,0.033953323167291584,1.0,-0.0,0,0
221,0.2,0.10891089108910891,0.14765427233510695,0.2686476890928793,0.5708168908798665,0,0
222,0.2,0.10891089108910891,0.14765427233510695,0.2686476890928793,0.5708168908798665,0,0
223,0.4,0.14653465346534655,0.1885664294196818,0.08944670237348913,1.0484356659115446,0,0
224,0.4,0.14059405940594058,0.17698140967528178,0.07136171505896591,1.1465347209680536,0,0
225,0.4,0.14059405940594058,0.17698140967528178,0.07136171505896591,1.1465347209680536,0,0
226,0.2,0.03762376237623763,0.08771182015980238,0.03206701867154286,1.4939414153345645,0,0
227,0.2,0.03762376237623763,0.08771182015980238,0.03206701867154286,1.4939414153345645,0,0
228,0.0,0.0,0.0,1.0,-0.0,0,0
229,0.0,0.0,0.0,1.0,-0.0,0,0
230,0.0,0.0,0.0,1.0,-0.0,0,0
231,0.0,0.0,0.0,1.0,-0.0,0,0
232,0.0,0.013861386138613863,0.05079507064705211,1.0,-0.0,0,0
233,0.0,0.30099009900990104,0.23818415768324583,1.0,-0.0,0,0
234,0.0,0.30099009900990104,0.23818415768324583,1.0,-0.0,0,0
235,0.0,0.30099009900990104,0.23818415768324583,1.0,-0.0,0,0
236,0.0,0.30099009900990104,0.23818415768324583,1.0,-0.0,0,0
237,0.0,0.30099009900990104,0.23314256442682219,1.0,-0.0,0,0
238,0.0,0.04752475247524753,0.09397077637785879,1.0,-0.0,0,0
239,0.0,0.04752475247524753,0.09397077637785879,1.0,-0.0,0,0
240,0.0,0.04752475247524753,0.09397077637785879,1.0,-0.0,0,0
241,0.0,0.04752475247524753,0.09397077637785879,1.0,-0.0,0,0
242,0.0,0.033663366336633666,0.08475617647141663,1.0,-0.0,0,0
243,0.0,0.0,0.0,1.0,-0.0,0,0
244,0.0,0.031683168316831684,0.08316831683168317,1.0,-0.0,0,0
245,0.0,0.031683168316831684,0.08316831683168317,1.0,-0.0,0,0
246,0.0,0.031683168316831684,0.08316831683168317,1.0,-0.0,0,0
247,0.0,0.031683168316831684,0.08316831683168317,1.0,-0.0,0,0
248,0.0,0.031683168316831684,0.08316831683168317,1.0,-0.0,0,0
249,0.0,0.0,0.0,1.0,-0.0,0,0
250,0.0,0.0,0.0,1.0,-0.0,0,0
251,0.0,0.0,0.0,1.0,-0.0,0,0
252,0.0,0.0,0.0,1.0,-0.0,0,0
253,0.0,0.0,0.0,1.0,-0.0,0,0
254,0.0,0.0,0.0,1.0,-0.0,0,0
255,0.0,0.0,0.0,1.0,-0.0,0,0
256,0.0,0.0,0.0,1.0,-0.0,0,0
257,0.0,0.0,0.0,1.0,-0.0,0,0
258,0.0,0.0,0.0,1.0,-0.0,0,0
259,0.0,0.0,0.0,1.0,-0.0,0,0
260,0.0,0.0,0.0,1.0,-0.0,0,0
261,0.0,0.0,0.0,1.0,-0.0,0,0
262,0.0,0.0891089108910891,0.1420507440353343,1.0,-0.0,0,0
263,0.0,0.0891089108910891,0.1420507440353343,1.0,-0.0,0,0
264,0.0,0.0891089108910891,0.1420507440353343,1.0,-0.0,0,0
265,0.0,0.22574257425742575,0.1859700100098835,1.0,-0.0,0,0
266,0.0,0.2376237623762376,0.19843520784522387,1.0,-0.0,0,0
267,0.0,0.25544554455445545,0.22002486246765698,1.0,-0.0,0,0
268,0.0,0.25544554455445545,0.22002486246765698,1.0,-0.0,0,0
269,0.0,0.25544554455445545,0.22002486246765698,1.0,-0.0,0,0
270,0.0,0.11881188118811883,0.14122019271030048,1.0,-0.0,0,0
271,0.0,0.10693069306930694,0.13661931335176508,1.0,-0.0,0,0
272,0.0,0.0,0.0,1.0,-0.0,0,0
273,0.0,0.0,0.0,1.0,-0.0,0,0
274,0.0,0.0,0.0,1.0,-0.0,0,0
275,0.0,0.0,0.0,1.0,-0.0,0,0
276,0.0,0.0,0.0,1.0,-0.0,0,0
277,0.0,0.0,0.0,1.0,-0.0,0,0
278,0.0,0.027722772277227727,0.07461957893630405,1.0,-0.0,0,0
279,0.0,0.027722772277227727,0.07461957893630405,1.0,-0.0,0,0
280,0.0,0.05346534653465347,0.10860442931328386,1.0,-0.0,0,0
281,0.0,0.13465346534653466,0.14921288105967928,1.0,-0.0,0,0
282,0.0,0.13465346534653466,0.14921288105967928,1.0,-0.0,0,0
283,0.0,0.10495049504950493,0.1245794808714917,1.0,-0.0,0,0
284,0.0,0.1287128712871287,0.14510947295494067,1.0,-0.0,0,0
285,0.0,0.10099009900990098,0.13679141417164786,1.0,-0.0,0,0
286,0.0,0.021782178217821784,0.06230547612891991,1.0,-0.0,0,0
287,0.0,0.039603960396039604,0.08908690597387718,1.0,-0.0,0,0
288,0.0,0.039603960396039604,0.08908690597387718,1.0,-0.0,0,0
289,0.0,0.017821782178217824,0.056980176514606566,1.0,-0.0,0,0
290,0.0,0.017821782178217824,0.056980176514606566,1.0,-0.0,0,0
291,0.4,0.033663366336633666,0.07994704648786674,2.3000965330509323e-06,5.638253936638243,0,0
292,0.4,0.023762376237623766,0.06471340450838889,3.051592332665726e-09,8.51547348496986,0,0
293,0.4,0.023762376237623766,0.06471340450838889,3.051592332665726e-09,8.51547348496986,0,0
294,0.4,0.023762376237623766,0.06471340450838889,3.051592332665726e-09,8.51547348496986,0,0
295,0.4,0.04356435643564357,0.08255312311158745,7.884896149188503e-06,5.103204022326377,0,0
296,0.0,0.02772277227722772,0.06910862719451544,1.0,-0.0,0,0
297,0.0,0.019801980198019802,0.0597350618970232,1.0,-0.0,0,0
298,0.0,0.019801980198019802,0.0597350618970232,1.0,-0.0,0,0
299,0.0,0.019801980198019802,0.0597350618970232,1.0,-0.0,0,0
300,0.0,0.0,0.0,1.0,-0.0,0,0
301,0.0,0.0,0.0,1.0,-0.0,0,0
302,0.0,0.015841584158415842,0.05401260078014202,1.0,-0.0,0,0
303,0.2,0.04554455445544555,0.08387254884969257,0.03277054107653563,1.4845163878939818,0,0
304,0.4,0.15643564356435644,0.1702740025877676,0.07629739857739837,1.117490269420496,0,0
305,0.4,0.15643564356435644,0.1702740025877676,0.07629739857739837,1.117490269420496,0,0
306,1.4,0.4099009900990099,0.26903014314349943,0.00011650129858331058,3.933669233741628,0,0
307,1.4,0.43366336633663366,0.27870891438022644,0.0002629654434553953,3.5801013188208186,0,0
308,1.6,0.42772277227722766,0.2842808581545837,1.8645067904288355e-05,4.729436030623724,0,0
309,1.4,0.33663366336633666,0.2547461451538338,1.4950465774741544e-05,4.825345276888113,0,0
310,1.4,0.33663366336633666,0.2547461451538338,1.4950465774741544e-05,4.825345276888113,0,0
311,0.4,0.08118811881188118,0.13254020222321994,0.00807743987652534,2.092726265918236,0,0
312,0.4,0.06930693069306931,0.12407485305204392,0.00384631873101633,2.414954730137548,0,0
313,0.0,0.04554455445544555,0.09700949476369024,1.0,-0.0,0,0
314,0.0,0.027722772277227727,0.07975061610139514,1.0,-0.0,0,0
315,0.0,0.14059405940594058,0.16055486574752068,1.0,-0.0,0,0
316,0.0,0.14059405940594058,0.16055486574752068,1.0,-0.0,0,0
317,0.2,0.1504950495049505,0.16746435256923545,0.38376211344542216,0.4159379027995148,0,0
318,0.2,0.1504950495049505,0.16746435256923545,0.38376211344542216,0.4159379027995148,0,0
319,0.2,0.1504950495049505,0.16746435256923545,0.38376211344542216,0.4159379027995148,0,0
320,0.2,0.03762376237623763,0.08307396817189318,0.025315250600093615,1.5966177690988217,0,0
321,0.2,0.03762376237623763,0.08307396817189318,0.025315250600093615,1.5966177690988217,0,0
322,0.0,0.0,0.0,1.0,-0.0,0,0
323,0.0,0.0,0.0,1.0,-0.0,0,0
324,0.0,0.0,0.0,1.0,-0.0,0,0
325,0.0,0.017821782178217824,0.05698017651460656,1.0,-0.0,0,0
326,0.0,0.017821782178217824,0.05698017651460656,1.0,-0.0,0,0
327,0.0,0.023762376237623766,0.06471340450838889,1.0,-0.0,0,0
328,0.0,0.023762376237623766,0.06471340450838889,1.0,-0.0,0,0
329,0.0,0.023762376237623766,0.06471340450838889,1.0,-0.0,0,0
330,0.0,0.0059405940594059415,0.033953323167291584,1.0,-0.0,0,0
331,0.0,0.0059405940594059415,0.033953323167291584,1.0,-0.0,0,0
332,0.0,0.0,0.0,1.0,-0.0,0,0
333,0.0,0.0,0.0,1.0,-0.0,0,0
334,0.0,0.0,0.0,1.0,-0.0,0,0
335,0.0,0.0,0.0,1.0,-0.0,0,0
336,0.0,0.0,0.0,1.0,-0.0,0,0
337,0.0,0.0,0.0,1.0,-0.0,0,0
338,0.0,0.04554455445544556,0.10485704788018795,1.0,-0.0,0,0
339,0.0,0.04554455445544556,0.10485704788018795,1.0,-0.0,0,0
340,0.0,0.07524752475247526,0.1345369326848557,1.0,-0.0,0,0
341,0.0,0.07524752475247526,0.1345369326848557,1.0,-0.0,0,0
342,0.0,0.15445544554455443,0.18213516495155513,1.0,-0.0,0,0
343,0.0,0.1069306930693069,0.14229896414433021,1.0,-0.0,0,0
344,0.0,0.1069306930693069,0.14229896414433021,1.0,-0.0,0,0
345,0.0,0.07722772277227723,0.11593886073904514,1.0,-0.0,0,0
346,0.0,0.07722772277227723,0.11593886073904514,1.0,-0.0,0,0
347,0.0,0.0,0.0,1.0,-0.0,0,0
348,0.0,0.04356435643564357,0.08721867542790195,1.0,-0.0,0,0
349,0.0,0.04356435643564357,0.08721867542790195,1.0,-0.0,0,0
350,0.0,0.04356435643564357,0.08721867542790195,1.0,-0.0,0,0
351,0.0,0.04356435643564357,0.08721867542790195,1.0,-0.0,0,0
352,0.2,0.2435643564356436,0.20605480458342287,1.0,-0.0,0,0
353,0.2,0.19999999999999998,0.19498667128857303,0.49999999999999994,0.30102999566398125,0,0
354,0.2,0.22574257425742575,0.20808103207694087,1.0,-0.0,0,0
355,0.2,0.22574257425742575,0.20808103207694087,1.0,-0.0,0,0
356,0.2,0.22574257425742575,0.20808103207694087,1.0,-0.0,0,0
357,0.0,0.0712871287128713,0.11801714396634724,1.0,-0.0,0,0
358,0.2,0.3247524752475248,0.2697288482954392,1.0,-0.0,0,0
359,0.2,0.299009900990099,0.252706165026824,1.0,-0.0,0,0
360,0.6,0.3801980198019802,0.2931629499844814,0.22669950157413504,0.6445494347205967,0,0
361,0.6,0.3801980198019802,0.2931629499844814,0.22669950157413504,0.6445494347205967,0,0
362,0.6,0.3336633663366337,0.2656123982115995,0.15799638084000966,0.8013528611418741,0,0
363,0.6,0.1168316831683168,0.1548357845728682,0.0009026571358566875,3.0444771802309654,0,0
364,0.6,0.1168316831683168,0.1548357845728682,0.0009026571358566875,3.0444771802309654,0,0
365,0.2,0.03762376237623763,0.08307396817189318,0.025315250600093615,1.5966177690988217,0,0
366,0.8,0.21188118811881188,0.19051110448801098,0.0010107410596180554,2.995360091474097,0,0
367,0.8,0.21188118811881188,0.19051110448801098,0.0010107410596180554,2.995360091474097,0,0
368,0.6,0.17425742574257425,0.17724708119287327,0.008153472224799672,2.088657403906111,0,0
369,0.6,0.17425742574257425,0.17724708119287327,0.008153472224799672,2.088657403906111,0,0
370,0.6,0.17425742574257425,0.17724708119287327,0.008153472224799672,2.088657403906111,0,0
371,0.0,0.0,0.0,1.0,-0.0,0,0
372,0.0,0.05148514851485149,0.10773441987117183,1.0,-0.0,0,0
373,0.0,0.2851485148514852,0.23772275165875512,1.0,-0.0,0,0
374,0.2,0.6059405940594059,0.35538900237006166,1.0,-0.0,0,0
375,0.2,0.6059405940594059,0.35538900237006166,1.0,-0.0,0,0
376,0.2,0.6059405940594059,0.35538900237006166,1.0,-0.0,0,0
377,0.2,0.5534653465346534,0.33048549838188285,1.0,-0.0,0,0
