,foreground,bg_means,bg_stdev,pvals,minus_logs,regs,active
2,0.0,0.09900990099009901,0.12781100644043505,1.0,-0.0,0,0
3,0.2,0.16237623762376235,0.15849008161397019,0.4061776082299849,0.39128402206908086,0,0
4,0.2,0.16237623762376235,0.15849008161397019,0.4061776082299849,0.39128402206908086,0,0
5,0.2,0.1485148514851485,0.15065129981473455,0.3662693533947933,0.43619941824055886,0,0
6,0.2,0.14653465346534653,0.14320542361793698,0.35444501889012636,0.4504511225246237,0,0
7,0.2,0.06930693069306931,0.10693069306930694,0.11081180122969682,0.955413985672434,0,0
8,0.0,0.007920792079207921,0.03900537743285587,1.0,-0.0,0,0
9,0.0,0.007920792079207921,0.03900537743285587,1.0,-0.0,0,0
10,0.0,0.007920792079207921,0.03900537743285587,1.0,-0.0,0,0
11,0.0,0.0,0.0,1.0,-0.0,0,0
12,0.0,0.015841584158415842,0.05401260078014202,1.0,-0.0,0,0
13,0.0,0.015841584158415842,0.05401260078014202,1.0,-0.0,0,0
14,0.0,0.015841584158415842,0.05401260078014202,1.0,-0.0,0,0
15,0.0,0.017821782178217824,0.05698017651460656,1.0,-0.0,0,0
16,0.0,0.027722772277227727,0.06910862719451544,1.0,-0.0,0,0
17,0.0,0.011881188118811883,0.047276579747775535,1.0,-0.0,0,0
18,0.0,0.011881188118811883,0.047276579747775535,1.0,-0.0,0,0
19,0.2,0.09702970297029702,0.1396285351588451,0.23042168355485154,0.6374766545668977,0,0
20,0.2,0.09504950495049505,0.13957235791450376,0.22604258799392601,0.6458097290460244,0,0
21,0.2,0.08514851485148517,0.12379009590564581,0.17675768599419261,0.7526216925958915,0,0
22,0.2,0.08514851485148517,0.12379009590564581,0.17675768599419261,0.7526216925958915,0,0
23,0.2,0.08514851485148517,0.12379009590564581,0.17675768599419261,0.7526216925958915,0,0
24,0.0,0.007920792079207921,0.03900537743285587,1.0,-0.0,0,0
25,0.0,0.03762376237623763,0.08307396817189318,1.0,-0.0,0,0
26,0.0,0.03762376237623763,0.08307396817189318,1.0,-0.0,0,0
27,0.0,0.03762376237623763,0.08307396817189318,1.0,-0.0,0,0
28,0.0,0.04356435643564357,0.08721867542790195,1.0,-0.0,0,0
29,0.0,0.047524752475247525,0.09397077637785882,1.0,-0.0,0,0
30,0.0,0.041584158415841586,0.10270338597932628,1.0,-0.0,0,0
31,0.0,0.041584158415841586,0.10270338597932628,1.0,-0.0,0,0
32,0.0,0.041584158415841586,0.10270338597932628,1.0,-0.0,0,0
33,0.0,0.04752475247524753,0.09397077637785879,1.0,-0.0,0,0
34,0.0,0.05148514851485149,0.096075322540263,1.0,-0.0,0,0
35,0.0,0.027722772277227727,0.06910862719451544,1.0,-0.0,0,0
36,0.0,0.027722772277227727,0.06910862719451544,1.0,-0.0,0,0
37,0.0,0.0594059405940594,0.0956253185556407,1.0,-0.0,0,0
38,0.0,0.05544554455445545,0.09797478714338996,1.0,-0.0,0,0
39,0.0,0.039603960396039604,0.08452453849668534,1.0,-0.0,0,0
40,0.0,0.039603960396039604,0.08452453849668534,1.0,-0.0,0,0
41,0.2,0.07722772277227724,0.1124710639300034,0.13750669912875174,0.8616761431153293,0,0
42,0.2,0.06336633663366337,0.10874875419996817,0.10448261079208833,0.9809559838634979,0,0
43,0.2,0.05544554455445544,0.10193693208898019,0.07808409030039491,1.1074374449781046,0,0
44,0.2,0.06534653465346535,0.10939585993610405,0.10918337986089162,0.9618434658808062,0,0
45,0.4,0.1188118811881188,0.1467218499235066,0.027652607908948273,1.5582639042487492,0,0
46,0.2,0.10891089108910891,0.14218869759220787,0.2608843772656953,0.5835519273024177,0,0
47,0.2,0.09108910891089109,0.13057300215314485,0.20211242547219427,0.6944069860981138,0,0
48,0.2,0.09108910891089109,0.13057300215314485,0.20211242547219427,0.6944069860981138,0,0
49,0.2,0.08118811881188118,0.12325042629382525,0.1675260743172871,0.775917588323708,0,0
50,0.0,0.027722772277227727,0.07461957893630407,1.0,-0.0,0,0
51,0.0,0.0,0.0,1.0,-0.0,0,0
52,0.0,0.0059405940594059415,0.03395332316729158,1.0,-0.0,0,0
53,0.0,0.0059405940594059415,0.03395332316729158,1.0,-0.0,0,0
54,0.2,0.0594059405940594,0.10357779667819421,0.08733081746926054,1.0588324745635311,0,0
55,0.2,0.06534653465346535,0.10571364605971598,0.10137482685028305,0.9940698745616096,0,0
56,0.2,0.06534653465346535,0.10571364605971598,0.10137482685028305,0.9940698745616096,0,0
57,0.2,0.0594059405940594,0.09562531855564069,0.07074570539322597,1.1502999187808283,0,0
58,0.2,0.0594059405940594,0.09562531855564069,0.07074570539322597,1.1502999187808283,0,0
59,0.0,0.0059405940594059415,0.03395332316729158,1.0,-0.0,0,0
60,0.0,0.0,0.0,1.0,-0.0,0,0
61,0.2,0.03762376237623763,0.09211646217515253,0.03897321499939909,1.4092337666757113,0,0
62,0.2,0.05148514851485149,0.10011267057239238,0.0689738517569684,1.1613155207112393,0,0
63,0.2,0.05148514851485149,0.10011267057239238,0.0689738517569684,1.1613155207112393,0,0
64,0.2,0.05148514851485149,0.10011267057239238,0.0689738517569684,1.1613155207112393,0,0
65,0.2,0.06534653465346535,0.11295810453031022,0.11661777127180524,0.9332352628086957,0,0
66,0.0,0.03564356435643565,0.07653920035678292,1.0,-0.0,0,0
67,0.0,0.021782178217821784,0.06230547612891991,1.0,-0.0,0,0
68,0.0,0.021782178217821784,0.06230547612891991,1.0,-0.0,0,0
69,0.0,0.021782178217821784,0.06230547612891991,1.0,-0.0,0,0
70,0.0,0.019801980198019806,0.05973506189702319,1.0,-0.0,0,0
71,0.0,0.021782178217821784,0.06230547612891991,1.0,-0.0,0,0
72,0.0,0.041584158415841586,0.08590499787518362,1.0,-0.0,0,0
73,0.0,0.041584158415841586,0.08590499787518362,1.0,-0.0,0,0
74,0.2,0.04950495049504951,0.10304643034659552,0.07208203336412715,1.1421729708308164,0,0
75,0.2,0.03762376237623763,0.08771182015980238,0.03206701867154286,1.4939414153345645,0,0
76,0.2,0.027722772277227727,0.07975061610139514,0.015378620884094646,1.813082609221364,0,0
77,0.2,0.007920792079207921,0.03900537743285587,4.2303541670263104e-07,6.3736232717865695,0,0
78,0.2,0.007920792079207921,0.03900537743285587,4.2303541670263104e-07,6.3736232717865695,0,0
79,0.0,0.0,0.0,1.0,-0.0,0,0
80,0.0,0.025742574257425748,0.06697637435757531,1.0,-0.0,0,0
81,0.0,0.04356435643564357,0.08721867542790195,1.0,-0.0,0,0
82,0.0,0.04356435643564357,0.08721867542790195,1.0,-0.0,0,0
83,0.0,0.04356435643564357,0.08721867542790195,1.0,-0.0,0,0
84,0.0,0.04356435643564357,0.08721867542790195,1.0,-0.0,0,0
85,0.0,0.017821782178217824,0.05698017651460656,1.0,-0.0,0,0
86,0.0,0.0059405940594059415,0.033953323167291584,1.0,-0.0,0,0
87,0.0,0.0059405940594059415,0.033953323167291584,1.0,-0.0,0,0
88,0.0,0.0059405940594059415,0.033953323167291584,1.0,-0.0,0,0
89,0.0,0.0059405940594059415,0.033953323167291584,1.0,-0.0,0,0
90,0.0,0.0059405940594059415,0.033953323167291584,1.0,-0.0,0,0
91,0.0,0.0,0.0,1.0,-0.0,0,0
92,0.0,0.0,0.0,1.0,-0.0,0,0
93,0.0,0.009900990099009901,0.04338396495090424,1.0,-0.0,0,0
94,0.0,0.019801980198019802,0.059735061897023205,1.0,-0.0,0,0
95,0.0,0.019801980198019802,0.059735061897023205,1.0,-0.0,0,0
96,0.0,0.03762376237623762,0.08771182015980238,1.0,-0.0,0,0
97,0.0,0.03762376237623762,0.08771182015980238,1.0,-0.0,0,0
98,0.0,0.027722772277227727,0.07975061610139514,1.0,-0.0,0,0
99,0.0,0.017821782178217824,0.05698017651460656,1.0,-0.0,0,0
100,0.0,0.017821782178217824,0.05698017651460656,1.0,-0.0,0,0
101,0.0,0.0,0.0,1.0,-0.0,0,0
102,0.0,0.0,0.0,1.0,-0.0,0,0
103,0.0,0.0,0.0,1.0,-0.0,0,0
104,0.0,0.0,0.0,1.0,-0.0,0,0
105,0.0,0.0,0.0,1.0,-0.0,0,0
106,0.0,0.011881188118811881,0.047276579747775535,1.0,-0.0,0,0
107,0.0,0.017821782178217824,0.056980176514606566,1.0,-0.0,0,0
108,0.0,0.021782178217821784,0.06230547612891991,1.0,-0.0,0,0
109,0.0,0.021782178217821784,0.06230547612891991,1.0,-0.0,0,0
110,0.0,0.033663366336633666,0.07482947971362845,1.0,-0.0,0,0
111,0.0,0.021782178217821784,0.06230547612891991,1.0,-0.0,0,0
112,0.0,0.015841584158415842,0.05401260078014202,1.0,-0.0,0,0
113,0.0,0.023762376237623766,0.07056843438101175,1.0,-0.0,0,0
114,0.0,0.061386138613861385,0.11166631429601334,1.0,-0.0,0,0
115,0.0,0.049504950495049514,0.09912864166957489,1.0,-0.0,0,0
116,0.0,0.06336633663366338,0.10874875419996817,1.0,-0.0,0,0
117,0.0,0.06336633663366338,0.10874875419996817,1.0,-0.0,0,0
118,0.0,0.051485148514851496,0.09186070102766894,1.0,-0.0,0,0
119,0.0,0.01386138613861386,0.05079507064705211,1.0,-0.0,0,0
120,0.0,0.01386138613861386,0.05079507064705211,1.0,-0.0,0,0
121,0.0,0.0,0.0,1.0,-0.0,0,0
122,0.0,0.011881188118811883,0.04727657974777555,1.0,-0.0,0,0
123,0.0,0.031683168316831684,0.0730260947112308,1.0,-0.0,0,0
124,0.0,0.031683168316831684,0.0730260947112308,1.0,-0.0,0,0
125,0.0,0.05940594059405942,0.09138994660763826,1.0,-0.0,0,0
126,0.0,0.06336633663366337,0.09304823860966917,1.0,-0.0,0,0
127,0.0,0.05148514851485149,0.08744317689433512,1.0,-0.0,0,0
128,0.0,0.13861386138613857,0.1371349678667785,1.0,-0.0,0,0
129,0.0,0.14455445544554452,0.14383382017690993,1.0,-0.0,0,0
130,0.0,0.1287128712871287,0.1337476815110359,1.0,-0.0,0,0
131,0.0,0.15049504950495046,0.149999183084401,1.0,-0.0,0,0
132,0.0,0.15049504950495046,0.149999183084401,1.0,-0.0,0,0
133,0.0,0.1108910891089109,0.13342479626077636,1.0,-0.0,0,0
134,0.0,0.1603960396039604,0.1617229068443201,1.0,-0.0,0,0
135,0.0,0.1485148514851485,0.15834156674616875,1.0,-0.0,0,0
136,0.0,0.1207920792079208,0.14645435316515326,1.0,-0.0,0,0
137,0.0,0.13465346534653466,0.16436836411443276,1.0,-0.0,0,0
138,0.0,0.06732673267326733,0.12356816445008077,1.0,-0.0,0,0
139,0.0,0.021782178217821784,0.06836703565002801,1.0,-0.0,0,0
140,0.0,0.021782178217821784,0.06836703565002801,1.0,-0.0,0,0
141,0.0,0.021782178217821784,0.06836703565002801,1.0,-0.0,0,0
142,0.0,0.007920792079207921,0.03900537743285587,1.0,-0.0,0,0
143,0.0,0.007920792079207921,0.03900537743285587,1.0,-0.0,0,0
144,0.0,0.0,0.0,1.0,-0.0,0,0
145,0.0,0.0,0.0,1.0,-0.0,0,0
146,0.0,0.0,0.0,1.0,-0.0,0,0
147,0.0,0.0,0.0,1.0,-0.0,0,0
148,0.0,0.0,0.0,1.0,-0.0,0,0
149,0.0,0.0,0.0,1.0,-0.0,0,0
150,0.0,0.0,0.0,1.0,-0.0,0,0
151,0.0,0.0,0.0,1.0,-0.0,0,0
152,0.0,0.0,0.0,1.0,-0.0,0,0
153,0.0,0.013861386138613863,0.050795070647052104,1.0,-0.0,0,0
154,0.0,0.04356435643564357,0.09991664009142864,1.0,-0.0,0,0
155,0.0,0.04356435643564357,0.09991664009142864,1.0,-0.0,0,0
156,0.0,0.04356435643564357,0.09991664009142864,1.0,-0.0,0,0
157,0.0,0.05544554455445544,0.10575073206193022,1.0,-0.0,0,0
158,0.0,0.04158415841584159,0.09039772047931348,1.0,-0.0,0,0
159,0.0,0.1564356435643564,0.16314716771521567,1.0,-0.0,0,0
160,0.0,0.3445544554455447,0.24874944550403494,1.0,-0.0,0,0
161,0.0,0.3445544554455447,0.24874944550403494,1.0,-0.0,0,0
162,0.0,0.3485148514851486,0.24316960685954458,1.0,-0.0,0,0
163,0.0,0.3861386138613862,0.2536972948611411,1.0,-0.0,0,0
164,0.0,0.25346534653465347,0.21780377963410028,1.0,-0.0,0,0
165,0.0,0.06534653465346535,0.09793475658517417,1.0,-0.0,0,0
166,0.0,0.07524752475247526,0.10474480123119365,1.0,-0.0,0,0
167,0.0,0.07326732673267328,0.10798889666879984,1.0,-0.0,0,0
168,0.0,0.03564356435643565,0.09074407316744237,1.0,-0.0,0,0
169,0.0,0.023762376237623766,0.07056843438101175,1.0,-0.0,0,0
170,0.0,0.023762376237623766,0.07056843438101175,1.0,-0.0,0,0
171,0.0,0.04554455445544555,0.09283729243351321,1.0,-0.0,0,0
172,0.0,0.031683168316831684,0.07826167463512675,1.0,-0.0,0,0
173,0.0,0.031683168316831684,0.07826167463512675,1.0,-0.0,0,0
174,0.0,0.03762376237623763,0.08307396817189318,1.0,-0.0,0,3
175,0.0,0.0712871287128713,0.11801714396634724,1.0,-0.0,0,0
176,0.0,0.03960396039603961,0.08452453849668534,1.0,-0.0,0,0
177,0.0,0.06930693069306931,0.12084076279122662,1.0,-0.0,0,0
178,0.0,0.12079207920792076,0.1594028657227573,1.0,-0.0,0,15
179,0.0,0.2693069306930693,0.20379691612306708,1.0,-0.0,0,0
180,0.0,0.2356435643564356,0.18752381151289843,1.0,-0.0,0,0
181,0.0,0.2356435643564356,0.18752381151289843,1.0,-0.0,0,0
182,0.0,0.20594059405940596,0.1767818940250744,1.0,-0.0,0,18
183,0.0,0.15445544554455443,0.15639804034834157,1.0,-0.0,0,0
184,0.0,0.0,0.0,1.0,-0.0,0,0
185,0.0,0.04950495049504951,0.09504950495049506,1.0,-0.0,0,0
186,0.0,0.04950495049504951,0.09504950495049506,1.0,-0.0,0,0
187,0.0,0.04950495049504951,0.09504950495049506,1.0,-0.0,0,0
188,0.0,0.04950495049504951,0.09504950495049506,1.0,-0.0,0,0
189,0.0,0.07326732673267328,0.11159606181073561,1.0,-0.0,0,0
190,0.0,0.0297029702970297,0.07648795214189293,1.0,-0.0,0,0
191,0.0,0.057425742574257435,0.10277971700879983,1.0,-0.0,0,0
192,0.0,0.057425742574257435,0.10277971700879983,1.0,-0.0,0,0
193,0.0,0.057425742574257435,0.10277971700879983,1.0,-0.0,0,0
194,0.0,0.033663366336633666,0.07482947971362847,1.0,-0.0,0,0
195,0.0,0.033663366336633666,0.07482947971362845,1.0,-0.0,0,0
196,0.0,0.0059405940594059415,0.03395332316729158,1.0,-0.0,0,0
197,0.0,0.0059405940594059415,0.03395332316729158,1.0,-0.0,0,0
198,0.0,0.0059405940594059415,0.03395332316729158,1.0,-0.0,0,0
199,0.2,0.011881188118811883,0.047276579747775535,3.4586556520905853e-05,4.461092674713385,0,0
200,0.2,0.0059405940594059415,0.03395332316729158,5.469865928325192e-09,8.262023318511567,0,0
201,0.2,0.021782178217821784,0.06836703565002801,0.0045699030283054085,2.3400930154046975,0,0
202,0.2,0.021782178217821784,0.06836703565002801,0.0045699030283054085,2.3400930154046975,0,0
203,0.2,0.021782178217821784,0.06836703565002801,0.0045699030283054085,2.3400930154046975,0,0
204,0.0,0.015841584158415842,0.05401260078014202,1.0,-0.0,0,0
205,0.0,0.015841584158415842,0.05401260078014202,1.0,-0.0,0,0
206,0.0,0.0,0.0,1.0,-0.0,0,0
207,0.0,0.0,0.0,1.0,-0.0,0,0
208,0.0,0.061386138613861385,0.10046456153636296,1.0,-0.0,0,0
209,0.0,0.061386138613861385,0.10046456153636296,1.0,-0.0,0,0
210,0.0,0.097029702970297,0.1367627457412436,1.0,-0.0,0,0
211,0.0,0.097029702970297,0.1367627457412436,1.0,-0.0,0,0
212,0.0,0.097029702970297,0.1367627457412436,1.0,-0.0,0,0
213,0.0,0.04356435643564357,0.08721867542790195,1.0,-0.0,0,0
214,0.0,0.04356435643564357,0.08721867542790195,1.0,-0.0,0,0
215,0.0,0.017821782178217824,0.056980176514606566,1.0,-0.0,0,0
216,0.2,0.11089108910891088,0.15279637008998356,0.2798835913936494,0.5530225619699969,0,0
217,0.2,0.11089108910891088,0.15279637008998356,0.2798835913936494,0.5530225619699969,0,0
218,0.2,0.10297029702970298,0.14789308791950764,0.25588631331026734,0.5919529427677169,0,0
219,0.2,0.1306930693069307,0.18116377047893353,0.3510211364502178,0.45466673206031627,0,0
220,0.2,0.1564356435643564,0.18153135265530043,0.40517189325021546,0.39236068924885403,0,0
221,0.2,0.0712871287128713,0.11110305060677653,0.12333004940280463,0.9089310945328983,0,0
222,0.4,0.0891089108910891,0.12420120222231065,0.006155109217616707,2.210764236447136,0,0
223,0.4,0.0891089108910891,0.12420120222231065,0.006155109217616707,2.210764236447136,0,0
224,0.4,0.08316831683168316,0.12353642740976017,0.005163516382656358,2.2870544407238302,0,0
225,0.4,0.049504950495049514,0.09078727434730813,5.655013932087107e-05,4.247566320779003,0,0
226,0.4,0.06534653465346535,0.10571364605971598,0.0007736575764547356,3.1114512170453996,0,0
227,0.2,0.05148514851485149,0.096075322540263,0.0610744044260142,1.2141407594058027,0,0
228,0.2,0.05148514851485149,0.096075322540263,0.0610744044260142,1.2141407594058027,0,0
229,0.2,0.02970297029702971,0.07648795214189293,0.012991839772286904,1.8863293442020952,0,0
230,0.2,0.02970297029702971,0.07648795214189293,0.012991839772286904,1.8863293442020952,0,0
231,0.2,0.01386138613861386,0.05079507064705211,0.00012391038159364294,3.90689230556944,0,0
232,0.2,0.009900990099009901,0.04338396495090424,5.885669548817485e-06,5.230204125035219,0,0
233,0.2,0.009900990099009901,0.04338396495090424,5.885669548817485e-06,5.230204125035219,0,0
234,0.2,0.009900990099009901,0.04338396495090424,5.885669548817485e-06,5.230204125035219,0,0
235,0.2,0.031683168316831684,0.0730260947112308,0.01058647624307391,1.9752485727397298,0,0
236,0.0,0.021782178217821784,0.06230547612891991,1.0,-0.0,0,0
237,0.2,0.041584158415841586,0.08116396646304633,0.025480968483881664,1.5937840693032386,0,0
238,0.2,0.041584158415841586,0.08116396646304633,0.025480968483881664,1.5937840693032386,0,0
239,0.4,0.07722772277227724,0.10889288780093087,0.0015177181660502763,2.818808867632212,0,0
240,0.4,0.05544554455445545,0.09384550979067553,0.00012056218946056165,3.918788873649578,0,0
241,0.4,0.05544554455445545,0.09384550979067553,0.00012056218946056165,3.918788873649578,0,0
242,0.2,0.04950495049504951,0.09912864166957489,0.06448460512601864,1.190543955238279,0,0
243,0.2,0.04950495049504951,0.09912864166957489,0.06448460512601864,1.190543955238279,0,0
244,0.0,0.061386138613861385,0.10046456153636296,1.0,-0.0,0,0
245,0.0,0.08514851485148514,0.130031327995105,1.0,-0.0,0,0
246,0.0,0.100990099009901,0.14246420394934614,1.0,-0.0,0,0
247,0.0,0.08712871287128712,0.1332483472575107,1.0,-0.0,0,0
248,0.0,0.08712871287128712,0.1332483472575107,1.0,-0.0,0,0
249,0.0,0.03960396039603961,0.08908690597387718,1.0,-0.0,0,0
250,0.0,0.015841584158415842,0.054012600780142014,1.0,-0.0,0,0
251,0.0,0.0,0.0,1.0,-0.0,0,0
252,0.0,0.0,0.0,1.0,-0.0,0,0
253,0.0,0.0,0.0,1.0,-0.0,0,0
254,0.0,0.0,0.0,1.0,-0.0,0,0
255,0.0,0.023762376237623766,0.07056843438101175,1.0,-0.0,0,0
256,0.0,0.023762376237623766,0.07056843438101175,1.0,-0.0,0,0
257,0.0,0.023762376237623766,0.07056843438101175,1.0,-0.0,0,0
258,0.0,0.023762376237623766,0.07056843438101175,1.0,-0.0,0,0
259,0.0,0.023762376237623766,0.07056843438101175,1.0,-0.0,0,0
260,0.0,0.0059405940594059415,0.033953323167291584,1.0,-0.0,0,0
261,0.0,0.0059405940594059415,0.033953323167291584,1.0,-0.0,0,0
262,0.0,0.0059405940594059415,0.033953323167291584,1.0,-0.0,0,0
263,0.0,0.011881188118811883,0.04727657974777554,1.0,-0.0,0,0
264,0.0,0.011881188118811883,0.04727657974777554,1.0,-0.0,0,0
265,0.0,0.0059405940594059415,0.03395332316729158,1.0,-0.0,0,0
266,0.0,0.0059405940594059415,0.03395332316729158,1.0,-0.0,0,0
267,0.0,0.04554455445544555,0.08846854615322249,1.0,-0.0,0,0
268,0.2,0.28118811881188116,0.1933103344453985,1.0,-0.0,0,0
269,0.4,0.34059405940594073,0.22785187902800044,0.3971535460469213,0.4010415554317618,0,0
270,0.4,0.35247524752475257,0.23233385819665348,0.4189604126140833,0.37782701139048475,0,0
271,0.4,0.44158415841584153,0.2733247177501563,1.0,-0.0,0,0
272,0.4,0.5128712871287129,0.3075496792636516,1.0,-0.0,0,0
273,0.2,0.27128712871287125,0.22441855946942083,1.0,-0.0,0,0
274,0.0,0.2138613861386138,0.19951907671778216,1.0,-0.0,0,0
275,0.0,0.21386138613861383,0.2034502897273873,1.0,-0.0,0,0
276,0.0,0.12277227722772276,0.1434243086117372,1.0,-0.0,0,0
277,0.0,0.011881188118811883,0.047276579747775535,1.0,-0.0,0,0
278,0.0,0.021782178217821784,0.062305476128919915,1.0,-0.0,0,0
279,0.0,0.021782178217821784,0.062305476128919915,1.0,-0.0,0,0
280,0.0,0.009900990099009901,0.04338396495090424,1.0,-0.0,0,0
281,0.0,0.009900990099009901,0.04338396495090424,1.0,-0.0,0,0
282,0.0,0.009900990099009901,0.04338396495090424,1.0,-0.0,0,0
283,0.0,0.0,0.0,1.0,-0.0,0,0
284,0.0,0.0,0.0,1.0,-0.0,0,0
285,0.0,0.0,0.0,1.0,-0.0,0,0
286,0.0,0.009900990099009901,0.04338396495090424,1.0,-0.0,0,0
