,foreground,bg_means,bg_stdev,pvals,minus_logs,regs,active
2,0.0,0.0,0.0,1.0,-0.0,0,0
3,0.0,0.0,0.0,1.0,-0.0,0,0
4,0.0,0.0,0.0,1.0,-0.0,0,0
5,0.0,0.0,0.0,1.0,-0.0,0,0
6,0.0,0.0,0.0,1.0,-0.0,0,0
7,0.4,0.011881188118811883,0.04727657974777554,1.2102188555065987e-16,15.917136084936331,0,0
8,0.4,0.011881188118811883,0.04727657974777554,1.2102188555065987e-16,15.917136084936331,0,0
9,0.4,0.011881188118811883,0.04727657974777554,1.2102188555065987e-16,15.917136084936331,0,0
10,0.4,0.011881188118811883,0.04727657974777554,1.2102188555065987e-16,15.917136084936331,0,0
11,0.4,0.011881188118811883,0.04727657974777554,1.2102188555065987e-16,15.917136084936331,0,0
12,0.0,0.0,0.0,1.0,-0.0,0,0
13,0.0,0.0059405940594059415,0.03395332316729158,1.0,-0.0,0,0
14,0.4,0.04554455445544554,0.10100951085035129,0.00022478804701096518,3.6482267858751967,0,0
15,0.4,0.07524752475247524,0.12539516989297084,0.004801133296572497,2.318656236300722,0,0
16,0.4,0.07524752475247524,0.12539516989297084,0.004801133296572497,2.318656236300722,0,0
17,0.8,0.1861386138613861,0.1807737511449854,0.00034221166501182207,3.4657051906922853,0,0
18,0.8,0.19801980198019797,0.18129359046727286,0.0004493276900922784,3.3474368169205997,0,0
19,0.4,0.1584158415841584,0.15749733722889644,0.06252791472771582,1.2039260545649275,0,0
20,0.4,0.1287128712871287,0.1423540653909816,0.02834320804472759,1.547550995398624,0,0
21,0.4,0.1287128712871287,0.1423540653909816,0.02834320804472759,1.547550995398624,0,0
22,0.0,0.023762376237623766,0.06471340450838889,1.0,-0.0,0,0
23,0.0,0.0059405940594059415,0.03395332316729158,1.0,-0.0,0,0
24,0.0,0.0059405940594059415,0.03395332316729158,1.0,-0.0,0,0
25,0.0,0.41584158415841593,0.2694815974052119,1.0,-0.0,0,0
26,0.0,0.44158415841584164,0.26448804526041975,1.0,-0.0,0,0
27,0.0,0.5623762376237624,0.2824403854206009,1.0,-0.0,0,0
28,0.0,0.691089108910891,0.3312439829159434,1.0,-0.0,0,0
29,0.0,0.691089108910891,0.3312439829159434,1.0,-0.0,0,0
30,0.0,0.2910891089108911,0.21530499200983352,1.0,-0.0,0,0
31,0.0,0.26534653465346536,0.20702305011778419,1.0,-0.0,0,0
32,0.4,0.18415841584158413,0.16333933170139628,0.09317892136878143,1.0306823212144511,0,0
33,0.4,0.09702970297029703,0.13383560593042218,0.01179476052120518,1.928310872529548,0,0
34,0.4,0.10693069306930691,0.1422989641443302,0.019721639053748248,1.7050569939375246,0,0
35,0.4,0.1584158415841584,0.1696048562801098,0.07716620905699757,1.1125728348034023,0,0
36,0.4,0.17821782178217818,0.17777723316802727,0.10610187484501872,0.9742769419454816,0,0
37,1.6,0.19603960396039605,0.19494644711665693,2.9717914946585364e-13,12.526981664593773,0,0
38,1.6,0.15247524752475247,0.17382935720677029,5.136243055280792e-17,16.289354432939664,0,0
39,1.6,0.17029702970297028,0.17436990069505995,1.3094246189371483e-16,15.882919498019152,0,0
40,1.6,0.1465346534653465,0.1564231101634178,1.0007579075656845e-17,16.999670969598,0,0
41,1.6,0.1267326732673267,0.14818445096134422,1.0000013648008751e-17,16.999999407274917,0,0
42,0.0,0.06336633663366337,0.10504385908811757,1.0,-0.0,0,0
43,0.0,0.06336633663366337,0.10504385908811757,1.0,-0.0,0,0
44,0.0,0.08118811881188118,0.11999411807954947,1.0,-0.0,0,0
45,0.4,0.16237623762376235,0.1795767770099744,0.09287724463947457,1.0320906771586063,0,0
46,0.4,0.20396039603960398,0.19896802672602726,0.16224279990163643,0.789834567454388,0,0
47,0.4,0.2079207920792079,0.20083152306547483,0.16943013941549634,0.7710093318001553,0,0
48,0.4,0.24158415841584158,0.213071515318527,0.22859353000522442,0.6409360658164736,0,0
49,3.6,0.6277227722772277,0.4049492846577083,1.0690652467111365e-13,12.970995788316117,0,0
50,3.2,0.5188118811881188,0.3660635856920605,1.2001453591993024e-13,12.920766149889888,0,0
51,3.2,0.4910891089108912,0.3587930841141128,2.1762153637048986e-14,13.662298127981007,0,0
52,3.2,0.48910891089108915,0.36421650347800627,4.919375555645247e-14,13.308090021205976,0,0
53,3.2,0.47326732673267324,0.36448555611385475,3.6877095582290434e-14,13.433243291041824,0,0
54,0.0,0.05148514851485149,0.09607532254026299,1.0,-0.0,0,0
55,0.0,0.06732673267326733,0.11000352009767249,1.0,-0.0,0,0
56,0.0,0.05346534653465347,0.10104832334394513,1.0,-0.0,0,0
57,0.0,0.051485148514851496,0.10011267057239238,1.0,-0.0,0,0
58,0.0,0.033663366336633666,0.07482947971362847,1.0,-0.0,0,0
59,0.0,0.023762376237623766,0.06471340450838889,1.0,-0.0,0,0
60,0.0,0.0,0.0,1.0,-0.0,0,0
61,0.0,0.0019801980198019802,0.019801980198019802,1.0,-0.0,0,0
62,0.0,0.023762376237623766,0.07056843438101175,1.0,-0.0,0,0
63,0.0,0.023762376237623766,0.07056843438101175,1.0,-0.0,0,0
64,0.0,0.023762376237623766,0.07056843438101175,1.0,-0.0,0,0
65,0.0,0.023762376237623766,0.07056843438101175,1.0,-0.0,0,0
66,0.0,0.023762376237623766,0.06471340450838887,1.0,-0.0,0,0
67,0.0,0.0019801980198019802,0.0198019801980198,1.0,-0.0,0,0
68,0.0,0.0019801980198019802,0.0198019801980198,1.0,-0.0,0,0
69,0.0,0.0019801980198019802,0.0198019801980198,1.0,-0.0,0,0
70,0.0,0.0019801980198019802,0.0198019801980198,1.0,-0.0,0,0
71,0.0,0.0,0.0,1.0,-0.0,0,0
72,0.0,0.0,0.0,1.0,-0.0,0,0
73,0.0,0.0,0.0,1.0,-0.0,0,0
74,0.0,0.0,0.0,1.0,-0.0,0,0
75,0.0,0.0,0.0,1.0,-0.0,0,0
76,0.0,0.0,0.0,1.0,-0.0,0,0
77,0.0,0.025742574257425745,0.07264925278354116,1.0,-0.0,0,0
78,0.0,0.031683168316831684,0.07826167463512675,1.0,-0.0,0,0
79,0.0,0.0811881188118812,0.12642288870900886,1.0,-0.0,0,0
80,0.0,0.08712871287128714,0.13024224675172555,1.0,-0.0,0,0
81,0.0,0.09306930693069305,0.13368903310588712,1.0,-0.0,0,0
82,0.0,0.06732673267326733,0.11698261772468856,1.0,-0.0,0,0
83,0.0,0.061386138613861385,0.10433219700847123,1.0,-0.0,0,0
84,0.0,0.033663366336633666,0.07994704648786674,1.0,-0.0,0,0
85,0.0,0.02772277227722773,0.07461957893630405,1.0,-0.0,0,0
86,0.0,0.021782178217821784,0.06836703565002801,1.0,-0.0,0,0
87,0.0,0.021782178217821784,0.06836703565002801,1.0,-0.0,0,0
88,0.0,0.021782178217821784,0.06836703565002801,1.0,-0.0,0,0
89,0.4,0.02772277227722773,0.07461957893630405,3.0346011133483776e-07,6.5178983871774205,0,0
90,0.4,0.02772277227722773,0.07461957893630405,3.0346011133483776e-07,6.5178983871774205,0,0
91,0.4,0.02970297029702971,0.07648795214189293,6.451360324816492e-07,6.19034870098158,0,0
92,0.4,0.02970297029702971,0.07648795214189293,6.451360324816492e-07,6.19034870098158,0,0
93,0.4,0.02970297029702971,0.07648795214189293,6.451360324816492e-07,6.19034870098158,0,0
94,0.0,0.0019801980198019802,0.019801980198019802,1.0,-0.0,0,0
95,0.0,0.007920792079207921,0.03900537743285587,1.0,-0.0,0,0
96,0.4,0.02970297029702971,0.07112192077650681,9.621238793919095e-08,7.016769006265068,0,0
97,0.4,0.02970297029702971,0.07112192077650681,9.621238793919095e-08,7.016769006265068,0,0
98,0.8,0.05346534653465347,0.09287951999650357,4.678252764295939e-16,15.32991631711999,0,0
99,0.8,0.05346534653465347,0.09287951999650357,4.678252764295939e-16,15.32991631711999,0,0
100,0.8,0.04752475247524753,0.08965727859541997,3.373574893745833e-17,16.471909644014836,0,0
101,0.4,0.06534653465346535,0.10939585993610405,0.0011099951699931328,2.954678910988022,0,0
102,0.8,0.11881188118811879,0.1439972987144384,1.1194968284323573e-06,5.950977132452326,0,0
103,0.4,0.10891089108910891,0.15549283508436104,0.030600400595916087,1.5142728880459675,0,0
104,0.4,0.10891089108910891,0.15549283508436104,0.030600400595916087,1.5142728880459675,0,0
105,0.4,0.11683168316831682,0.1598695674609062,0.038259909265233205,1.417256064252666,0,0
106,0.4,0.07524752475247526,0.12219602867755655,0.0039345502315398136,2.405104905776178,0,0
107,0.0,0.021782178217821784,0.06230547612891991,1.0,-0.0,0,0
108,0.0,0.013861386138613863,0.05079507064705211,1.0,-0.0,0,0
109,0.4,0.05148514851485149,0.09186070102766893,7.413495117120212e-05,4.1299769941514715,0,0
110,0.4,0.051485148514851496,0.09186070102766894,7.413495117120227e-05,4.129976994151471,0,0
111,1.2,0.07524752475247526,0.10474480123119365,1.0000000003373554e-17,16.99999999985349,0,0
112,1.2,0.08514851485148513,0.10660014917778037,1.0000000067153534e-17,16.99999999708356,0,0
113,1.2,0.08316831683168316,0.11351216354824961,1.0000038282094804e-17,16.99999833743293,0,0
114,0.8,0.04554455445544555,0.08846854615322249,1.744811669987435e-17,16.75825144268715,0,0
115,0.8,0.039603960396039604,0.07970143286137867,1.0000710338050437e-17,16.999969151506072,0,0
116,0.0,0.015841584158415842,0.05401260078014202,1.0,-0.0,0,0
117,0.0,0.0059405940594059415,0.03395332316729158,1.0,-0.0,0,0
118,0.0,0.0019801980198019802,0.0198019801980198,1.0,-0.0,0,0
119,0.0,0.0019801980198019802,0.0198019801980198,1.0,-0.0,0,0
120,0.0,0.0,0.0,1.0,-0.0,0,0
121,0.0,0.0,0.0,1.0,-0.0,0,0
122,0.0,0.0,0.0,1.0,-0.0,0,0
123,0.0,0.0,0.0,1.0,-0.0,0,0
124,0.0,0.0,0.0,1.0,-0.0,0,0
125,0.0,0.0,0.0,1.0,-0.0,0,0
126,0.0,0.0,0.0,1.0,-0.0,0,0
127,0.0,0.0,0.0,1.0,-0.0,0,0
128,0.0,0.0,0.0,1.0,-0.0,0,0
129,0.0,0.0,0.0,1.0,-0.0,0,0
130,0.0,0.007920792079207921,0.03900537743285587,1.0,-0.0,0,0
131,0.0,0.007920792079207921,0.03900537743285587,1.0,-0.0,0,0
132,0.0,0.007920792079207921,0.03900537743285587,1.0,-0.0,0,0
133,0.0,0.007920792079207921,0.03900537743285587,1.0,-0.0,0,0
134,0.0,0.007920792079207921,0.03900537743285587,1.0,-0.0,0,0
135,0.0,0.0,0.0,1.0,-0.0,0,0
136,0.0,0.0039603960396039604,0.02786385599895107,1.0,-0.0,0,0
137,0.0,0.0039603960396039604,0.02786385599895107,1.0,-0.0,0,0
138,0.0,0.0039603960396039604,0.02786385599895107,1.0,-0.0,0,0
139,0.0,0.013861386138613863,0.05807080514303042,1.0,-0.0,0,0
140,0.0,0.013861386138613863,0.05807080514303042,1.0,-0.0,0,0
141,0.0,0.009900990099009901,0.04338396495090425,1.0,-0.0,0,0
142,0.0,0.017821782178217824,0.056980176514606566,1.0,-0.0,0,0
143,0.0,0.017821782178217824,0.056980176514606566,1.0,-0.0,0,0
144,0.0,0.007920792079207921,0.03900537743285587,1.0,-0.0,0,0
145,0.0,0.007920792079207921,0.03900537743285587,1.0,-0.0,0,0
146,0.0,0.007920792079207921,0.03900537743285587,1.0,-0.0,0,0
147,0.0,0.0,0.0,1.0,-0.0,0,0
148,0.0,0.0,0.0,1.0,-0.0,0,0
149,0.0,0.0039603960396039604,0.027863855998951068,1.0,-0.0,0,0
150,0.0,0.011881188118811881,0.047276579747775535,1.0,-0.0,0,0
151,0.0,0.011881188118811881,0.047276579747775535,1.0,-0.0,0,0
152,0.0,0.015841584158415842,0.05401260078014202,1.0,-0.0,0,0
153,0.4,0.031683168316831684,0.07826167463512675,1.2617472219627355e-06,5.899027642796046,0,0
154,0.8,0.07920792079207922,0.14645435316515326,4.2916264184618836e-07,6.367378089935802,0,0
155,1.2,0.10099009900990098,0.1631952299250417,8.234580441871545e-12,11.084358523564276,0,0
156,1.2,0.10891089108910891,0.16774509769938514,3.8989843671737245e-11,10.409048506095369,0,0
157,1.2,0.10495049504950495,0.16312313129995226,9.531593372593014e-12,11.020834493371938,0,0
158,0.8,0.09306930693069307,0.14776046024695155,8.579119068453512e-07,6.066557304616489,0,0
159,0.4,0.041584158415841586,0.08590499787518362,1.5081313231807476e-05,4.821560839865747,0,0
160,0.0,0.033663366336633666,0.07994704648786674,1.0,-0.0,0,0
161,0.0,0.025742574257425745,0.0669763743575753,1.0,-0.0,0,0
162,0.0,0.025742574257425745,0.0669763743575753,1.0,-0.0,0,0
163,0.0,0.031683168316831684,0.08316831683168317,1.0,-0.0,0,0
164,0.0,0.04752475247524753,0.09397077637785879,1.0,-0.0,0,0
165,0.0,0.05742574257425742,0.09885135821266285,1.0,-0.0,0,0
166,0.0,0.05742574257425742,0.09885135821266285,1.0,-0.0,0,0
167,0.0,0.06930693069306931,0.10693069306930696,1.0,-0.0,0,0
168,0.0,0.0594059405940594,0.0956253185556407,1.0,-0.0,0,0
169,0.0,0.04356435643564357,0.08721867542790195,1.0,-0.0,0,0
170,0.0,0.011881188118811883,0.047276579747775535,1.0,-0.0,0,0
171,0.0,0.013861386138613863,0.05079507064705211,1.0,-0.0,0,0
172,0.0,0.0019801980198019802,0.0198019801980198,1.0,-0.0,0,0
173,0.0,0.0019801980198019802,0.0198019801980198,1.0,-0.0,0,0
174,0.0,0.011881188118811883,0.047276579747775535,1.0,-0.0,0,0
175,0.4,0.05148514851485149,0.10399339410297728,0.0004021405793251329,3.395622100764828,0,0
176,0.8,0.0613861386138614,0.11515834731523734,7.092270553071804e-11,10.149214705464669,0,0
177,0.8,0.10099009900990098,0.14521752172118102,7.41410988576232e-07,6.1299409815076205,0,0
178,0.8,0.10099009900990098,0.14521752172118102,7.41410988576232e-07,6.1299409815076205,0,0
179,0.8,0.09108910891089109,0.13937555924568534,1.825237782656726e-07,6.7386805498547275,0,0
180,0.4,0.051485148514851496,0.096075322540263,0.000143080052081759,3.844420910437966,0,0
181,0.0,0.039603960396039604,0.0890869059738772,1.0,-0.0,0,0
182,0.0,0.0,0.0,1.0,-0.0,0,0
183,0.0,0.0,0.0,1.0,-0.0,0,0
184,0.0,0.0,0.0,1.0,-0.0,0,0
185,0.0,0.0,0.0,1.0,-0.0,0,0
186,0.0,0.0,0.0,1.0,-0.0,0,0
187,0.0,0.0,0.0,1.0,-0.0,0,0
188,0.0,0.0,0.0,1.0,-0.0,0,0
189,0.0,0.0,0.0,1.0,-0.0,0,0
190,0.0,0.0,0.0,1.0,-0.0,0,0
191,0.0,0.0,0.0,1.0,-0.0,0,0
192,0.0,0.0,0.0,1.0,-0.0,0,0
193,0.0,0.0,0.0,1.0,-0.0,0,0
194,0.0,0.009900990099009901,0.04338396495090424,1.0,-0.0,0,0
195,0.4,0.025742574257425745,0.06697637435757531,1.1491454260291877e-08,7.939625007233837,0,0
196,0.4,0.025742574257425745,0.06697637435757531,1.1491454260291877e-08,7.939625007233837,0,0
197,0.4,0.025742574257425745,0.06697637435757531,1.1491454260291877e-08,7.939625007233837,0,0
198,0.4,0.025742574257425745,0.06697637435757531,1.1491454260291877e-08,7.939625007233837,0,0
199,0.4,0.031683168316831684,0.08316831683168317,4.74296519614438e-06,5.323950062187239,0,0
200,0.0,0.015841584158415842,0.06090517425437505,1.0,-0.0,0,0
201,0.0,0.015841584158415842,0.06090517425437505,1.0,-0.0,0,0
202,0.0,0.015841584158415842,0.06090517425437505,1.0,-0.0,0,0
203,0.0,0.019801980198019802,0.06603299802191315,1.0,-0.0,0,0
204,0.0,0.0039603960396039604,0.027863855998951064,1.0,-0.0,0,0
205,0.0,0.0039603960396039604,0.027863855998951064,1.0,-0.0,0,0
206,0.0,0.0039603960396039604,0.027863855998951064,1.0,-0.0,0,0
207,0.0,0.0039603960396039604,0.027863855998951064,1.0,-0.0,0,0
208,0.0,0.0,0.0,1.0,-0.0,0,0
209,0.0,0.015841584158415842,0.05401260078014202,1.0,-0.0,0,0
210,0.0,0.021782178217821784,0.06230547612891991,1.0,-0.0,0,0
211,0.0,0.16237623762376235,0.17283397009132112,1.0,-0.0,0,0
212,0.0,0.2950495049504951,0.231386795289637,1.0,-0.0,0,0
213,0.0,0.2950495049504951,0.231386795289637,1.0,-0.0,0,0
214,0.0,0.29504950495049503,0.2397920871797323,1.0,-0.0,0,0
215,0.0,0.35841584158415846,0.25222468638559453,1.0,-0.0,0,0
216,0.0,0.21782178217821782,0.19314799107479677,1.0,-0.0,0,0
217,0.0,0.08316831683168317,0.11351216354824961,1.0,-0.0,0,0
218,0.0,0.08316831683168317,0.11351216354824961,1.0,-0.0,0,0
219,0.0,0.06732673267326733,0.09861306612268303,1.0,-0.0,0,0
220,0.0,0.0,0.0,1.0,-0.0,0,0
221,0.0,0.08316831683168316,0.11694909354640316,1.0,-0.0,0,0
222,0.0,0.11485148514851484,0.14717547862227368,1.0,-0.0,0,0
223,2.4,0.3762376237623763,0.29015138242487554,1.5309964342441755e-12,11.815025820790884,0,0
224,2.4,0.3782178217821782,0.2909880608608748,1.8526444445885907e-12,11.732207921517476,0,0
225,2.4,0.3920792079207921,0.3003902307928942,1.1595664080247643e-11,10.935704374397407,0,0
226,2.4,0.36039603960396044,0.2595041760936765,1.9365176696257192e-15,14.71297853596892,0,0
227,2.4,0.3415841584158416,0.26147613212267823,1.7510445025919074e-15,14.756702816232663,0,0
228,0.0,0.14455445544554454,0.19724601290992394,1.0,-0.0,0,0
229,0.0,0.15148514851485148,0.1911993731016995,1.0,-0.0,0,0
230,0.4,0.1584158415841584,0.1852305637016803,0.09607675866365724,1.0173816571271428,0,0
231,1.2,0.2118811881188119,0.20063618061766877,4.219563762420254e-07,6.374732446044661,0,0
232,1.2,0.20594059405940596,0.1938774657314743,1.4699778994433443e-07,6.832689194654514,0,0
233,1.2,0.16237623762376235,0.1634113349368535,1.0782125300821698e-10,9.967295625471653,0,0
234,2.8,0.30099009900990104,0.19825728333914974,1e-17,17.0,0,0
235,2.4,0.29702970297029707,0.20414295396213658,1.0000000347002627e-17,16.999999984929868,0,0
236,1.6,0.19207920792079206,0.18438185104134303,1.1222692475899464e-14,13.949902937451887,0,0
237,1.6,0.19207920792079206,0.18438185104134303,1.1222692475899464e-14,13.949902937451887,0,0
238,1.6,0.17227722772277224,0.1689330594949795,2.439011849924747e-17,16.612786089663953,0,0
239,0.0,0.023762376237623766,0.06471340450838889,1.0,-0.0,0,0
240,0.0,0.007920792079207921,0.03900537743285587,1.0,-0.0,0,0
241,0.0,0.007920792079207921,0.03900537743285587,1.0,-0.0,0,0
242,0.0,0.0,0.0,1.0,-0.0,0,0
243,0.0,0.0,0.0,1.0,-0.0,0,0
244,0.0,0.0,0.0,1.0,-0.0,0,0
245,0.0,0.0,0.0,1.0,-0.0,0,0
246,0.0,0.0,0.0,1.0,-0.0,0,0
247,0.0,0.0,0.0,1.0,-0.0,0,0
248,0.0,0.0,0.0,1.0,-0.0,0,0
249,0.0,0.0,0.0,1.0,-0.0,0,0
250,0.0,0.0,0.0,1.0,-0.0,0,0
251,0.0,0.0,0.0,1.0,-0.0,0,0
252,0.0,0.0,0.0,1.0,-0.0,0,0
253,0.0,0.0,0.0,1.0,-0.0,0,0
254,0.0,0.0,0.0,1.0,-0.0,0,0
255,0.0,0.01782178217821782,0.05698017651460657,1.0,-0.0,0,0
256,0.0,0.01782178217821782,0.05698017651460657,1.0,-0.0,0,0
257,0.0,0.025742574257425748,0.07264925278354115,1.0,-0.0,0,0
258,0.0,0.03564356435643565,0.08154954567118416,1.0,-0.0,0,0
259,0.0,0.061386138613861385,0.1080614942545921,1.0,-0.0,0,0
260,0.0,0.04356435643564357,0.0916470215081674,1.0,-0.0,0,0
261,0.0,0.04356435643564357,0.0916470215081674,1.0,-0.0,0,0
262,0.0,0.03564356435643565,0.08154954567118415,1.0,-0.0,0,0
263,0.0,0.025742574257425748,0.07264925278354116,1.0,-0.0,0,0
264,0.0,0.0,0.0,1.0,-0.0,0,0
265,0.0,0.0,0.0,1.0,-0.0,0,0
266,0.0,0.0,0.0,1.0,-0.0,0,0
267,0.0,0.0,0.0,1.0,-0.0,0,0
268,0.0,0.0,0.0,1.0,-0.0,0,0
269,0.0,0.009900990099009901,0.04338396495090424,1.0,-0.0,0,0
270,0.0,0.1306930693069307,0.16988206407546308,1.0,-0.0,0,0
271,0.0,0.14059405940594058,0.1747293340075705,1.0,-0.0,0,0
272,0.0,0.14059405940594058,0.1747293340075705,1.0,-0.0,0,0
273,0.0,0.14653465346534653,0.17324186517306459,1.0,-0.0,0,0
274,0.0,0.17227722772277226,0.17806373977319878,1.0,-0.0,0,0
275,0.0,0.04950495049504951,0.08631483056516186,1.0,-0.0,0,0
276,0.0,0.06930693069306931,0.10693069306930696,1.0,-0.0,0,0
277,0.0,0.09702970297029702,0.124642415697871,1.0,-0.0,0,0
278,0.0,0.09108910891089109,0.1243589581632284,1.0,-0.0,0,0
279,0.0,0.05742574257425742,0.09476028605152792,1.0,-0.0,0,0
280,0.0,0.05742574257425742,0.09476028605152792,1.0,-0.0,0,0
281,0.0,0.03564356435643565,0.07653920035678292,1.0,-0.0,0,0
282,0.0,0.007920792079207921,0.03900537743285587,1.0,-0.0,0,0
283,0.0,0.007920792079207921,0.03900537743285587,1.0,-0.0,0,0
284,0.0,0.021782178217821784,0.068367035650028,1.0,-0.0,0,0
285,0.0,0.021782178217821784,0.068367035650028,1.0,-0.0,0,0
286,0.0,0.01386138613861386,0.05807080514303042,1.0,-0.0,0,0
287,0.0,0.01386138613861386,0.05807080514303042,1.0,-0.0,0,0
288,0.0,0.01386138613861386,0.05807080514303042,1.0,-0.0,0,0
289,0.0,0.0,0.0,1.0,-0.0,0,0
290,0.0,0.0,0.0,1.0,-0.0,0,0
291,0.0,0.0,0.0,1.0,-0.0,0,0
292,0.0,0.0,0.0,1.0,-0.0,0,0
293,0.0,0.0,0.0,1.0,-0.0,0,0
294,0.0,0.0,0.0,1.0,-0.0,0,0
295,0.0,0.0,0.0,1.0,-0.0,0,0
296,0.0,0.0,0.0,1.0,-0.0,0,0
297,0.0,0.0,0.0,1.0,-0.0,0,0
298,0.0,0.011881188118811883,0.04727657974777554,1.0,-0.0,0,0
299,0.0,0.05544554455445545,0.09384550979067555,1.0,-0.0,0,0
300,0.0,0.19207920792079206,0.1968480181280898,1.0,-0.0,0,0
301,0.0,0.2059405940594059,0.20383539378150917,1.0,-0.0,0,0
302,0.0,0.2613861386138614,0.22114477003269262,1.0,-0.0,0,0
303,0.0,0.24950495049504953,0.21691982475452123,1.0,-0.0,0,0
304,0.0,0.20594059405940596,0.18337959449964714,1.0,-0.0,0,0
305,0.0,0.06930693069306931,0.11409790329416186,1.0,-0.0,0,0
306,0.0,0.05544554455445545,0.1019369320889802,1.0,-0.0,0,0
307,0.0,0.0,0.0,1.0,-0.0,0,0
308,0.0,0.0,0.0,1.0,-0.0,0,0
309,0.0,0.0,0.0,1.0,-0.0,0,0
310,0.0,0.0,0.0,1.0,-0.0,0,0
311,0.0,0.0,0.0,1.0,-0.0,0,0
312,0.0,0.0,0.0,1.0,-0.0,0,0
313,0.0,0.0,0.0,1.0,-0.0,0,0
314,0.0,0.0,0.0,1.0,-0.0,0,0
315,0.0,0.009900990099009901,0.04338396495090424,1.0,-0.0,0,0
316,0.0,0.009900990099009901,0.04338396495090424,1.0,-0.0,0,0
317,0.0,0.009900990099009901,0.04338396495090424,1.0,-0.0,0,0
318,0.0,0.009900990099009901,0.04338396495090424,1.0,-0.0,0,0
319,0.0,0.031683168316831684,0.0730260947112308,1.0,-0.0,0,0
320,0.0,0.02772277227722772,0.06910862719451544,1.0,-0.0,0,0
321,0.0,0.03564356435643565,0.07653920035678292,1.0,-0.0,0,0
322,0.0,0.039603960396039604,0.08452453849668534,1.0,-0.0,0,0
323,0.0,0.10891089108910891,0.14494724878689189,1.0,-0.0,0,0
324,0.0,0.09306930693069305,0.1422989641443302,1.0,-0.0,0,0
325,0.0,0.0891089108910891,0.13923481846532235,1.0,-0.0,0,0
326,0.0,0.09108910891089109,0.13937555924568534,1.0,-0.0,0,0
327,0.0,0.09900990099009901,0.15057319492752774,1.0,-0.0,0,0
328,0.0,0.04752475247524753,0.08965727859541997,1.0,-0.0,0,0
329,0.0,0.04356435643564357,0.08255312311158745,1.0,-0.0,0,0
330,0.0,0.05742574257425742,0.09048443294095733,1.0,-0.0,0,0
331,0.0,0.06732673267326733,0.10634234916512914,1.0,-0.0,0,0
332,0.0,0.061386138613861385,0.10046456153636296,1.0,-0.0,0,0
333,0.0,0.049504950495049514,0.09078727434730813,1.0,-0.0,0,0
334,0.0,0.057425742574257435,0.10277971700879983,1.0,-0.0,0,0
335,0.0,0.05148514851485149,0.096075322540263,1.0,-0.0,0,0
336,0.0,0.039603960396039604,0.08452453849668534,1.0,-0.0,0,0
337,0.0,0.05346534653465348,0.10104832334394513,1.0,-0.0,0,0
338,0.0,0.04752475247524753,0.09397077637785879,1.0,-0.0,0,0
339,0.0,0.03762376237623763,0.08307396817189319,1.0,-0.0,0,0
340,0.0,0.027722772277227727,0.07461957893630407,1.0,-0.0,0,0
341,0.0,0.019801980198019802,0.06603299802191316,1.0,-0.0,0,0
342,0.0,0.0,0.0,1.0,-0.0,0,0
343,0.0,0.0,0.0,1.0,-0.0,0,0
344,0.0,0.0,0.0,1.0,-0.0,0,0
345,0.0,0.0,0.0,1.0,-0.0,0,0
346,0.0,0.0,0.0,1.0,-0.0,0,0
347,0.0,0.0,0.0,1.0,-0.0,0,0
348,0.0,0.0,0.0,1.0,-0.0,0,0
349,0.0,0.0,0.0,1.0,-0.0,0,0
350,0.0,0.0,0.0,1.0,-0.0,0,0
351,0.0,0.0,0.0,1.0,-0.0,0,0
352,0.0,0.0,0.0,1.0,-0.0,0,0
353,0.0,0.0,0.0,1.0,-0.0,0,0
354,0.0,0.0,0.0,1.0,-0.0,0,0
355,0.0,0.0,0.0,1.0,-0.0,0,0
356,0.0,0.0059405940594059415,0.033953323167291584,1.0,-0.0,0,0
357,0.0,0.041584158415841586,0.08590499787518362,1.0,-0.0,0,0
358,0.0,0.08514851485148514,0.13598641357140115,1.0,-0.0,0,0
359,0.0,0.13861386138613863,0.17964227215907683,1.0,-0.0,0,0
360,0.0,0.15148514851485145,0.1870108067964023,1.0,-0.0,0,0
361,0.0,0.16237623762376235,0.1817688038394126,1.0,-0.0,0,0
362,0.0,0.15643564356435644,0.16314716771521567,1.0,-0.0,0,0
363,0.0,0.11089108910891088,0.15018206119491914,1.0,-0.0,0,0
364,0.0,0.057425742574257435,0.10277971700879983,1.0,-0.0,0,0
365,0.0,0.04554455445544555,0.08846854615322249,1.0,-0.0,0,0
366,0.4,0.29504950495049503,0.21358618156425863,0.31158130827085034,0.5064286034972667,0,0
367,0.4,0.2871287128712871,0.19174207424808246,0.27804399208483754,0.5558864846280525,0,0
368,0.4,0.2871287128712871,0.19174207424808246,0.27804399208483754,0.5558864846280525,0,0
369,0.4,0.28910891089108914,0.19186473685210811,0.2816438985056934,0.5502996528220672,0,0
370,0.4,0.32772277227722774,0.2078264755435864,0.3640039051344769,0.4388939570947437,0,0
371,0.0,0.11485148514851487,0.1444594832462533,1.0,-0.0,0,0
372,0.0,0.09504950495049505,0.13078304733432375,1.0,-0.0,0,0
373,0.0,0.13663366336633662,0.1487391046195162,1.0,-0.0,0,0
374,0.0,0.17227722772277224,0.16417740457959706,1.0,-0.0,0,0
375,0.0,0.18019801980198016,0.17463954503246998,1.0,-0.0,0,0
376,0.0,0.12475247524752475,0.14852805221860732,1.0,-0.0,0,0
377,0.0,0.12277227722772277,0.14615954128511635,1.0,-0.0,0,0
378,0.0,0.08514851485148514,0.130031327995105,1.0,-0.0,0,0
379,0.0,0.057425742574257435,0.10277971700879983,1.0,-0.0,0,0
380,0.0,0.04554455445544555,0.09283729243351321,1.0,-0.0,0,0
381,0.4,0.21188118811881182,0.2194895647907976,0.1957019787155011,0.7084047832286672,0,0
382,0.4,0.21188118811881182,0.2194895647907976,0.1957019787155011,0.7084047832286672,0,0
383,0.4,0.20990099009900987,0.21686558801789288,0.19035869001285233,0.7204272925376379,0,0
384,0.4,0.19999999999999998,0.2048906977385796,0.16449997095772845,0.7838341743881674,0,0
385,0.4,0.16633663366336632,0.1847005753086894,0.10291903338904525,0.9875043013168711,0,0
386,0.0,0.0,0.0,1.0,-0.0,0,0
387,0.0,0.0,0.0,1.0,-0.0,0,0
388,0.0,0.0,0.0,1.0,-0.0,0,0
389,0.0,0.0,0.0,1.0,-0.0,0,0
390,0.0,0.18613861386138614,0.17407731466008644,1.0,-0.0,0,0
391,0.0,0.21584158415841584,0.19434208548729184,1.0,-0.0,0,0
392,0.0,0.21584158415841584,0.19434208548729184,1.0,-0.0,0,0
393,0.0,0.2594059405940594,0.2225763715061151,1.0,-0.0,0,0
394,0.0,0.2871287128712871,0.23448421017018475,1.0,-0.0,0,0
395,0.0,0.16237623762376235,0.17052712983454243,1.0,-0.0,0,0
396,0.0,0.13267326732673265,0.15486110729518537,1.0,-0.0,0,0
397,0.0,0.2851485148514852,0.2326711607235581,1.0,-0.0,0,0
398,0.0,0.2415841584158416,0.21857655012351093,1.0,-0.0,0,0
399,0.0,0.2633663366336634,0.2419895964858238,1.0,-0.0,0,0
400,0.0,0.20396039603960395,0.21977521913622974,1.0,-0.0,0,0
401,0.0,0.24554455445544554,0.24837083121227974,1.0,-0.0,0,0
402,0.0,0.12277227722772276,0.17112394218192714,1.0,-0.0,0,0
403,0.0,0.18217821782178217,0.1931479910747968,1.0,-0.0,0,0
404,0.0,0.14059405940594058,0.14770737583343774,1.0,-0.0,0,0
405,0.0,0.6118811881188119,0.3067837399724106,1.0,-0.0,0,0
406,0.0,0.7247524752475246,0.32923732467510375,1.0,-0.0,0,0
407,0.0,0.7663366336633662,0.3459174135177447,1.0,-0.0,0,0
408,0.0,0.873267326732673,0.3804351570694246,1.0,-0.0,0,0
409,0.0,1.2772277227722773,0.5173966033634566,1.0,-0.0,0,0
410,0.0,0.879207920792079,0.46080360965375944,1.0,-0.0,0,0
411,0.0,0.7326732673267325,0.4280068730111354,1.0,-0.0,0,0
412,0.0,0.8574257425742574,0.4479538816992203,1.0,-0.0,0,0
413,0.0,0.7128712871287127,0.3903954244011996,1.0,-0.0,0,0
414,0.0,0.3168316831683169,0.24898578707326588,1.0,-0.0,0,0
415,0.0,0.2435643564356436,0.19213023717381658,1.0,-0.0,0,0
416,0.0,0.23366336633663365,0.1910249725641211,1.0,-0.0,0,0
417,0.0,0.03762376237623763,0.08771182015980238,1.0,-0.0,0,0
418,0.0,0.015841584158415842,0.05401260078014202,1.0,-0.0,0,0
419,0.0,0.0039603960396039604,0.027863855998951064,1.0,-0.0,0,0
420,0.0,0.0039603960396039604,0.027863855998951064,1.0,-0.0,0,0
421,0.0,0.2178217821782178,0.22532530481702062,1.0,-0.0,0,0
422,0.0,0.2178217821782178,0.22532530481702062,1.0,-0.0,0,0
423,0.0,0.2653465346534653,0.24064091138159704,1.0,-0.0,0,0
424,0.0,0.2673267326732673,0.24255607125200096,1.0,-0.0,0,0
425,0.0,0.2673267326732673,0.24255607125200096,1.0,-0.0,0,0
426,0.0,0.05346534653465347,0.09704990696905227,1.0,-0.0,0,0
427,0.0,0.09702970297029703,0.13084299831035082,1.0,-0.0,0,0
428,0.0,0.3603960396039603,0.23550207916544172,1.0,-0.0,0,0
429,0.0,0.3544554455445544,0.24026583976394725,1.0,-0.0,0,0
430,0.0,0.3544554455445544,0.24026583976394725,1.0,-0.0,0,0
431,0.0,0.4455445544554455,0.26081545863013,1.0,-0.0,0,0
432,0.0,0.48712871287128706,0.312658155254038,1.0,-0.0,0,0
433,0.4,0.499009900990099,0.29601145599484524,1.0,-0.0,0,0
434,0.4,0.5881188118811881,0.32190249083613687,1.0,-0.0,0,0
435,0.4,0.700990099009901,0.34425843662733835,1.0,-0.0,0,0
436,0.4,0.6732673267326731,0.3443723201319346,1.0,-0.0,0,0
437,0.4,0.5881188118811882,0.32066982146530154,1.0,-0.0,0,0
438,0.0,0.26534653465346536,0.22534270647011964,1.0,-0.0,0,0
439,0.0,0.23366336633663365,0.21261093911238885,1.0,-0.0,0,0
440,0.0,0.14455445544554452,0.14383382017690996,1.0,-0.0,0,0
441,0.0,0.07920792079207921,0.11285391563386142,1.0,-0.0,0,0
442,0.0,0.11683168316831682,0.149632756335149,1.0,-0.0,0,0
443,0.0,0.23366336633663365,0.24221634537104506,1.0,-0.0,0,0
444,0.0,0.17821782178217818,0.2066249102692369,1.0,-0.0,0,0
445,0.0,0.2059405940594059,0.23790412503476682,1.0,-0.0,0,0
446,0.0,0.2356435643564356,0.25234902688434047,1.0,-0.0,0,0
447,0.0,0.25346534653465347,0.2623444778087793,1.0,-0.0,0,0
448,0.0,0.27128712871287125,0.21356782198356852,1.0,-0.0,0,0
449,0.0,0.29306930693069305,0.22438361147271751,1.0,-0.0,0,0
450,0.0,0.2495049504950495,0.20567385619958475,1.0,-0.0,0,0
451,0.0,0.26732673267326734,0.22030982274568575,1.0,-0.0,0,0
452,0.0,0.2316831683168317,0.2024262207946621,1.0,-0.0,0,0
453,0.0,0.09702970297029703,0.1367627457412436,1.0,-0.0,0,0
454,0.0,0.07524752475247524,0.12219602867755656,1.0,-0.0,0,0
455,0.0,0.0712871287128713,0.11801714396634726,1.0,-0.0,0,0
456,0.0,0.033663366336633666,0.07994704648786674,1.0,-0.0,0,0
457,0.0,0.017821782178217824,0.056980176514606566,1.0,-0.0,0,0
458,0.0,0.021782178217821784,0.06230547612891991,1.0,-0.0,0,0
459,0.0,0.023762376237623766,0.06471340450838889,1.0,-0.0,0,0
460,0.0,0.1801980198019802,0.18985132378941597,1.0,-0.0,0,0
461,0.4,0.19405940594059404,0.19590954781832298,0.1465828121203775,0.8339169508333453,0,0
462,0.4,0.2712871287128713,0.2226468293652734,0.28159718279473855,0.550371694355279,0,0
463,0.4,0.26732673267326734,0.21850477978825703,0.2718634007720227,0.5656492547612122,0,0
464,0.4,0.2792079207920792,0.23391495098367845,0.30278992327824306,0.5188585820698315,0,0
465,0.4,0.15247524752475247,0.1519471373722842,0.05165451324713222,1.286891726560763,0,0
466,0.0,0.16633663366336632,0.1642729120947021,1.0,-0.0,0,0
467,0.0,0.08316831683168316,0.11351216354824961,1.0,-0.0,0,0
468,0.0,0.16831683168316827,0.16823527435849067,1.0,-0.0,0,0
469,0.0,0.17425742574257427,0.1680720409815679,1.0,-0.0,0,0
470,0.0,0.14257425742574256,0.15501295675866078,1.0,-0.0,0,0
471,0.0,0.10297029702970295,0.1367627457412436,1.0,-0.0,0,0
472,0.0,0.10297029702970295,0.1367627457412436,1.0,-0.0,0,0
473,0.0,0.019801980198019802,0.06603299802191316,1.0,-0.0,0,0
474,0.0,0.0,0.0,1.0,-0.0,0,0
475,0.0,0.0,0.0,1.0,-0.0,0,0
476,0.0,0.0,0.0,1.0,-0.0,0,0
477,0.0,0.0,0.0,1.0,-0.0,0,0
478,0.0,0.0,0.0,1.0,-0.0,0,0
479,0.0,0.0,0.0,1.0,-0.0,0,0
480,0.0,0.0,0.0,1.0,-0.0,0,0
481,0.0,0.0,0.0,1.0,-0.0,0,0
482,0.0,0.0,0.0,1.0,-0.0,0,0
483,0.0,0.0,0.0,1.0,-0.0,0,0
484,0.0,0.0,0.0,1.0,-0.0,0,0
485,0.0,0.0,0.0,1.0,-0.0,0,0
486,0.0,0.0,0.0,1.0,-0.0,0,0
487,0.0,0.0,0.0,1.0,-0.0,0,0
488,0.0,0.0,0.0,1.0,-0.0,0,0
489,0.0,0.0,0.0,1.0,-0.0,0,0
490,0.0,0.0,0.0,1.0,-0.0,0,0
491,0.0,0.0,0.0,1.0,-0.0,0,0
492,0.0,0.0019801980198019802,0.019801980198019802,1.0,-0.0,0,0
493,0.0,0.0019801980198019802,0.019801980198019802,1.0,-0.0,0,0
494,0.0,0.0019801980198019802,0.019801980198019802,1.0,-0.0,0,0
495,0.0,0.0019801980198019802,0.019801980198019802,1.0,-0.0,0,0
496,0.0,0.0019801980198019802,0.019801980198019802,1.0,-0.0,0,0
497,0.0,0.0,0.0,1.0,-0.0,0,0
498,0.0,0.0,0.0,1.0,-0.0,0,0
499,0.0,0.021782178217821784,0.06230547612891991,1.0,-0.0,0,0
500,0.0,0.03762376237623763,0.09211646217515253,1.0,-0.0,0,0
501,0.0,0.03762376237623763,0.09211646217515253,1.0,-0.0,0,0
502,0.0,0.03762376237623763,0.09211646217515253,1.0,-0.0,0,0
503,0.0,0.03762376237623763,0.09211646217515253,1.0,-0.0,0,0
504,0.0,0.015841584158415842,0.05401260078014202,1.0,-0.0,0,0
505,0.0,0.0,0.0,1.0,-0.0,0,0
506,0.0,0.0,0.0,1.0,-0.0,0,0
507,0.0,0.0039603960396039604,0.027863855998951068,1.0,-0.0,0,0
508,0.0,0.0039603960396039604,0.027863855998951068,1.0,-0.0,0,0
509,0.0,0.009900990099009901,0.0517131281473291,1.0,-0.0,0,0
510,0.0,0.027722772277227727,0.07461957893630407,1.0,-0.0,0,0
511,0.0,0.04752475247524753,0.08965727859541997,1.0,-0.0,0,0
512,0.0,0.04356435643564357,0.08255312311158745,1.0,-0.0,0,0
513,0.0,0.047524752475247525,0.08512548617902845,1.0,-0.0,0,0
514,0.4,0.15445544554455448,0.17773311423617327,0.08355723046873688,1.078015963283379,0,0
515,2.4,0.3663366336633664,0.2700484839940407,2.5237893421883587e-14,13.597946897979106,0,0
516,2.4,0.3643564356435644,0.2705272294326822,2.6425283693881933e-14,13.577980341540835,1,0
517,2.8,0.5386138613861386,0.31053141835901243,1.6408563048111988e-13,12.784929449879291,0,0
518,3.2,0.697029702970297,0.351081905070923,5.043916042828945e-13,12.297232150972778,0,0
519,3.6,0.7821782178217822,0.3670584272707646,8.167731198760272e-15,14.087898563381488,0,0
520,1.6,0.5702970297029704,0.3201313327201777,0.0006488188637811552,3.187876531921178,0,0
521,1.6,0.5524752475247525,0.3123193527468099,0.00039823580773147,3.399859692573249,0,0
522,1.2,0.3841584158415841,0.2665261205289701,0.0011029245796839403,2.9574541845198983,0,0
523,0.8,0.21980198019801983,0.20586441850878456,0.0024135566666142055,2.617342500156268,0,0
524,0.0,0.023762376237623766,0.06471340450838887,1.0,-0.0,0,0
525,0.0,0.0059405940594059415,0.033953323167291584,1.0,-0.0,0,0
526,0.0,0.0059405940594059415,0.033953323167291584,1.0,-0.0,0,0
527,0.0,0.03564356435643565,0.08154954567118415,1.0,-0.0,0,0
528,0.0,0.03564356435643565,0.08154954567118415,1.0,-0.0,0,0
529,0.0,0.03564356435643565,0.08154954567118415,1.0,-0.0,0,0
530,0.0,0.03564356435643565,0.08154954567118415,1.0,-0.0,0,0
531,0.4,0.06534653465346535,0.1164113937164283,0.0020217479758393043,2.69427298302989,0,0
532,0.4,0.041584158415841586,0.09467748980500532,7.665365490325868e-05,4.115467132832116,0,0
533,0.8,0.04752475247524753,0.09809478080396702,8.549687794864036e-15,14.068049743920174,0,0
534,1.2,0.05544554455445544,0.10575073206193021,1.0000000001337343e-17,16.99999999994192,0,0
535,1.2,0.05544554455445544,0.10575073206193021,1.0000000001337343e-17,16.99999999994192,0,0
536,0.8,0.025742574257425748,0.06697637435757531,1.0000000000000329e-17,16.999999999999986,0,0
537,0.8,0.025742574257425745,0.07264925278354116,1.0000000008045538e-17,16.999999999650587,0,0
538,0.4,0.021782178217821784,0.06230547612891991,6.380457231764126e-10,9.195148198063018,0,0
539,0.0,0.01386138613861386,0.05079507064705211,1.0,-0.0,0,0
540,0.0,0.01386138613861386,0.05079507064705211,1.0,-0.0,0,0
541,0.0,0.021782178217821784,0.06836703565002801,1.0,-0.0,0,0
542,0.0,0.011881188118811883,0.04727657974777555,1.0,-0.0,0,0
543,0.0,0.009900990099009901,0.04338396495090425,1.0,-0.0,0,0
544,0.0,0.009900990099009901,0.04338396495090425,1.0,-0.0,0,0
545,0.0,0.009900990099009901,0.04338396495090425,1.0,-0.0,0,0
546,0.0,0.0019801980198019802,0.0198019801980198,1.0,-0.0,0,0
547,0.0,0.0,0.0,1.0,-0.0,0,0
548,0.0,0.013861386138613863,0.05079507064705211,1.0,-0.0,0,0
549,0.0,0.023762376237623766,0.06471340450838887,1.0,-0.0,0,0
550,0.0,0.03762376237623763,0.07816140339006158,1.0,-0.0,0,0
551,0.0,0.03762376237623763,0.07816140339006158,1.0,-0.0,0,0
552,0.0,0.049504950495049514,0.08631483056516186,1.0,-0.0,0,0
553,0.0,0.03564356435643565,0.07653920035678292,1.0,-0.0,0,0
554,0.0,0.025742574257425748,0.06697637435757531,1.0,-0.0,0,0
555,0.0,0.015841584158415842,0.06090517425437506,1.0,-0.0,0,0
556,0.0,0.015841584158415842,0.06090517425437506,1.0,-0.0,0,0
557,0.0,0.0039603960396039604,0.027863855998951068,1.0,-0.0,0,0
558,0.0,0.0039603960396039604,0.027863855998951068,1.0,-0.0,0,0
559,0.0,0.0039603960396039604,0.027863855998951068,1.0,-0.0,0,0
560,0.0,0.0,0.0,1.0,-0.0,0,0
561,0.0,0.0,0.0,1.0,-0.0,0,0
562,0.0,0.0,0.0,1.0,-0.0,0,0
563,0.0,0.0,0.0,1.0,-0.0,0,0
564,0.0,0.0,0.0,1.0,-0.0,0,0
565,0.0,0.0,0.0,1.0,-0.0,0,0
566,0.0,0.0,0.0,1.0,-0.0,0,0
567,0.0,0.0,0.0,1.0,-0.0,0,0
568,0.0,0.0,0.0,1.0,-0.0,0,0
569,0.0,0.015841584158415842,0.05401260078014202,1.0,-0.0,0,0
570,1.6,0.15643564356435644,0.16555687101844338,1.1397819497429381e-17,16.943178225050477,0,0
571,1.6,0.1584158415841584,0.16486858056632595,1.1126612416800481e-17,16.953637039854712,0,0
572,3.2,0.36831683168316837,0.26808107723992786,1.0000000022165186e-17,16.999999999037378,0,0
573,3.2,0.36831683168316837,0.26808107723992786,1.0000000022165186e-17,16.999999999037378,0,0
574,3.2,0.35247524752475257,0.2672166990268387,1.0000000008153023e-17,16.99999999964592,0,0
575,1.6,0.21386138613861383,0.22027422287104986,1.5590874350415243e-10,9.807129528498605,0,0
576,1.6,0.22376237623762374,0.22565570675343685,5.342110503541668e-10,9.272287132678926,0,0
577,0.0,0.04356435643564357,0.09164702150816742,1.0,-0.0,0,0
578,0.0,0.08910891089108909,0.13042276277287215,1.0,-0.0,0,0
579,0.0,0.11485148514851484,0.14169143619800648,1.0,-0.0,0,0
580,0.4,0.1603960396039604,0.18025241263723207,0.09187960420002912,1.036780884331534,0,0
581,0.4,0.1485148514851485,0.1726977909735853,0.0726665692233143,1.1386653434885248,0,0
582,0.4,0.13465346534653466,0.1594766462708981,0.04807037933792434,1.318122450708522,0,0
583,0.8,0.12079207920792079,0.16429678029854689,1.7822797487244644e-05,4.749024127576368,0,0
584,0.8,0.11485148514851483,0.16493991622145585,1.6340811672434342e-05,4.78672637521459,0,0
585,0.4,0.09306930693069305,0.1450554183905936,0.01717433061606676,1.7651201809300558,0,0
586,0.4,0.09306930693069305,0.1450554183905936,0.01717433061606676,1.7651201809300558,0,0
587,0.4,0.0792079207920792,0.11631029826208643,0.0029071769637802705,2.536528531334455,0,0
588,0.0,0.047524752475247525,0.09397077637785882,1.0,-0.0,0,0
589,0.0,0.027722772277227727,0.06910862719451544,1.0,-0.0,0,0
590,0.0,0.0039603960396039604,0.027863855998951064,1.0,-0.0,0,0
591,0.0,0.0039603960396039604,0.027863855998951064,1.0,-0.0,0,0
592,0.0,0.0,0.0,1.0,-0.0,0,0
593,0.0,0.033663366336633666,0.08475617647141663,1.0,-0.0,0,0
594,0.0,0.1267326732673267,0.1609938742509136,1.0,-0.0,0,0
595,0.0,0.16633663366336632,0.17591471140208167,1.0,-0.0,0,0
596,0.0,0.20990099009900992,0.20368143953463433,1.0,-0.0,0,0
597,0.4,0.27920792079207923,0.22704159852770053,0.2973539243021146,0.5267263255638716,0,0
598,0.4,0.2455445544554456,0.210386138380886,0.2314279922964802,0.6355841122613194,0,0
599,0.4,0.16237623762376235,0.17511042352027043,0.08739158722826525,1.0585303728140476,0,0
600,0.4,0.1227722772277228,0.14342430861173722,0.026623023330564047,1.5747426272526066,0,0
601,0.4,0.07920792079207921,0.12293186689242579,0.00453358435601149,2.3435582989790555,0,0
602,0.0,0.009900990099009901,0.04338396495090424,1.0,-0.0,0,0
603,0.0,0.009900990099009901,0.04338396495090424,1.0,-0.0,0,0
604,0.0,0.0,0.0,1.0,-0.0,0,0
605,0.0,0.0,0.0,1.0,-0.0,0,0
606,0.0,0.0,0.0,1.0,-0.0,0,0
607,0.0,0.0,0.0,1.0,-0.0,0,0
608,0.0,0.0,0.0,1.0,-0.0,0,0
609,0.0,0.0,0.0,1.0,-0.0,0,0
610,0.0,0.0,0.0,1.0,-0.0,0,0
611,0.0,0.0,0.0,1.0,-0.0,0,0
612,0.0,0.0,0.0,1.0,-0.0,0,0
613,0.0,0.0,0.0,1.0,-0.0,0,0
614,0.0,0.0,0.0,1.0,-0.0,0,0
615,0.0,0.0,0.0,1.0,-0.0,0,0
616,0.0,0.0,0.0,1.0,-0.0,0,0
617,0.0,0.0,0.0,1.0,-0.0,0,0
618,0.0,0.0,0.0,1.0,-0.0,0,0
619,0.0,0.0,0.0,1.0,-0.0,0,0
620,0.0,0.0,0.0,1.0,-0.0,0,0
621,0.0,0.011881188118811883,0.047276579747775535,1.0,-0.0,0,0
622,0.0,0.011881188118811883,0.047276579747775535,1.0,-0.0,0,0
623,0.0,0.011881188118811883,0.047276579747775535,1.0,-0.0,0,0
624,0.0,0.011881188118811883,0.047276579747775535,1.0,-0.0,0,0
625,0.0,0.011881188118811883,0.047276579747775535,1.0,-0.0,0,0
626,0.0,0.0,0.0,1.0,-0.0,0,0
627,0.0,0.0,0.0,1.0,-0.0,0,0
628,0.0,0.0,0.0,1.0,-0.0,0,0
629,0.0,0.0,0.0,1.0,-0.0,0,0
630,0.0,0.0,0.0,1.0,-0.0,0,0
631,0.0,0.0,0.0,1.0,-0.0,0,0
632,0.0,0.0,0.0,1.0,-0.0,0,0
633,0.0,0.015841584158415842,0.05401260078014202,1.0,-0.0,0,0
634,0.0,0.015841584158415842,0.05401260078014202,1.0,-0.0,0,0
635,0.0,0.015841584158415842,0.05401260078014202,1.0,-0.0,0,0
636,0.0,0.015841584158415842,0.05401260078014202,1.0,-0.0,0,0
637,0.0,0.015841584158415842,0.05401260078014202,1.0,-0.0,0,0
638,0.0,0.0,0.0,1.0,-0.0,0,0
639,0.0,0.0,0.0,1.0,-0.0,0,0
640,0.0,0.0,0.0,1.0,-0.0,0,0
641,0.0,0.0,0.0,1.0,-0.0,0,0
642,0.0,0.0,0.0,1.0,-0.0,0,0
643,0.0,0.0059405940594059415,0.03395332316729157,1.0,-0.0,0,0
644,0.0,0.0059405940594059415,0.03395332316729157,1.0,-0.0,0,0
645,0.0,0.0059405940594059415,0.03395332316729157,1.0,-0.0,0,0
646,0.0,0.0059405940594059415,0.03395332316729157,1.0,-0.0,0,0
647,0.0,0.0059405940594059415,0.03395332316729157,1.0,-0.0,0,0
648,0.0,0.0,0.0,1.0,-0.0,0,0
649,0.0,0.0,0.0,1.0,-0.0,0,0
650,0.0,0.0,0.0,1.0,-0.0,0,0
651,0.0,0.0019801980198019802,0.019801980198019802,1.0,-0.0,0,0
652,0.0,0.0297029702970297,0.08150144802873932,1.0,-0.0,0,0
653,0.0,0.049504950495049514,0.09912864166957489,1.0,-0.0,0,0
654,0.0,0.07722772277227724,0.11593886073904515,1.0,-0.0,0,0
655,0.0,0.11287128712871286,0.15002532217723416,1.0,-0.0,0,0
656,0.0,0.12673267326732673,0.15083338726765974,1.0,-0.0,0,0
657,0.0,0.19801980198019803,0.16043270574676513,1.0,-0.0,0,0
658,0.0,0.18019801980198016,0.15544239134091375,1.0,-0.0,0,0
659,0.0,0.15247524752475247,0.14931796056640678,1.0,-0.0,0,0
660,0.4,0.13663366336633662,0.15137833547418927,0.04094805258795717,1.3877667476377513,0,0
661,0.4,0.1485148514851485,0.16567525277902487,0.06451472041088833,1.1903411804993722,0,0
662,0.4,0.1485148514851485,0.1749760161138576,0.07532277959738859,1.1230736618161026,0,0
663,0.8,0.27722772277227725,0.22859068357565782,0.011099777733105214,1.9546857176324761,0,0
664,0.8,0.3267326732673267,0.24811810071567658,0.028232615594158975,1.5492488850309285,0,0
665,0.8,0.4237623762376238,0.2703677418113619,0.0820252118871251,1.0860526390730898,0,0
666,0.8,0.40990099009900993,0.2569836264364822,0.06450824654216926,1.1903847629022577,0,0
667,0.8,0.31782178217821777,0.21818152112220707,0.013553049362836998,1.8679629798848028,0,0
668,0.4,0.1861386138613861,0.17178717143997088,0.10658047148821849,0.9723223628689984,0,0
669,0.4,0.14059405940594058,0.15297590428378585,0.0449684438129111,1.3470921414549526,0,0
670,0.0,0.0297029702970297,0.07112192077650681,1.0,-0.0,0,0
671,0.0,0.015841584158415842,0.05401260078014202,1.0,-0.0,0,0
672,0.0,0.009900990099009901,0.04338396495090424,1.0,-0.0,0,0
673,0.0,0.015841584158415842,0.05401260078014202,1.0,-0.0,0,0
674,0.0,0.013861386138613863,0.05079507064705211,1.0,-0.0,0,0
675,0.0,0.0059405940594059415,0.033953323167291584,1.0,-0.0,0,0
676,0.0,0.0059405940594059415,0.033953323167291584,1.0,-0.0,0,0
677,0.0,0.0059405940594059415,0.033953323167291584,1.0,-0.0,0,0
678,0.0,0.0,0.0,1.0,-0.0,0,0
679,0.0,0.0059405940594059415,0.03395332316729158,1.0,-0.0,0,0
680,0.0,0.0059405940594059415,0.03395332316729158,1.0,-0.0,0,0
681,0.0,0.0059405940594059415,0.03395332316729158,1.0,-0.0,0,0
682,0.0,0.0059405940594059415,0.03395332316729158,1.0,-0.0,0,0
683,0.4,0.009900990099009901,0.04338396495090424,1.0121630622599334e-17,16.99474951582134,0,0
684,0.4,0.0039603960396039604,0.02786385599895107,1e-17,17.0,0,0
685,0.4,0.019801980198019802,0.0597350618970232,9.78116791754024e-11,10.009609285308553,0,0
686,0.8,0.3841584158415843,0.30660474548500727,0.0875052038571766,1.0579661191004892,0,0
687,1.6,0.7207920792079208,0.37872031313467386,0.010129316886795563,1.9944198421321826,0,0
688,1.2,0.885148514851485,0.41300304187354864,0.22292656937997624,0.6518381672871326,1,0
689,1.2,0.8891089108910889,0.4121666946491696,0.22533910185513106,0.6471634410038295,1,0
690,1.2,0.8732673267326732,0.41047933562124855,0.21302230326480615,0.6715749238957781,0,0
691,0.8,0.5188118811881188,0.3007294337674397,0.17488892456121014,0.7572376928326602,0,0
692,0.0,0.18217821782178212,0.1868954489346046,1.0,-0.0,0,0
693,0.0,0.01386138613861386,0.05079507064705211,1.0,-0.0,0,0
694,0.0,0.015841584158415842,0.054012600780142014,1.0,-0.0,0,0
695,0.0,0.021782178217821784,0.06230547612891991,1.0,-0.0,0,0
696,0.0,0.023762376237623766,0.06471340450838887,1.0,-0.0,0,0
697,0.8,0.3514851485148516,0.27017187832718514,0.04844623180574711,1.3147399971398128,0,0
698,2.0,0.4376237623762377,0.2987934433878814,8.523732507016695e-08,7.069370187835055,0,0
699,2.4,0.43960396039603966,0.29787338925106954,2.3316633960544592e-11,10.632334145074017,0,0
700,2.4,0.47920792079207936,0.3084027300424837,2.3592107363917827e-10,9.627233264046842,0,0
701,2.4,0.4673267326732674,0.3060799451936056,1.3571454196694373e-10,9.867373614701123,0,0
702,1.6,0.1396039603960396,0.16294274516570859,1.015850800854282e-17,16.993170072685775,0,0
703,0.4,0.05346534653465348,0.09704990696905226,0.00017802439318403976,3.7495204858967237,0,0
704,0.0,0.04554455445544555,0.09283729243351323,1.0,-0.0,0,0
705,0.0,0.0,0.0,1.0,-0.0,0,0
706,0.4,0.015841584158415842,0.05401260078014202,5.702824897715459e-13,12.243909962997291,0,0
707,0.4,0.015841584158415842,0.05401260078014202,5.702824897715459e-13,12.243909962997291,0,0
708,0.4,0.039603960396039604,0.08452453849668534,1.0048801267895168e-05,4.9978857426005865,0,0
709,0.8,0.09306930693069305,0.12448501897427097,6.7805028988903695e-09,8.168738094021812,0,0
710,0.8,0.11287128712871286,0.1390657415135005,3.8854453988570007e-07,6.41055918968714,0,0
711,0.4,0.097029702970297,0.127780323207142,0.008869423821936553,2.0521045920150787,0,0
712,0.4,0.097029702970297,0.127780323207142,0.008869423821936553,2.0521045920150787,0,0
713,0.4,0.08514851485148513,0.130031327995105,0.007731469484087688,2.111737953924119,0,0
714,0.0,0.031683168316831684,0.0730260947112308,1.0,-0.0,0,0
715,0.0,0.011881188118811883,0.047276579747775535,1.0,-0.0,0,0
716,0.0,0.01386138613861386,0.0580708051430304,1.0,-0.0,0,0
717,0.0,0.021782178217821784,0.06836703565002801,1.0,-0.0,0,0
718,0.0,0.009900990099009901,0.04338396495090425,1.0,-0.0,0,0
719,0.0,0.009900990099009901,0.04338396495090425,1.0,-0.0,0,0
720,0.0,0.009900990099009901,0.04338396495090425,1.0,-0.0,0,0
721,0.0,0.007920792079207921,0.03900537743285587,1.0,-0.0,0,0
722,0.0,0.0,0.0,1.0,-0.0,0,0
723,0.0,0.0,0.0,1.0,-0.0,0,0
724,0.0,0.0,0.0,1.0,-0.0,0,0
725,0.0,0.0,0.0,1.0,-0.0,0,0
726,0.0,0.0,0.0,1.0,-0.0,0,0
727,0.0,0.0,0.0,1.0,-0.0,0,0
728,0.0,0.0,0.0,1.0,-0.0,0,0
729,0.0,0.0,0.0,1.0,-0.0,0,0
730,0.0,0.0,0.0,1.0,-0.0,0,0
731,0.0,0.0,0.0,1.0,-0.0,0,0
732,0.0,0.0,0.0,1.0,-0.0,0,0
733,0.0,0.0,0.0,1.0,-0.0,0,0
734,0.0,0.0,0.0,1.0,-0.0,0,0
735,0.0,0.0,0.0,1.0,-0.0,0,0
736,0.0,0.0,0.0,1.0,-0.0,0,0
737,0.0,0.0,0.0,1.0,-0.0,0,0
738,0.0,0.0,0.0,1.0,-0.0,0,0
739,0.0,0.0,0.0,1.0,-0.0,0,0
740,0.0,0.0,0.0,1.0,-0.0,0,0
741,0.0,0.0,0.0,1.0,-0.0,0,0
742,0.0,0.0,0.0,1.0,-0.0,0,0
743,0.0,0.0,0.0,1.0,-0.0,0,0
744,0.0,0.0,0.0,1.0,-0.0,0,0
745,0.0,0.0,0.0,1.0,-0.0,0,0
746,0.0,0.0,0.0,1.0,-0.0,0,0
747,0.0,0.0,0.0,1.0,-0.0,0,0
748,0.0,0.0,0.0,1.0,-0.0,0,0
749,0.0,0.0059405940594059415,0.03395332316729158,1.0,-0.0,0,0
750,0.0,0.0059405940594059415,0.03395332316729158,1.0,-0.0,0,0
751,0.0,0.0059405940594059415,0.03395332316729158,1.0,-0.0,0,0
752,0.0,0.0059405940594059415,0.03395332316729158,1.0,-0.0,0,0
753,0.0,0.0059405940594059415,0.03395332316729158,1.0,-0.0,0,0
754,0.0,0.0,0.0,1.0,-0.0,0,0
755,0.0,0.0,0.0,1.0,-0.0,0,0
756,0.0,0.0,0.0,1.0,-0.0,0,0
757,0.0,0.0,0.0,1.0,-0.0,0,0
758,0.0,0.0,0.0,1.0,-0.0,0,0
759,0.0,0.0,0.0,1.0,-0.0,0,0
760,0.0,0.0,0.0,1.0,-0.0,0,0
761,0.0,0.0,0.0,1.0,-0.0,0,0
762,0.0,0.0,0.0,1.0,-0.0,0,0
763,0.0,0.05544554455445545,0.09797478714338996,1.0,-0.0,0,0
764,0.0,0.05544554455445545,0.09797478714338996,1.0,-0.0,0,0
765,0.0,0.05544554455445545,0.09797478714338996,1.0,-0.0,0,0
766,0.0,0.061386138613861385,0.10806149425459212,1.0,-0.0,0,0
767,0.0,0.06930693069306931,0.12084076279122662,1.0,-0.0,0,0
768,0.0,0.013861386138613863,0.05807080514303042,1.0,-0.0,0,0
769,0.0,0.06336633663366337,0.11580349716604711,1.0,-0.0,0,0
770,0.0,0.06336633663366337,0.11580349716604711,1.0,-0.0,0,0
771,0.0,0.057425742574257435,0.10656335878870264,1.0,-0.0,0,0
772,0.0,0.049504950495049514,0.10304643034659554,1.0,-0.0,0,0
773,0.0,0.049504950495049514,0.10304643034659554,1.0,-0.0,0,0
774,0.0,0.0,0.0,1.0,-0.0,0,0
775,0.0,0.0,0.0,1.0,-0.0,0,0
776,0.0,0.0,0.0,1.0,-0.0,0,0
777,0.0,0.0,0.0,1.0,-0.0,0,0
778,0.0,0.0,0.0,1.0,-0.0,0,0
779,0.0,0.0,0.0,1.0,-0.0,0,0
780,0.0,0.0,0.0,1.0,-0.0,0,0
781,0.0,0.0,0.0,1.0,-0.0,0,0
782,0.0,0.0,0.0,1.0,-0.0,0,0
783,0.0,0.0059405940594059415,0.03395332316729158,1.0,-0.0,0,0
784,0.0,0.0059405940594059415,0.03395332316729158,1.0,-0.0,0,0
785,0.0,0.0059405940594059415,0.03395332316729158,1.0,-0.0,0,0
786,0.0,0.0059405940594059415,0.03395332316729158,1.0,-0.0,0,0
787,0.0,0.0059405940594059415,0.03395332316729158,1.0,-0.0,0,0
788,0.0,0.0,0.0,1.0,-0.0,0,0
789,0.0,0.0,0.0,1.0,-0.0,0,0
790,0.0,0.0,0.0,1.0,-0.0,0,0
791,0.0,0.0,0.0,1.0,-0.0,0,0
792,0.0,0.0,0.0,1.0,-0.0,0,0
793,0.0,0.0,0.0,1.0,-0.0,0,0
794,0.0,0.0,0.0,1.0,-0.0,0,0
795,0.0,0.0,0.0,1.0,-0.0,0,0
796,0.0,0.0,0.0,1.0,-0.0,0,0
797,0.0,0.0,0.0,1.0,-0.0,0,0
798,0.0,0.0,0.0,1.0,-0.0,0,0
799,0.0,0.0,0.0,1.0,-0.0,0,0
800,0.0,0.0,0.0,1.0,-0.0,0,0
801,0.0,0.0,0.0,1.0,-0.0,0,0
802,0.0,0.0,0.0,1.0,-0.0,0,0
803,0.0,0.0,0.0,1.0,-0.0,0,0
804,0.0,0.0,0.0,1.0,-0.0,0,0
805,0.0,0.0,0.0,1.0,-0.0,0,0
806,0.0,0.0,0.0,1.0,-0.0,0,0
807,0.0,0.0,0.0,1.0,-0.0,0,0
808,0.0,0.0,0.0,1.0,-0.0,0,0
809,0.0,0.0,0.0,1.0,-0.0,0,0
810,0.0,0.0,0.0,1.0,-0.0,0,0
811,0.0,0.0,0.0,1.0,-0.0,0,0
812,0.0,0.0,0.0,1.0,-0.0,0,0
813,0.0,0.0,0.0,1.0,-0.0,0,0
814,0.0,0.0,0.0,1.0,-0.0,0,0
815,0.0,0.0,0.0,1.0,-0.0,0,0
816,0.0,0.0,0.0,1.0,-0.0,0,0
817,0.0,0.0,0.0,1.0,-0.0,0,0
818,0.0,0.0,0.0,1.0,-0.0,0,0
819,0.0,0.0,0.0,1.0,-0.0,0,0
820,0.0,0.0,0.0,1.0,-0.0,0,0
821,0.0,0.0,0.0,1.0,-0.0,0,0
822,0.0,0.0,0.0,1.0,-0.0,0,0
823,0.0,0.0,0.0,1.0,-0.0,0,0
824,0.0,0.0,0.0,1.0,-0.0,0,0
825,0.0,0.0,0.0,1.0,-0.0,0,0
826,0.0,0.0,0.0,1.0,-0.0,0,0
827,0.0,0.0,0.0,1.0,-0.0,0,0
828,0.0,0.0,0.0,1.0,-0.0,0,0
829,0.0,0.0,0.0,1.0,-0.0,0,0
830,0.0,0.0,0.0,1.0,-0.0,0,0
831,0.0,0.0,0.0,1.0,-0.0,0,0
832,0.0,0.0,0.0,1.0,-0.0,0,0
833,0.0,0.0,0.0,1.0,-0.0,0,0
834,0.0,0.0,0.0,1.0,-0.0,0,0
835,0.0,0.0,0.0,1.0,-0.0,0,0
836,0.0,0.0,0.0,1.0,-0.0,0,0
837,0.0,0.0,0.0,1.0,-0.0,0,0
838,0.0,0.0059405940594059415,0.03395332316729158,1.0,-0.0,0,0
839,0.0,0.0059405940594059415,0.03395332316729158,1.0,-0.0,0,0
840,0.0,0.0059405940594059415,0.03395332316729158,1.0,-0.0,0,0
841,0.0,0.0059405940594059415,0.03395332316729158,1.0,-0.0,0,0
842,0.0,0.0059405940594059415,0.03395332316729158,1.0,-0.0,0,0
843,0.0,0.0,0.0,1.0,-0.0,0,0
844,0.0,0.0,0.0,1.0,-0.0,0,0
845,0.0,0.0,0.0,1.0,-0.0,0,0
846,0.0,0.0,0.0,1.0,-0.0,0,0
847,0.0,0.0,0.0,1.0,-0.0,0,0
848,0.0,0.0059405940594059415,0.033953323167291584,1.0,-0.0,0,0
849,0.0,0.0059405940594059415,0.033953323167291584,1.0,-0.0,0,0
850,0.0,0.0059405940594059415,0.033953323167291584,1.0,-0.0,0,0
851,0.0,0.0059405940594059415,0.033953323167291584,1.0,-0.0,0,0
852,0.0,0.0059405940594059415,0.033953323167291584,1.0,-0.0,0,0
853,0.0,0.0,0.0,1.0,-0.0,0,0
854,0.0,0.0,0.0,1.0,-0.0,0,0
855,0.0,0.0,0.0,1.0,-0.0,0,0
856,0.0,0.0,0.0,1.0,-0.0,0,0
857,0.0,0.0,0.0,1.0,-0.0,0,0
858,0.0,0.0,0.0,1.0,-0.0,0,0
859,0.0,0.0,0.0,1.0,-0.0,0,0
860,0.0,0.0,0.0,1.0,-0.0,0,0
861,0.0,0.0,0.0,1.0,-0.0,0,0
862,0.0,0.0,0.0,1.0,-0.0,0,0
863,0.0,0.0,0.0,1.0,-0.0,0,0
864,0.0,0.0,0.0,1.0,-0.0,0,0
865,0.0,0.0,0.0,1.0,-0.0,0,0
866,0.0,0.0,0.0,1.0,-0.0,0,0
867,0.0,0.0,0.0,1.0,-0.0,0,0
868,0.0,0.0,0.0,1.0,-0.0,0,0
869,0.0,0.0,0.0,1.0,-0.0,0,0
870,0.0,0.0,0.0,1.0,-0.0,0,0
871,0.0,0.0,0.0,1.0,-0.0,0,0
872,0.0,0.0,0.0,1.0,-0.0,0,0
873,0.0,0.0,0.0,1.0,-0.0,0,0
874,0.0,0.0,0.0,1.0,-0.0,0,0
875,0.0,0.0,0.0,1.0,-0.0,0,0
876,0.0,0.0,0.0,1.0,-0.0,0,0
877,0.0,0.0,0.0,1.0,-0.0,0,0
878,0.0,0.0,0.0,1.0,-0.0,0,0
879,0.0,0.0,0.0,1.0,-0.0,0,0
880,0.0,0.0,0.0,1.0,-0.0,0,0
881,0.0,0.0,0.0,1.0,-0.0,0,0
882,0.0,0.0,0.0,1.0,-0.0,0,0
883,0.0,0.0,0.0,1.0,-0.0,0,0
884,0.0,0.0,0.0,1.0,-0.0,0,0
885,0.0,0.0,0.0,1.0,-0.0,0,0
886,0.0,0.0,0.0,1.0,-0.0,0,0
887,0.0,0.0,0.0,1.0,-0.0,0,0
888,0.0,0.0039603960396039604,0.027863855998951064,1.0,-0.0,0,0
889,0.0,0.0039603960396039604,0.027863855998951064,1.0,-0.0,0,0
890,0.0,0.0059405940594059415,0.03395332316729158,1.0,-0.0,0,0
891,0.0,0.0059405940594059415,0.03395332316729158,1.0,-0.0,0,0
892,0.0,0.0059405940594059415,0.03395332316729158,1.0,-0.0,0,0
893,0.0,0.0019801980198019802,0.019801980198019802,1.0,-0.0,0,0
894,0.0,0.0019801980198019802,0.019801980198019802,1.0,-0.0,0,0
895,0.0,0.0,0.0,1.0,-0.0,0,0
896,0.0,0.0,0.0,1.0,-0.0,0,0
897,0.0,0.0,0.0,1.0,-0.0,0,0
898,0.0,0.0,0.0,1.0,-0.0,0,0
899,0.0,0.0,0.0,1.0,-0.0,0,0
900,0.0,0.0,0.0,1.0,-0.0,0,0
901,0.0,0.0,0.0,1.0,-0.0,0,0
902,0.0,0.013861386138613863,0.05079507064705211,1.0,-0.0,0,0
903,0.0,0.013861386138613863,0.05079507064705211,1.0,-0.0,0,0
904,0.0,0.013861386138613863,0.05079507064705211,1.0,-0.0,0,0
905,0.0,0.013861386138613863,0.05079507064705211,1.0,-0.0,0,0
906,0.0,0.013861386138613863,0.05079507064705211,1.0,-0.0,0,0
907,0.0,0.0,0.0,1.0,-0.0,0,0
908,0.0,0.0,0.0,1.0,-0.0,0,0
909,0.0,0.0,0.0,1.0,-0.0,0,0
910,0.0,0.0,0.0,1.0,-0.0,0,0
911,0.0,0.0,0.0,1.0,-0.0,0,0
912,0.0,0.0,0.0,1.0,-0.0,0,0
913,0.0,0.0,0.0,1.0,-0.0,0,0
914,0.0,0.0,0.0,1.0,-0.0,0,0
915,0.0,0.0,0.0,1.0,-0.0,0,0
916,0.0,0.0,0.0,1.0,-0.0,0,0
917,0.0,0.0,0.0,1.0,-0.0,0,0
918,0.0,0.0,0.0,1.0,-0.0,0,0
919,0.4,0.0039603960396039604,0.027863855998951064,1e-17,17.0,0,0
920,0.4,0.0039603960396039604,0.027863855998951064,1e-17,17.0,0,0
921,0.4,0.0039603960396039604,0.027863855998951064,1e-17,17.0,0,0
922,0.4,0.0039603960396039604,0.027863855998951064,1e-17,17.0,0,0
923,0.4,0.009900990099009901,0.04338396495090424,1.0121630622599334e-17,16.99474951582134,0,0
924,0.0,0.0059405940594059415,0.03395332316729158,1.0,-0.0,0,0
925,0.0,0.0059405940594059415,0.03395332316729158,1.0,-0.0,0,0
926,0.0,0.0059405940594059415,0.03395332316729158,1.0,-0.0,0,0
927,0.0,0.013861386138613863,0.058070805143030424,1.0,-0.0,0,0
928,0.0,0.007920792079207921,0.03900537743285587,1.0,-0.0,0,0
929,0.0,0.041584158415841586,0.08590499787518362,1.0,-0.0,0,0
930,0.0,0.07524752475247526,0.1189108498693262,1.0,-0.0,0,0
931,0.0,0.07524752475247526,0.1189108498693262,1.0,-0.0,0,0
932,0.4,0.2059405940594059,0.18974802582007907,0.15321974609814348,0.8146852616691447,0,0
933,0.4,0.21386138613861383,0.19951907671778216,0.17542639744126554,0.7559050552089339,0,0
934,0.4,0.1900990099009901,0.19166025556535224,0.13672059396117758,0.8641660635589582,0,0
935,0.4,0.17029702970297025,0.1957693907320881,0.12033085633419834,0.9196229926322428,0,0
936,0.4,0.17029702970297025,0.1957693907320881,0.12033085633419834,0.9196229926322428,0,0
937,0.0,0.06930693069306931,0.11751770396006173,1.0,-0.0,0,0
938,0.0,0.061386138613861385,0.10433219700847123,1.0,-0.0,0,0
939,0.0,0.05148514851485149,0.096075322540263,1.0,-0.0,0,0
940,0.0,0.041584158415841586,0.08116396646304633,1.0,-0.0,0,0
941,0.0,0.041584158415841586,0.08116396646304633,1.0,-0.0,0,0
942,0.0,0.0039603960396039604,0.02786385599895107,1.0,-0.0,0,0
943,0.0,0.0039603960396039604,0.02786385599895107,1.0,-0.0,0,0
944,0.0,0.0039603960396039604,0.02786385599895107,1.0,-0.0,0,0
945,0.0,0.0,0.0,1.0,-0.0,0,0
946,0.0,0.0,0.0,1.0,-0.0,0,0
947,0.0,0.0,0.0,1.0,-0.0,0,0
948,0.0,0.0594059405940594,0.10733330877518932,1.0,-0.0,0,0
949,0.0,0.0594059405940594,0.10733330877518932,1.0,-0.0,0,0
950,0.0,0.0594059405940594,0.10733330877518932,1.0,-0.0,0,0
951,0.0,0.06930693069306931,0.11057238501634628,1.0,-0.0,0,0
952,0.0,0.0712871287128713,0.11461224656227946,1.0,-0.0,0,0
953,0.4,0.40792079207920795,0.27991624218147176,1.0,-0.0,0,0
954,0.4,0.4138613861386139,0.2859861185339565,1.0,-0.0,0,0
955,0.4,0.4138613861386139,0.2859861185339565,1.0,-0.0,0,0
956,0.4,0.403960396039604,0.28281498415609013,1.0,-0.0,0,0
957,0.4,0.40198019801980206,0.2793132306139478,1.0,-0.0,0,0
958,0.0,0.0059405940594059415,0.03395332316729158,1.0,-0.0,0,0
959,0.0,0.0,0.0,1.0,-0.0,0,0
960,0.0,0.0,0.0,1.0,-0.0,0,0
961,0.0,0.0,0.0,1.0,-0.0,0,0
962,0.0,0.0,0.0,1.0,-0.0,0,0
963,0.0,0.0,0.0,1.0,-0.0,0,0
964,0.0,0.0,0.0,1.0,-0.0,0,0
965,0.0,0.0,0.0,1.0,-0.0,0,0
966,0.0,0.0,0.0,1.0,-0.0,0,0
967,0.0,0.0,0.0,1.0,-0.0,0,0
968,0.0,0.0,0.0,1.0,-0.0,0,0
969,0.0,0.0,0.0,1.0,-0.0,0,0
970,0.0,0.0,0.0,1.0,-0.0,0,0
971,0.0,0.0019801980198019802,0.019801980198019802,1.0,-0.0,0,0
972,0.0,0.0019801980198019802,0.019801980198019802,1.0,-0.0,0,0
973,0.0,0.007920792079207921,0.03900537743285587,1.0,-0.0,0,0
974,0.0,0.01386138613861386,0.05079507064705211,1.0,-0.0,0,0
975,0.0,0.01386138613861386,0.05079507064705211,1.0,-0.0,0,0
976,0.0,0.011881188118811881,0.047276579747775535,1.0,-0.0,0,0
977,0.0,0.011881188118811881,0.047276579747775535,1.0,-0.0,0,0
978,0.0,0.009900990099009901,0.0517131281473291,1.0,-0.0,0,0
979,0.0,0.04752475247524753,0.08965727859541997,1.0,-0.0,0,0
980,0.0,0.0613861386138614,0.10433219700847123,1.0,-0.0,0,0
981,0.0,0.08118811881188118,0.10964648079134362,1.0,-0.0,0,0
982,0.0,0.08118811881188118,0.10964648079134362,1.0,-0.0,0,0
983,0.0,0.07722772277227724,0.10889288780093088,1.0,-0.0,0,0
984,0.0,0.06534653465346535,0.10571364605971598,1.0,-0.0,0,0
985,0.0,0.05148514851485149,0.10011267057239238,1.0,-0.0,0,0
986,0.0,0.03564356435643564,0.09074407316744237,1.0,-0.0,0,0
987,0.0,0.10693069306930691,0.14776046024695155,1.0,-0.0,0,0
988,0.0,0.10693069306930691,0.14776046024695155,1.0,-0.0,0,0
989,0.0,0.07524752475247526,0.1189108498693262,1.0,-0.0,0,0
990,0.0,0.07920792079207921,0.12293186689242579,1.0,-0.0,0,0
991,0.0,0.07524752475247526,0.11553229422427584,1.0,-0.0,0,0
992,0.0,0.0039603960396039604,0.027863855998951064,1.0,-0.0,0,0
993,0.0,0.0039603960396039604,0.027863855998951064,1.0,-0.0,0,0
994,0.0,0.0039603960396039604,0.027863855998951064,1.0,-0.0,0,0
995,0.0,0.0,0.0,1.0,-0.0,0,0
996,0.0,0.0,0.0,1.0,-0.0,0,0
997,0.0,0.0,0.0,1.0,-0.0,0,0
998,0.0,0.0,0.0,1.0,-0.0,0,0
999,0.0,0.0,0.0,1.0,-0.0,0,0
1000,0.0,0.0,0.0,1.0,-0.0,0,0
1001,0.0,0.0,0.0,1.0,-0.0,0,0
1002,0.0,0.039603960396039604,0.08908690597387718,1.0,-0.0,0,0
1003,0.0,0.039603960396039604,0.08908690597387718,1.0,-0.0,0,0
1004,0.0,0.039603960396039604,0.08908690597387718,1.0,-0.0,0,0
1005,0.0,0.039603960396039604,0.08908690597387718,1.0,-0.0,0,0
1006,0.0,0.05544554455445545,0.1019369320889802,1.0,-0.0,0,0
1007,0.0,0.021782178217821784,0.06230547612891991,1.0,-0.0,0,0
1008,0.0,0.027722772277227727,0.06910862719451544,1.0,-0.0,0,0
1009,0.0,0.0297029702970297,0.07112192077650681,1.0,-0.0,0,0
1010,0.0,0.0297029702970297,0.07112192077650681,1.0,-0.0,0,0
1011,0.0,0.027722772277227727,0.07461957893630407,1.0,-0.0,0,0
1012,0.0,0.021782178217821784,0.06230547612891991,1.0,-0.0,0,0
1013,0.0,0.015841584158415842,0.05401260078014202,1.0,-0.0,0,0
1014,0.0,0.015841584158415842,0.05401260078014202,1.0,-0.0,0,0
1015,0.0,0.015841584158415842,0.05401260078014202,1.0,-0.0,0,0
1016,1.2,0.09504950495049505,0.14513649268759365,1.3381466992798391e-14,13.873496272819805,0,0
1017,1.2,0.09702970297029702,0.14789308791950767,4.3969700370927937e-14,13.356846493845747,0,0
1018,1.2,0.09702970297029702,0.14789308791950767,4.3969700370927937e-14,13.356846493845747,0,0
1019,1.2,0.09504950495049505,0.14513649268759365,1.3381466992798391e-14,13.873496272819805,0,0
1020,1.2,0.09504950495049505,0.14513649268759365,1.3381466992798391e-14,13.873496272819805,0,0
1021,0.0,0.0019801980198019802,0.0198019801980198,1.0,-0.0,0,0
1022,0.0,0.0,0.0,1.0,-0.0,0,0
1023,0.0,0.0,0.0,1.0,-0.0,0,0
1024,0.0,0.0,0.0,1.0,-0.0,0,0
1025,0.0,0.0,0.0,1.0,-0.0,0,0
1026,0.4,0.025742574257425745,0.0669763743575753,1.1491454260291793e-08,7.93962500723384,0,0
1027,0.4,0.025742574257425745,0.0669763743575753,1.1491454260291793e-08,7.93962500723384,0,0
1028,0.4,0.0613861386138614,0.10433219700847123,0.0005861494943187688,3.231991605351054,0,0
1029,0.8,0.13564356435643565,0.1614195434054872,1.9299257995077267e-05,4.714459388134102,0,0
1030,0.8,0.18811881188118812,0.19051110448801098,0.0006595594916779974,3.1807460253758335,0,0
1031,0.8,0.21980198019801983,0.22250589133604334,0.00455947098374737,2.341085543775748,0,0
1032,2.4,0.27326732673267323,0.2383487290824725,1.0227368890633552e-17,16.990236079215492,0,0
1033,2.4,0.25346534653465347,0.22141057978050935,1.000015860570961e-17,16.999993111896178,0,0
1034,2.0,0.18019801980198016,0.1813152180952015,1.000000525794237e-17,16.999999771650526,0,0
1035,2.4,0.16831683168316833,0.18181194346357274,1e-17,17.0,0,0
1036,2.0,0.12277227722772276,0.1434243086117372,1e-17,17.0,0,0
1037,0.8,0.08712871287128712,0.12401163019288061,4.503986912502015e-09,8.346402880109732,0,0
1038,1.6,0.12277227722772276,0.1566235242240411,1.0002017277260915e-17,16.99991239959713,0,0
1039,2.4,0.15445544554455443,0.1732192295336953,1e-17,17.0,0,0
1040,2.0,0.11881188118811879,0.15460769343321296,1e-17,17.0,0,0
1041,2.0,0.10495049504950493,0.14513649268759363,1e-17,17.0,0,0
1042,1.6,0.08712871287128714,0.12401163019288061,1e-17,17.0,0,0
1043,0.8,0.03762376237623763,0.08771182015980238,1.1783235985005105e-17,16.92873542453722,0,0
1044,0.0,0.009900990099009901,0.04338396495090424,1.0,-0.0,0,0
1045,0.0,0.013861386138613863,0.050795070647052104,1.0,-0.0,0,0
1046,0.0,0.021782178217821784,0.06230547612891991,1.0,-0.0,0,0
1047,0.0,0.021782178217821784,0.06230547612891991,1.0,-0.0,0,0
1048,0.8,0.07722772277227723,0.122580495370631,1.8586313563998543e-09,8.73080674027517,0,0
1049,0.8,0.07920792079207921,0.11966689053257921,8.54371047693886e-10,9.068353477122432,0,0
1050,0.8,0.06930693069306931,0.11057238501634631,1.944080022741154e-11,10.711285862496352,0,0
1051,0.8,0.061386138613861385,0.10046456153636296,9.765300412493168e-14,13.010314391855774,0,0
1052,0.8,0.06534653465346535,0.10571364605971598,1.833358005286726e-12,11.736752720777535,0,0
1053,0.0,0.017821782178217824,0.0635517090529949,1.0,-0.0,0,0
1054,0.0,0.01386138613861386,0.05807080514303041,1.0,-0.0,0,0
1055,0.0,0.0297029702970297,0.07648795214189293,1.0,-0.0,0,0
1056,0.0,0.0297029702970297,0.07648795214189293,1.0,-0.0,0,0
1057,0.0,0.025742574257425745,0.0669763743575753,1.0,-0.0,0,0
1058,0.0,0.015841584158415842,0.05401260078014202,1.0,-0.0,0,0
1059,0.0,0.019801980198019802,0.059735061897023205,1.0,-0.0,0,0
1060,0.0,0.0039603960396039604,0.027863855998951068,1.0,-0.0,0,0
1061,0.0,0.0039603960396039604,0.027863855998951068,1.0,-0.0,0,0
1062,0.0,0.013861386138613863,0.05079507064705211,1.0,-0.0,0,0
1063,0.0,0.021782178217821784,0.06230547612891991,1.0,-0.0,0,0
1064,0.0,0.021782178217821784,0.06230547612891991,1.0,-0.0,0,0
1065,0.0,0.021782178217821784,0.06230547612891991,1.0,-0.0,0,0
1066,0.0,0.021782178217821784,0.06230547612891991,1.0,-0.0,0,0
1067,0.0,0.011881188118811883,0.047276579747775535,1.0,-0.0,0,0
1068,0.0,0.0039603960396039604,0.027863855998951064,1.0,-0.0,0,0
1069,0.0,0.017821782178217824,0.05698017651460656,1.0,-0.0,0,0
1070,0.0,0.017821782178217824,0.05698017651460656,1.0,-0.0,0,0
1071,0.0,0.017821782178217824,0.05698017651460656,1.0,-0.0,0,0
1072,0.0,0.017821782178217824,0.05698017651460656,1.0,-0.0,0,0
1073,0.0,0.017821782178217824,0.05698017651460656,1.0,-0.0,0,0
1074,0.0,0.0,0.0,1.0,-0.0,0,0
1075,0.0,0.0019801980198019802,0.019801980198019802,1.0,-0.0,0,0
1076,0.0,0.0019801980198019802,0.019801980198019802,1.0,-0.0,0,0
1077,0.0,0.0019801980198019802,0.019801980198019802,1.0,-0.0,0,0
1078,0.0,0.0019801980198019802,0.019801980198019802,1.0,-0.0,0,0
1079,0.0,0.0019801980198019802,0.019801980198019802,1.0,-0.0,0,0
1080,0.0,0.0,0.0,1.0,-0.0,0,0
1081,0.0,0.0,0.0,1.0,-0.0,0,0
1082,0.0,0.0,0.0,1.0,-0.0,0,0
1083,0.0,0.0,0.0,1.0,-0.0,0,0
1084,0.0,0.0,0.0,1.0,-0.0,0,0
1085,0.0,0.0039603960396039604,0.02786385599895106,1.0,-0.0,0,0
1086,0.0,0.0039603960396039604,0.02786385599895106,1.0,-0.0,0,0
1087,0.0,0.0039603960396039604,0.02786385599895106,1.0,-0.0,0,0
1088,0.0,0.009900990099009901,0.04338396495090424,1.0,-0.0,0,0
1089,0.0,0.023762376237623766,0.06471340450838887,1.0,-0.0,0,0
1090,0.0,0.02772277227722772,0.06910862719451544,1.0,-0.0,0,0
1091,0.0,0.05148514851485149,0.09186070102766894,1.0,-0.0,0,0
1092,0.0,0.05148514851485149,0.09186070102766894,1.0,-0.0,0,0
1093,0.0,0.07326732673267328,0.1115960618107356,1.0,-0.0,0,0
1094,0.0,0.06336633663366337,0.09721138779115704,1.0,-0.0,0,0
1095,0.0,0.05544554455445545,0.09384550979067555,1.0,-0.0,0,0
1096,0.0,0.05148514851485149,0.09186070102766893,1.0,-0.0,0,0
1097,0.0,0.06336633663366337,0.10120342446875752,1.0,-0.0,0,0
1098,0.0,0.1584158415841584,0.17192407185067915,1.0,-0.0,0,0
1099,0.0,0.2673267326732673,0.2166847008498613,1.0,-0.0,0,0
1100,0.0,0.3445544554455446,0.2550384352803475,1.0,-0.0,0,0
1101,0.0,0.40990099009900993,0.27629262378756286,1.0,-0.0,0,0
1102,0.0,0.7742574257425743,0.38037330942649783,1.0,-0.0,0,0
1103,0.0,0.6514851485148513,0.3578300557378242,1.0,-0.0,0,0
1104,0.0,0.5900990099009901,0.3310663690139622,1.0,-0.0,0,0
1105,0.0,0.5108910891089108,0.3165097374189174,1.0,-0.0,0,0
1106,0.0,0.42772277227722777,0.27865263228870346,1.0,-0.0,0,0
1107,0.0,0.10495049504950493,0.1631231312999523,1.0,-0.0,0,0
1108,0.0,0.16435643564356436,0.20371993900374946,1.0,-0.0,0,0
1109,0.0,0.11485148514851484,0.16252106557372825,1.0,-0.0,0,0
1110,0.0,0.11485148514851484,0.16252106557372825,1.0,-0.0,0,0
1111,0.0,0.11485148514851484,0.16252106557372825,1.0,-0.0,0,0
1112,0.0,0.0613861386138614,0.10806149425459212,1.0,-0.0,0,0
1113,0.0,0.0039603960396039604,0.02786385599895107,1.0,-0.0,0,0
1114,0.0,0.0019801980198019802,0.019801980198019802,1.0,-0.0,0,0
1115,0.0,0.0019801980198019802,0.019801980198019802,1.0,-0.0,0,0
1116,0.0,0.0039603960396039604,0.027863855998951064,1.0,-0.0,0,0
1117,0.0,0.0039603960396039604,0.027863855998951064,1.0,-0.0,0,0
1118,0.0,0.0039603960396039604,0.027863855998951064,1.0,-0.0,0,0
1119,0.0,0.0019801980198019802,0.019801980198019802,1.0,-0.0,0,0
1120,0.0,0.0019801980198019802,0.019801980198019802,1.0,-0.0,0,0
1121,0.0,0.0,0.0,1.0,-0.0,0,0
1122,0.0,0.0,0.0,1.0,-0.0,0,0
1123,0.0,0.0,0.0,1.0,-0.0,0,0
1124,0.0,0.0,0.0,1.0,-0.0,0,0
1125,0.0,0.0019801980198019802,0.0198019801980198,1.0,-0.0,0,0
1126,0.0,0.0019801980198019802,0.0198019801980198,1.0,-0.0,0,0
1127,0.0,0.0019801980198019802,0.0198019801980198,1.0,-0.0,0,0
1128,0.0,0.0019801980198019802,0.0198019801980198,1.0,-0.0,0,0
1129,0.0,0.0019801980198019802,0.0198019801980198,1.0,-0.0,0,0
1130,0.0,0.0,0.0,1.0,-0.0,0,0
1131,0.0,0.0,0.0,1.0,-0.0,0,0
1132,0.0,0.0,0.0,1.0,-0.0,0,0
1133,0.0,0.0,0.0,1.0,-0.0,0,0
1134,0.0,0.0,0.0,1.0,-0.0,0,0
1135,0.0,0.0,0.0,1.0,-0.0,0,0
1136,0.0,0.0059405940594059415,0.033953323167291584,1.0,-0.0,0,0
1137,0.0,0.0059405940594059415,0.033953323167291584,1.0,-0.0,0,0
1138,0.0,0.0059405940594059415,0.033953323167291584,1.0,-0.0,0,0
1139,0.0,0.011881188118811881,0.047276579747775535,1.0,-0.0,0,0
1140,0.0,0.019801980198019802,0.059735061897023205,1.0,-0.0,0,0
1141,0.0,0.021782178217821784,0.06230547612891991,1.0,-0.0,0,0
1142,0.0,0.021782178217821784,0.06230547612891991,1.0,-0.0,0,0
1143,0.0,0.021782178217821784,0.06230547612891991,1.0,-0.0,0,0
1144,0.0,0.021782178217821784,0.06230547612891991,1.0,-0.0,0,0
1145,0.0,0.013861386138613863,0.05079507064705211,1.0,-0.0,0,0
1146,0.0,0.011881188118811881,0.047276579747775535,1.0,-0.0,0,0
1147,0.0,0.15049504950495046,0.1551899266764091,1.0,-0.0,0,0
1148,0.0,0.15049504950495046,0.1551899266764091,1.0,-0.0,0,0
1149,0.0,0.14455445544554454,0.15186969892129912,1.0,-0.0,0,0
1150,0.0,0.14455445544554454,0.15186969892129912,1.0,-0.0,0,0
1151,0.0,0.13861386138613857,0.15088537189345533,1.0,-0.0,0,0
1152,0.0,0.05940594059405942,0.10357779667819421,1.0,-0.0,0,0
1153,0.0,0.09702970297029703,0.12778032320714203,1.0,-0.0,0,0
1154,0.0,0.09702970297029703,0.12778032320714203,1.0,-0.0,0,0
1155,0.0,0.09702970297029703,0.12778032320714203,1.0,-0.0,0,0
1156,0.0,0.09702970297029703,0.12778032320714203,1.0,-0.0,0,0
1157,0.0,0.03762376237623762,0.08771182015980238,1.0,-0.0,0,0
1158,0.0,0.05148514851485149,0.10399339410297731,1.0,-0.0,0,0
1159,0.0,0.07524752475247526,0.1253951698929708,1.0,-0.0,0,0
1160,0.0,0.12673267326732673,0.17055012277334236,1.0,-0.0,0,0
1161,0.0,0.12673267326732673,0.17055012277334236,1.0,-0.0,0,0
1162,0.0,0.5118811881188119,0.3009184385773263,1.0,-0.0,0,0
1163,0.0,0.4594059405940595,0.29321644687361004,1.0,-0.0,0,0
1164,0.0,0.46732673267326735,0.29420438470293653,1.0,-0.0,0,0
1165,0.0,0.6000000000000001,0.31841190086719645,1.0,-0.0,0,0
1166,0.0,0.875247524752475,0.38676263362830293,1.0,-0.0,0,0
1167,0.0,0.5188118811881188,0.30072943376743966,1.0,-0.0,0,0
1168,0.0,0.5821782178217823,0.3135223205230064,1.0,-0.0,0,0
1169,0.0,0.5504950495049505,0.29971067314871347,1.0,-0.0,0,0
1170,0.0,0.3742574257425743,0.2511965288538532,1.0,-0.0,0,0
1171,0.0,0.09702970297029702,0.13084299831035082,1.0,-0.0,0,0
1172,0.0,0.11881188118811878,0.12325042629382525,1.0,-0.0,0,0
1173,0.0,0.061386138613861385,0.09224407682259103,1.0,-0.0,0,0
1174,0.0,0.0712871287128713,0.10372911567294095,1.0,-0.0,0,0
1175,0.0,0.06336633663366337,0.10120342446875755,1.0,-0.0,0,0
1176,0.0,0.17029702970297025,0.172083651345746,1.0,-0.0,0,0
1177,0.0,0.15247524752475244,0.17153590358580373,1.0,-0.0,0,0
1178,0.0,0.1465346534653465,0.1638426898490107,1.0,-0.0,0,0
1179,0.0,0.13663366336633662,0.15137833547418925,1.0,-0.0,0,0
1180,1.2,0.29108910891089107,0.21713663622768792,1.4202309411049605e-05,4.84764103005879,0,0
1181,1.2,0.22574257425742575,0.20032323649173034,5.768531017279887e-07,6.2389347678344915,0,0
1182,1.2,0.20792079207920797,0.20083152306547486,3.9089739545488143e-07,6.407937223257549,0,0
1183,1.2,0.2435643564356436,0.21728105701932998,5.36692666889903e-06,5.270274338663044,0,0
1184,1.2,0.25544554455445545,0.21639496687323803,6.357424654951355e-06,5.196718778164879,0,0
1185,1.2,0.45544554455445546,0.3538963453784571,0.017694579760157546,1.7521597472401924,0,0
1186,1.6,0.5742574257425743,0.36981490295127145,0.002771437999112253,2.5572948327289664,0,0
1187,1.6,0.6772277227722773,0.3999705900373355,0.01052461399668378,1.97779382349081,0,0
1188,1.6,0.6415841584158416,0.3831261009824242,0.0061822417150491525,2.208854018771285,0,0
1189,1.6,0.6297029702970297,0.36951789690053066,0.0043216977740196845,2.364345607574229,0,0
1190,0.4,0.2732673267326733,0.2174975083999363,0.28005247344217266,0.552760587260396,0,0
1191,0.0,0.11683168316831682,0.15225649732072147,1.0,-0.0,0,0
1192,0.0,0.025742574257425748,0.06697637435757531,1.0,-0.0,0,0
1193,0.0,0.03762376237623763,0.07816140339006158,1.0,-0.0,0,0
1194,0.0,0.03762376237623763,0.07816140339006158,1.0,-0.0,0,0
1195,0.0,0.03762376237623763,0.07816140339006158,1.0,-0.0,0,0
1196,0.0,0.04554455445544554,0.08846854615322249,1.0,-0.0,0,0
1197,0.0,0.021782178217821784,0.06230547612891991,1.0,-0.0,0,0
1198,0.0,0.009900990099009901,0.04338396495090425,1.0,-0.0,0,0
1199,0.0,0.009900990099009901,0.04338396495090425,1.0,-0.0,0,0
1200,0.0,0.009900990099009901,0.04338396495090425,1.0,-0.0,0,0
1201,0.0,0.0,0.0,1.0,-0.0,0,0
1202,0.0,0.0,0.0,1.0,-0.0,0,0
1203,0.0,0.0,0.0,1.0,-0.0,0,0
1204,0.0,0.0,0.0,1.0,-0.0,0,0
1205,0.0,0.0,0.0,1.0,-0.0,0,0
1206,0.0,0.0,0.0,1.0,-0.0,0,0
1207,0.0,0.0,0.0,1.0,-0.0,0,0
1208,0.0,0.0,0.0,1.0,-0.0,0,0
1209,0.0,0.0,0.0,1.0,-0.0,0,0
1210,0.0,0.0297029702970297,0.07112192077650681,1.0,-0.0,0,0
1211,0.0,0.03762376237623763,0.09211646217515253,1.0,-0.0,0,0
1212,0.0,0.06930693069306931,0.10693069306930696,1.0,-0.0,0,0
1213,0.0,0.06930693069306931,0.10693069306930696,1.0,-0.0,0,0
1214,0.0,0.10693069306930691,0.13661931335176508,1.0,-0.0,0,0
1215,0.4,0.16831683168316827,0.18823342001292906,0.10919339729710965,0.9618036217423224,0,0
1216,0.4,0.2871287128712871,0.24602316816629471,0.32319494356924683,0.4905354424430961,0,0
1217,0.4,0.2554455445544554,0.21821746239930154,0.2538468697215726,0.5954281876701693,0,0
1218,0.4,0.2633663366336633,0.21968599205320652,0.2669874319828539,0.5735091818899627,0,0
1219,0.4,0.2871287128712871,0.2223472292691992,0.3058545891576526,0.5144849987990288,0,0
1220,0.0,0.19801980198019803,0.18129359046727286,1.0,-0.0,0,0
1221,0.0,0.08118811881188118,0.10964648079134362,1.0,-0.0,0,0
1222,0.4,0.09900990099009901,0.12145573247679728,0.0066025833322837955,2.1802861087847822,0,0
1223,0.4,0.10297029702970298,0.12778032320714203,0.010048446341906712,1.997901082253188,0,0
1224,0.4,0.08316831683168316,0.12028786177019754,0.004219950562944581,2.3746926368028127,0,0
1225,0.8,0.12475247524752472,0.16131019290626772,1.4194482728686878e-05,4.847880429286075,0,0
1226,0.8,0.4910891089108911,0.31152738064459945,0.16069607799367142,0.7939947226547766,0,0
1227,0.4,0.5128712871287129,0.3201680766322322,1.0,-0.0,0,0
1228,0.4,0.500990099009901,0.32042516603831744,1.0,-0.0,0,0
1229,0.4,0.45940594059405937,0.3051304599486451,1.0,-0.0,0,0
1230,0.0,0.4178217821782179,0.2843773951844157,1.0,-0.0,0,0
1231,0.0,0.05544554455445545,0.09797478714338996,1.0,-0.0,0,0
1232,0.0,0.39207920792079204,0.2869032915053439,1.0,-0.0,0,0
1233,0.0,0.39207920792079204,0.2869032915053439,1.0,-0.0,0,0
1234,0.0,0.39207920792079204,0.2869032915053439,1.0,-0.0,0,0
1235,0.0,0.5405940594059406,0.33006996492696444,1.0,-0.0,0,0
1236,0.0,0.5247524752475247,0.3194692196375941,1.0,-0.0,0,0
1237,0.0,0.5722772277227723,0.33422551581532106,1.0,-0.0,0,0
1238,0.0,0.5722772277227723,0.33422551581532106,1.0,-0.0,0,0
1239,0.0,0.5722772277227723,0.33422551581532106,1.0,-0.0,0,0
1240,0.0,0.4217821782178219,0.29904268392839334,1.0,-0.0,0,0
1241,0.0,0.42376237623762375,0.29955363322535733,1.0,-0.0,0,0
1242,0.0,0.0019801980198019802,0.019801980198019802,1.0,-0.0,0,0
1243,0.0,0.0019801980198019802,0.019801980198019802,1.0,-0.0,0,0
1244,0.0,0.0019801980198019802,0.019801980198019802,1.0,-0.0,0,0
1245,0.0,0.0019801980198019802,0.019801980198019802,1.0,-0.0,0,0
1246,0.0,0.0,0.0,1.0,-0.0,0,0
1247,0.0,0.0,0.0,1.0,-0.0,0,0
1248,0.0,0.0,0.0,1.0,-0.0,0,0
1249,0.0,0.0,0.0,1.0,-0.0,0,0
1250,0.0,0.0,0.0,1.0,-0.0,0,0
1251,0.0,0.0,0.0,1.0,-0.0,0,0
1252,0.0,0.0,0.0,1.0,-0.0,0,0
1253,0.0,0.0,0.0,1.0,-0.0,0,0
1254,0.0,0.0,0.0,1.0,-0.0,0,0
1255,0.0,0.0,0.0,1.0,-0.0,0,0
1256,0.0,0.03762376237623763,0.08307396817189319,1.0,-0.0,0,0
1257,0.4,0.27128712871287125,0.23811829727615702,0.29441175262429986,0.5310448573847947,0,0
1258,0.4,0.5217821782178217,0.3016797726512975,1.0,-0.0,0,0
1259,0.4,0.5217821782178217,0.3016797726512975,1.0,-0.0,0,0
1260,0.4,0.5702970297029702,0.30492477710764604,1.0,-0.0,0,0
1261,0.4,0.5623762376237623,0.28936649314691143,1.0,-0.0,0,0
1262,0.0,0.3277227722772277,0.2225499440580367,1.0,-0.0,0,0
1263,0.0,0.12079207920792076,0.1517663861889879,1.0,-0.0,0,0
1264,0.0,0.12475247524752475,0.15376846462033406,1.0,-0.0,0,0
1265,0.0,0.07920792079207921,0.11966689053257921,1.0,-0.0,0,0
1266,0.0,0.049504950495049514,0.09078727434730813,1.0,-0.0,0,0
1267,0.0,0.049504950495049514,0.09078727434730813,1.0,-0.0,0,0
1268,0.0,0.0059405940594059415,0.033953323167291584,1.0,-0.0,0,0
1269,0.0,0.0019801980198019802,0.0198019801980198,1.0,-0.0,0,0
1270,0.0,0.0,0.0,1.0,-0.0,0,0
1271,0.0,0.0,0.0,1.0,-0.0,0,0
1272,0.0,0.0,0.0,1.0,-0.0,0,0
1273,0.0,0.0,0.0,1.0,-0.0,0,0
1274,0.0,0.0,0.0,1.0,-0.0,0,0
1275,0.0,0.0,0.0,1.0,-0.0,0,0
1276,0.0,0.0,0.0,1.0,-0.0,0,0
1277,0.0,0.0,0.0,1.0,-0.0,0,0
1278,0.0,0.0,0.0,1.0,-0.0,0,0
1279,0.0,0.0,0.0,1.0,-0.0,0,0
1280,0.0,0.0,0.0,1.0,-0.0,0,0
1281,0.0,0.0,0.0,1.0,-0.0,0,0
1282,0.0,0.0,0.0,1.0,-0.0,0,0
1283,0.0,0.011881188118811883,0.047276579747775535,1.0,-0.0,0,0
1284,0.0,0.011881188118811883,0.047276579747775535,1.0,-0.0,0,0
1285,0.0,0.011881188118811883,0.047276579747775535,1.0,-0.0,0,0
1286,0.0,0.011881188118811883,0.047276579747775535,1.0,-0.0,0,0
1287,0.0,0.011881188118811883,0.047276579747775535,1.0,-0.0,0,0
1288,0.0,0.0,0.0,1.0,-0.0,0,0
1289,0.0,0.015841584158415842,0.054012600780142014,1.0,-0.0,0,0
1290,0.4,0.291089108910891,0.2572124020772993,0.3359915692123815,0.47367161990324347,0,0
1291,0.4,0.3168316831683168,0.2598816588756106,0.3744751432060627,0.4265770044710996,0,0
1292,0.4,0.36633663366336633,0.26411714612231535,0.4492896710507245,0.3474735655094386,0,0
1293,0.4,0.36633663366336633,0.26411714612231535,0.4492896710507245,0.3474735655094386,0,0
1294,0.4,0.4594059405940595,0.2918626483626567,1.0,-0.0,0,0
1295,0.0,0.19009900990099005,0.17883282225545563,1.0,-0.0,0,0
1296,0.0,0.16435643564356434,0.1697897117641665,1.0,-0.0,0,0
1297,0.4,0.4534653465346534,0.26683489775612834,1.0,-0.0,0,0
1298,0.4,0.4613861386138614,0.2680957037002187,1.0,-0.0,0,0
1299,0.4,0.405940594059406,0.2460869129965304,1.0,-0.0,0,0
1300,0.4,0.40198019801980206,0.24934774239520308,1.0,-0.0,0,0
1301,0.4,0.40198019801980206,0.24934774239520308,1.0,-0.0,0,0
1302,0.0,0.07920792079207921,0.11631029826208643,1.0,-0.0,0,0
1303,0.4,0.3801980198019802,0.28908178361813325,0.4726939779804313,0.32541993048009416,0,0
1304,0.4,0.38019801980198026,0.28214868700782075,0.47202408867848256,0.3260358375667697,0,0
1305,0.4,0.3782178217821782,0.27988822393985396,0.4689838043364359,0.3288421547449685,0,0
1306,0.4,0.398019801980198,0.27789170838310306,0.49715724505484676,0.3035062272451045,0,0
1307,0.4,0.3821782178217822,0.25962503029796624,0.4726363721648567,0.32547285988801317,0,0
1308,0.0,0.07326732673267326,0.10038647014365604,1.0,-0.0,0,0
1309,0.4,0.06732673267326733,0.12673267326732673,0.004332448363012567,2.3632666047923134,0,0
1310,0.4,0.06732673267326733,0.12673267326732673,0.004332448363012567,2.3632666047923134,0,0
