,foreground,bg_means,bg_stdev,pvals,minus_logs,regs,active
2,0.0,0.194059405940594,0.18120705414231045,1.0,-0.0,0,0
3,0.0,0.2138613861386138,0.1893342703651726,1.0,-0.0,0,0
4,0.0,0.2138613861386138,0.1893342703651726,1.0,-0.0,0,0
5,0.0,0.23366336633663368,0.2030837644683788,1.0,-0.0,0,0
6,0.2,0.07524752475247526,0.11553229422427584,0.140114268670204,0.8535176356692988,0,0
7,0.2,0.07524752475247526,0.11553229422427584,0.140114268670204,0.8535176356692988,0,0
8,0.2,0.05544554455445545,0.09384550979067553,0.0617381483506657,1.2094464000101817,0,0
9,0.2,0.05544554455445545,0.09384550979067553,0.0617381483506657,1.2094464000101817,0,0
10,0.2,0.0613861386138614,0.09224407682259105,0.06646004727610072,1.1774393541234773,0,0
11,0.0,0.025742574257425748,0.06697637435757531,1.0,-0.0,0,0
12,0.0,0.025742574257425748,0.06697637435757531,1.0,-0.0,0,0
13,0.0,0.12277227722772277,0.1406358883529878,1.0,-0.0,0,0
14,0.0,0.12277227722772277,0.1406358883529878,1.0,-0.0,0,0
15,0.0,0.09702970297029702,0.12142344330103677,1.0,-0.0,0,0
16,0.2,0.16237623762376235,0.1584900816139702,0.4061776082299849,0.39128402206908086,0,0
17,0.2,0.16237623762376235,0.1584900816139702,0.4061776082299849,0.39128402206908086,0,0
18,0.2,0.06336633663366337,0.09304823860966915,0.07099542332536607,1.1487696468950526,0,0
19,0.4,0.11287128712871286,0.13024224675172552,0.013741989634856684,1.861950383369426,0,0
20,0.4,0.11287128712871286,0.13024224675172552,0.013741989634856684,1.861950383369426,0,0
21,0.2,0.11089108910891088,0.13342479626077636,0.25211189644106335,0.598406660722568,0,0
22,0.6,0.16633663366336632,0.17364880212589112,0.006256113973914741,2.203695347897158,0,0
23,0.6,0.23762376237623759,0.18819175240422528,0.027079095303497752,1.5673658492654017,0,0
24,0.4,0.18811881188118812,0.17077988190051752,0.10736415213407709,0.9691407012171054,0,0
25,0.4,0.18811881188118812,0.17077988190051752,0.10736415213407709,0.9691407012171054,0,0
26,0.4,0.1267326732673267,0.13707776871189528,0.023102246619962276,1.6363457842979243,0,0
27,0.0,0.0712871287128713,0.11110305060677654,1.0,-0.0,0,0
28,0.0,0.0,0.0,1.0,-0.0,0,0
29,0.0,0.0,0.0,1.0,-0.0,0,0
30,0.0,0.0,0.0,1.0,-0.0,0,0
31,0.0,0.0,0.0,1.0,-0.0,0,0
32,0.0,0.0,0.0,1.0,-0.0,0,0
33,0.0,0.0,0.0,1.0,-0.0,0,0
34,0.0,0.12376237623762376,0.13726357881681878,1.0,-0.0,0,0
35,0.0,0.12376237623762376,0.13726357881681878,1.0,-0.0,0,0
36,0.0,0.12376237623762376,0.13726357881681878,1.0,-0.0,0,0
37,0.0,0.15445544554455443,0.14591788853022206,1.0,-0.0,0,0
38,0.0,0.15445544554455443,0.14591788853022206,1.0,-0.0,0,0
39,0.0,0.029702970297029712,0.07112192077650681,1.0,-0.0,0,0
40,0.0,0.029702970297029712,0.07112192077650681,1.0,-0.0,0,0
41,0.0,0.029702970297029712,0.07112192077650681,1.0,-0.0,0,0
42,0.0,0.0,0.0,1.0,-0.0,0,0
43,0.0,0.0,0.0,1.0,-0.0,0,0
44,0.0,0.0,0.0,1.0,-0.0,0,0
45,0.0,0.017821782178217824,0.056980176514606566,1.0,-0.0,0,0
46,0.0,0.017821782178217824,0.056980176514606566,1.0,-0.0,0,0
47,0.0,0.017821782178217824,0.056980176514606566,1.0,-0.0,0,0
48,0.0,0.017821782178217824,0.056980176514606566,1.0,-0.0,0,0
49,0.0,0.017821782178217824,0.056980176514606566,1.0,-0.0,0,0
50,0.0,0.0,0.0,1.0,-0.0,0,0
51,0.0,0.0,0.0,1.0,-0.0,0,0
52,0.0,0.0,0.0,1.0,-0.0,0,0
53,0.0,0.0,0.0,1.0,-0.0,0,0
54,0.0,0.0,0.0,1.0,-0.0,0,0
55,0.0,0.0,0.0,1.0,-0.0,0,0
56,0.0,0.0613861386138614,0.09644194583672018,1.0,-0.0,0,0
57,0.0,0.1267326732673267,0.15599637537608818,1.0,-0.0,0,0
58,0.0,0.1267326732673267,0.15599637537608818,1.0,-0.0,0,0
59,0.0,0.1782178217821782,0.16863104044391106,1.0,-0.0,0,0
60,0.0,0.1782178217821782,0.16863104044391106,1.0,-0.0,0,0
61,0.0,0.11485148514851484,0.130031327995105,1.0,-0.0,0,0
62,0.0,0.049504950495049514,0.08631483056516186,1.0,-0.0,0,0
63,0.0,0.049504950495049514,0.08631483056516186,1.0,-0.0,0,0
64,0.0,0.0,0.0,1.0,-0.0,0,0
65,0.0,0.0,0.0,1.0,-0.0,0,0
66,0.0,0.0,0.0,1.0,-0.0,0,0
67,0.0,0.0,0.0,1.0,-0.0,0,0
68,0.0,0.0,0.0,1.0,-0.0,0,0
69,0.0,0.0,0.0,1.0,-0.0,0,0
70,0.0,0.0,0.0,1.0,-0.0,0,0
71,0.0,0.0,0.0,1.0,-0.0,0,0
72,0.0,0.0,0.0,1.0,-0.0,0,0
73,0.0,0.0,0.0,1.0,-0.0,0,0
74,0.0,0.0,0.0,1.0,-0.0,0,0
75,0.0,0.0,0.0,1.0,-0.0,0,0
76,0.2,0.023762376237623766,0.06471340450838889,0.0032311212459077425,2.490646745033819,0,0
77,0.2,0.023762376237623766,0.06471340450838889,0.0032311212459077425,2.490646745033819,0,0
78,0.2,0.023762376237623766,0.06471340450838889,0.0032311212459077425,2.490646745033819,0,0
79,0.2,0.023762376237623766,0.06471340450838889,0.0032311212459077425,2.490646745033819,0,0
80,0.2,0.023762376237623766,0.06471340450838889,0.0032311212459077425,2.490646745033819,0,0
81,0.0,0.0,0.0,1.0,-0.0,0,0
82,0.0,0.0,0.0,1.0,-0.0,0,0
83,0.0,0.0,0.0,1.0,-0.0,0,0
84,0.0,0.0,0.0,1.0,-0.0,0,0
85,0.0,0.0,0.0,1.0,-0.0,0,0
86,0.2,0.05346534653465347,0.10860442931328386,0.08862815178171936,1.0524283072157032,0,0
87,0.2,0.05346534653465347,0.10860442931328386,0.08862815178171936,1.0524283072157032,0,0
88,0.2,0.05346534653465347,0.10860442931328386,0.08862815178171936,1.0524283072157032,0,0
89,0.2,0.07722772277227724,0.12888031758632068,0.17039464501736873,0.7685440579023641,0,0
90,0.2,0.15445544554455443,0.16381875548472422,0.39049929008909223,0.4083797513146454,0,0
91,0.0,0.09900990099009901,0.12467387119760154,1.0,-0.0,0,0
92,0.0,0.1297029702970297,0.14456801780945724,1.0,-0.0,0,0
93,0.0,0.1297029702970297,0.14456801780945724,1.0,-0.0,0,0
94,0.0,0.10495049504950495,0.12457948087149172,1.0,-0.0,0,0
95,0.2,0.14653465346534653,0.15127468716660813,0.36188222209096055,0.44143275161808027,0,0
96,0.2,0.14653465346534653,0.15127468716660813,0.36188222209096055,0.44143275161808027,0,0
97,0.2,0.11485148514851484,0.130031327995105,0.25628835809898753,0.5912711211985167,0,0
98,0.2,0.11485148514851484,0.130031327995105,0.25628835809898753,0.5912711211985167,0,0
99,0.2,0.12178217821782177,0.13759170507754623,0.28485530766978395,0.5453756839825388,0,0
100,0.0,0.0059405940594059415,0.03395332316729158,1.0,-0.0,0,0
101,0.0,0.0059405940594059415,0.03395332316729158,1.0,-0.0,0,0
102,0.0,0.09702970297029702,0.12142344330103677,1.0,-0.0,0,0
103,0.0,0.1504950495049505,0.1473352494078279,1.0,-0.0,0,0
104,0.0,0.14455445544554454,0.14383382017690993,1.0,-0.0,0,0
105,0.0,0.14455445544554454,0.14383382017690993,1.0,-0.0,0,0
106,0.0,0.16831683168316827,0.15085938181973,1.0,-0.0,0,0
107,0.0,0.35841584158415846,0.227455719434574,1.0,-0.0,0,0
108,0.0,0.3643564356435644,0.2491904351166633,1.0,-0.0,0,0
109,0.0,0.36633663366336633,0.2502581747006666,1.0,-0.0,0,0
110,0.0,0.36633663366336633,0.2502581747006666,1.0,-0.0,0,0
111,0.2,0.7148514851485149,0.36732539830560124,1.0,-0.0,0,0
112,0.2,0.5287128712871286,0.30388137135094667,1.0,-0.0,0,0
113,0.2,0.48712871287128706,0.3023549046790738,1.0,-0.0,0,0
114,0.2,0.5584158415841584,0.3188057314455146,1.0,-0.0,0,0
115,0.2,0.5584158415841584,0.3188057314455146,1.0,-0.0,0,0
116,0.0,0.18415841584158413,0.1704581324091671,1.0,-0.0,0,0
117,0.0,0.1801980198019802,0.15796966871429013,1.0,-0.0,0,0
118,0.0,0.42772277227722777,0.24378159836059238,1.0,-0.0,0,0
119,0.0,0.3564356435643564,0.22621108235239334,1.0,-0.0,0,0
120,0.0,0.37029702970297035,0.22582940834697693,1.0,-0.0,0,0
121,0.0,0.37029702970297035,0.22582940834697693,1.0,-0.0,0,0
122,0.0,0.2792079207920792,0.1910454985377004,1.0,-0.0,0,0
123,0.0,0.01386138613861386,0.05079507064705211,1.0,-0.0,0,0
124,0.2,0.047524752475247525,0.08965727859542,0.044504787234598886,1.3515932708674616,0,0
125,0.2,0.033663366336633666,0.07482947971362847,0.013112090674369026,1.8823280561396656,0,0
126,0.2,0.033663366336633666,0.07482947971362847,0.013112090674369026,1.8823280561396656,0,0
127,0.2,0.033663366336633666,0.07482947971362847,0.013112090674369026,1.8823280561396656,0,0
128,0.2,0.05544554455445545,0.08952597667688962,0.05319163734110216,1.2741566410525873,0,0
129,0.2,0.11683168316831682,0.13864214704328154,0.2742939097741051,0.5617838350526444,0,0
130,0.2,0.19405940594059404,0.17452724385370855,0.48642334268106535,0.3129855921351322,0,0
131,0.2,0.19405940594059404,0.17452724385370855,0.48642334268106535,0.3129855921351322,0,0
132,0.2,0.19405940594059404,0.17452724385370855,0.48642334268106535,0.3129855921351322,0,0
133,0.2,0.17227722772277226,0.15927982219556597,0.43091278964493474,0.365610615705574,0,0
134,0.2,0.17227722772277226,0.16174715133989812,0.4319563031224654,0.36456018437174,0,0
135,0.2,0.15445544554455443,0.15384494732320814,0.3835990317980801,0.4161224976569575,0,0
136,0.2,0.15445544554455443,0.15384494732320814,0.3835990317980801,0.4161224976569575,0,0
137,0.4,0.2851485148514851,0.22575994374725694,0.30546976902407574,0.515031763475998,0,0
138,0.4,0.2851485148514851,0.22575994374725694,0.30546976902407574,0.515031763475998,0,0
139,0.2,0.1900990099009901,0.18535753542711383,0.4787003748032945,0.3199362324826662,0,0
140,0.2,0.13168316831683166,0.1521663323044604,0.3267296986559608,0.4858113877890415,0,0
141,0.2,0.13168316831683166,0.1521663323044604,0.3267296986559608,0.4858113877890415,0,0
142,0.0,0.0,0.0,1.0,-0.0,0,0
143,0.0,0.0,0.0,1.0,-0.0,0,0
144,0.0,0.009900990099009901,0.04338396495090424,1.0,-0.0,0,0
145,0.0,0.009900990099009901,0.04338396495090424,1.0,-0.0,0,0
146,0.0,0.009900990099009901,0.04338396495090424,1.0,-0.0,0,0
147,0.0,0.021782178217821784,0.06230547612891991,1.0,-0.0,0,0
148,0.0,0.17425742574257425,0.19632941873972973,1.0,-0.0,0,0
149,0.0,0.39009900990099017,0.2630758466452757,1.0,-0.0,0,0
150,0.0,0.39009900990099017,0.2630758466452757,1.0,-0.0,0,0
151,0.0,0.39009900990099017,0.2630758466452757,1.0,-0.0,0,0
152,0.0,0.4336633663366337,0.2787089143802265,1.0,-0.0,0,0
153,0.0,0.3306930693069308,0.23953030534712777,1.0,-0.0,0,0
154,0.0,0.10495049504950495,0.1395723579145037,1.0,-0.0,0,0
155,0.0,0.10495049504950495,0.1395723579145037,1.0,-0.0,0,0
156,0.0,0.10495049504950495,0.1395723579145037,1.0,-0.0,0,0
157,0.0,0.04950495049504951,0.09504950495049506,1.0,-0.0,0,0
158,1.4,0.20990099009900987,0.18320845158368915,4.127638561198886e-11,10.38429833893639,0,0
159,1.4,0.20990099009900987,0.18320845158368915,4.127638561198886e-11,10.38429833893639,0,0
160,1.8,0.48514851485148514,0.2762500440800507,9.696802043848998e-07,6.01337147023924,0,0
161,1.8,0.48514851485148514,0.2762500440800507,9.696802043848998e-07,6.01337147023924,0,0
162,1.8,0.5099009900990098,0.2819679605754862,2.3772472810347306e-06,5.6239256406516365,0,0
163,0.4,0.29900990099009905,0.21913197321283037,0.32244799032087557,0.49154032548822724,0,0
164,0.8,0.7762376237623761,0.36401189047369686,0.47397588296120696,0.32424375571691016,0,0
165,0.4,0.500990099009901,0.3241119014390642,1.0,-0.0,0,0
166,0.4,0.500990099009901,0.3241119014390642,1.0,-0.0,0,0
167,0.4,0.47524752475247517,0.3231668608004473,1.0,-0.0,0,0
168,0.4,0.47524752475247517,0.3231668608004473,1.0,-0.0,0,0
169,0.0,0.0,0.0,1.0,-0.0,0,0
170,0.0,0.0,0.0,1.0,-0.0,0,0
171,0.0,0.0,0.0,1.0,-0.0,0,0
172,0.0,0.0,0.0,1.0,-0.0,0,0
173,0.0,0.01386138613861386,0.05079507064705211,1.0,-0.0,0,0
174,0.0,0.01386138613861386,0.05079507064705211,1.0,-0.0,0,0
175,0.0,0.01386138613861386,0.05079507064705211,1.0,-0.0,0,0
176,0.0,0.01386138613861386,0.05079507064705211,1.0,-0.0,0,0
177,0.0,0.01386138613861386,0.05079507064705211,1.0,-0.0,0,0
178,0.0,0.11485148514851483,0.1550382505430763,1.0,-0.0,0,0
179,0.0,0.11485148514851483,0.1550382505430763,1.0,-0.0,0,0
180,0.0,0.1881188118811881,0.16607711957435053,1.0,-0.0,0,0
181,0.0,0.1881188118811881,0.16607711957435053,1.0,-0.0,0,0
182,0.0,0.1881188118811881,0.16607711957435053,1.0,-0.0,0,0
183,0.0,0.0712871287128713,0.10372911567294095,1.0,-0.0,0,0
184,0.4,0.14059405940594058,0.13656189821438944,0.028746202065382927,1.5414195259657404,0,0
185,0.6,0.14455445544554454,0.15950123220279025,0.002148889868337531,2.667785841743976,0,0
186,0.6,0.22574257425742572,0.1680720409815679,0.012981394889425353,1.8866786387966654,0,0
187,0.6,0.22574257425742572,0.1680720409815679,0.012981394889425353,1.8866786387966654,0,0
188,0.6,0.22574257425742572,0.1680720409815679,0.012981394889425353,1.8866786387966654,0,0
189,0.2,0.17029702970297028,0.1445680178094573,0.4186063048732856,0.37819423478601766,0,0
190,0.0,0.09306930693069307,0.1145438009028085,1.0,-0.0,0,0
191,0.0,0.011881188118811883,0.047276579747775535,1.0,-0.0,0,0
192,0.0,0.011881188118811883,0.047276579747775535,1.0,-0.0,0,0
193,0.0,0.13465346534653466,0.14921288105967928,1.0,-0.0,0,0
194,0.0,0.14059405940594058,0.15036471688371983,1.0,-0.0,0,0
195,0.0,0.14059405940594058,0.15036471688371983,1.0,-0.0,0,0
196,0.0,0.14059405940594058,0.15036471688371983,1.0,-0.0,0,0
