,foreground,bg_means,bg_stdev,pvals,minus_logs,regs,active
2,0.0,0.0,0.0,1.0,-0.0,0,0
3,0.2,0.2356435643564356,0.1766487584013007,1.0,-0.0,0,0
4,0.2,0.27128712871287125,0.18365736159488227,1.0,-0.0,0,0
5,0.2,0.27128712871287125,0.18365736159488227,1.0,-0.0,1,0
6,0.2,0.296039603960396,0.19797029084003667,1.0,-0.0,0,0
7,0.2,0.296039603960396,0.19797029084003667,1.0,-0.0,0,0
8,0.0,0.05940594059405942,0.09138994660763826,1.0,-0.0,0,0
9,0.0,0.023762376237623766,0.06471340450838889,1.0,-0.0,0,0
10,0.0,0.023762376237623766,0.06471340450838889,1.0,-0.0,0,0
11,0.0,0.0,0.0,1.0,-0.0,0,0
12,0.0,0.0,0.0,1.0,-0.0,0,0
13,0.0,0.14059405940594058,0.15806892707703052,1.0,-0.0,0,0
14,0.0,0.14059405940594058,0.15806892707703052,1.0,-0.0,0,0
15,0.0,0.1762376237623762,0.17185563527720504,1.0,-0.0,0,0
16,0.0,0.1762376237623762,0.17185563527720504,1.0,-0.0,0,0
17,0.0,0.1762376237623762,0.17185563527720504,1.0,-0.0,0,0
18,0.0,0.03564356435643565,0.07653920035678292,1.0,-0.0,0,0
19,0.0,0.03564356435643565,0.07653920035678292,1.0,-0.0,0,0
20,0.0,0.0,0.0,1.0,-0.0,0,0
21,0.0,0.0,0.0,1.0,-0.0,1,0
22,0.0,0.0,0.0,1.0,-0.0,0,0
23,0.0,0.0,0.0,1.0,-0.0,0,0
24,0.0,0.0,0.0,1.0,-0.0,0,0
25,0.0,0.0,0.0,1.0,-0.0,0,0
26,0.0,0.0,0.0,1.0,-0.0,0,0
27,0.0,0.0,0.0,1.0,-0.0,0,0
28,0.2,0.031683168316831684,0.0730260947112308,0.01058647624307391,1.9752485727397298,0,0
29,0.2,0.031683168316831684,0.0730260947112308,0.01058647624307391,1.9752485727397298,0,0
30,0.2,0.031683168316831684,0.0730260947112308,0.01058647624307391,1.9752485727397298,0,0
31,0.2,0.031683168316831684,0.0730260947112308,0.01058647624307391,1.9752485727397298,0,0
32,0.2,0.031683168316831684,0.0730260947112308,0.01058647624307391,1.9752485727397298,0,0
33,0.0,0.0,0.0,1.0,-0.0,0,0
34,0.0,0.04950495049504951,0.08631483056516186,1.0,-0.0,0,0
35,0.0,0.04950495049504951,0.08631483056516186,1.0,-0.0,0,0
36,0.0,0.04950495049504951,0.08631483056516186,1.0,-0.0,0,0
37,0.0,0.04950495049504951,0.08631483056516186,1.0,-0.0,0,0
38,0.0,0.04950495049504951,0.08631483056516186,1.0,-0.0,0,0
39,0.0,0.015841584158415842,0.05401260078014202,1.0,-0.0,0,0
40,0.2,0.23762376237623767,0.1984352078452239,1.0,-0.0,0,0
41,0.2,0.23762376237623767,0.1984352078452239,1.0,-0.0,0,0
42,0.2,0.33465346534653456,0.22709340493990418,1.0,-0.0,0,0
43,0.2,0.45742574257425733,0.220416587870802,1.0,-0.0,1,0
44,0.2,0.4415841584158415,0.21492219487073477,1.0,-0.0,0,0
45,0.0,0.2198019801980198,0.16045714518719123,1.0,-0.0,0,0
46,0.0,0.2198019801980198,0.16045714518719123,1.0,-0.0,0,0
47,0.0,0.12475247524752472,0.1189108498693262,1.0,-0.0,0,0
48,0.8,0.2396039603960396,0.20102667569442348,0.0026544293275500295,2.5760288329762906,0,0
49,0.8,0.27524752475247527,0.21406297796087284,0.007115225378635936,2.147811338847765,0,0
50,0.8,0.27524752475247527,0.21406297796087284,0.007115225378635936,2.147811338847765,1,0
51,0.8,0.3821782178217822,0.22881357347571157,0.03392243292824033,1.4695130075527465,0,0
52,0.8,0.3821782178217822,0.22881357347571157,0.03392243292824033,1.4695130075527465,0,0
53,0.0,0.14257425742574253,0.14166375938629638,1.0,-0.0,0,0
54,0.0,0.1386138613861386,0.14823736453237937,1.0,-0.0,0,0
55,0.0,0.1386138613861386,0.14823736453237937,1.0,-0.0,0,0
56,0.0,0.031683168316831684,0.0730260947112308,1.0,-0.0,0,0
57,0.0,0.031683168316831684,0.0730260947112308,1.0,-0.0,0,0
58,0.0,0.031683168316831684,0.0730260947112308,1.0,-0.0,0,0
59,0.0,0.0,0.0,1.0,-0.0,0,0
60,0.0,0.0,0.0,1.0,-0.0,0,0
61,0.0,0.0,0.0,1.0,-0.0,0,0
62,0.0,0.0,0.0,1.0,-0.0,0,0
63,0.0,0.0,0.0,1.0,-0.0,0,0
64,0.0,0.0,0.0,1.0,-0.0,0,0
65,0.0,0.0,0.0,1.0,-0.0,0,0
66,0.0,0.0,0.0,1.0,-0.0,0,0
67,0.0,0.0,0.0,1.0,-0.0,0,0
68,0.0,0.0,0.0,1.0,-0.0,0,0
69,0.0,0.0,0.0,1.0,-0.0,0,0
70,0.0,0.0,0.0,1.0,-0.0,0,0
71,0.0,0.0,0.0,1.0,-0.0,0,0
72,0.0,0.0,0.0,1.0,-0.0,0,0
73,0.0,0.0,0.0,1.0,-0.0,0,0
74,0.0,0.0,0.0,1.0,-0.0,0,0
75,0.0,0.0,0.0,1.0,-0.0,0,0
76,0.0,0.0,0.0,1.0,-0.0,0,0
77,0.0,0.0,0.0,1.0,-0.0,0,0
78,0.0,0.0,0.0,1.0,-0.0,0,0
79,0.0,0.0,0.0,1.0,-0.0,0,0
80,0.0,0.0,0.0,1.0,-0.0,0,0
81,0.0,0.0,0.0,1.0,-0.0,0,0
82,0.0,0.0,0.0,1.0,-0.0,0,0
83,0.0,0.0,0.0,1.0,-0.0,0,0
84,0.0,0.027722772277227727,0.06910862719451544,1.0,-0.0,0,0
85,0.0,0.027722772277227727,0.06910862719451544,1.0,-0.0,0,0
86,0.0,0.14653465346534653,0.1564231101634178,1.0,-0.0,0,0
87,0.0,0.14653465346534653,0.1564231101634178,1.0,-0.0,0,0
88,0.0,0.29108910891089107,0.21713663622768792,1.0,-0.0,0,0
89,0.0,0.2633663366336633,0.2085892131843753,1.0,-0.0,0,0
90,0.0,0.2633663366336633,0.2085892131843753,1.0,-0.0,0,0
91,0.0,0.1465346534653465,0.1375632034293735,1.0,-0.0,0,0
92,0.0,0.1465346534653465,0.1375632034293735,1.0,-0.0,0,0
93,0.0,0.0,0.0,1.0,-0.0,0,0
94,0.0,0.0,0.0,1.0,-0.0,0,0
95,0.0,0.0,0.0,1.0,-0.0,0,0
96,0.0,0.0,0.0,1.0,-0.0,0,0
97,0.0,0.0,0.0,1.0,-0.0,0,0
98,0.0,0.0,0.0,1.0,-0.0,0,0
99,0.0,0.0,0.0,1.0,-0.0,0,0
100,0.0,0.0,0.0,1.0,-0.0,0,0
101,0.0,0.0,0.0,1.0,-0.0,0,0
102,0.0,0.0,0.0,1.0,-0.0,0,0
103,0.0,0.0,0.0,1.0,-0.0,0,0
104,0.0,0.0,0.0,1.0,-0.0,0,0
105,0.0,0.0,0.0,1.0,-0.0,0,0
106,0.0,0.0,0.0,1.0,-0.0,0,0
107,0.0,0.0,0.0,1.0,-0.0,0,0
108,0.0,0.0,0.0,1.0,-0.0,0,0
109,0.0,0.0,0.0,1.0,-0.0,0,0
110,0.0,0.0,0.0,1.0,-0.0,0,0
111,0.0,0.0,0.0,1.0,-0.0,0,0
112,0.0,0.0,0.0,1.0,-0.0,0,0
113,0.0,0.0,0.0,1.0,-0.0,0,0
114,0.0,0.0,0.0,1.0,-0.0,0,0
115,0.0,0.0,0.0,1.0,-0.0,0,0
116,0.0,0.0,0.0,1.0,-0.0,0,0
117,0.0,0.0,0.0,1.0,-0.0,0,0
118,0.0,0.0,0.0,1.0,-0.0,0,0
119,0.0,0.0,0.0,1.0,-0.0,0,0
120,0.0,0.0,0.0,1.0,-0.0,0,0
121,0.0,0.03564356435643565,0.07653920035678292,1.0,-0.0,0,0
122,0.0,0.1287128712871287,0.1366767043701972,1.0,-0.0,0,0
123,0.0,0.1287128712871287,0.1366767043701972,1.0,-0.0,1,0
124,0.0,0.1287128712871287,0.1366767043701972,1.0,-0.0,2,0
125,0.0,0.1287128712871287,0.1366767043701972,1.0,-0.0,0,0
126,0.0,0.09108910891089109,0.12435895816322838,1.0,-0.0,0,0
127,0.0,0.0,0.0,1.0,-0.0,0,0
128,0.0,0.0,0.0,1.0,-0.0,0,0
129,0.0,0.0,0.0,1.0,-0.0,0,0
130,0.0,0.0,0.0,1.0,-0.0,0,0
131,0.0,0.0,0.0,1.0,-0.0,0,0
132,0.0,0.0,0.0,1.0,-0.0,0,0
133,0.6,0.1108910891089109,0.1420507440353343,0.0002874385817766495,3.5414549386091916,0,0
134,0.6,0.1108910891089109,0.1420507440353343,0.0002874385817766495,3.5414549386091916,0,0
135,0.6,0.1108910891089109,0.1420507440353343,0.0002874385817766495,3.5414549386091916,1,0
136,0.8,0.1504950495049505,0.16508249505478284,4.169778403552249e-05,4.379887024323997,0,0
137,0.8,0.1504950495049505,0.16508249505478284,4.169778403552249e-05,4.379887024323997,0,0
138,0.2,0.051485148514851496,0.08744317689433512,0.044714679514496807,1.349549877638611,0,0
139,0.2,0.051485148514851496,0.08744317689433512,0.044714679514496807,1.349549877638611,0,0
140,0.2,0.051485148514851496,0.08744317689433512,0.044714679514496807,1.349549877638611,0,0
141,0.0,0.013861386138613863,0.05079507064705211,1.0,-0.0,0,0
142,0.0,0.02970297029702971,0.07112192077650681,1.0,-0.0,0,0
143,0.0,0.05346534653465348,0.09287951999650354,1.0,-0.0,0,0
144,0.0,0.1900990099009901,0.16013914153786715,1.0,-0.0,0,0
145,0.0,0.1900990099009901,0.16013914153786715,1.0,-0.0,0,0
146,0.0,0.1900990099009901,0.16013914153786715,1.0,-0.0,0,0
147,0.0,0.1742574257425742,0.15584548411842378,1.0,-0.0,0,0
148,0.0,0.13663366336633662,0.13476989724493904,1.0,-0.0,0,0
149,0.0,0.0,0.0,1.0,-0.0,0,0
150,0.0,0.0,0.0,1.0,-0.0,0,0
