,foreground,bg_means,bg_stdev,pvals,minus_logs,regs,active
2,0.0,0.0,0.0,1.0,-0.0,0,0
3,0.0,0.0,0.0,1.0,-0.0,0,0
4,0.0,0.17425742574257425,0.17724708119287327,1.0,-0.0,0,0
5,0.0,0.17425742574257425,0.17724708119287327,1.0,-0.0,0,0
6,0.0,0.17425742574257425,0.17724708119287327,1.0,-0.0,0,0
7,0.0,0.17425742574257425,0.17724708119287327,1.0,-0.0,0,0
8,0.0,0.27722772277227725,0.2250989609077415,1.0,-0.0,0,0
9,0.0,0.10297029702970298,0.13084299831035082,1.0,-0.0,0,0
10,0.0,0.17623762376237628,0.15742262902456863,1.0,-0.0,0,0
11,0.0,0.27920792079207923,0.20504374403274056,1.0,-0.0,0,0
12,0.0,0.27920792079207923,0.20504374403274056,1.0,-0.0,0,0
13,0.0,0.1762376237623762,0.17640441545600072,1.0,-0.0,0,0
14,0.0,0.1762376237623762,0.17640441545600072,1.0,-0.0,0,0
15,0.0,0.10297029702970298,0.1396285351588451,1.0,-0.0,0,0
16,0.0,0.0,0.0,1.0,-0.0,0,0
17,0.0,0.04356435643564357,0.08721867542790195,1.0,-0.0,0,0
18,0.0,0.09108910891089109,0.11781762202489916,1.0,-0.0,0,0
19,0.0,0.10099009900990098,0.12145573247679727,1.0,-0.0,0,0
20,0.0,0.10099009900990098,0.12145573247679727,1.0,-0.0,0,0
21,0.0,0.20990099009900987,0.17883282225545563,1.0,-0.0,0,0
22,0.0,0.16633663366336632,0.17591471140208167,1.0,-0.0,0,0
23,0.0,0.11683168316831682,0.1469621807150849,1.0,-0.0,0,0
24,0.6,0.3346534653465346,0.2715688354524161,0.16426289943217703,0.7844605156358091,0,0
25,0.6,0.3346534653465346,0.2715688354524161,0.16426289943217703,0.7844605156358091,0,0
26,0.6,0.22772277227722768,0.23041882309368486,0.05308450770858942,1.2750322058180492,0,0
27,0.6,0.22772277227722768,0.23041882309368486,0.05308450770858942,1.2750322058180492,0,0
28,0.6,0.22772277227722768,0.23041882309368486,0.05308450770858942,1.2750322058180492,0,0
29,0.0,0.0,0.0,1.0,-0.0,0,0
30,0.0,0.0,0.0,1.0,-0.0,0,0
31,0.0,0.09306930693069305,0.12126186845461277,1.0,-0.0,0,0
32,0.0,0.09306930693069305,0.12126186845461277,1.0,-0.0,0,0
33,0.0,0.09306930693069305,0.12126186845461277,1.0,-0.0,0,0
34,0.0,0.1801980198019802,0.17463954503246998,1.0,-0.0,0,0
35,0.0,0.1801980198019802,0.17463954503246998,1.0,-0.0,0,0
36,0.0,0.08514851485148514,0.13598641357140115,1.0,-0.0,0,0
37,0.0,0.1603960396039604,0.16890984643276136,1.0,-0.0,0,0
38,0.0,0.1603960396039604,0.16890984643276136,1.0,-0.0,0,0
39,0.2,0.23366336633663368,0.20502461949377873,1.0,-0.0,0,0
40,0.2,0.23366336633663368,0.20502461949377873,1.0,-0.0,0,0
41,0.2,0.23366336633663368,0.20502461949377873,1.0,-0.0,0,0
42,0.2,0.1603960396039604,0.16890984643276136,0.4073108215803858,0.390074051268743,0,0
43,0.2,0.22772277227722776,0.19706701472672838,1.0,-0.0,0,0
44,0.0,0.06732673267326733,0.102550553475042,1.0,-0.0,0,0
45,0.0,0.06732673267326733,0.102550553475042,1.0,-0.0,0,0
46,0.0,0.06732673267326733,0.102550553475042,1.0,-0.0,0,0
47,0.0,0.06732673267326733,0.102550553475042,1.0,-0.0,0,0
48,0.0,0.0,0.0,1.0,-0.0,0,0
49,0.0,0.06336633663366337,0.10504385908811757,1.0,-0.0,0,0
50,0.0,0.09306930693069305,0.1306930693069307,1.0,-0.0,0,0
51,0.0,0.09306930693069305,0.1306930693069307,1.0,-0.0,0,0
52,0.0,0.13663366336633662,0.14873910461951623,1.0,-0.0,0,0
53,0.0,0.15643564356435644,0.160701335170483,1.0,-0.0,0,0
54,0.0,0.1287128712871287,0.1307530615383697,1.0,-0.0,0,0
55,0.0,0.09702970297029703,0.12464241569787102,1.0,-0.0,0,0
56,0.0,0.09702970297029703,0.12464241569787102,1.0,-0.0,0,0
57,0.0,0.06732673267326733,0.102550553475042,1.0,-0.0,0,0
58,0.0,0.17227722772277226,0.16174715133989812,1.0,-0.0,0,0
59,0.0,0.17623762376237626,0.17185563527720504,1.0,-0.0,0,0
60,0.0,0.17623762376237626,0.17185563527720504,1.0,-0.0,0,0
61,0.0,0.17623762376237626,0.17185563527720504,1.0,-0.0,0,0
62,0.0,0.2752475247524752,0.20069480331595924,1.0,-0.0,0,0
63,0.0,0.15247524752475244,0.1519471373722842,1.0,-0.0,0,0
64,0.0,0.11089108910891088,0.13342479626077636,1.0,-0.0,0,0
65,0.0,0.11089108910891088,0.13342479626077636,1.0,-0.0,0,0
66,0.0,0.11089108910891088,0.13342479626077636,1.0,-0.0,0,0
67,0.0,0.0,0.0,1.0,-0.0,0,0
68,0.0,0.0,0.0,1.0,-0.0,0,0
69,0.0,0.13663366336633662,0.1433149079027503,1.0,-0.0,0,0
70,0.0,0.13663366336633662,0.1433149079027503,1.0,-0.0,0,0
71,0.0,0.13663366336633662,0.1433149079027503,1.0,-0.0,0,0
72,0.0,0.13663366336633662,0.1433149079027503,1.0,-0.0,0,0
73,0.0,0.16633663366336632,0.1517405470151922,1.0,-0.0,0,0
74,0.0,0.0297029702970297,0.07648795214189293,1.0,-0.0,0,0
75,0.0,0.0297029702970297,0.07648795214189293,1.0,-0.0,0,0
76,0.0,0.04554455445544554,0.09283729243351323,1.0,-0.0,0,0
77,0.2,0.08910891089108909,0.12420120222231065,0.1859729668504977,0.7305501805181494,0,0
78,0.2,0.0594059405940594,0.09968089464279778,0.07920469585235763,1.1012490693914339,0,0
79,0.2,0.0594059405940594,0.09968089464279778,0.07920469585235763,1.1012490693914339,0,0
80,0.2,0.0594059405940594,0.09968089464279778,0.07920469585235763,1.1012490693914339,0,0
81,0.2,0.04356435643564357,0.08721867542790196,0.03643831012751651,1.4384417721851057,0,0
82,0.0,0.0,0.0,1.0,-0.0,0,0
83,0.0,0.1465346534653465,0.15127468716660816,1.0,-0.0,0,0
84,0.0,0.1465346534653465,0.15127468716660816,1.0,-0.0,0,0
85,0.0,0.16039603960396034,0.15925520208224236,1.0,-0.0,0,0
86,0.0,0.28118811881188116,0.2090586498252539,1.0,-0.0,0,0
87,0.0,0.28118811881188116,0.2090586498252539,1.0,-0.0,0,0
88,0.0,0.13663366336633662,0.1565233492702535,1.0,-0.0,0,0
89,0.0,0.13663366336633662,0.1565233492702535,1.0,-0.0,0,0
90,0.0,0.12079207920792079,0.14645435316515326,1.0,-0.0,0,0
91,0.0,0.015841584158415842,0.054012600780142014,1.0,-0.0,0,0
92,0.0,0.015841584158415842,0.054012600780142014,1.0,-0.0,0,0
93,0.0,0.015841584158415842,0.054012600780142014,1.0,-0.0,0,0
94,0.0,0.015841584158415842,0.054012600780142014,1.0,-0.0,0,0
95,0.0,0.015841584158415842,0.054012600780142014,1.0,-0.0,0,0
96,0.0,0.017821782178217824,0.05698017651460656,1.0,-0.0,0,0
97,0.0,0.017821782178217824,0.05698017651460656,1.0,-0.0,0,0
98,0.0,0.017821782178217824,0.05698017651460656,1.0,-0.0,0,0
99,0.0,0.017821782178217824,0.05698017651460656,1.0,-0.0,0,0
100,0.0,0.017821782178217824,0.05698017651460656,1.0,-0.0,0,0
101,0.0,0.0,0.0,1.0,-0.0,0,0
102,0.0,0.0,0.0,1.0,-0.0,0,0
103,0.0,0.0,0.0,1.0,-0.0,0,0
104,0.0,0.0,0.0,1.0,-0.0,0,0
105,0.0,0.007920792079207921,0.03900537743285587,1.0,-0.0,0,0
106,0.0,0.039603960396039604,0.07970143286137867,1.0,-0.0,0,0
107,0.0,0.039603960396039604,0.07970143286137867,1.0,-0.0,0,0
108,0.2,0.09702970297029702,0.13084299831035082,0.21564796322227764,0.6662546393752193,0,0
109,0.2,0.1762376237623762,0.16479721403218364,0.4426745814892581,0.3539154146280691,0,0
110,0.2,0.16831683168316833,0.1610182285168802,0.42200470844562094,0.3746827034446202,0,0
111,0.2,0.13663366336633662,0.1487391046195162,0.335045403516397,0.4748963357676366,0,0
112,0.2,0.15247524752475247,0.15957496727054085,0.38291994993344347,0.41689200654260716,0,0
113,0.0,0.09306930693069307,0.13069306930693073,1.0,-0.0,0,0
114,0.0,0.015841584158415842,0.05401260078014202,1.0,-0.0,0,0
115,0.0,0.015841584158415842,0.05401260078014202,1.0,-0.0,0,0
116,0.0,0.02970297029702971,0.07112192077650681,1.0,-0.0,0,0
117,0.0,0.013861386138613863,0.05079507064705211,1.0,-0.0,0,0
118,0.0,0.013861386138613863,0.05079507064705211,1.0,-0.0,0,0
119,0.0,0.013861386138613863,0.05079507064705211,1.0,-0.0,0,0
120,0.0,0.013861386138613863,0.05079507064705211,1.0,-0.0,0,0
121,0.0,0.0,0.0,1.0,-0.0,0,0
122,0.2,0.041584158415841586,0.09039772047931348,0.03984979219979861,1.3995739389282478,0,0
123,0.2,0.041584158415841586,0.09039772047931348,0.03984979219979861,1.3995739389282478,0,0
124,0.2,0.041584158415841586,0.09039772047931348,0.03984979219979861,1.3995739389282478,0,0
125,0.2,0.041584158415841586,0.09039772047931348,0.03984979219979861,1.3995739389282478,0,0
126,0.2,0.0712871287128713,0.1213265242141813,0.1443722417000341,0.8405163000860171,0,0
127,0.0,0.02970297029702971,0.07112192077650682,1.0,-0.0,0,0
128,0.0,0.02970297029702971,0.07112192077650682,1.0,-0.0,0,0
129,0.0,0.02970297029702971,0.07112192077650682,1.0,-0.0,0,0
130,0.0,0.03762376237623763,0.08307396817189318,1.0,-0.0,0,0
131,0.0,0.007920792079207921,0.03900537743285587,1.0,-0.0,0,0
132,0.0,0.007920792079207921,0.03900537743285587,1.0,-0.0,0,0
133,0.0,0.02970297029702971,0.07112192077650681,1.0,-0.0,0,0
134,0.0,0.041584158415841586,0.08116396646304633,1.0,-0.0,0,0
135,0.0,0.033663366336633666,0.07482947971362847,1.0,-0.0,0,0
136,0.0,0.033663366336633666,0.07482947971362847,1.0,-0.0,0,0
137,0.0,0.033663366336633666,0.07482947971362847,1.0,-0.0,0,0
138,0.0,0.011881188118811881,0.047276579747775535,1.0,-0.0,0,0
139,0.0,0.0,0.0,1.0,-0.0,0,0
140,0.0,0.039603960396039604,0.08452453849668534,1.0,-0.0,0,0
141,0.2,0.18415841584158413,0.17276589394999795,0.46347060926104344,0.33397780119684745,0,0
142,0.2,0.18415841584158413,0.17276589394999795,0.46347060926104344,0.33397780119684745,0,0
143,0.2,0.18415841584158413,0.17276589394999795,0.46347060926104344,0.33397780119684745,0,0
144,0.2,0.25346534653465347,0.1967882494860173,1.0,-0.0,0,0
145,0.2,0.21386138613861383,0.1807737511449854,1.0,-0.0,0,0
146,0.0,0.06930693069306931,0.11057238501634631,1.0,-0.0,0,0
147,0.0,0.06930693069306931,0.11057238501634631,1.0,-0.0,0,0
148,0.0,0.06930693069306931,0.11057238501634631,1.0,-0.0,0,0
149,0.0,0.0,0.0,1.0,-0.0,0,0
150,0.0,0.0,0.0,1.0,-0.0,0,0
151,0.0,0.0,0.0,1.0,-0.0,0,0
152,0.0,0.0,0.0,1.0,-0.0,0,0
153,0.0,0.0,0.0,1.0,-0.0,0,0
154,0.0,0.0,0.0,1.0,-0.0,0,0
155,0.2,0.015841584158415842,0.054012600780142014,0.00032535620257014524,3.4876409094885674,0,0
156,0.2,0.015841584158415842,0.054012600780142014,0.00032535620257014524,3.4876409094885674,0,0
157,0.2,0.015841584158415842,0.054012600780142014,0.00032535620257014524,3.4876409094885674,0,0
158,0.2,0.015841584158415842,0.054012600780142014,0.00032535620257014524,3.4876409094885674,0,0
159,0.2,0.025742574257425748,0.0669763743575753,0.0046371400013480064,2.3337497919853587,0,0
160,0.0,0.009900990099009901,0.04338396495090424,1.0,-0.0,0,0
161,0.0,0.009900990099009901,0.04338396495090424,1.0,-0.0,0,0
162,0.0,0.009900990099009901,0.04338396495090424,1.0,-0.0,0,0
163,0.0,0.009900990099009901,0.04338396495090424,1.0,-0.0,0,0
164,0.0,0.0,0.0,1.0,-0.0,0,0
165,0.0,0.0,0.0,1.0,-0.0,0,0
166,0.0,0.0,0.0,1.0,-0.0,0,0
167,0.0,0.0,0.0,1.0,-0.0,0,0
168,0.0,0.0,0.0,1.0,-0.0,0,0
169,0.0,0.01386138613861386,0.05079507064705211,1.0,-0.0,0,0
170,0.2,0.04950495049504951,0.09078727434730813,0.0486923704021295,1.312539082970909,0,0
171,0.2,0.04950495049504951,0.09078727434730813,0.0486923704021295,1.312539082970909,0,0
172,0.2,0.04950495049504951,0.09078727434730813,0.0486923704021295,1.312539082970909,0,0
173,0.2,0.04950495049504951,0.09078727434730813,0.0486923704021295,1.312539082970909,0,0
174,0.2,0.03564356435643565,0.08154954567118415,0.0219304263845019,1.6589529244266186,0,0
175,0.0,0.0,0.0,1.0,-0.0,0,0
176,0.0,0.0,0.0,1.0,-0.0,0,0
177,0.0,0.0,0.0,1.0,-0.0,0,0
178,0.0,0.0,0.0,1.0,-0.0,0,0
179,0.0,0.07524752475247526,0.1189108498693262,1.0,-0.0,0,0
180,0.0,0.07524752475247526,0.1189108498693262,1.0,-0.0,0,0
181,0.0,0.17227722772277226,0.17806373977319878,1.0,-0.0,0,0
182,0.2,0.19603960396039602,0.19084013945594866,0.49172157370365227,0.30828073713405446,0,0
183,0.2,0.19603960396039602,0.19084013945594866,0.49172157370365227,0.30828073713405446,0,0
184,0.2,0.26930693069306927,0.23620035724750013,1.0,-0.0,0,0
185,0.2,0.26930693069306927,0.23620035724750013,1.0,-0.0,0,0
186,0.2,0.17425742574257425,0.16329131190564997,0.4373670273956247,0.35915396103294533,0,0
187,0.0,0.15049504950495046,0.1390375420320155,1.0,-0.0,0,0
188,0.0,0.15049504950495046,0.1390375420320155,1.0,-0.0,0,0
189,0.0,0.011881188118811883,0.04727657974777555,1.0,-0.0,0,0
190,0.4,0.1762376237623762,0.19147603570112592,0.12127875023286235,0.9162152870564159,0,0
191,0.4,0.1762376237623762,0.19147603570112592,0.12127875023286235,0.9162152870564159,0,0
192,0.4,0.1762376237623762,0.19147603570112592,0.12127875023286235,0.9162152870564159,0,0
193,0.6,0.2198019801980198,0.21155707606157345,0.03615657237264882,1.4418127471734914,0,0
194,0.6,0.2079207920792079,0.2047375370386191,0.027744126402459934,1.5568289455502724,0,0
195,0.2,0.043564356435643575,0.08721867542790195,0.036438310127516485,1.438441772185106,0,0
196,0.6,0.17227722772277224,0.18674852677785872,0.011000008481364098,1.9586069799864834,0,0
197,1.0,0.29900990099009894,0.22798951231087924,0.0010537153338708268,2.9772766999650737,0,0
198,0.8,0.2554455445544554,0.20512022435768013,0.0039676984975208,2.4014613369810447,0,0
199,0.8,0.2554455445544554,0.20512022435768013,0.0039676984975208,2.4014613369810447,0,0
200,0.8,0.30693069306930687,0.23304162962257066,0.017180942143268412,1.7649530246489114,0,0
201,0.4,0.19801980198019797,0.179095747399525,0.1297068973664388,0.8870369290158602,0,0
202,0.4,0.14257425742574256,0.16004116713803365,0.05386318269575537,1.2687079883480796,0,0
203,0.6,0.16237623762376235,0.17511042352027043,0.006224926561160432,2.2058657678098834,0,0
204,0.6,0.16237623762376235,0.17511042352027043,0.006224926561160432,2.2058657678098834,0,0
205,0.6,0.10891089108910891,0.15292463030738873,0.0006606458272085666,3.1800313037698027,0,0
206,0.6,0.09108910891089109,0.13650445892763635,9.644025702748535e-05,4.0157416408343,0,0
207,0.2,0.05148514851485149,0.10011267057239238,0.0689738517569684,1.1613155207112393,0,0
208,0.0,0.031683168316831684,0.08316831683168317,1.0,-0.0,0,0
209,0.0,0.07722772277227724,0.1124710639300034,1.0,-0.0,0,0
210,0.0,0.1188118811881188,0.13838736799727644,1.0,-0.0,0,0
211,0.0,0.1386138613861386,0.16104257909978184,1.0,-0.0,0,0
212,0.0,0.13861386138613863,0.15604664003838056,1.0,-0.0,0,0
213,0.0,0.13861386138613863,0.15604664003838056,1.0,-0.0,0,0
214,0.0,0.09108910891089109,0.12750384183766536,1.0,-0.0,0,0
