,foreground,bg_means,bg_stdev,pvals,minus_logs,regs,active
2,0.0,0.0,0.0,1.0,-0.0,0,0
3,0.0,0.0,0.0,1.0,-0.0,0,0
4,0.0,0.0,0.0,1.0,-0.0,0,0
5,0.0,0.0,0.0,1.0,-0.0,0,0
6,0.0,0.0,0.0,1.0,-0.0,0,0
7,0.0,0.0,0.0,1.0,-0.0,0,0
8,0.0,0.0,0.0,1.0,-0.0,0,0
9,0.0,0.0,0.0,1.0,-0.0,0,0
10,0.0,0.0,0.0,1.0,-0.0,0,0
11,0.0,0.0,0.0,1.0,-0.0,0,0
12,0.0,0.0,0.0,1.0,-0.0,0,0
13,0.0,0.0,0.0,1.0,-0.0,0,0
14,0.0,0.0,0.0,1.0,-0.0,0,0
15,0.0,0.0,0.0,1.0,-0.0,0,0
16,0.0,0.06336633663366337,0.09304823860966917,1.0,-0.0,0,0
17,0.0,0.06336633663366337,0.09304823860966917,1.0,-0.0,0,0
18,0.0,0.06336633663366337,0.09304823860966917,1.0,-0.0,0,0
19,0.0,0.06336633663366337,0.09304823860966917,1.0,-0.0,0,0
20,0.0,0.06336633663366337,0.09304823860966917,1.0,-0.0,0,0
21,0.0,0.0,0.0,1.0,-0.0,0,0
22,0.0,0.0,0.0,1.0,-0.0,0,0
23,0.0,0.0,0.0,1.0,-0.0,0,0
24,0.0,0.0,0.0,1.0,-0.0,0,0
25,0.2,0.27722772277227725,0.19694759222425912,1.0,-0.0,0,0
26,0.2,0.27722772277227725,0.19694759222425912,1.0,-0.0,0,0
27,0.2,0.27722772277227725,0.19694759222425912,1.0,-0.0,0,0
28,0.2,0.27722772277227725,0.19694759222425912,1.0,-0.0,0,0
29,0.6,0.3623762376237625,0.23833227705628676,0.15937565420840827,0.7975780195175393,0,0
30,0.4,0.08316831683168316,0.10630546955619442,0.001439411376089179,2.841815069278627,0,0
31,0.4,0.08316831683168316,0.10630546955619442,0.001439411376089179,2.841815069278627,0,0
32,0.4,0.08316831683168316,0.10630546955619442,0.001439411376089179,2.841815069278627,0,0
33,0.4,0.08316831683168316,0.10630546955619442,0.001439411376089179,2.841815069278627,0,0
34,0.0,0.0,0.0,1.0,-0.0,0,0
35,0.0,0.0,0.0,1.0,-0.0,0,0
36,0.0,0.07326732673267328,0.09636059453937773,1.0,-0.0,0,0
37,0.0,0.07326732673267328,0.09636059453937773,1.0,-0.0,0,0
38,0.0,0.18217821782178212,0.14650789158886265,1.0,-0.0,0,0
39,0.0,0.18217821782178212,0.14650789158886265,1.0,-0.0,0,0
40,0.0,0.18217821782178212,0.14650789158886265,1.0,-0.0,0,0
41,0.0,0.1485148514851485,0.1425467520222985,1.0,-0.0,0,0
42,0.0,0.1485148514851485,0.1425467520222985,1.0,-0.0,0,0
43,0.4,0.1386138613861386,0.14554118673277588,0.03625044550105118,1.4406866517837649,0,0
44,0.4,0.1386138613861386,0.14554118673277588,0.03625044550105118,1.4406866517837649,0,0
45,0.4,0.2158415841584158,0.16811869526171186,0.1366691580441598,0.86432948106113,0,0
46,0.4,0.2554455445544554,0.17146731208545954,0.19960197224740184,0.699835171806504,0,0
47,0.4,0.2554455445544554,0.17146731208545954,0.19960197224740184,0.699835171806504,0,0
48,0.0,0.1584158415841584,0.13878348885493255,1.0,-0.0,0,0
49,0.0,0.2594059405940594,0.1769814096752818,1.0,-0.0,0,0
50,0.0,0.2772277227722772,0.20866439401694242,1.0,-0.0,0,0
51,0.0,0.19801980198019795,0.16043270574676513,1.0,-0.0,0,0
52,0.0,0.19801980198019795,0.16043270574676513,1.0,-0.0,0,0
53,0.0,0.19801980198019795,0.16043270574676513,1.0,-0.0,0,0
54,0.0,0.09504950495049505,0.11805036483793176,1.0,-0.0,0,0
55,0.0,0.0,0.0,1.0,-0.0,0,0
56,0.0,0.0,0.0,1.0,-0.0,0,0
57,0.0,0.0,0.0,1.0,-0.0,0,0
58,0.0,0.0,0.0,1.0,-0.0,0,0
59,0.0,0.0,0.0,1.0,-0.0,0,0
60,0.0,0.0,0.0,1.0,-0.0,0,0
61,0.0,0.0,0.0,1.0,-0.0,0,0
62,0.0,0.0,0.0,1.0,-0.0,0,0
63,0.0,0.0,0.0,1.0,-0.0,0,0
64,0.0,0.0,0.0,1.0,-0.0,0,0
65,0.0,0.0,0.0,1.0,-0.0,0,0
66,0.0,0.0,0.0,1.0,-0.0,0,0
67,0.0,0.1069306930693069,0.09975953835889108,1.0,-0.0,0,0
68,0.0,0.1069306930693069,0.09975953835889108,1.0,-0.0,0,0
69,0.0,0.1069306930693069,0.09975953835889108,1.0,-0.0,0,0
70,0.4,0.24158415841584152,0.1672534844655737,0.1717785796954857,0.7650309924258395,0,0
71,0.4,0.24158415841584152,0.1672534844655737,0.1717785796954857,0.7650309924258395,0,0
72,0.6,0.24950495049504945,0.1602125830191587,0.014346190177930297,1.8432634163084538,1,0
73,0.6,0.36831683168316837,0.2004602096608913,0.12389040771596956,0.9069623178151532,0,0
74,0.6,0.36831683168316837,0.2004602096608913,0.12389040771596956,0.9069623178151532,0,0
75,0.2,0.23168316831683167,0.16586448785245092,1.0,-0.0,0,0
76,0.2,0.3584158415841584,0.21675707383145512,1.0,-0.0,0,0
77,0.0,0.24356435643564361,0.18370005771578798,1.0,-0.0,0,0
78,0.0,0.12673267326732673,0.12811743461086583,1.0,-0.0,1,0
79,0.2,0.22376237623762374,0.1671831359937064,1.0,-0.0,0,0
80,0.2,0.22376237623762374,0.1671831359937064,1.0,-0.0,0,0
