,foreground,bg_means,bg_stdev,pvals,minus_logs,regs,active
2,0.0,0.0,0.0,1.0,-0.0,0,0
3,0.0,0.0,0.0,1.0,-0.0,0,0
4,0.0,0.0,0.0,1.0,-0.0,0,0
5,0.0,0.0,0.0,1.0,-0.0,0,0
6,0.0,0.0,0.0,1.0,-0.0,0,0
7,0.0,0.0,0.0,1.0,-0.0,0,0
8,0.0,0.0,0.0,1.0,-0.0,0,0
9,0.0,0.04356435643564357,0.09164702150816742,1.0,-0.0,0,0
10,0.2,0.07326732673267328,0.11509022642946842,0.13541366575877595,0.8683375050442039,0,0
11,0.4,0.13267326732673265,0.17183281702904266,0.05988527971093003,1.222679917610173,0,0
12,0.6,0.16831683168316827,0.18611754673281874,0.010186368790430686,1.9919806045441246,0,0
13,0.6,0.16831683168316827,0.18611754673281874,0.010186368790430686,1.9919806045441246,0,0
14,0.6,0.12277227722772276,0.15148191286261606,0.0008152518114174274,3.0887082275570017,0,0
15,0.4,0.09306930693069305,0.12762679639066946,0.00808827064841771,2.0921443248814775,0,0
16,0.2,0.04752475247524753,0.09809478080396702,0.06004850186537829,1.2214978232271951,0,0
17,0.0,0.013861386138613863,0.05079507064705211,1.0,-0.0,0,0
18,0.0,0.013861386138613863,0.05079507064705211,1.0,-0.0,0,0
19,0.0,0.013861386138613863,0.05079507064705211,1.0,-0.0,0,0
20,0.0,0.013861386138613863,0.05079507064705211,1.0,-0.0,0,0
21,0.0,0.0,0.0,1.0,-0.0,0,0
22,0.0,0.015841584158415842,0.054012600780142014,1.0,-0.0,0,0
23,0.0,0.17029702970297025,0.16503498246348225,1.0,-0.0,0,0
24,0.0,0.17029702970297025,0.16503498246348225,1.0,-0.0,0,0
25,0.0,0.17821782178217815,0.16386662071744318,1.0,-0.0,0,0
26,0.0,0.17821782178217815,0.16386662071744318,1.0,-0.0,0,0
27,0.0,0.16237623762376233,0.16341133493685353,1.0,-0.0,0,0
28,0.0,0.033663366336633666,0.07482947971362848,1.0,-0.0,0,0
29,0.0,0.033663366336633666,0.07482947971362848,1.0,-0.0,0,0
30,0.0,0.04950495049504951,0.08631483056516186,1.0,-0.0,0,0
31,0.0,0.0712871287128713,0.09578920096988376,1.0,-0.0,0,0
32,0.0,0.0712871287128713,0.09578920096988376,1.0,-0.0,0,0
33,0.0,0.04554455445544555,0.08387254884969257,1.0,-0.0,0,0
34,0.0,0.04554455445544555,0.08387254884969257,1.0,-0.0,0,0
35,0.0,0.021782178217821784,0.06230547612891991,1.0,-0.0,0,0
36,0.0,0.0,0.0,1.0,-0.0,0,0
37,0.0,0.0,0.0,1.0,-0.0,0,0
38,0.2,0.2059405940594059,0.19590954781832295,1.0,-0.0,0,0
39,0.4,0.24158415841584152,0.22394630134846624,0.23966420055625093,0.6203968331420189,0,0
40,0.4,0.24158415841584152,0.22394630134846624,0.23966420055625093,0.6203968331420189,0,0
41,0.4,0.2574257425742574,0.23094576734837932,0.2685021069312366,0.5710523020500133,0,0
42,0.4,0.2574257425742574,0.23094576734837932,0.2685021069312366,0.5710523020500133,0,0
43,0.2,0.05148514851485149,0.09607532254026299,0.06107440442601417,1.214140759405803,0,0
44,0.0,0.015841584158415842,0.05401260078014202,1.0,-0.0,0,0
45,0.0,0.015841584158415842,0.05401260078014202,1.0,-0.0,0,0
46,0.0,0.0,0.0,1.0,-0.0,0,0
47,0.0,0.0,0.0,1.0,-0.0,0,0
48,0.0,0.0,0.0,1.0,-0.0,0,0
49,0.0,0.0,0.0,1.0,-0.0,0,0
50,0.0,0.011881188118811883,0.047276579747775535,1.0,-0.0,0,0
51,0.2,0.100990099009901,0.1308729634998678,0.224664423059998,0.6484656952356531,0,0
52,0.2,0.19405940594059407,0.18337959449964716,0.4870784986093401,0.3124010413200773,0,0
53,0.2,0.19405940594059407,0.18337959449964716,0.4870784986093401,0.3124010413200773,0,0
54,0.2,0.19405940594059407,0.18337959449964716,0.4870784986093401,0.3124010413200773,0,0
55,0.2,0.18217821782178217,0.18042635951740818,0.4606580884611949,0.3366212988782729,0,0
56,0.0,0.09108910891089109,0.1243589581632284,1.0,-0.0,0,0
57,0.0,0.0,0.0,1.0,-0.0,0,0
58,1.0,0.24554455445544554,0.2084951990212257,0.00014811501734458317,3.8294009062374363,0,0
59,1.0,0.24554455445544554,0.2084951990212257,0.00014811501734458317,3.8294009062374363,0,0
60,1.4,0.3168316831683168,0.22562095038715396,7.900382533140654e-07,6.102351879847528,0,0
61,1.4,0.3168316831683168,0.22562095038715396,7.900382533140654e-07,6.102351879847528,0,0
62,1.4,0.3168316831683168,0.22562095038715396,7.900382533140654e-07,6.102351879847528,0,0
63,0.4,0.06930693069306931,0.11057238501634628,0.001391519337345591,2.856510754084425,0,0
64,0.4,0.06930693069306931,0.11057238501634628,0.001391519337345591,2.856510754084425,0,0
65,0.4,0.11683168316831684,0.13864214704328154,0.020553934811070578,1.6871050252159634,0,0
66,0.4,0.11683168316831684,0.13864214704328154,0.020553934811070578,1.6871050252159634,0,0
67,0.4,0.11683168316831684,0.13864214704328154,0.020553934811070578,1.6871050252159634,0,0
68,0.4,0.18217821782178212,0.15694865125096522,0.08259078409845462,1.0830684107726394,0,0
69,0.4,0.18217821782178212,0.15694865125096522,0.08259078409845462,1.0830684107726394,0,0
70,0.0,0.06336633663366337,0.10120342446875752,1.0,-0.0,0,0
71,0.0,0.06336633663366337,0.10120342446875752,1.0,-0.0,0,0
72,0.0,0.06336633663366337,0.10120342446875752,1.0,-0.0,0,0
73,0.0,0.0,0.0,1.0,-0.0,0,0
74,0.2,0.11584158415841582,0.12953280349644583,0.25794063430454117,0.5884802365198838,0,0
75,0.2,0.11584158415841582,0.12953280349644583,0.25794063430454117,0.5884802365198838,0,0
76,0.2,0.11584158415841582,0.12953280349644583,0.25794063430454117,0.5884802365198838,0,0
77,0.2,0.11584158415841582,0.12953280349644583,0.25794063430454117,0.5884802365198838,0,0
78,0.2,0.14455445544554452,0.13821725438903087,0.34415566293407374,0.4632450799217096,0,0
79,0.0,0.027722772277227727,0.06910862719451544,1.0,-0.0,0,0
80,0.0,0.03762376237623763,0.07816140339006158,1.0,-0.0,0,0
81,0.0,0.03762376237623763,0.07816140339006158,1.0,-0.0,0,0
82,0.0,0.03762376237623763,0.07816140339006158,1.0,-0.0,0,0
83,0.0,0.025742574257425748,0.06697637435757531,1.0,-0.0,0,0
84,0.0,0.03762376237623762,0.07816140339006158,1.0,-0.0,0,0
85,0.0,0.02772277227722772,0.06910862719451544,1.0,-0.0,0,0
86,0.0,0.02772277227722772,0.06910862719451544,1.0,-0.0,0,0
87,0.0,0.02772277227722772,0.06910862719451544,1.0,-0.0,0,0
88,0.0,0.011881188118811883,0.04727657974777555,1.0,-0.0,0,0
89,0.0,0.0,0.0,1.0,-0.0,0,0
90,0.0,0.0297029702970297,0.07112192077650681,1.0,-0.0,0,0
91,0.0,0.08910891089108909,0.11423528793549272,1.0,-0.0,0,0
92,0.0,0.08910891089108909,0.11423528793549272,1.0,-0.0,0,0
93,0.0,0.08910891089108909,0.11423528793549272,1.0,-0.0,0,0
94,0.0,0.12475247524752475,0.14852805221860732,1.0,-0.0,0,0
95,0.0,0.09504950495049505,0.1337769960717191,1.0,-0.0,0,0
96,0.0,0.03564356435643565,0.08154954567118415,1.0,-0.0,0,0
97,0.0,0.03564356435643565,0.08154954567118415,1.0,-0.0,0,0
98,0.0,0.06732673267326733,0.102550553475042,1.0,-0.0,0,0
99,0.0,0.03168316831683169,0.0730260947112308,1.0,-0.0,0,0
100,0.0,0.05148514851485149,0.09607532254026299,1.0,-0.0,0,0
101,0.0,0.05148514851485149,0.09607532254026299,1.0,-0.0,0,0
102,0.0,0.1188118811881188,0.1467218499235066,1.0,-0.0,0,0
103,0.0,0.08712871287128714,0.10685732723352113,1.0,-0.0,0,0
104,0.0,0.11386138613861384,0.1235046822139618,1.0,-0.0,0,0
105,0.0,0.24554455445544554,0.18213516495155516,1.0,-0.0,0,0
106,0.0,0.2633663366336634,0.19280255753882117,1.0,-0.0,0,0
107,0.0,0.19603960396039605,0.1866435115714563,1.0,-0.0,0,0
108,0.0,0.19603960396039605,0.1866435115714563,1.0,-0.0,0,0
109,0.0,0.17029702970297028,0.17885474744676658,1.0,-0.0,0,0
110,0.0,0.017821782178217824,0.056980176514606566,1.0,-0.0,0,0
111,0.0,0.0,0.0,1.0,-0.0,0,0
112,0.0,0.0,0.0,1.0,-0.0,0,0
113,0.0,0.0,0.0,1.0,-0.0,0,0
114,0.0,0.0,0.0,1.0,-0.0,0,0
115,0.0,0.16039603960396034,0.16890984643276133,1.0,-0.0,0,0
116,0.2,0.17425742574257425,0.17272049494935865,0.440760323020294,0.3557975073252958,0,0
117,0.2,0.17425742574257425,0.17272049494935865,0.440760323020294,0.3557975073252958,0,0
118,0.2,0.17425742574257425,0.17272049494935865,0.440760323020294,0.3557975073252958,0,0
119,0.2,0.17425742574257425,0.17272049494935865,0.440760323020294,0.3557975073252958,0,0
120,0.2,0.01386138613861386,0.050795070647052104,0.00012391038159364294,3.90689230556944,0,0
121,0.0,0.0,0.0,1.0,-0.0,0,0
122,0.0,0.0,0.0,1.0,-0.0,0,0
123,0.0,0.0,0.0,1.0,-0.0,0,0
124,0.0,0.0,0.0,1.0,-0.0,0,0
125,0.0,0.0,0.0,1.0,-0.0,0,0
126,0.0,0.039603960396039604,0.07970143286137865,1.0,-0.0,0,0
127,0.0,0.039603960396039604,0.07970143286137865,1.0,-0.0,0,0
128,0.0,0.13663366336633662,0.16633663366336632,1.0,-0.0,0,0
129,0.0,0.19999999999999998,0.1887950326582658,1.0,-0.0,0,0
130,0.0,0.19999999999999998,0.1887950326582658,1.0,-0.0,0,0
131,0.0,0.1603960396039604,0.1712384753198294,1.0,-0.0,0,0
132,0.0,0.2178217821782178,0.20700410844153636,1.0,-0.0,0,0
133,0.0,0.11881188118811879,0.1621103836665028,1.0,-0.0,0,0
134,0.0,0.057425742574257435,0.11021718851545144,1.0,-0.0,0,0
135,0.0,0.057425742574257435,0.11021718851545144,1.0,-0.0,0,0
136,0.0,0.057425742574257435,0.11021718851545144,1.0,-0.0,0,0
137,0.0,0.0,0.0,1.0,-0.0,0,0
138,0.0,0.0,0.0,1.0,-0.0,0,0
139,0.0,0.0,0.0,1.0,-0.0,0,0
140,0.0,0.0,0.0,1.0,-0.0,0,0
141,0.0,0.0,0.0,1.0,-0.0,0,0
142,0.0,0.0,0.0,1.0,-0.0,0,0
143,0.0,0.0,0.0,1.0,-0.0,0,0
144,0.0,0.0,0.0,1.0,-0.0,0,0
145,0.0,0.0,0.0,1.0,-0.0,0,0
146,0.0,0.0,0.0,1.0,-0.0,0,0
147,0.0,0.0,0.0,1.0,-0.0,0,0
148,0.0,0.0,0.0,1.0,-0.0,0,0
149,0.0,0.0,0.0,1.0,-0.0,0,0
150,0.0,0.0,0.0,1.0,-0.0,0,0
151,0.0,0.0,0.0,1.0,-0.0,0,0
152,0.0,0.0,0.0,1.0,-0.0,0,0
153,0.0,0.011881188118811883,0.047276579747775535,1.0,-0.0,0,0
154,0.0,0.011881188118811883,0.047276579747775535,1.0,-0.0,0,0
155,0.0,0.011881188118811883,0.047276579747775535,1.0,-0.0,0,0
156,0.0,0.011881188118811883,0.047276579747775535,1.0,-0.0,0,0
157,0.0,0.011881188118811883,0.047276579747775535,1.0,-0.0,0,0
158,0.0,0.0,0.0,1.0,-0.0,0,0
159,0.0,0.0,0.0,1.0,-0.0,0,0
160,0.0,0.015841584158415842,0.05401260078014202,1.0,-0.0,0,0
161,0.0,0.015841584158415842,0.05401260078014202,1.0,-0.0,0,0
162,0.0,0.015841584158415842,0.05401260078014202,1.0,-0.0,0,0
163,0.0,0.015841584158415842,0.05401260078014202,1.0,-0.0,0,0
164,0.0,0.015841584158415842,0.05401260078014202,1.0,-0.0,0,0
165,0.0,0.0,0.0,1.0,-0.0,0,0
166,0.0,0.0,0.0,1.0,-0.0,0,0
167,0.0,0.0,0.0,1.0,-0.0,0,0
168,0.0,0.0,0.0,1.0,-0.0,0,0
169,0.0,0.0,0.0,1.0,-0.0,0,0
170,0.0,0.0059405940594059415,0.033953323167291584,1.0,-0.0,0,0
171,0.0,0.0059405940594059415,0.033953323167291584,1.0,-0.0,0,0
172,0.0,0.0059405940594059415,0.033953323167291584,1.0,-0.0,0,0
173,0.0,0.0059405940594059415,0.033953323167291584,1.0,-0.0,0,0
174,0.0,0.0059405940594059415,0.033953323167291584,1.0,-0.0,0,0
175,0.0,0.0,0.0,1.0,-0.0,0,0
176,0.0,0.0,0.0,1.0,-0.0,0,0
177,0.0,0.0039603960396039604,0.02786385599895107,1.0,-0.0,0,0
178,0.0,0.023762376237623766,0.06471340450838889,1.0,-0.0,0,0
179,0.0,0.023762376237623766,0.06471340450838889,1.0,-0.0,0,0
180,0.0,0.023762376237623766,0.06471340450838889,1.0,-0.0,0,0
181,0.0,0.051485148514851496,0.09186070102766894,1.0,-0.0,0,0
182,0.0,0.047524752475247525,0.08965727859541998,1.0,-0.0,0,0
183,0.0,0.027722772277227727,0.06910862719451544,1.0,-0.0,0,0
184,0.0,0.027722772277227727,0.06910862719451544,1.0,-0.0,0,0
185,0.0,0.027722772277227727,0.06910862719451544,1.0,-0.0,0,0
186,0.0,0.01386138613861386,0.05079507064705211,1.0,-0.0,0,0
187,0.0,0.027722772277227727,0.06910862719451544,1.0,-0.0,0,0
188,0.0,0.027722772277227727,0.06910862719451544,1.0,-0.0,0,0
189,0.0,0.027722772277227727,0.06910862719451544,1.0,-0.0,0,0
190,0.0,0.027722772277227727,0.06910862719451544,1.0,-0.0,0,0
191,0.0,0.01386138613861386,0.05079507064705211,1.0,-0.0,0,0
192,0.0,0.0,0.0,1.0,-0.0,0,0
193,0.0,0.0,0.0,1.0,-0.0,0,0
194,0.0,0.0,0.0,1.0,-0.0,0,0
195,0.0,0.0,0.0,1.0,-0.0,0,0
196,0.0,0.0,0.0,1.0,-0.0,0,0
197,0.0,0.0,0.0,1.0,-0.0,0,0
198,0.0,0.0,0.0,1.0,-0.0,0,0
199,0.0,0.0,0.0,1.0,-0.0,0,0
200,0.0,0.06732673267326733,0.11000352009767247,1.0,-0.0,0,0
201,0.0,0.06732673267326733,0.11000352009767247,1.0,-0.0,0,0
202,0.0,0.06732673267326733,0.11000352009767247,1.0,-0.0,0,0
203,0.0,0.06732673267326733,0.11000352009767247,1.0,-0.0,0,0
204,0.0,0.06732673267326733,0.11000352009767247,1.0,-0.0,0,0
205,0.0,0.0,0.0,1.0,-0.0,0,0
206,0.0,0.013861386138613863,0.05079507064705211,1.0,-0.0,0,0
207,0.0,0.013861386138613863,0.05079507064705211,1.0,-0.0,0,0
208,0.0,0.06534653465346535,0.10939585993610407,1.0,-0.0,0,0
209,0.0,0.06534653465346535,0.10939585993610407,1.0,-0.0,0,0
210,0.0,0.06534653465346535,0.10939585993610407,1.0,-0.0,0,0
211,0.0,0.1267326732673267,0.1427391785420998,1.0,-0.0,0,0
212,0.0,0.1267326732673267,0.1427391785420998,1.0,-0.0,0,0
213,0.0,0.07326732673267326,0.11509022642946842,1.0,-0.0,0,0
214,0.0,0.07326732673267326,0.11509022642946842,1.0,-0.0,0,0
215,0.0,0.07326732673267326,0.11509022642946842,1.0,-0.0,0,0
216,0.0,0.09108910891089109,0.1243589581632284,1.0,-0.0,0,0
217,0.0,0.09108910891089109,0.1243589581632284,1.0,-0.0,0,0
218,0.0,0.10099009900990098,0.1308729634998678,1.0,-0.0,0,0
219,0.0,0.10099009900990098,0.1308729634998678,1.0,-0.0,0,0
220,0.0,0.11287128712871286,0.1390657415135005,1.0,-0.0,0,0
221,0.0,0.021782178217821784,0.06230547612891991,1.0,-0.0,0,0
222,0.0,0.021782178217821784,0.06230547612891991,1.0,-0.0,0,0
223,0.2,0.019801980198019802,0.059735061897023205,0.001278047474114718,2.8934530136556162,0,0
224,0.2,0.06336633663366337,0.10874875419996817,0.10448261079208833,0.9809559838634979,0,0
225,0.2,0.051485148514851496,0.1001126705723924,0.06897385175696842,1.1613155207112391,0,0
226,0.2,0.051485148514851496,0.1001126705723924,0.06897385175696842,1.1613155207112391,0,0
227,0.2,0.051485148514851496,0.1001126705723924,0.06897385175696842,1.1613155207112391,0,0
228,0.0,0.05544554455445545,0.1019369320889802,1.0,-0.0,0,0
229,0.0,0.011881188118811883,0.047276579747775535,1.0,-0.0,0,0
230,0.0,0.011881188118811883,0.047276579747775535,1.0,-0.0,0,0
231,0.0,0.011881188118811883,0.047276579747775535,1.0,-0.0,0,0
232,0.0,0.061386138613861385,0.10046456153636296,1.0,-0.0,0,0
233,0.0,0.04950495049504951,0.08631483056516186,1.0,-0.0,0,0
234,0.0,0.04950495049504951,0.08631483056516186,1.0,-0.0,0,0
235,0.0,0.04950495049504951,0.08631483056516186,1.0,-0.0,0,0
236,0.0,0.04950495049504951,0.08631483056516186,1.0,-0.0,0,0
237,0.0,0.0,0.0,1.0,-0.0,0,0
238,0.0,0.0,0.0,1.0,-0.0,0,0
239,0.0,0.0,0.0,1.0,-0.0,0,0
240,0.0,0.0,0.0,1.0,-0.0,0,0
241,0.0,0.0,0.0,1.0,-0.0,0,0
242,0.0,0.0,0.0,1.0,-0.0,0,0
243,0.0,0.0059405940594059415,0.03395332316729158,1.0,-0.0,0,0
244,0.0,0.009900990099009901,0.04338396495090424,1.0,-0.0,0,0
245,0.0,0.021782178217821784,0.06230547612891991,1.0,-0.0,0,0
246,0.0,0.021782178217821784,0.06230547612891991,1.0,-0.0,0,0
247,0.0,0.021782178217821784,0.06230547612891991,1.0,-0.0,0,0
248,0.0,0.015841584158415842,0.05401260078014202,1.0,-0.0,0,0
249,0.0,0.07920792079207921,0.11966689053257921,1.0,-0.0,0,0
250,0.0,0.06732673267326732,0.10634234916512914,1.0,-0.0,0,0
251,0.0,0.06732673267326732,0.10634234916512914,1.0,-0.0,0,0
252,0.0,0.06732673267326732,0.10634234916512914,1.0,-0.0,0,0
253,0.0,0.09702970297029703,0.1338356059304222,1.0,-0.0,0,0
254,0.0,0.02970297029702971,0.07648795214189293,1.0,-0.0,0,0
255,0.0,0.02970297029702971,0.07648795214189293,1.0,-0.0,0,0
256,0.0,0.02970297029702971,0.07648795214189293,1.0,-0.0,0,0
257,0.0,0.02970297029702971,0.07648795214189293,1.0,-0.0,0,0
258,0.0,0.015841584158415842,0.05401260078014202,1.0,-0.0,0,0
259,0.2,0.05148514851485149,0.10773441987117181,0.08402025455510505,1.0756160070195218,0,0
260,0.4,0.0891089108910891,0.13636075485692528,0.01130633060330483,1.9466783196815078,0,0
261,0.4,0.1188118811881188,0.15460769343321298,0.03447707221051343,1.4624696215249773,0,0
262,0.4,0.26138613861386134,0.22469794776244412,0.26865372320246894,0.5708071362786757,0,0
263,0.4,0.24554455445544549,0.2141179246085271,0.23534497389956244,0.6282950721863335,0,0
264,0.2,0.20990099009900987,0.18748198619476633,1.0,-0.0,0,0
265,0.0,0.17227722772277224,0.1665722047113908,1.0,-0.0,0,0
266,0.0,0.1425742574257426,0.1550129567586608,1.0,-0.0,0,0
267,0.0,0.0,0.0,1.0,-0.0,0,0
268,0.0,0.0,0.0,1.0,-0.0,0,0
269,0.0,0.0,0.0,1.0,-0.0,0,0
270,0.0,0.0297029702970297,0.07112192077650681,1.0,-0.0,0,0
271,0.0,0.0297029702970297,0.07112192077650681,1.0,-0.0,0,0
272,0.0,0.041584158415841586,0.08116396646304633,1.0,-0.0,0,0
273,0.0,0.041584158415841586,0.08116396646304633,1.0,-0.0,0,0
274,0.0,0.041584158415841586,0.08116396646304633,1.0,-0.0,0,0
275,0.0,0.011881188118811883,0.047276579747775535,1.0,-0.0,0,0
276,0.0,0.06732673267326733,0.1135467024699521,1.0,-0.0,0,0
277,0.0,0.05544554455445545,0.1019369320889802,1.0,-0.0,0,0
278,0.0,0.1089108910891089,0.12750384183766533,1.0,-0.0,0,0
279,0.0,0.1089108910891089,0.12750384183766533,1.0,-0.0,0,0
280,0.0,0.1089108910891089,0.12750384183766533,1.0,-0.0,0,0
281,0.0,0.05346534653465347,0.09704990696905226,1.0,-0.0,0,0
282,0.0,0.05346534653465347,0.09704990696905226,1.0,-0.0,0,0
283,0.0,0.0,0.0,1.0,-0.0,0,0
284,0.0,0.0,0.0,1.0,-0.0,0,0
285,0.0,0.0,0.0,1.0,-0.0,0,0
286,0.0,0.013861386138613863,0.05079507064705211,1.0,-0.0,0,0
287,0.0,0.013861386138613863,0.05079507064705211,1.0,-0.0,0,0
288,0.0,0.021782178217821784,0.06230547612891991,1.0,-0.0,0,0
289,0.0,0.021782178217821784,0.06230547612891991,1.0,-0.0,0,0
290,0.0,0.021782178217821784,0.06230547612891991,1.0,-0.0,0,0
291,0.0,0.007920792079207921,0.03900537743285587,1.0,-0.0,0,0
292,0.0,0.007920792079207921,0.03900537743285587,1.0,-0.0,0,0
293,0.0,0.0,0.0,1.0,-0.0,0,0
294,0.0,0.0,0.0,1.0,-0.0,0,0
295,0.0,0.0,0.0,1.0,-0.0,0,0
296,0.0,0.0,0.0,1.0,-0.0,0,0
297,0.0,0.0,0.0,1.0,-0.0,0,0
298,0.0,0.0,0.0,1.0,-0.0,0,0
299,0.0,0.0,0.0,1.0,-0.0,0,0
300,0.0,0.0,0.0,1.0,-0.0,0,0
301,0.0,0.0,0.0,1.0,-0.0,0,0
302,0.0,0.0059405940594059415,0.033953323167291584,1.0,-0.0,0,0
303,0.0,0.0059405940594059415,0.033953323167291584,1.0,-0.0,0,0
304,0.0,0.0059405940594059415,0.033953323167291584,1.0,-0.0,0,0
305,0.0,0.01386138613861386,0.05079507064705211,1.0,-0.0,0,0
306,0.0,0.01386138613861386,0.05079507064705211,1.0,-0.0,0,0
307,0.0,0.015841584158415842,0.05401260078014202,1.0,-0.0,0,0
308,0.0,0.015841584158415842,0.05401260078014202,1.0,-0.0,0,0
309,0.0,0.05544554455445545,0.09797478714338996,1.0,-0.0,0,0
310,0.0,0.04752475247524753,0.08965727859541997,1.0,-0.0,0,0
311,0.0,0.07326732673267328,0.1115960618107356,1.0,-0.0,0,0
312,0.0,0.06534653465346536,0.09793475658517417,1.0,-0.0,0,0
313,0.0,0.06534653465346536,0.09793475658517417,1.0,-0.0,0,0
314,0.0,0.17623762376237626,0.18729365667842907,1.0,-0.0,0,0
315,0.0,0.17623762376237626,0.18729365667842907,1.0,-0.0,0,0
316,0.0,0.15049504950495052,0.16981280455064038,1.0,-0.0,0,0
317,0.0,0.2059405940594059,0.21146438137366325,1.0,-0.0,0,0
318,0.0,0.2514851485148515,0.22629773666790734,1.0,-0.0,0,0
319,0.0,0.11089108910891088,0.12734998170941408,1.0,-0.0,0,0
320,0.0,0.11089108910891088,0.12734998170941408,1.0,-0.0,0,0
321,0.0,0.13861386138613857,0.13999313775947436,1.0,-0.0,0,0
322,0.0,0.08118811881188118,0.10964648079134362,1.0,-0.0,0,0
323,0.0,0.03564356435643565,0.07653920035678292,1.0,-0.0,0,0
324,0.0,0.025742574257425745,0.06697637435757531,1.0,-0.0,0,0
325,0.0,0.025742574257425745,0.06697637435757531,1.0,-0.0,0,0
326,0.0,0.06336633663366337,0.10120342446875755,1.0,-0.0,0,0
327,0.0,0.06336633663366337,0.10120342446875755,1.0,-0.0,0,0
328,0.0,0.07326732673267328,0.10425700262248065,1.0,-0.0,0,0
329,0.0,0.07326732673267328,0.10425700262248065,1.0,-0.0,0,0
330,0.0,0.07326732673267328,0.10425700262248065,1.0,-0.0,0,0
331,0.0,0.009900990099009901,0.04338396495090424,1.0,-0.0,0,0
332,0.0,0.009900990099009901,0.04338396495090424,1.0,-0.0,0,0
333,0.0,0.0,0.0,1.0,-0.0,0,0
334,0.0,0.0,0.0,1.0,-0.0,0,0
335,0.0,0.0,0.0,1.0,-0.0,0,0
336,0.0,0.0,0.0,1.0,-0.0,0,0
337,0.0,0.0,0.0,1.0,-0.0,0,0
338,0.0,0.0,0.0,1.0,-0.0,0,0
339,0.0,0.0,0.0,1.0,-0.0,0,0
340,0.0,0.0,0.0,1.0,-0.0,0,0
341,0.0,0.0,0.0,1.0,-0.0,0,0
342,0.0,0.0,0.0,1.0,-0.0,0,0
343,0.0,0.0,0.0,1.0,-0.0,0,0
344,0.0,0.0,0.0,1.0,-0.0,0,0
345,0.0,0.0,0.0,1.0,-0.0,0,0
346,0.0,0.0,0.0,1.0,-0.0,0,0
347,0.0,0.0,0.0,1.0,-0.0,0,0
348,0.0,0.0,0.0,1.0,-0.0,0,0
349,0.0,0.0,0.0,1.0,-0.0,0,0
350,0.0,0.0,0.0,1.0,-0.0,0,0
351,0.0,0.0,0.0,1.0,-0.0,0,0
352,0.0,0.0,0.0,1.0,-0.0,0,0
353,0.0,0.0,0.0,1.0,-0.0,0,0
354,0.0,0.0,0.0,1.0,-0.0,0,0
355,0.0,0.0,0.0,1.0,-0.0,0,0
356,0.0,0.0,0.0,1.0,-0.0,0,0
357,0.0,0.0,0.0,1.0,-0.0,0,0
358,0.0,0.0,0.0,1.0,-0.0,0,0
359,0.0,0.0,0.0,1.0,-0.0,0,0
360,0.0,0.0,0.0,1.0,-0.0,0,0
361,0.0,0.0,0.0,1.0,-0.0,0,0
362,0.0,0.0,0.0,1.0,-0.0,0,0
363,0.0,0.0,0.0,1.0,-0.0,0,0
364,0.0,0.0,0.0,1.0,-0.0,0,0
365,0.0,0.0,0.0,1.0,-0.0,0,0
366,0.0,0.0,0.0,1.0,-0.0,0,0
367,0.0,0.0,0.0,1.0,-0.0,0,0
368,0.0,0.0,0.0,1.0,-0.0,0,0
369,0.0,0.0,0.0,1.0,-0.0,0,0
370,0.0,0.0,0.0,1.0,-0.0,0,0
371,0.0,0.0,0.0,1.0,-0.0,0,0
372,0.0,0.0,0.0,1.0,-0.0,0,0
373,0.0,0.0,0.0,1.0,-0.0,0,0
374,0.0,0.0,0.0,1.0,-0.0,0,0
375,0.0,0.0,0.0,1.0,-0.0,0,0
376,0.0,0.0,0.0,1.0,-0.0,0,0
377,0.0,0.0,0.0,1.0,-0.0,0,0
378,0.0,0.0,0.0,1.0,-0.0,0,0
379,0.0,0.0,0.0,1.0,-0.0,0,0
380,0.0,0.0,0.0,1.0,-0.0,0,0
381,0.0,0.0,0.0,1.0,-0.0,0,0
382,0.0,0.0,0.0,1.0,-0.0,0,0
383,0.0,0.0,0.0,1.0,-0.0,0,0
384,0.0,0.0,0.0,1.0,-0.0,0,0
385,0.0,0.0,0.0,1.0,-0.0,0,0
386,0.0,0.0,0.0,1.0,-0.0,0,0
387,0.0,0.0,0.0,1.0,-0.0,0,0
388,0.0,0.0,0.0,1.0,-0.0,0,0
389,0.0,0.0,0.0,1.0,-0.0,0,0
390,0.0,0.0,0.0,1.0,-0.0,0,0
391,0.0,0.0,0.0,1.0,-0.0,0,0
392,0.0,0.0,0.0,1.0,-0.0,0,0
393,0.0,0.0,0.0,1.0,-0.0,0,0
394,0.0,0.0,0.0,1.0,-0.0,0,0
395,0.0,0.0,0.0,1.0,-0.0,0,0
396,0.0,0.0,0.0,1.0,-0.0,0,0
397,0.0,0.0,0.0,1.0,-0.0,0,0
398,0.0,0.0059405940594059415,0.033953323167291584,1.0,-0.0,0,0
399,0.0,0.0059405940594059415,0.033953323167291584,1.0,-0.0,0,0
400,0.0,0.0059405940594059415,0.033953323167291584,1.0,-0.0,0,0
