,foreground,bg_means,bg_stdev,pvals,minus_logs,regs,active
2,1.6,1.2415841584158416,0.3022251887244663,0.11782632906768005,0.9287576527480076,0,0
3,1.6,1.1306930693069308,0.29306930693069305,0.05464956065504896,1.2624133251297378,0,0
4,1.4,0.9544554455445545,0.2653317566447851,0.04655673105432342,1.332017520946417,0,0
5,1.4,0.9544554455445545,0.2653317566447851,0.04655673105432342,1.332017520946417,0,0
6,1.0,0.778217821782178,0.21229717654159364,0.14808592064388226,0.829486230319679,0,0
7,0.4,0.3178217821782178,0.201182661499228,0.34146225303425504,0.4666572984392491,0,0
8,0.4,0.3178217821782178,0.201182661499228,0.34146225303425504,0.4666572984392491,0,0
9,0.4,0.3178217821782178,0.201182661499228,0.34146225303425504,0.4666572984392491,0,0
10,0.4,0.3178217821782178,0.201182661499228,0.34146225303425504,0.4666572984392491,0,0
11,0.8,0.7742574257425742,0.2155598124463093,0.45247053402803766,0.3444096978415423,0,0
12,0.8,0.8316831683168315,0.23162392404918355,1.0,-0.0,0,0
13,1.0,1.4356435643564356,0.30752417868906584,1.0,-0.0,0,0
14,1.4,1.5960396039603966,0.3503663689496072,1.0,-0.0,0,0
15,1.8,2.0554455445544555,0.367079792098772,1.0,-0.0,0,0
16,1.4,1.8415841584158419,0.3415942027508731,1.0,-0.0,0,0
17,1.8,2.166336633663366,0.3515952972017833,1.0,-0.0,0,0
18,1.6,1.5623762376237622,0.3720032697472917,0.4597203544381198,0.3375062671340493,0,0
19,1.6,1.6059405940594058,0.35090315782834525,1.0,-0.0,0,0
20,1.2,1.2653465346534654,0.3839440046746597,1.0,-0.0,0,0
21,0.8,0.7049504950495047,0.27660467469677974,0.3655624969299005,0.4370383649399331,0,0
22,0.4,0.3227722772277228,0.2161229885091842,0.3604215291576788,0.4431892750871992,0,0
23,0.4,0.3227722772277228,0.2161229885091842,0.3604215291576788,0.4431892750871992,0,0
24,0.0,0.1841584158415841,0.12799495137578068,1.0,-0.0,0,0
25,0.2,0.45742574257425744,0.19157840193976752,1.0,-0.0,0,0
26,0.4,0.5168316831683167,0.21666660382716724,1.0,-0.0,0,0
