,foreground,bg_means,bg_stdev,pvals,minus_logs,regs,active
2,1.0,0.24158415841584158,0.18307998940714804,1.717416006235303e-05,4.765124493814569,0,0
3,0.6,0.1861386138613861,0.1785695099817108,0.01023421158131379,1.989945608699919,0,0
4,0.6,0.1861386138613861,0.1785695099817108,0.01023421158131379,1.989945608699919,0,0
5,0.6,0.17227722772277226,0.16174715133989812,0.004091898442621513,2.3880751536393503,0,0
6,0.6,0.17227722772277226,0.16174715133989812,0.004091898442621513,2.3880751536393503,0,0
7,0.0,0.027722772277227727,0.06910862719451544,1.0,-0.0,0,0
8,0.0,0.0,0.0,1.0,-0.0,0,0
9,0.0,0.0,0.0,1.0,-0.0,0,0
10,0.0,0.06336633663366337,0.10874875419996817,1.0,-0.0,0,0
11,0.0,0.15643564356435644,0.17258422629307663,1.0,-0.0,0,0
12,0.0,0.15643564356435644,0.17258422629307663,1.0,-0.0,0,0
13,0.0,0.15643564356435644,0.17258422629307663,1.0,-0.0,0,0
14,0.0,0.15643564356435644,0.17258422629307663,1.0,-0.0,0,0
15,0.0,0.09108910891089109,0.12113245340338318,1.0,-0.0,0,0
16,0.0,0.033663366336633666,0.07482947971362845,1.0,-0.0,0,0
17,0.0,0.033663366336633666,0.07482947971362845,1.0,-0.0,0,0
18,0.0,0.061386138613861385,0.09644194583672018,1.0,-0.0,0,0
19,0.0,0.061386138613861385,0.09644194583672018,1.0,-0.0,0,0
20,0.0,0.09702970297029702,0.127780323207142,1.0,-0.0,0,0
21,0.0,0.22970297029702968,0.19977440467551033,1.0,-0.0,0,0
22,0.0,0.22970297029702968,0.19977440467551033,1.0,-0.0,0,0
23,0.0,0.21782178217821782,0.18900261384538627,1.0,-0.0,0,0
24,0.0,0.33465346534653484,0.22883070986019358,1.0,-0.0,0,0
25,0.0,0.29900990099009894,0.21548703735563077,1.0,-0.0,0,0
26,0.0,0.13465346534653463,0.14102569358229589,1.0,-0.0,0,0
27,0.0,0.39999999999999997,0.2180017258538279,1.0,-0.0,0,0
28,0.0,0.4534653465346534,0.23696277705586677,1.0,-0.0,0,0
29,0.0,0.33663366336633666,0.22678238894606587,1.0,-0.0,0,0
30,0.0,0.33663366336633666,0.22678238894606587,1.0,-0.0,0,0
31,0.0,0.33663366336633666,0.22678238894606587,1.0,-0.0,0,0
32,0.0,0.11683168316831682,0.15225649732072147,1.0,-0.0,0,0
33,0.0,0.0613861386138614,0.11166631429601336,1.0,-0.0,0,0
34,0.0,0.0613861386138614,0.11166631429601336,1.0,-0.0,0,0
35,0.0,0.0613861386138614,0.11166631429601336,1.0,-0.0,0,0
36,0.0,0.2673267326732673,0.218504779788257,1.0,-0.0,0,0
37,0.0,0.21980198019801975,0.20198019801980197,1.0,-0.0,0,0
38,0.0,0.20594059405940596,0.19590954781832298,1.0,-0.0,0,0
39,0.0,0.20594059405940596,0.19590954781832298,1.0,-0.0,0,0
40,0.0,0.20594059405940596,0.19590954781832298,1.0,-0.0,0,0
41,0.0,0.01386138613861386,0.05079507064705211,1.0,-0.0,0,0
42,0.2,0.041584158415841586,0.08590499787518362,0.03258561123651815,1.4869741281544258,0,0
43,0.2,0.041584158415841586,0.08590499787518362,0.03258561123651815,1.4869741281544258,0,0
44,0.2,0.041584158415841586,0.08590499787518362,0.03258561123651815,1.4869741281544258,0,0
45,0.2,0.11386138613861384,0.1235046822139618,0.24275991787690404,0.6148230180987456,0,0
46,0.2,0.09900990099009899,0.12145573247679727,0.20284641041846624,0.692832673191333,0,0
47,0.0,0.0712871287128713,0.10747934055534188,1.0,-0.0,0,0
48,0.0,0.0712871287128713,0.10747934055534188,1.0,-0.0,0,0
49,0.0,0.0712871287128713,0.10747934055534188,1.0,-0.0,0,0
50,0.0,0.04356435643564357,0.08721867542790195,1.0,-0.0,0,0
51,0.0,0.1603960396039604,0.15420136502124185,1.0,-0.0,0,0
52,0.0,0.1603960396039604,0.15420136502124185,1.0,-0.0,0,0
53,0.0,0.1603960396039604,0.15420136502124185,1.0,-0.0,0,0
54,0.0,0.9653465346534655,0.40109642887997476,1.0,-0.0,0,0
55,0.0,0.9207920792079208,0.3930880111269186,1.0,-0.0,0,0
56,0.0,0.9485148514851486,0.3916489288161015,1.0,-0.0,0,0
57,0.0,0.9485148514851486,0.3916489288161015,1.0,-0.0,0,0
58,0.0,0.9485148514851486,0.3916489288161015,1.0,-0.0,0,0
59,0.0,0.14257425742574256,0.1550129567586608,1.0,-0.0,0,0
60,0.0,0.14257425742574256,0.1550129567586608,1.0,-0.0,0,0
61,0.0,0.0,0.0,1.0,-0.0,0,0
62,0.0,0.0,0.0,1.0,-0.0,0,0
63,0.0,0.0,0.0,1.0,-0.0,0,0
64,0.0,0.0,0.0,1.0,-0.0,0,0
65,0.0,0.0,0.0,1.0,-0.0,0,0
66,0.0,0.0,0.0,1.0,-0.0,0,0
67,0.0,0.0,0.0,1.0,-0.0,0,0
68,0.2,0.05346534653465348,0.10104832334394513,0.07350913727109526,1.1336586742521855,0,0
69,0.2,0.05346534653465348,0.10104832334394513,0.07350913727109526,1.1336586742521855,0,0
70,0.2,0.05346534653465348,0.10104832334394513,0.07350913727109526,1.1336586742521855,0,0
71,0.2,0.07326732673267328,0.11509022642946844,0.13541366575877595,0.8683375050442039,0,0
72,0.8,0.29504950495049503,0.22266444034646485,0.011671784593406148,1.9328627360870445,0,0
73,0.6,0.24158415841584158,0.19359410776396424,0.03205760721192842,1.4940688966243263,0,0
74,0.6,0.25742574257425743,0.20360441875686264,0.046231288965905115,1.3350639979100436,0,0
75,0.6,0.293069306930693,0.2135310980864724,0.07530145781430092,1.1231966159031777,0,0
76,0.6,0.27326732673267323,0.2043541330747554,0.05492638751295637,1.2602189634177505,0,0
77,0.0,0.05148514851485149,0.10773441987117183,1.0,-0.0,0,0
78,0.0,0.05148514851485149,0.10773441987117183,1.0,-0.0,0,0
79,0.0,0.039603960396039604,0.09757374253271224,1.0,-0.0,0,0
80,0.0,0.015841584158415842,0.05401260078014202,1.0,-0.0,0,0
81,0.0,0.02970297029702971,0.07112192077650681,1.0,-0.0,0,0
82,0.0,0.041584158415841586,0.08590499787518362,1.0,-0.0,0,0
83,0.0,0.05544554455445545,0.09384550979067553,1.0,-0.0,0,0
84,0.0,0.051485148514851496,0.09186070102766894,1.0,-0.0,0,0
85,0.0,0.039603960396039604,0.08452453849668534,1.0,-0.0,0,0
86,0.0,0.047524752475247525,0.08965727859541998,1.0,-0.0,0,0
87,0.0,0.03564356435643565,0.08154954567118415,1.0,-0.0,0,0
88,0.0,0.021782178217821784,0.06230547612891991,1.0,-0.0,0,0
89,0.0,0.021782178217821784,0.06230547612891991,1.0,-0.0,0,0
90,0.0,0.021782178217821784,0.06230547612891991,1.0,-0.0,0,0
91,0.0,0.0,0.0,1.0,-0.0,0,0
92,0.0,0.0,0.0,1.0,-0.0,0,0
93,0.0,0.0,0.0,1.0,-0.0,0,0
94,0.0,0.0,0.0,1.0,-0.0,0,0
95,0.0,0.0,0.0,1.0,-0.0,0,0
96,0.0,0.0,0.0,1.0,-0.0,0,0
97,0.0,0.0,0.0,1.0,-0.0,0,0
98,0.6,0.2514851485148515,0.21918564914093802,0.05591243076003228,1.2524916266338098,0,0
99,0.6,0.2871287128712871,0.23448421017018475,0.09105347351670846,1.0407034820451715,0,0
100,0.6,0.2871287128712871,0.23448421017018475,0.09105347351670846,1.0407034820451715,0,0
101,0.6,0.2871287128712871,0.23448421017018475,0.09105347351670846,1.0407034820451715,0,0
102,0.6,0.2871287128712871,0.23448421017018475,0.09105347351670846,1.0407034820451715,0,0
103,0.0,0.03564356435643565,0.07653920035678292,1.0,-0.0,0,0
104,0.0,0.0,0.0,1.0,-0.0,0,0
105,0.0,0.025742574257425745,0.0669763743575753,1.0,-0.0,0,0
106,0.0,0.025742574257425745,0.0669763743575753,1.0,-0.0,0,0
107,0.0,0.025742574257425745,0.0669763743575753,1.0,-0.0,0,0
108,0.0,0.025742574257425745,0.0669763743575753,1.0,-0.0,0,0
109,0.0,0.025742574257425745,0.0669763743575753,1.0,-0.0,0,0
110,0.0,0.0,0.0,1.0,-0.0,0,0
111,0.0,0.0,0.0,1.0,-0.0,0,0
112,0.0,0.0,0.0,1.0,-0.0,0,0
113,0.0,0.0,0.0,1.0,-0.0,0,0
114,0.0,0.0,0.0,1.0,-0.0,0,0
115,0.0,0.0,0.0,1.0,-0.0,0,0
116,0.0,0.0,0.0,1.0,-0.0,0,0
117,0.0,0.0,0.0,1.0,-0.0,0,0
118,0.0,0.0,0.0,1.0,-0.0,0,0
119,0.0,0.0,0.0,1.0,-0.0,0,0
120,0.0,0.0,0.0,1.0,-0.0,0,0
121,0.0,0.019801980198019806,0.05973506189702319,1.0,-0.0,0,0
122,0.0,0.07524752475247526,0.1189108498693262,1.0,-0.0,0,0
123,0.4,1.097029702970297,0.41612437343568154,1.0,-0.0,0,0
124,0.4,1.097029702970297,0.41612437343568154,1.0,-0.0,0,0
125,0.6,1.4257425742574261,0.445584156655822,1.0,-0.0,0,0
126,0.6,1.4059405940594059,0.44805891191911595,1.0,-0.0,0,0
127,1.2,1.5504950495049505,0.4712788084796804,1.0,-0.0,0,0
128,0.8,0.5485148514851484,0.2574105098311112,0.16428930707991196,0.7843907020993988,0,0
129,0.8,0.5485148514851484,0.2574105098311112,0.16428930707991196,0.7843907020993988,0,0
130,0.6,0.21782178217821785,0.201182661499228,0.028739018994701385,1.5415280605740735,0,0
131,0.6,0.21782178217821785,0.201182661499228,0.028739018994701385,1.5415280605740735,0,0
132,0.0,0.017821782178217824,0.056980176514606566,1.0,-0.0,0,0
133,0.0,0.0,0.0,1.0,-0.0,0,0
134,0.0,0.0,0.0,1.0,-0.0,0,0
135,0.0,0.0,0.0,1.0,-0.0,0,0
136,0.0,0.0,0.0,1.0,-0.0,0,0
137,0.0,0.0,0.0,1.0,-0.0,0,0
138,0.0,0.0,0.0,1.0,-0.0,0,0
139,0.0,0.0,0.0,1.0,-0.0,0,0
140,0.0,0.0,0.0,1.0,-0.0,0,0
141,0.0,0.0,0.0,1.0,-0.0,0,0
142,0.0,0.0,0.0,1.0,-0.0,0,0
143,0.0,0.0,0.0,1.0,-0.0,0,0
144,0.0,0.0,0.0,1.0,-0.0,0,0
145,0.0,0.0,0.0,1.0,-0.0,0,0
146,0.0,0.0,0.0,1.0,-0.0,0,0
147,0.0,0.0,0.0,1.0,-0.0,0,0
148,0.0,0.0,0.0,1.0,-0.0,0,0
149,0.0,0.0,0.0,1.0,-0.0,0,0
150,0.0,0.0,0.0,1.0,-0.0,0,0
151,0.0,0.0,0.0,1.0,-0.0,0,0
152,0.0,0.0,0.0,1.0,-0.0,0,0
153,0.0,0.0,0.0,1.0,-0.0,0,0
154,0.0,0.0,0.0,1.0,-0.0,0,0
155,0.0,0.0,0.0,1.0,-0.0,0,0
156,0.2,0.05346534653465347,0.09704990696905225,0.06553578757099188,1.1835214771048095,0,0
157,0.2,0.05346534653465347,0.09704990696905225,0.06553578757099188,1.1835214771048095,0,0
158,0.2,0.05346534653465347,0.09704990696905225,0.06553578757099188,1.1835214771048095,0,0
159,0.2,0.05346534653465347,0.09704990696905225,0.06553578757099188,1.1835214771048095,0,0
160,0.4,0.10495049504950493,0.1423816080178024,0.019121322397794335,1.7184820759613122,0,0
161,0.2,0.05148514851485149,0.11134982906542217,0.09113993201541233,1.0402912997094873,0,0
162,0.2,0.05148514851485149,0.11134982906542217,0.09113993201541233,1.0402912997094873,0,0
163,0.2,0.05148514851485149,0.11134982906542217,0.09113993201541233,1.0402912997094873,0,0
164,0.2,0.05148514851485149,0.11134982906542217,0.09113993201541233,1.0402912997094873,0,0
165,0.0,0.0,0.0,1.0,-0.0,0,0
166,0.0,0.039603960396039604,0.07970143286137865,1.0,-0.0,0,0
167,0.2,0.05544554455445544,0.10575073206193021,0.0858227237563678,1.0663977063776964,0,0
168,0.2,0.05544554455445544,0.10575073206193021,0.0858227237563678,1.0663977063776964,0,0
169,0.2,0.05544554455445544,0.10575073206193021,0.0858227237563678,1.0663977063776964,0,0
170,0.6,0.13168316831683166,0.1521663323044604,0.0010431502805857405,2.9816531207895283,0,0
171,0.6,0.09108910891089109,0.12750384183766536,3.285082223586013e-05,4.483453755844598,0,0
172,0.4,0.07524752475247526,0.10845991237726064,0.0013757524682680058,2.8614596993387478,0,0
173,0.4,0.07524752475247526,0.10845991237726064,0.0013757524682680058,2.8614596993387478,0,0
174,0.4,0.07524752475247526,0.10845991237726064,0.0013757524682680058,2.8614596993387478,0,0
175,0.0,0.0,0.0,1.0,-0.0,0,0
176,0.0,0.0,0.0,1.0,-0.0,0,0
177,0.0,0.0,0.0,1.0,-0.0,0,0
178,0.0,0.015841584158415842,0.05401260078014202,1.0,-0.0,0,0
179,0.0,0.03564356435643565,0.07653920035678292,1.0,-0.0,0,0
180,0.0,0.03564356435643565,0.07653920035678292,1.0,-0.0,0,0
181,0.0,0.12079207920792079,0.12611234319279727,1.0,-0.0,0,0
182,0.0,0.12079207920792079,0.12611234319279727,1.0,-0.0,0,0
183,0.0,0.1287128712871287,0.1337476815110359,1.0,-0.0,0,0
184,0.0,0.10693069306930691,0.12762679639066946,1.0,-0.0,0,0
185,0.0,0.2475247524752475,0.21088876492002406,1.0,-0.0,0,0
186,0.4,0.33069306930693076,0.22415631668191094,0.3785884337571788,0.4218326582860201,0,0
187,0.8,0.5108910891089109,0.3024327075464282,0.1695501145340052,0.7707019125124378,0,0
188,0.8,0.4871287128712872,0.30366192976962486,0.15142810821911057,0.8197935032281125,0,0
189,0.8,0.5188118811881188,0.31738812523006465,0.1878238406697958,0.7262492831338285,0,0
190,0.8,0.38019801980198026,0.28354886843039606,0.06936622470408135,1.1588519415794938,0,0
191,0.6,1.2495049504950495,0.4372786596818057,1.0,-0.0,0,0
192,0.2,1.0673267326732674,0.4261522321060029,1.0,-0.0,0,0
193,0.2,1.0673267326732674,0.4261522321060029,1.0,-0.0,0,0
194,0.2,1.0356435643564355,0.42626263424052513,1.0,-0.0,0,0
195,0.2,1.1346534653465348,0.46595704632792584,1.0,-0.0,0,0
196,0.0,0.09702970297029702,0.12464241569787102,1.0,-0.0,0,0
197,0.0,0.10693069306930691,0.1306930693069307,1.0,-0.0,0,0
198,0.0,0.10693069306930691,0.1306930693069307,1.0,-0.0,0,0
199,0.0,0.15049504950495046,0.1526166246970114,1.0,-0.0,0,0
200,0.0,0.08118811881188118,0.10597297552680915,1.0,-0.0,0,0
201,0.0,0.08118811881188118,0.10597297552680915,1.0,-0.0,0,0
202,0.0,0.0712871287128713,0.09578920096988376,1.0,-0.0,0,0
203,0.0,0.0712871287128713,0.09578920096988376,1.0,-0.0,0,0
204,0.0,0.0297029702970297,0.07112192077650681,1.0,-0.0,0,0
205,0.0,0.0,0.0,1.0,-0.0,0,0
206,0.0,0.0,0.0,1.0,-0.0,0,0
207,0.0,0.0,0.0,1.0,-0.0,0,0
208,0.0,0.0,0.0,1.0,-0.0,0,0
209,0.0,0.0,0.0,1.0,-0.0,0,0
210,0.0,0.0,0.0,1.0,-0.0,0,0
211,0.2,0.03762376237623763,0.07816140339006158,0.01888012292982573,1.723995182306426,0,0
212,0.2,0.03762376237623763,0.07816140339006158,0.01888012292982573,1.723995182306426,0,0
213,0.2,0.03762376237623763,0.07816140339006158,0.01888012292982573,1.723995182306426,0,0
214,0.6,0.31287128712871287,0.2361671527267418,0.11203323073896272,0.9506531399549404,0,0
215,0.6,0.31287128712871287,0.2361671527267418,0.11203323073896272,0.9506531399549404,0,0
216,0.4,0.3188118811881188,0.2219235758593568,0.3572429112560153,0.44703638012394864,0,0
217,0.8,1.289108910891089,0.5022525478300575,1.0,-0.0,0,0
218,0.8,1.289108910891089,0.5022525478300575,1.0,-0.0,0,0
219,0.4,1.0138613861386139,0.43350510245613527,1.0,-0.0,0,0
220,0.4,1.0138613861386139,0.43350510245613527,1.0,-0.0,0,0
221,0.4,0.9702970297029703,0.42718154242569645,1.0,-0.0,0,0
222,0.0,0.0,0.0,1.0,-0.0,0,0
223,0.0,0.0,0.0,1.0,-0.0,0,0
224,0.0,0.0,0.0,1.0,-0.0,0,0
225,0.0,0.0,0.0,1.0,-0.0,0,0
226,0.0,0.0,0.0,1.0,-0.0,0,0
227,0.0,0.0,0.0,1.0,-0.0,0,0
228,0.0,0.0,0.0,1.0,-0.0,0,0
229,0.2,0.25346534653465347,0.18645433514983512,1.0,-0.0,0,0
230,0.2,0.45940594059405954,0.26632007015373355,1.0,-0.0,0,0
231,0.2,0.502970297029703,0.2823015190050968,1.0,-0.0,0,0
232,0.2,0.502970297029703,0.2823015190050968,1.0,-0.0,0,0
233,0.2,0.7188118811881188,0.31235701561734136,1.0,-0.0,0,0
234,0.0,0.5297029702970297,0.2805738654108279,1.0,-0.0,0,0
235,0.0,0.32277227722772284,0.23202986668407174,1.0,-0.0,0,0
236,0.0,0.2792079207920792,0.22174681471951554,1.0,-0.0,0,0
237,0.0,0.2792079207920792,0.22174681471951554,1.0,-0.0,0,0
238,0.0,0.06534653465346535,0.0938037170877387,1.0,-0.0,0,0
239,0.0,0.0297029702970297,0.07112192077650681,1.0,-0.0,0,0
240,0.0,0.0297029702970297,0.07112192077650681,1.0,-0.0,0,0
241,0.0,0.08514851485148513,0.12054836637801526,1.0,-0.0,0,0
242,0.0,0.08514851485148513,0.12054836637801526,1.0,-0.0,0,0
243,0.0,0.08514851485148513,0.12054836637801526,1.0,-0.0,0,0
244,0.0,0.05544554455445546,0.10575073206193021,1.0,-0.0,0,0
245,0.0,0.05544554455445546,0.10575073206193021,1.0,-0.0,0,0
246,0.0,0.0,0.0,1.0,-0.0,0,0
247,0.0,0.027722772277227727,0.07461957893630405,1.0,-0.0,0,0
248,0.2,0.17623762376237617,0.15488642587743504,0.4390342986246753,0.3575015500959867,0,0
249,0.2,0.20594059405940587,0.16520121674941948,1.0,-0.0,0,0
250,0.2,0.27128712871287125,0.20408532173383087,1.0,-0.0,0,0
251,0.2,0.27128712871287125,0.20408532173383087,1.0,-0.0,0,0
252,0.2,0.2574257425742574,0.19566921706195048,1.0,-0.0,0,0
253,0.2,0.12871287128712872,0.16550949460567813,0.3333384496102347,0.47711458885834046,0,0
254,0.2,0.09900990099009901,0.14246420394934614,0.239199312215381,0.6212400734356929,0,0
255,0.2,0.06534653465346535,0.10189845806153354,0.09317609402087902,1.03069549930456,0,0
256,0.2,0.08316831683168316,0.12028786177019754,0.16570755996746261,0.7806576775960139,0,0
257,0.2,0.06930693069306931,0.11057238501634631,0.11860911207080795,0.925881945288305,0,0
258,0.0,0.04950495049504951,0.09504950495049506,1.0,-0.0,0,0
259,0.6,0.7920792079207919,0.3625222883736798,1.0,-0.0,0,0
260,0.6,0.8158415841584158,0.38039392642477454,1.0,-0.0,0,0
261,0.6,0.8079207920792079,0.364700655309983,1.0,-0.0,0,0
262,3.2,1.5722772277227721,0.4817704173420965,0.00036424323826844647,3.438608501630611,0,0
263,4.0,1.7346534653465349,0.49401079147317395,2.263189166680757e-06,5.645279144404913,0,0
264,3.4,0.9920792079207921,0.37434647167406043,6.283045123205588e-11,10.201829821282178,0,0
265,4.8,1.7702970297029703,0.5107836252008825,1.5010786717163704e-09,8.823596545733448,0,0
266,4.8,1.7683168316831683,0.5125997981691284,1.6661696331137498e-09,8.77828078505714,0,0
267,2.2,1.003960396039604,0.4221399495965618,0.0023036687957459284,2.6375799603701635,0,0
268,1.4,0.8732673267326733,0.36987851607687344,0.07721319292842307,1.1123084881811702,0,0
269,1.8,1.0534653465346535,0.4248620874514373,0.03944848169073687,1.4039697074361612,0,0
270,0.6,0.500990099009901,0.28649298006189033,0.3648243921965499,0.43791613239894644,0,0
271,0.6,0.5316831683168317,0.3085997417493792,0.41239951705047506,0.3846818519783284,0,0
272,0.6,0.5316831683168317,0.3085997417493792,0.41239951705047506,0.3846818519783284,0,0
273,0.6,0.499009900990099,0.29197010884065827,0.36471197384079623,0.4380499781514758,0,0
274,0.2,0.3445544554455445,0.24229727569017706,1.0,-0.0,0,0
275,0.0,0.0613861386138614,0.10806149425459212,1.0,-0.0,0,0
276,0.0,0.25346534653465347,0.20851400524496133,1.0,-0.0,0,0
277,0.0,0.3485148514851485,0.2262977366679074,1.0,-0.0,0,0
278,0.2,0.9386138613861386,0.39375579128972643,1.0,-0.0,0,0
279,0.2,0.9148514851485149,0.40623510205465835,1.0,-0.0,0,0
280,0.4,0.9623762376237625,0.41716902696522407,1.0,-0.0,0,0
