,foreground,bg_means,bg_stdev,pvals,minus_logs,regs,active
2,0.0,0.033663366336633666,0.07482947971362845,1.0,-0.0,0,0
3,0.0,0.033663366336633666,0.07482947971362845,1.0,-0.0,0,0
4,0.0,0.013861386138613863,0.05079507064705212,1.0,-0.0,0,0
5,0.0,0.013861386138613863,0.05079507064705212,1.0,-0.0,0,0
6,0.0,0.013861386138613863,0.05079507064705212,1.0,-0.0,0,0
7,0.0,0.013861386138613863,0.05079507064705212,1.0,-0.0,0,0
8,0.0,0.033663366336633666,0.07994704648786674,1.0,-0.0,0,0
9,0.0,0.019801980198019802,0.0597350618970232,1.0,-0.0,0,0
10,0.0,0.019801980198019802,0.0597350618970232,1.0,-0.0,0,0
11,0.0,0.051485148514851496,0.096075322540263,1.0,-0.0,0,0
12,0.0,0.0594059405940594,0.09968089464279778,1.0,-0.0,0,0
13,0.0,0.039603960396039604,0.08452453849668534,1.0,-0.0,0,0
14,0.0,0.039603960396039604,0.08452453849668534,1.0,-0.0,0,0
15,0.0,0.039603960396039604,0.08452453849668534,1.0,-0.0,0,0
16,0.0,0.011881188118811883,0.047276579747775535,1.0,-0.0,0,0
17,0.0,0.0039603960396039604,0.027863855998951064,1.0,-0.0,0,0
18,0.0,0.0039603960396039604,0.027863855998951064,1.0,-0.0,0,0
19,0.0,0.0039603960396039604,0.027863855998951064,1.0,-0.0,0,0
20,0.0,0.0039603960396039604,0.027863855998951064,1.0,-0.0,0,0
21,0.0,0.0,0.0,1.0,-0.0,0,0
22,0.0,0.0,0.0,1.0,-0.0,0,0
23,0.0,0.0,0.0,1.0,-0.0,0,0
24,0.0,0.0,0.0,1.0,-0.0,0,0
25,0.0,0.0,0.0,1.0,-0.0,0,0
26,0.0,0.0,0.0,1.0,-0.0,0,0
27,0.0,0.0,0.0,1.0,-0.0,0,0
28,0.0,0.0,0.0,1.0,-0.0,0,0
29,0.0,0.011881188118811883,0.04727657974777555,1.0,-0.0,0,0
30,0.0,0.019801980198019802,0.059735061897023205,1.0,-0.0,0,0
31,0.0,0.019801980198019802,0.059735061897023205,1.0,-0.0,0,0
32,0.0,0.019801980198019802,0.059735061897023205,1.0,-0.0,0,0
33,0.0,0.019801980198019802,0.059735061897023205,1.0,-0.0,0,0
34,0.0,0.0297029702970297,0.07112192077650681,1.0,-0.0,0,0
35,0.0,0.021782178217821784,0.06230547612891991,1.0,-0.0,0,0
36,0.0,0.0297029702970297,0.07112192077650681,1.0,-0.0,0,0
37,0.0,0.05148514851485149,0.096075322540263,1.0,-0.0,0,0
38,0.0,0.05148514851485149,0.096075322540263,1.0,-0.0,0,0
39,0.0,0.0297029702970297,0.0815014480287393,1.0,-0.0,0,0
40,0.0,0.0297029702970297,0.0815014480287393,1.0,-0.0,0,0
41,0.0,0.05346534653465347,0.09287951999650358,1.0,-0.0,0,0
42,0.0,0.0594059405940594,0.10357779667819421,1.0,-0.0,0,0
43,0.0,0.0594059405940594,0.10357779667819421,1.0,-0.0,0,0
44,0.0,0.0594059405940594,0.10357779667819421,1.0,-0.0,0,0
45,0.2,0.100990099009901,0.1367914141716479,0.23459364655241444,0.629683753962141,0,0
46,0.2,0.07920792079207921,0.11631029826208643,0.1495109975624142,0.8253268608177716,0,0
47,0.2,0.051485148514851496,0.1001126705723924,0.06897385175696842,1.1613155207112391,0,0
48,0.2,0.10891089108910891,0.13057300215314485,0.24271037887342684,0.6149116518053507,0,0
49,0.2,0.10891089108910891,0.13057300215314485,0.24271037887342684,0.6149116518053507,0,0
50,0.0,0.06732673267326734,0.10255055347504202,1.0,-0.0,0,0
51,0.0,0.057425742574257435,0.09885135821266286,1.0,-0.0,0,0
52,0.0,0.057425742574257435,0.09885135821266286,1.0,-0.0,0,0
53,0.0,0.0,0.0,1.0,-0.0,0,0
54,0.0,0.0,0.0,1.0,-0.0,0,0
55,0.0,0.0,0.0,1.0,-0.0,0,0
56,0.0,0.0,0.0,1.0,-0.0,0,0
57,0.0,0.0,0.0,1.0,-0.0,0,0
58,0.0,0.0,0.0,1.0,-0.0,0,0
59,0.0,0.0,0.0,1.0,-0.0,0,0
60,0.0,0.04158415841584159,0.08116396646304633,1.0,-0.0,0,0
61,0.0,0.04158415841584159,0.08116396646304633,1.0,-0.0,0,0
62,0.0,0.057425742574257435,0.09048443294095733,1.0,-0.0,0,0
63,0.0,0.07326732673267328,0.10798889666879984,1.0,-0.0,0,0
64,0.0,0.07326732673267328,0.10798889666879984,1.0,-0.0,0,0
65,0.0,0.031683168316831684,0.07302609471123078,1.0,-0.0,0,0
66,0.0,0.05148514851485149,0.09186070102766893,1.0,-0.0,0,0
67,0.0,0.057425742574257435,0.09476028605152792,1.0,-0.0,0,0
68,0.0,0.06336633663366338,0.10504385908811757,1.0,-0.0,0,0
69,0.0,0.07722772277227724,0.10889288780093088,1.0,-0.0,0,0
70,0.0,0.07722772277227724,0.10889288780093088,1.0,-0.0,0,0
71,0.0,0.057425742574257435,0.09048443294095733,1.0,-0.0,0,0
72,0.0,0.03564356435643564,0.07653920035678292,1.0,-0.0,0,0
73,0.0,0.013861386138613863,0.05079507064705211,1.0,-0.0,0,0
74,0.0,0.0,0.0,1.0,-0.0,0,0
75,0.0,0.0,0.0,1.0,-0.0,0,0
76,0.0,0.0,0.0,1.0,-0.0,0,0
77,0.0,0.0,0.0,1.0,-0.0,0,0
78,0.0,0.033663366336633666,0.07482947971362847,1.0,-0.0,0,0
79,0.0,0.033663366336633666,0.07482947971362847,1.0,-0.0,0,0
80,0.0,0.05148514851485149,0.09186070102766893,1.0,-0.0,0,0
81,0.0,0.05148514851485149,0.09186070102766893,1.0,-0.0,0,0
82,0.0,0.05148514851485149,0.09186070102766893,1.0,-0.0,0,0
83,0.0,0.017821782178217824,0.056980176514606566,1.0,-0.0,0,0
84,0.2,0.08316831683168316,0.13280619910579972,0.1895067021318459,0.7223754260789861,0,0
85,0.2,0.06534653465346535,0.1164113937164283,0.12369676173807938,0.9076416696327345,0,0
86,0.2,0.06534653465346535,0.1164113937164283,0.12369676173807938,0.9076416696327345,0,0
87,0.2,0.06534653465346535,0.1164113937164283,0.12369676173807938,0.9076416696327345,0,0
88,0.2,0.06534653465346535,0.1164113937164283,0.12369676173807938,0.9076416696327345,0,0
89,0.0,0.0,0.0,1.0,-0.0,0,0
90,0.0,0.0,0.0,1.0,-0.0,0,0
91,0.0,0.0,0.0,1.0,-0.0,0,0
92,0.0,0.0,0.0,1.0,-0.0,0,0
93,0.0,0.0,0.0,1.0,-0.0,0,0
94,0.0,0.0,0.0,1.0,-0.0,0,0
95,0.0,0.0,0.0,1.0,-0.0,0,0
96,0.2,0.03564356435643565,0.08154954567118415,0.0219304263845019,1.6589529244266186,0,0
97,0.2,0.03564356435643565,0.08154954567118415,0.0219304263845019,1.6589529244266186,0,0
98,0.2,0.03564356435643565,0.08154954567118415,0.0219304263845019,1.6589529244266186,0,0
99,0.2,0.03564356435643565,0.08154954567118415,0.0219304263845019,1.6589529244266186,0,0
100,0.2,0.03564356435643565,0.08154954567118415,0.0219304263845019,1.6589529244266186,0,0
101,0.0,0.0,0.0,1.0,-0.0,0,0
102,0.0,0.0,0.0,1.0,-0.0,0,0
103,0.0,0.0,0.0,1.0,-0.0,0,0
104,0.0,0.0,0.0,1.0,-0.0,0,0
105,0.0,0.0,0.0,1.0,-0.0,0,0
106,0.2,0.04554455445544555,0.08846854615322249,0.040415922396446834,1.3934475050229045,0,0
107,0.2,0.04554455445544555,0.08846854615322249,0.040415922396446834,1.3934475050229045,0,0
108,0.2,0.04554455445544555,0.08846854615322249,0.040415922396446834,1.3934475050229045,0,0
109,0.2,0.23168316831683164,0.1923953711127306,1.0,-0.0,0,0
110,0.2,0.2574257425742574,0.20935853687175557,1.0,-0.0,0,0
111,0.0,0.23762376237623759,0.19235460506266755,1.0,-0.0,0,0
112,0.0,0.31287128712871287,0.2223472292691992,1.0,-0.0,0,0
113,0.0,0.3346534653465348,0.22709340493990418,1.0,-0.0,0,0
114,0.0,0.1584158415841584,0.17421241542909127,1.0,-0.0,0,0
115,0.0,0.13069306930693067,0.16515373831281616,1.0,-0.0,0,0
116,0.0,0.10495049504950493,0.14513649268759363,1.0,-0.0,0,0
117,0.0,0.0297029702970297,0.07112192077650681,1.0,-0.0,0,0
118,0.0,0.007920792079207921,0.03900537743285587,1.0,-0.0,0,0
119,0.0,0.0,0.0,1.0,-0.0,0,0
120,0.0,0.013861386138613863,0.05079507064705211,1.0,-0.0,0,0
121,0.0,0.013861386138613863,0.05079507064705211,1.0,-0.0,0,0
122,0.0,0.013861386138613863,0.05079507064705211,1.0,-0.0,0,0
123,0.0,0.013861386138613863,0.05079507064705211,1.0,-0.0,0,0
124,0.0,0.013861386138613863,0.05079507064705211,1.0,-0.0,0,0
125,0.0,0.0,0.0,1.0,-0.0,0,0
126,0.0,0.0,0.0,1.0,-0.0,0,0
127,0.0,0.0,0.0,1.0,-0.0,0,0
128,0.0,0.0,0.0,1.0,-0.0,0,0
129,0.0,0.0,0.0,1.0,-0.0,0,0
130,0.0,0.0,0.0,1.0,-0.0,0,0
131,0.2,0.033663366336633666,0.08475617647141663,0.024850340762334614,1.6046676515911364,0,0
132,0.2,0.033663366336633666,0.08475617647141663,0.024850340762334614,1.6046676515911364,0,0
133,0.2,0.033663366336633666,0.08475617647141663,0.024850340762334614,1.6046676515911364,0,0
134,0.2,0.033663366336633666,0.08475617647141663,0.024850340762334614,1.6046676515911364,0,0
135,0.2,0.033663366336633666,0.08475617647141663,0.024850340762334614,1.6046676515911364,0,0
136,0.0,0.0059405940594059415,0.03395332316729157,1.0,-0.0,0,0
137,0.0,0.0059405940594059415,0.03395332316729157,1.0,-0.0,0,0
138,0.0,0.0059405940594059415,0.03395332316729157,1.0,-0.0,0,0
139,0.0,0.0059405940594059415,0.03395332316729157,1.0,-0.0,0,0
140,0.0,0.0059405940594059415,0.03395332316729157,1.0,-0.0,0,0
141,0.0,0.023762376237623766,0.06471340450838889,1.0,-0.0,0,0
142,0.0,0.023762376237623766,0.06471340450838889,1.0,-0.0,0,0
143,0.0,0.023762376237623766,0.06471340450838889,1.0,-0.0,0,0
144,0.0,0.023762376237623766,0.06471340450838889,1.0,-0.0,0,0
145,0.0,0.023762376237623766,0.06471340450838889,1.0,-0.0,0,0
146,0.0,0.0,0.0,1.0,-0.0,0,0
147,0.0,0.0,0.0,1.0,-0.0,0,0
148,0.0,0.023762376237623766,0.06471340450838887,1.0,-0.0,0,0
149,0.0,0.023762376237623766,0.06471340450838887,1.0,-0.0,0,0
150,0.0,0.023762376237623766,0.06471340450838887,1.0,-0.0,0,0
151,0.0,0.023762376237623766,0.06471340450838887,1.0,-0.0,0,0
152,0.0,0.04554455445544555,0.08387254884969257,1.0,-0.0,0,0
153,0.0,0.021782178217821784,0.06230547612891991,1.0,-0.0,0,0
154,0.0,0.021782178217821784,0.06230547612891991,1.0,-0.0,0,0
155,0.0,0.021782178217821784,0.06230547612891991,1.0,-0.0,0,0
156,0.0,0.021782178217821784,0.06230547612891991,1.0,-0.0,0,0
157,0.0,0.0,0.0,1.0,-0.0,0,0
158,0.0,0.0,0.0,1.0,-0.0,0,0
159,0.0,0.0,0.0,1.0,-0.0,0,0
160,0.0,0.0,0.0,1.0,-0.0,0,0
161,0.0,0.0,0.0,1.0,-0.0,0,0
162,0.0,0.0,0.0,1.0,-0.0,0,0
163,0.0,0.0,0.0,1.0,-0.0,0,0
164,0.0,0.0,0.0,1.0,-0.0,0,0
165,0.0,0.0,0.0,1.0,-0.0,0,0
166,0.0,0.0,0.0,1.0,-0.0,0,0
167,0.0,0.0,0.0,1.0,-0.0,0,0
168,0.0,0.0,0.0,1.0,-0.0,0,0
169,0.0,0.0,0.0,1.0,-0.0,0,0
170,0.0,0.011881188118811881,0.047276579747775535,1.0,-0.0,0,0
171,0.0,0.011881188118811881,0.047276579747775535,1.0,-0.0,0,0
172,0.0,0.011881188118811881,0.047276579747775535,1.0,-0.0,0,0
173,0.0,0.011881188118811881,0.047276579747775535,1.0,-0.0,0,0
174,0.0,0.011881188118811881,0.047276579747775535,1.0,-0.0,0,0
175,0.0,0.015841584158415842,0.05401260078014202,1.0,-0.0,0,0
176,0.0,0.015841584158415842,0.05401260078014202,1.0,-0.0,0,0
177,0.0,0.015841584158415842,0.05401260078014202,1.0,-0.0,0,0
178,0.0,0.015841584158415842,0.05401260078014202,1.0,-0.0,0,0
179,0.0,0.015841584158415842,0.05401260078014202,1.0,-0.0,0,0
180,0.0,0.03762376237623763,0.07816140339006158,1.0,-0.0,0,0
181,0.0,0.03762376237623763,0.07816140339006158,1.0,-0.0,0,0
182,0.0,0.06732673267326733,0.09451167971312258,1.0,-0.0,0,0
183,0.0,0.08514851485148514,0.11025275966000045,1.0,-0.0,0,0
184,0.0,0.08514851485148514,0.11025275966000045,1.0,-0.0,0,0
185,0.0,0.06534653465346535,0.10571364605971598,1.0,-0.0,0,0
186,0.0,0.10099009900990098,0.12781100644043505,1.0,-0.0,0,0
187,0.0,0.0712871287128713,0.11461224656227946,1.0,-0.0,0,0
188,0.0,0.05346534653465347,0.10489443673781407,1.0,-0.0,0,0
189,0.0,0.05346534653465347,0.10489443673781407,1.0,-0.0,0,0
190,0.0,0.03564356435643565,0.08154954567118416,1.0,-0.0,0,0
191,0.0,0.0,0.0,1.0,-0.0,0,0
192,0.0,0.0,0.0,1.0,-0.0,0,0
193,0.0,0.0059405940594059415,0.03395332316729158,1.0,-0.0,0,24
194,0.0,0.0059405940594059415,0.03395332316729158,1.0,-0.0,0,0
195,0.0,0.0059405940594059415,0.03395332316729158,1.0,-0.0,0,0
196,0.0,0.0059405940594059415,0.03395332316729158,1.0,-0.0,0,0
197,0.0,0.0059405940594059415,0.03395332316729158,1.0,-0.0,0,0
198,0.0,0.019801980198019802,0.059735061897023205,1.0,-0.0,0,0
199,0.0,0.019801980198019802,0.059735061897023205,1.0,-0.0,0,0
200,0.0,0.019801980198019802,0.059735061897023205,1.0,-0.0,0,0
201,0.0,0.019801980198019802,0.059735061897023205,1.0,-0.0,0,0
202,0.0,0.019801980198019802,0.059735061897023205,1.0,-0.0,0,0
203,0.0,0.025742574257425745,0.0669763743575753,1.0,-0.0,0,0
204,0.0,0.025742574257425745,0.0669763743575753,1.0,-0.0,0,0
205,0.0,0.06534653465346535,0.10189845806153354,1.0,-0.0,0,0
206,0.0,0.09108910891089109,0.11440678673785577,1.0,-0.0,0,0
207,0.0,0.1485148514851485,0.14529850556708232,1.0,-0.0,0,0
208,0.0,0.12277227722772276,0.13191745702927898,1.0,-0.0,0,0
209,0.0,0.17623762376237617,0.15742262902456866,1.0,-0.0,0,0
210,0.0,0.18019801980198016,0.1629066439699258,1.0,-0.0,0,0
211,0.0,0.15445544554455443,0.15384494732320814,1.0,-0.0,0,0
212,0.0,0.10297029702970294,0.1396285351588451,1.0,-0.0,0,0
213,0.0,0.10297029702970294,0.1396285351588451,1.0,-0.0,0,0
214,0.0,0.04950495049504951,0.10304643034659552,1.0,-0.0,0,0
215,0.0,0.04356435643564357,0.09587103712404123,1.0,-0.0,0,0
216,0.0,0.04356435643564357,0.09587103712404123,1.0,-0.0,0,0
217,0.0,0.07722772277227723,0.10889288780093087,1.0,-0.0,0,0
218,0.0,0.0891089108910891,0.11765109526742927,1.0,-0.0,0,0
219,0.0,0.1188118811881188,0.13838736799727644,1.0,-0.0,0,0
220,0.0,0.08118811881188118,0.11999411807954946,1.0,-0.0,0,0
221,0.0,0.08118811881188118,0.11999411807954946,1.0,-0.0,0,0
222,0.0,0.05940594059405942,0.11096178792967841,1.0,-0.0,0,0
223,0.0,0.07524752475247526,0.11205191564986228,1.0,-0.0,0,0
224,0.0,0.04554455445544555,0.08387254884969257,1.0,-0.0,0,0
225,0.0,0.04554455445544555,0.08387254884969257,1.0,-0.0,0,0
226,0.0,0.09108910891089109,0.12113245340338318,1.0,-0.0,0,0
227,0.0,0.07326732673267328,0.11848138852793338,1.0,-0.0,0,0
228,0.0,0.04554455445544554,0.08387254884969257,1.0,-0.0,0,0
229,0.0,0.04554455445544554,0.08387254884969257,1.0,-0.0,0,0
230,0.0,0.04554455445544554,0.08387254884969257,1.0,-0.0,0,0
231,0.0,0.0,0.0,1.0,-0.0,0,0
232,0.0,0.01386138613861386,0.05079507064705212,1.0,-0.0,0,0
233,0.0,0.10099009900990098,0.14246420394934614,1.0,-0.0,0,0
234,0.0,0.1504950495049505,0.1788985897681621,1.0,-0.0,0,0
235,0.0,0.15643564356435644,0.17933642348653622,1.0,-0.0,0,0
236,0.0,0.15643564356435644,0.17933642348653622,1.0,-0.0,0,0
237,0.0,0.1415841584158416,0.17421241542909122,1.0,-0.0,0,0
238,0.0,0.05346534653465347,0.10489443673781407,1.0,-0.0,0,0
239,0.0,0.0059405940594059415,0.03395332316729158,1.0,-0.0,0,0
240,0.0,0.019801980198019802,0.0597350618970232,1.0,-0.0,0,0
241,0.0,0.02772277227722772,0.06910862719451544,1.0,-0.0,0,0
242,0.0,0.02772277227722772,0.06910862719451544,1.0,-0.0,0,0
243,0.0,0.04950495049504951,0.09078727434730813,1.0,-0.0,0,0
244,0.0,0.04950495049504951,0.09078727434730813,1.0,-0.0,0,0
245,0.0,0.0297029702970297,0.07648795214189293,1.0,-0.0,0,0
246,0.0,0.021782178217821784,0.06230547612891991,1.0,-0.0,0,0
247,0.0,0.021782178217821784,0.06230547612891991,1.0,-0.0,0,0
248,0.0,0.0,0.0,1.0,-0.0,0,0
249,0.0,0.0,0.0,1.0,-0.0,0,0
250,0.2,0.04752475247524753,0.09397077637785879,0.05233944412570533,1.2811708941229774,0,0
251,0.2,0.04752475247524753,0.09397077637785879,0.05233944412570533,1.2811708941229774,0,0
252,0.2,0.04752475247524753,0.09397077637785879,0.05233944412570533,1.2811708941229774,0,0
253,0.4,0.06534653465346535,0.10571364605971598,0.0007736575764547356,3.1114512170453996,0,0
254,0.4,0.06534653465346535,0.10571364605971598,0.0007736575764547356,3.1114512170453996,0,0
255,0.2,0.017821782178217824,0.05698017651460656,0.0006937928196726553,3.15877019915046,0,0
256,0.2,0.017821782178217824,0.05698017651460656,0.0006937928196726553,3.15877019915046,0,0
257,0.2,0.017821782178217824,0.05698017651460656,0.0006937928196726553,3.15877019915046,0,0
258,0.0,0.0,0.0,1.0,-0.0,0,0
259,0.0,0.0,0.0,1.0,-0.0,0,0
260,0.0,0.0,0.0,1.0,-0.0,0,0
261,0.2,0.033663366336633666,0.08930671115865095,0.03126404885921342,1.5049547792487379,0,0
262,0.2,0.033663366336633666,0.08930671115865095,0.03126404885921342,1.5049547792487379,0,0
263,0.2,0.033663366336633666,0.08930671115865095,0.03126404885921342,1.5049547792487379,0,0
264,0.2,0.033663366336633666,0.08930671115865095,0.03126404885921342,1.5049547792487379,0,0
265,0.2,0.033663366336633666,0.08930671115865095,0.03126404885921342,1.5049547792487379,0,0
266,0.0,0.0,0.0,1.0,-0.0,0,0
267,0.0,0.0,0.0,1.0,-0.0,0,0
268,0.0,0.0,0.0,1.0,-0.0,0,0
269,0.0,0.0,0.0,1.0,-0.0,0,0
270,0.0,0.0,0.0,1.0,-0.0,0,0
271,0.0,0.0,0.0,1.0,-0.0,0,0
272,0.0,0.0,0.0,1.0,-0.0,0,0
273,0.0,0.0,0.0,1.0,-0.0,0,0
274,0.0,0.0,0.0,1.0,-0.0,0,0
275,0.0,0.0059405940594059415,0.03395332316729158,1.0,-0.0,0,0
276,0.0,0.0059405940594059415,0.03395332316729158,1.0,-0.0,0,0
277,0.0,0.0059405940594059415,0.03395332316729158,1.0,-0.0,0,0
278,0.0,0.0059405940594059415,0.03395332316729158,1.0,-0.0,0,0
279,0.0,0.0059405940594059415,0.03395332316729158,1.0,-0.0,0,0
280,0.0,0.04554455445544555,0.08846854615322249,1.0,-0.0,0,0
281,0.0,0.07128712871287128,0.1213265242141813,1.0,-0.0,0,0
282,0.0,0.07128712871287128,0.1213265242141813,1.0,-0.0,0,0
283,0.0,0.1306930693069307,0.16273806583211373,1.0,-0.0,0,0
284,0.0,0.1425742574257426,0.1719696811025362,1.0,-0.0,0,0
285,0.0,0.09702970297029703,0.14519051706790778,1.0,-0.0,0,0
286,0.0,0.0712871287128713,0.1213265242141813,1.0,-0.0,0,0
287,0.0,0.0712871287128713,0.1213265242141813,1.0,-0.0,0,0
288,0.0,0.011881188118811883,0.047276579747775535,1.0,-0.0,0,0
289,0.0,0.03564356435643565,0.08626938974571076,1.0,-0.0,0,0
290,0.0,0.08514851485148517,0.13598641357140118,1.0,-0.0,0,0
291,0.0,0.08514851485148517,0.13598641357140118,1.0,-0.0,0,0
292,0.0,0.08514851485148517,0.13598641357140118,1.0,-0.0,0,0
293,0.0,0.13663366336633662,0.16633663366336632,1.0,-0.0,0,0
294,0.0,0.10099009900990098,0.1308729634998678,1.0,-0.0,0,0
295,0.0,0.05148514851485149,0.096075322540263,1.0,-0.0,0,0
296,0.0,0.12673267326732673,0.15851482056387722,1.0,-0.0,0,0
297,0.0,0.12673267326732673,0.15851482056387722,1.0,-0.0,0,0
298,0.0,0.1069306930693069,0.13661931335176508,1.0,-0.0,0,0
299,0.0,0.1069306930693069,0.13661931335176508,1.0,-0.0,0,0
300,0.0,0.13168316831683166,0.14686876547159333,1.0,-0.0,0,0
301,0.0,0.05544554455445545,0.1019369320889802,1.0,-0.0,0,0
302,0.2,0.08514851485148514,0.12379009590564582,0.17675768599419261,0.7526216925958915,0,0
303,0.2,0.05346534653465347,0.08851285797476045,0.04890970681379658,1.3106049405222455,0,0
304,0.2,0.05346534653465347,0.08851285797476045,0.04890970681379658,1.3106049405222455,0,0
305,0.2,0.0297029702970297,0.07112192077650681,0.008322928729312118,2.079723824290396,0,0
306,0.2,0.0297029702970297,0.07112192077650681,0.008322928729312118,2.079723824290396,0,0
307,0.0,0.0,0.0,1.0,-0.0,0,0
308,0.0,0.0,0.0,1.0,-0.0,0,0
309,0.0,0.0,0.0,1.0,-0.0,0,0
310,0.0,0.0,0.0,1.0,-0.0,0,0
311,0.0,0.033663366336633666,0.07482947971362847,1.0,-0.0,0,0
312,0.0,0.033663366336633666,0.07482947971362847,1.0,-0.0,0,0
313,0.0,0.033663366336633666,0.07482947971362847,1.0,-0.0,0,0
314,0.2,0.05148514851485149,0.10011267057239238,0.0689738517569684,1.1613155207112393,0,0
315,0.2,0.05148514851485149,0.10011267057239238,0.0689738517569684,1.1613155207112393,0,0
316,0.2,0.017821782178217824,0.056980176514606566,0.0006937928196726553,3.15877019915046,0,0
317,0.2,0.017821782178217824,0.056980176514606566,0.0006937928196726553,3.15877019915046,0,0
318,0.2,0.017821782178217824,0.056980176514606566,0.0006937928196726553,3.15877019915046,0,0
319,0.2,0.0059405940594059415,0.033953323167291584,5.469865928325272e-09,8.262023318511561,0,0
320,0.2,0.0059405940594059415,0.033953323167291584,5.469865928325272e-09,8.262023318511561,0,0
321,0.2,0.015841584158415842,0.054012600780142014,0.00032535620257014524,3.4876409094885674,0,0
322,0.2,0.015841584158415842,0.054012600780142014,0.00032535620257014524,3.4876409094885674,0,0
323,0.2,0.03762376237623763,0.08307396817189318,0.025315250600093615,1.5966177690988217,0,0
324,0.0,0.031683168316831684,0.07826167463512675,1.0,-0.0,0,0
325,0.0,0.031683168316831684,0.07826167463512675,1.0,-0.0,0,0
326,0.0,0.021782178217821784,0.06230547612891991,1.0,-0.0,0,0
327,0.0,0.021782178217821784,0.06230547612891991,1.0,-0.0,0,0
328,0.0,0.033663366336633666,0.07482947971362845,1.0,-0.0,0,0
329,0.0,0.033663366336633666,0.07482947971362845,1.0,-0.0,0,0
330,0.0,0.041584158415841586,0.08116396646304633,1.0,-0.0,0,0
331,0.0,0.1069306930693069,0.1306930693069307,1.0,-0.0,0,0
332,0.0,0.1069306930693069,0.1306930693069307,1.0,-0.0,0,0
333,0.0,0.07326732673267328,0.1115960618107356,1.0,-0.0,0,0
334,0.0,0.07326732673267328,0.1115960618107356,1.0,-0.0,0,0
335,0.0,0.06534653465346535,0.09793475658517416,1.0,-0.0,0,0
336,0.0,0.011881188118811883,0.047276579747775535,1.0,-0.0,0,0
337,0.0,0.011881188118811883,0.047276579747775535,1.0,-0.0,0,0
338,0.0,0.011881188118811883,0.047276579747775535,1.0,-0.0,0,0
339,0.0,0.011881188118811883,0.047276579747775535,1.0,-0.0,0,0
340,0.0,0.011881188118811883,0.047276579747775535,1.0,-0.0,0,0
341,0.0,0.017821782178217824,0.056980176514606566,1.0,-0.0,0,0
342,0.0,0.017821782178217824,0.056980176514606566,1.0,-0.0,0,0
343,0.0,0.017821782178217824,0.056980176514606566,1.0,-0.0,0,0
344,0.0,0.017821782178217824,0.056980176514606566,1.0,-0.0,0,0
345,0.0,0.017821782178217824,0.056980176514606566,1.0,-0.0,0,0
346,0.0,0.0,0.0,1.0,-0.0,0,0
347,0.0,0.0,0.0,1.0,-0.0,0,0
348,0.0,0.0,0.0,1.0,-0.0,0,0
349,0.0,0.0,0.0,1.0,-0.0,0,0
350,0.0,0.0,0.0,1.0,-0.0,0,0
351,0.0,0.0,0.0,1.0,-0.0,0,0
352,0.0,0.0,0.0,1.0,-0.0,0,0
353,0.2,0.017821782178217824,0.05698017651460656,0.0006937928196726553,3.15877019915046,0,0
354,0.2,0.017821782178217824,0.05698017651460656,0.0006937928196726553,3.15877019915046,0,0
355,0.2,0.017821782178217824,0.05698017651460656,0.0006937928196726553,3.15877019915046,0,0
356,0.2,0.017821782178217824,0.05698017651460656,0.0006937928196726553,3.15877019915046,0,0
357,0.2,0.017821782178217824,0.05698017651460656,0.0006937928196726553,3.15877019915046,0,0
358,0.0,0.0,0.0,1.0,-0.0,0,0
359,0.0,0.0,0.0,1.0,-0.0,0,0
360,0.0,0.0,0.0,1.0,-0.0,0,0
361,0.0,0.0,0.0,1.0,-0.0,0,0
362,0.0,0.0,0.0,1.0,-0.0,0,0
363,0.0,0.0,0.0,1.0,-0.0,0,0
364,0.0,0.0,0.0,1.0,-0.0,0,0
365,0.0,0.0,0.0,1.0,-0.0,0,0
366,0.2,0.03762376237623763,0.07816140339006158,0.01888012292982573,1.723995182306426,0,0
367,0.2,0.03762376237623763,0.07816140339006158,0.01888012292982573,1.723995182306426,0,0
368,0.2,0.06534653465346535,0.10939585993610405,0.10918337986089162,0.9618434658808062,0,0
369,0.2,0.06534653465346535,0.10939585993610405,0.10918337986089162,0.9618434658808062,0,0
370,0.2,0.20792079207920788,0.20279393448700367,1.0,-0.0,0,0
371,0.0,0.1841584158415841,0.19434208548729184,1.0,-0.0,0,0
372,0.0,0.1841584158415841,0.19434208548729184,1.0,-0.0,0,0
373,0.0,0.16633663366336632,0.18894036343566833,1.0,-0.0,0,0
374,0.0,0.16633663366336632,0.18894036343566833,1.0,-0.0,0,0
375,0.0,0.023762376237623766,0.06471340450838887,1.0,-0.0,0,0
376,0.0,0.009900990099009901,0.04338396495090425,1.0,-0.0,0,0
377,0.0,0.033663366336633666,0.07482947971362847,1.0,-0.0,0,0
378,0.0,0.023762376237623766,0.06471340450838889,1.0,-0.0,0,0
379,0.0,0.023762376237623766,0.06471340450838889,1.0,-0.0,0,0
380,0.0,0.023762376237623766,0.06471340450838889,1.0,-0.0,0,0
381,0.0,0.023762376237623766,0.06471340450838889,1.0,-0.0,0,0
382,0.2,0.007920792079207921,0.03900537743285587,4.2303541670263104e-07,6.3736232717865695,0,0
383,0.2,0.007920792079207921,0.03900537743285587,4.2303541670263104e-07,6.3736232717865695,0,0
384,0.2,0.007920792079207921,0.03900537743285587,4.2303541670263104e-07,6.3736232717865695,0,0
385,0.2,0.007920792079207921,0.03900537743285587,4.2303541670263104e-07,6.3736232717865695,0,0
386,0.2,0.007920792079207921,0.03900537743285587,4.2303541670263104e-07,6.3736232717865695,0,0
387,0.0,0.0,0.0,1.0,-0.0,0,0
388,0.0,0.031683168316831684,0.07826167463512675,1.0,-0.0,0,0
389,0.0,0.04950495049504951,0.09912864166957489,1.0,-0.0,0,0
390,0.0,0.05940594059405942,0.11096178792967841,1.0,-0.0,0,0
391,0.0,0.07326732673267328,0.12177815335858849,1.0,-0.0,0,0
392,0.0,0.07326732673267328,0.12177815335858849,1.0,-0.0,0,0
393,0.2,0.05940594059405942,0.11788416686049281,0.11650405553071382,0.9336589564924316,0,0
394,0.2,0.0891089108910891,0.13636075485692528,0.20804639598911934,0.6818398031375332,0,0
395,0.2,0.07920792079207921,0.12293186689242579,0.16290372061051445,0.7880689965867439,0,0
396,0.2,0.06534653465346535,0.10189845806153354,0.09317609402087902,1.03069549930456,0,0
397,0.2,0.06534653465346535,0.10189845806153354,0.09317609402087902,1.03069549930456,0,0
398,0.0,0.09108910891089109,0.13057300215314485,1.0,-0.0,0,0
399,0.2,0.05742574257425742,0.10277971700879983,0.08269301175340939,1.0825311903890302,0,0
400,0.2,0.07326732673267328,0.1115960618107356,0.12805415268855674,0.8926063331621106,0,0
401,0.2,0.09306930693069305,0.12762679639066946,0.20106059762379253,0.6966730309011007,0,0
402,0.6,0.15247524752475244,0.14664165213127622,0.0011372709449679538,2.944136056080559,0,0
403,0.6,0.1069306930693069,0.13661931335176508,0.0001536455626144444,3.813479977938609,0,0
404,0.4,0.09306930693069305,0.1306930693069307,0.009424983049455386,2.0257194221868495,0,0
405,0.4,0.08514851485148514,0.12054836637801523,0.004502989958765216,2.346499021470938,0,0
406,0.4,0.07524752475247524,0.10845991237726066,0.0013757524682680082,2.8614596993387473,0,0
407,0.2,0.07326732673267328,0.11509022642946842,0.13541366575877595,0.8683375050442039,0,0
408,0.2,0.07326732673267328,0.11509022642946842,0.13541366575877595,0.8683375050442039,0,0
409,0.2,0.07326732673267328,0.11509022642946842,0.13541366575877595,0.8683375050442039,0,0
410,0.2,0.06534653465346535,0.11295810453031022,0.11661777127180524,0.9332352628086957,0,0
411,0.2,0.06336633663366337,0.10504385908811757,0.09667550266855758,1.014683561115634,0,0
412,0.0,0.06534653465346536,0.10571364605971598,1.0,-0.0,0,0
413,0.0,0.06534653465346536,0.10571364605971598,1.0,-0.0,0,0
414,0.0,0.06534653465346536,0.10571364605971598,1.0,-0.0,0,0
415,0.0,0.06534653465346536,0.10571364605971598,1.0,-0.0,0,0
416,0.0,0.09504950495049502,0.12457948087149173,1.0,-0.0,0,0
417,0.0,0.0594059405940594,0.0996808946427978,1.0,-0.0,0,0
418,0.0,0.0594059405940594,0.0996808946427978,1.0,-0.0,0,0
419,0.0,0.0594059405940594,0.0996808946427978,1.0,-0.0,0,0
420,0.0,0.08514851485148514,0.12379009590564582,1.0,-0.0,0,0
421,0.0,0.05544554455445545,0.1019369320889802,1.0,-0.0,0,0
422,0.0,0.05148514851485149,0.09186070102766894,1.0,-0.0,0,0
423,0.0,0.08316831683168316,0.12028786177019754,1.0,-0.0,0,0
424,0.0,0.08316831683168316,0.12028786177019754,1.0,-0.0,0,0
425,0.0,0.061386138613861385,0.09644194583672018,1.0,-0.0,0,0
426,0.0,0.05346534653465347,0.09287951999650358,1.0,-0.0,0,0
427,0.0,0.03564356435643565,0.08154954567118415,1.0,-0.0,0,0
428,0.0,0.0039603960396039604,0.02786385599895107,1.0,-0.0,0,0
429,0.0,0.0039603960396039604,0.02786385599895107,1.0,-0.0,0,0
430,0.0,0.011881188118811883,0.047276579747775535,1.0,-0.0,0,0
431,0.0,0.033663366336633666,0.07482947971362847,1.0,-0.0,0,0
432,0.0,0.05346534653465347,0.09287951999650357,1.0,-0.0,0,0
433,0.0,0.06534653465346536,0.10189845806153355,1.0,-0.0,0,0
434,0.0,0.06534653465346536,0.10189845806153355,1.0,-0.0,0,0
435,0.0,0.05346534653465347,0.09287951999650357,1.0,-0.0,0,0
436,0.0,0.03168316831683169,0.0730260947112308,1.0,-0.0,0,0
437,0.0,0.06732673267326733,0.10634234916512914,1.0,-0.0,0,0
438,0.0,0.05544554455445545,0.1019369320889802,1.0,-0.0,0,0
