,foreground,bg_means,bg_stdev,pvals,minus_logs,regs,active
2,0.0,0.009900990099009901,0.04338396495090424,1.0,-0.0,0,0
3,0.0,0.0,0.0,1.0,-0.0,0,0
4,0.0,0.01386138613861386,0.05079507064705211,1.0,-0.0,0,0
5,0.0,0.01386138613861386,0.05079507064705211,1.0,-0.0,0,0
6,0.0,0.025742574257425745,0.0669763743575753,1.0,-0.0,0,0
7,0.0,0.025742574257425745,0.0669763743575753,1.0,-0.0,0,0
8,0.0,0.07326732673267328,0.11848138852793338,1.0,-0.0,0,0
9,0.0,0.0594059405940594,0.10733330877518932,1.0,-0.0,0,0
10,0.0,0.0594059405940594,0.10733330877518932,1.0,-0.0,0,0
11,0.0,0.047524752475247525,0.08965727859542,1.0,-0.0,0,0
12,0.0,0.047524752475247525,0.08965727859542,1.0,-0.0,0,0
13,0.0,0.02772277227722772,0.06910862719451542,1.0,-0.0,0,0
14,0.0,0.04752475247524753,0.09397077637785879,1.0,-0.0,0,0
15,0.0,0.04752475247524753,0.09397077637785879,1.0,-0.0,0,0
16,0.0,0.04752475247524753,0.09397077637785879,1.0,-0.0,0,0
17,0.0,0.05544554455445545,0.10575073206193021,1.0,-0.0,0,0
18,0.0,0.027722772277227727,0.07461957893630407,1.0,-0.0,0,0
19,0.0,0.007920792079207921,0.03900537743285587,1.0,-0.0,0,0
20,0.0,0.025742574257425745,0.0669763743575753,1.0,-0.0,0,0
21,0.0,0.04356435643564357,0.08721867542790195,1.0,-0.0,0,0
22,0.0,0.03564356435643565,0.08154954567118416,1.0,-0.0,0,0
23,0.0,0.03564356435643565,0.08154954567118416,1.0,-0.0,0,0
24,0.6,0.12079207920792076,0.14372473118118065,0.0004277157543421784,3.3688447527876964,0,0
25,0.6,0.10297029702970295,0.13383560593042218,0.0001021121403539588,3.990922620544912,0,0
26,0.6,0.08514851485148514,0.1172170185104851,5.608071145499387e-06,5.251186485429806,0,0
27,0.6,0.08514851485148514,0.1172170185104851,5.608071145499387e-06,5.251186485429806,0,0
28,0.6,0.08514851485148514,0.1172170185104851,5.608071145499387e-06,5.251186485429806,0,0
29,0.0,0.0,0.0,1.0,-0.0,0,0
30,0.0,0.0039603960396039604,0.027863855998951068,1.0,-0.0,0,0
31,0.0,0.1386138613861386,0.134215946161034,1.0,-0.0,0,0
32,0.0,0.14257425742574253,0.13595757539621284,1.0,-0.0,0,0
33,0.0,0.1485148514851485,0.1425467520222985,1.0,-0.0,0,0
34,0.0,0.1603960396039604,0.14897618117864575,1.0,-0.0,0,0
35,0.0,0.3247524752475247,0.19670852971386366,1.0,-0.0,0,0
36,0.0,0.27128712871287125,0.18580125316023605,1.0,-0.0,0,0
37,0.0,0.2673267326732673,0.18727271948573287,1.0,-0.0,0,0
38,0.0,0.2693069306930693,0.1876074341754774,1.0,-0.0,0,0
39,0.0,0.25742574257425743,0.18527289727867036,1.0,-0.0,0,0
40,0.0,0.19603960396039602,0.1866435115714563,1.0,-0.0,0,0
41,0.0,0.37029702970297035,0.26309075137017623,1.0,-0.0,0,0
42,0.0,0.37029702970297035,0.26309075137017623,1.0,-0.0,0,0
43,0.0,0.3623762376237625,0.2575018927734011,1.0,-0.0,0,0
44,0.0,0.37623762376237624,0.2537436590834272,1.0,-0.0,0,0
45,0.0,0.2693069306930693,0.22415631668191097,1.0,-0.0,0,0
46,0.0,0.0712871287128713,0.12454800153280307,1.0,-0.0,0,0
47,0.0,0.0712871287128713,0.12454800153280307,1.0,-0.0,0,0
48,0.0,0.0712871287128713,0.12454800153280307,1.0,-0.0,0,0
49,0.0,0.10495049504950495,0.1367053908443026,1.0,-0.0,0,0
50,0.0,0.12574257425742572,0.14802559676063964,1.0,-0.0,0,0
51,0.0,0.06732673267326733,0.10634234916512914,1.0,-0.0,0,0
52,0.0,0.06732673267326733,0.10634234916512914,1.0,-0.0,0,0
53,0.0,0.06930693069306931,0.10693069306930694,1.0,-0.0,0,0
54,0.0,0.021782178217821784,0.06230547612891991,1.0,-0.0,0,0
55,0.0,0.05940594059405942,0.10357779667819422,1.0,-0.0,0,0
56,0.0,0.06534653465346535,0.10571364605971598,1.0,-0.0,0,0
57,0.0,0.08712871287128712,0.11745095149573799,1.0,-0.0,0,0
58,0.0,0.08514851485148514,0.1172170185104851,1.0,-0.0,0,0
59,0.0,0.09504950495049506,0.12135883917659061,1.0,-0.0,0,0
60,0.0,0.06336633663366337,0.10120342446875755,1.0,-0.0,0,0
61,0.0,0.05742574257425742,0.09885135821266286,1.0,-0.0,0,0
62,0.0,0.10099009900990098,0.12145573247679727,1.0,-0.0,0,0
63,0.0,0.10099009900990098,0.12145573247679727,1.0,-0.0,0,0
64,0.0,0.1089108910891089,0.13937555924568532,1.0,-0.0,0,0
65,0.0,0.08316831683168317,0.12978985828256587,1.0,-0.0,0,0
66,0.0,0.08316831683168317,0.12978985828256587,1.0,-0.0,0,0
67,0.0,0.017821782178217824,0.05698017651460657,1.0,-0.0,0,0
68,0.0,0.017821782178217824,0.05698017651460657,1.0,-0.0,0,0
69,0.0,0.039603960396039604,0.0890869059738772,1.0,-0.0,0,0
70,0.0,0.039603960396039604,0.0890869059738772,1.0,-0.0,0,0
71,0.0,0.039603960396039604,0.0890869059738772,1.0,-0.0,0,0
72,0.0,0.039603960396039604,0.0890869059738772,1.0,-0.0,0,0
73,0.0,0.039603960396039604,0.0890869059738772,1.0,-0.0,0,0
74,0.0,0.0039603960396039604,0.02786385599895107,1.0,-0.0,0,0
75,0.0,0.021782178217821784,0.06836703565002801,1.0,-0.0,0,0
76,0.0,0.021782178217821784,0.06836703565002801,1.0,-0.0,0,0
77,0.0,0.1108910891089109,0.165248681544753,1.0,-0.0,0,0
78,0.0,0.1108910891089109,0.165248681544753,1.0,-0.0,0,0
79,0.0,0.10693069306930694,0.16060370373062668,1.0,-0.0,0,0
80,0.0,0.09702970297029702,0.14243667729389659,1.0,-0.0,0,0
81,0.0,0.09702970297029702,0.14243667729389659,1.0,-0.0,0,0
82,0.0,0.007920792079207921,0.03900537743285587,1.0,-0.0,0,0
83,0.0,0.017821782178217824,0.0635517090529949,1.0,-0.0,0,0
84,0.0,0.02772277227722772,0.07461957893630407,1.0,-0.0,0,0
85,0.0,0.07722772277227723,0.10889288780093088,1.0,-0.0,0,0
86,0.0,0.07722772277227723,0.10889288780093088,1.0,-0.0,0,0
87,0.0,0.07722772277227723,0.10889288780093088,1.0,-0.0,0,0
88,0.0,0.07326732673267328,0.10038647014365605,1.0,-0.0,0,0
89,0.0,0.06336633663366337,0.09721138779115705,1.0,-0.0,0,0
90,0.0,0.039603960396039604,0.09342674148186496,1.0,-0.0,0,0
91,0.0,0.08118811881188118,0.13254020222321994,1.0,-0.0,0,0
92,0.0,0.08118811881188118,0.13254020222321994,1.0,-0.0,0,0
93,0.0,0.07524752475247526,0.12851469892742934,1.0,-0.0,0,0
94,0.0,0.07524752475247526,0.12851469892742934,1.0,-0.0,0,0
95,0.0,0.041584158415841586,0.09467748980500532,1.0,-0.0,0,0
96,0.0,0.0,0.0,1.0,-0.0,0,0
97,0.0,0.0,0.0,1.0,-0.0,0,0
98,0.0,0.0,0.0,1.0,-0.0,0,0
99,0.0,0.0,0.0,1.0,-0.0,0,0
100,0.0,0.0,0.0,1.0,-0.0,0,0
101,0.0,0.0,0.0,1.0,-0.0,0,0
102,0.0,0.009900990099009901,0.04338396495090424,1.0,-0.0,0,0
103,0.0,0.009900990099009901,0.04338396495090424,1.0,-0.0,0,0
104,0.0,0.009900990099009901,0.04338396495090424,1.0,-0.0,0,0
105,0.0,0.009900990099009901,0.04338396495090424,1.0,-0.0,0,0
106,0.0,0.009900990099009901,0.04338396495090424,1.0,-0.0,0,0
107,0.0,0.0,0.0,1.0,-0.0,0,0
108,0.0,0.031683168316831684,0.07826167463512675,1.0,-0.0,0,0
109,0.0,0.031683168316831684,0.07826167463512675,1.0,-0.0,0,0
110,0.0,0.031683168316831684,0.07826167463512675,1.0,-0.0,0,0
111,0.0,0.031683168316831684,0.07826167463512675,1.0,-0.0,0,0
112,0.0,0.031683168316831684,0.07826167463512675,1.0,-0.0,0,0
113,0.0,0.0,0.0,1.0,-0.0,0,0
114,0.0,0.0,0.0,1.0,-0.0,0,0
115,0.0,0.0,0.0,1.0,-0.0,0,0
116,1.4,0.07722772277227724,0.1193059036149867,1.0000000000072348e-17,16.99999999999686,0,0
117,1.4,0.07722772277227724,0.1193059036149867,1.0000000000072348e-17,16.99999999999686,0,0
118,1.4,0.13465346534653466,0.15443005630372467,1.3670584355950118e-16,15.864212920901052,0,0
119,1.4,0.13465346534653466,0.15443005630372467,1.3670584355950118e-16,15.864212920901052,0,0
120,1.4,0.13465346534653466,0.15443005630372467,1.3670584355950118e-16,15.864212920901052,0,0
121,0.0,0.05544554455445545,0.09384550979067556,1.0,-0.0,0,0
122,0.0,0.05544554455445545,0.09384550979067556,1.0,-0.0,0,0
123,0.0,0.0,0.0,1.0,-0.0,0,0
124,0.0,0.0,0.0,1.0,-0.0,0,0
125,0.0,0.0,0.0,1.0,-0.0,0,0
126,0.0,0.0,0.0,1.0,-0.0,0,0
127,0.0,0.0,0.0,1.0,-0.0,0,0
128,0.0,0.015841584158415842,0.05401260078014202,1.0,-0.0,0,0
129,0.0,0.015841584158415842,0.05401260078014202,1.0,-0.0,0,0
130,0.0,0.015841584158415842,0.05401260078014202,1.0,-0.0,0,0
131,0.4,0.10297029702970298,0.15054715096038188,0.02424771528136088,1.6153291761315192,0,0
132,0.4,0.10693069306930691,0.15811853289249214,0.031906899879848766,1.4961153904313778,0,0
133,0.4,0.10495049504950495,0.15310401409962543,0.026982461573759196,1.568918432753995,0,0
134,0.4,0.26930693069306927,0.21514101949371997,0.2717674349590258,0.5658025846340947,0,0
135,0.4,0.26930693069306927,0.21514101949371997,0.2717674349590258,0.5658025846340947,0,0
136,0.0,0.2633663366336633,0.2123525800943288,1.0,-0.0,0,0
137,0.0,0.27326732673267323,0.21566892903767934,1.0,-0.0,0,0
138,0.0,0.3405940594059407,0.22785187902800044,1.0,-0.0,0,0
139,0.2,0.35049504950495053,0.2258641326353881,1.0,-0.0,0,0
140,0.2,0.39207920792079215,0.24360460103802914,1.0,-0.0,0,0
141,0.2,0.3089108910891089,0.2243136991446542,1.0,-0.0,0,0
142,0.2,0.5247524752475248,0.27697300886979587,1.0,-0.0,0,0
143,0.2,0.4435643564356436,0.2542376846844204,1.0,-0.0,0,0
144,0.0,0.26930693069306927,0.21514101949371997,1.0,-0.0,0,0
145,0.0,0.22772277227722765,0.19906654038593571,1.0,-0.0,0,0
146,0.0,0.22772277227722765,0.19906654038593571,1.0,-0.0,0,0
147,0.0,0.12574257425742572,0.14532549015373283,1.0,-0.0,0,0
148,0.0,0.12574257425742572,0.14532549015373283,1.0,-0.0,0,0
149,0.0,0.12574257425742572,0.14532549015373283,1.0,-0.0,0,0
150,0.0,0.12574257425742572,0.14532549015373283,1.0,-0.0,0,0
151,0.0,0.3920792079207921,0.3043197798033684,1.0,-0.0,0,0
152,0.0,0.40594059405940597,0.286260209183923,1.0,-0.0,0,0
153,0.0,0.5089108910891089,0.3288440630483942,1.0,-0.0,0,0
154,0.0,0.5485148514851486,0.33732020847669375,1.0,-0.0,0,0
155,0.0,0.6198019801980198,0.3576656445109112,1.0,-0.0,0,0
156,0.0,0.38811881188118813,0.2667320117304196,1.0,-0.0,0,0
157,0.0,0.2514851485148515,0.2173712712881203,1.0,-0.0,0,0
158,0.0,0.17425742574257425,0.18166090995928266,1.0,-0.0,0,0
159,0.0,0.15643564356435644,0.16555687101844338,1.0,-0.0,0,0
160,0.0,0.1584158415841584,0.1787012146166888,1.0,-0.0,0,0
161,0.0,0.12277227722772276,0.15407416763506465,1.0,-0.0,0,0
162,0.0,0.13267326732673265,0.15989409297573348,1.0,-0.0,0,0
163,0.0,0.10693069306930691,0.14505541839059363,1.0,-0.0,0,0
164,0.0,0.10297029702970295,0.1367627457412436,1.0,-0.0,0,0
165,0.0,0.0297029702970297,0.07648795214189293,1.0,-0.0,0,0
166,0.0,0.0297029702970297,0.07648795214189293,1.0,-0.0,0,0
167,0.0,0.015841584158415842,0.05401260078014202,1.0,-0.0,0,0
168,0.0,0.015841584158415842,0.05401260078014202,1.0,-0.0,0,0
169,0.0,0.0,0.0,1.0,-0.0,0,0
170,0.0,0.0,0.0,1.0,-0.0,0,0
171,0.0,0.0,0.0,1.0,-0.0,0,0
172,0.0,0.0,0.0,1.0,-0.0,0,0
173,0.0,0.041584158415841586,0.08590499787518362,1.0,-0.0,0,0
174,0.0,0.11683168316831684,0.15986956746090622,1.0,-0.0,0,0
175,0.0,0.11683168316831684,0.15986956746090622,1.0,-0.0,0,0
176,0.0,0.11683168316831684,0.15986956746090622,1.0,-0.0,0,0
177,0.0,0.11683168316831684,0.15986956746090622,1.0,-0.0,0,0
178,0.0,0.07524752475247526,0.12219602867755658,1.0,-0.0,0,0
179,0.0,0.019801980198019802,0.0597350618970232,1.0,-0.0,0,0
180,0.0,0.019801980198019802,0.0597350618970232,1.0,-0.0,0,0
181,0.2,0.06534653465346535,0.10571364605971598,0.10137482685028305,0.9940698745616096,0,0
182,0.2,0.09108910891089109,0.13057300215314485,0.20211242547219427,0.6944069860981138,0,0
183,0.2,0.11089108910891088,0.13923481846532232,0.26108950498360867,0.5832105851640818,0,0
184,0.2,0.09900990099009901,0.13965661530697393,0.234799546255409,0.629302746687466,0,0
185,0.2,0.09900990099009901,0.13965661530697393,0.234799546255409,0.629302746687466,0,0
186,0.0,0.06534653465346535,0.10939585993610405,1.0,-0.0,0,0
187,0.0,0.03960396039603961,0.07970143286137867,1.0,-0.0,0,0
188,0.0,0.019801980198019802,0.059735061897023205,1.0,-0.0,0,0
189,0.0,0.011881188118811881,0.047276579747775535,1.0,-0.0,0,0
190,0.0,0.011881188118811881,0.047276579747775535,1.0,-0.0,0,0
191,0.0,0.0,0.0,1.0,-0.0,0,0
192,0.0,0.0,0.0,1.0,-0.0,0,0
193,0.2,0.06732673267326733,0.102550553475042,0.09787844017657178,1.009312960326638,0,0
194,0.2,0.07326732673267328,0.10425700262248065,0.1120725770261012,0.9505006416709056,0,0
195,0.2,0.07326732673267328,0.10425700262248065,0.1120725770261012,0.9505006416709056,0,0
196,0.8,0.13861386138613857,0.13421594616103402,4.158541264703913e-07,6.381058984707396,0,0
197,0.8,0.13861386138613857,0.13421594616103402,4.158541264703913e-07,6.381058984707396,0,0
198,0.6,0.12475247524752472,0.15376846462033406,0.0009985284618354488,3.000639551582549,0,0
199,0.6,0.12673267326732673,0.15343659903216247,0.0010196486942163597,2.9915494325942023,0,0
200,0.6,0.12673267326732673,0.15343659903216247,0.0010196486942163597,2.9915494325942023,0,0
201,0.0,0.08712871287128714,0.12401163019288061,1.0,-0.0,0,0
202,0.0,0.08712871287128714,0.12401163019288061,1.0,-0.0,0,0
203,0.0,0.039603960396039604,0.08452453849668534,1.0,-0.0,0,0
204,0.0,0.04752475247524753,0.08965727859541997,1.0,-0.0,0,0
205,0.0,0.06534653465346535,0.1164113937164283,1.0,-0.0,0,0
206,0.0,0.041584158415841586,0.09877199139279148,1.0,-0.0,0,0
207,0.0,0.04950495049504951,0.10304643034659552,1.0,-0.0,0,0
208,0.0,0.0811881188118812,0.12325042629382525,1.0,-0.0,0,0
209,0.0,0.06930693069306931,0.10316052497133552,1.0,-0.0,0,0
210,0.0,0.05148514851485149,0.09186070102766891,1.0,-0.0,0,0
211,0.0,0.05148514851485149,0.09186070102766891,1.0,-0.0,0,0
212,0.0,0.11089108910891088,0.13042276277287218,1.0,-0.0,0,0
213,0.0,0.22574257425742572,0.19225265211912826,1.0,-0.0,0,0
214,0.0,0.22178217821782176,0.19274153441415962,1.0,-0.0,0,0
215,0.0,0.29108910891089107,0.23466808660634533,1.0,-0.0,0,0
216,0.0,0.3742574257425743,0.26200047817450683,1.0,-0.0,0,0
217,0.0,0.43960396039603966,0.3096082506898134,1.0,-0.0,0,0
218,0.0,0.3108910891089109,0.26770050877023666,1.0,-0.0,0,0
219,0.0,0.38811881188118813,0.29493651900056816,1.0,-0.0,0,0
220,0.0,0.31683168316831684,0.2537127505433183,1.0,-0.0,0,0
221,0.0,0.23564356435643566,0.22231195565443462,1.0,-0.0,0,0
222,0.0,0.10099009900990098,0.12145573247679727,1.0,-0.0,0,0
223,0.0,0.07524752475247524,0.11205191564986228,1.0,-0.0,0,0
224,0.0,0.0,0.0,1.0,-0.0,0,0
225,0.0,0.0,0.0,1.0,-0.0,0,0
226,0.0,0.0,0.0,1.0,-0.0,0,0
227,0.0,0.07722772277227724,0.11930590361498669,1.0,-0.0,0,0
228,0.0,0.1188118811881188,0.15460769343321298,1.0,-0.0,0,0
229,0.0,0.17425742574257427,0.19430172787383887,1.0,-0.0,0,0
230,0.0,0.17425742574257427,0.19430172787383887,1.0,-0.0,0,0
231,0.0,0.17425742574257427,0.19430172787383887,1.0,-0.0,0,0
232,0.0,0.1089108910891089,0.13650445892763632,1.0,-0.0,0,0
233,0.0,0.14851485148514848,0.1726977909735853,1.0,-0.0,0,0
234,0.0,0.09306930693069305,0.13948804962658473,1.0,-0.0,0,0
235,0.0,0.09306930693069305,0.13948804962658473,1.0,-0.0,0,0
236,0.0,0.10099009900990098,0.1396566153069739,1.0,-0.0,0,0
237,0.0,0.08712871287128712,0.13618810981425267,1.0,-0.0,0,0
238,0.0,0.007920792079207921,0.03900537743285587,1.0,-0.0,0,0
239,0.0,0.007920792079207921,0.03900537743285587,1.0,-0.0,0,0
240,0.0,0.007920792079207921,0.03900537743285587,1.0,-0.0,0,0
241,0.0,0.0039603960396039604,0.027863855998951064,1.0,-0.0,0,0
242,0.0,0.03762376237623762,0.07816140339006157,1.0,-0.0,0,0
243,0.0,0.04356435643564357,0.08255312311158745,1.0,-0.0,0,0
244,0.0,0.07524752475247524,0.10845991237726064,1.0,-0.0,0,0
245,0.0,0.07524752475247524,0.10845991237726064,1.0,-0.0,0,0
246,0.0,0.0712871287128713,0.10747934055534188,1.0,-0.0,0,0
247,0.0,0.03762376237623763,0.07816140339006158,1.0,-0.0,0,0
248,0.0,0.031683168316831684,0.0730260947112308,1.0,-0.0,0,0
249,0.0,0.0613861386138614,0.11166631429601336,1.0,-0.0,0,0
250,0.0,0.12277227722772276,0.15913204437912432,1.0,-0.0,0,0
251,0.0,0.3346534653465348,0.2550230599413566,1.0,-0.0,0,0
252,0.0,0.3346534653465348,0.2550230599413566,1.0,-0.0,0,0
253,0.0,0.3346534653465348,0.2550230599413566,1.0,-0.0,0,0
254,0.0,0.2772277227722772,0.24205440355621058,1.0,-0.0,0,0
255,0.0,0.22574257425742575,0.21920353819619254,1.0,-0.0,0,0
256,0.0,0.01386138613861386,0.05079507064705211,1.0,-0.0,0,0
257,0.0,0.01386138613861386,0.05079507064705211,1.0,-0.0,0,0
258,0.0,0.01386138613861386,0.05079507064705211,1.0,-0.0,0,0
259,0.0,0.009900990099009901,0.04338396495090424,1.0,-0.0,0,0
260,0.0,0.0,0.0,1.0,-0.0,0,0
261,0.0,0.0,0.0,1.0,-0.0,0,0
262,0.0,0.0,0.0,1.0,-0.0,0,0
263,0.0,0.0,0.0,1.0,-0.0,0,0
264,0.0,0.0,0.0,1.0,-0.0,0,0
265,0.0,0.0,0.0,1.0,-0.0,0,0
266,0.0,0.0,0.0,1.0,-0.0,0,0
267,0.0,0.0,0.0,1.0,-0.0,0,0
268,0.0,0.0,0.0,1.0,-0.0,0,0
269,0.0,0.0039603960396039604,0.027863855998951068,1.0,-0.0,0,0
270,0.0,0.08514851485148513,0.12379009590564581,1.0,-0.0,0,0
271,0.0,0.22772277227722768,0.18674852677785872,1.0,-0.0,0,0
272,0.0,0.22772277227722768,0.18674852677785872,1.0,-0.0,0,0
273,0.0,0.29108910891089107,0.2078170415357492,1.0,-0.0,0,0
274,0.0,0.2871287128712871,0.20760938490425596,1.0,-0.0,0,0
275,0.0,0.22970297029702966,0.18322985319016175,1.0,-0.0,0,0
276,0.0,0.21782178217821782,0.1931479910747968,1.0,-0.0,0,0
277,0.0,0.24356435643564353,0.20217424187089458,1.0,-0.0,0,0
278,0.2,0.19207920792079206,0.19278221864351283,0.483613374497299,0.31550169707913833,0,0
279,0.2,0.19207920792079206,0.19278221864351283,0.483613374497299,0.31550169707913833,0,0
280,0.2,0.16831683168316833,0.18397734097959503,0.4316352986206675,0.36488304645130676,0,0
281,0.2,0.03762376237623763,0.08307396817189318,0.025315250600093615,1.5966177690988217,0,0
282,0.2,0.027722772277227727,0.06910862719451544,0.0063361735559086295,2.1981729353735644,0,0
283,0.0,0.015841584158415842,0.05401260078014202,1.0,-0.0,0,0
284,0.0,0.015841584158415842,0.05401260078014202,1.0,-0.0,0,0
285,0.0,0.015841584158415842,0.05401260078014202,1.0,-0.0,0,0
286,0.0,0.015841584158415842,0.05401260078014202,1.0,-0.0,0,0
287,0.0,0.03762376237623763,0.08307396817189318,1.0,-0.0,0,0
288,0.0,0.10495049504950495,0.13670539084430264,1.0,-0.0,0,0
289,0.0,0.10495049504950495,0.13670539084430264,1.0,-0.0,0,0
290,0.0,0.11881188118811879,0.14939672169394075,1.0,-0.0,0,0
291,0.0,0.11881188118811879,0.14939672169394075,1.0,-0.0,0,0
292,0.0,0.08712871287128714,0.12077584698595571,1.0,-0.0,0,0
293,0.0,0.06732673267326733,0.1135467024699521,1.0,-0.0,0,0
294,0.0,0.07524752475247526,0.12219602867755656,1.0,-0.0,0,0
295,0.0,0.09900990099009901,0.14791959918402456,1.0,-0.0,0,0
296,0.0,0.09900990099009901,0.14791959918402456,1.0,-0.0,0,0
297,0.0,0.09306930693069305,0.1422989641443302,1.0,-0.0,0,0
298,0.0,0.04554455445544554,0.09700949476369024,1.0,-0.0,0,0
299,0.0,0.03762376237623763,0.08771182015980238,1.0,-0.0,0,0
300,0.0,0.0,0.0,1.0,-0.0,0,0
301,0.0,0.049504950495049514,0.09078727434730813,1.0,-0.0,0,0
302,0.0,0.049504950495049514,0.09078727434730813,1.0,-0.0,0,0
303,0.0,0.19405940594059404,0.17452724385370855,1.0,-0.0,0,0
304,0.0,0.3108910891089109,0.22245301655419594,1.0,-0.0,0,0
305,0.0,0.32970297029702966,0.22050551932000087,1.0,-0.0,0,0
306,0.0,0.2792079207920792,0.21448387586615453,1.0,-0.0,0,0
307,0.0,0.2792079207920792,0.21448387586615453,1.0,-0.0,0,0
308,0.0,0.14455445544554454,0.14656141045515514,1.0,-0.0,0,0
309,0.0,0.05148514851485149,0.09186070102766894,1.0,-0.0,0,0
310,0.0,0.0891089108910891,0.12420120222231065,1.0,-0.0,0,0
311,0.0,0.10099009900990098,0.1338649012368758,1.0,-0.0,0,0
312,0.0,0.1306930693069307,0.15269368434579803,1.0,-0.0,0,0
313,0.0,0.12079207920792079,0.14094225464771679,1.0,-0.0,0,0
314,0.0,0.17227722772277224,0.1802741651760957,1.0,-0.0,0,0
315,0.0,0.11485148514851483,0.14169143619800648,1.0,-0.0,0,0
316,0.0,0.10297029702970298,0.1367627457412436,1.0,-0.0,0,0
317,0.0,0.07524752475247526,0.1189108498693262,1.0,-0.0,0,0
318,0.0,0.07524752475247526,0.1189108498693262,1.0,-0.0,0,0
319,0.0,0.0,0.0,1.0,-0.0,0,0
320,0.0,0.0,0.0,1.0,-0.0,0,0
321,0.0,0.0,0.0,1.0,-0.0,0,0
322,0.0,0.0,0.0,1.0,-0.0,0,0
323,0.0,0.0,0.0,1.0,-0.0,0,0
324,0.0,0.0,0.0,1.0,-0.0,0,0
325,0.0,0.0,0.0,1.0,-0.0,0,0
326,0.0,0.0,0.0,1.0,-0.0,0,0
327,0.0,0.0,0.0,1.0,-0.0,0,0
328,0.0,0.0,0.0,1.0,-0.0,0,0
329,0.0,0.0,0.0,1.0,-0.0,0,0
330,0.0,0.0,0.0,1.0,-0.0,0,0
331,0.0,0.0,0.0,1.0,-0.0,0,0
332,0.0,0.0,0.0,1.0,-0.0,0,0
333,0.0,0.0,0.0,1.0,-0.0,0,0
334,0.0,0.0,0.0,1.0,-0.0,0,0
335,0.0,0.0,0.0,1.0,-0.0,0,0
336,0.0,0.0,0.0,1.0,-0.0,0,0
337,0.0,0.0,0.0,1.0,-0.0,0,0
338,0.0,0.0,0.0,1.0,-0.0,0,0
339,0.0,0.0,0.0,1.0,-0.0,0,0
340,0.0,0.0,0.0,1.0,-0.0,0,0
341,0.0,0.021782178217821784,0.06230547612891991,1.0,-0.0,0,0
342,0.0,0.021782178217821784,0.06230547612891991,1.0,-0.0,0,0
343,0.0,0.03564356435643565,0.08154954567118415,1.0,-0.0,0,0
344,0.0,0.03564356435643565,0.08154954567118415,1.0,-0.0,0,0
345,0.0,0.2198019801980198,0.2039315561653939,1.0,-0.0,0,0
346,0.0,0.19801980198019803,0.18983066869238602,1.0,-0.0,0,0
347,0.0,0.19801980198019803,0.18983066869238602,1.0,-0.0,0,0
348,0.0,0.19603960396039605,0.19696750100290228,1.0,-0.0,0,0
349,0.0,0.19603960396039605,0.19696750100290228,1.0,-0.0,0,0
350,0.0,0.07326732673267328,0.11848138852793338,1.0,-0.0,0,0
351,0.0,0.07326732673267328,0.11848138852793338,1.0,-0.0,0,0
352,0.0,0.07326732673267328,0.11848138852793338,1.0,-0.0,0,0
353,0.0,0.0613861386138614,0.10806149425459212,1.0,-0.0,0,0
354,0.0,0.21386138613861383,0.19347254159325522,1.0,-0.0,0,0
355,0.0,0.3366336633663367,0.22502927082529486,1.0,-0.0,0,0
356,0.0,0.3366336633663367,0.22502927082529486,1.0,-0.0,0,0
357,0.0,0.4257425742574258,0.243185731630416,1.0,-0.0,0,0
358,0.0,0.4257425742574258,0.243185731630416,1.0,-0.0,0,0
359,0.0,0.3623762376237623,0.2264016780666369,1.0,-0.0,0,0
360,0.0,0.22178217821782176,0.18858722298311487,1.0,-0.0,0,0
361,0.0,0.23168316831683167,0.20046020966089131,1.0,-0.0,0,0
362,0.0,0.14257425742574256,0.16249693654596944,1.0,-0.0,0,0
363,0.0,0.17029702970297028,0.18105551605009843,1.0,-0.0,0,0
364,0.0,0.0910891089108911,0.14765427233510695,1.0,-0.0,0,0
365,0.0,0.04752475247524753,0.10586191211583096,1.0,-0.0,0,0
366,0.0,0.03762376237623762,0.09631989312487374,1.0,-0.0,0,0
367,0.0,0.03762376237623762,0.09631989312487374,1.0,-0.0,0,0
368,0.0,0.009900990099009901,0.04338396495090424,1.0,-0.0,0,0
369,0.0,0.01386138613861386,0.05079507064705212,1.0,-0.0,0,0
370,0.0,0.05544554455445545,0.10575073206193021,1.0,-0.0,0,0
371,0.0,0.05544554455445545,0.10575073206193021,1.0,-0.0,0,0
372,0.0,0.05544554455445545,0.10575073206193021,1.0,-0.0,0,0
373,0.0,0.05544554455445545,0.10575073206193021,1.0,-0.0,0,0
374,0.0,0.041584158415841586,0.0946774898050053,1.0,-0.0,0,0
375,0.0,0.0,0.0,1.0,-0.0,0,0
376,0.0,0.057425742574257435,0.09885135821266286,1.0,-0.0,0,0
377,0.0,0.057425742574257435,0.09885135821266286,1.0,-0.0,0,0
378,0.0,0.057425742574257435,0.09885135821266286,1.0,-0.0,0,0
379,0.0,0.057425742574257435,0.09885135821266286,1.0,-0.0,0,0
380,0.0,0.057425742574257435,0.09885135821266286,1.0,-0.0,0,0
381,0.0,0.0059405940594059415,0.033953323167291584,1.0,-0.0,0,0
382,0.0,0.0059405940594059415,0.033953323167291584,1.0,-0.0,0,0
383,0.0,0.031683168316831684,0.07826167463512675,1.0,-0.0,0,0
384,0.0,0.031683168316831684,0.07826167463512675,1.0,-0.0,0,0
385,0.0,0.031683168316831684,0.07826167463512675,1.0,-0.0,0,0
386,0.0,0.06336633663366337,0.10120342446875752,1.0,-0.0,0,0
387,0.0,0.06336633663366337,0.10120342446875752,1.0,-0.0,0,0
388,0.0,0.10495049504950495,0.1395723579145037,1.0,-0.0,0,0
389,0.0,0.10495049504950495,0.1395723579145037,1.0,-0.0,0,0
390,0.0,0.13366336633663367,0.15432845757147498,1.0,-0.0,0,0
391,0.0,0.09504950495049505,0.1277189346265117,1.0,-0.0,0,0
392,0.0,0.09504950495049505,0.1277189346265117,1.0,-0.0,0,0
393,0.0,0.027722772277227727,0.07461957893630407,1.0,-0.0,0,0
394,0.0,0.03762376237623763,0.08307396817189318,1.0,-0.0,0,0
395,0.0,0.021782178217821784,0.062305476128919915,1.0,-0.0,0,0
396,0.0,0.025742574257425748,0.06697637435757531,1.0,-0.0,0,0
397,0.0,0.025742574257425748,0.06697637435757531,1.0,-0.0,0,0
398,0.0,0.025742574257425748,0.06697637435757531,1.0,-0.0,0,0
399,0.0,0.10891089108910887,0.12750384183766536,1.0,-0.0,0,0
400,0.0,0.097029702970297,0.12142344330103676,1.0,-0.0,0,0
401,0.0,0.09306930693069304,0.12126186845461277,1.0,-0.0,0,0
402,0.0,0.09306930693069304,0.12126186845461277,1.0,-0.0,0,0
403,0.0,0.09306930693069304,0.12126186845461277,1.0,-0.0,0,0
404,0.0,0.0,0.0,1.0,-0.0,0,0
405,0.0,0.0,0.0,1.0,-0.0,0,0
406,0.0,0.0,0.0,1.0,-0.0,0,0
407,0.0,0.021782178217821784,0.06836703565002801,1.0,-0.0,0,0
408,0.0,0.09702970297029703,0.13383560593042218,1.0,-0.0,0,0
409,0.0,0.13564356435643565,0.15388317441966676,1.0,-0.0,0,0
410,0.0,0.14653465346534653,0.15893479355105833,1.0,-0.0,0,0
411,0.0,0.14653465346534653,0.15893479355105833,1.0,-0.0,0,0
412,0.0,0.1504950495049505,0.16746435256923545,1.0,-0.0,0,0
413,0.0,0.07326732673267328,0.10798889666879984,1.0,-0.0,0,0
414,0.0,0.03564356435643565,0.08154954567118416,1.0,-0.0,0,0
415,0.0,0.025742574257425745,0.07264925278354116,1.0,-0.0,0,0
416,0.0,0.025742574257425745,0.07264925278354116,1.0,-0.0,0,0
417,0.0,0.0,0.0,1.0,-0.0,0,0
418,0.0,0.0,0.0,1.0,-0.0,0,0
419,0.0,0.0,0.0,1.0,-0.0,0,0
420,0.0,0.0,0.0,1.0,-0.0,0,0
421,0.0,0.07722772277227724,0.1406358883529878,1.0,-0.0,0,0
422,0.0,0.10693069306930694,0.15811853289249214,1.0,-0.0,0,0
423,0.0,0.10693069306930694,0.15811853289249214,1.0,-0.0,0,0
424,0.0,0.10693069306930694,0.15811853289249214,1.0,-0.0,0,0
425,0.0,0.10693069306930694,0.15811853289249214,1.0,-0.0,0,0
426,0.0,0.08316831683168316,0.12978985828256587,1.0,-0.0,0,0
427,0.0,0.05346534653465348,0.10489443673781407,1.0,-0.0,0,0
428,0.0,0.05346534653465348,0.10489443673781407,1.0,-0.0,0,0
429,0.0,0.05346534653465348,0.10489443673781407,1.0,-0.0,0,0
430,0.0,0.05346534653465348,0.10489443673781407,1.0,-0.0,0,0
431,0.0,0.021782178217821784,0.068367035650028,1.0,-0.0,0,0
432,0.0,0.041584158415841586,0.08590499787518362,1.0,-0.0,0,0
433,0.0,0.05148514851485149,0.096075322540263,1.0,-0.0,0,0
434,0.0,0.05148514851485149,0.096075322540263,1.0,-0.0,0,0
435,0.0,0.05148514851485149,0.096075322540263,1.0,-0.0,0,0
436,0.0,0.02970297029702971,0.07112192077650681,1.0,-0.0,0,0
437,0.0,0.009900990099009901,0.04338396495090425,1.0,-0.0,0,0
438,0.0,0.0,0.0,1.0,-0.0,0,0
439,0.0,0.0,0.0,1.0,-0.0,0,0
440,0.0,0.0,0.0,1.0,-0.0,0,0
441,0.2,0.0059405940594059415,0.03395332316729158,5.469865928325192e-09,8.262023318511567,0,0
442,0.2,0.0059405940594059415,0.03395332316729158,5.469865928325192e-09,8.262023318511567,0,0
443,0.2,0.0059405940594059415,0.03395332316729158,5.469865928325192e-09,8.262023318511567,0,0
444,0.2,0.0059405940594059415,0.03395332316729158,5.469865928325192e-09,8.262023318511567,0,0
445,0.2,0.011881188118811883,0.04727657974777554,3.458655652090603e-05,4.461092674713383,0,0
446,0.0,0.019801980198019802,0.059735061897023205,1.0,-0.0,0,0
447,0.0,0.025742574257425748,0.07264925278354116,1.0,-0.0,0,0
448,0.0,0.025742574257425748,0.07264925278354116,1.0,-0.0,0,0
449,0.0,0.031683168316831684,0.07826167463512675,1.0,-0.0,0,0
450,0.0,0.025742574257425745,0.07264925278354116,1.0,-0.0,0,0
451,0.0,0.011881188118811881,0.047276579747775535,1.0,-0.0,0,0
452,0.0,0.0059405940594059415,0.03395332316729158,1.0,-0.0,0,0
453,0.0,0.0059405940594059415,0.03395332316729158,1.0,-0.0,0,0
454,0.0,0.0,0.0,1.0,-0.0,0,0
455,0.0,0.20396039603960398,0.21244488724065502,1.0,-0.0,0,0
456,0.0,0.20396039603960398,0.21244488724065502,1.0,-0.0,0,0
457,0.0,0.22178217821782176,0.21963243840383812,1.0,-0.0,0,0
458,0.0,0.22178217821782176,0.21963243840383812,1.0,-0.0,0,0
459,0.0,0.22178217821782176,0.21963243840383812,1.0,-0.0,0,0
460,0.0,0.017821782178217824,0.0635517090529949,1.0,-0.0,0,0
461,0.0,0.04356435643564357,0.09164702150816742,1.0,-0.0,0,0
462,0.0,0.025742574257425745,0.06697637435757531,1.0,-0.0,0,0
463,0.0,0.025742574257425745,0.06697637435757531,1.0,-0.0,0,0
464,0.0,0.025742574257425745,0.06697637435757531,1.0,-0.0,0,0
465,0.0,0.03564356435643565,0.07653920035678292,1.0,-0.0,0,0
466,0.0,0.009900990099009901,0.04338396495090424,1.0,-0.0,0,0
467,0.0,0.009900990099009901,0.04338396495090424,1.0,-0.0,0,0
468,0.0,0.023762376237623766,0.06471340450838887,1.0,-0.0,0,0
469,0.0,0.023762376237623766,0.06471340450838887,1.0,-0.0,0,0
470,0.0,0.013861386138613863,0.05079507064705211,1.0,-0.0,0,0
471,0.0,0.013861386138613863,0.05079507064705211,1.0,-0.0,0,0
472,0.0,0.013861386138613863,0.05079507064705211,1.0,-0.0,0,0
473,0.0,0.0,0.0,1.0,-0.0,0,0
474,0.0,0.0,0.0,1.0,-0.0,0,0
475,0.0,0.0,0.0,1.0,-0.0,0,0
476,0.0,0.0,0.0,1.0,-0.0,0,0
477,0.0,0.0,0.0,1.0,-0.0,0,0
478,0.0,0.0,0.0,1.0,-0.0,0,0
479,0.0,0.0,0.0,1.0,-0.0,0,0
480,0.0,0.0,0.0,1.0,-0.0,0,0
481,0.0,0.04752475247524753,0.09397077637785879,1.0,-0.0,0,0
482,0.0,0.05346534653465348,0.10489443673781407,1.0,-0.0,0,0
483,0.0,0.10099009900990098,0.14791959918402456,1.0,-0.0,0,0
484,0.0,0.10099009900990098,0.14791959918402456,1.0,-0.0,0,0
485,0.0,0.10099009900990098,0.14791959918402456,1.0,-0.0,0,0
486,0.0,0.13465346534653463,0.16911864928947465,1.0,-0.0,0,0
487,0.0,0.1287128712871287,0.1630990913423683,1.0,-0.0,0,0
488,0.0,0.08118811881188118,0.11999411807954947,1.0,-0.0,0,0
489,0.0,0.08712871287128714,0.12077584698595571,1.0,-0.0,0,0
490,0.0,0.08712871287128714,0.12077584698595571,1.0,-0.0,0,0
491,0.0,0.10495049504950496,0.15310401409962543,1.0,-0.0,0,0
492,0.0,0.1504950495049505,0.19981365694127387,1.0,-0.0,0,0
493,0.0,0.1504950495049505,0.19981365694127387,1.0,-0.0,0,0
494,0.0,0.14455445544554457,0.19522784227906909,1.0,-0.0,0,0
495,0.0,0.14455445544554457,0.19522784227906909,1.0,-0.0,0,0
496,0.0,0.1297029702970297,0.14728201173692715,1.0,-0.0,0,0
497,0.2,0.20198019801980197,0.20584537021649224,1.0,-0.0,0,0
498,0.2,0.20198019801980197,0.20584537021649224,1.0,-0.0,0,0
499,0.2,0.20198019801980197,0.20584537021649224,1.0,-0.0,0,0
500,0.2,0.25346534653465347,0.2451769845430692,1.0,-0.0,0,0
501,0.2,0.17029702970297028,0.2037006901787428,0.4420330308165029,0.3545452768831266,0,0
502,0.0,0.05148514851485149,0.10773441987117183,1.0,-0.0,0,0
503,0.0,0.05148514851485149,0.10773441987117183,1.0,-0.0,0,0
504,0.0,0.05148514851485149,0.10773441987117183,1.0,-0.0,0,0
505,0.0,0.0059405940594059415,0.03395332316729158,1.0,-0.0,0,0
506,0.0,0.0059405940594059415,0.03395332316729158,1.0,-0.0,0,0
507,0.0,0.0059405940594059415,0.03395332316729158,1.0,-0.0,0,0
508,0.0,0.02772277227722772,0.06910862719451544,1.0,-0.0,0,0
509,0.0,0.02772277227722772,0.06910862719451544,1.0,-0.0,0,0
510,0.0,0.021782178217821784,0.06230547612891991,1.0,-0.0,0,0
511,0.0,0.021782178217821784,0.06230547612891991,1.0,-0.0,0,0
512,0.0,0.021782178217821784,0.06230547612891991,1.0,-0.0,0,0
513,0.0,0.0,0.0,1.0,-0.0,0,0
514,0.0,0.0,0.0,1.0,-0.0,0,0
515,0.0,0.0,0.0,1.0,-0.0,0,0
516,0.0,0.0039603960396039604,0.02786385599895107,1.0,-0.0,0,0
517,0.0,0.04554455445544555,0.09700949476369022,1.0,-0.0,0,0
518,0.0,0.04554455445544555,0.09700949476369022,1.0,-0.0,0,0
519,0.0,0.04554455445544555,0.09700949476369022,1.0,-0.0,0,0
520,0.0,0.04554455445544555,0.09700949476369022,1.0,-0.0,0,0
521,0.0,0.041584158415841586,0.09039772047931348,1.0,-0.0,0,0
522,0.0,0.0,0.0,1.0,-0.0,0,0
523,0.0,0.0,0.0,1.0,-0.0,0,0
524,0.0,0.015841584158415842,0.05401260078014202,1.0,-0.0,0,0
525,0.0,0.015841584158415842,0.05401260078014202,1.0,-0.0,0,0
526,0.0,0.023762376237623766,0.06471340450838887,1.0,-0.0,0,0
527,0.0,0.023762376237623766,0.06471340450838887,1.0,-0.0,0,0
528,0.0,0.023762376237623766,0.06471340450838887,1.0,-0.0,0,0
529,0.0,0.019801980198019806,0.06603299802191315,1.0,-0.0,0,0
530,0.0,0.033663366336633666,0.08930671115865095,1.0,-0.0,0,0
531,0.0,0.025742574257425748,0.07264925278354116,1.0,-0.0,0,0
532,0.0,0.033663366336633666,0.07994704648786674,1.0,-0.0,0,0
533,0.0,0.06534653465346535,0.10939585993610405,1.0,-0.0,0,0
534,0.0,0.06336633663366337,0.11233152161332939,1.0,-0.0,0,0
535,0.2,0.06336633663366337,0.10874875419996817,0.10448261079208833,0.9809559838634979,0,0
536,0.2,0.08118811881188118,0.12325042629382527,0.16752607431728717,0.7759175883237079,0,0
537,0.2,0.08316831683168316,0.12353642740976017,0.17214403052095056,0.7641080328301242,0,0
538,0.2,0.05148514851485149,0.096075322540263,0.0610744044260142,1.2141407594058027,0,0
539,0.2,0.06732673267326733,0.11000352009767247,0.11389293410569636,0.9435032186258506,0,0
540,0.0,0.05346534653465347,0.09704990696905227,1.0,-0.0,0,0
541,0.0,0.03564356435643565,0.08154954567118415,1.0,-0.0,0,0
542,0.0,0.025742574257425748,0.0669763743575753,1.0,-0.0,0,0
543,0.0,0.025742574257425748,0.0669763743575753,1.0,-0.0,0,0
544,0.0,0.0,0.0,1.0,-0.0,0,0
545,0.0,0.0,0.0,1.0,-0.0,0,0
546,0.0,0.0396039603960396,0.0890869059738772,1.0,-0.0,0,0
547,0.0,0.057425742574257435,0.10656335878870264,1.0,-0.0,0,0
548,0.0,0.09306930693069307,0.13069306930693073,1.0,-0.0,0,0
549,0.0,0.15445544554455443,0.166218722942046,1.0,-0.0,0,0
550,0.0,0.2554455445544554,0.23566852351385092,1.0,-0.0,0,0
551,0.0,0.23366336633663365,0.22527309179237867,1.0,-0.0,0,0
552,0.0,0.2158415841584158,0.21559619077961134,1.0,-0.0,0,0
553,0.2,0.22376237623762374,0.22032762052595836,1.0,-0.0,0,0
554,0.2,0.19603960396039602,0.2179657490030418,0.49275169377224254,0.3073718742130564,0,0
555,0.2,0.11683168316831682,0.16713622056244906,0.3093801895978149,0.5095074987290914,0,0
556,0.4,0.13663366336633662,0.16870078513860487,0.05924480664100864,1.2273497136048641,0,0
557,0.4,0.15148514851485145,0.17384063567278094,0.07642230549520317,1.1167798647274103,0,0
558,0.2,0.11485148514851484,0.14984225277142668,0.28493112915219765,0.5452601008465132,0,0
559,0.4,0.10495049504950495,0.1367053908443026,0.015452751881588808,1.8109941686296773,0,0
560,0.8,0.13762376237623758,0.17052712983454246,5.1315404021926916e-05,4.289752247412035,0,0
561,1.2,0.20792079207920788,0.22146370344579508,3.738329765494321e-06,5.427322391288469,0,0
562,1.2,0.194059405940594,0.20576915941409615,5.075589862720752e-07,6.294513478687969,0,0
563,1.6,0.2514851485148515,0.22098513071529313,5.228046396065539e-10,9.2816605669473,0,0
564,1.4,0.22970297029702968,0.2205055193200009,5.561930063922783e-08,7.254774476285124,0,0
565,1.0,0.17425742574257425,0.17499842451711448,1.1875326106298024e-06,5.9253544554528945,0,0
566,0.4,0.06534653465346535,0.1164113937164283,0.0020217479758393043,2.69427298302989,0,0
567,0.8,0.10495049504950495,0.13377699607171908,1.0203955297121078e-07,6.9912314526745725,0,0
568,1.4,0.15445544554455443,0.18213516495155513,3.999315405324947e-12,11.39801434395584,0,0
569,1.6,0.20198019801980194,0.19395834911660803,2.842520059901445e-13,12.546296461776986,0,0
570,1.6,0.2356435643564356,0.21872002014232197,2.2172372339721145e-10,9.654187836929273,0,0
571,1.6,0.2514851485148515,0.22804110337598868,1.6748448066312012e-09,8.776025429072671,0,0
572,1.2,0.22970297029702968,0.22931000870042118,1.1613264872722799e-05,4.935045668557947,0,0
573,0.4,0.17821782178217818,0.16386662071744318,0.08795897623206707,1.0557198341015097,0,0
574,0.2,0.14257425742574253,0.14981608173764546,0.35074560537729405,0.4550077617033023,0,0
575,0.2,0.11287128712871287,0.13618810981425267,0.26116191493532087,0.5830901556488499,0,0
576,0.2,0.09702970297029702,0.127780323207142,0.21016800358682974,0.6774334011688355,0,0
577,0.2,0.07920792079207921,0.11631029826208643,0.1495109975624142,0.8253268608177716,0,0
578,0.0,0.017821782178217824,0.05698017651460656,1.0,-0.0,0,0
579,0.0,0.0059405940594059415,0.03395332316729158,1.0,-0.0,0,0
580,0.0,0.0,0.0,1.0,-0.0,0,0
581,0.0,0.0,0.0,1.0,-0.0,0,0
582,0.0,0.0,0.0,1.0,-0.0,0,0
583,0.0,0.0,0.0,1.0,-0.0,0,0
584,0.0,0.0,0.0,1.0,-0.0,0,0
585,0.0,0.0,0.0,1.0,-0.0,0,0
586,0.0,0.015841584158415842,0.054012600780142014,1.0,-0.0,0,0
587,0.4,0.06930693069306931,0.11751770396006173,0.002446574726960859,2.6114415148269434,0,0
588,0.4,0.16237623762376235,0.1902845629074887,0.10587257754383979,0.9752165135809907,0,0
589,0.4,0.16237623762376235,0.1902845629074887,0.10587257754383979,0.9752165135809907,0,0
590,0.4,0.27524752475247527,0.23689657708892173,0.2992316824537551,0.5239924255589496,0,0
591,0.4,0.25940594059405936,0.2347015032083811,0.27457527767359213,0.5613385685314749,0,0
592,0.0,0.29108910891089107,0.2243136991446542,1.0,-0.0,0,0
593,0.0,0.24356435643564353,0.22089639235460345,1.0,-0.0,0,0
594,0.2,0.25544554455445545,0.22536010677951354,1.0,-0.0,0,0
595,0.2,0.14158415841584157,0.1648685805663259,0.36155043556153155,0.441831110933158,0,0
596,0.2,0.1584158415841584,0.17192407185067915,0.4044384580337892,0.3931475540757625,0,0
597,0.4,0.09900990099009901,0.15057319492752777,0.022806231289466315,1.6419464755920654,0,0
598,0.4,0.05544554455445545,0.11979788880993404,0.002012911175252726,2.6961753890202966,0,0
599,0.2,0.04356435643564357,0.10755228209109126,0.07290277293308181,1.1372559525238224,0,0
600,0.2,0.04356435643564357,0.10755228209109126,0.07290277293308181,1.1372559525238224,0,0
601,0.2,0.027722772277227727,0.07975061610139514,0.015378620884094646,1.813082609221364,0,0
602,0.0,0.0,0.0,1.0,-0.0,0,0
603,0.4,0.15247524752475244,0.15453158823862712,0.05460274552155323,1.2627855196600446,0,0
604,0.8,0.18811881188118804,0.17535656953133033,0.00024209452594178748,3.6160150303854155,0,0
605,1.0,0.28712871287128705,0.2293613027417071,0.0009415630882044512,3.0261505753380935,0,0
606,1.6,0.3346534653465347,0.2518980005597726,2.540222236632508e-07,6.595128286560733,0,0
607,1.6,0.35643564356435653,0.25886876585918417,7.782527622834072e-07,6.1088793291840755,0,0
608,1.4,0.2613861386138614,0.22469794776244412,2.0173984871442283e-07,6.695208309186944,0,0
609,1.0,0.2455445544554455,0.2141179246085271,0.00021290250263616587,3.671819233466849,0,0
610,0.8,0.16237623762376235,0.1634113349368535,4.7709344715061224e-05,4.321396548408321,0,0
611,0.4,0.17227722772277226,0.18674852677785872,0.11134456082761209,0.9533309933605219,0,0
612,0.6,0.30495049504950494,0.2261937475056417,0.09604682425109574,1.0175169903340553,0,0
613,1.0,0.3702970297029703,0.24273383314559507,0.004740403319036233,2.324184706473532,0,0
614,1.0,0.41584158415841593,0.263537501142402,0.01332506426701481,1.8753306876865614,0,0
615,1.2,0.4316831683168317,0.26210522150929577,0.0016875715850041668,2.7727377957929926,0,0
616,1.0,0.3801980198019802,0.2602435272229174,0.008618265799599525,2.064580115780344,0,0
617,0.8,0.22376237623762377,0.19758367815075523,0.0017703493752126126,2.7519410179579804,0,0
618,0.2,0.10099009900990098,0.12467387119760154,0.21355371500123171,0.6704928691423239,0,0
619,0.2,0.03564356435643565,0.07653920035678292,0.015882722457572503,1.7990750531077893,0,0
620,0.0,0.0039603960396039604,0.02786385599895106,1.0,-0.0,0,0
621,0.0,0.0,0.0,1.0,-0.0,0,0
622,0.0,0.0297029702970297,0.08150144802873932,1.0,-0.0,0,0
623,0.0,0.0297029702970297,0.08150144802873932,1.0,-0.0,0,0
624,0.0,0.05544554455445545,0.1019369320889802,1.0,-0.0,0,0
625,0.0,0.05544554455445545,0.1019369320889802,1.0,-0.0,0,0
626,0.2,0.12376237623762375,0.1401191253095801,0.2931892578952463,0.532851945771298,0,0
