,foreground,bg_means,bg_stdev,pvals,minus_logs,regs,active
2,0.0,0.3702970297029703,0.2675686474164831,1.0,-0.0,0,0
3,0.0,0.2891089108910892,0.22946385642567882,1.0,-0.0,0,0
4,0.0,0.2059405940594059,0.18764923153239024,1.0,-0.0,0,0
5,0.0,0.2059405940594059,0.18764923153239024,1.0,-0.0,0,0
6,0.0,0.2059405940594059,0.18120705414231045,1.0,-0.0,0,0
7,0.0,0.06336633663366337,0.10120342446875752,1.0,-0.0,0,0
8,0.0,0.05544554455445545,0.09797478714338996,1.0,-0.0,0,0
9,0.0,0.015841584158415842,0.05401260078014202,1.0,-0.0,0,0
10,0.0,0.015841584158415842,0.05401260078014202,1.0,-0.0,0,0
11,0.0,0.11683168316831682,0.13864214704328154,1.0,-0.0,0,0
12,0.0,0.13465346534653466,0.14921288105967928,1.0,-0.0,0,0
13,0.0,0.13465346534653466,0.14921288105967928,1.0,-0.0,0,0
14,0.0,0.13465346534653466,0.14921288105967928,1.0,-0.0,0,0
15,0.0,0.1504950495049505,0.16266576457752752,1.0,-0.0,0,0
16,0.0,0.13465346534653466,0.17144444215376922,1.0,-0.0,0,0
17,0.0,0.1188118811881188,0.15460769343321298,1.0,-0.0,0,0
18,0.0,0.1485148514851485,0.16804870898437327,1.0,-0.0,0,0
19,0.0,0.1485148514851485,0.16804870898437327,1.0,-0.0,0,0
20,0.0,0.16831683168316827,0.17740187251029735,1.0,-0.0,0,0
21,0.0,0.06336633663366337,0.11233152161332939,1.0,-0.0,0,0
22,0.0,0.06336633663366337,0.11233152161332939,1.0,-0.0,0,0
23,0.0,0.2059405940594059,0.19792076731434868,1.0,-0.0,0,0
24,0.0,0.2059405940594059,0.19792076731434868,1.0,-0.0,0,0
25,0.0,0.17029702970297028,0.18322985319016175,1.0,-0.0,0,0
26,0.0,0.17029702970297028,0.18322985319016175,1.0,-0.0,0,0
27,0.0,0.17029702970297028,0.18322985319016175,1.0,-0.0,0,0
28,0.0,0.0,0.0,1.0,-0.0,0,0
29,0.0,0.023762376237623766,0.06471340450838889,1.0,-0.0,0,0
30,0.0,0.03564356435643565,0.08626938974571076,1.0,-0.0,0,0
31,0.0,0.20792079207920788,0.1886288032334235,1.0,-0.0,0,0
32,0.0,0.2237623762376237,0.19556899208121012,1.0,-0.0,0,0
33,0.0,0.2237623762376237,0.19556899208121012,1.0,-0.0,0,0
34,0.0,0.19999999999999998,0.18020889968243098,1.0,-0.0,0,0
35,0.0,0.1881188118811881,0.17760069168141515,1.0,-0.0,0,0
36,0.0,0.05544554455445545,0.09797478714338996,1.0,-0.0,0,0
37,0.0,0.039603960396039604,0.07970143286137867,1.0,-0.0,0,0
38,0.0,0.06336633663366337,0.10120342446875752,1.0,-0.0,0,0
39,0.0,0.0891089108910891,0.12420120222231065,1.0,-0.0,0,0
40,0.0,0.10693069306930691,0.13661931335176505,1.0,-0.0,0,0
41,0.0,0.10693069306930694,0.15559367350941147,1.0,-0.0,0,0
42,0.0,0.10693069306930694,0.15559367350941147,1.0,-0.0,0,0
43,0.0,0.13465346534653466,0.1518438773281649,1.0,-0.0,0,0
44,0.0,0.2514851485148515,0.1816393234925723,1.0,-0.0,0,0
45,0.0,0.2554455445544554,0.18046982004062492,1.0,-0.0,0,0
46,0.0,0.21584158415841584,0.17504323271769953,1.0,-0.0,0,0
47,0.0,0.21584158415841584,0.17504323271769953,1.0,-0.0,0,0
48,0.0,0.16633663366336632,0.16902587986434298,1.0,-0.0,0,0
49,0.0,0.021782178217821784,0.06230547612891991,1.0,-0.0,0,0
50,0.0,0.0,0.0,1.0,-0.0,0,0
51,0.0,0.0,0.0,1.0,-0.0,0,0
52,0.0,0.0,0.0,1.0,-0.0,0,0
53,0.0,0.03564356435643565,0.09074407316744237,1.0,-0.0,0,0
54,0.0,0.04752475247524753,0.09809478080396702,1.0,-0.0,0,0
55,0.0,0.04752475247524753,0.09809478080396702,1.0,-0.0,0,0
56,0.0,0.05940594059405942,0.10733330877518933,1.0,-0.0,0,0
57,0.0,0.05940594059405942,0.10733330877518933,1.0,-0.0,0,0
58,0.0,0.023762376237623763,0.07056843438101175,1.0,-0.0,0,0
59,0.2,0.05346534653465347,0.10489443673781407,0.08121090620767592,1.0903856433234342,0,0
60,0.2,0.16237623762376233,0.1817688038394126,0.41801004214703774,0.37881328474013737,0,0
61,0.4,0.1742574257425742,0.1880875429979268,0.11503093557163198,0.9391853479827579,0,0
62,0.4,0.19009900990099005,0.20172766196776312,0.14904996741285848,0.8266681145821542,0,0
63,0.4,0.2079207920792079,0.22676509777231912,0.1984862908917302,0.7022694838413079,0,0
64,0.2,0.24158415841584158,0.21120461981740007,1.0,-0.0,0,0
65,0.2,0.13366336633663364,0.15432845757147495,0.33365580592186994,0.4767013136188677,0,0
66,0.0,0.13663366336633662,0.16150454260676184,1.0,-0.0,0,0
67,0.0,0.12079207920792079,0.15689867556071532,1.0,-0.0,0,0
68,0.0,0.10297029702970295,0.14789308791950762,1.0,-0.0,0,0
69,0.0,0.027722772277227727,0.07461957893630407,1.0,-0.0,0,0
70,0.0,0.03564356435643565,0.08154954567118416,1.0,-0.0,0,0
71,0.0,0.007920792079207921,0.03900537743285587,1.0,-0.0,0,0
72,0.0,0.007920792079207921,0.03900537743285587,1.0,-0.0,0,0
73,0.0,0.007920792079207921,0.03900537743285587,1.0,-0.0,0,0
74,0.0,0.007920792079207921,0.03900537743285587,1.0,-0.0,0,0
75,0.0,0.0,0.0,1.0,-0.0,0,0
76,0.0,0.0,0.0,1.0,-0.0,0,0
77,0.0,0.0,0.0,1.0,-0.0,0,0
78,0.0,0.0,0.0,1.0,-0.0,0,0
79,0.0,0.0,0.0,1.0,-0.0,0,0
80,0.0,0.0,0.0,1.0,-0.0,0,0
81,0.0,0.041584158415841586,0.08116396646304633,1.0,-0.0,0,0
82,0.0,0.041584158415841586,0.08116396646304633,1.0,-0.0,0,0
83,0.0,0.041584158415841586,0.08116396646304633,1.0,-0.0,0,0
84,0.0,0.041584158415841586,0.08116396646304633,1.0,-0.0,0,0
85,0.0,0.24554455445544554,0.23016341696705414,1.0,-0.0,0,0
86,0.0,0.23366336633663368,0.2144655931336603,1.0,-0.0,0,0
87,0.0,0.23366336633663368,0.2144655931336603,1.0,-0.0,0,0
88,0.0,0.23366336633663368,0.2144655931336603,1.0,-0.0,0,0
89,0.0,0.23366336633663368,0.2144655931336603,1.0,-0.0,0,0
90,0.0,0.08514851485148513,0.1172170185104851,1.0,-0.0,0,0
91,0.0,0.05544554455445545,0.1019369320889802,1.0,-0.0,0,0
92,0.0,0.05544554455445545,0.1019369320889802,1.0,-0.0,0,0
93,0.0,0.05544554455445545,0.1019369320889802,1.0,-0.0,0,0
94,0.0,0.05544554455445545,0.1019369320889802,1.0,-0.0,0,0
95,0.0,0.0,0.0,1.0,-0.0,0,0
96,0.0,0.0,0.0,1.0,-0.0,0,0
97,0.0,0.0,0.0,1.0,-0.0,0,0
98,0.0,0.0,0.0,1.0,-0.0,0,0
99,0.0,0.04356435643564357,0.09164702150816742,1.0,-0.0,0,0
100,0.0,0.04356435643564357,0.09164702150816742,1.0,-0.0,0,0
101,0.0,0.04950495049504951,0.09504950495049506,1.0,-0.0,0,0
102,0.0,0.04950495049504951,0.09504950495049506,1.0,-0.0,0,0
103,0.0,0.04950495049504951,0.09504950495049506,1.0,-0.0,0,0
104,0.0,0.0059405940594059415,0.033953323167291584,1.0,-0.0,0,0
105,0.0,0.16633663366336632,0.18894036343566833,1.0,-0.0,0,0
106,0.0,0.19405940594059404,0.18337959449964716,1.0,-0.0,0,0
107,0.0,0.19405940594059404,0.18337959449964716,1.0,-0.0,0,0
108,0.0,0.19405940594059404,0.18337959449964716,1.0,-0.0,0,0
109,0.0,0.19405940594059404,0.18337959449964716,1.0,-0.0,0,0
110,0.0,0.13465346534653466,0.1782398226244054,1.0,-0.0,0,0
111,0.0,0.100990099009901,0.15318082856090076,1.0,-0.0,0,0
112,0.0,0.1207920792079208,0.1666898653919601,1.0,-0.0,0,0
113,0.0,0.1207920792079208,0.1666898653919601,1.0,-0.0,0,0
114,0.0,0.1207920792079208,0.1666898653919601,1.0,-0.0,0,0
115,0.0,0.019801980198019806,0.059735061897023184,1.0,-0.0,0,0
116,0.0,0.019801980198019806,0.059735061897023184,1.0,-0.0,0,0
117,0.0,0.0,0.0,1.0,-0.0,0,0
118,0.0,0.0,0.0,1.0,-0.0,0,0
119,0.0,0.025742574257425748,0.0669763743575753,1.0,-0.0,0,0
120,0.0,0.08118811881188118,0.13254020222321994,1.0,-0.0,0,0
121,0.0,0.09900990099009901,0.14521752172118102,1.0,-0.0,0,0
122,0.0,0.09900990099009901,0.14521752172118102,1.0,-0.0,0,0
123,0.0,0.10495049504950495,0.15310401409962543,1.0,-0.0,0,0
124,0.0,0.07920792079207921,0.1261123431927973,1.0,-0.0,0,0
125,0.2,0.14059405940594058,0.15806892707703052,0.3535242386351092,0.4515808043717551,0,0
126,0.2,0.12079207920792079,0.1517663861889879,0.3008675846233133,0.521624600487126,0,0
127,0.2,0.1287128712871287,0.15307840071356582,0.3207185927345454,0.4938758623729076,0,0
128,0.2,0.12277227722772276,0.15407416763506465,0.30810205630421117,0.5113054031481944,0,0
129,0.2,0.12277227722772276,0.15407416763506465,0.30810205630421117,0.5113054031481944,0,0
130,0.0,0.007920792079207921,0.03900537743285587,1.0,-0.0,0,0
131,0.0,0.007920792079207921,0.03900537743285587,1.0,-0.0,0,0
132,0.0,0.0,0.0,1.0,-0.0,0,0
133,0.0,0.0,0.0,1.0,-0.0,0,0
134,0.0,0.05940594059405942,0.10357779667819421,1.0,-0.0,0,0
135,0.0,0.06930693069306931,0.11057238501634628,1.0,-0.0,0,0
136,0.0,0.08712871287128712,0.12401163019288061,1.0,-0.0,0,0
137,0.0,0.08712871287128712,0.12401163019288061,1.0,-0.0,0,0
138,0.0,0.08712871287128712,0.12401163019288061,1.0,-0.0,0,0
139,0.0,0.02772277227722772,0.07461957893630407,1.0,-0.0,0,0
140,0.0,0.017821782178217824,0.056980176514606566,1.0,-0.0,0,0
141,0.0,0.019801980198019802,0.059735061897023205,1.0,-0.0,0,0
142,0.0,0.023762376237623766,0.06471340450838889,1.0,-0.0,0,0
143,0.0,0.023762376237623766,0.06471340450838889,1.0,-0.0,0,0
144,0.0,0.023762376237623766,0.06471340450838889,1.0,-0.0,0,0
145,0.0,0.023762376237623766,0.06471340450838889,1.0,-0.0,0,0
146,0.0,0.0039603960396039604,0.027863855998951064,1.0,-0.0,0,0
147,0.0,0.13267326732673265,0.13283572143563108,1.0,-0.0,0,0
148,0.0,0.2891089108910891,0.21886339611323719,1.0,-0.0,0,0
149,0.0,0.2891089108910891,0.21886339611323719,1.0,-0.0,0,0
150,0.0,0.2891089108910891,0.21886339611323719,1.0,-0.0,0,0
151,0.0,0.2891089108910891,0.21886339611323719,1.0,-0.0,0,0
152,0.0,0.3465346534653465,0.26534653465346536,1.0,-0.0,0,0
153,0.0,0.18811881188118812,0.1884208102236084,1.0,-0.0,0,0
154,0.2,0.19999999999999998,0.19700731252448173,0.49999999999999994,0.30102999566398125,0,0
155,0.2,0.22772277227722768,0.19504699199265746,1.0,-0.0,0,0
156,0.2,0.22772277227722768,0.19504699199265746,1.0,-0.0,0,0
157,0.2,0.14455445544554454,0.16439221845954266,0.3679544372390059,0.4342059554589668,0,0
158,0.2,0.14455445544554454,0.16439221845954266,0.3679544372390059,0.4342059554589668,0,0
159,0.0,0.14257425742574256,0.16491614109827338,1.0,-0.0,0,0
160,0.0,0.11287128712871286,0.14736186103080443,1.0,-0.0,0,0
161,0.0,0.12277227722772276,0.14884451859775158,1.0,-0.0,0,0
162,0.0,0.019801980198019802,0.059735061897023205,1.0,-0.0,0,0
163,0.0,0.019801980198019802,0.059735061897023205,1.0,-0.0,0,0
164,0.0,0.009900990099009901,0.04338396495090424,1.0,-0.0,0,0
165,0.0,0.06732673267326733,0.11000352009767247,1.0,-0.0,0,0
166,0.0,0.08316831683168316,0.12353642740976016,1.0,-0.0,0,0
167,0.0,0.1089108910891089,0.1335716590419014,1.0,-0.0,0,0
168,0.0,0.1089108910891089,0.1335716590419014,1.0,-0.0,0,0
169,0.0,0.1089108910891089,0.1335716590419014,1.0,-0.0,0,0
170,0.0,0.051485148514851496,0.096075322540263,1.0,-0.0,0,0
171,0.0,0.061386138613861385,0.10806149425459212,1.0,-0.0,0,0
172,0.0,0.03564356435643565,0.09500824186847648,1.0,-0.0,0,0
173,0.0,0.03564356435643565,0.09500824186847648,1.0,-0.0,0,0
174,0.0,0.03564356435643565,0.09500824186847648,1.0,-0.0,0,0
175,0.0,0.03564356435643565,0.09500824186847648,1.0,-0.0,0,0
176,0.0,0.0,0.0,1.0,-0.0,0,0
177,0.0,0.0,0.0,1.0,-0.0,0,0
178,0.0,0.0,0.0,1.0,-0.0,0,0
179,0.0,0.0,0.0,1.0,-0.0,0,0
180,0.0,0.0,0.0,1.0,-0.0,0,0
181,0.0,0.0,0.0,1.0,-0.0,0,0
182,0.0,0.0,0.0,1.0,-0.0,0,0
183,0.0,0.0,0.0,1.0,-0.0,0,0
184,0.0,0.0,0.0,1.0,-0.0,0,0
185,0.0,0.0,0.0,1.0,-0.0,0,0
186,0.0,0.0,0.0,1.0,-0.0,0,0
187,0.0,0.07326732673267326,0.10038647014365605,1.0,-0.0,0,0
188,0.4,0.12079207920792079,0.14094225464771679,0.023795113907911013,1.6235122118797733,0,0
189,0.4,0.12079207920792079,0.14094225464771679,0.023795113907911013,1.6235122118797733,0,0
190,0.4,0.12079207920792079,0.14094225464771679,0.023795113907911013,1.6235122118797733,0,0
191,0.6,0.17821782178217818,0.1589594632902137,0.003984332899043776,2.3996443825531184,0,0
192,0.6,0.10297029702970298,0.1367627457412436,0.00013939642667284264,3.855748358922062,0,0
193,0.2,0.05544554455445544,0.1019369320889802,0.07808409030039497,1.1074374449781044,0,0
194,0.2,0.05544554455445544,0.1019369320889802,0.07808409030039497,1.1074374449781044,0,0
195,0.6,0.09900990099009901,0.13965661530697393,0.00016706026916351937,3.777126823204691,0,0
196,0.4,0.04356435643564357,0.08721867542790195,2.18786067554328e-05,4.659980337626219,0,0
197,0.4,0.04356435643564357,0.08721867542790195,2.18786067554328e-05,4.659980337626219,0,0
198,0.6,0.06534653465346535,0.10571364605971598,2.1232365569129774e-07,6.673001616932115,0,0
199,0.6,0.06534653465346535,0.10571364605971598,2.1232365569129774e-07,6.673001616932115,0,0
200,0.2,0.021782178217821784,0.06230547612891991,0.002115616449879084,2.6745630648030154,0,0
201,0.2,0.021782178217821784,0.06230547612891991,0.002115616449879084,2.6745630648030154,0,0
202,0.2,0.021782178217821784,0.06230547612891991,0.002115616449879084,2.6745630648030154,0,0
203,0.0,0.0,0.0,1.0,-0.0,0,0
204,0.0,0.0,0.0,1.0,-0.0,0,0
205,0.0,0.0,0.0,1.0,-0.0,0,0
206,0.0,0.0,0.0,1.0,-0.0,0,0
207,0.0,0.0,0.0,1.0,-0.0,0,0
208,0.0,0.0,0.0,1.0,-0.0,0,0
209,0.0,0.0,0.0,1.0,-0.0,0,0
210,0.0,0.0,0.0,1.0,-0.0,0,0
211,0.0,0.0,0.0,1.0,-0.0,0,0
212,0.0,0.0,0.0,1.0,-0.0,0,0
213,0.0,0.0,0.0,1.0,-0.0,0,0
214,0.0,0.025742574257425748,0.0669763743575753,1.0,-0.0,0,0
215,0.0,0.09702970297029702,0.12142344330103677,1.0,-0.0,0,0
216,0.0,0.10495049504950493,0.1307830473343237,1.0,-0.0,0,0
217,0.0,0.12079207920792079,0.14645435316515326,1.0,-0.0,0,0
218,0.0,0.13267326732673265,0.1496589594272569,1.0,-0.0,0,0
219,0.0,0.10495049504950495,0.13377699607171908,1.0,-0.0,0,0
220,0.0,0.033663366336633666,0.07994704648786674,1.0,-0.0,0,0
221,0.0,0.025742574257425745,0.0669763743575753,1.0,-0.0,0,0
222,0.0,0.021782178217821784,0.06230547612891991,1.0,-0.0,0,0
223,0.0,0.011881188118811881,0.047276579747775535,1.0,-0.0,0,0
224,0.0,0.011881188118811881,0.047276579747775535,1.0,-0.0,0,0
225,0.0,0.03564356435643565,0.08626938974571076,1.0,-0.0,0,0
226,0.0,0.057425742574257414,0.10656335878870264,1.0,-0.0,0,0
227,0.2,0.0712871287128713,0.12454800153280307,0.1506990467085107,0.8218894949351553,0,0
228,0.2,0.0712871287128713,0.12454800153280307,0.1506990467085107,0.8218894949351553,0,0
229,0.4,0.09702970297029703,0.14519051706790778,0.018457242818042025,1.7338331742929198,0,0
230,0.4,0.07326732673267328,0.11848138852793338,0.002910739007659992,2.5359967339684735,0,0
231,0.4,0.06336633663366337,0.12245247393061628,0.002987989790657924,2.5246208907483734,0,0
232,0.2,0.03762376237623762,0.09631989312487373,0.04591700207565368,1.3380264748022235,0,0
233,0.2,0.03762376237623762,0.09631989312487373,0.04591700207565368,1.3380264748022235,0,0
234,0.0,0.011881188118811881,0.05501958015623684,1.0,-0.0,0,0
235,0.0,0.011881188118811881,0.05501958015623684,1.0,-0.0,0,0
236,0.0,0.0,0.0,1.0,-0.0,0,0
237,0.0,0.0,0.0,1.0,-0.0,0,0
238,0.0,0.0,0.0,1.0,-0.0,0,0
239,0.0,0.0,0.0,1.0,-0.0,0,0
240,0.0,0.0,0.0,1.0,-0.0,0,0
241,0.0,0.0,0.0,1.0,-0.0,0,0
242,0.0,0.039603960396039604,0.08452453849668534,1.0,-0.0,0,0
243,0.0,0.039603960396039604,0.08452453849668534,1.0,-0.0,0,0
244,0.0,0.039603960396039604,0.08452453849668534,1.0,-0.0,0,0
245,0.0,0.039603960396039604,0.08452453849668534,1.0,-0.0,0,0
246,0.2,0.24158415841584158,0.21492219487073477,1.0,-0.0,0,0
247,0.2,0.20198019801980197,0.20776042849273668,1.0,-0.0,0,0
248,0.2,0.20198019801980197,0.20776042849273668,1.0,-0.0,0,0
249,0.2,0.20198019801980197,0.20776042849273668,1.0,-0.0,0,0
250,0.2,0.20198019801980197,0.20776042849273668,1.0,-0.0,0,0
251,0.0,0.025742574257425745,0.07264925278354116,1.0,-0.0,0,0
252,0.0,0.025742574257425745,0.07264925278354116,1.0,-0.0,0,0
253,0.0,0.025742574257425745,0.07264925278354116,1.0,-0.0,0,0
254,0.0,0.07722772277227724,0.12888031758632068,1.0,-0.0,0,0
255,0.0,0.07722772277227724,0.12888031758632068,1.0,-0.0,0,0
256,0.0,0.05148514851485149,0.10399339410297727,1.0,-0.0,0,0
257,0.0,0.05148514851485149,0.10399339410297727,1.0,-0.0,0,0
258,0.0,0.05148514851485149,0.10399339410297727,1.0,-0.0,0,0
259,0.0,0.0,0.0,1.0,-0.0,0,0
260,0.0,0.0,0.0,1.0,-0.0,0,0
261,0.0,0.011881188118811883,0.04727657974777554,1.0,-0.0,0,0
262,0.0,0.011881188118811883,0.04727657974777554,1.0,-0.0,0,0
263,0.0,0.08118811881188118,0.1412201927103005,1.0,-0.0,0,0
264,0.0,0.08118811881188118,0.1412201927103005,1.0,-0.0,0,0
265,0.0,0.08118811881188118,0.1412201927103005,1.0,-0.0,0,0
266,0.0,0.06930693069306931,0.12722675963729912,1.0,-0.0,0,0
267,0.0,0.06930693069306931,0.12722675963729912,1.0,-0.0,0,0
268,0.0,0.0,0.0,1.0,-0.0,0,0
269,0.0,0.0,0.0,1.0,-0.0,0,0
270,0.0,0.0,0.0,1.0,-0.0,0,0
271,0.0,0.0,0.0,1.0,-0.0,0,0
272,0.0,0.0,0.0,1.0,-0.0,0,0
273,0.0,0.0,0.0,1.0,-0.0,0,0
274,0.0,0.0,0.0,1.0,-0.0,0,0
275,0.0,0.0,0.0,1.0,-0.0,0,0
276,0.0,0.0,0.0,1.0,-0.0,0,0
277,0.0,0.0,0.0,1.0,-0.0,0,0
278,0.0,0.0,0.0,1.0,-0.0,0,0
279,0.0,0.0,0.0,1.0,-0.0,0,0
280,0.0,0.0,0.0,1.0,-0.0,0,0
281,0.0,0.0,0.0,1.0,-0.0,0,0
282,0.0,0.0,0.0,1.0,-0.0,0,0
283,0.0,0.0,0.0,1.0,-0.0,0,0
284,0.0,0.0,0.0,1.0,-0.0,0,0
285,0.0,0.0,0.0,1.0,-0.0,0,0
286,0.0,0.0,0.0,1.0,-0.0,0,0
287,0.0,0.0,0.0,1.0,-0.0,0,0
288,0.0,0.0,0.0,1.0,-0.0,0,0
289,0.0,0.0,0.0,1.0,-0.0,0,0
290,0.0,0.0,0.0,1.0,-0.0,0,0
291,0.2,0.04356435643564357,0.08721867542790196,0.03643831012751651,1.4384417721851057,0,0
292,0.2,0.04356435643564357,0.08721867542790196,0.03643831012751651,1.4384417721851057,0,0
293,0.2,0.057425742574257435,0.09885135821266286,0.07460753442729876,1.127217312004932,0,0
294,0.2,0.057425742574257435,0.09885135821266286,0.07460753442729876,1.127217312004932,0,0
295,0.2,0.057425742574257435,0.09885135821266286,0.07460753442729876,1.127217312004932,0,0
296,0.0,0.013861386138613863,0.05079507064705211,1.0,-0.0,0,0
297,0.0,0.013861386138613863,0.05079507064705211,1.0,-0.0,0,0
298,0.0,0.0,0.0,1.0,-0.0,0,0
299,0.0,0.0,0.0,1.0,-0.0,0,0
300,0.0,0.0,0.0,1.0,-0.0,0,0
301,0.0,0.0,0.0,1.0,-0.0,0,0
302,0.0,0.0,0.0,1.0,-0.0,0,0
303,0.0,0.0,0.0,1.0,-0.0,0,0
304,0.0,0.0,0.0,1.0,-0.0,0,0
305,0.0,0.0,0.0,1.0,-0.0,0,0
306,0.0,0.0,0.0,1.0,-0.0,0,0
307,0.0,0.0,0.0,1.0,-0.0,0,0
308,0.0,0.0,0.0,1.0,-0.0,0,0
309,0.0,0.0,0.0,1.0,-0.0,0,0
310,0.0,0.0,0.0,1.0,-0.0,0,0
311,0.0,0.0,0.0,1.0,-0.0,0,0
312,0.0,0.0,0.0,1.0,-0.0,0,0
313,0.0,0.0,0.0,1.0,-0.0,0,0
314,0.0,0.0,0.0,1.0,-0.0,0,0
315,0.0,0.0,0.0,1.0,-0.0,0,0
316,0.0,0.0,0.0,1.0,-0.0,0,0
317,0.0,0.0,0.0,1.0,-0.0,0,0
318,0.0,0.0,0.0,1.0,-0.0,0,0
319,0.0,0.0,0.0,1.0,-0.0,0,0
320,0.0,0.0,0.0,1.0,-0.0,0,0
321,0.0,0.0,0.0,1.0,-0.0,0,0
322,0.0,0.0,0.0,1.0,-0.0,0,0
323,0.0,0.0,0.0,1.0,-0.0,0,0
324,0.0,0.09702970297029703,0.1396285351588451,1.0,-0.0,0,0
325,0.0,0.11683168316831684,0.15483578457286823,1.0,-0.0,0,0
326,0.0,0.11683168316831684,0.15483578457286823,1.0,-0.0,0,0
327,0.0,0.12277227722772277,0.16160162980675777,1.0,-0.0,0,0
328,0.0,0.1603960396039604,0.16890984643276136,1.0,-0.0,0,0
329,0.0,0.061386138613861385,0.10046456153636296,1.0,-0.0,0,0
330,0.0,0.041584158415841586,0.08116396646304633,1.0,-0.0,0,0
331,0.0,0.05544554455445545,0.1019369320889802,1.0,-0.0,0,0
332,0.0,0.04950495049504951,0.09504950495049506,1.0,-0.0,0,0
333,0.0,0.013861386138613863,0.05079507064705211,1.0,-0.0,0,0
334,0.0,0.013861386138613863,0.05079507064705211,1.0,-0.0,0,0
335,0.0,0.013861386138613863,0.05079507064705211,1.0,-0.0,0,0
336,0.0,0.0,0.0,1.0,-0.0,0,0
337,0.0,0.0,0.0,1.0,-0.0,0,0
338,0.0,0.0,0.0,1.0,-0.0,0,0
339,0.4,0.11881188118811878,0.164535271903691,0.0437269725717572,1.3592505899063196,0,0
340,0.4,0.11881188118811878,0.164535271903691,0.0437269725717572,1.3592505899063196,0,0
341,0.4,0.11881188118811878,0.164535271903691,0.0437269725717572,1.3592505899063196,0,0
342,0.4,0.11881188118811878,0.164535271903691,0.0437269725717572,1.3592505899063196,0,0
343,0.4,0.11881188118811878,0.164535271903691,0.0437269725717572,1.3592505899063196,0,0
344,0.0,0.0,0.0,1.0,-0.0,0,0
345,0.0,0.0,0.0,1.0,-0.0,0,0
346,0.0,0.0,0.0,1.0,-0.0,0,0
347,0.0,0.0,0.0,1.0,-0.0,0,0
348,0.0,0.025742574257425748,0.06697637435757531,1.0,-0.0,0,0
349,1.8,0.405940594059406,0.255560646414284,2.4499324148183558e-08,7.610845896156407,0,0
350,1.8,0.405940594059406,0.255560646414284,2.4499324148183558e-08,7.610845896156407,0,0
351,1.8,0.405940594059406,0.255560646414284,2.4499324148183558e-08,7.610845896156407,0,0
352,1.8,0.405940594059406,0.255560646414284,2.4499324148183558e-08,7.610845896156407,0,0
353,1.8,0.38019801980198026,0.2540834048688386,1.1489169009689472e-08,7.93971138189113,0,0
354,0.8,0.13267326732673265,0.1442693512878177,1.8679261731248883e-06,5.728640292580273,0,0
355,0.8,0.22970297029702968,0.19977440467551033,0.0021538397599336037,2.6667866102141096,0,0
356,0.8,0.22970297029702968,0.19977440467551033,0.0021538397599336037,2.6667866102141096,0,0
357,0.8,0.22970297029702968,0.19977440467551033,0.0021538397599336037,2.6667866102141096,0,0
358,0.8,0.22970297029702968,0.19977440467551033,0.0021538397599336037,2.6667866102141096,0,0
359,0.0,0.09702970297029703,0.1396285351588451,1.0,-0.0,0,0
360,0.8,0.13465346534653466,0.1737391031211394,6.418296607887677e-05,4.192580216783612,0,0
361,0.8,0.1485148514851485,0.1816393234925723,0.00016744678135729296,3.776123196002295,0,0
362,0.8,0.1485148514851485,0.1816393234925723,0.00016744678135729296,3.776123196002295,0,0
363,0.8,0.1485148514851485,0.1816393234925723,0.00016744678135729296,3.776123196002295,0,0
364,0.8,0.15643564356435644,0.18153135265530043,0.00019616008357936274,3.7073893621186107,0,0
365,0.0,0.019801980198019802,0.0597350618970232,1.0,-0.0,0,0
366,0.0,0.0059405940594059415,0.03395332316729157,1.0,-0.0,0,0
367,0.4,0.05148514851485149,0.08744317689433512,3.365276187476007e-05,4.472979287524799,0,0
368,0.4,0.0712871287128713,0.10372911567294095,0.0007649411218938123,3.1163719915400883,0,0
369,0.4,0.06534653465346535,0.0938037170877387,0.00018013790389148236,3.744394895070995,0,0
370,0.4,0.06534653465346535,0.0938037170877387,0.00018013790389148236,3.744394895070995,0,0
371,0.4,0.06534653465346535,0.0938037170877387,0.00018013790389148236,3.744394895070995,0,0
372,0.2,0.03960396039603961,0.08452453849668534,0.028872622852877186,1.5395137620565469,0,0
373,0.2,0.019801980198019802,0.0597350618970232,0.0012780474741147156,2.893453013655617,0,0
374,1.0,0.11287128712871287,0.15002532217723416,1.677691224470303e-09,8.775287967135627,0,0
375,1.0,0.11287128712871287,0.15002532217723416,1.677691224470303e-09,8.775287967135627,0,0
376,1.0,0.11287128712871287,0.15002532217723416,1.677691224470303e-09,8.775287967135627,0,0
377,0.8,0.12079207920792076,0.15435386352400063,5.404321364360104e-06,5.267258833850864,0,0
378,0.8,0.12079207920792076,0.15435386352400063,5.404321364360104e-06,5.267258833850864,0,0
379,0.0,0.02772277227722773,0.07461957893630407,1.0,-0.0,0,0
380,0.0,0.02772277227722773,0.07461957893630407,1.0,-0.0,0,0
381,0.0,0.02772277227722773,0.07461957893630407,1.0,-0.0,0,0
382,0.0,0.009900990099009901,0.04338396495090424,1.0,-0.0,0,0
383,0.0,0.009900990099009901,0.04338396495090424,1.0,-0.0,0,0
384,0.0,0.009900990099009901,0.04338396495090424,1.0,-0.0,0,0
385,0.2,0.12079207920792079,0.14913402284168503,0.2976681413832576,0.5262676442308092,0,0
386,0.2,0.12079207920792079,0.14913402284168503,0.2976681413832576,0.5262676442308092,0,0
387,0.2,0.11089108910891088,0.14752142995793407,0.2729083748352631,0.563983136778129,0,0
388,0.2,0.11089108910891088,0.14752142995793407,0.2729083748352631,0.563983136778129,0,0
389,0.2,0.11089108910891088,0.14752142995793407,0.2729083748352631,0.563983136778129,0,0
390,0.0,0.04356435643564357,0.08721867542790195,1.0,-0.0,0,0
391,0.0,0.0712871287128713,0.11110305060677654,1.0,-0.0,0,0
392,0.0,0.09702970297029702,0.13084299831035082,1.0,-0.0,0,0
393,0.0,0.2079207920792079,0.20083152306547483,1.0,-0.0,0,0
394,0.0,0.2079207920792079,0.20083152306547483,1.0,-0.0,0,0
395,0.0,0.19405940594059404,0.19182385803267066,1.0,-0.0,0,0
396,0.0,0.16633663366336632,0.17591471140208167,1.0,-0.0,0,0
397,0.0,0.13861386138613863,0.16588812705842176,1.0,-0.0,0,0
398,0.0,0.02970297029702971,0.07112192077650681,1.0,-0.0,0,0
399,0.0,0.02970297029702971,0.07112192077650681,1.0,-0.0,0,0
400,0.0,0.0,0.0,1.0,-0.0,0,0
401,0.0,0.007920792079207921,0.03900537743285587,1.0,-0.0,0,0
402,0.0,0.015841584158415842,0.05401260078014202,1.0,-0.0,0,0
403,0.0,0.015841584158415842,0.05401260078014202,1.0,-0.0,0,0
404,0.0,0.015841584158415842,0.05401260078014202,1.0,-0.0,0,0
405,0.0,0.08712871287128712,0.11402914890208296,1.0,-0.0,0,0
406,0.0,0.07920792079207921,0.10928827506175545,1.0,-0.0,0,0
407,0.0,0.10297029702970295,0.11471483847889298,1.0,-0.0,0,0
408,0.0,0.10297029702970295,0.11471483847889298,1.0,-0.0,0,0
409,0.0,0.27326732673267323,0.21382471266048458,1.0,-0.0,0,0
410,0.0,0.20198019801980194,0.197999999009802,1.0,-0.0,0,0
411,0.0,0.20198019801980194,0.197999999009802,1.0,-0.0,0,0
412,0.0,0.17029702970297025,0.18322985319016177,1.0,-0.0,0,0
413,0.0,0.20792079207920786,0.19482572477225887,1.0,-0.0,0,0
414,0.0,0.03762376237623763,0.07816140339006158,1.0,-0.0,0,0
415,0.0,0.06732673267326733,0.10634234916512914,1.0,-0.0,0,0
416,0.0,0.06732673267326733,0.10634234916512914,1.0,-0.0,0,0
417,0.2,0.3425742574257426,0.22922449312455892,1.0,-0.0,0,0
418,0.2,0.303960396039604,0.21337495101031664,1.0,-0.0,0,0
419,0.2,0.3227722772277228,0.2233326285920267,1.0,-0.0,0,0
420,0.6,0.5148514851485149,0.3022641093559158,0.3890858699521198,0.40995454075434157,0,0
421,0.6,0.594059405940594,0.30240677548142475,0.49216352967681515,0.3078905715493964,0,0
422,0.4,0.31881188118811876,0.24239435640553433,0.36883431309999004,0.43316868280065846,0,0
423,0.8,0.6435643564356436,0.3599823542386483,0.3319391912407299,0.4789414684869614,0,0
424,0.8,0.6356435643564357,0.3630411040786728,0.3253747248591219,0.48761618612731983,0,0
425,0.4,0.7029702970297028,0.40159470371062755,1.0,-0.0,0,0
426,0.4,0.9702970297029702,0.4541436407424649,1.0,-0.0,0,0
427,0.4,1.2831683168316832,0.4957381349080555,1.0,-0.0,0,0
428,0.0,0.9603960396039604,0.4423338660935042,1.0,-0.0,0,0
429,0.0,0.9544554455445544,0.4404149151877704,1.0,-0.0,0,0
430,0.0,0.6613861386138613,0.3645070717454141,1.0,-0.0,0,0
431,0.0,0.31683168316831684,0.22736950644605666,1.0,-0.0,0,0
432,0.0,0.07920792079207921,0.1322440226302099,1.0,-0.0,0,0
433,0.0,0.07920792079207921,0.1322440226302099,1.0,-0.0,0,0
434,0.0,0.11485148514851484,0.13598641357140118,1.0,-0.0,0,0
435,0.0,0.11485148514851484,0.13598641357140118,1.0,-0.0,0,0
436,0.0,0.26534653465346536,0.23226633891066023,1.0,-0.0,0,0
437,0.0,0.1900990099009901,0.199754775650194,1.0,-0.0,0,0
438,0.0,0.1900990099009901,0.199754775650194,1.0,-0.0,0,0
439,0.0,0.17227722772277226,0.19706701472672838,1.0,-0.0,0,0
440,0.0,0.19207920792079203,0.20279393448700367,1.0,-0.0,0,0
441,0.0,0.04950495049504951,0.09504950495049506,1.0,-0.0,0,0
442,0.0,0.04950495049504951,0.09504950495049506,1.0,-0.0,0,0
443,0.0,0.04950495049504951,0.09504950495049506,1.0,-0.0,0,0
444,0.0,0.027722772277227727,0.07461957893630407,1.0,-0.0,0,0
445,0.0,0.007920792079207921,0.03900537743285587,1.0,-0.0,0,0
446,0.0,0.05742574257425742,0.09885135821266285,1.0,-0.0,0,0
447,0.0,0.08118811881188118,0.10964648079134362,1.0,-0.0,0,0
448,0.0,0.1584158415841584,0.1549623568040701,1.0,-0.0,0,0
449,0.0,0.1584158415841584,0.1549623568040701,1.0,-0.0,0,0
450,0.0,0.1584158415841584,0.1549623568040701,1.0,-0.0,0,0
451,0.0,0.09900990099009899,0.12781100644043505,1.0,-0.0,0,0
452,0.0,0.07524752475247526,0.10845991237726064,1.0,-0.0,0,0
453,0.0,0.0,0.0,1.0,-0.0,0,0
454,0.0,0.0,0.0,1.0,-0.0,0,0
455,0.0,0.0,0.0,1.0,-0.0,0,0
456,0.0,0.0,0.0,1.0,-0.0,0,0
457,0.0,0.0,0.0,1.0,-0.0,0,0
458,0.0,0.0,0.0,1.0,-0.0,0,0
459,0.0,0.0,0.0,1.0,-0.0,0,0
460,0.0,0.0,0.0,1.0,-0.0,0,0
461,0.0,0.0039603960396039604,0.027863855998951068,1.0,-0.0,0,0
462,0.0,0.0039603960396039604,0.027863855998951068,1.0,-0.0,0,0
463,0.0,0.0039603960396039604,0.027863855998951068,1.0,-0.0,0,0
464,0.0,0.0039603960396039604,0.027863855998951068,1.0,-0.0,0,0
465,0.0,0.0039603960396039604,0.027863855998951068,1.0,-0.0,0,0
466,0.0,0.0,0.0,1.0,-0.0,0,0
467,0.0,0.0,0.0,1.0,-0.0,0,0
468,0.0,0.0,0.0,1.0,-0.0,0,0
469,0.0,0.0,0.0,1.0,-0.0,0,0
470,0.0,0.0,0.0,1.0,-0.0,0,0
471,0.0,0.0,0.0,1.0,-0.0,0,0
472,0.0,0.0,0.0,1.0,-0.0,0,0
473,0.0,0.0,0.0,1.0,-0.0,0,0
474,0.0,0.0,0.0,1.0,-0.0,0,0
475,0.0,0.0,0.0,1.0,-0.0,0,0
476,0.0,0.0,0.0,1.0,-0.0,0,0
477,0.0,0.0,0.0,1.0,-0.0,0,0
478,0.0,0.0,0.0,1.0,-0.0,0,0
479,0.0,0.0,0.0,1.0,-0.0,0,0
480,0.0,0.0,0.0,1.0,-0.0,0,0
481,0.2,0.021782178217821784,0.06836703565002801,0.0045699030283054085,2.3400930154046975,0,0
482,0.2,0.021782178217821784,0.06836703565002801,0.0045699030283054085,2.3400930154046975,0,0
483,0.2,0.021782178217821784,0.06836703565002801,0.0045699030283054085,2.3400930154046975,0,0
484,0.2,0.021782178217821784,0.06836703565002801,0.0045699030283054085,2.3400930154046975,0,0
485,0.2,0.021782178217821784,0.06836703565002801,0.0045699030283054085,2.3400930154046975,0,0
486,0.0,0.0,0.0,1.0,-0.0,0,0
487,0.0,0.0,0.0,1.0,-0.0,0,0
488,0.0,0.0,0.0,1.0,-0.0,0,0
489,0.0,0.0,0.0,1.0,-0.0,0,0
490,0.0,0.0,0.0,1.0,-0.0,0,0
491,0.0,0.0059405940594059415,0.03395332316729158,1.0,-0.0,0,0
492,0.0,0.0059405940594059415,0.03395332316729158,1.0,-0.0,0,0
493,0.0,0.0059405940594059415,0.03395332316729158,1.0,-0.0,0,0
494,0.0,0.0059405940594059415,0.03395332316729158,1.0,-0.0,0,0
495,0.0,0.0059405940594059415,0.03395332316729158,1.0,-0.0,0,0
496,0.0,0.0,0.0,1.0,-0.0,0,0
497,0.0,0.0,0.0,1.0,-0.0,0,0
498,0.0,0.0,0.0,1.0,-0.0,0,0
499,0.0,0.0,0.0,1.0,-0.0,0,0
500,0.0,0.0,0.0,1.0,-0.0,0,0
501,0.0,0.0,0.0,1.0,-0.0,0,0
502,0.0,0.0,0.0,1.0,-0.0,0,0
503,0.0,0.0,0.0,1.0,-0.0,0,0
504,0.0,0.0,0.0,1.0,-0.0,0,0
505,0.0,0.0,0.0,1.0,-0.0,0,0
506,0.0,0.0,0.0,1.0,-0.0,0,0
507,0.0,0.0,0.0,1.0,-0.0,0,0
508,0.0,0.0,0.0,1.0,-0.0,0,0
509,0.0,0.0,0.0,1.0,-0.0,0,0
510,0.0,0.0,0.0,1.0,-0.0,0,0
511,0.0,0.0,0.0,1.0,-0.0,0,0
512,0.0,0.0,0.0,1.0,-0.0,0,0
513,0.0,0.0,0.0,1.0,-0.0,0,0
514,0.0,0.0,0.0,1.0,-0.0,0,0
515,0.0,0.0,0.0,1.0,-0.0,0,0
516,0.0,0.011881188118811881,0.04727657974777554,1.0,-0.0,0,0
517,0.0,0.011881188118811881,0.04727657974777554,1.0,-0.0,0,0
518,0.0,0.03564356435643565,0.07653920035678292,1.0,-0.0,0,0
519,0.0,0.03564356435643565,0.07653920035678292,1.0,-0.0,0,0
520,0.0,0.061386138613861385,0.10046456153636296,1.0,-0.0,0,0
521,0.0,0.04950495049504951,0.09078727434730813,1.0,-0.0,0,0
522,0.0,0.04950495049504951,0.09078727434730813,1.0,-0.0,0,0
523,0.0,0.025742574257425748,0.0669763743575753,1.0,-0.0,0,0
524,0.0,0.025742574257425748,0.0669763743575753,1.0,-0.0,0,0
525,0.0,0.0,0.0,1.0,-0.0,0,0
526,0.0,0.03762376237623763,0.09211646217515253,1.0,-0.0,0,0
527,0.0,0.03762376237623763,0.09211646217515253,1.0,-0.0,0,0
528,0.0,0.07524752475247526,0.13156027914354926,1.0,-0.0,0,0
529,0.0,0.09108910891089109,0.13650445892763635,1.0,-0.0,0,0
530,0.0,0.09108910891089109,0.13650445892763635,1.0,-0.0,0,0
531,0.0,0.05346534653465347,0.10489443673781407,1.0,-0.0,0,0
532,0.0,0.12871287128712872,0.17253877949142152,1.0,-0.0,0,0
533,0.0,0.12277227722772276,0.1566235242240411,1.0,-0.0,0,0
534,0.0,0.10693069306930691,0.15041686348382532,1.0,-0.0,0,0
535,0.0,0.10693069306930691,0.15041686348382532,1.0,-0.0,0,0
536,0.0,0.25346534653465347,0.2231921236214712,1.0,-0.0,0,0
537,0.0,0.1782178217821782,0.18858722298311487,1.0,-0.0,0,0
538,0.0,0.14653465346534653,0.1709405295438197,1.0,-0.0,0,0
539,0.0,0.14653465346534653,0.1709405295438197,1.0,-0.0,0,0
540,0.2,0.42970297029702975,0.3023159957367556,1.0,-0.0,0,0
541,0.2,0.28316831683168314,0.2392518483041854,1.0,-0.0,0,0
542,0.2,0.28316831683168314,0.2392518483041854,1.0,-0.0,0,0
543,0.4,0.4158415841584158,0.27385501449458083,1.0,-0.0,0,0
544,0.6,0.4613861386138614,0.2768172349945722,0.30827655115480757,0.5110595083301654,0,0
545,0.4,0.1782178217821782,0.16626589726481847,0.09111821933433563,1.0403947759880923,0,0
546,0.6,0.2732673267326733,0.22466304322665875,0.07292836228966745,1.1371035390291637,0,0
547,0.6,0.2732673267326733,0.22466304322665875,0.07292836228966745,1.1371035390291637,0,0
548,0.4,0.14158415841584157,0.16960485628010974,0.0637999969807629,1.195179341831158,0,0
549,0.2,0.09504950495049505,0.14513649268759363,0.234804362963618,0.6292938376057692,0,0
550,0.2,0.09504950495049505,0.14513649268759363,0.234804362963618,0.6292938376057692,0,0
551,0.0,0.0,0.0,1.0,-0.0,0,0
552,0.0,0.0,0.0,1.0,-0.0,0,0
553,0.0,0.0,0.0,1.0,-0.0,0,0
554,0.0,0.0,0.0,1.0,-0.0,0,0
555,0.0,0.0,0.0,1.0,-0.0,0,0
556,0.0,0.0,0.0,1.0,-0.0,0,0
557,0.0,0.015841584158415842,0.05401260078014202,1.0,-0.0,0,0
558,0.0,0.015841584158415842,0.05401260078014202,1.0,-0.0,0,0
559,0.0,0.015841584158415842,0.05401260078014202,1.0,-0.0,0,0
560,0.0,0.015841584158415842,0.05401260078014202,1.0,-0.0,0,0
561,0.0,0.12475247524752472,0.14030090759539288,1.0,-0.0,0,0
562,0.0,0.1069306930693069,0.1336890331058871,1.0,-0.0,0,0
563,0.0,0.1069306930693069,0.1336890331058871,1.0,-0.0,0,0
564,0.0,0.1069306930693069,0.1336890331058871,1.0,-0.0,0,0
565,0.0,0.1069306930693069,0.1336890331058871,1.0,-0.0,0,0
566,0.0,0.0,0.0,1.0,-0.0,0,0
567,0.0,0.0,0.0,1.0,-0.0,0,0
568,0.0,0.0,0.0,1.0,-0.0,0,0
569,0.0,0.0,0.0,1.0,-0.0,0,0
570,0.0,0.0,0.0,1.0,-0.0,0,0
571,0.2,0.07722772277227724,0.1124710639300034,0.13750669912875174,0.8616761431153293,0,0
572,0.4,0.19009900990099005,0.17883282225545566,0.12025210843026814,0.9199073002214622,0,0
573,0.4,0.19801980198019803,0.179095747399525,0.12970689736643898,0.8870369290158595,0,0
574,0.4,0.2792079207920792,0.22174681471951554,0.2929697122875964,0.5331772754352198,0,0
575,0.6,0.3108910891089109,0.23626675228949945,0.11054126643354335,0.9564755641621597,0,0
576,0.4,0.24356435643564353,0.21174234370025036,0.23001365221863906,0.6382463861247551,0,0
577,0.2,0.1306930693069307,0.16753458295712845,0.3395515615061936,0.46909426798927223,0,0
578,0.2,0.12277227722772276,0.1640340390410514,0.31889069992103514,0.4963581462693366,0,0
579,0.2,0.041584158415841586,0.08590499787518362,0.03258561123651815,1.4869741281544258,0,0
580,0.0,0.009900990099009901,0.04338396495090425,1.0,-0.0,0,0
581,0.0,0.0,0.0,1.0,-0.0,0,0
582,0.0,0.0,0.0,1.0,-0.0,0,0
583,0.0,0.0,0.0,1.0,-0.0,0,0
584,0.0,0.0,0.0,1.0,-0.0,0,0
585,0.0,0.0,0.0,1.0,-0.0,0,0
586,0.0,0.011881188118811883,0.047276579747775535,1.0,-0.0,0,0
587,0.0,0.011881188118811883,0.047276579747775535,1.0,-0.0,0,0
588,0.0,0.011881188118811883,0.047276579747775535,1.0,-0.0,0,0
589,0.0,0.011881188118811883,0.047276579747775535,1.0,-0.0,0,0
590,0.0,0.051485148514851496,0.09186070102766893,1.0,-0.0,0,0
591,0.0,0.06336633663366338,0.10874875419996817,1.0,-0.0,0,0
592,0.0,0.06336633663366338,0.10874875419996817,1.0,-0.0,0,0
593,0.0,0.06336633663366338,0.10874875419996817,1.0,-0.0,0,0
594,0.0,0.06336633663366338,0.10874875419996817,1.0,-0.0,0,0
595,0.0,0.023762376237623766,0.07056843438101175,1.0,-0.0,0,0
596,0.0,0.0,0.0,1.0,-0.0,0,0
597,0.0,0.0,0.0,1.0,-0.0,0,0
598,0.0,0.0,0.0,1.0,-0.0,0,0
599,0.0,0.0,0.0,1.0,-0.0,0,0
600,0.0,0.0,0.0,1.0,-0.0,0,0
601,0.0,0.0,0.0,1.0,-0.0,0,0
602,0.0,0.0,0.0,1.0,-0.0,0,0
603,0.0,0.0,0.0,1.0,-0.0,0,0
604,0.0,0.03762376237623763,0.07816140339006158,1.0,-0.0,0,0
605,0.0,0.03762376237623763,0.07816140339006158,1.0,-0.0,0,0
606,0.0,0.03762376237623763,0.07816140339006158,1.0,-0.0,0,0
607,0.0,0.03762376237623763,0.07816140339006158,1.0,-0.0,0,0
608,0.0,0.03762376237623763,0.07816140339006158,1.0,-0.0,0,0
609,0.0,0.0,0.0,1.0,-0.0,0,0
610,0.0,0.0,0.0,1.0,-0.0,0,0
611,0.0,0.0,0.0,1.0,-0.0,0,0
612,0.0,0.0,0.0,1.0,-0.0,0,0
613,0.0,0.011881188118811883,0.047276579747775535,1.0,-0.0,0,0
614,0.0,0.039603960396039604,0.08452453849668534,1.0,-0.0,0,0
615,0.6,0.11485148514851484,0.14169143619800648,0.00030855684486211514,3.510664814983273,0,0
616,0.6,0.11485148514851484,0.14169143619800648,0.00030855684486211514,3.510664814983273,0,0
617,0.6,0.1425742574257426,0.15243666735776418,0.0013465368944185839,2.870781742643937,0,0
618,0.6,0.1297029702970297,0.14994689122885185,0.0008551087537676825,3.0679786476605932,0,0
619,0.6,0.3346534653465347,0.22000704019534495,0.11389293410569641,0.9435032186258504,0,0
620,0.0,0.2752475247524752,0.22312183795648752,1.0,-0.0,0,0
621,0.0,0.2752475247524752,0.22312183795648752,1.0,-0.0,0,0
622,0.0,0.2495049504950495,0.21323707922331575,1.0,-0.0,0,0
623,0.0,0.3287128712871287,0.24789675017075366,1.0,-0.0,0,0
624,0.0,0.09702970297029702,0.1367627457412436,1.0,-0.0,0,0
625,0.0,0.07920792079207921,0.11285391563386142,1.0,-0.0,0,0
626,0.0,0.07920792079207921,0.11285391563386142,1.0,-0.0,0,0
627,0.0,0.07920792079207921,0.11285391563386142,1.0,-0.0,0,0
628,0.2,0.0891089108910891,0.1363607548569253,0.20804639598911934,0.6818398031375332,0,0
629,0.2,0.0891089108910891,0.1363607548569253,0.20804639598911934,0.6818398031375332,0,0
630,0.2,0.0891089108910891,0.1363607548569253,0.20804639598911934,0.6818398031375332,0,0
631,0.4,0.17227722772277226,0.17355845414780538,0.0947463814141375,1.0234373677649795,0,0
632,0.4,0.1920792079207921,0.19071681786668523,0.13781100579173755,0.860716097640611,0,0
633,0.2,0.10099009900990098,0.1338649012368758,0.22976361750303875,0.6387187396538444,0,0
634,0.4,0.1801980198019802,0.17004355992893858,0.09807098089922607,1.0084594808946177,0,0
635,0.4,0.1801980198019802,0.17004355992893858,0.09807098089922607,1.0084594808946177,0,0
636,0.2,0.09702970297029702,0.1367627457412436,0.22575143212025228,0.6463694859316208,0,0
637,0.4,0.1762376237623762,0.2111489150505556,0.14463206953225072,0.8397353994572474,0,0
638,0.4,0.1762376237623762,0.2111489150505556,0.14463206953225072,0.8397353994572474,0,0
639,0.2,0.09702970297029703,0.15054715096038188,0.24699587585463012,0.6073102981918718,0,0
640,0.2,0.09702970297029703,0.15054715096038188,0.24699587585463012,0.6073102981918718,0,0
641,0.2,0.12277227722772277,0.166430902094659,0.3213157277048745,0.49306801615943957,0,0
642,0.0,0.025742574257425748,0.06697637435757531,1.0,-0.0,0,0
643,0.0,0.025742574257425748,0.06697637435757531,1.0,-0.0,0,0
644,0.0,0.11683168316831684,0.14696218071508493,1.0,-0.0,0,0
645,0.0,0.12673267326732673,0.15343659903216253,1.0,-0.0,0,0
646,0.0,0.16831683168316833,0.18823342001292903,1.0,-0.0,0,0
647,0.0,0.16831683168316833,0.18823342001292903,1.0,-0.0,0,0
648,0.0,0.16831683168316833,0.18823342001292903,1.0,-0.0,0,0
649,0.0,0.07524752475247526,0.12219602867755655,1.0,-0.0,0,0
650,0.0,0.11089108910891088,0.14481192315867106,1.0,-0.0,0,0
651,0.0,0.08118811881188118,0.11320083903331847,1.0,-0.0,0,0
652,0.0,0.08118811881188118,0.11320083903331847,1.0,-0.0,0,0
653,0.0,0.08118811881188118,0.11320083903331847,1.0,-0.0,0,0
654,0.0,0.08118811881188118,0.11320083903331847,1.0,-0.0,0,0
655,0.0,0.03564356435643565,0.07653920035678292,1.0,-0.0,0,0
656,0.0,0.041584158415841586,0.08590499787518362,1.0,-0.0,0,0
657,0.0,0.10495049504950493,0.12457948087149173,1.0,-0.0,0,0
658,0.0,0.10495049504950493,0.12457948087149173,1.0,-0.0,0,0
659,0.0,0.3524752475247525,0.2487967317786763,1.0,-0.0,0,0
660,0.0,0.3524752475247525,0.2487967317786763,1.0,-0.0,0,0
661,0.0,0.30891089108910896,0.2396775928101031,1.0,-0.0,0,0
662,0.0,0.2455445544554455,0.20658695217021747,1.0,-0.0,0,0
663,0.0,0.2455445544554455,0.20658695217021747,1.0,-0.0,0,0
664,0.0,0.1287128712871287,0.15046899201198313,1.0,-0.0,0,0
665,0.0,0.1287128712871287,0.15046899201198313,1.0,-0.0,0,0
666,0.0,0.1287128712871287,0.15046899201198313,1.0,-0.0,0,0
