,foreground,bg_means,bg_stdev,pvals,minus_logs,regs,active
2,0.0,0.0297029702970297,0.07112192077650681,1.0,-0.0,0,0
3,0.0,0.0297029702970297,0.07112192077650681,1.0,-0.0,0,0
4,0.0,0.0297029702970297,0.07112192077650681,1.0,-0.0,0,0
5,0.0,0.0297029702970297,0.07112192077650681,1.0,-0.0,0,0
6,0.0,0.0,0.0,1.0,-0.0,0,0
7,0.0,0.0,0.0,1.0,-0.0,0,0
8,0.0,0.0,0.0,1.0,-0.0,0,0
9,0.0,0.0,0.0,1.0,-0.0,0,0
10,0.0,0.0,0.0,1.0,-0.0,0,0
11,0.0,0.03762376237623763,0.07816140339006158,1.0,-0.0,0,0
12,0.0,0.03762376237623763,0.07816140339006158,1.0,-0.0,0,0
13,0.0,0.03762376237623763,0.07816140339006158,1.0,-0.0,0,0
14,0.0,0.0594059405940594,0.09138994660763824,1.0,-0.0,0,0
15,0.0,0.0594059405940594,0.09138994660763824,1.0,-0.0,0,0
16,0.0,0.021782178217821784,0.06230547612891991,1.0,-0.0,0,0
17,0.0,0.021782178217821784,0.06230547612891991,1.0,-0.0,0,0
18,0.0,0.021782178217821784,0.06230547612891991,1.0,-0.0,0,0
19,0.0,0.0,0.0,1.0,-0.0,0,0
20,0.0,0.0,0.0,1.0,-0.0,0,0
21,0.0,0.0,0.0,1.0,-0.0,0,0
22,0.0,0.04950495049504951,0.08631483056516186,1.0,-0.0,0,0
23,0.0,0.04950495049504951,0.08631483056516186,1.0,-0.0,0,0
24,0.0,0.04950495049504951,0.08631483056516186,1.0,-0.0,0,0
25,0.0,0.04950495049504951,0.08631483056516186,1.0,-0.0,0,0
26,0.0,0.0712871287128713,0.10747934055534188,1.0,-0.0,0,0
27,0.0,0.021782178217821784,0.06230547612891991,1.0,-0.0,0,0
28,0.0,0.021782178217821784,0.06230547612891991,1.0,-0.0,0,0
29,0.0,0.021782178217821784,0.06230547612891991,1.0,-0.0,0,0
30,0.0,0.021782178217821784,0.06230547612891991,1.0,-0.0,0,0
31,0.0,0.0,0.0,1.0,-0.0,0,0
32,0.0,0.0,0.0,1.0,-0.0,0,0
33,0.0,0.42574257425742573,0.1983363806027551,1.0,-0.0,0,0
34,0.0,0.42574257425742573,0.1983363806027551,1.0,-0.0,0,0
35,0.2,0.45742574257425744,0.21679325126203863,1.0,-0.0,0,0
36,0.2,0.45742574257425744,0.21679325126203863,1.0,-0.0,0,0
37,0.2,0.45742574257425744,0.21679325126203863,1.0,-0.0,0,0
38,0.4,0.05742574257425742,0.09885135821266286,0.0002645747299198912,3.577451638532637,0,0
39,0.4,0.05742574257425742,0.09885135821266286,0.0002645747299198912,3.577451638532637,0,0
40,0.2,0.025742574257425748,0.06697637435757531,0.004637140001348011,2.3337497919853583,0,0
41,0.2,0.025742574257425748,0.06697637435757531,0.004637140001348011,2.3337497919853583,0,0
42,1.0,0.39999999999999997,0.21800172585382788,0.002959168995811521,2.528830231915192,0,0
43,0.8,0.37425742574257426,0.19833638060275507,0.015913835558329797,1.7982251339259976,0,0
44,0.8,0.37425742574257426,0.19833638060275507,0.015913835558329797,1.7982251339259976,0,0
45,0.8,0.41782178217821786,0.21635872284536922,0.0386635419081248,1.412698363429702,0,0
46,0.8,0.41782178217821786,0.21635872284536922,0.0386635419081248,1.412698363429702,0,0
47,0.0,0.04356435643564357,0.08255312311158745,1.0,-0.0,0,0
48,0.0,0.08316831683168316,0.09857329476953379,1.0,-0.0,0,0
49,0.0,0.08316831683168316,0.09857329476953379,1.0,-0.0,0,0
50,0.0,0.039603960396039604,0.07970143286137865,1.0,-0.0,0,0
51,0.0,0.039603960396039604,0.07970143286137865,1.0,-0.0,0,0
52,0.0,0.039603960396039604,0.07970143286137865,1.0,-0.0,0,0
53,0.0,0.0,0.0,1.0,-0.0,0,0
54,0.0,0.0,0.0,1.0,-0.0,0,0
55,0.0,0.0,0.0,1.0,-0.0,0,0
56,0.0,0.0,0.0,1.0,-0.0,0,0
57,0.0,0.0,0.0,1.0,-0.0,0,0
58,0.0,0.0,0.0,1.0,-0.0,0,0
59,0.0,0.025742574257425748,0.0669763743575753,1.0,-0.0,0,0
60,0.0,0.025742574257425748,0.0669763743575753,1.0,-0.0,0,0
61,0.0,0.025742574257425748,0.0669763743575753,1.0,-0.0,0,0
62,0.0,0.025742574257425748,0.0669763743575753,1.0,-0.0,0,0
63,0.0,0.09504950495049505,0.11805036483793174,1.0,-0.0,0,0
64,0.0,0.06930693069306931,0.10316052497133552,1.0,-0.0,0,0
65,0.0,0.06930693069306931,0.10316052497133552,1.0,-0.0,0,0
