,foreground,bg_means,bg_stdev,pvals,minus_logs,regs,active
2,0.0,0.04950495049504951,0.11399475615543964,1.0,-0.0,0,0
3,0.0,0.06534653465346535,0.12302752132284411,1.0,-0.0,0,0
4,0.0,0.03762376237623763,0.08307396817189318,1.0,-0.0,0,0
5,0.0,0.015841584158415842,0.05401260078014202,1.0,-0.0,0,0
6,0.0,0.06534653465346535,0.1129581045303102,1.0,-0.0,0,0
7,0.0,0.06534653465346535,0.1129581045303102,1.0,-0.0,0,0
8,0.0,0.07722772277227724,0.12576985749069639,1.0,-0.0,0,0
9,0.0,0.09108910891089109,0.14218869759220787,1.0,-0.0,0,0
10,0.0,0.09108910891089109,0.14218869759220787,1.0,-0.0,0,0
11,0.0,0.041584158415841586,0.09039772047931348,1.0,-0.0,0,0
12,0.2,0.09306930693069305,0.11795067415315191,0.18231677881311903,0.7391733609082306,0,0
13,0.4,0.09108910891089109,0.11781762202489916,0.004371524197602455,2.359367113328171,0,0
14,0.4,0.10495049504950493,0.13957235791450373,0.017259610232413968,1.7629690160265539,0,0
15,0.4,0.11485148514851483,0.14984225277142665,0.028520835243883276,1.544837760149135,0,0
16,0.4,0.11485148514851483,0.14984225277142665,0.028520835243883276,1.544837760149135,0,0
17,0.2,0.06336633663366337,0.11917436454123627,0.1257937221997103,0.9003410320390386,0,0
18,0.0,0.03762376237623763,0.08771182015980238,1.0,-0.0,0,0
19,0.0,0.009900990099009901,0.04338396495090424,1.0,-0.0,0,0
20,0.0,0.0,0.0,1.0,-0.0,0,0
21,0.0,0.041584158415841586,0.09467748980500532,1.0,-0.0,0,0
22,0.0,0.041584158415841586,0.09467748980500532,1.0,-0.0,0,0
23,0.0,0.041584158415841586,0.09467748980500532,1.0,-0.0,0,0
24,0.0,0.041584158415841586,0.09467748980500532,1.0,-0.0,0,0
25,0.6,0.09702970297029703,0.13962853515884507,0.00015776603829578947,3.801986480012167,0,0
26,0.6,0.05544554455445545,0.09797478714338996,1.3635725730303905e-08,7.865321742777078,0,0
27,0.8,0.09306930693069305,0.13948804962658473,2.0096891308056697e-07,6.696871116319354,0,0
28,0.8,0.09306930693069305,0.13948804962658473,2.0096891308056697e-07,6.696871116319354,0,0
29,0.8,0.09306930693069305,0.13948804962658473,2.0096891308056697e-07,6.696871116319354,0,0
30,0.2,0.03762376237623763,0.10034740165797963,0.05281611496789019,1.2772335476588341,0,0
31,0.2,0.03762376237623763,0.10034740165797963,0.05281611496789019,1.2772335476588341,0,0
32,0.0,0.023762376237623766,0.06471340450838887,1.0,-0.0,0,0
33,0.0,0.039603960396039604,0.07970143286137867,1.0,-0.0,0,0
34,0.4,0.08316831683168317,0.12353642740976016,0.005163516382656358,2.2870544407238302,0,0
35,0.4,0.14851485148514848,0.15325760452189585,0.05040587344201033,1.2975188553236117,0,0
36,0.4,0.18811881188118812,0.17981680926331076,0.11933514323763368,0.9232316412700086,0,0
37,0.4,0.16435643564356434,0.1697897117641665,0.082590544144463,1.0830696725459352,0,0
38,0.4,0.17821782178217818,0.18647536422960087,0.11715340556654376,0.9312450822504543,0,0
39,1.0,0.2059405940594059,0.19182385803267066,1.7401382574808447e-05,4.759416244777387,0,0
40,1.2,0.16633663366336635,0.169025879864343,4.815306577515992e-10,9.317376057306863,0,0
41,1.2,0.14059405940594058,0.15554326246855826,4.845972655697986e-12,11.314619040778988,0,0
42,1.2,0.15841584158415842,0.17647108799335678,1.792413235623481e-09,8.746561857809084,0,0
43,1.2,0.12673267326732673,0.1609938742509136,1.309787241391026e-11,10.882799244339697,0,0
44,0.2,0.05544554455445544,0.11644507269694382,0.10722973538703191,0.9696847657272933,0,0
45,0.0,0.031683168316831684,0.08316831683168316,1.0,-0.0,0,0
46,0.0,0.017821782178217824,0.05698017651460656,1.0,-0.0,0,0
47,0.0,0.011881188118811881,0.05501958015623684,1.0,-0.0,0,0
48,0.2,0.041584158415841586,0.09039772047931348,0.03984979219979861,1.3995739389282478,0,0
49,0.2,0.09702970297029702,0.11471483847889298,0.18469417071950628,0.7335468114590697,0,0
50,0.2,0.09702970297029702,0.11471483847889298,0.18469417071950628,0.7335468114590697,0,0
51,0.2,0.10495049504950495,0.11805036483793173,0.2103634989455866,0.6770296142413372,0,0
52,0.2,0.10693069306930691,0.12126186845461277,0.22139013001589947,0.6548417446821359,0,0
53,0.0,0.09900990099009901,0.13386490123687583,1.0,-0.0,0,0
54,0.0,0.04356435643564357,0.09991664009142863,1.0,-0.0,0,0
55,0.0,0.04356435643564357,0.09991664009142863,1.0,-0.0,0,0
56,0.0,0.03564356435643565,0.08626938974571075,1.0,-0.0,0,0
57,0.0,0.0712871287128713,0.12454800153280307,1.0,-0.0,0,0
58,0.0,0.04950495049504951,0.1068206254198905,1.0,-0.0,0,0
59,0.0,0.05346534653465347,0.10860442931328386,1.0,-0.0,0,0
60,0.0,0.05346534653465347,0.10860442931328386,1.0,-0.0,0,0
61,0.0,0.05346534653465347,0.10860442931328386,1.0,-0.0,0,0
62,0.0,0.0039603960396039604,0.027863855998951064,1.0,-0.0,0,0
63,0.0,0.0039603960396039604,0.027863855998951064,1.0,-0.0,0,0
64,0.0,0.0,0.0,1.0,-0.0,0,0
65,0.0,0.0,0.0,1.0,-0.0,0,0
66,0.0,0.0,0.0,1.0,-0.0,0,0
67,0.0,0.0,0.0,1.0,-0.0,0,0
68,0.0,0.0,0.0,1.0,-0.0,0,0
69,0.0,0.0,0.0,1.0,-0.0,0,0
70,0.0,0.0594059405940594,0.10357779667819421,1.0,-0.0,0,0
71,0.0,0.23366336633663365,0.21630434541657617,1.0,-0.0,0,0
72,0.0,0.23366336633663365,0.21630434541657617,1.0,-0.0,0,0
73,0.0,0.23366336633663365,0.21630434541657617,1.0,-0.0,0,0
74,0.0,0.23366336633663365,0.21630434541657617,1.0,-0.0,0,0
75,0.0,0.20396039603960395,0.22156991256553446,1.0,-0.0,0,0
76,0.0,0.02970297029702971,0.07112192077650681,1.0,-0.0,0,0
77,0.0,0.02970297029702971,0.07112192077650681,1.0,-0.0,0,0
78,0.0,0.02970297029702971,0.07112192077650681,1.0,-0.0,0,0
79,0.0,0.201980198019802,0.165296132710568,1.0,-0.0,0,0
80,0.0,0.17227722772277224,0.151637146289716,1.0,-0.0,0,0
81,0.0,0.17227722772277224,0.151637146289716,1.0,-0.0,0,0
82,0.0,0.17227722772277224,0.151637146289716,1.0,-0.0,0,0
83,0.0,0.17227722772277224,0.151637146289716,1.0,-0.0,0,0
84,0.0,0.0,0.0,1.0,-0.0,0,0
85,0.0,0.007920792079207921,0.03900537743285587,1.0,-0.0,0,0
86,0.0,0.007920792079207921,0.03900537743285587,1.0,-0.0,0,0
87,0.0,0.12673267326732673,0.175132814725978,1.0,-0.0,0,0
88,0.0,0.12673267326732673,0.175132814725978,1.0,-0.0,0,0
89,0.0,0.12673267326732673,0.175132814725978,1.0,-0.0,0,0
90,0.0,0.20396039603960398,0.21244488724065505,1.0,-0.0,0,0
91,0.0,0.20396039603960398,0.21244488724065505,1.0,-0.0,0,0
92,0.0,0.08316831683168316,0.12670172889541695,1.0,-0.0,0,0
93,0.0,0.08316831683168316,0.12670172889541695,1.0,-0.0,0,0
94,0.0,0.08316831683168316,0.12670172889541695,1.0,-0.0,0,0
95,0.0,0.025742574257425745,0.0669763743575753,1.0,-0.0,0,0
96,0.0,0.025742574257425745,0.0669763743575753,1.0,-0.0,0,0
97,0.0,0.025742574257425745,0.0669763743575753,1.0,-0.0,0,0
98,0.0,0.025742574257425745,0.0669763743575753,1.0,-0.0,0,0
99,0.0,0.025742574257425745,0.0669763743575753,1.0,-0.0,0,0
100,0.0,0.0,0.0,1.0,-0.0,0,0
101,0.0,0.0,0.0,1.0,-0.0,0,0
102,0.0,0.0,0.0,1.0,-0.0,0,0
103,0.0,0.0,0.0,1.0,-0.0,0,0
104,0.0,0.0,0.0,1.0,-0.0,0,0
105,0.0,0.0,0.0,1.0,-0.0,0,0
106,0.0,0.0,0.0,1.0,-0.0,0,0
107,0.0,0.0,0.0,1.0,-0.0,0,0
108,0.0,0.0,0.0,1.0,-0.0,0,0
109,0.0,0.0,0.0,1.0,-0.0,0,0
110,0.0,0.0,0.0,1.0,-0.0,0,0
111,0.0,0.0,0.0,1.0,-0.0,0,0
112,0.0,0.0,0.0,1.0,-0.0,0,0
113,0.0,0.0,0.0,1.0,-0.0,0,0
114,0.0,0.0,0.0,1.0,-0.0,0,0
115,0.0,0.0,0.0,1.0,-0.0,0,0
116,0.0,0.0,0.0,1.0,-0.0,0,0
117,0.0,0.0,0.0,1.0,-0.0,0,0
118,0.0,0.0,0.0,1.0,-0.0,0,0
119,0.0,0.0,0.0,1.0,-0.0,0,0
120,0.0,0.009900990099009901,0.04338396495090424,1.0,-0.0,0,0
121,0.0,0.009900990099009901,0.04338396495090424,1.0,-0.0,0,0
122,0.0,0.009900990099009901,0.04338396495090424,1.0,-0.0,0,0
123,0.0,0.009900990099009901,0.04338396495090424,1.0,-0.0,0,0
124,0.0,0.009900990099009901,0.04338396495090424,1.0,-0.0,0,0
125,0.0,0.0,0.0,1.0,-0.0,0,0
126,0.0,0.0,0.0,1.0,-0.0,0,0
127,0.0,0.0,0.0,1.0,-0.0,0,0
128,0.0,0.0,0.0,1.0,-0.0,0,0
129,0.0,0.0,0.0,1.0,-0.0,0,0
130,0.0,0.0,0.0,1.0,-0.0,0,0
131,0.0,0.0,0.0,1.0,-0.0,0,0
132,0.0,0.0,0.0,1.0,-0.0,0,0
133,0.0,0.0,0.0,1.0,-0.0,0,0
134,0.0,0.0,0.0,1.0,-0.0,0,0
135,0.0,0.0,0.0,1.0,-0.0,0,0
136,0.0,0.0,0.0,1.0,-0.0,0,0
137,0.0,0.0,0.0,1.0,-0.0,0,0
138,0.0,0.05544554455445544,0.09797478714338995,1.0,-0.0,0,0
139,0.0,0.08514851485148513,0.12054836637801525,1.0,-0.0,0,0
140,0.0,0.1267326732673267,0.1427391785420998,1.0,-0.0,0,0
141,0.0,0.1267326732673267,0.1427391785420998,1.0,-0.0,0,0
142,0.0,0.19405940594059404,0.1652012167494195,1.0,-0.0,0,0
143,0.0,0.13861386138613857,0.1371349678667785,1.0,-0.0,0,0
144,0.0,0.10693069306930694,0.12762679639066948,1.0,-0.0,0,0
145,0.0,0.07920792079207921,0.11966689053257921,1.0,-0.0,0,0
146,0.0,0.07920792079207921,0.11966689053257921,1.0,-0.0,0,0
147,0.0,0.023762376237623763,0.06471340450838889,1.0,-0.0,0,0
148,0.0,0.023762376237623763,0.06471340450838889,1.0,-0.0,0,0
149,0.0,0.023762376237623763,0.06471340450838889,1.0,-0.0,0,0
150,0.0,0.041584158415841586,0.08590499787518362,1.0,-0.0,0,0
151,0.0,0.21584158415841584,0.20232934296150182,1.0,-0.0,0,0
152,0.0,0.20396039603960395,0.2029099161576158,1.0,-0.0,0,0
153,0.0,0.23366336633663368,0.2217291308553206,1.0,-0.0,0,0
154,0.0,0.3069306930693069,0.246262126199929,1.0,-0.0,0,0
155,0.0,0.29900990099009905,0.23818415768324583,1.0,-0.0,0,0
156,0.0,0.12475247524752475,0.1511709677939985,1.0,-0.0,0,0
157,0.0,0.12475247524752475,0.1511709677939985,1.0,-0.0,0,0
158,0.0,0.1762376237623762,0.17640441545600072,1.0,-0.0,0,0
159,0.0,0.10099009900990098,0.1308729634998678,1.0,-0.0,0,0
160,0.0,0.07920792079207921,0.11966689053257921,1.0,-0.0,0,0
161,0.0,0.07920792079207921,0.11966689053257921,1.0,-0.0,0,0
162,0.0,0.07920792079207921,0.11966689053257921,1.0,-0.0,0,0
163,0.0,0.0,0.0,1.0,-0.0,0,0
164,0.0,0.0,0.0,1.0,-0.0,0,0
165,0.0,0.051485148514851496,0.09186070102766894,1.0,-0.0,0,0
166,0.0,0.07722772277227724,0.10889288780093087,1.0,-0.0,0,0
167,0.0,0.07722772277227724,0.10889288780093087,1.0,-0.0,0,0
168,0.0,0.08514851485148514,0.1172170185104851,1.0,-0.0,0,0
169,0.0,0.08514851485148514,0.1172170185104851,1.0,-0.0,0,0
170,0.0,0.033663366336633666,0.07482947971362847,1.0,-0.0,0,0
171,0.0,0.007920792079207921,0.03900537743285587,1.0,-0.0,0,0
172,0.0,0.007920792079207921,0.03900537743285587,1.0,-0.0,0,0
173,0.0,0.0,0.0,1.0,-0.0,0,0
174,0.0,0.0,0.0,1.0,-0.0,0,0
175,0.0,0.0,0.0,1.0,-0.0,0,0
176,0.0,0.0,0.0,1.0,-0.0,0,0
177,0.0,0.0059405940594059415,0.03395332316729158,1.0,-0.0,0,0
178,0.2,0.06930693069306931,0.11057238501634628,0.11860911207080789,0.9258819452883051,0,0
179,0.2,0.06930693069306931,0.11057238501634628,0.11860911207080789,0.9258819452883051,0,0
180,0.2,0.06930693069306931,0.11057238501634628,0.11860911207080789,0.9258819452883051,0,0
181,0.2,0.06930693069306931,0.11057238501634628,0.11860911207080789,0.9258819452883051,0,0
182,0.2,0.2237623762376237,0.18939639130642918,1.0,-0.0,0,0
183,0.0,0.1603960396039604,0.16890984643276136,1.0,-0.0,0,0
184,0.0,0.19801980198019797,0.1856112183041662,1.0,-0.0,0,0
185,0.0,0.19801980198019797,0.1856112183041662,1.0,-0.0,0,0
186,0.0,0.19801980198019797,0.1856112183041662,1.0,-0.0,0,0
187,0.0,0.03762376237623762,0.08771182015980238,1.0,-0.0,0,0
188,0.0,0.11881188118811879,0.15460769343321296,1.0,-0.0,0,0
189,0.0,0.08118811881188118,0.1264228887090089,1.0,-0.0,0,0
190,0.0,0.08118811881188118,0.1264228887090089,1.0,-0.0,0,0
191,0.0,0.13861386138613863,0.18183350943760784,1.0,-0.0,0,0
192,0.0,0.13861386138613863,0.18183350943760784,1.0,-0.0,0,0
193,0.0,0.08316831683168316,0.13575553664160483,1.0,-0.0,0,0
194,0.2,0.14356435643564355,0.17143300604381725,0.37100248636817745,0.4306231798395064,0,0
195,0.2,0.14356435643564355,0.17143300604381725,0.37100248636817745,0.4306231798395064,0,0
196,0.2,0.08514851485148513,0.12379009590564582,0.17675768599419256,0.7526216925958916,0,0
197,0.2,0.11881188118811879,0.1520245363775781,0.2966548014920463,0.5277486180171558,0,0
198,0.4,0.15445544554455443,0.1842967648111355,0.09137548933897029,1.0391702842705206,0,0
199,0.2,0.09306930693069305,0.13948804962658473,0.22166149082647368,0.6543097501612731,0,0
200,0.2,0.09306930693069305,0.13948804962658473,0.22166149082647368,0.6543097501612731,0,0
201,0.2,0.09306930693069305,0.13948804962658473,0.22166149082647368,0.6543097501612731,0,0
202,0.2,0.0594059405940594,0.11096178792967841,0.10256882529016816,0.9889846183837064,0,0
203,0.0,0.0,0.0,1.0,-0.0,0,0
204,0.0,0.0,0.0,1.0,-0.0,0,0
205,0.0,0.04554455445544554,0.09700949476369024,1.0,-0.0,0,0
206,0.0,0.05346534653465347,0.10104832334394513,1.0,-0.0,0,0
207,0.0,0.057425742574257435,0.10656335878870264,1.0,-0.0,0,0
208,0.0,0.057425742574257435,0.10656335878870264,1.0,-0.0,0,0
209,0.0,0.06732673267326733,0.1135467024699521,1.0,-0.0,0,0
210,0.0,0.021782178217821784,0.06230547612891991,1.0,-0.0,0,0
211,0.2,0.05940594059405942,0.11447531431916541,0.10969336149637444,0.9598196545832711,0,0
212,0.2,0.05544554455445546,0.11299281281336324,0.10039143277323016,0.9983033475303,0,0
213,0.2,0.05544554455445546,0.11299281281336324,0.10039143277323016,0.9983033475303,0,0
214,0.2,0.04554455445544555,0.10100951085035129,0.06311761613918085,1.1998494121615952,0,0
215,0.2,0.04554455445544555,0.10100951085035129,0.06311761613918085,1.1998494121615952,0,0
216,0.0,0.0,0.0,1.0,-0.0,0,0
217,0.0,0.0,0.0,1.0,-0.0,0,0
218,0.0,0.0,0.0,1.0,-0.0,0,0
219,0.0,0.025742574257425745,0.0669763743575753,1.0,-0.0,0,0
220,0.0,0.03564356435643565,0.08154954567118415,1.0,-0.0,0,0
221,0.0,0.11683168316831684,0.15986956746090622,1.0,-0.0,0,0
222,0.0,0.11683168316831684,0.15986956746090622,1.0,-0.0,0,0
223,0.0,0.16633663366336632,0.17591471140208167,1.0,-0.0,0,0
224,0.0,0.14059405940594058,0.1605548657475207,1.0,-0.0,0,0
225,0.0,0.30495049504950494,0.23979208717973233,1.0,-0.0,0,0
226,0.0,0.22376237623762374,0.19758367815075523,1.0,-0.0,0,0
227,0.0,0.22376237623762374,0.19758367815075523,1.0,-0.0,0,0
228,0.0,0.1762376237623762,0.1872936566784291,1.0,-0.0,0,0
229,0.0,0.1762376237623762,0.1872936566784291,1.0,-0.0,0,0
230,0.0,0.009900990099009901,0.04338396495090424,1.0,-0.0,0,0
231,0.0,0.009900990099009901,0.04338396495090424,1.0,-0.0,0,0
232,0.0,0.009900990099009901,0.04338396495090424,1.0,-0.0,0,0
233,0.0,0.05544554455445544,0.10575073206193021,1.0,-0.0,0,0
234,0.0,0.05544554455445544,0.10575073206193021,1.0,-0.0,0,0
235,0.0,0.04554455445544555,0.09700949476369022,1.0,-0.0,0,0
236,0.0,0.04554455445544555,0.09700949476369022,1.0,-0.0,0,0
237,0.0,0.04554455445544555,0.09700949476369022,1.0,-0.0,0,0
238,0.0,0.039603960396039604,0.08452453849668534,1.0,-0.0,0,0
239,0.0,0.039603960396039604,0.08452453849668534,1.0,-0.0,0,0
240,0.0,0.039603960396039604,0.08452453849668534,1.0,-0.0,0,0
241,0.0,0.039603960396039604,0.08452453849668534,1.0,-0.0,0,0
242,0.0,0.18415841584158413,0.2228228765417989,1.0,-0.0,0,0
243,0.0,0.14257425742574256,0.18739830755359968,1.0,-0.0,0,0
244,0.0,0.2118811881188119,0.21027428043498275,1.0,-0.0,0,0
245,0.0,0.2217821782178218,0.21599594807165748,1.0,-0.0,0,0
246,0.0,0.2217821782178218,0.21599594807165748,1.0,-0.0,0,0
247,0.0,0.07722772277227724,0.14342430861173722,1.0,-0.0,0,0
248,0.0,0.07722772277227724,0.14342430861173722,1.0,-0.0,0,0
249,0.0,0.009900990099009901,0.04338396495090425,1.0,-0.0,0,0
250,0.0,0.0,0.0,1.0,-0.0,0,0
251,0.0,0.015841584158415842,0.05401260078014202,1.0,-0.0,0,0
252,0.0,0.015841584158415842,0.05401260078014202,1.0,-0.0,0,0
253,0.0,0.015841584158415842,0.05401260078014202,1.0,-0.0,0,0
254,0.0,0.015841584158415842,0.05401260078014202,1.0,-0.0,0,0
255,0.0,0.0297029702970297,0.07648795214189293,1.0,-0.0,0,0
256,0.2,0.021782178217821784,0.06230547612891991,0.002115616449879084,2.6745630648030154,0,0
257,0.2,0.021782178217821784,0.06230547612891991,0.002115616449879084,2.6745630648030154,0,0
258,0.2,0.021782178217821784,0.06230547612891991,0.002115616449879084,2.6745630648030154,0,0
259,0.2,0.021782178217821784,0.06230547612891991,0.002115616449879084,2.6745630648030154,0,0
260,0.2,0.017821782178217824,0.056980176514606566,0.0006937928196726553,3.15877019915046,0,0
261,0.0,0.009900990099009901,0.04338396495090424,1.0,-0.0,0,0
262,0.0,0.031683168316831684,0.07826167463512675,1.0,-0.0,0,0
263,0.0,0.05148514851485149,0.11485148514851486,1.0,-0.0,0,0
264,0.0,0.061386138613861385,0.11854756076907538,1.0,-0.0,0,0
265,0.0,0.05148514851485149,0.10773441987117183,1.0,-0.0,0,0
266,0.0,0.05148514851485149,0.10773441987117183,1.0,-0.0,0,0
267,0.0,0.04752475247524753,0.09809478080396702,1.0,-0.0,0,0
268,0.2,0.041584158415841586,0.08590499787518362,0.03258561123651815,1.4869741281544258,0,0
269,0.2,0.031683168316831684,0.07826167463512676,0.01575022170315114,1.8027133286186665,0,0
270,0.2,0.031683168316831684,0.07826167463512676,0.01575022170315114,1.8027133286186665,0,0
271,0.2,0.031683168316831684,0.07826167463512676,0.01575022170315114,1.8027133286186665,0,0
272,0.2,0.03564356435643565,0.07653920035678292,0.015882722457572503,1.7990750531077893,0,0
273,0.0,0.021782178217821784,0.06230547612891991,1.0,-0.0,0,0
274,0.0,0.027722772277227727,0.06910862719451544,1.0,-0.0,0,0
275,0.0,0.027722772277227727,0.06910862719451544,1.0,-0.0,0,0
276,0.0,0.03762376237623763,0.08307396817189318,1.0,-0.0,0,0
277,0.0,0.0594059405940594,0.10733330877518932,1.0,-0.0,0,0
278,0.0,0.0594059405940594,0.10733330877518932,1.0,-0.0,0,0
279,0.0,0.05346534653465347,0.10489443673781407,1.0,-0.0,0,0
280,0.0,0.11287128712871286,0.14464936528910635,1.0,-0.0,0,0
281,0.0,0.10297029702970295,0.127780323207142,1.0,-0.0,0,0
282,0.0,0.0594059405940594,0.10357779667819421,1.0,-0.0,0,0
283,0.0,0.0594059405940594,0.10357779667819421,1.0,-0.0,0,0
284,0.0,0.0594059405940594,0.10357779667819421,1.0,-0.0,0,0
285,0.0,0.0059405940594059415,0.03395332316729158,1.0,-0.0,0,0
286,0.0,0.0059405940594059415,0.03395332316729158,1.0,-0.0,0,0
287,0.0,0.0059405940594059415,0.03395332316729158,1.0,-0.0,0,0
288,0.0,0.04554455445544555,0.09283729243351323,1.0,-0.0,0,0
289,0.0,0.04554455445544555,0.09283729243351323,1.0,-0.0,0,0
290,0.0,0.03960396039603961,0.08908690597387718,1.0,-0.0,0,0
291,0.0,0.03960396039603961,0.08908690597387718,1.0,-0.0,0,0
292,0.0,0.03960396039603961,0.08908690597387718,1.0,-0.0,0,0
293,0.0,0.0,0.0,1.0,-0.0,0,0
294,0.0,0.0,0.0,1.0,-0.0,0,0
295,0.0,0.0,0.0,1.0,-0.0,0,0
296,0.0,0.0,0.0,1.0,-0.0,0,0
297,0.0,0.0,0.0,1.0,-0.0,0,0
298,0.0,0.08514851485148514,0.1330421943147788,1.0,-0.0,0,0
299,0.0,0.09900990099009901,0.13679141417164786,1.0,-0.0,0,0
300,0.0,0.09900990099009901,0.13679141417164786,1.0,-0.0,0,0
301,0.0,0.10693069306930694,0.15302716108009237,1.0,-0.0,0,0
302,0.0,0.10693069306930694,0.15302716108009237,1.0,-0.0,0,0
303,0.0,0.021782178217821784,0.06836703565002801,1.0,-0.0,0,0
304,0.0,0.007920792079207921,0.03900537743285587,1.0,-0.0,0,0
305,0.0,0.007920792079207921,0.03900537743285587,1.0,-0.0,0,0
306,0.0,0.0,0.0,1.0,-0.0,0,0
307,0.0,0.0,0.0,1.0,-0.0,0,0
308,0.0,0.0,0.0,1.0,-0.0,0,0
309,0.0,0.0,0.0,1.0,-0.0,0,0
310,0.0,0.0019801980198019802,0.0198019801980198,1.0,-0.0,0,0
311,0.0,0.0019801980198019802,0.0198019801980198,1.0,-0.0,0,0
312,0.0,0.0019801980198019802,0.0198019801980198,1.0,-0.0,0,0
313,0.0,0.0019801980198019802,0.0198019801980198,1.0,-0.0,0,0
314,0.0,0.0019801980198019802,0.0198019801980198,1.0,-0.0,0,0
315,0.0,0.021782178217821784,0.06230547612891991,1.0,-0.0,0,0
316,0.0,0.0297029702970297,0.07112192077650681,1.0,-0.0,0,0
317,0.0,0.0297029702970297,0.07112192077650681,1.0,-0.0,0,0
318,0.0,0.0297029702970297,0.07112192077650681,1.0,-0.0,0,0
319,0.0,0.033663366336633666,0.07482947971362847,1.0,-0.0,0,0
320,0.0,0.011881188118811883,0.04727657974777554,1.0,-0.0,0,0
321,0.0,0.0039603960396039604,0.027863855998951068,1.0,-0.0,0,0
322,0.0,0.023762376237623766,0.06471340450838889,1.0,-0.0,0,0
323,0.0,0.023762376237623766,0.06471340450838889,1.0,-0.0,0,0
324,0.0,0.019801980198019802,0.0597350618970232,1.0,-0.0,0,0
325,0.0,0.019801980198019802,0.0597350618970232,1.0,-0.0,0,0
326,0.0,0.019801980198019802,0.0597350618970232,1.0,-0.0,0,0
327,0.0,0.0,0.0,1.0,-0.0,0,0
328,0.0,0.11287128712871286,0.15521519162190436,1.0,-0.0,0,0
329,0.0,0.11287128712871286,0.15521519162190436,1.0,-0.0,0,0
330,0.0,0.11287128712871286,0.15521519162190436,1.0,-0.0,0,0
331,0.0,0.12871287128712872,0.16788529421169618,1.0,-0.0,0,0
332,0.0,0.14158415841584157,0.17421241542909122,1.0,-0.0,0,0
333,0.0,0.05148514851485149,0.09186070102766894,1.0,-0.0,0,0
334,0.0,0.05148514851485149,0.09186070102766894,1.0,-0.0,0,0
335,0.0,0.05148514851485149,0.09186070102766894,1.0,-0.0,0,0
336,0.0,0.03564356435643565,0.08154954567118416,1.0,-0.0,0,0
337,0.0,0.023762376237623766,0.06471340450838889,1.0,-0.0,0,0
338,0.0,0.0,0.0,1.0,-0.0,0,0
339,0.0,0.0,0.0,1.0,-0.0,0,0
340,0.0,0.0,0.0,1.0,-0.0,0,0
341,0.0,0.0,0.0,1.0,-0.0,0,0
342,0.0,0.0,0.0,1.0,-0.0,0,0
343,0.0,0.06732673267326733,0.1135467024699521,1.0,-0.0,0,0
344,0.0,0.06732673267326733,0.1135467024699521,1.0,-0.0,0,0
345,0.0,0.06732673267326733,0.1135467024699521,1.0,-0.0,0,0
346,0.0,0.06732673267326733,0.1135467024699521,1.0,-0.0,0,0
347,0.0,0.06732673267326733,0.1135467024699521,1.0,-0.0,0,0
348,0.0,0.0,0.0,1.0,-0.0,0,0
349,0.0,0.021782178217821788,0.062305476128919894,1.0,-0.0,0,0
350,0.0,0.021782178217821788,0.062305476128919894,1.0,-0.0,0,0
351,0.0,0.049504950495049514,0.09504950495049506,1.0,-0.0,0,0
352,0.0,0.049504950495049514,0.09504950495049506,1.0,-0.0,0,0
353,0.0,0.049504950495049514,0.09504950495049506,1.0,-0.0,0,0
354,0.0,0.027722772277227727,0.07461957893630407,1.0,-0.0,0,0
355,0.0,0.027722772277227727,0.07461957893630407,1.0,-0.0,0,0
356,0.0,0.0059405940594059415,0.03395332316729158,1.0,-0.0,0,0
357,0.0,0.0059405940594059415,0.03395332316729158,1.0,-0.0,0,0
358,0.0,0.0059405940594059415,0.03395332316729158,1.0,-0.0,0,0
359,0.0,0.06930693069306931,0.12722675963729912,1.0,-0.0,0,0
360,0.2,0.12079207920792079,0.1594028657227573,0.30962837708843105,0.5091592435700237,0,0
361,0.2,0.11485148514851484,0.16006566636008887,0.29737688672470103,0.5266927895397058,0,0
362,0.2,0.11485148514851484,0.16006566636008887,0.29737688672470103,0.5266927895397058,0,0
363,0.2,0.12079207920792079,0.1618683193480064,0.31230208329752296,0.505425118678541,0,0
364,0.2,0.07722772277227724,0.11930590361498669,0.15172703225002876,0.8189370368062708,0,0
365,0.0,0.025742574257425748,0.06697637435757531,1.0,-0.0,0,0
366,0.0,0.02970297029702971,0.07112192077650681,1.0,-0.0,0,0
367,0.0,0.02970297029702971,0.07112192077650681,1.0,-0.0,0,0
368,0.0,0.023762376237623766,0.06471340450838889,1.0,-0.0,0,0
369,0.0,0.0039603960396039604,0.027863855998951068,1.0,-0.0,0,0
370,0.0,0.0039603960396039604,0.027863855998951068,1.0,-0.0,0,0
371,0.0,0.0,0.0,1.0,-0.0,0,0
372,0.0,0.0,0.0,1.0,-0.0,0,0
373,0.0,0.0,0.0,1.0,-0.0,0,0
374,0.0,0.0,0.0,1.0,-0.0,0,0
375,0.0,0.023762376237623766,0.06471340450838889,1.0,-0.0,0,0
376,0.0,0.023762376237623766,0.06471340450838889,1.0,-0.0,0,0
377,0.0,0.023762376237623766,0.06471340450838889,1.0,-0.0,0,0
378,0.0,0.023762376237623766,0.06471340450838889,1.0,-0.0,0,0
379,0.0,0.023762376237623766,0.06471340450838889,1.0,-0.0,0,0
380,0.0,0.0,0.0,1.0,-0.0,0,0
381,0.0,0.0039603960396039604,0.02786385599895107,1.0,-0.0,0,0
382,0.0,0.0039603960396039604,0.02786385599895107,1.0,-0.0,0,0
383,0.0,0.007920792079207921,0.03900537743285587,1.0,-0.0,0,0
384,0.0,0.007920792079207921,0.03900537743285587,1.0,-0.0,0,0
385,0.0,0.007920792079207921,0.03900537743285587,1.0,-0.0,0,0
386,0.0,0.0039603960396039604,0.027863855998951064,1.0,-0.0,0,0
387,0.0,0.0039603960396039604,0.027863855998951064,1.0,-0.0,0,0
388,0.2,0.023762376237623766,0.06471340450838887,0.003231121245907738,2.4906467450338194,0,0
389,0.2,0.023762376237623766,0.06471340450838887,0.003231121245907738,2.4906467450338194,0,0
390,0.2,0.023762376237623766,0.06471340450838887,0.003231121245907738,2.4906467450338194,0,0
391,0.2,0.06336633663366337,0.10504385908811757,0.09667550266855758,1.014683561115634,0,0
392,0.2,0.06732673267326733,0.11000352009767247,0.11389293410569636,0.9435032186258506,0,0
393,0.0,0.04356435643564357,0.08721867542790195,1.0,-0.0,0,0
394,0.0,0.04356435643564357,0.08721867542790195,1.0,-0.0,0,0
395,0.0,0.04356435643564357,0.08721867542790195,1.0,-0.0,0,0
396,0.0,0.0039603960396039604,0.02786385599895106,1.0,-0.0,0,0
397,0.0,0.0,0.0,1.0,-0.0,0,0
398,0.0,0.0,0.0,1.0,-0.0,0,0
399,0.0,0.03762376237623762,0.08771182015980238,1.0,-0.0,0,0
400,0.0,0.03762376237623762,0.08771182015980238,1.0,-0.0,0,0
401,0.0,0.03762376237623762,0.08771182015980238,1.0,-0.0,0,0
402,0.0,0.03762376237623762,0.08771182015980238,1.0,-0.0,0,0
403,0.0,0.04752475247524753,0.09809478080396702,1.0,-0.0,0,0
404,0.0,0.009900990099009901,0.04338396495090425,1.0,-0.0,0,0
405,0.0,0.009900990099009901,0.04338396495090425,1.0,-0.0,0,0
406,0.0,0.009900990099009901,0.04338396495090425,1.0,-0.0,0,0
407,0.0,0.011881188118811883,0.05501958015623684,1.0,-0.0,0,0
408,0.0,0.0019801980198019802,0.0198019801980198,1.0,-0.0,0,0
409,0.0,0.0019801980198019802,0.0198019801980198,1.0,-0.0,0,0
410,0.0,0.0019801980198019802,0.0198019801980198,1.0,-0.0,0,0
411,0.0,0.0019801980198019802,0.0198019801980198,1.0,-0.0,0,0
412,0.0,0.023762376237623766,0.07597356868614212,1.0,-0.0,0,0
413,0.0,0.023762376237623766,0.07597356868614212,1.0,-0.0,0,0
414,0.0,0.023762376237623766,0.07597356868614212,1.0,-0.0,0,0
415,0.0,0.033663366336633666,0.08475617647141663,1.0,-0.0,0,0
416,0.0,0.033663366336633666,0.08475617647141663,1.0,-0.0,0,0
417,0.0,0.021782178217821784,0.06230547612891991,1.0,-0.0,0,0
418,0.0,0.021782178217821784,0.06230547612891991,1.0,-0.0,0,0
419,0.0,0.021782178217821784,0.06230547612891991,1.0,-0.0,0,0
420,0.0,0.011881188118811883,0.047276579747775535,1.0,-0.0,0,0
421,0.0,0.011881188118811883,0.047276579747775535,1.0,-0.0,0,0
422,0.0,0.1584158415841584,0.18523056370168028,1.0,-0.0,0,0
423,0.0,0.1584158415841584,0.18523056370168028,1.0,-0.0,0,0
424,0.0,0.1584158415841584,0.18523056370168028,1.0,-0.0,0,0
425,0.0,0.16633663366336632,0.18894036343566833,1.0,-0.0,0,0
426,0.0,0.16633663366336632,0.18894036343566833,1.0,-0.0,0,0
427,0.0,0.007920792079207921,0.03900537743285587,1.0,-0.0,0,0
428,0.0,0.007920792079207921,0.03900537743285587,1.0,-0.0,0,0
429,0.0,0.023762376237623766,0.06471340450838887,1.0,-0.0,0,0
430,0.0,0.14455445544554454,0.16678393417224213,1.0,-0.0,0,16
431,0.2,0.33069306930693076,0.25552995765447184,1.0,-0.0,0,0
432,0.2,0.33069306930693076,0.25552995765447184,1.0,-0.0,0,0
433,0.2,0.33069306930693076,0.25552995765447184,1.0,-0.0,0,0
434,0.2,0.3148514851485148,0.24591157495289667,1.0,-0.0,0,0
435,0.2,0.18811881188118804,0.17077988190051752,0.47226788384513135,0.32581158722678266,0,0
436,0.0,0.0,0.0,1.0,-0.0,0,0
437,0.0,0.0,0.0,1.0,-0.0,0,0
438,0.0,0.18217821782178212,0.17821782178217824,1.0,-0.0,0,0
439,0.0,0.18217821782178212,0.17821782178217824,1.0,-0.0,0,0
440,0.0,0.18217821782178212,0.17821782178217824,1.0,-0.0,0,0
441,0.0,0.23366336633663368,0.20112418099951873,1.0,-0.0,0,0
442,0.0,0.2792079207920792,0.2235256787176184,1.0,-0.0,0,0
443,0.0,0.09702970297029702,0.14243667729389659,1.0,-0.0,0,0
444,0.0,0.09702970297029702,0.14243667729389659,1.0,-0.0,0,0
445,0.0,0.09702970297029702,0.14243667729389659,1.0,-0.0,0,0
446,0.0,0.04554455445544555,0.10485704788018795,1.0,-0.0,0,0
447,0.0,0.16435643564356434,0.20371993900374946,1.0,-0.0,0,0
448,0.0,0.17623762376237617,0.2054449481084029,1.0,-0.0,0,0
449,0.0,0.19603960396039605,0.22156991256553446,1.0,-0.0,0,0
450,0.0,0.19603960396039605,0.22156991256553446,1.0,-0.0,0,0
451,0.8,0.2851485148514851,0.23096274553383495,0.012901836176843356,1.8893484769315552,0,0
452,0.8,0.18019801980198016,0.18563234289517566,0.000420601893790152,3.3761287762032848,0,0
453,0.8,0.18613861386138614,0.18933427036517264,0.0005930338146573746,3.2269205425540934,0,0
454,0.8,0.1920792079207921,0.19482572477225893,0.0009032389318216731,3.044197351518283,0,0
455,0.8,0.19999999999999998,0.20098766032759424,0.0014166966496102066,2.8487231331711365,0,0
456,0.0,0.11485148514851484,0.14445948324625327,1.0,-0.0,0,0
457,0.0,0.05742574257425742,0.10656335878870264,1.0,-0.0,0,0
458,0.0,0.05346534653465347,0.09704990696905226,1.0,-0.0,0,0
459,0.0,0.04554455445544555,0.08846854615322249,1.0,-0.0,0,0
460,0.0,0.039603960396039604,0.07970143286137865,1.0,-0.0,0,0
461,0.0,0.06336633663366337,0.10874875419996817,1.0,-0.0,0,0
462,0.0,0.06336633663366337,0.10874875419996817,1.0,-0.0,0,0
463,0.0,0.0613861386138614,0.11515834731523734,1.0,-0.0,0,0
464,0.0,0.04356435643564357,0.09164702150816742,1.0,-0.0,0,0
465,0.0,0.04158415841584158,0.08590499787518362,1.0,-0.0,0,0
466,0.0,0.03168316831683169,0.08316831683168317,1.0,-0.0,0,0
467,0.0,0.03168316831683169,0.08316831683168317,1.0,-0.0,0,0
468,0.0,0.025742574257425745,0.07791016068477624,1.0,-0.0,0,0
469,0.0,0.025742574257425745,0.07791016068477624,1.0,-0.0,0,0
470,0.0,0.09900990099009901,0.14521752172118105,1.0,-0.0,0,0
471,0.0,0.07920792079207921,0.1261123431927973,1.0,-0.0,0,0
472,0.0,0.07920792079207921,0.1261123431927973,1.0,-0.0,0,0
473,0.2,0.1386138613861386,0.1560466400383805,0.34701820959894214,0.45964773523551844,0,0
474,0.2,0.14257425742574253,0.15501295675866078,0.3555207463358517,0.4491350510346759,0,0
475,0.2,0.06732673267326733,0.11000352009767247,0.11389293410569636,0.9435032186258506,0,0
476,0.2,0.06732673267326733,0.11000352009767247,0.11389293410569636,0.9435032186258506,0,0
477,0.2,0.10891089108910887,0.13057300215314485,0.24271037887342672,0.6149116518053509,0,0
478,0.0,0.05148514851485149,0.10399339410297728,1.0,-0.0,0,0
479,0.0,0.04752475247524753,0.10205226714237722,1.0,-0.0,0,0
480,0.0,0.04752475247524753,0.10205226714237722,1.0,-0.0,0,0
481,0.0,0.04752475247524753,0.10205226714237722,1.0,-0.0,0,0
482,0.4,0.05148514851485149,0.09607532254026299,0.00014308005208175866,3.8444209104379667,0,0
483,0.4,0.04554455445544554,0.08846854615322249,3.080340316499904e-05,4.51140129992379,0,0
484,0.4,0.04554455445544554,0.08846854615322249,3.080340316499904e-05,4.51140129992379,0,0
485,0.4,0.10297029702970295,0.14789308791950764,0.02229996164679662,1.6516958838845262,0,0
486,0.4,0.10297029702970295,0.14789308791950764,0.02229996164679662,1.6516958838845262,0,0
487,0.0,0.057425742574257435,0.10277971700879983,1.0,-0.0,0,0
488,0.0,0.057425742574257435,0.10277971700879983,1.0,-0.0,0,0
489,0.0,0.057425742574257435,0.10277971700879983,1.0,-0.0,0,0
490,0.2,0.021782178217821784,0.06230547612891991,0.002115616449879084,2.6745630648030154,0,0
491,0.4,0.09306930693069307,0.13368903310588715,0.010842074327770382,1.9648876197422092,0,0
492,0.4,0.09306930693069307,0.13368903310588715,0.010842074327770382,1.9648876197422092,0,0
493,0.6,0.10693069306930691,0.13368903310588712,0.0001129316309682917,3.947184399696024,0,0
494,0.6,0.10693069306930691,0.13368903310588712,0.0001129316309682917,3.947184399696024,0,0
495,0.4,0.1881188118811881,0.1510931315400815,0.08040959072505811,1.0946921483838672,0,0
496,0.2,0.11485148514851484,0.130031327995105,0.25628835809898753,0.5912711211985167,0,0
497,0.2,0.11485148514851484,0.130031327995105,0.25628835809898753,0.5912711211985167,0,0
498,0.0,0.10099009900990097,0.12467387119760155,1.0,-0.0,0,0
499,0.0,0.13663366336633662,0.15137833547418925,1.0,-0.0,0,0
500,0.0,0.033663366336633666,0.07994704648786674,1.0,-0.0,0,0
501,0.0,0.04356435643564357,0.09587103712404124,1.0,-0.0,0,0
502,0.0,0.057425742574257435,0.10656335878870264,1.0,-0.0,0,0
503,0.0,0.09306930693069305,0.13368903310588712,1.0,-0.0,0,0
504,0.0,0.0594059405940594,0.10357779667819421,1.0,-0.0,0,0
505,0.0,0.15247524752475247,0.15957496727054085,1.0,-0.0,0,0
506,0.0,0.14257425742574253,0.15754712301715712,1.0,-0.0,0,0
507,0.0,0.12673267326732673,0.15083338726765974,1.0,-0.0,0,0
