,foreground,bg_means,bg_stdev,pvals,minus_logs,regs,active
2,0.0,0.15049504950495052,0.1577212495187317,1.0,-0.0,0,0
3,0.0,0.18415841584158413,0.19229343978313213,1.0,-0.0,0,0
4,0.0,0.1306930693069307,0.17448230314384702,1.0,-0.0,0,0
5,0.0,0.1900990099009901,0.1977622086930122,1.0,-0.0,0,0
6,0.0,0.21188118811881188,0.19462435446028697,1.0,-0.0,0,0
7,0.0,0.12475247524752472,0.13156027914354926,1.0,-0.0,0,0
8,0.0,0.07920792079207921,0.11631029826208643,1.0,-0.0,0,0
9,0.0,0.15445544554455443,0.166218722942046,1.0,-0.0,0,0
10,0.0,0.09504950495049502,0.13377699607171908,1.0,-0.0,0,0
11,0.0,0.09900990099009899,0.15057319492752774,1.0,-0.0,0,0
12,0.0,0.11485148514851484,0.16252106557372825,1.0,-0.0,0,0
13,0.0,0.3544554455445545,0.2546691709429351,1.0,-0.0,0,0
14,0.0,0.27920792079207923,0.20887100177575063,1.0,-0.0,0,0
15,0.0,0.4257425742574257,0.2738263760616142,1.0,-0.0,0,0
16,0.0,0.4000000000000001,0.2625088400208818,1.0,-0.0,0,0
17,0.0,0.5099009900990098,0.31763511991743026,1.0,-0.0,0,0
18,0.0,0.2891089108910891,0.25247330614668084,1.0,-0.0,0,0
19,0.0,0.2891089108910891,0.25247330614668084,1.0,-0.0,0,0
20,0.0,0.1425742574257426,0.18312282014569334,1.0,-0.0,0,0
21,0.0,0.1425742574257426,0.18312282014569334,1.0,-0.0,0,0
22,0.2,0.08910891089108909,0.13342479626077636,0.2029548846422558,0.6926004917837524,0,0
23,0.2,0.0712871287128713,0.11461224656227947,0.13071259900090526,0.8836825500410104,0,0
24,0.2,0.09702970297029702,0.13084299831035082,0.21564796322227764,0.6662546393752193,0,0
25,0.2,0.09702970297029702,0.13084299831035082,0.21564796322227764,0.6662546393752193,0,0
26,0.2,0.16633663366336632,0.15937826461670404,0.4163590527075866,0.38053198823347256,0,0
27,0.0,0.4158415841584158,0.2947503300806277,1.0,-0.0,0,0
28,0.0,0.4158415841584158,0.2947503300806277,1.0,-0.0,0,0
29,0.0,0.40198019801980206,0.28631499582733055,1.0,-0.0,0,0
30,0.0,0.4217821782178219,0.3016797726512975,1.0,-0.0,0,0
31,0.0,0.35247524752475257,0.27739740210435576,1.0,-0.0,0,0
32,0.0,0.031683168316831684,0.0730260947112308,1.0,-0.0,0,0
33,0.0,0.031683168316831684,0.0730260947112308,1.0,-0.0,0,0
34,0.0,0.019801980198019802,0.0597350618970232,1.0,-0.0,0,0
35,0.0,0.0,0.0,1.0,-0.0,0,0
36,0.0,0.0,0.0,1.0,-0.0,0,0
37,0.0,0.2039603960396039,0.19290421984883255,1.0,-0.0,0,0
38,0.0,0.2039603960396039,0.19290421984883255,1.0,-0.0,0,0
39,0.0,0.2039603960396039,0.19290421984883255,1.0,-0.0,0,0
40,0.0,0.2039603960396039,0.19290421984883255,1.0,-0.0,0,0
41,0.0,0.21188118811881182,0.19865245471658538,1.0,-0.0,0,0
42,0.0,0.007920792079207921,0.03900537743285587,1.0,-0.0,0,0
43,0.0,0.007920792079207921,0.03900537743285587,1.0,-0.0,0,0
44,0.0,0.0297029702970297,0.07648795214189293,1.0,-0.0,0,0
45,0.0,0.0297029702970297,0.07648795214189293,1.0,-0.0,0,0
46,0.0,0.07326732673267328,0.11509022642946842,1.0,-0.0,0,0
47,0.0,0.07326732673267328,0.11509022642946842,1.0,-0.0,0,0
48,0.0,0.11089108910891088,0.14481192315867106,1.0,-0.0,0,0
49,0.0,0.12079207920792079,0.15940286572275733,1.0,-0.0,0,0
50,0.0,0.12079207920792079,0.15940286572275733,1.0,-0.0,0,0
51,0.0,0.06930693069306931,0.10693069306930697,1.0,-0.0,0,0
52,0.0,0.06930693069306931,0.10693069306930697,1.0,-0.0,0,0
53,0.0,0.031683168316831684,0.07826167463512675,1.0,-0.0,0,0
54,0.2,0.08118811881188118,0.13254020222321994,0.18501385583113095,0.7327957457285068,0,0
55,0.2,0.08118811881188118,0.13254020222321994,0.18501385583113095,0.7327957457285068,0,0
56,0.2,0.08118811881188118,0.13254020222321994,0.18501385583113095,0.7327957457285068,0,0
57,0.2,0.08118811881188118,0.13254020222321994,0.18501385583113095,0.7327957457285068,0,0
58,0.2,0.08118811881188118,0.13254020222321994,0.18501385583113095,0.7327957457285068,0,0
59,0.0,0.0,0.0,1.0,-0.0,0,0
60,0.2,0.19207920792079206,0.18651741527630283,0.48306330097588907,0.3159959552459804,0,0
61,0.2,0.19207920792079206,0.18651741527630283,0.48306330097588907,0.3159959552459804,0,0
62,0.2,0.2079207920792079,0.20083152306547483,1.0,-0.0,0,0
63,0.2,0.47920792079207924,0.2744271555433924,1.0,-0.0,0,0
64,0.2,0.7425742574257425,0.3200700834930076,1.0,-0.0,0,0
65,0.0,0.701980198019802,0.35876029616295485,1.0,-0.0,0,0
66,0.0,0.701980198019802,0.35876029616295485,1.0,-0.0,0,0
67,0.0,0.6851485148514851,0.35859631143808807,1.0,-0.0,0,0
68,0.0,0.41386138613861384,0.2928283729998208,1.0,-0.0,0,0
69,0.0,0.18019801980198016,0.1813152180952015,1.0,-0.0,0,0
70,0.0,0.02772277227722773,0.06910862719451544,1.0,-0.0,0,0
71,0.0,0.05544554455445544,0.1019369320889802,1.0,-0.0,0,0
72,0.0,0.15643564356435644,0.17258422629307663,1.0,-0.0,0,0
73,0.0,0.15643564356435644,0.17258422629307663,1.0,-0.0,0,0
74,0.0,0.12673267326732673,0.15851482056387725,1.0,-0.0,0,0
75,0.0,0.12673267326732673,0.15851482056387725,1.0,-0.0,0,0
76,0.0,0.11287128712871287,0.15002532217723416,1.0,-0.0,0,0
77,0.0,0.4495049504950494,0.2806018151907857,1.0,-0.0,0,0
78,0.0,0.4495049504950494,0.2806018151907857,1.0,-0.0,0,0
79,0.0,0.5861386138613861,0.33092420925545163,1.0,-0.0,0,0
80,0.0,0.6693069306930691,0.3508808080204929,1.0,-0.0,0,0
81,0.0,0.6554455445544554,0.3482559794642789,1.0,-0.0,0,0
82,0.0,0.22772277227722773,0.21439244661272866,1.0,-0.0,0,0
83,0.0,0.3465346534653466,0.28823957184837645,1.0,-0.0,0,0
84,0.0,0.21188118811881182,0.21027428043498275,1.0,-0.0,0,0
85,0.0,0.1277227722772277,0.1476675500000171,1.0,-0.0,0,0
86,0.0,0.1277227722772277,0.1476675500000171,1.0,-0.0,0,0
87,0.0,0.11881188118811879,0.1467218499235066,1.0,-0.0,0,0
88,0.0,0.0,0.0,1.0,-0.0,0,0
89,0.0,0.0,0.0,1.0,-0.0,0,0
90,0.0,0.015841584158415842,0.06090517425437505,1.0,-0.0,0,0
91,0.0,0.015841584158415842,0.06090517425437505,1.0,-0.0,0,0
92,0.0,0.015841584158415842,0.06090517425437505,1.0,-0.0,0,0
93,0.0,0.015841584158415842,0.06090517425437505,1.0,-0.0,0,0
94,0.0,0.027722772277227727,0.07975061610139514,1.0,-0.0,0,0
95,0.0,0.011881188118811883,0.047276579747775535,1.0,-0.0,0,0
96,0.0,0.011881188118811883,0.047276579747775535,1.0,-0.0,0,0
97,0.0,0.011881188118811883,0.047276579747775535,1.0,-0.0,0,0
98,0.0,0.011881188118811883,0.047276579747775535,1.0,-0.0,0,0
99,0.0,0.0,0.0,1.0,-0.0,0,0
100,0.0,0.0,0.0,1.0,-0.0,0,0
101,0.0,0.0,0.0,1.0,-0.0,0,0
102,0.0,0.0,0.0,1.0,-0.0,0,0
103,0.0,0.0059405940594059415,0.033953323167291584,1.0,-0.0,0,0
104,0.0,0.0059405940594059415,0.033953323167291584,1.0,-0.0,0,0
105,0.0,0.01386138613861386,0.05079507064705211,1.0,-0.0,0,0
106,0.0,0.01386138613861386,0.05079507064705211,1.0,-0.0,0,0
107,0.0,0.01386138613861386,0.05079507064705211,1.0,-0.0,0,0
108,0.0,0.007920792079207921,0.03900537743285587,1.0,-0.0,0,0
109,0.0,0.007920792079207921,0.03900537743285587,1.0,-0.0,0,0
110,0.0,0.0,0.0,1.0,-0.0,0,0
111,0.0,0.0,0.0,1.0,-0.0,0,0
112,0.0,0.05940594059405942,0.10357779667819422,1.0,-0.0,0,0
113,0.0,0.05940594059405942,0.10357779667819422,1.0,-0.0,0,0
114,0.2,0.0712871287128713,0.11110305060677654,0.12333004940280475,0.9089310945328979,0,0
115,0.4,0.1762376237623762,0.15742262902456866,0.07759854477739914,1.1101464230855156,0,0
116,0.4,0.3485148514851485,0.21183491675748645,0.40398576024812904,0.3936339426979385,0,0
117,0.4,0.2871287128712871,0.21510456418218252,0.299886307488059,0.5230433632439235,0,0
118,0.4,0.2871287128712871,0.21510456418218252,0.299886307488059,0.5230433632439235,0,0
119,0.2,0.7227722772277225,0.36799730630708377,1.0,-0.0,0,0
120,0.0,0.6712871287128712,0.3442128726754973,1.0,-0.0,0,0
121,0.0,0.499009900990099,0.2864929800618903,1.0,-0.0,0,0
122,0.0,0.499009900990099,0.2864929800618903,1.0,-0.0,0,0
123,0.0,0.499009900990099,0.2864929800618903,1.0,-0.0,0,0
124,0.0,0.05148514851485149,0.10399339410297728,1.0,-0.0,0,0
125,0.0,0.7366336633663365,0.38990295118404183,1.0,-0.0,0,0
126,0.0,0.7366336633663365,0.38990295118404183,1.0,-0.0,0,0
127,0.0,0.7782178217821784,0.40774772835592077,1.0,-0.0,0,0
128,0.0,0.803960396039604,0.4087946038470868,1.0,-0.0,0,0
129,0.0,0.9485148514851485,0.4437941413295621,1.0,-0.0,0,0
130,0.0,0.3178217821782178,0.2503051759546637,1.0,-0.0,0,0
131,0.0,0.32673267326732675,0.24970917306073365,1.0,-0.0,0,0
132,0.0,0.35841584158415846,0.27041124776414355,1.0,-0.0,0,0
133,0.0,0.3643564356435644,0.2690592920837381,1.0,-0.0,0,0
134,0.0,0.2653465346534653,0.21637684561818196,1.0,-0.0,0,0
135,0.0,0.16237623762376235,0.16581719933036293,1.0,-0.0,0,0
136,0.0,0.24356435643564353,0.20020575633120588,1.0,-0.0,0,0
137,0.0,0.22772277227722773,0.21439244661272866,1.0,-0.0,0,0
138,0.0,0.19603960396039602,0.20094863738570085,1.0,-0.0,0,0
139,0.0,0.1861386138613861,0.1955088324308512,1.0,-0.0,0,0
140,0.0,0.2613861386138614,0.23671443171910667,1.0,-0.0,0,0
141,0.0,0.17227722772277226,0.18885733097134833,1.0,-0.0,0,0
142,0.0,0.11287128712871286,0.15774610904280742,1.0,-0.0,0,0
143,0.0,0.12475247524752475,0.16131019290626772,1.0,-0.0,0,0
144,0.0,0.1425742574257426,0.1575471230171571,1.0,-0.0,0,0
145,0.0,0.06534653465346535,0.10939585993610405,1.0,-0.0,0,0
146,0.0,0.06534653465346535,0.10939585993610405,1.0,-0.0,0,0
147,0.0,0.06534653465346535,0.10939585993610405,1.0,-0.0,0,0
148,0.0,0.05346534653465347,0.09704990696905226,1.0,-0.0,0,0
149,0.0,0.0,0.0,1.0,-0.0,0,0
150,0.0,0.01782178217821782,0.0635517090529949,1.0,-0.0,0,0
151,0.0,0.01782178217821782,0.0635517090529949,1.0,-0.0,0,0
152,0.0,0.01782178217821782,0.0635517090529949,1.0,-0.0,0,0
153,0.0,0.025742574257425738,0.07264925278354116,1.0,-0.0,0,0
154,0.0,0.05148514851485149,0.10399339410297728,1.0,-0.0,0,0
155,0.0,0.07326732673267328,0.11509022642946842,1.0,-0.0,0,0
156,0.0,0.07326732673267328,0.11509022642946842,1.0,-0.0,0,0
157,0.0,0.07326732673267328,0.11509022642946842,1.0,-0.0,0,0
158,0.0,0.17821782178217818,0.16863104044391106,1.0,-0.0,0,0
159,0.0,0.16237623762376235,0.15597123697041754,1.0,-0.0,0,0
160,0.0,0.14257425742574256,0.13883998529075728,1.0,-0.0,0,0
161,0.0,0.14257425742574256,0.13883998529075728,1.0,-0.0,0,0
162,0.0,0.14257425742574256,0.13883998529075728,1.0,-0.0,0,0
163,0.0,0.0297029702970297,0.07112192077650681,1.0,-0.0,0,0
164,0.0,0.019801980198019802,0.0597350618970232,1.0,-0.0,0,0
165,0.0,0.0,0.0,1.0,-0.0,0,0
166,0.0,0.007920792079207921,0.03900537743285587,1.0,-0.0,0,0
167,0.0,0.007920792079207921,0.03900537743285587,1.0,-0.0,0,0
168,0.0,0.007920792079207921,0.03900537743285587,1.0,-0.0,0,0
169,0.0,0.039603960396039604,0.08452453849668534,1.0,-0.0,0,0
170,0.0,0.039603960396039604,0.08452453849668534,1.0,-0.0,0,0
171,0.0,0.1574257425742574,0.19768288169074605,1.0,-0.0,0,0
172,0.0,0.1574257425742574,0.19768288169074605,1.0,-0.0,0,0
173,0.0,0.1574257425742574,0.19768288169074605,1.0,-0.0,0,0
174,0.0,0.1465346534653465,0.17775517507089317,1.0,-0.0,0,0
175,0.0,0.24554455445544554,0.20849519902122574,1.0,-0.0,0,0
176,0.0,0.1188118811881188,0.15460769343321296,1.0,-0.0,0,0
177,0.0,0.1188118811881188,0.15460769343321296,1.0,-0.0,0,0
178,0.0,0.1188118811881188,0.15460769343321296,1.0,-0.0,0,0
179,0.0,0.11089108910891088,0.16283441756692102,1.0,-0.0,0,0
180,0.0,0.013861386138613863,0.05079507064705211,1.0,-0.0,0,0
181,0.0,0.27128712871287136,0.23811829727615708,1.0,-0.0,0,0
182,0.0,0.33663366336633677,0.2785118773005396,1.0,-0.0,0,0
183,0.0,0.33663366336633677,0.2785118773005396,1.0,-0.0,0,0
184,0.0,0.3227722772277228,0.26695243323050183,1.0,-0.0,0,0
185,0.0,0.3227722772277228,0.26695243323050183,1.0,-0.0,0,0
186,0.0,0.06534653465346535,0.11976515267356391,1.0,-0.0,0,0
187,0.0,0.0,0.0,1.0,-0.0,0,0
188,0.0,0.0,0.0,1.0,-0.0,0,0
189,0.0,0.1762376237623762,0.17640441545600075,1.0,-0.0,0,0
190,0.0,0.22376237623762374,0.21301629875422098,1.0,-0.0,0,0
191,0.0,0.22376237623762374,0.21301629875422098,1.0,-0.0,0,0
192,0.0,0.22376237623762374,0.21301629875422098,1.0,-0.0,0,0
193,0.0,0.3405940594059407,0.27796225180778755,1.0,-0.0,0,0
194,0.0,0.2158415841584158,0.2062069868822941,1.0,-0.0,0,0
195,0.0,0.23564356435643566,0.20565479025690644,1.0,-0.0,0,0
196,0.0,0.2554455445544554,0.21821746239930154,1.0,-0.0,0,0
197,0.0,0.26732673267326734,0.22387625245674686,1.0,-0.0,0,0
198,0.0,0.18811881188118812,0.18200594523684843,1.0,-0.0,0,0
199,0.0,0.1485148514851485,0.18380675462767987,1.0,-0.0,0,0
200,0.0,0.0891089108910891,0.13923481846532235,1.0,-0.0,0,0
201,0.0,0.06930693069306931,0.1303024465454424,1.0,-0.0,0,0
202,0.0,0.057425742574257435,0.12051583409665693,1.0,-0.0,0,0
203,0.0,0.041584158415841586,0.09467748980500532,1.0,-0.0,0,0
204,0.0,0.027722772277227727,0.07975061610139514,1.0,-0.0,0,0
205,0.0,0.019801980198019802,0.06603299802191315,1.0,-0.0,0,0
206,0.0,0.019801980198019802,0.06603299802191315,1.0,-0.0,0,0
207,0.0,0.019801980198019802,0.06603299802191315,1.0,-0.0,0,0
208,0.0,0.0,0.0,1.0,-0.0,0,0
209,0.0,0.0,0.0,1.0,-0.0,0,0
210,0.0,0.0,0.0,1.0,-0.0,0,0
211,0.0,0.0,0.0,1.0,-0.0,0,0
212,0.0,0.15049504950495046,0.15518992667640907,1.0,-0.0,0,0
213,0.0,0.16633663366336632,0.1642729120947021,1.0,-0.0,0,0
214,0.0,0.16633663366336632,0.1642729120947021,1.0,-0.0,0,0
215,0.0,0.2693069306930693,0.21329223863253066,1.0,-0.0,0,0
216,0.0,0.3841584158415842,0.28239873266598037,1.0,-0.0,0,0
217,0.0,0.5148514851485149,0.31759808295985437,1.0,-0.0,0,0
218,0.0,0.7564356435643562,0.3708208292995521,1.0,-0.0,0,0
219,0.0,0.8891089108910891,0.4053847921698299,1.0,-0.0,1,0
220,0.0,0.7960396039603961,0.38381121392746825,1.0,-0.0,0,0
221,0.0,0.9821782178217822,0.4069680308567223,1.0,-0.0,0,0
222,0.0,1.289108910891089,0.47468613707636037,1.0,-0.0,0,0
223,0.0,1.0554455445544555,0.4582522215109851,1.0,-0.0,0,0
224,0.0,1.1603960396039605,0.49313689941888716,1.0,-0.0,0,0
225,0.0,1.1920792079207922,0.501815154386204,1.0,-0.0,0,0
226,0.0,0.8910891089108911,0.43738625336635745,1.0,-0.0,0,0
227,0.0,0.401980198019802,0.23461795277918832,1.0,-0.0,0,0
228,0.0,0.4910891089108911,0.2891089108910891,1.0,-0.0,0,0
229,0.0,0.33069306930693065,0.23787115834368713,1.0,-0.0,0,0
230,0.0,0.2871287128712871,0.22412132779280652,1.0,-0.0,0,0
231,0.0,0.2871287128712871,0.22412132779280652,1.0,-0.0,0,0
232,0.0,0.22574257425742575,0.20229057883757837,1.0,-0.0,0,0
233,0.0,0.11287128712871286,0.13618810981425267,1.0,-0.0,0,0
234,0.0,0.0712871287128713,0.11461224656227947,1.0,-0.0,0,0
235,0.2,0.09702970297029703,0.13084299831035082,0.2156479632222777,0.6662546393752192,0,0
236,0.2,0.15247524752475247,0.17382935720677029,0.3922733048188036,0.4064112456924467,0,0
237,0.2,0.11287128712871287,0.14464936528910635,0.2734725071303193,0.5630863278378737,0,0
238,0.4,0.14257425742574256,0.16730036701294593,0.06193828867063993,1.2080407981908101,0,0
239,0.6,0.18415841584158418,0.198375917407813,0.01803088867190535,1.7439828680755074,0,0
240,0.4,0.1584158415841584,0.18307998940714804,0.09349177857117492,1.029226578198699,0,0
241,0.4,0.10297029702970295,0.13383560593042218,0.013231041946804118,1.8784059537014401,0,0
242,0.4,0.10297029702970295,0.13383560593042218,0.013231041946804118,1.8784059537014401,0,0
243,0.2,0.07524752475247526,0.11553229422427584,0.140114268670204,0.8535176356692988,0,0
244,0.0,0.0,0.0,1.0,-0.0,0,0
245,0.0,0.03762376237623763,0.07816140339006158,1.0,-0.0,0,0
246,0.0,0.03762376237623763,0.07816140339006158,1.0,-0.0,0,0
247,0.0,0.03762376237623763,0.07816140339006158,1.0,-0.0,0,0
248,0.0,0.03762376237623763,0.07816140339006158,1.0,-0.0,0,0
249,0.0,0.04554455445544555,0.08846854615322249,1.0,-0.0,0,0
250,0.0,0.04554455445544555,0.09283729243351323,1.0,-0.0,0,0
251,0.0,0.09504950495049502,0.1423816080178024,1.0,-0.0,0,0
252,0.0,0.2871287128712871,0.2205588609776743,1.0,-0.0,0,0
253,0.0,0.2871287128712871,0.2205588609776743,1.0,-0.0,0,0
254,0.0,0.5623762376237624,0.3242207673330056,1.0,-0.0,0,0
255,0.0,0.5227722772277228,0.30826283889776473,1.0,-0.0,0,0
256,0.0,0.47326732673267335,0.2921043788449232,1.0,-0.0,0,0
257,0.0,0.28118811881188116,0.2391042985841359,1.0,-0.0,0,0
258,0.0,0.28118811881188116,0.2391042985841359,1.0,-0.0,0,0
259,0.0,0.0,0.0,1.0,-0.0,0,0
260,0.0,0.08712871287128712,0.1332483472575107,1.0,-0.0,0,0
261,0.0,0.08712871287128712,0.1332483472575107,1.0,-0.0,0,0
262,0.0,0.09504950495049505,0.14238160801780242,1.0,-0.0,0,0
263,0.0,0.42772277227722777,0.26104087608337107,1.0,-0.0,0,0
264,0.0,0.4940594059405941,0.2778352607472611,1.0,-0.0,0,0
265,0.0,0.4217821782178218,0.2546999634188281,1.0,-0.0,0,0
266,0.0,0.4217821782178218,0.2546999634188281,1.0,-0.0,0,0
267,0.0,0.4138613861386139,0.25055570040216446,1.0,-0.0,0,0
268,0.0,0.10693069306930691,0.1306930693069307,1.0,-0.0,0,0
269,0.0,0.041584158415841586,0.08590499787518362,1.0,-0.0,0,0
270,0.0,0.025742574257425748,0.0669763743575753,1.0,-0.0,0,0
271,0.0,0.025742574257425748,0.0669763743575753,1.0,-0.0,0,0
272,0.0,0.025742574257425748,0.0669763743575753,1.0,-0.0,0,0
273,0.0,0.0,0.0,1.0,-0.0,0,0
274,0.0,0.07524752475247526,0.11205191564986228,1.0,-0.0,0,0
275,0.0,0.07524752475247526,0.11205191564986228,1.0,-0.0,0,0
276,0.0,0.15643564356435644,0.16793200037318168,1.0,-0.0,0,0
277,0.0,0.300990099009901,0.22624574806133213,1.0,-0.0,0,0
278,0.0,0.300990099009901,0.22624574806133213,1.0,-0.0,0,0
279,1.6,0.37821782178217833,0.26980152602377977,2.970925105045379e-06,5.52710829632003,0,0
280,1.8,0.6316831683168317,0.3590225159295963,0.0005686403543435071,3.245162323247714,0,0
281,1.8,0.5524752475247524,0.3319889236509539,8.573085697349558e-05,4.066862835004164,1,0
282,1.8,0.40594059405940597,0.28207919054453656,3.864570239950123e-07,6.412898794836372,0,0
283,8.6,1.3643564356435647,0.4363630422444142,1e-17,17.0,0,0
284,7.4,1.2633663366336634,0.4173757649454595,1e-17,17.0,0,0
285,10.4,1.9980198019801978,0.5446372574311631,1e-17,17.0,2,0
286,10.4,1.9980198019801978,0.5446372574311631,1e-17,17.0,0,0
287,10.4,1.9980198019801978,0.5446372574311631,1e-17,17.0,0,0
288,4.0,1.1376237623762375,0.4544284812639546,1.4993228659596596e-10,9.824104835593255,0,0
289,4.2,1.5465346534653461,0.4994183461214673,5.3884532244277247e-08,7.268535882772742,0,0
290,2.2,0.8257425742574255,0.35673254960797846,5.849563281016907e-05,4.232876556434803,0,0
291,2.8,1.003960396039604,0.3786167612466105,1.0493124815123384e-06,5.979095161198557,0,0
292,2.8,1.003960396039604,0.3786167612466105,1.0493124815123384e-06,5.979095161198557,1,0
293,2.6,0.9762376237623762,0.38515742309431156,1.2442463992318936e-05,4.9050936074020886,0,0
294,2.2,0.5782178217821783,0.30945623353628426,7.996343888385412e-08,7.097108537013062,0,0
295,1.0,0.3089108910891089,0.23634971986318065,0.0017277643633298388,2.7625154879472085,0,0
296,0.4,0.1306930693069307,0.16753458295712845,0.05397557763109003,1.267802701274368,0,0
297,0.4,0.1306930693069307,0.16753458295712845,0.05397557763109003,1.267802701274368,0,0
298,0.4,0.23960396039603962,0.20102667569442348,0.21246880137463403,0.672704832134035,0,0
299,0.2,0.1782178217821782,0.1614316888886243,0.44633311909233053,0.35034088617003056,0,0
300,0.2,0.1782178217821782,0.1614316888886243,0.44633311909233053,0.35034088617003056,0,0
301,0.2,0.1782178217821782,0.1614316888886243,0.44633311909233053,0.35034088617003056,0,0
302,0.4,0.39207920792079204,0.2468346816448996,0.48720035368806064,0.31229240509456263,0,0
303,0.2,0.2554455445544554,0.2288478449614838,1.0,-0.0,0,0
304,0.2,0.2930693069306931,0.2526130472327051,1.0,-0.0,0,0
305,0.2,0.2930693069306931,0.2526130472327051,1.0,-0.0,0,0
306,0.2,0.3108910891089109,0.2647251479931628,1.0,-0.0,0,0
307,0.0,0.10495049504950493,0.14513649268759363,1.0,-0.0,0,0
308,0.0,0.06336633663366338,0.10874875419996817,1.0,-0.0,0,0
309,0.0,0.08712871287128712,0.11050143705587097,1.0,-0.0,0,0
310,0.0,0.3237623762376238,0.21942702833213218,1.0,-0.0,0,0
311,0.0,0.30495049504950494,0.21543243990430327,1.0,-0.0,0,0
312,0.0,0.297029702970297,0.2172991028693689,1.0,-0.0,0,0
313,0.0,0.30297029702970296,0.21176086154922535,1.0,-0.0,0,0
314,0.0,0.28118811881188116,0.2201317658001291,1.0,-0.0,0,0
315,0.0,0.04554455445544554,0.09700949476369024,1.0,-0.0,0,0
316,0.0,0.04554455445544554,0.09700949476369024,1.0,-0.0,0,0
317,0.0,0.11485148514851483,0.15246238855382307,1.0,-0.0,0,0
318,0.0,0.12475247524752475,0.16131019290626772,1.0,-0.0,0,0
319,0.0,0.09306930693069307,0.13368903310588715,1.0,-0.0,0,0
320,0.0,0.09306930693069307,0.13368903310588715,1.0,-0.0,0,0
321,0.0,0.12475247524752472,0.15376846462033406,1.0,-0.0,0,0
322,0.0,0.19405940594059404,0.21146438137366322,1.0,-0.0,0,0
323,0.0,0.21386138613861383,0.23080989690429157,1.0,-0.0,0,0
324,0.0,0.24356435643564353,0.24308896696117085,1.0,-0.0,0,0
325,0.0,0.24356435643564353,0.24308896696117085,1.0,-0.0,0,0
326,0.0,0.21188118811881188,0.21767772013720868,1.0,-0.0,0,0
327,0.0,0.07326732673267328,0.11848138852793338,1.0,-0.0,0,0
328,0.0,0.09900990099009899,0.13965661530697393,1.0,-0.0,0,0
329,0.0,0.09702970297029702,0.15571962971356434,1.0,-0.0,0,0
330,0.0,0.09702970297029702,0.15571962971356434,1.0,-0.0,0,0
331,0.0,0.09702970297029702,0.15571962971356434,1.0,-0.0,0,0
332,0.0,0.18019801980198016,0.20777930122098492,1.0,-0.0,0,0
333,0.0,0.1168316831683168,0.149632756335149,1.0,-0.0,0,0
334,0.0,0.08118811881188118,0.11664694237642095,1.0,-0.0,0,0
335,0.0,0.11287128712871286,0.13618810981425267,1.0,-0.0,0,0
336,0.0,0.17029702970297025,0.17436990069505995,1.0,-0.0,0,0
337,0.0,0.0871287128712871,0.12077584698595571,1.0,-0.0,0,0
338,0.0,0.09306930693069305,0.12126186845461277,1.0,-0.0,0,0
339,0.0,0.09306930693069305,0.12126186845461277,1.0,-0.0,0,0
340,0.0,0.0613861386138614,0.10433219700847123,1.0,-0.0,0,0
341,0.0,0.049504950495049514,0.09912864166957489,1.0,-0.0,0,0
342,0.0,0.08118811881188118,0.11664694237642095,1.0,-0.0,0,0
343,0.0,0.07524752475247526,0.11553229422427584,1.0,-0.0,0,0
344,0.0,0.08712871287128712,0.12077584698595571,1.0,-0.0,0,0
345,0.0,0.08712871287128712,0.12077584698595571,1.0,-0.0,0,0
346,0.0,0.24950495049504953,0.23446748698005046,1.0,-0.0,0,0
347,0.2,0.4534653465346534,0.27845555538342165,1.0,-0.0,0,0
348,0.2,0.4534653465346534,0.27845555538342165,1.0,-0.0,0,0
349,0.2,0.4415841584158416,0.27906042027648026,1.0,-0.0,0,0
350,0.2,0.4811881188118811,0.2994096076049733,1.0,-0.0,0,0
351,0.2,0.27524752475247527,0.21773175457272811,1.0,-0.0,0,0
352,0.0,0.039603960396039604,0.08452453849668534,1.0,-0.0,0,0
353,0.2,0.44158415841584164,0.27187188549992036,1.0,-0.0,0,0
