,foreground,bg_means,bg_stdev,pvals,minus_logs,regs,active
2,0.2,0.4316831683168317,0.2768030693862424,1.0,-0.0,0,0
3,0.0,0.05346534653465346,0.09704990696905226,1.0,-0.0,0,0
4,0.0,0.05346534653465346,0.09704990696905226,1.0,-0.0,0,0
5,0.0,0.017821782178217824,0.05698017651460656,1.0,-0.0,0,0
6,0.0,0.0,0.0,1.0,-0.0,0,0
7,0.0,0.0,0.0,1.0,-0.0,0,0
8,0.0,0.0,0.0,1.0,-0.0,0,0
9,0.0,0.13465346534653466,0.14653465346534655,1.0,-0.0,0,0
10,0.2,0.25346534653465347,0.21227870547734493,1.0,-0.0,0,0
11,0.2,0.4316831683168317,0.2934704239215503,1.0,-0.0,0,0
12,0.2,0.5603960396039604,0.3330266863866939,1.0,-0.0,0,0
13,0.4,0.8653465346534652,0.3839440046746597,1.0,-0.0,0,0
14,1.0,1.0019801980198018,0.37177130147172543,1.0,-0.0,0,0
15,0.8,0.8831683168316831,0.3562926005602679,1.0,-0.0,0,0
16,0.8,0.7148514851485149,0.326210203327885,0.39703720919059693,0.4011687904940484,0,0
17,0.8,0.5881188118811882,0.33751776739822076,0.2650795826210935,0.5766237218952555,0,0
18,0.6,0.3762376237623763,0.22913894563394208,0.16439951595818592,0.7840994654881723,0,0
19,0.0,0.10495049504950493,0.14238160801780242,1.0,-0.0,0,0
20,0.0,0.16039603960396043,0.17804171717219025,1.0,-0.0,0,0
21,0.0,0.1485148514851485,0.1726977909735853,1.0,-0.0,0,0
22,0.0,0.1485148514851485,0.1726977909735853,1.0,-0.0,0,0
23,0.0,0.05346534653465347,0.09287951999650358,1.0,-0.0,0,0
24,0.0,0.13465346534653463,0.12930556607773872,1.0,-0.0,0,0
25,0.0,0.1603960396039604,0.16415351901831846,1.0,-0.0,0,0
26,0.0,0.1603960396039604,0.16415351901831846,1.0,-0.0,0,0
27,0.0,0.1603960396039604,0.16415351901831846,1.0,-0.0,0,0
28,0.0,0.1603960396039604,0.16415351901831846,1.0,-0.0,0,0
29,0.0,0.07920792079207921,0.1261123431927973,1.0,-0.0,0,0
30,0.0,0.0,0.0,1.0,-0.0,0,0
31,0.0,0.0,0.0,1.0,-0.0,0,0
32,0.0,0.0,0.0,1.0,-0.0,0,0
33,0.0,0.0,0.0,1.0,-0.0,0,0
34,0.0,0.0,0.0,1.0,-0.0,0,0
35,0.0,0.0,0.0,1.0,-0.0,0,0
36,0.0,0.0,0.0,1.0,-0.0,0,0
37,0.0,0.09504950495049505,0.12457948087149175,1.0,-0.0,0,0
38,0.0,0.09504950495049505,0.12457948087149175,1.0,-0.0,0,0
39,0.0,0.09504950495049505,0.12457948087149175,1.0,-0.0,0,0
40,0.0,0.09504950495049505,0.12457948087149175,1.0,-0.0,0,0
41,0.0,0.09504950495049505,0.12457948087149175,1.0,-0.0,0,0
42,0.0,0.0,0.0,1.0,-0.0,0,0
43,0.0,0.0,0.0,1.0,-0.0,0,0
44,0.0,0.0,0.0,1.0,-0.0,0,0
45,0.0,0.0,0.0,1.0,-0.0,0,0
46,0.0,0.0,0.0,1.0,-0.0,0,0
47,0.0,0.05544554455445545,0.10575073206193021,1.0,-0.0,0,0
48,0.0,0.08316831683168316,0.12353642740976016,1.0,-0.0,0,0
49,0.0,0.08316831683168316,0.12353642740976016,1.0,-0.0,0,0
50,0.0,0.08316831683168316,0.12353642740976016,1.0,-0.0,0,0
51,0.0,0.08316831683168316,0.12353642740976016,1.0,-0.0,0,0
52,0.0,0.027722772277227727,0.06910862719451544,1.0,-0.0,0,0
53,0.0,0.0,0.0,1.0,-0.0,0,0
54,0.0,0.0,0.0,1.0,-0.0,0,0
55,0.0,0.0,0.0,1.0,-0.0,0,0
56,0.0,0.05544554455445545,0.09797478714338997,1.0,-0.0,0,0
57,0.2,0.17227722772277224,0.17355845414780538,0.43654624751184556,0.35996974056033876,0,0
58,0.2,0.1881188118811881,0.1841690617597849,0.47428111708575416,0.3239641658999065,0,0
59,0.2,0.1881188118811881,0.1841690617597849,0.47428111708575416,0.3239641658999065,0,0
60,0.2,0.2653465346534653,0.21637684561818196,1.0,-0.0,0,0
61,0.2,0.28316831683168314,0.20346956224102195,1.0,-0.0,0,0
62,0.0,0.19801980198019797,0.17233412057057096,1.0,-0.0,0,0
63,0.0,0.18217821782178217,0.15694865125096522,1.0,-0.0,0,0
64,0.0,0.20198019801980197,0.165296132710568,1.0,-0.0,0,0
65,0.0,0.12475247524752472,0.12851469892742934,1.0,-0.0,0,0
66,0.2,0.33861386138613864,0.2316408525289467,1.0,-0.0,0,0
67,0.2,0.4693069306930693,0.26764191174452207,1.0,-0.0,0,0
68,0.2,0.4693069306930693,0.26764191174452207,1.0,-0.0,0,0
69,0.2,0.502970297029703,0.2751976591342686,1.0,-0.0,0,0
70,0.2,0.502970297029703,0.2751976591342686,1.0,-0.0,0,0
71,0.0,0.21386138613861383,0.17633771771004506,1.0,-0.0,0,0
72,0.0,0.0891089108910891,0.12097048989545554,1.0,-0.0,0,0
73,0.0,0.15247524752475247,0.16203780234042603,1.0,-0.0,0,0
74,0.0,0.16633663366336632,0.13807533294859659,1.0,-0.0,0,0
75,0.4,0.2099009900990099,0.1576466474257041,0.11393668761401067,0.9433364105759141,0,0
76,0.4,0.2099009900990099,0.1576466474257041,0.11393668761401067,0.9433364105759141,0,0
77,0.4,0.17425742574257425,0.15328318796327628,0.07041384090900168,1.152341965295592,0,0
78,0.6,0.17227722772277226,0.1490024997339573,0.002048633343401188,2.68853576301734,0,0
79,0.8,0.11881188118811879,0.11999411807954947,6.860047738389631e-09,8.163672862070646,0,0
80,2.6,0.41980198019801984,0.2571819104167005,2.152792826033618e-17,16.666997762484733,0,0
81,2.6,0.41980198019801984,0.2571819104167005,2.152792826033618e-17,16.666997762484733,0,0
82,2.6,0.41980198019801984,0.2571819104167005,2.152792826033618e-17,16.666997762484733,0,0
83,2.4,0.36039603960396044,0.23717779933873823,1.40041668440247e-17,16.853742723741934,0,0
84,2.2,0.3465346534653466,0.2301804528589369,4.16503396837082e-16,15.38038145230861,0,0
85,0.0,0.0,0.0,1.0,-0.0,0,0
86,0.0,0.0,0.0,1.0,-0.0,0,0
87,0.2,0.039603960396039604,0.07970143286137865,0.02208567245422131,1.6558893730090944,0,0
88,0.2,0.039603960396039604,0.07970143286137865,0.02208567245422131,1.6558893730090944,0,0
89,0.2,0.09702970297029702,0.12142344330103677,0.1982116077311204,0.7028709158146248,0,0
90,0.2,0.09702970297029702,0.12142344330103677,0.1982116077311204,0.7028709158146248,0,0
91,0.2,0.09702970297029702,0.12142344330103677,0.1982116077311204,0.7028709158146248,0,0
92,0.0,0.057425742574257435,0.09048443294095733,1.0,-0.0,0,0
93,0.0,0.08316831683168316,0.12670172889541698,1.0,-0.0,0,0
94,0.0,0.025742574257425745,0.0669763743575753,1.0,-0.0,0,0
95,0.0,0.025742574257425745,0.0669763743575753,1.0,-0.0,0,0
96,0.0,0.025742574257425745,0.0669763743575753,1.0,-0.0,0,0
97,0.0,0.025742574257425745,0.0669763743575753,1.0,-0.0,0,0
98,0.0,0.021782178217821784,0.06230547612891991,1.0,-0.0,0,0
99,0.0,0.021782178217821784,0.06230547612891991,1.0,-0.0,0,0
100,0.0,0.06336633663366337,0.10120342446875752,1.0,-0.0,0,0
101,0.0,0.06336633663366337,0.10120342446875752,1.0,-0.0,0,0
102,0.0,0.06336633663366337,0.10120342446875752,1.0,-0.0,0,0
103,0.0,0.04158415841584159,0.08116396646304633,1.0,-0.0,0,0
104,0.0,0.049504950495049514,0.08631483056516186,1.0,-0.0,0,0
105,0.0,0.10495049504950493,0.11464645406835745,1.0,-0.0,0,0
106,0.0,0.1643564356435643,0.13318947897663555,1.0,-0.0,0,0
107,0.0,0.2059405940594059,0.15012983303782074,1.0,-0.0,0,0
108,0.0,0.2059405940594059,0.15012983303782074,1.0,-0.0,0,0
109,0.0,0.19801980198019803,0.15023427119517355,1.0,-0.0,0,0
110,0.0,0.09900990099009899,0.1147490154015875,1.0,-0.0,0,0
111,0.0,0.041584158415841586,0.08590499787518362,1.0,-0.0,0,0
112,0.0,0.0,0.0,1.0,-0.0,0,0
113,0.0,0.0,0.0,1.0,-0.0,0,0
114,0.0,0.0,0.0,1.0,-0.0,0,0
115,0.0,0.0,0.0,1.0,-0.0,0,0
116,0.0,0.041584158415841586,0.08116396646304633,1.0,-0.0,0,0
117,0.0,0.041584158415841586,0.08116396646304633,1.0,-0.0,0,0
118,0.0,0.11683168316831682,0.13280619910579972,1.0,-0.0,0,0
119,0.0,0.11683168316831682,0.13280619910579972,1.0,-0.0,0,0
120,0.0,0.14059405940594058,0.14224384155301362,1.0,-0.0,0,0
121,0.0,0.22376237623762374,0.1808388127814792,1.0,-0.0,0,0
122,0.0,0.2851485148514851,0.19159886862450512,1.0,-0.0,0,0
123,0.0,0.2099009900990099,0.18535753542711383,1.0,-0.0,0,0
124,0.0,0.2099009900990099,0.18535753542711383,1.0,-0.0,0,0
125,0.0,0.1881188118811881,0.16607711957435053,1.0,-0.0,0,0
126,0.0,0.061386138613861385,0.10433219700847123,1.0,-0.0,0,0
127,0.0,0.0,0.0,1.0,-0.0,0,0
128,0.0,0.0,0.0,1.0,-0.0,0,0
129,0.0,0.0,0.0,1.0,-0.0,0,0
130,0.2,0.29900990099009894,0.22798951231087922,1.0,-0.0,0,0
131,0.2,0.29900990099009894,0.22798951231087922,1.0,-0.0,0,0
132,0.2,0.29900990099009894,0.22798951231087922,1.0,-0.0,0,0
133,0.2,0.29900990099009894,0.22798951231087922,1.0,-0.0,0,0
134,0.2,0.29900990099009894,0.22798951231087922,1.0,-0.0,0,0
135,0.0,0.009900990099009901,0.04338396495090424,1.0,-0.0,0,0
136,0.0,0.009900990099009901,0.04338396495090424,1.0,-0.0,0,0
137,0.0,0.009900990099009901,0.04338396495090424,1.0,-0.0,0,0
138,0.0,0.03564356435643565,0.07653920035678292,1.0,-0.0,0,0
139,0.0,0.03564356435643565,0.07653920035678292,1.0,-0.0,0,0
140,0.0,0.025742574257425748,0.06697637435757531,1.0,-0.0,0,0
141,0.0,0.025742574257425748,0.06697637435757531,1.0,-0.0,0,0
142,0.0,0.3287128712871287,0.22441855946942083,1.0,-0.0,0,0
143,0.0,0.300990099009901,0.21177937777901187,1.0,-0.0,0,0
144,0.0,0.3504950495049505,0.22586413263538807,1.0,-0.0,0,0
