,foreground,bg_means,bg_stdev,pvals,minus_logs,regs,active
2,0.0,0.0,0.0,1.0,-0.0,0,0
3,0.0,0.0,0.0,1.0,-0.0,0,0
4,0.0,0.0,0.0,1.0,-0.0,0,0
5,0.0,0.0,0.0,1.0,-0.0,0,0
6,0.0,0.0,0.0,1.0,-0.0,0,0
7,0.0,0.0,0.0,1.0,-0.0,0,0
8,0.0,0.0,0.0,1.0,-0.0,0,0
9,0.0,0.0019801980198019802,0.0198019801980198,1.0,-0.0,0,0
10,0.0,0.0019801980198019802,0.0198019801980198,1.0,-0.0,0,0
11,0.0,0.11089108910891088,0.1420507440353343,1.0,-0.0,0,0
12,0.0,0.12673267326732673,0.14818445096134422,1.0,-0.0,1,0
13,0.0,0.26732673267326734,0.19351307213556498,1.0,-0.0,1,0
14,0.0,0.2653465346534654,0.1931682914575398,1.0,-0.0,0,0
15,0.0,0.2653465346534654,0.1931682914575398,1.0,-0.0,0,0
16,0.0,0.15643564356435644,0.1505211024869694,1.0,-0.0,0,0
17,0.0,0.14059405940594058,0.15036471688371983,1.0,-0.0,0,0
18,0.0,0.0,0.0,1.0,-0.0,0,0
19,0.0,0.0,0.0,1.0,-0.0,0,0
20,0.2,0.023762376237623766,0.06471340450838889,0.0032311212459077425,2.490646745033819,0,0
21,0.2,0.023762376237623766,0.06471340450838889,0.0032311212459077425,2.490646745033819,0,0
22,0.2,0.04752475247524753,0.08512548617902843,0.03663203844700429,1.4361389136681444,0,0
23,0.2,0.14059405940594058,0.16300289605747864,0.35776206680006417,0.44640570919277556,0,0
24,0.4,0.23564356435643566,0.21321868958253956,0.2204023595360537,0.6567837604191511,0,0
25,0.2,0.22376237623762377,0.20926486833462027,1.0,-0.0,0,0
26,0.2,0.22376237623762377,0.20926486833462027,1.0,-0.0,0,0
27,0.2,0.19999999999999996,0.18455190581674866,0.4999999999999999,0.3010299956639813,0,0
28,0.2,0.10693069306930694,0.13368903310588715,0.24316349850456437,0.6141016168491316,0,0
29,0.0,0.11287128712871286,0.13024224675172555,1.0,-0.0,0,0
30,0.0,0.10099009900990098,0.12467387119760154,1.0,-0.0,0,0
31,0.2,0.16831683168316827,0.14821091010823154,0.4153628892103264,0.38157230830921,0,0
32,0.2,0.2752475247524752,0.21954315329164673,1.0,-0.0,0,0
33,0.2,0.2752475247524752,0.21954315329164673,1.0,-0.0,0,0
34,0.2,0.27128712871287125,0.23307527941404238,1.0,-0.0,0,0
35,0.2,0.27128712871287125,0.23307527941404238,1.0,-0.0,0,0
36,0.2,0.36831683168316826,0.27392659747787057,1.0,-0.0,0,0
37,0.2,0.2594059405940594,0.20975148795034237,1.0,-0.0,0,0
38,0.2,0.2594059405940594,0.20975148795034237,1.0,-0.0,0,0
39,0.2,0.17425742574257425,0.17499842451711448,0.4415258548359576,0.35504385995998367,0,0
40,0.4,0.1900990099009901,0.17883282225545563,0.12025210843026814,0.9199073002214622,0,0
41,0.2,0.06534653465346535,0.10571364605971598,0.10137482685028305,0.9940698745616096,0,0
42,0.2,0.17029702970297028,0.16976661583645788,0.430554136113715,0.3659722343675697,0,0
43,0.2,0.17029702970297028,0.16976661583645788,0.430554136113715,0.3659722343675697,0,0
44,0.2,0.1584158415841584,0.16244866773856384,0.39898183684069544,0.39904687458745375,0,0
45,0.0,0.14257425742574253,0.1550129567586608,1.0,-0.0,0,0
46,0.0,0.10297029702970298,0.13084299831035082,1.0,-0.0,0,0
47,0.0,0.021782178217821784,0.06230547612891991,1.0,-0.0,0,0
48,0.0,0.08118811881188118,0.12325042629382527,1.0,-0.0,0,0
49,0.0,0.10891089108910891,0.13650445892763632,1.0,-0.0,0,0
50,0.0,0.16237623762376235,0.15849008161397019,1.0,-0.0,0,0
51,0.0,0.17425742574257425,0.17499842451711448,1.0,-0.0,0,0
52,0.0,0.17029702970297025,0.172083651345746,1.0,-0.0,0,0
53,0.0,0.1089108910891089,0.12750384183766533,1.0,-0.0,0,0
54,0.0,0.08118811881188118,0.11320083903331847,1.0,-0.0,0,0
55,0.0,0.02970297029702971,0.07112192077650681,1.0,-0.0,0,0
56,0.0,0.017821782178217824,0.056980176514606566,1.0,-0.0,0,0
57,0.0,0.0,0.0,1.0,-0.0,0,0
58,0.0,0.0,0.0,1.0,-0.0,0,0
59,0.0,0.0,0.0,1.0,-0.0,0,0
60,0.0,0.0,0.0,1.0,-0.0,0,0
61,0.0,0.0,0.0,1.0,-0.0,0,0
62,0.0,0.0,0.0,1.0,-0.0,0,0
63,0.0,0.0,0.0,1.0,-0.0,0,0
64,0.0,0.05544554455445545,0.10575073206193022,1.0,-0.0,0,0
65,0.0,0.16633663366336635,0.17591471140208167,1.0,-0.0,0,0
66,0.4,0.26732673267326734,0.2092461295955333,0.26302291261021515,0.5800064173400941,0,0
67,0.4,0.3603960396039604,0.23040180482687977,0.4317616729426762,0.36475591218305653,0,0
68,0.4,0.3603960396039604,0.23040180482687977,0.4317616729426762,0.36475591218305653,1,0
69,0.4,0.30297029702970296,0.20607383351679517,0.3188742078536861,0.49638060725381267,0,0
70,0.4,0.194059405940594,0.16033491073265077,0.09949399908851693,1.0022031126345394,0,0
71,0.0,0.09108910891089109,0.11781762202489916,1.0,-0.0,0,0
72,0.0,0.023762376237623766,0.06471340450838889,1.0,-0.0,0,0
73,0.0,0.023762376237623766,0.06471340450838889,1.0,-0.0,0,0
74,0.0,0.023762376237623766,0.06471340450838889,1.0,-0.0,0,0
75,0.0,0.023762376237623766,0.06471340450838889,1.0,-0.0,0,0
76,0.0,0.023762376237623766,0.06471340450838889,1.0,-0.0,0,0
77,0.0,0.0,0.0,1.0,-0.0,0,0
78,0.0,0.0,0.0,1.0,-0.0,0,0
79,0.0,0.08910891089108909,0.11765109526742927,1.0,-0.0,0,0
80,0.0,0.1841584158415841,0.17504323271769956,1.0,-0.0,0,0
81,0.0,0.1841584158415841,0.17504323271769956,1.0,-0.0,0,0
82,0.0,0.1841584158415841,0.17504323271769956,1.0,-0.0,0,0
83,0.0,0.1841584158415841,0.17504323271769956,1.0,-0.0,0,0
84,0.0,0.11089108910891086,0.13923481846532232,1.0,-0.0,0,0
85,0.0,0.017821782178217824,0.05698017651460656,1.0,-0.0,0,0
86,0.0,0.1584158415841584,0.15496235680407014,1.0,-0.0,0,0
87,0.0,0.1584158415841584,0.15496235680407014,1.0,-0.0,0,0
88,0.0,0.1584158415841584,0.15496235680407014,1.0,-0.0,0,0
89,0.0,0.14059405940594058,0.14224384155301362,1.0,-0.0,0,0
90,0.0,0.14059405940594058,0.14224384155301362,1.0,-0.0,0,0
91,0.0,0.0,0.0,1.0,-0.0,0,0
92,0.0,0.0,0.0,1.0,-0.0,0,0
93,0.2,0.11287128712871287,0.13618810981425267,0.26116191493532087,0.5830901556488499,0,0
94,0.2,0.11287128712871287,0.13618810981425267,0.26116191493532087,0.5830901556488499,0,0
95,0.2,0.11287128712871287,0.13618810981425267,0.26116191493532087,0.5830901556488499,0,0
96,0.2,0.11287128712871287,0.13618810981425267,0.26116191493532087,0.5830901556488499,0,0
97,0.2,0.11287128712871287,0.13618810981425267,0.26116191493532087,0.5830901556488499,0,0
98,0.0,0.0,0.0,1.0,-0.0,0,0
99,0.0,0.0,0.0,1.0,-0.0,0,0
100,0.0,0.0,0.0,1.0,-0.0,0,0
101,0.0,0.0712871287128713,0.10747934055534188,1.0,-0.0,0,0
102,0.4,0.40000000000000013,0.25329511610290506,1.0,-0.0,0,0
103,0.4,0.40000000000000013,0.25329511610290506,1.0,-0.0,0,0
104,0.4,0.7376237623762376,0.3443609334762821,1.0,-0.0,0,0
105,0.4,1.112871287128713,0.38426047434763316,1.0,-0.0,0,0
106,0.4,1.0415841584158416,0.380012330892344,1.0,-0.0,0,0
107,0.0,0.7148514851485147,0.32131725743186734,1.0,-0.0,0,0
108,0.0,0.7485148514851485,0.3302006175028075,1.0,-0.0,0,0
109,0.0,0.4099009900990098,0.2507434294747567,1.0,-0.0,0,0
110,0.0,0.033663366336633666,0.08475617647141663,1.0,-0.0,0,0
111,0.0,0.033663366336633666,0.08475617647141663,1.0,-0.0,0,0
112,0.0,0.033663366336633666,0.08475617647141663,1.0,-0.0,0,0
113,0.0,0.0,0.0,1.0,-0.0,0,0
114,0.0,0.3801980198019803,0.22603767406140224,1.0,-0.0,0,0
115,0.0,0.3801980198019803,0.22603767406140224,1.0,-0.0,0,0
116,0.2,0.4336633663366337,0.2355853160390567,1.0,-0.0,0,0
117,0.2,0.4336633663366337,0.2355853160390567,1.0,-0.0,0,0
118,0.2,0.4336633663366337,0.2355853160390567,1.0,-0.0,0,0
119,0.2,0.13663366336633662,0.1487391046195162,0.335045403516397,0.4748963357676366,0,0
120,0.2,0.16831683168316827,0.16823527435849067,0.42531033805401186,0.37129406072532767,0,0
121,0.0,0.12475247524752475,0.16131019290626772,1.0,-0.0,0,0
122,0.0,0.23168316831683167,0.22291084799160849,1.0,-0.0,0,0
123,0.0,0.23168316831683167,0.22291084799160849,1.0,-0.0,0,0
124,0.0,0.2376237623762376,0.20817523328239884,1.0,-0.0,0,0
125,0.0,0.2059405940594059,0.19590954781832298,1.0,-0.0,0,0
126,0.0,0.19405940594059404,0.18974802582007907,1.0,-0.0,0,0
127,0.0,0.08712871287128714,0.13618810981425267,1.0,-0.0,0,0
128,0.0,0.21386138613861383,0.19752413211148517,1.0,-0.0,0,0
129,0.0,0.28118811881188116,0.1933103344453985,1.0,-0.0,0,0
130,0.0,0.6475247524752474,0.29537492851834257,1.0,-0.0,0,0
131,0.0,1.1702970297029702,0.3779948541887277,1.0,-0.0,0,0
132,1.0,1.6534653465346538,0.46150085685548325,1.0,-0.0,0,0
133,1.0,1.526732673267327,0.43118328764728237,1.0,-0.0,0,0
134,1.0,1.3722772277227726,0.39903815343556426,1.0,-0.0,0,0
135,1.0,1.005940594059406,0.384301290161052,1.0,-0.0,0,0
136,1.0,0.48316831683168315,0.28738124777103025,0.036055375737423824,1.443029974244243,0,0
137,0.0,0.019801980198019802,0.059735061897023205,1.0,-0.0,0,0
138,0.0,0.019801980198019802,0.059735061897023205,1.0,-0.0,0,0
139,0.0,0.019801980198019802,0.059735061897023205,1.0,-0.0,0,0
140,0.4,0.3603960396039604,0.24699348927996362,0.43630499215964624,0.3602098178291696,0,0
141,0.4,0.3603960396039604,0.24699348927996362,0.43630499215964624,0.3602098178291696,0,0
142,0.4,0.3405940594059407,0.23805241864790053,0.40146775050987904,0.39634933541175954,0,0
143,0.4,0.3405940594059407,0.23805241864790053,0.40146775050987904,0.39634933541175954,0,0
144,0.4,0.3524752475247524,0.24070608156867712,0.4217420316197557,0.37495311420715266,0,0
145,0.0,0.011881188118811883,0.04727657974777554,1.0,-0.0,0,0
146,0.0,0.011881188118811883,0.04727657974777554,1.0,-0.0,0,0
147,0.0,0.011881188118811883,0.04727657974777554,1.0,-0.0,0,0
148,0.2,0.05148514851485149,0.096075322540263,0.0610744044260142,1.2141407594058027,0,0
149,0.2,0.05544554455445545,0.09384550979067553,0.0617381483506657,1.2094464000101817,0,0
150,0.2,0.05544554455445545,0.09384550979067553,0.0617381483506657,1.2094464000101817,0,0
151,0.8,0.2039603960396039,0.1866435115714563,0.0007028808146455558,3.1531183107270238,0,0
152,0.8,0.2039603960396039,0.1866435115714563,0.0007028808146455558,3.1531183107270238,0,0
153,0.6,0.2336633663366336,0.2163043454165762,0.04516907920400239,1.3451587626751953,0,0
154,0.6,0.33861386138613864,0.24331469132747158,0.1413504150759844,0.8497029118653359,0,0
155,0.8,0.4752475247524752,0.29363071729203927,0.13436554308230686,0.871712088185522,0,0
156,0.2,0.3287128712871287,0.2208608870273059,1.0,-0.0,0,0
157,0.2,0.3287128712871287,0.2208608870273059,1.0,-0.0,0,0
158,1.2,0.6118811881188119,0.32920159303082647,0.03700912784467046,1.4316911493472013,0,0
159,1.2,0.4910891089108911,0.29318969964921016,0.007804633221381516,2.107647501784516,0,0
160,1.0,0.35445544554455455,0.25621956567889714,0.005876123793753522,2.230909063396123,0,0
161,2.0,0.4633663366336635,0.27708624395583054,1.464008556739507e-08,7.834456384934805,0,0
162,2.8,0.7900990099009902,0.3586291143816798,1.0448883063559366e-08,7.980930131108739,0,0
163,1.8,0.4356435643564357,0.2705272294326822,2.2875693978649665e-07,6.640625721894239,0,0
164,1.8,0.4554455445544555,0.2857940986734762,1.271656414414125e-06,5.895630213750903,0,0
165,1.8,0.4633663366336634,0.2841428912169967,1.2750052826154418e-06,5.894488015852784,0,0
166,0.8,0.3544554455445545,0.25929254569409493,0.04287019072364256,1.3678445843680405,0,0
167,0.0,0.02772277227722772,0.06910862719451544,1.0,-0.0,0,0
168,0.2,0.09504950495049505,0.1277189346265117,0.20561525732768132,0.6869446624035489,0,0
169,0.2,0.07524752475247524,0.11891084986932618,0.14706004433802256,0.8325053074261877,0,0
170,0.2,0.06732673267326733,0.11000352009767249,0.11389293410569641,0.9435032186258504,0,0
