,foreground,bg_means,bg_stdev,pvals,minus_logs,regs,active
2,0.0,0.05148514851485149,0.08744317689433512,1.0,-0.0,0,0
3,0.0,0.05148514851485149,0.08744317689433512,1.0,-0.0,0,0
4,1.6,0.7920792079207921,0.42952498937591804,0.029988447659963093,1.523046014739336,0,0
5,1.6,0.7920792079207921,0.42952498937591804,0.029988447659963093,1.523046014739336,0,0
6,1.6,0.7920792079207921,0.42952498937591804,0.029988447659963093,1.523046014739336,0,0
7,1.8,1.077227722772277,0.43688392280298566,0.0490251049571161,1.3095814678846034,0,0
8,2.0,1.1188118811881187,0.44957909276446184,0.02499619271402956,1.6021261356962202,0,0
9,0.4,0.3782178217821782,0.2419409797909111,0.4641313068494058,0.3333591363140521,0,0
10,0.4,0.38811881188118813,0.24344358271054267,0.4805374730413292,0.3182727397321596,0,0
11,0.4,0.38811881188118813,0.24344358271054267,0.4805374730413292,0.3182727397321596,0,0
12,0.2,0.04950495049504951,0.09912864166957489,0.06448460512601864,1.190543955238279,0,0
13,1.6,0.683168316831683,0.3212196148686671,0.00215712723056728,2.6661242388085626,0,0
14,1.6,0.683168316831683,0.3212196148686671,0.00215712723056728,2.6661242388085626,0,0
15,1.8,0.7762376237623761,0.35184056775634326,0.0018086838345492161,2.742637342985973,1,0
16,1.8,0.788118811881188,0.35579700762683786,0.002227660500285771,2.6521509957636646,0,0
17,2.0,1.2831683168316832,0.47367727387774894,0.06509748465969915,1.1864357920695563,0,0
18,0.4,0.60990099009901,0.3274579409150534,1.0,-0.0,0,0
19,0.4,0.6217821782178218,0.3280919819094566,1.0,-0.0,0,0
20,0.2,0.6534653465346535,0.36139563258924823,1.0,-0.0,0,0
21,0.2,0.6415841584158416,0.35523449979985633,1.0,-0.0,0,0
22,0.0,0.1455445544554455,0.17773311423617327,1.0,-0.0,0,0
23,0.0,0.1455445544554455,0.17773311423617327,1.0,-0.0,0,0
24,0.0,0.13267326732673265,0.1671596799240022,1.0,-0.0,0,0
25,0.2,0.023762376237623766,0.06471340450838889,0.0032311212459077425,2.490646745033819,0,0
26,0.2,0.023762376237623766,0.06471340450838889,0.0032311212459077425,2.490646745033819,0,0
27,0.2,0.023762376237623766,0.06471340450838889,0.0032311212459077425,2.490646745033819,0,0
28,0.2,0.023762376237623766,0.06471340450838889,0.0032311212459077425,2.490646745033819,0,0
29,0.2,0.14653465346534653,0.1638426898490107,0.3720906672509391,0.42935122278214305,0,0
30,0.0,0.13366336633663367,0.15432845757147498,1.0,-0.0,0,0
31,0.0,0.13366336633663367,0.15432845757147498,1.0,-0.0,0,0
32,0.0,0.13366336633663367,0.15432845757147498,1.0,-0.0,0,0
33,0.0,0.13366336633663367,0.15432845757147498,1.0,-0.0,0,0
34,0.0,0.011881188118811881,0.047276579747775535,1.0,-0.0,0,0
35,0.0,0.0,0.0,1.0,-0.0,0,0
36,0.0,0.06336633663366337,0.10504385908811757,1.0,-0.0,0,0
37,0.0,0.06336633663366337,0.10504385908811757,1.0,-0.0,0,0
38,0.0,0.06336633663366337,0.10504385908811757,1.0,-0.0,0,0
39,0.0,0.06336633663366337,0.10504385908811757,1.0,-0.0,0,0
40,0.0,0.06336633663366337,0.10504385908811757,1.0,-0.0,0,0
41,0.2,0.06534653465346535,0.10939585993610405,0.10918337986089162,0.9618434658808062,0,0
42,0.2,0.10099009900990098,0.1396566153069739,0.2391769893682686,0.621280605081162,0,0
43,1.2,0.7544554455445545,0.421107627755084,0.14502085511283774,0.8385695383916328,0,0
44,1.2,0.7544554455445545,0.421107627755084,0.14502085511283774,0.8385695383916328,0,0
45,1.4,0.8138613861386137,0.42520343482175355,0.0840260516462178,1.0755860433179771,0,0
46,1.2,0.7485148514851485,0.37827483889340224,0.11632949689348483,0.9343101501570156,0,0
47,1.2,0.7108910891089107,0.3749325985893364,0.09602733758788108,1.0176051120288512,0,0
48,0.2,0.07722772277227724,0.11593886073904516,0.14481359215141582,0.8391906735026712,0,0
49,1.6,0.7168316831683166,0.33568883131767185,0.004257783900898405,2.3708163844733114,0,0
50,1.4,0.6574257425742573,0.3100132653352991,0.00830342347110471,2.080742812676021,0,0
51,1.6,0.7584158415841583,0.3404328423420452,0.006716089749350123,2.1728835088730185,0,0
52,1.6,0.7584158415841583,0.3404328423420452,0.006716089749350123,2.1728835088730185,0,0
53,1.6,0.7663366336633664,0.3401447646741052,0.007124827667004034,2.1472256357649724,0,0
54,0.2,0.1267326732673267,0.1454872925680942,0.30727142456894063,0.5124778261056944,0,0
55,0.4,0.1861386138613861,0.17633771771004506,0.11260422978441716,0.9484452956522549,0,0
56,0.6,0.36831683168316837,0.24653266530670753,0.17366864350455363,0.7602785878986428,0,0
57,0.6,0.4316831683168316,0.26058984618460523,0.2591697608050481,0.5864156720978142,0,0
58,1.0,0.5049504950495048,0.29863592113281356,0.04868876722910933,1.3125712213952236,0,0
59,1.2,0.598019801980198,0.32639045985008336,0.032565638720674174,1.4872403994446368,0,0
60,2.4,0.8594059405940593,0.3792066282324221,2.4256564812954493e-05,4.615170703404011,0,0
61,2.0,0.6336633663366337,0.2952687071974508,1.8511153829397268e-06,5.73256651014376,0,0
62,2.0,0.5702970297029704,0.2833828723960129,2.2660848557476313e-07,6.644723831589586,1,0
63,1.6,0.4693069306930694,0.26615806152424115,1.0774677775098534e-05,4.967595708878519,0,0
64,1.4,0.3782178217821782,0.2593227891823523,4.0707818487389154e-05,4.390322170631519,0,0
65,0.0,0.05544554455445545,0.1019369320889802,1.0,-0.0,0,0
66,0.2,0.0019801980198019802,0.0198019801980198,1.0000007619853025e-17,16.999999669074114,0,0
67,0.2,0.047524752475247525,0.10205226714237722,0.0675760797755082,1.1702070061279664,0,0
68,0.2,0.047524752475247525,0.10205226714237722,0.0675760797755082,1.1702070061279664,0,0
69,0.2,0.23168316831683167,0.21568710976934813,1.0,-0.0,0,0
70,0.2,0.23168316831683167,0.21568710976934813,1.0,-0.0,0,0
71,0.0,0.22970297029702968,0.2168836684371179,1.0,-0.0,0,0
72,0.0,0.22772277227722773,0.20877711450451014,1.0,-0.0,0,0
73,0.0,0.22772277227722773,0.20877711450451014,1.0,-0.0,0,0
74,1.8,0.8653465346534654,0.3931179359898277,0.008714285437044712,2.05976821882037,0,0
75,1.8,0.8653465346534654,0.3931179359898277,0.008714285437044712,2.05976821882037,0,0
76,1.8,0.8970297029702969,0.39961750165950566,0.01192346427656983,1.9235975451315435,0,0
77,1.8,0.8792079207920793,0.3818446191903033,0.00794502184518195,2.099904904343457,0,0
78,1.8,0.8792079207920793,0.3818446191903033,0.00794502184518195,2.099904904343457,0,0
79,0.0,0.057425742574257435,0.10277971700879983,1.0,-0.0,0,0
80,0.2,0.12475247524752475,0.14583724862987696,0.3029379695149365,0.5186462898319876,0,0
81,0.2,0.15643564356435644,0.160701335170483,0.3931613095241796,0.4054292270731349,0,0
82,0.2,0.12871287128712872,0.15816812315022463,0.32610116939510964,0.48664764381614456,0,0
83,0.2,0.16237623762376235,0.16581719933036293,0.4102511265466175,0.3869502177037349,0,0
84,0.2,0.16237623762376235,0.16581719933036293,0.4102511265466175,0.3869502177037349,0,0
85,0.0,0.19999999999999998,0.16410573746614388,1.0,-0.0,0,0
86,0.2,0.1584158415841584,0.15238521194115637,0.39246949743956416,0.40619409078738367,0,0
87,0.2,0.1584158415841584,0.15238521194115637,0.39246949743956416,0.40619409078738367,0,0
88,0.2,0.12475247524752475,0.1511709677939985,0.309325058474165,0.5095848963038501,0,0
89,0.4,0.1900990099009901,0.18535753542711383,0.12873075272089407,0.8903176913118314,0,0
90,0.4,0.08316831683168316,0.12353642740976017,0.005163516382656358,2.2870544407238302,0,0
91,0.2,0.19009900990099005,0.17206086333646303,0.4770561143042604,0.321430533539851,0,0
92,0.4,0.27128712871287125,0.20793022137977643,0.26795174118746945,0.5719434165055979,0,0
93,0.4,0.27128712871287125,0.20793022137977643,0.26795174118746945,0.5719434165055979,0,0
94,0.2,0.20792079207920788,0.18003474269593195,1.0,-0.0,0,0
95,0.4,0.5485148514851486,0.3154797890581675,1.0,-0.0,0,0
96,0.6,0.48514851485148514,0.2874903833480284,0.3447635944495563,0.4624786000526944,0,0
97,1.4,0.8712871287128712,0.4273650869655852,0.10801650172766826,0.9665098920888159,0,0
98,1.4,0.8851485148514849,0.4215450455978475,0.11097791238711625,0.9547634489873704,0,0
99,1.4,0.8851485148514849,0.4215450455978475,0.11097791238711625,0.9547634489873704,0,0
100,1.2,0.5465346534653465,0.33993719758815427,0.027283256886530292,1.564103787849084,0,0
101,1.0,0.495049504950495,0.3228512325225646,0.05890472272955137,1.2298498839368535,0,0
102,0.2,0.05544554455445545,0.09384550979067555,0.06173814835066573,1.2094464000101814,0,0
103,0.2,0.041584158415841586,0.08116396646304633,0.025480968483881664,1.5937840693032386,0,0
104,0.2,0.041584158415841586,0.08116396646304633,0.025480968483881664,1.5937840693032386,0,0
105,0.2,0.07920792079207921,0.10560230990870005,0.12634513038319217,0.8984414920777706,0,0
106,0.2,0.06534653465346535,0.0938037170877387,0.07557502157304526,1.121621720179875,0,0
107,0.0,0.12673267326732668,0.1427391785420998,1.0,-0.0,0,0
108,0.0,0.12673267326732668,0.1427391785420998,1.0,-0.0,0,0
109,0.0,0.1346534653465346,0.14921288105967925,1.0,-0.0,0,0
110,0.0,0.09504950495049502,0.12771893462651168,1.0,-0.0,0,0
111,0.0,0.09504950495049502,0.12771893462651168,1.0,-0.0,0,0
112,0.0,0.04356435643564357,0.0916470215081674,1.0,-0.0,0,0
113,0.0,0.4178217821782179,0.2758949576276242,1.0,-0.0,0,0
114,0.0,0.40990099009901004,0.2748554797552615,1.0,-0.0,0,0
115,0.0,0.40990099009901004,0.2748554797552615,1.0,-0.0,0,0
116,0.2,0.510891089108911,0.29447082596810603,1.0,-0.0,0,0
117,0.2,0.5980198019801981,0.3464045017256594,1.0,-0.0,0,0
118,0.2,0.22376237623762374,0.1975836781507552,1.0,-0.0,0,0
119,0.4,0.3742574257425743,0.2635077413883528,0.46108847030655364,0.33621573734434385,0,0
120,0.4,0.8376237623762376,0.37093712876275325,1.0,-0.0,0,0
121,0.2,0.7366336633663365,0.3411462252254737,1.0,-0.0,0,0
122,0.2,0.613861386138614,0.3212074074612533,1.0,-0.0,0,0
123,0.2,0.803960396039604,0.39298824512670083,1.0,-0.0,0,0
124,0.0,0.6534653465346534,0.3479969148707117,1.0,-0.0,0,0
125,0.0,0.1900990099009901,0.19371559764587087,1.0,-0.0,0,0
126,0.0,0.1900990099009901,0.19371559764587087,1.0,-0.0,0,0
127,0.0,0.2158415841584158,0.2062069868822941,1.0,-0.0,0,0
128,0.0,0.025742574257425748,0.06697637435757531,1.0,-0.0,0,0
129,0.0,0.05346534653465347,0.09704990696905227,1.0,-0.0,0,0
130,0.0,0.05346534653465347,0.09704990696905227,1.0,-0.0,0,0
131,0.0,0.05346534653465347,0.09704990696905227,1.0,-0.0,0,0
132,0.0,0.05148514851485149,0.096075322540263,1.0,-0.0,0,0
133,0.0,0.05148514851485149,0.096075322540263,1.0,-0.0,0,0
134,0.0,0.04554455445544555,0.08846854615322249,1.0,-0.0,0,0
135,0.0,0.05544554455445545,0.1019369320889802,1.0,-0.0,0,0
136,0.0,0.05544554455445545,0.1019369320889802,1.0,-0.0,0,0
137,0.0,0.10891089108910891,0.1503125521928582,1.0,-0.0,0,0
138,0.0,0.10891089108910891,0.1503125521928582,1.0,-0.0,0,0
139,0.0,0.17425742574257427,0.1859700100098835,1.0,-0.0,0,0
140,0.0,0.1801980198019802,0.1919260387558563,1.0,-0.0,0,0
141,0.0,0.22970297029702968,0.20945216351964124,1.0,-0.0,0,0
142,0.0,0.19207920792079203,0.1639144719728703,1.0,-0.0,0,0
143,0.0,0.19207920792079203,0.1639144719728703,1.0,-0.0,0,0
144,0.0,0.4118811881188119,0.25301631016689335,1.0,-0.0,0,0
145,0.0,0.4217821782178218,0.24680290785553644,1.0,-0.0,0,0
146,0.0,0.3722772277227723,0.2252034555954159,1.0,-0.0,0,0
147,0.2,0.44554455445544555,0.26081545863013006,1.0,-0.0,0,0
148,0.2,0.44554455445544555,0.26081545863013006,1.0,-0.0,0,0
149,0.2,0.15247524752475247,0.17382935720677029,0.3922733048188036,0.4064112456924467,0,0
150,0.2,0.12475247524752475,0.16131019290626772,0.32043698717949287,0.4942573602505781,0,0
151,0.2,0.13663366336633664,0.16870078513860487,0.353602028912162,0.4514852517392013,0,0
152,0.0,0.033663366336633666,0.08475617647141663,1.0,-0.0,0,0
153,0.0,0.033663366336633666,0.08475617647141663,1.0,-0.0,0,0
154,0.0,0.021782178217821784,0.06836703565002801,1.0,-0.0,0,0
155,0.0,0.09900990099009901,0.1308729634998678,1.0,-0.0,0,0
156,0.0,0.09702970297029703,0.12464241569787102,1.0,-0.0,0,0
157,0.0,0.08712871287128714,0.11745095149573798,1.0,-0.0,0,0
158,0.0,0.08712871287128714,0.11745095149573798,1.0,-0.0,0,0
159,0.0,0.08712871287128714,0.11745095149573798,1.0,-0.0,0,0
160,0.0,0.019801980198019802,0.059735061897023205,1.0,-0.0,0,0
161,0.0,0.009900990099009901,0.04338396495090425,1.0,-0.0,0,0
162,0.0,0.009900990099009901,0.04338396495090425,1.0,-0.0,0,0
163,0.0,0.009900990099009901,0.04338396495090425,1.0,-0.0,0,0
164,0.0,0.009900990099009901,0.04338396495090425,1.0,-0.0,0,0
165,0.0,0.0,0.0,1.0,-0.0,0,0
166,0.0,0.0,0.0,1.0,-0.0,0,0
167,0.0,0.0,0.0,1.0,-0.0,0,0
168,0.0,0.01386138613861386,0.05079507064705211,1.0,-0.0,0,0
169,0.0,0.01386138613861386,0.05079507064705211,1.0,-0.0,0,0
170,0.0,0.021782178217821784,0.06230547612891991,1.0,-0.0,0,0
171,0.0,0.03762376237623763,0.08307396817189318,1.0,-0.0,0,0
172,0.0,0.03762376237623763,0.08307396817189318,1.0,-0.0,0,0
173,0.0,0.033663366336633666,0.07994704648786674,1.0,-0.0,0,0
174,0.0,0.033663366336633666,0.07994704648786674,1.0,-0.0,0,0
175,0.0,0.025742574257425748,0.06697637435757531,1.0,-0.0,0,0
176,0.0,0.009900990099009901,0.04338396495090424,1.0,-0.0,0,0
177,0.0,0.2871287128712871,0.23616715272674177,1.0,-0.0,0,0
178,0.0,0.2772277227722772,0.23373048205432875,1.0,-0.0,0,0
179,0.0,0.2772277227722772,0.23373048205432875,1.0,-0.0,0,0
180,0.0,0.29900990099009894,0.24474478503731287,1.0,-0.0,0,0
181,0.0,0.31683168316831684,0.2537127505433183,1.0,-0.0,0,0
182,0.0,0.039603960396039604,0.07970143286137867,1.0,-0.0,0,0
183,0.0,0.0712871287128713,0.10372911567294095,1.0,-0.0,0,0
184,0.2,0.08118811881188118,0.10964648079134362,0.13927321001496756,0.8561324145279547,0,0
185,0.2,0.0594059405940594,0.09562531855564069,0.07074570539322597,1.1502999187808283,0,0
186,0.2,0.1297029702970297,0.14728201173692715,0.3165758858037518,0.49952216926272625,0,0
187,0.2,0.1297029702970297,0.14728201173692715,0.3165758858037518,0.49952216926272625,0,0
188,0.2,0.4455445544554456,0.25153971498139277,1.0,-0.0,0,0
189,0.0,0.46534653465346537,0.26863632288493655,1.0,-0.0,0,0
190,0.0,0.47920792079207924,0.27298019065807044,1.0,-0.0,0,0
191,0.0,0.44752475247524753,0.26273280460391263,1.0,-0.0,0,0
192,0.0,0.895049504950495,0.3803011411306828,1.0,-0.0,0,0
193,0.0,0.5485148514851484,0.31295900512422437,1.0,-0.0,0,0
194,0.0,0.5168316831683168,0.29820230588276914,1.0,-0.0,0,0
195,0.0,0.502970297029703,0.2892309521337386,1.0,-0.0,0,0
196,0.0,0.44752475247524764,0.26273280460391263,1.0,-0.0,0,0
197,0.0,0.0,0.0,1.0,-0.0,0,0
198,0.0,0.0,0.0,1.0,-0.0,0,0
199,0.0,0.0,0.0,1.0,-0.0,0,0
200,0.0,0.0,0.0,1.0,-0.0,0,0
201,0.0,0.0,0.0,1.0,-0.0,0,0
202,0.0,0.15247524752475247,0.15957496727054085,1.0,-0.0,0,0
203,0.0,0.2950495049504951,0.207949078698219,1.0,-0.0,0,0
204,0.0,0.2950495049504951,0.207949078698219,1.0,-0.0,0,0
205,0.0,0.33861386138613864,0.21386138613861388,1.0,-0.0,0,0
206,0.0,0.36237623762376237,0.2246455889250183,1.0,-0.0,0,0
207,0.0,0.2633663366336634,0.23366336633663362,1.0,-0.0,0,0
208,0.0,0.1188118811881188,0.15460769343321296,1.0,-0.0,0,0
209,0.0,0.1188118811881188,0.15460769343321296,1.0,-0.0,0,0
210,0.0,0.07722772277227723,0.11930590361498669,1.0,-0.0,0,0
211,0.0,0.06930693069306931,0.11751770396006174,1.0,-0.0,0,0
212,0.0,0.015841584158415842,0.05401260078014202,1.0,-0.0,0,0
213,0.0,0.06930693069306931,0.10693069306930696,1.0,-0.0,0,0
214,0.0,0.16831683168316827,0.17057311261273692,1.0,-0.0,0,0
215,0.0,0.16831683168316827,0.17057311261273692,1.0,-0.0,0,0
216,0.0,0.15247524752475247,0.16921136785416444,1.0,-0.0,0,0
217,0.0,0.15247524752475247,0.16921136785416444,1.0,-0.0,0,0
218,0.0,0.09702970297029703,0.12778032320714203,1.0,-0.0,0,0
219,0.0,0.4910891089108911,0.2904755438320969,1.0,-0.0,0,0
220,0.0,0.500990099009901,0.2906105043671083,1.0,-0.0,0,0
221,0.0,0.500990099009901,0.2906105043671083,1.0,-0.0,0,0
222,0.0,0.500990099009901,0.2906105043671083,1.0,-0.0,0,0
223,0.0,0.500990099009901,0.2906105043671083,1.0,-0.0,0,0
224,0.0,0.019801980198019802,0.0597350618970232,1.0,-0.0,0,0
225,0.0,0.009900990099009901,0.04338396495090424,1.0,-0.0,0,0
226,0.0,0.009900990099009901,0.04338396495090424,1.0,-0.0,0,0
227,0.0,0.009900990099009901,0.04338396495090424,1.0,-0.0,0,0
228,0.0,0.009900990099009901,0.04338396495090424,1.0,-0.0,0,0
229,0.0,0.02970297029702971,0.07112192077650682,1.0,-0.0,0,0
230,0.0,0.02970297029702971,0.07112192077650682,1.0,-0.0,0,0
231,0.0,0.02970297029702971,0.07112192077650682,1.0,-0.0,0,0
232,0.0,0.02970297029702971,0.07112192077650682,1.0,-0.0,0,0
233,0.0,0.02970297029702971,0.07112192077650682,1.0,-0.0,0,0
234,0.0,0.43762376237623773,0.31176644125177266,1.0,-0.0,0,0
235,0.0,0.43762376237623773,0.31176644125177266,1.0,-0.0,0,0
236,0.0,0.43762376237623773,0.31176644125177266,1.0,-0.0,0,0
237,0.0,0.5247524752475248,0.34566794018264224,1.0,-0.0,0,0
238,0.0,0.5485148514851484,0.34544098989871724,1.0,-0.0,0,0
239,0.0,0.1089108910891089,0.15801930568918815,1.0,-0.0,0,0
240,0.0,0.14455445544554454,0.1760261274062858,1.0,-0.0,0,0
241,0.0,0.14455445544554454,0.1760261274062858,1.0,-0.0,0,0
242,0.0,0.05940594059405942,0.0956253185556407,1.0,-0.0,0,0
243,0.0,0.03564356435643565,0.07653920035678292,1.0,-0.0,0,0
244,0.0,0.049504950495049514,0.10304643034659555,1.0,-0.0,0,0
245,0.0,0.013861386138613863,0.05079507064705211,1.0,-0.0,0,0
246,0.0,0.05148514851485149,0.10399339410297728,1.0,-0.0,0,0
247,0.0,0.05148514851485149,0.10399339410297728,1.0,-0.0,0,0
248,0.0,0.1069306930693069,0.13661931335176508,1.0,-0.0,0,0
249,0.0,0.19801980198019795,0.20584537021649224,1.0,-0.0,0,0
250,0.0,0.19801980198019795,0.20584537021649224,1.0,-0.0,0,0
251,0.0,0.1603960396039604,0.18672752846140647,1.0,-0.0,0,0
252,0.0,0.1603960396039604,0.18672752846140647,1.0,-0.0,0,0
253,0.0,0.11683168316831682,0.1442421691205886,1.0,-0.0,0,0
254,0.0,0.013861386138613863,0.05079507064705211,1.0,-0.0,0,0
255,0.0,0.013861386138613863,0.05079507064705211,1.0,-0.0,0,0
256,0.0,0.013861386138613863,0.05079507064705211,1.0,-0.0,0,0
257,0.0,0.027722772277227727,0.06910862719451544,1.0,-0.0,0,0
258,0.0,0.01386138613861386,0.05079507064705211,1.0,-0.0,0,0
259,0.0,0.01386138613861386,0.05079507064705211,1.0,-0.0,0,0
260,0.0,0.01386138613861386,0.05079507064705211,1.0,-0.0,0,0
261,0.0,0.03564356435643565,0.08626938974571076,1.0,-0.0,0,0
262,0.0,0.021782178217821784,0.06836703565002801,1.0,-0.0,0,0
263,0.2,0.04752475247524753,0.08965727859541997,0.044504787234598886,1.3515932708674616,0,0
264,0.2,0.1188118811881188,0.14939672169394075,0.29341352773639573,0.5325198670236351,0,0
265,0.2,0.1188118811881188,0.14939672169394075,0.29341352773639573,0.5325198670236351,0,0
266,0.2,0.15445544554455443,0.15891011998209015,0.3872071047934222,0.4120566824993107,0,0
267,0.2,0.19801980198019797,0.1999901967992491,0.4960499473561593,0.30447459212058814,0,0
268,0.0,0.19405940594059404,0.19991175388711227,1.0,-0.0,0,0
269,0.0,0.12079207920792079,0.15689867556071532,1.0,-0.0,0,0
270,0.0,0.12079207920792079,0.15689867556071532,1.0,-0.0,0,0
271,0.0,0.06534653465346535,0.10939585993610405,1.0,-0.0,0,0
272,0.0,0.021782178217821784,0.06230547612891991,1.0,-0.0,0,0
273,0.0,0.0,0.0,1.0,-0.0,0,0
274,0.0,0.033663366336633666,0.07482947971362847,1.0,-0.0,0,0
275,0.0,0.033663366336633666,0.07482947971362847,1.0,-0.0,0,0
276,0.0,0.10099009900990098,0.13679141417164786,1.0,-0.0,0,0
277,0.0,0.19009900990099005,0.17434741150934766,1.0,-0.0,0,0
278,0.0,0.28118811881188116,0.22721424063197726,1.0,-0.0,0,0
279,0.0,0.2475247524752475,0.2146118113835647,1.0,-0.0,0,0
280,0.0,0.2475247524752475,0.2146118113835647,1.0,-0.0,0,0
281,0.0,0.18019801980198016,0.18563234289517566,1.0,-0.0,0,0
282,0.0,0.09108910891089109,0.13357165904190144,1.0,-0.0,0,0
283,0.0,0.025742574257425748,0.06697637435757531,1.0,-0.0,0,0
284,0.0,0.10099009900990097,0.13679141417164786,1.0,-0.0,0,0
285,0.0,0.10099009900990097,0.13679141417164786,1.0,-0.0,0,0
286,0.0,0.21386138613861383,0.1851035048800284,1.0,-0.0,0,0
287,0.0,0.2178217821782178,0.1868954489346046,1.0,-0.0,0,0
288,0.0,0.2396039603960396,0.20102667569442348,1.0,-0.0,0,0
289,0.0,0.16435643564356434,0.17210643633774864,1.0,-0.0,0,0
290,0.0,0.36039603960396044,0.23884176290399375,1.0,-0.0,0,0
291,0.0,0.24752475247524752,0.19930277449641393,1.0,-0.0,0,0
292,0.0,0.24356435643564353,0.19620954730162493,1.0,-0.0,0,0
293,0.0,0.2455445544554455,0.20271657650803535,1.0,-0.0,0,0
294,0.0,0.2633663366336633,0.21605040312056795,1.0,-0.0,0,0
295,0.0,0.06732673267326733,0.102550553475042,1.0,-0.0,0,0
296,0.0,0.06732673267326733,0.102550553475042,1.0,-0.0,0,0
297,0.0,0.06732673267326733,0.102550553475042,1.0,-0.0,0,0
298,0.0,0.06534653465346535,0.10189845806153354,1.0,-0.0,0,0
299,0.0,0.09306930693069305,0.14229896414433021,1.0,-0.0,0,0
300,0.0,0.09306930693069305,0.14229896414433021,1.0,-0.0,0,0
301,0.0,0.11881188118811879,0.17160446766964985,1.0,-0.0,0,0
302,0.0,0.11881188118811879,0.17160446766964985,1.0,-0.0,0,0
303,0.0,0.0712871287128713,0.12454800153280307,1.0,-0.0,0,0
304,0.0,0.025742574257425748,0.07791016068477626,1.0,-0.0,0,0
305,0.0,0.025742574257425748,0.07791016068477626,1.0,-0.0,0,0
306,0.0,0.10297029702970295,0.1451905170679078,1.0,-0.0,0,0
307,0.0,0.10297029702970295,0.1451905170679078,1.0,-0.0,0,0
308,0.0,0.10297029702970295,0.1451905170679078,1.0,-0.0,0,0
