,foreground,bg_means,bg_stdev,pvals,minus_logs,regs,active
2,0.0,0.0,0.0,1.0,-0.0,0,0
3,0.0,0.0,0.0,1.0,-0.0,0,0
4,0.0,0.015841584158415842,0.05401260078014202,1.0,-0.0,0,0
5,0.0,0.015841584158415842,0.05401260078014202,1.0,-0.0,0,0
6,0.0,0.025742574257425745,0.06697637435757531,1.0,-0.0,0,0
7,0.0,0.07722772277227724,0.13191745702927898,1.0,-0.0,0,0
8,0.0,0.09900990099009899,0.15057319492752777,1.0,-0.0,0,0
9,0.0,0.10297029702970295,0.16317120058972406,1.0,-0.0,0,0
10,0.0,0.10297029702970295,0.16317120058972406,1.0,-0.0,0,0
11,0.0,0.10099009900990098,0.15826725705099476,1.0,-0.0,0,0
12,0.0,0.049504950495049514,0.09912864166957489,1.0,-0.0,0,0
13,0.0,0.027722772277227727,0.07461957893630405,1.0,-0.0,0,0
14,0.0,0.007920792079207921,0.03900537743285587,1.0,-0.0,0,0
15,0.0,0.17425742574257425,0.16569891898195668,1.0,-0.0,0,0
16,0.0,0.16633663366336632,0.15937826461670404,1.0,-0.0,0,0
17,0.0,0.16633663366336632,0.15937826461670404,1.0,-0.0,0,0
18,0.0,0.1881188118811881,0.16123725137284975,1.0,-0.0,0,0
19,0.0,0.22178217821782173,0.1843393128354381,1.0,-0.0,0,0
20,0.0,0.05544554455445544,0.1019369320889802,1.0,-0.0,0,0
21,0.0,0.061386138613861385,0.10806149425459212,1.0,-0.0,0,0
22,0.0,0.061386138613861385,0.10806149425459212,1.0,-0.0,0,0
23,0.0,0.05148514851485149,0.10773441987117183,1.0,-0.0,0,0
24,0.0,0.017821782178217824,0.05698017651460656,1.0,-0.0,0,0
25,0.0,0.031683168316831684,0.0730260947112308,1.0,-0.0,0,0
26,0.0,0.047524752475247525,0.08512548617902845,1.0,-0.0,0,0
27,0.0,0.047524752475247525,0.08512548617902845,1.0,-0.0,0,0
28,0.0,0.03564356435643565,0.07653920035678292,1.0,-0.0,0,0
29,0.0,0.06336633663366337,0.10504385908811757,1.0,-0.0,0,0
30,0.0,0.06732673267326733,0.11000352009767247,1.0,-0.0,0,0
31,0.0,0.04554455445544555,0.09283729243351321,1.0,-0.0,0,0
32,0.0,0.04554455445544555,0.09283729243351321,1.0,-0.0,0,0
33,0.0,0.04554455445544555,0.09283729243351321,1.0,-0.0,0,0
34,0.0,0.017821782178217824,0.056980176514606566,1.0,-0.0,0,0
35,0.0,0.0,0.0,1.0,-0.0,0,0
36,0.0,0.0712871287128713,0.11461224656227945,1.0,-0.0,0,0
37,0.0,0.1306930693069307,0.16515373831281616,1.0,-0.0,0,0
38,0.0,0.1306930693069307,0.16515373831281616,1.0,-0.0,0,0
39,0.0,0.14257425742574256,0.16249693654596942,1.0,-0.0,0,0
40,0.0,0.14257425742574256,0.16249693654596942,1.0,-0.0,0,0
41,0.0,0.06930693069306931,0.11751770396006173,1.0,-0.0,0,0
42,0.0,0.009900990099009901,0.04338396495090424,1.0,-0.0,0,0
43,0.0,0.009900990099009901,0.04338396495090424,1.0,-0.0,0,0
44,0.0,0.0,0.0,1.0,-0.0,0,0
45,0.0,0.0,0.0,1.0,-0.0,0,0
46,0.0,0.0,0.0,1.0,-0.0,0,0
47,0.2,0.20594059405940596,0.18120705414231045,1.0,-0.0,0,0
48,0.4,0.27722772277227725,0.23031669463047466,0.29699653450876723,0.5272486181996233,0,0
49,0.4,0.27722772277227725,0.23031669463047466,0.29699653450876723,0.5272486181996233,0,0
50,0.4,0.27722772277227725,0.23031669463047466,0.29699653450876723,0.5272486181996233,0,0
51,0.4,0.27722772277227725,0.23031669463047466,0.29699653450876723,0.5272486181996233,0,0
52,0.2,0.0712871287128713,0.1366767043701972,0.1731648491432402,0.7615402611202329,0,0
53,0.0,0.07920792079207921,0.1261123431927973,1.0,-0.0,0,0
54,0.0,0.1287128712871287,0.16550949460567813,1.0,-0.0,0,0
55,0.0,0.1287128712871287,0.16550949460567813,1.0,-0.0,0,0
56,0.0,0.1287128712871287,0.16550949460567813,1.0,-0.0,0,0
57,0.0,0.16336633663366337,0.19787123139383456,1.0,-0.0,0,0
58,0.0,0.08316831683168316,0.13575553664160483,1.0,-0.0,0,0
59,0.0,0.033663366336633666,0.07994704648786674,1.0,-0.0,0,0
60,0.0,0.033663366336633666,0.07994704648786674,1.0,-0.0,0,0
61,0.0,0.033663366336633666,0.07994704648786674,1.0,-0.0,0,0
62,0.0,0.0,0.0,1.0,-0.0,0,0
63,0.0,0.0,0.0,1.0,-0.0,0,0
64,0.0,0.031683168316831684,0.08316831683168317,1.0,-0.0,0,0
65,0.0,0.15247524752475247,0.15453158823862712,1.0,-0.0,0,0
66,0.0,0.17029702970297025,0.172083651345746,1.0,-0.0,0,0
67,0.0,0.17227722772277226,0.17355845414780538,1.0,-0.0,0,0
68,0.0,0.17227722772277226,0.17355845414780538,1.0,-0.0,0,0
69,0.0,0.14059405940594058,0.15297590428378585,1.0,-0.0,0,0
70,0.0,0.07920792079207921,0.11285391563386142,1.0,-0.0,0,0
71,0.0,0.11683168316831682,0.15225649732072147,1.0,-0.0,0,0
72,0.0,0.11485148514851484,0.15246238855382307,1.0,-0.0,0,0
73,0.0,0.11485148514851484,0.15246238855382307,1.0,-0.0,0,0
74,0.0,0.14455445544554454,0.17602612740628582,1.0,-0.0,0,0
75,0.0,0.08316831683168317,0.13280619910579974,1.0,-0.0,0,0
76,0.0,0.027722772277227727,0.06910862719451544,1.0,-0.0,0,0
77,0.0,0.1306930693069307,0.1552657091795062,1.0,-0.0,0,0
78,0.0,0.1306930693069307,0.1552657091795062,1.0,-0.0,0,0
79,0.0,0.13465346534653466,0.15443005630372467,1.0,-0.0,0,0
80,0.0,0.13465346534653466,0.15443005630372467,1.0,-0.0,0,0
81,0.0,0.1386138613861386,0.1560466400383805,1.0,-0.0,0,0
82,0.0,0.033663366336633666,0.07994704648786674,1.0,-0.0,0,0
83,0.0,0.033663366336633666,0.07994704648786674,1.0,-0.0,0,0
84,0.0,0.0039603960396039604,0.027863855998951064,1.0,-0.0,0,0
85,0.0,0.0059405940594059415,0.03395332316729158,1.0,-0.0,0,0
86,0.0,0.0019801980198019802,0.019801980198019802,1.0,-0.0,0,0
87,0.0,0.0019801980198019802,0.019801980198019802,1.0,-0.0,0,0
88,0.0,0.0019801980198019802,0.019801980198019802,1.0,-0.0,0,0
89,0.0,0.0019801980198019802,0.019801980198019802,1.0,-0.0,0,0
90,0.0,0.0,0.0,1.0,-0.0,0,0
91,0.0,0.0,0.0,1.0,-0.0,0,0
92,0.0,0.0,0.0,1.0,-0.0,0,0
93,0.0,0.025742574257425745,0.07264925278354115,1.0,-0.0,0,0
94,0.0,0.07722772277227723,0.122580495370631,1.0,-0.0,0,0
95,0.0,0.14653465346534653,0.1614073970084343,1.0,-0.0,0,0
96,0.0,0.2574257425742574,0.20164989494021332,1.0,-0.0,0,0
97,0.0,0.2574257425742574,0.20164989494021332,1.0,-0.0,0,0
98,0.0,0.23168316831683167,0.19444294287406302,1.0,-0.0,0,0
99,0.0,0.1801980198019802,0.17911764040705117,1.0,-0.0,0,0
100,0.0,0.11089108910891086,0.14752142995793405,1.0,-0.0,0,0
101,0.0,0.0,0.0,1.0,-0.0,0,0
102,0.0,0.0,0.0,1.0,-0.0,0,0
103,0.0,0.0,0.0,1.0,-0.0,0,0
104,0.0,0.0,0.0,1.0,-0.0,0,0
105,0.0,0.0,0.0,1.0,-0.0,0,0
106,0.0,0.0,0.0,1.0,-0.0,0,0
107,0.0,0.0,0.0,1.0,-0.0,0,0
108,0.0,0.015841584158415842,0.05401260078014202,1.0,-0.0,0,0
109,0.0,0.015841584158415842,0.05401260078014202,1.0,-0.0,0,0
110,0.0,0.1386138613861386,0.15348770198080078,1.0,-0.0,0,0
111,0.0,0.17029702970297025,0.19778203547221818,1.0,-0.0,0,0
112,0.0,0.17029702970297025,0.19778203547221818,1.0,-0.0,0,0
113,0.0,0.15445544554455443,0.19676832257092539,1.0,-0.0,0,0
114,0.0,0.15445544554455443,0.19676832257092539,1.0,-0.0,0,0
115,0.0,0.031683168316831684,0.08780118525701135,1.0,-0.0,0,0
116,0.0,0.0,0.0,1.0,-0.0,0,0
117,0.0,0.0,0.0,1.0,-0.0,0,0
118,0.0,0.0,0.0,1.0,-0.0,0,0
119,0.0,0.0,0.0,1.0,-0.0,0,0
120,0.0,0.0,0.0,1.0,-0.0,0,0
121,0.0,0.033663366336633666,0.07994704648786674,1.0,-0.0,0,0
122,0.0,0.033663366336633666,0.07994704648786674,1.0,-0.0,0,0
123,0.0,0.26732673267326734,0.24091776292603453,1.0,-0.0,0,0
124,0.0,0.3247524752475249,0.2740983203643292,1.0,-0.0,0,0
125,0.0,0.3247524752475249,0.2740983203643292,1.0,-0.0,0,0
126,0.0,0.29108910891089107,0.2525509496292023,1.0,-0.0,0,0
127,0.0,0.29108910891089107,0.2525509496292023,1.0,-0.0,0,0
128,0.0,0.2495049504950495,0.22761082052278833,1.0,-0.0,0,0
129,0.0,0.2495049504950495,0.23948118939595758,1.0,-0.0,0,0
130,0.0,0.27128712871287125,0.24305670351063902,1.0,-0.0,0,0
131,0.0,0.27128712871287125,0.24305670351063902,1.0,-0.0,0,0
132,0.0,0.27524752475247527,0.2499132287411248,1.0,-0.0,0,0
133,0.0,0.08316831683168316,0.11694909354640316,1.0,-0.0,0,0
134,0.0,0.025742574257425748,0.0669763743575753,1.0,-0.0,0,0
135,0.0,0.0039603960396039604,0.027863855998951068,1.0,-0.0,0,0
136,0.0,0.0039603960396039604,0.027863855998951068,1.0,-0.0,0,0
137,0.0,0.0,0.0,1.0,-0.0,0,0
138,0.0,0.0,0.0,1.0,-0.0,0,0
139,0.0,0.0,0.0,1.0,-0.0,0,0
140,0.0,0.0,0.0,1.0,-0.0,0,0
141,0.0,0.0,0.0,1.0,-0.0,0,0
142,0.0,0.0,0.0,1.0,-0.0,0,0
143,0.0,0.0,0.0,1.0,-0.0,0,0
144,0.0,0.0,0.0,1.0,-0.0,0,0
145,0.0,0.0,0.0,1.0,-0.0,0,0
146,0.0,0.0,0.0,1.0,-0.0,0,0
147,0.0,0.0,0.0,1.0,-0.0,0,0
148,0.0,0.0,0.0,1.0,-0.0,0,0
149,0.0,0.015841584158415842,0.06090517425437505,1.0,-0.0,0,0
150,0.0,0.015841584158415842,0.06090517425437505,1.0,-0.0,0,0
151,0.0,0.015841584158415842,0.06090517425437505,1.0,-0.0,0,0
152,0.0,0.015841584158415842,0.06090517425437505,1.0,-0.0,0,0
153,0.0,0.015841584158415842,0.06090517425437505,1.0,-0.0,0,0
154,0.0,0.0,0.0,1.0,-0.0,0,0
155,0.0,0.017821782178217824,0.0635517090529949,1.0,-0.0,0,0
156,0.0,0.017821782178217824,0.0635517090529949,1.0,-0.0,0,0
157,0.0,0.017821782178217824,0.0635517090529949,1.0,-0.0,0,0
158,0.0,0.017821782178217824,0.0635517090529949,1.0,-0.0,0,0
159,0.0,0.017821782178217824,0.0635517090529949,1.0,-0.0,0,0
160,0.0,0.0,0.0,1.0,-0.0,0,0
161,0.0,0.0,0.0,1.0,-0.0,0,0
162,0.0,0.013861386138613863,0.05079507064705211,1.0,-0.0,0,0
163,0.0,0.1584158415841584,0.17421241542909127,1.0,-0.0,0,0
164,1.0,0.3445544554455446,0.26268802696326293,0.006295227542252831,2.200988567611902,0,0
165,1.0,0.3445544554455446,0.26268802696326293,0.006295227542252831,2.200988567611902,0,0
166,1.0,0.3445544554455446,0.26268802696326293,0.006295227542252831,2.200988567611902,0,0
167,1.0,0.3297029702970297,0.25853530867709634,0.004761689497105697,2.322238927723703,0,0
168,1.0,0.18613861386138614,0.1914145896807061,1.0601764207154627e-05,4.974621859105101,0,0
169,0.0,0.0,0.0,1.0,-0.0,0,0
170,0.0,0.0,0.0,1.0,-0.0,0,0
171,0.0,0.0,0.0,1.0,-0.0,0,0
172,0.0,0.13168316831683166,0.15474712241238045,1.0,-0.0,0,0
173,0.0,0.15049504950495046,0.16746435256923542,1.0,-0.0,0,0
174,0.0,0.20396039603960395,0.18450940681657277,1.0,-0.0,0,0
175,0.0,0.20396039603960395,0.18450940681657277,1.0,-0.0,0,0
176,0.0,0.30297029702970296,0.24310509708075734,1.0,-0.0,0,0
177,0.0,0.17227722772277224,0.1846156359731749,1.0,-0.0,0,0
178,0.0,0.15445544554455443,0.17994760099542703,1.0,-0.0,0,0
179,0.0,0.09900990099009901,0.1367914141716479,1.0,-0.0,0,0
180,0.0,0.1089108910891089,0.13937555924568532,1.0,-0.0,0,0
181,0.0,0.32079207920792085,0.25027384276608816,1.0,-0.0,0,0
182,0.0,0.32079207920792085,0.25027384276608816,1.0,-0.0,0,0
183,0.0,0.35247524752475257,0.26423589048983964,1.0,-0.0,0,0
184,0.0,0.407920792079208,0.2827317828841285,1.0,-0.0,0,0
185,0.0,0.3980198019801981,0.27646287703805517,1.0,-0.0,0,0
186,0.0,0.10099009900990098,0.1396566153069739,1.0,-0.0,0,0
187,0.0,0.11287128712871286,0.15264231556912292,1.0,-0.0,0,0
188,0.0,0.08316831683168316,0.12978985828256584,1.0,-0.0,0,0
189,0.0,0.03564356435643565,0.09074407316744237,1.0,-0.0,0,0
190,0.0,0.05148514851485149,0.10011267057239238,1.0,-0.0,0,0
191,0.0,0.05148514851485149,0.096075322540263,1.0,-0.0,0,0
192,0.0,0.039603960396039604,0.08452453849668534,1.0,-0.0,0,0
193,0.0,0.04950495049504951,0.09078727434730813,1.0,-0.0,0,0
194,0.0,0.041584158415841586,0.08590499787518362,1.0,-0.0,0,0
195,0.0,0.06930693069306931,0.11057238501634628,1.0,-0.0,0,0
196,0.0,0.061386138613861385,0.11166631429601336,1.0,-0.0,0,0
197,0.0,0.061386138613861385,0.11166631429601336,1.0,-0.0,0,0
198,0.0,0.05940594059405942,0.10357779667819421,1.0,-0.0,0,0
199,0.0,0.05940594059405942,0.10357779667819421,1.0,-0.0,0,0
200,0.0,0.015841584158415842,0.05401260078014202,1.0,-0.0,0,0
201,0.0,0.007920792079207921,0.03900537743285587,1.0,-0.0,0,0
202,0.0,0.007920792079207921,0.03900537743285587,1.0,-0.0,0,0
203,0.0,0.0,0.0,1.0,-0.0,0,0
204,0.0,0.0,0.0,1.0,-0.0,0,0
205,0.0,0.0,0.0,1.0,-0.0,0,0
206,0.0,0.021782178217821784,0.06230547612891991,1.0,-0.0,0,0
207,0.0,0.0712871287128713,0.12454800153280307,1.0,-0.0,0,0
208,0.0,0.0712871287128713,0.12454800153280307,1.0,-0.0,0,0
209,0.0,0.2613861386138614,0.20823173355030916,1.0,-0.0,0,0
210,0.0,0.4198019801980198,0.2706866230844644,1.0,-0.0,0,0
211,0.0,0.398019801980198,0.2692049894421626,1.0,-0.0,0,0
212,0.0,0.45940594059405937,0.2985702623317797,1.0,-0.0,0,0
213,0.0,0.5881188118811881,0.3131719322529776,1.0,-0.0,0,0
214,0.0,0.4099009900990099,0.2600475777089397,1.0,-0.0,0,0
215,0.0,0.2514851485148515,0.21369630592401923,1.0,-0.0,0,0
216,0.0,0.4495049504950495,0.288946109051305,1.0,-0.0,0,0
217,0.0,0.3386138613861387,0.24654857012691103,1.0,-0.0,0,0
218,0.0,0.2198019801980198,0.20777930122098492,1.0,-0.0,0,0
219,0.0,0.2079207920792079,0.1948257247722589,1.0,-0.0,0,0
220,0.0,0.21980198019801975,0.19600959866383086,1.0,-0.0,0,0
221,0.0,0.021782178217821784,0.06836703565002801,1.0,-0.0,0,0
222,0.0,0.021782178217821784,0.06836703565002801,1.0,-0.0,0,0
223,0.0,0.011881188118811883,0.05501958015623685,1.0,-0.0,0,0
224,0.0,0.011881188118811883,0.05501958015623685,1.0,-0.0,0,0
225,0.0,0.0,0.0,1.0,-0.0,0,0
226,0.0,0.0,0.0,1.0,-0.0,0,0
227,0.0,0.2435643564356436,0.2002057563312059,1.0,-0.0,0,0
228,0.0,0.2435643564356436,0.2002057563312059,1.0,-0.0,0,0
229,0.0,0.28118811881188116,0.2109445383855172,1.0,-0.0,0,0
230,0.0,0.28118811881188116,0.2109445383855172,1.0,-0.0,0,0
231,0.0,0.28118811881188116,0.2109445383855172,1.0,-0.0,0,0
232,0.0,0.04356435643564357,0.0916470215081674,1.0,-0.0,0,0
233,0.0,0.04554455445544555,0.09700949476369024,1.0,-0.0,0,0
234,0.0,0.007920792079207921,0.03900537743285587,1.0,-0.0,0,0
235,0.0,0.007920792079207921,0.03900537743285587,1.0,-0.0,0,0
236,0.0,0.007920792079207921,0.03900537743285587,1.0,-0.0,0,0
237,0.0,0.0019801980198019802,0.019801980198019802,1.0,-0.0,0,0
238,0.0,0.023762376237623766,0.06471340450838887,1.0,-0.0,0,0
239,0.0,0.0712871287128713,0.11461224656227946,1.0,-0.0,0,0
240,0.0,0.13366336633663367,0.1517405470151922,1.0,-0.0,0,0
241,0.0,0.13366336633663367,0.1517405470151922,1.0,-0.0,0,0
242,0.0,0.13366336633663367,0.1517405470151922,1.0,-0.0,0,0
243,0.0,0.1089108910891089,0.14218869759220787,1.0,-0.0,0,0
244,0.0,0.061386138613861385,0.11166631429601336,1.0,-0.0,0,0
245,0.0,0.0,0.0,1.0,-0.0,0,0
246,0.0,0.0,0.0,1.0,-0.0,0,0
247,0.0,0.013861386138613863,0.05807080514303042,1.0,-0.0,0,0
248,0.2,0.025742574257425748,0.07264925278354116,0.008228653963589683,2.084671200510097,0,0
249,0.2,0.025742574257425748,0.07264925278354116,0.008228653963589683,2.084671200510097,0,0
250,0.2,0.11683168316831682,0.15737280385192495,0.29858325032901833,0.5249345586127037,0,0
251,0.2,0.11683168316831682,0.15737280385192495,0.29858325032901833,0.5249345586127037,0,0
252,0.2,0.10297029702970298,0.13084299831035082,0.22917288574708766,0.6398367665781116,0,0
253,0.0,0.0910891089108911,0.1243589581632284,1.0,-0.0,0,0
254,0.0,0.09306930693069307,0.12448501897427099,1.0,-0.0,0,0
255,0.2,0.013861386138613863,0.05807080514303042,0.0006744368600574647,3.1710587021998844,0,0
256,0.2,0.013861386138613863,0.05807080514303042,0.0006744368600574647,3.1710587021998844,0,0
257,0.2,0.013861386138613863,0.05807080514303042,0.0006744368600574647,3.1710587021998844,0,0
258,0.2,0.013861386138613863,0.05807080514303042,0.0006744368600574647,3.1710587021998844,0,0
259,0.2,0.011881188118811881,0.047276579747775535,3.4586556520905853e-05,4.461092674713385,0,0
260,0.0,0.0,0.0,1.0,-0.0,0,0
261,0.0,0.0,0.0,1.0,-0.0,0,0
262,0.0,0.0,0.0,1.0,-0.0,0,0
263,0.0,0.0,0.0,1.0,-0.0,0,0
264,0.0,0.0,0.0,1.0,-0.0,0,0
265,0.0,0.0,0.0,1.0,-0.0,0,0
266,0.0,0.09306930693069305,0.12448501897427097,1.0,-0.0,0,0
267,0.0,0.11683168316831682,0.13864214704328154,1.0,-0.0,0,0
268,0.0,0.11683168316831682,0.13864214704328154,1.0,-0.0,0,0
269,0.0,0.11683168316831682,0.13864214704328154,1.0,-0.0,0,0
270,0.0,0.19603960396039602,0.19494644711665693,1.0,-0.0,0,0
271,0.0,0.13564356435643563,0.16385465572011298,1.0,-0.0,0,0
272,0.0,0.11089108910891088,0.14752142995793407,1.0,-0.0,0,0
273,0.0,0.11089108910891088,0.14752142995793407,1.0,-0.0,0,0
274,0.0,0.11089108910891088,0.14752142995793407,1.0,-0.0,0,0
275,0.0,0.033663366336633666,0.07994704648786674,1.0,-0.0,0,0
276,0.0,0.023762376237623766,0.06471340450838887,1.0,-0.0,0,0
277,0.0,0.023762376237623766,0.06471340450838887,1.0,-0.0,0,0
278,0.0,0.023762376237623766,0.06471340450838887,1.0,-0.0,0,0
279,0.0,0.041584158415841586,0.08590499787518362,1.0,-0.0,0,0
280,0.0,0.041584158415841586,0.08590499787518362,1.0,-0.0,0,0
281,0.0,0.017821782178217824,0.056980176514606566,1.0,-0.0,0,0
282,0.0,0.04554455445544555,0.08846854615322249,1.0,-0.0,0,0
283,0.0,0.04554455445544555,0.08846854615322249,1.0,-0.0,0,0
284,0.0,0.02772277227722772,0.06910862719451544,1.0,-0.0,0,0
285,0.0,0.04752475247524753,0.09809478080396702,1.0,-0.0,0,0
286,0.0,0.06534653465346535,0.12302752132284413,1.0,-0.0,0,0
287,0.0,0.03762376237623763,0.08771182015980238,1.0,-0.0,0,0
288,0.0,0.03762376237623763,0.08771182015980238,1.0,-0.0,0,0
289,0.0,0.03762376237623763,0.08771182015980238,1.0,-0.0,0,0
290,0.0,0.01782178217821782,0.05698017651460657,1.0,-0.0,0,0
291,0.0,0.0,0.0,1.0,-0.0,0,0
292,0.0,0.0,0.0,1.0,-0.0,0,0
293,0.0,0.0,0.0,1.0,-0.0,0,0
294,0.0,0.0,0.0,1.0,-0.0,0,0
295,0.0,0.0,0.0,1.0,-0.0,0,0
296,0.0,0.0,0.0,1.0,-0.0,0,0
297,0.0,0.0,0.0,1.0,-0.0,0,0
298,0.0,0.0,0.0,1.0,-0.0,0,0
299,0.0,0.0039603960396039604,0.027863855998951064,1.0,-0.0,0,0
300,0.0,0.0039603960396039604,0.027863855998951064,1.0,-0.0,0,0
301,0.0,0.0039603960396039604,0.027863855998951064,1.0,-0.0,0,0
302,0.0,0.0039603960396039604,0.027863855998951064,1.0,-0.0,0,0
303,0.0,0.0039603960396039604,0.027863855998951064,1.0,-0.0,0,0
304,0.0,0.0,0.0,1.0,-0.0,0,0
305,0.0,0.0,0.0,1.0,-0.0,0,0
306,0.0,0.0,0.0,1.0,-0.0,0,0
307,0.0,0.015841584158415842,0.054012600780142014,1.0,-0.0,0,0
308,0.0,0.015841584158415842,0.054012600780142014,1.0,-0.0,0,0
309,0.0,0.015841584158415842,0.054012600780142014,1.0,-0.0,0,0
310,0.0,0.015841584158415842,0.054012600780142014,1.0,-0.0,0,0
311,0.0,0.015841584158415842,0.054012600780142014,1.0,-0.0,0,0
312,0.0,0.0,0.0,1.0,-0.0,0,0
313,0.0,0.0,0.0,1.0,-0.0,0,0
314,0.0,0.0,0.0,1.0,-0.0,0,0
315,0.0,0.0,0.0,1.0,-0.0,0,0
316,0.0,0.0,0.0,1.0,-0.0,0,0
317,0.0,0.0,0.0,1.0,-0.0,0,0
318,0.0,0.0,0.0,1.0,-0.0,0,0
319,0.0,0.0,0.0,1.0,-0.0,0,0
320,0.0,0.013861386138613863,0.05079507064705211,1.0,-0.0,0,0
321,0.0,0.013861386138613863,0.05079507064705211,1.0,-0.0,0,0
322,0.0,0.021782178217821784,0.06836703565002801,1.0,-0.0,0,0
323,0.0,0.021782178217821784,0.06836703565002801,1.0,-0.0,0,0
324,0.0,0.021782178217821784,0.06836703565002801,1.0,-0.0,0,0
325,0.0,0.009900990099009901,0.04338396495090424,1.0,-0.0,0,0
326,0.0,0.0297029702970297,0.07648795214189293,1.0,-0.0,0,0
327,0.0,0.021782178217821784,0.06836703565002801,1.0,-0.0,0,0
328,0.0,0.021782178217821784,0.06836703565002801,1.0,-0.0,0,0
329,0.0,0.021782178217821784,0.06836703565002801,1.0,-0.0,0,0
330,0.0,0.019801980198019802,0.06603299802191315,1.0,-0.0,0,0
331,0.0,0.0,0.0,1.0,-0.0,0,0
332,0.0,0.0,0.0,1.0,-0.0,0,0
333,0.0,0.0,0.0,1.0,-0.0,0,0
334,0.0,0.0,0.0,1.0,-0.0,0,0
335,0.0,0.0,0.0,1.0,-0.0,0,0
336,0.0,0.0,0.0,1.0,-0.0,0,0
337,0.0,0.0,0.0,1.0,-0.0,0,0
338,0.0,0.0,0.0,1.0,-0.0,0,0
339,0.0,0.0,0.0,1.0,-0.0,0,0
340,0.0,0.0,0.0,1.0,-0.0,0,0
341,0.0,0.0,0.0,1.0,-0.0,0,0
342,0.0,0.0,0.0,1.0,-0.0,0,0
343,0.0,0.0,0.0,1.0,-0.0,0,0
344,0.0,0.009900990099009901,0.04338396495090424,1.0,-0.0,0,0
345,0.0,0.019801980198019802,0.059735061897023205,1.0,-0.0,0,0
346,0.0,0.019801980198019802,0.059735061897023205,1.0,-0.0,0,0
347,0.0,0.019801980198019802,0.059735061897023205,1.0,-0.0,0,0
348,0.0,0.019801980198019802,0.059735061897023205,1.0,-0.0,0,0
349,0.0,0.009900990099009901,0.04338396495090424,1.0,-0.0,0,0
350,0.0,0.0,0.0,1.0,-0.0,0,0
351,0.0,0.0,0.0,1.0,-0.0,0,0
352,0.0,0.0,0.0,1.0,-0.0,0,0
353,0.0,0.0,0.0,1.0,-0.0,0,0
354,0.0,0.0,0.0,1.0,-0.0,0,0
355,0.0,0.0,0.0,1.0,-0.0,0,0
356,0.0,0.015841584158415842,0.05401260078014202,1.0,-0.0,0,0
357,0.0,0.08316831683168316,0.11694909354640316,1.0,-0.0,0,0
358,0.0,0.13564356435643563,0.16141954340548717,1.0,-0.0,0,0
359,0.0,0.1425742574257426,0.16004116713803365,1.0,-0.0,0,0
360,0.0,0.201980198019802,0.21525034838338525,1.0,-0.0,0,0
361,0.0,0.21782178217821782,0.20314168084328177,1.0,-0.0,0,0
362,0.0,0.1504950495049505,0.1788985897681621,1.0,-0.0,0,0
363,0.0,0.12673267326732673,0.15599637537608815,1.0,-0.0,0,0
364,0.0,0.1207920792079208,0.1517663861889879,1.0,-0.0,0,0
365,0.0,0.07524752475247524,0.13156027914354923,1.0,-0.0,0,0
366,0.0,0.11881188118811879,0.14399729871443837,1.0,-0.0,0,0
367,0.0,0.21386138613861383,0.19347254159325522,1.0,-0.0,0,0
368,0.0,0.18415841584158413,0.17951125796479814,1.0,-0.0,0,0
369,0.0,0.18415841584158413,0.17951125796479814,1.0,-0.0,0,0
370,0.0,0.17029702970297025,0.1697666158364579,1.0,-0.0,0,0
371,0.0,0.15247524752475244,0.19118911865031774,1.0,-0.0,0,0
372,0.0,0.08118811881188118,0.15202453637757812,1.0,-0.0,0,0
373,0.0,0.08118811881188118,0.15202453637757812,1.0,-0.0,0,0
374,0.0,0.08118811881188118,0.15202453637757812,1.0,-0.0,0,0
375,0.0,0.08118811881188118,0.15202453637757812,1.0,-0.0,0,0
376,0.0,0.023762376237623766,0.06471340450838887,1.0,-0.0,0,0
377,0.0,0.0,0.0,1.0,-0.0,0,0
378,0.0,0.0,0.0,1.0,-0.0,0,0
379,0.0,0.0,0.0,1.0,-0.0,0,0
380,0.0,0.0,0.0,1.0,-0.0,0,0
381,0.0,0.0,0.0,1.0,-0.0,0,0
382,0.0,0.0,0.0,1.0,-0.0,0,0
383,0.0,0.0019801980198019802,0.0198019801980198,1.0,-0.0,0,0
384,0.0,0.0019801980198019802,0.0198019801980198,1.0,-0.0,0,0
385,0.0,0.0019801980198019802,0.0198019801980198,1.0,-0.0,0,0
386,0.0,0.019801980198019802,0.059735061897023205,1.0,-0.0,0,0
387,0.0,0.019801980198019802,0.059735061897023205,1.0,-0.0,0,0
388,0.0,0.017821782178217824,0.05698017651460657,1.0,-0.0,0,0
389,0.0,0.017821782178217824,0.05698017651460657,1.0,-0.0,0,0
390,0.0,0.017821782178217824,0.05698017651460657,1.0,-0.0,0,0
391,0.0,0.0,0.0,1.0,-0.0,0,0
392,0.0,0.0,0.0,1.0,-0.0,0,0
393,0.0,0.24554455445544554,0.21778577560186177,1.0,-0.0,0,0
394,0.0,0.24554455445544554,0.21778577560186177,1.0,-0.0,0,0
395,0.0,0.24554455445544554,0.21778577560186177,1.0,-0.0,0,0
396,0.0,0.32277227722772284,0.2501014400609417,1.0,-0.0,0,0
397,0.0,0.32277227722772284,0.2501014400609417,1.0,-0.0,0,0
398,0.0,0.07722772277227724,0.14884451859775158,1.0,-0.0,0,0
399,0.0,0.12871287128712872,0.1792926882283596,1.0,-0.0,0,0
400,0.0,0.12871287128712872,0.1792926882283596,1.0,-0.0,0,0
401,0.0,0.10693069306930694,0.1422989641443302,1.0,-0.0,0,0
402,0.0,0.12277227722772276,0.14884451859775158,1.0,-0.0,0,0
403,0.0,0.17227722772277226,0.17355845414780538,1.0,-0.0,0,0
404,0.0,0.12475247524752477,0.1511709677939985,1.0,-0.0,0,0
405,0.0,0.12475247524752477,0.1511709677939985,1.0,-0.0,0,0
406,0.0,0.10495049504950496,0.13377699607171914,1.0,-0.0,0,0
407,0.0,0.0891089108910891,0.12420120222231065,1.0,-0.0,0,0
408,0.0,0.041584158415841586,0.08590499787518362,1.0,-0.0,0,0
409,0.0,0.03564356435643565,0.07653920035678292,1.0,-0.0,0,0
410,0.0,0.03564356435643565,0.07653920035678292,1.0,-0.0,0,0
411,0.0,0.0,0.0,1.0,-0.0,0,0
412,0.0,0.0,0.0,1.0,-0.0,0,0
413,0.0,0.0,0.0,1.0,-0.0,0,0
414,0.0,0.0,0.0,1.0,-0.0,0,0
415,0.0,0.0,0.0,1.0,-0.0,0,0
416,0.0,0.0,0.0,1.0,-0.0,0,0
417,0.0,0.0,0.0,1.0,-0.0,0,0
418,0.0,0.02970297029702971,0.07648795214189293,1.0,-0.0,0,0
419,0.0,0.041584158415841586,0.09039772047931348,1.0,-0.0,0,0
420,0.0,0.041584158415841586,0.09039772047931348,1.0,-0.0,0,0
421,0.0,0.05346534653465347,0.10104832334394513,1.0,-0.0,0,0
422,0.0,0.05346534653465347,0.10104832334394513,1.0,-0.0,0,0
423,0.0,0.027722772277227727,0.07461957893630407,1.0,-0.0,0,0
424,0.0,0.05940594059405942,0.11096178792967841,1.0,-0.0,0,0
425,0.0,0.12277227722772276,0.1687937332366423,1.0,-0.0,0,0
426,0.0,0.15445544554455443,0.1885456335630517,1.0,-0.0,0,0
427,0.0,0.19009900990099005,0.20561665306784296,1.0,-0.0,0,0
428,0.0,0.1861386138613861,0.20538768122280024,1.0,-0.0,0,0
429,0.0,0.1782178217821782,0.19067569294591244,1.0,-0.0,0,0
430,0.0,0.11287128712871286,0.15521519162190436,1.0,-0.0,0,0
431,0.0,0.06930693069306931,0.12084076279122662,1.0,-0.0,0,0
432,0.0,0.03564356435643565,0.07653920035678292,1.0,-0.0,0,0
433,0.0,0.03564356435643565,0.07653920035678292,1.0,-0.0,0,0
434,0.0,0.0,0.0,1.0,-0.0,0,0
435,0.0,0.0,0.0,1.0,-0.0,0,0
436,0.0,0.0,0.0,1.0,-0.0,0,0
437,0.0,0.0059405940594059415,0.03395332316729158,1.0,-0.0,0,0
438,0.0,0.0059405940594059415,0.03395332316729158,1.0,-0.0,0,0
439,0.0,0.0059405940594059415,0.03395332316729158,1.0,-0.0,0,0
440,0.0,0.0059405940594059415,0.03395332316729158,1.0,-0.0,0,0
441,0.0,0.0059405940594059415,0.03395332316729158,1.0,-0.0,0,0
442,0.0,0.0,0.0,1.0,-0.0,0,0
443,0.0,0.0,0.0,1.0,-0.0,0,0
444,0.0,0.0,0.0,1.0,-0.0,0,0
445,0.0,0.0,0.0,1.0,-0.0,0,0
446,0.0,0.0,0.0,1.0,-0.0,0,0
447,0.0,0.0039603960396039604,0.027863855998951064,1.0,-0.0,0,0
448,0.2,0.011881188118811883,0.047276579747775535,3.4586556520905853e-05,4.461092674713385,0,0
449,0.2,0.011881188118811883,0.047276579747775535,3.4586556520905853e-05,4.461092674713385,0,0
450,0.2,0.011881188118811883,0.047276579747775535,3.4586556520905853e-05,4.461092674713385,0,0
451,0.2,0.011881188118811883,0.047276579747775535,3.4586556520905853e-05,4.461092674713385,0,0
452,0.2,0.007920792079207921,0.03900537743285587,4.2303541670263104e-07,6.3736232717865695,0,0
453,0.0,0.0,0.0,1.0,-0.0,0,0
454,0.0,0.0,0.0,1.0,-0.0,0,0
455,0.0,0.0,0.0,1.0,-0.0,0,0
456,0.0,0.0039603960396039604,0.027863855998951064,1.0,-0.0,0,0
457,0.0,0.025742574257425745,0.0669763743575753,1.0,-0.0,0,0
458,0.0,0.03564356435643565,0.08154954567118415,1.0,-0.0,0,0
459,0.4,0.11089108910891088,0.15789518399405605,0.03354893442851798,1.4743212692107521,0,0
460,0.4,0.13267326732673265,0.16477341831853246,0.052359943232193576,1.2810008329761031,0,0
461,0.6,0.15445544554455448,0.179947600995427,0.0066437689013209645,2.1775854825762453,0,0
462,0.6,0.1306930693069307,0.16988206407546308,0.0028676284181979937,2.5424771244063042,0,0
463,0.6,0.12079207920792079,0.1594028657227573,0.0013223738447924675,2.8786457492540913,0,0
464,0.2,0.04554455445544554,0.08387254884969257,0.032770541076535604,1.484516387893982,0,0
465,0.2,0.023762376237623766,0.06471340450838887,0.003231121245907738,2.4906467450338194,0,0
466,0.0,0.0,0.0,1.0,-0.0,0,0
467,0.0,0.0,0.0,1.0,-0.0,0,0
468,0.0,0.017821782178217824,0.0695046684149871,1.0,-0.0,0,0
469,0.2,0.08118811881188118,0.13838736799727644,0.19529560058048645,0.7093075399437824,0,0
470,0.2,0.09702970297029702,0.14243667729389659,0.23486457313421255,0.6291824870650919,0,0
471,0.4,0.1425742574257426,0.14981608173764543,0.04287292037666871,1.367816932624782,0,0
472,0.6,0.20792079207920788,0.17558003918939316,0.012772785835845672,1.8937143696759204,0,0
473,0.6,0.19009900990099005,0.16013914153786715,0.005238802659698479,2.2807679606698574,0,0
474,0.6,0.15247524752475247,0.1644637607354148,0.0032531093752393853,2.487701334730941,0,0
475,0.6,0.13663366336633662,0.15903344954662385,0.0017862038646227095,2.7480689753310124,0,0
476,0.4,0.09108910891089106,0.13650445892763632,0.011817550991416955,1.9274725150886634,0,0
477,0.2,0.025742574257425748,0.07264925278354115,0.008228653963589664,2.084671200510098,0,0
478,0.2,0.025742574257425748,0.07264925278354115,0.008228653963589664,2.084671200510098,0,0
479,0.0,0.0,0.0,1.0,-0.0,0,0
480,0.0,0.007920792079207921,0.03900537743285587,1.0,-0.0,0,0
481,0.0,0.007920792079207921,0.03900537743285587,1.0,-0.0,0,0
482,0.0,0.007920792079207921,0.03900537743285587,1.0,-0.0,0,0
483,0.0,0.007920792079207921,0.03900537743285587,1.0,-0.0,0,0
484,0.0,0.007920792079207921,0.03900537743285587,1.0,-0.0,0,0
485,0.0,0.0,0.0,1.0,-0.0,0,0
486,0.0,0.015841584158415842,0.06090517425437505,1.0,-0.0,0,0
487,0.0,0.015841584158415842,0.06090517425437505,1.0,-0.0,0,0
488,0.0,0.03168316831683169,0.07826167463512676,1.0,-0.0,0,0
489,0.0,0.03168316831683169,0.07826167463512676,1.0,-0.0,0,0
490,0.0,0.03168316831683169,0.07826167463512676,1.0,-0.0,0,0
491,0.0,0.015841584158415842,0.054012600780142014,1.0,-0.0,0,0
492,0.0,0.015841584158415842,0.054012600780142014,1.0,-0.0,0,0
493,0.0,0.0039603960396039604,0.02786385599895107,1.0,-0.0,0,0
494,0.0,0.0039603960396039604,0.02786385599895107,1.0,-0.0,0,0
495,0.0,0.0039603960396039604,0.02786385599895107,1.0,-0.0,0,0
496,0.0,0.0039603960396039604,0.02786385599895107,1.0,-0.0,0,0
497,0.0,0.011881188118811881,0.04727657974777554,1.0,-0.0,0,0
498,0.0,0.011881188118811881,0.04727657974777554,1.0,-0.0,0,0
499,0.0,0.011881188118811881,0.04727657974777554,1.0,-0.0,0,0
500,0.0,0.011881188118811881,0.04727657974777554,1.0,-0.0,0,0
501,0.0,0.011881188118811881,0.04727657974777554,1.0,-0.0,0,0
502,0.2,0.009900990099009901,0.04338396495090425,5.885669548817499e-06,5.230204125035218,0,0
503,0.2,0.009900990099009901,0.051713128147329084,0.00011844584382923095,3.926480173722968,0,0
504,0.2,0.05148514851485149,0.1001126705723924,0.0689738517569684,1.1613155207112393,0,0
505,0.2,0.06930693069306931,0.11751770396006171,0.13304459555834874,0.8760027623516586,0,0
506,0.2,0.06930693069306931,0.11751770396006171,0.13304459555834874,0.8760027623516586,0,0
507,0.0,0.06336633663366338,0.11233152161332939,1.0,-0.0,0,0
508,0.0,0.05940594059405942,0.11096178792967841,1.0,-0.0,0,0
509,0.0,0.017821782178217824,0.05698017651460656,1.0,-0.0,0,0
510,0.0,0.017821782178217824,0.056980176514606566,1.0,-0.0,0,0
511,0.0,0.017821782178217824,0.056980176514606566,1.0,-0.0,0,0
512,0.0,0.017821782178217824,0.056980176514606566,1.0,-0.0,0,0
513,0.2,0.041584158415841586,0.09039772047931348,0.03984979219979861,1.3995739389282478,0,0
514,0.2,0.04950495049504951,0.1068206254198905,0.07943864018522008,1.0999681986152665,0,0
515,0.2,0.031683168316831684,0.08780118525701135,0.02761754819185322,1.5588148794870293,0,0
516,0.2,0.031683168316831684,0.08780118525701135,0.02761754819185322,1.5588148794870293,0,0
517,0.2,0.031683168316831684,0.08780118525701135,0.02761754819185322,1.5588148794870293,0,0
518,0.0,0.007920792079207921,0.03900537743285587,1.0,-0.0,0,0
519,0.0,0.0,0.0,1.0,-0.0,0,0
520,0.0,0.0,0.0,1.0,-0.0,0,0
521,0.0,0.0039603960396039604,0.027863855998951064,1.0,-0.0,0,0
522,0.2,0.03564356435643565,0.09074407316744237,0.03505429232785738,1.4552587959521424,0,0
523,0.2,0.08712871287128714,0.1390657415135005,0.20849918060111994,0.6808956474581438,0,0
524,0.2,0.08712871287128714,0.1390657415135005,0.20849918060111994,0.6808956474581438,0,0
525,0.2,0.08712871287128714,0.1390657415135005,0.20849918060111994,0.6808956474581438,0,0
526,0.2,0.08316831683168317,0.13864214704328154,0.1997022678188669,0.6996170032533456,0,0
527,0.0,0.06534653465346535,0.1164113937164283,1.0,-0.0,0,0
528,0.0,0.03564356435643565,0.07653920035678292,1.0,-0.0,0,0
529,0.0,0.06534653465346535,0.10571364605971598,1.0,-0.0,0,0
530,0.0,0.06534653465346535,0.10571364605971598,1.0,-0.0,0,0
531,0.0,0.07920792079207921,0.11285391563386142,1.0,-0.0,0,0
532,0.0,0.06534653465346535,0.10571364605971598,1.0,-0.0,0,0
533,0.0,0.04356435643564357,0.08721867542790195,1.0,-0.0,0,0
534,0.0,0.023762376237623763,0.07056843438101175,1.0,-0.0,0,0
535,0.0,0.023762376237623763,0.07056843438101175,1.0,-0.0,0,0
536,0.0,0.009900990099009901,0.04338396495090425,1.0,-0.0,0,0
537,0.0,0.009900990099009901,0.04338396495090425,1.0,-0.0,0,0
538,0.0,0.009900990099009901,0.04338396495090425,1.0,-0.0,0,0
539,0.0,0.0,0.0,1.0,-0.0,0,0
540,0.0,0.0,0.0,1.0,-0.0,0,0
541,0.2,0.0019801980198019802,0.019801980198019802,1.0000007619853025e-17,16.999999669074114,0,0
542,0.2,0.0019801980198019802,0.019801980198019802,1.0000007619853025e-17,16.999999669074114,0,0
543,0.2,0.0019801980198019802,0.019801980198019802,1.0000007619853025e-17,16.999999669074114,0,0
544,0.2,0.0019801980198019802,0.019801980198019802,1.0000007619853025e-17,16.999999669074114,0,0
545,0.2,0.0019801980198019802,0.019801980198019802,1.0000007619853025e-17,16.999999669074114,0,0
546,0.0,0.0,0.0,1.0,-0.0,0,0
547,0.0,0.021782178217821784,0.06836703565002801,1.0,-0.0,0,0
548,0.0,0.021782178217821784,0.06836703565002801,1.0,-0.0,0,0
549,0.0,0.05940594059405942,0.0996808946427978,1.0,-0.0,0,0
550,0.0,0.09504950495049502,0.12771893462651168,1.0,-0.0,0,0
551,0.0,0.11089108910891088,0.13923481846532235,1.0,-0.0,0,0
552,0.0,0.09306930693069305,0.12762679639066946,1.0,-0.0,0,0
553,0.0,0.09306930693069305,0.12762679639066946,1.0,-0.0,0,0
554,0.0,0.07920792079207921,0.11285391563386142,1.0,-0.0,0,0
555,0.2,0.1267326732673267,0.1427391785420998,0.30387244129620905,0.5173086850325755,0,0
556,0.4,0.14455445544554454,0.14105349559214359,0.035071707622728106,1.4550430880371352,0,0
557,0.4,0.1762376237623762,0.15742262902456866,0.07759854477739914,1.1101464230855156,0,0
558,0.8,0.30297029702970296,0.2209141428783457,0.012228369421467516,1.9126314496252597,0,0
559,0.8,0.2792079207920792,0.21262938131558207,0.007156808275626555,2.145280616983727,0,0
560,0.6,0.19801980198019797,0.1834651060895124,0.014224288867487262,1.8469694366127638,0,0
561,0.4,0.16435643564356434,0.16978971176416652,0.08259054414446305,1.0830696725459348,0,0
562,1.0,0.22376237623762374,0.1786353744371313,6.951908289130897e-06,5.157895965815302,0,0
563,0.6,0.10891089108910891,0.1335716590419014,0.0001181831816458244,3.927444322423494,0,0
564,0.8,0.12673267326732673,0.14818445096134422,2.7671635478521693e-06,5.557965171964686,0,0
565,1.4,0.17623762376237617,0.16953548350894254,2.631672580833235e-13,12.579768144382815,0,0
566,1.4,0.17623762376237617,0.16953548350894254,2.631672580833235e-13,12.579768144382815,0,0
567,1.2,0.09900990099009901,0.13386490123687583,1.0789218328595185e-16,15.967010018512164,0,0
568,1.4,0.12475247524752475,0.1511709677939985,2.6447733416670176e-17,16.57761154127764,0,0
569,1.6,0.1485148514851485,0.16082329112274815,1.0089567754981619e-17,16.996127438881754,0,0
570,1.2,0.13861386138613863,0.1482373645323794,4.0326414337391687e-13,12.394410391994716,0,0
571,1.2,0.13861386138613863,0.1482373645323794,4.0326414337391687e-13,12.394410391994716,0,0
572,0.8,0.11683168316831684,0.14146987009498416,6.858509150211274e-07,6.1637702776171945,0,0
573,0.6,0.11287128712871286,0.14736186103080443,0.0004737591673992943,3.3244423731982113,0,0
574,0.2,0.07326732673267328,0.11848138852793338,0.14239023387273103,0.8465197966586488,0,0
575,0.0,0.03564356435643565,0.08154954567118416,1.0,-0.0,0,0
576,0.0,0.03564356435643565,0.08154954567118416,1.0,-0.0,0,0
577,0.0,0.03564356435643565,0.08154954567118416,1.0,-0.0,0,0
578,0.0,0.0,0.0,1.0,-0.0,0,0
579,0.0,0.0,0.0,1.0,-0.0,0,0
580,0.0,0.0,0.0,1.0,-0.0,0,0
581,0.0,0.0,0.0,1.0,-0.0,0,0
582,0.0,0.0,0.0,1.0,-0.0,0,0
583,0.0,0.0,0.0,1.0,-0.0,0,0
584,0.0,0.0,0.0,1.0,-0.0,0,0
585,0.0,0.015841584158415842,0.05401260078014202,1.0,-0.0,0,0
586,0.0,0.015841584158415842,0.05401260078014202,1.0,-0.0,0,0
587,0.0,0.03762376237623762,0.07816140339006157,1.0,-0.0,0,0
588,0.0,0.03762376237623762,0.07816140339006157,1.0,-0.0,0,0
589,0.0,0.05544554455445545,0.09797478714338996,1.0,-0.0,0,0
590,0.4,0.07722772277227723,0.11593886073904515,0.002684759588187431,2.5710945979339663,0,0
591,0.4,0.07722772277227723,0.11593886073904515,0.002684759588187431,2.5710945979339663,0,0
592,0.6,0.10693069306930691,0.14229896414433016,0.00026509221296250215,3.576603029404161,0,0
593,0.8,0.17425742574257427,0.20616895183873854,0.0012022954197478143,2.9199888073726834,0,0
594,1.0,0.17821782178217818,0.21415454787478452,6.218904100544991e-05,4.206286140231862,0,0
595,0.6,0.14653465346534653,0.1843180400510114,0.00694233976932768,2.1584941350706623,0,0
596,0.6,0.14653465346534653,0.1843180400510114,0.00694233976932768,2.1584941350706623,0,0
597,0.4,0.09504950495049505,0.13957235791450376,0.014448391830827646,1.8401804890918363,0,0
598,0.2,0.02970297029702971,0.07648795214189293,0.012991839772286904,1.8863293442020952,0,0
599,0.0,0.007920792079207921,0.03900537743285587,1.0,-0.0,0,0
600,0.0,0.0,0.0,1.0,-0.0,0,0
601,0.0,0.0,0.0,1.0,-0.0,0,0
602,0.0,0.0,0.0,1.0,-0.0,0,0
603,0.0,0.007920792079207921,0.03900537743285587,1.0,-0.0,0,0
604,0.0,0.011881188118811881,0.047276579747775535,1.0,-0.0,0,0
605,0.0,0.011881188118811881,0.047276579747775535,1.0,-0.0,0,0
606,0.0,0.011881188118811881,0.047276579747775535,1.0,-0.0,0,0
607,0.0,0.011881188118811881,0.047276579747775535,1.0,-0.0,0,0
608,0.0,0.0039603960396039604,0.027863855998951064,1.0,-0.0,0,0
609,0.0,0.0,0.0,1.0,-0.0,0,0
610,0.0,0.0,0.0,1.0,-0.0,0,0
611,0.0,0.0,0.0,1.0,-0.0,0,0
612,0.0,0.0039603960396039604,0.027863855998951068,1.0,-0.0,0,0
613,0.0,0.007920792079207921,0.03900537743285587,1.0,-0.0,0,0
614,0.0,0.007920792079207921,0.03900537743285587,1.0,-0.0,0,0
615,0.0,0.009900990099009901,0.04338396495090424,1.0,-0.0,0,0
616,0.0,0.009900990099009901,0.04338396495090424,1.0,-0.0,0,0
617,0.0,0.0059405940594059415,0.033953323167291584,1.0,-0.0,0,0
618,0.0,0.013861386138613863,0.05807080514303042,1.0,-0.0,0,0
619,0.0,0.013861386138613863,0.05807080514303042,1.0,-0.0,0,0
620,0.2,0.025742574257425745,0.0669763743575753,0.0046371400013480064,2.3337497919853587,0,0
621,0.2,0.03168316831683169,0.0730260947112308,0.01058647624307391,1.9752485727397298,0,0
622,0.2,0.03168316831683169,0.0730260947112308,0.01058647624307391,1.9752485727397298,0,0
623,0.2,0.019801980198019802,0.059735061897023205,0.001278047474114718,2.8934530136556162,0,0
624,0.4,0.041584158415841586,0.08590499787518362,1.5081313231807476e-05,4.821560839865747,0,0
625,0.2,0.049504950495049514,0.09912864166957489,0.06448460512601868,1.1905439552382786,0,0
626,0.4,0.10297029702970298,0.12778032320714203,0.010048446341906712,1.997901082253188,0,0
627,0.4,0.10297029702970298,0.12778032320714203,0.010048446341906712,1.997901082253188,0,0
628,0.4,0.10297029702970298,0.12778032320714203,0.010048446341906712,1.997901082253188,0,0
629,0.4,0.1465346534653465,0.16140739700843432,0.058167400890974795,1.2353203414608016,0,0
630,0.6,0.18217821782178217,0.17598156946925847,0.008792652689844825,2.0558800811536107,0,0
631,0.4,0.13465346534653463,0.15443005630372467,0.0428772301104973,1.3677732780396605,0,0
632,0.4,0.15049504950495046,0.16746435256923542,0.06812541371368444,1.1666908473131041,0,0
633,0.4,0.15049504950495046,0.16746435256923542,0.06812541371368444,1.1666908473131041,0,0
634,0.2,0.08514851485148514,0.130031327995105,0.1885478753020174,0.7245783571846862,0,0
635,0.0,0.02772277227722772,0.07461957893630407,1.0,-0.0,0,0
636,0.0,0.015841584158415842,0.06090517425437506,1.0,-0.0,0,0
637,0.0,0.0,0.0,1.0,-0.0,0,0
638,0.0,0.0,0.0,1.0,-0.0,0,0
639,0.0,0.0,0.0,1.0,-0.0,0,0
640,0.0,0.0019801980198019802,0.0198019801980198,1.0,-0.0,0,0
641,0.0,0.0019801980198019802,0.0198019801980198,1.0,-0.0,0,0
642,0.0,0.0019801980198019802,0.0198019801980198,1.0,-0.0,0,0
643,0.2,0.011881188118811883,0.04727657974777555,3.458655652090612e-05,4.461092674713382,0,0
644,0.2,0.011881188118811883,0.04727657974777555,3.458655652090612e-05,4.461092674713382,0,0
645,0.2,0.009900990099009901,0.04338396495090425,5.885669548817499e-06,5.230204125035218,0,0
646,0.2,0.009900990099009901,0.04338396495090425,5.885669548817499e-06,5.230204125035218,0,0
647,0.2,0.009900990099009901,0.04338396495090425,5.885669548817499e-06,5.230204125035218,0,0
648,0.0,0.0,0.0,1.0,-0.0,0,0
649,0.0,0.041584158415841586,0.09467748980500529,1.0,-0.0,0,0
650,0.0,0.041584158415841586,0.09467748980500529,1.0,-0.0,0,0
651,0.0,0.041584158415841586,0.09467748980500529,1.0,-0.0,0,0
652,0.0,0.041584158415841586,0.09467748980500529,1.0,-0.0,0,0
653,0.0,0.041584158415841586,0.09467748980500529,1.0,-0.0,0,0
654,0.0,0.0,0.0,1.0,-0.0,0,0
655,0.0,0.0,0.0,1.0,-0.0,0,0
656,0.0,0.0019801980198019802,0.0198019801980198,1.0,-0.0,0,0
657,0.0,0.007920792079207921,0.03900537743285587,1.0,-0.0,0,0
658,0.0,0.011881188118811883,0.047276579747775535,1.0,-0.0,0,0
659,0.0,0.011881188118811883,0.047276579747775535,1.0,-0.0,0,0
660,0.0,0.011881188118811883,0.047276579747775535,1.0,-0.0,0,0
661,0.0,0.009900990099009901,0.04338396495090425,1.0,-0.0,0,0
662,0.0,0.0039603960396039604,0.02786385599895107,1.0,-0.0,0,0
663,0.0,0.0,0.0,1.0,-0.0,0,0
664,0.0,0.0,0.0,1.0,-0.0,0,0
665,0.0,0.0,0.0,1.0,-0.0,0,0
666,0.2,0.033663366336633666,0.07994704648786674,0.018735949469970602,1.7273242935431963,0,0
667,0.6,0.07920792079207921,0.12293186689242579,1.1355153559807404e-05,4.944806988284752,0,0
668,0.6,0.07920792079207921,0.12293186689242579,1.1355153559807404e-05,4.944806988284752,0,0
669,0.6,0.08514851485148514,0.12379009590564582,1.59774052514331e-05,4.796493749207464,0,0
670,0.6,0.08514851485148514,0.12379009590564582,1.59774052514331e-05,4.796493749207464,0,0
671,0.6,0.10495049504950493,0.12771893462651168,5.3075208232049404e-05,4.27510829327402,0,0
672,0.6,0.2079207920792079,0.1948257247722589,0.02208567245422131,1.6558893730090944,0,0
673,0.6,0.21980198019801975,0.2039315561653939,0.031136896187949507,1.506724681287127,0,0
674,0.6,0.29108910891089107,0.24780182512412924,0.10627126007123207,0.9735841699083011,0,0
675,0.6,0.3069306930693069,0.2510403800671759,0.12152060295015728,0.9153500842960557,0,0
676,0.8,0.3247524752475249,0.25462297524688565,0.030987439913547198,1.5088143023456289,0,0
677,0.4,0.20594059405940596,0.19590954781832298,0.16095118109806217,0.793305832010434,0,0
678,0.4,0.19405940594059404,0.18764923153239027,0.13621660640167937,0.8657699436054812,0,0
679,0.4,0.11485148514851484,0.16006566636008887,0.03741972096093736,1.4268994553602468,0,0
680,0.4,0.09900990099009899,0.1531808285609007,0.024710983489837947,1.607109969461951,0,0
681,0.0,0.027722772277227727,0.07975061610139514,1.0,-0.0,0,0
682,0.0,0.0,0.0,1.0,-0.0,0,0
683,0.0,0.0,0.0,1.0,-0.0,0,0
684,0.0,0.0,0.0,1.0,-0.0,0,0
685,0.0,0.0,0.0,1.0,-0.0,0,0
686,0.0,0.0,0.0,1.0,-0.0,0,0
687,0.0,0.0,0.0,1.0,-0.0,0,0
688,0.0,0.0,0.0,1.0,-0.0,0,0
689,0.0,0.0,0.0,1.0,-0.0,0,0
690,0.0,0.0039603960396039604,0.027863855998951064,1.0,-0.0,0,0
691,0.0,0.0039603960396039604,0.027863855998951064,1.0,-0.0,0,0
692,0.0,0.0039603960396039604,0.027863855998951064,1.0,-0.0,0,0
693,0.0,0.0039603960396039604,0.027863855998951064,1.0,-0.0,0,0
694,0.0,0.0039603960396039604,0.027863855998951064,1.0,-0.0,0,0
695,0.0,0.0,0.0,1.0,-0.0,0,0
696,0.0,0.0,0.0,1.0,-0.0,0,0
697,0.0,0.0,0.0,1.0,-0.0,0,0
698,0.0,0.0,0.0,1.0,-0.0,0,0
699,0.0,0.0,0.0,1.0,-0.0,0,0
700,0.0,0.0,0.0,1.0,-0.0,0,0
701,0.0,0.0,0.0,1.0,-0.0,0,0
702,0.0,0.007920792079207921,0.03900537743285587,1.0,-0.0,0,0
703,0.0,0.007920792079207921,0.03900537743285587,1.0,-0.0,0,0
704,0.0,0.007920792079207921,0.03900537743285587,1.0,-0.0,0,0
705,0.0,0.007920792079207921,0.03900537743285587,1.0,-0.0,0,0
706,0.0,0.017821782178217824,0.05698017651460656,1.0,-0.0,0,0
707,0.0,0.009900990099009901,0.04338396495090424,1.0,-0.0,0,0
708,0.0,0.009900990099009901,0.04338396495090424,1.0,-0.0,0,0
709,0.0,0.009900990099009901,0.04338396495090424,1.0,-0.0,0,0
710,0.0,0.009900990099009901,0.04338396495090424,1.0,-0.0,0,0
711,0.0,0.0,0.0,1.0,-0.0,0,0
712,0.0,0.0,0.0,1.0,-0.0,0,0
713,0.0,0.0,0.0,1.0,-0.0,0,0
714,0.0,0.0,0.0,1.0,-0.0,0,0
715,0.0,0.0,0.0,1.0,-0.0,0,0
716,0.0,0.0,0.0,1.0,-0.0,0,0
717,0.0,0.0,0.0,1.0,-0.0,0,0
718,0.0,0.0,0.0,1.0,-0.0,0,0
719,0.0,0.0,0.0,1.0,-0.0,0,0
720,0.0,0.05346534653465347,0.10104832334394513,1.0,-0.0,0,0
721,0.0,0.05346534653465347,0.10104832334394513,1.0,-0.0,0,0
722,0.0,0.05346534653465347,0.10104832334394513,1.0,-0.0,0,0
723,0.0,0.06732673267326733,0.1135467024699521,1.0,-0.0,0,0
724,0.0,0.06732673267326733,0.1135467024699521,1.0,-0.0,0,0
725,0.0,0.013861386138613863,0.05079507064705211,1.0,-0.0,0,0
726,0.0,0.05346534653465347,0.10860442931328386,1.0,-0.0,0,0
727,0.0,0.05346534653465347,0.10860442931328386,1.0,-0.0,0,0
728,0.0,0.039603960396039604,0.08908690597387718,1.0,-0.0,0,0
729,0.0,0.06732673267326733,0.11698261772468857,1.0,-0.0,0,0
730,0.0,0.06732673267326733,0.11698261772468857,1.0,-0.0,0,0
731,0.0,0.10099009900990098,0.13386490123687583,1.0,-0.0,0,0
732,0.0,0.10099009900990098,0.13386490123687583,1.0,-0.0,0,0
733,0.0,0.10099009900990098,0.13386490123687583,1.0,-0.0,0,0
734,0.0,0.07326732673267326,0.1115960618107356,1.0,-0.0,0,0
735,0.0,0.10495049504950495,0.1367053908443026,1.0,-0.0,0,0
736,0.0,0.031683168316831684,0.0730260947112308,1.0,-0.0,0,0
737,0.0,0.047524752475247525,0.0939707763778588,1.0,-0.0,0,0
738,0.0,0.047524752475247525,0.0939707763778588,1.0,-0.0,0,0
739,0.0,0.12079207920792079,0.1517663861889879,1.0,-0.0,0,0
740,0.0,0.08910891089108909,0.13042276277287215,1.0,-0.0,0,0
741,0.0,0.08910891089108909,0.13042276277287215,1.0,-0.0,0,0
742,0.0,0.07326732673267328,0.12177815335858849,1.0,-0.0,0,0
743,0.0,0.18217821782178217,0.18476425418501982,1.0,-0.0,0,0
744,0.0,0.20990099009900987,0.18958263199843847,1.0,-0.0,0,0
745,0.0,0.20990099009900987,0.18958263199843847,1.0,-0.0,0,0
746,0.0,0.20990099009900987,0.18958263199843847,1.0,-0.0,0,0
747,0.0,0.2356435643564356,0.2094708838274517,1.0,-0.0,0,0
748,0.0,0.1267326732673267,0.1609938742509136,1.0,-0.0,0,0
749,0.0,0.025742574257425745,0.07264925278354116,1.0,-0.0,0,0
750,0.0,0.0297029702970297,0.07648795214189293,1.0,-0.0,0,0
751,0.0,0.0297029702970297,0.07648795214189293,1.0,-0.0,0,0
752,0.0,0.021782178217821784,0.06230547612891991,1.0,-0.0,0,0
753,0.0,0.021782178217821784,0.06230547612891991,1.0,-0.0,0,0
754,0.0,0.021782178217821784,0.06230547612891991,1.0,-0.0,0,0
755,0.0,0.017821782178217824,0.056980176514606566,1.0,-0.0,0,0
756,0.0,0.017821782178217824,0.056980176514606566,1.0,-0.0,0,0
757,0.0,0.0,0.0,1.0,-0.0,0,0
758,0.0,0.0,0.0,1.0,-0.0,0,0
759,0.0,0.0,0.0,1.0,-0.0,0,0
760,0.0,0.009900990099009901,0.04338396495090424,1.0,-0.0,0,0
761,0.0,0.009900990099009901,0.04338396495090424,1.0,-0.0,0,0
762,0.0,0.009900990099009901,0.04338396495090424,1.0,-0.0,0,0
763,0.0,0.021782178217821784,0.06230547612891991,1.0,-0.0,0,0
764,0.0,0.021782178217821784,0.06230547612891991,1.0,-0.0,0,0
765,0.0,0.011881188118811883,0.047276579747775535,1.0,-0.0,0,0
766,0.0,0.011881188118811883,0.047276579747775535,1.0,-0.0,0,0
767,0.0,0.011881188118811883,0.047276579747775535,1.0,-0.0,0,0
768,0.0,0.015841584158415842,0.06090517425437506,1.0,-0.0,0,0
769,0.0,0.015841584158415842,0.06090517425437506,1.0,-0.0,0,0
770,0.0,0.015841584158415842,0.06090517425437506,1.0,-0.0,0,0
771,0.0,0.015841584158415842,0.06090517425437506,1.0,-0.0,0,0
772,0.0,0.03564356435643565,0.08154954567118415,1.0,-0.0,0,0
773,0.0,0.057425742574257435,0.09885135821266286,1.0,-0.0,0,0
774,0.0,0.09504950495049506,0.11805036483793176,1.0,-0.0,0,0
775,0.0,0.1089108910891089,0.12750384183766533,1.0,-0.0,0,0
776,0.0,0.1089108910891089,0.12750384183766533,1.0,-0.0,0,0
777,0.0,0.0891089108910891,0.12420120222231065,1.0,-0.0,0,0
778,0.0,0.05148514851485149,0.10399339410297728,1.0,-0.0,0,0
779,0.2,0.05544554455445545,0.10943169805661862,0.0932580219618135,1.030313800335309,0,0
780,0.2,0.04158415841584159,0.0946774898050053,0.04714244196908596,1.326587924861529,0,0
781,0.4,0.0594059405940594,0.10357779667819421,0.0005039858459677199,3.297581660190253,0,0
782,0.6,0.10495049504950496,0.13377699607171914,0.0001075630395877488,3.968336933693673,0,0
783,0.6,0.10495049504950496,0.13377699607171914,0.0001075630395877488,3.968336933693673,0,0
784,0.6,0.12475247524752472,0.1511709677939985,0.0008339178257515209,3.078876742624791,0,0
785,0.6,0.12475247524752472,0.1511709677939985,0.0008339178257515209,3.078876742624791,0,0
786,0.4,0.10693069306930691,0.13661931335176508,0.015970314734999692,1.7966865249180772,0,0
787,0.2,0.061386138613861385,0.10046456153636295,0.0838350619107784,1.0765743106091497,0,0
788,0.2,0.061386138613861385,0.10046456153636295,0.0838350619107784,1.0765743106091497,0,0
789,0.0,0.0,0.0,1.0,-0.0,0,0
790,0.0,0.0,0.0,1.0,-0.0,0,0
791,0.0,0.0,0.0,1.0,-0.0,0,0
792,0.0,0.0,0.0,1.0,-0.0,0,0
793,0.0,0.0,0.0,1.0,-0.0,0,0
794,0.0,0.0,0.0,1.0,-0.0,0,0
795,0.0,0.0,0.0,1.0,-0.0,0,0
796,0.0,0.0,0.0,1.0,-0.0,0,0
797,0.0,0.0,0.0,1.0,-0.0,0,0
798,0.0,0.0,0.0,1.0,-0.0,0,0
799,0.0,0.0,0.0,1.0,-0.0,0,0
800,0.0,0.0,0.0,1.0,-0.0,0,0
801,0.0,0.0,0.0,1.0,-0.0,0,0
802,0.0,0.0,0.0,1.0,-0.0,0,0
803,0.0,0.0,0.0,1.0,-0.0,0,0
804,0.0,0.0,0.0,1.0,-0.0,0,0
805,0.0,0.0,0.0,1.0,-0.0,0,0
806,0.0,0.0,0.0,1.0,-0.0,0,0
807,0.0,0.0,0.0,1.0,-0.0,0,0
808,0.0,0.0,0.0,1.0,-0.0,0,0
809,0.0,0.0,0.0,1.0,-0.0,0,0
810,0.0,0.0,0.0,1.0,-0.0,0,0
811,0.0,0.0,0.0,1.0,-0.0,0,0
812,0.0,0.0,0.0,1.0,-0.0,0,0
813,0.0,0.0,0.0,1.0,-0.0,0,0
814,0.0,0.0,0.0,1.0,-0.0,0,0
815,0.0,0.0,0.0,1.0,-0.0,0,0
816,0.2,0.01386138613861386,0.05079507064705211,0.00012391038159364294,3.90689230556944,0,0
817,0.2,0.07920792079207921,0.11966689053257921,0.1563907784536167,0.8057888585957333,0,0
818,0.2,0.07920792079207921,0.11966689053257921,0.1563907784536167,0.8057888585957333,0,0
819,0.2,0.07920792079207921,0.11966689053257921,0.1563907784536167,0.8057888585957333,0,0
820,0.2,0.07920792079207921,0.11966689053257921,0.1563907784536167,0.8057888585957333,0,0
821,0.0,0.08712871287128714,0.1207758469859557,1.0,-0.0,0,0
822,0.0,0.021782178217821784,0.06836703565002801,1.0,-0.0,0,0
823,0.0,0.021782178217821784,0.06836703565002801,1.0,-0.0,0,0
824,0.0,0.021782178217821784,0.06836703565002801,1.0,-0.0,0,0
825,0.0,0.021782178217821784,0.06836703565002801,1.0,-0.0,0,0
826,0.0,0.0,0.0,1.0,-0.0,0,0
827,0.0,0.0,0.0,1.0,-0.0,0,0
828,0.0,0.0,0.0,1.0,-0.0,0,0
829,0.0,0.0,0.0,1.0,-0.0,0,0
830,0.0,0.0,0.0,1.0,-0.0,0,0
831,0.0,0.0,0.0,1.0,-0.0,0,0
832,0.0,0.0,0.0,1.0,-0.0,0,0
833,0.0,0.0,0.0,1.0,-0.0,0,0
834,0.0,0.0,0.0,1.0,-0.0,0,0
835,0.0,0.0,0.0,1.0,-0.0,0,0
836,0.0,0.0,0.0,1.0,-0.0,0,0
837,0.0,0.0,0.0,1.0,-0.0,0,0
838,0.0,0.07326732673267328,0.1115960618107356,1.0,-0.0,0,0
839,0.0,0.07326732673267328,0.1115960618107356,1.0,-0.0,0,0
840,0.0,0.09108910891089109,0.13357165904190144,1.0,-0.0,0,0
841,0.0,0.09108910891089109,0.13357165904190144,1.0,-0.0,0,0
842,0.0,0.09108910891089109,0.13357165904190144,1.0,-0.0,0,0
843,0.0,0.017821782178217824,0.05698017651460656,1.0,-0.0,0,0
844,0.0,0.017821782178217824,0.05698017651460656,1.0,-0.0,0,0
845,0.0,0.0,0.0,1.0,-0.0,0,0
846,0.0,0.0,0.0,1.0,-0.0,0,0
847,0.0,0.0,0.0,1.0,-0.0,0,0
848,0.0,0.009900990099009901,0.04338396495090424,1.0,-0.0,0,0
849,0.0,0.009900990099009901,0.04338396495090424,1.0,-0.0,0,0
850,0.0,0.009900990099009901,0.04338396495090424,1.0,-0.0,0,0
851,0.0,0.009900990099009901,0.04338396495090424,1.0,-0.0,0,0
852,0.0,0.009900990099009901,0.04338396495090424,1.0,-0.0,0,0
853,0.0,0.0,0.0,1.0,-0.0,0,0
854,0.0,0.0,0.0,1.0,-0.0,0,0
855,0.0,0.0,0.0,1.0,-0.0,0,0
856,0.0,0.0,0.0,1.0,-0.0,0,0
857,0.0,0.0,0.0,1.0,-0.0,0,0
858,0.0,0.0,0.0,1.0,-0.0,0,0
859,0.0,0.0,0.0,1.0,-0.0,0,0
860,0.0,0.0,0.0,1.0,-0.0,0,0
861,0.0,0.0,0.0,1.0,-0.0,0,0
862,0.0,0.0,0.0,1.0,-0.0,0,0
863,0.0,0.021782178217821784,0.06230547612891991,1.0,-0.0,0,0
864,0.0,0.039603960396039604,0.0890869059738772,1.0,-0.0,0,0
865,0.0,0.061386138613861385,0.10433219700847123,1.0,-0.0,0,0
866,0.0,0.061386138613861385,0.10433219700847123,1.0,-0.0,0,0
867,0.0,0.061386138613861385,0.10433219700847123,1.0,-0.0,0,0
868,0.0,0.039603960396039604,0.07970143286137865,1.0,-0.0,0,0
869,0.0,0.021782178217821784,0.06230547612891991,1.0,-0.0,0,0
870,0.0,0.0,0.0,1.0,-0.0,0,0
871,0.0,0.0,0.0,1.0,-0.0,0,0
872,0.0,0.0,0.0,1.0,-0.0,0,0
873,0.0,0.0,0.0,1.0,-0.0,0,0
874,0.0,0.0712871287128713,0.11110305060677654,1.0,-0.0,0,0
875,0.0,0.10297029702970298,0.1367627457412436,1.0,-0.0,0,0
876,0.0,0.10297029702970298,0.1367627457412436,1.0,-0.0,0,0
877,0.0,0.10297029702970298,0.1367627457412436,1.0,-0.0,0,0
878,0.0,0.16831683168316827,0.17515520306927512,1.0,-0.0,0,0
879,0.0,0.1287128712871287,0.15564406822280066,1.0,-0.0,0,0
880,0.0,0.10297029702970298,0.12142344330103677,1.0,-0.0,0,0
881,0.0,0.10297029702970298,0.12142344330103677,1.0,-0.0,0,0
882,0.0,0.12079207920792079,0.1292145592164392,1.0,-0.0,0,0
883,0.0,0.07920792079207921,0.11966689053257921,1.0,-0.0,0,0
884,0.0,0.06336633663366337,0.11233152161332939,1.0,-0.0,0,0
885,0.0,0.08118811881188118,0.11664694237642095,1.0,-0.0,0,0
886,0.0,0.0891089108910891,0.12097048989545554,1.0,-0.0,0,0
887,0.0,0.08118811881188118,0.11664694237642095,1.0,-0.0,0,0
888,0.0,0.057425742574257435,0.09885135821266286,1.0,-0.0,0,0
889,0.0,0.039603960396039604,0.08452453849668534,1.0,-0.0,0,0
890,0.0,0.015841584158415842,0.054012600780142014,1.0,-0.0,0,0
891,0.0,0.021782178217821784,0.062305476128919915,1.0,-0.0,0,0
892,0.0,0.013861386138613863,0.050795070647052104,1.0,-0.0,0,0
893,0.0,0.013861386138613863,0.050795070647052104,1.0,-0.0,0,0
894,0.0,0.025742574257425745,0.0669763743575753,1.0,-0.0,0,0
895,0.0,0.025742574257425745,0.0669763743575753,1.0,-0.0,0,0
896,0.0,0.017821782178217824,0.0635517090529949,1.0,-0.0,0,0
897,0.0,0.017821782178217824,0.0635517090529949,1.0,-0.0,0,0
898,0.0,0.017821782178217824,0.0635517090529949,1.0,-0.0,0,0
899,0.0,0.0059405940594059415,0.03395332316729158,1.0,-0.0,0,0
900,0.0,0.0059405940594059415,0.03395332316729158,1.0,-0.0,0,0
901,0.0,0.0,0.0,1.0,-0.0,0,0
902,0.0,0.0,0.0,1.0,-0.0,0,0
903,0.0,0.0,0.0,1.0,-0.0,0,0
904,0.0,0.015841584158415842,0.054012600780142014,1.0,-0.0,0,0
905,0.0,0.015841584158415842,0.054012600780142014,1.0,-0.0,0,0
906,0.0,0.015841584158415842,0.054012600780142014,1.0,-0.0,0,0
907,0.0,0.017821782178217824,0.0635517090529949,1.0,-0.0,0,0
908,0.0,0.017821782178217824,0.0635517090529949,1.0,-0.0,0,0
909,0.0,0.0019801980198019802,0.019801980198019802,1.0,-0.0,0,0
910,0.0,0.0019801980198019802,0.019801980198019802,1.0,-0.0,0,0
911,0.0,0.0019801980198019802,0.019801980198019802,1.0,-0.0,0,0
912,0.0,0.0,0.0,1.0,-0.0,0,0
913,0.0,0.0,0.0,1.0,-0.0,0,0
914,0.0,0.0,0.0,1.0,-0.0,0,0
915,0.0,0.0,0.0,1.0,-0.0,0,0
916,0.0,0.019801980198019806,0.0597350618970232,1.0,-0.0,0,0
917,0.0,0.019801980198019806,0.0597350618970232,1.0,-0.0,0,0
918,0.0,0.019801980198019806,0.0597350618970232,1.0,-0.0,0,0
919,0.0,0.019801980198019806,0.0597350618970232,1.0,-0.0,0,0
920,0.0,0.04356435643564357,0.08721867542790195,1.0,-0.0,0,0
921,0.0,0.05346534653465347,0.10489443673781407,1.0,-0.0,0,0
922,0.0,0.06930693069306931,0.11751770396006174,1.0,-0.0,0,0
923,0.0,0.06930693069306931,0.11751770396006174,1.0,-0.0,0,0
924,0.0,0.06930693069306931,0.11751770396006174,1.0,-0.0,0,0
925,0.0,0.04554455445544555,0.09700949476369022,1.0,-0.0,0,0
926,0.0,0.031683168316831684,0.08316831683168317,1.0,-0.0,0,0
927,0.0,0.015841584158415842,0.05401260078014202,1.0,-0.0,0,0
928,0.0,0.015841584158415842,0.05401260078014202,1.0,-0.0,0,0
929,0.0,0.015841584158415842,0.05401260078014202,1.0,-0.0,0,0
930,0.0,0.015841584158415842,0.05401260078014202,1.0,-0.0,0,0
931,0.0,0.0,0.0,1.0,-0.0,0,0
932,0.0,0.0,0.0,1.0,-0.0,0,0
933,0.0,0.0,0.0,1.0,-0.0,0,0
934,0.0,0.0,0.0,1.0,-0.0,0,0
935,0.0,0.0,0.0,1.0,-0.0,0,0
936,0.0,0.0,0.0,1.0,-0.0,0,0
937,0.0,0.0,0.0,1.0,-0.0,0,0
938,0.0,0.007920792079207921,0.03900537743285587,1.0,-0.0,0,0
939,0.0,0.007920792079207921,0.03900537743285587,1.0,-0.0,0,0
940,0.0,0.007920792079207921,0.03900537743285587,1.0,-0.0,0,0
941,0.0,0.07326732673267328,0.11848138852793338,1.0,-0.0,0,0
942,0.2,0.15643564356435644,0.17711429524750807,0.4028537041863341,0.3948526387214619,0,0
943,0.2,0.1485148514851485,0.17269779097358529,0.38280472129963466,0.41702271451657796,0,0
944,0.2,0.18019801980198016,0.18563234289517566,0.45752415613655495,0.3395859713246172,0,0
945,0.2,0.19207920792079203,0.20083152306547483,0.484269800990878,0.3149126126630317,0,0
946,0.2,0.12475247524752472,0.16374693140141006,0.32292483970399394,0.4908985473288778,0,0
947,0.0,0.05148514851485149,0.10773441987117185,1.0,-0.0,0,0
948,0.0,0.05148514851485149,0.10773441987117185,1.0,-0.0,0,0
949,0.2,0.11287128712871287,0.14464936528910635,0.2734725071303193,0.5630863278378737,0,0
950,0.2,0.100990099009901,0.1367914141716479,0.23459364655241444,0.629683753962141,0,0
951,0.2,0.11683168316831684,0.14146987009498416,0.27830402559675094,0.555480511661606,0,0
952,0.2,0.11881188118811883,0.154607693433213,0.2997487024529849,0.5232426881915102,0,0
953,0.2,0.1287128712871287,0.1630990913423683,0.3310271594374545,0.48013637265953535,0,0
954,0.0,0.03564356435643565,0.08626938974571076,1.0,-0.0,0,0
955,0.2,0.10891089108910887,0.14218869759220787,0.26088437726569524,0.5835519273024177,0,0
956,0.2,0.09306930693069305,0.12448501897427097,0.19517455309290543,0.7095768064016368,0,0
957,0.2,0.08316831683168316,0.12028786177019753,0.16570755996746261,0.7806576775960139,0,0
958,0.2,0.07326732673267328,0.11848138852793338,0.14239023387273103,0.8465197966586488,0,0
959,0.2,0.07326732673267328,0.11848138852793338,0.14239023387273103,0.8465197966586488,0,0
960,0.0,0.03564356435643565,0.07653920035678292,1.0,-0.0,0,0
961,0.0,0.03564356435643565,0.07653920035678292,1.0,-0.0,0,0
962,0.0,0.03564356435643565,0.07653920035678292,1.0,-0.0,0,0
963,0.0,0.06336633663366337,0.10504385908811757,1.0,-0.0,0,0
964,0.0,0.06336633663366337,0.10504385908811757,1.0,-0.0,0,0
965,0.0,0.02772277227722772,0.07461957893630407,1.0,-0.0,0,0
966,0.0,0.02772277227722772,0.07461957893630407,1.0,-0.0,0,0
967,0.0,0.13267326732673265,0.1414975848312859,1.0,-0.0,0,0
968,0.0,0.10297029702970294,0.127780323207142,1.0,-0.0,0,0
969,0.0,0.10297029702970294,0.127780323207142,1.0,-0.0,0,0
970,0.0,0.10297029702970294,0.127780323207142,1.0,-0.0,0,0
971,0.0,0.13465346534653463,0.13818888176132993,1.0,-0.0,0,0
972,0.0,0.039603960396039604,0.08452453849668534,1.0,-0.0,0,0
973,0.0,0.05940594059405942,0.0996808946427978,1.0,-0.0,0,0
974,0.0,0.05940594059405942,0.0996808946427978,1.0,-0.0,0,0
975,0.0,0.07722772277227724,0.1193059036149867,1.0,-0.0,0,0
976,0.0,0.07524752475247526,0.11553229422427584,1.0,-0.0,0,0
977,0.0,0.13069306930693067,0.16273806583211367,1.0,-0.0,0,0
978,0.0,0.15445544554455443,0.1842967648111355,1.0,-0.0,0,0
979,0.0,0.17821782178217818,0.19274153441415962,1.0,-0.0,0,0
980,0.0,0.1742574257425742,0.1794675653128269,1.0,-0.0,0,0
981,0.0,0.17029702970297025,0.17208365134574602,1.0,-0.0,0,0
982,0.0,0.18217821782178217,0.17821782178217824,1.0,-0.0,0,0
983,0.0,0.22574257425742572,0.20229057883757837,1.0,-0.0,0,0
984,0.0,0.22178217821782176,0.19478546736408614,1.0,-0.0,0,0
985,0.0,0.2079207920792079,0.18438185104134303,1.0,-0.0,0,0
986,0.0,0.2732673267326733,0.19644921703344012,1.0,-0.0,0,0
987,0.0,0.21980198019801975,0.19192603875585632,1.0,-0.0,0,0
988,0.0,0.16633663366336632,0.17364880212589112,1.0,-0.0,0,0
989,0.0,0.14653465346534653,0.1662423117767553,1.0,-0.0,0,0
990,0.0,0.14653465346534653,0.1662423117767553,1.0,-0.0,0,0
991,0.0,0.05544554455445544,0.09797478714338996,1.0,-0.0,0,0
992,0.0,0.031683168316831684,0.07826167463512675,1.0,-0.0,0,0
993,0.0,0.009900990099009901,0.04338396495090424,1.0,-0.0,0,0
994,0.0,0.013861386138613863,0.05079507064705211,1.0,-0.0,0,0
995,0.0,0.11683168316831682,0.13864214704328154,1.0,-0.0,0,0
996,0.0,0.11683168316831682,0.13864214704328154,1.0,-0.0,0,0
997,0.0,0.11683168316831682,0.13864214704328154,1.0,-0.0,0,0
998,0.0,0.11089108910891088,0.13042276277287215,1.0,-0.0,0,0
999,0.0,0.13465346534653463,0.14380655568606182,1.0,-0.0,0,0
1000,0.0,0.061386138613861385,0.11166631429601336,1.0,-0.0,0,0
1001,0.0,0.12475247524752475,0.16851473513974877,1.0,-0.0,0,0
1002,0.0,0.13861386138613863,0.1774239745315019,1.0,-0.0,0,0
1003,0.0,0.17821782178217818,0.2027552591868547,1.0,-0.0,0,0
1004,0.0,0.1613861386138614,0.19648913356682648,1.0,-0.0,0,0
1005,0.0,0.12871287128712872,0.18580125316023605,1.0,-0.0,0,0
1006,0.0,0.0712871287128713,0.12132652421418132,1.0,-0.0,0,0
1007,0.0,0.057425742574257435,0.10656335878870264,1.0,-0.0,0,0
1008,0.0,0.09702970297029702,0.12464241569787099,1.0,-0.0,0,0
1009,0.0,0.0871287128712871,0.1207758469859557,1.0,-0.0,0,0
1010,0.0,0.0871287128712871,0.1207758469859557,1.0,-0.0,0,0
1011,0.0,0.08118811881188118,0.10964648079134362,1.0,-0.0,0,0
1012,0.0,0.10297029702970295,0.12142344330103674,1.0,-0.0,0,0
1013,0.0,0.07524752475247524,0.1345369326848557,1.0,-0.0,0,0
1014,0.0,0.1267326732673267,0.1534365990321625,1.0,-0.0,0,0
