,foreground,bg_means,bg_stdev,pvals,minus_logs,regs,active
2,0.0,0.025742574257425745,0.06697637435757531,1.0,-0.0,0,0
3,0.0,0.025742574257425745,0.06697637435757531,1.0,-0.0,0,0
4,0.0,0.04554455445544554,0.08846854615322249,1.0,-0.0,0,0
5,0.0,0.10693069306930691,0.14776046024695155,1.0,-0.0,0,0
6,0.0,0.08118811881188118,0.11999411807954947,1.0,-0.0,0,0
7,0.0,0.08118811881188118,0.11999411807954947,1.0,-0.0,0,0
8,0.0,0.08118811881188118,0.11999411807954947,1.0,-0.0,0,0
9,0.0,0.11485148514851484,0.15246238855382302,1.0,-0.0,0,0
10,0.0,0.05346534653465348,0.10489443673781407,1.0,-0.0,0,0
11,0.0,0.0891089108910891,0.13042276277287218,1.0,-0.0,0,0
12,0.0,0.12475247524752475,0.14852805221860732,1.0,-0.0,0,0
13,0.0,0.12475247524752475,0.14852805221860732,1.0,-0.0,0,0
14,0.0,0.0712871287128713,0.10747934055534188,1.0,-0.0,0,0
15,0.0,0.0712871287128713,0.10747934055534188,1.0,-0.0,0,0
16,0.0,0.03564356435643565,0.07653920035678292,1.0,-0.0,0,0
17,0.0,0.0,0.0,1.0,-0.0,0,0
18,0.0,0.0,0.0,1.0,-0.0,0,0
19,0.0,0.0,0.0,1.0,-0.0,0,0
20,0.4,0.07326732673267326,0.11509022642946842,0.0022632803634886505,2.6452616445542345,0,0
21,0.4,0.07326732673267326,0.11509022642946842,0.0022632803634886505,2.6452616445542345,0,0
22,0.4,0.07326732673267326,0.11509022642946842,0.0022632803634886505,2.6452616445542345,0,0
23,0.4,0.09900990099009901,0.1367914141716479,0.013890748332252295,1.8572743570115982,0,0
24,0.6,0.12673267326732673,0.15599637537608815,0.0012073306560643371,2.9181737717933407,0,0
25,0.2,0.05346534653465347,0.10860442931328385,0.08862815178171941,1.052428307215703,0,0
26,0.2,0.05346534653465347,0.10860442931328385,0.08862815178171941,1.052428307215703,0,0
27,0.2,0.05346534653465347,0.10860442931328385,0.08862815178171941,1.052428307215703,0,0
28,0.2,0.027722772277227727,0.07461957893630407,0.010478998804251384,1.9796802091996195,0,0
29,0.0,0.0,0.0,1.0,-0.0,0,0
30,0.0,0.0,0.0,1.0,-0.0,0,0
31,0.0,0.0,0.0,1.0,-0.0,0,0
32,0.0,0.0,0.0,1.0,-0.0,0,0
33,0.0,0.0,0.0,1.0,-0.0,0,0
34,0.0,0.0,0.0,1.0,-0.0,0,0
35,0.0,0.033663366336633666,0.07482947971362845,1.0,-0.0,0,0
36,0.0,0.033663366336633666,0.07482947971362845,1.0,-0.0,0,0
37,0.0,0.033663366336633666,0.07482947971362845,1.0,-0.0,0,0
38,0.0,0.033663366336633666,0.07482947971362845,1.0,-0.0,0,0
39,0.0,0.033663366336633666,0.07482947971362845,1.0,-0.0,0,0
40,0.0,0.013861386138613863,0.05079507064705211,1.0,-0.0,0,0
41,0.0,0.013861386138613863,0.05079507064705211,1.0,-0.0,0,0
42,0.0,0.013861386138613863,0.05079507064705211,1.0,-0.0,0,0
43,0.0,0.013861386138613863,0.05079507064705211,1.0,-0.0,0,0
44,0.0,0.013861386138613863,0.05079507064705211,1.0,-0.0,0,0
45,0.0,0.0,0.0,1.0,-0.0,0,0
46,0.0,0.0,0.0,1.0,-0.0,0,0
47,0.0,0.0,0.0,1.0,-0.0,0,0
48,0.0,0.0,0.0,1.0,-0.0,0,0
49,0.0,0.0,0.0,1.0,-0.0,0,0
50,0.0,0.0,0.0,1.0,-0.0,0,0
51,0.0,0.0,0.0,1.0,-0.0,0,0
52,0.0,0.0,0.0,1.0,-0.0,0,0
53,0.0,0.0,0.0,1.0,-0.0,0,0
54,0.0,0.0,0.0,1.0,-0.0,0,0
55,0.0,0.023762376237623766,0.06471340450838889,1.0,-0.0,0,0
56,0.0,0.023762376237623766,0.06471340450838889,1.0,-0.0,0,0
57,0.0,0.023762376237623766,0.06471340450838889,1.0,-0.0,0,0
58,0.0,0.023762376237623766,0.06471340450838889,1.0,-0.0,0,0
59,0.0,0.023762376237623766,0.06471340450838889,1.0,-0.0,0,0
60,0.2,0.017821782178217824,0.05698017651460656,0.0006937928196726553,3.15877019915046,0,0
61,0.2,0.017821782178217824,0.05698017651460656,0.0006937928196726553,3.15877019915046,0,0
62,0.2,0.017821782178217824,0.05698017651460656,0.0006937928196726553,3.15877019915046,0,0
63,0.2,0.017821782178217824,0.05698017651460656,0.0006937928196726553,3.15877019915046,0,0
64,0.2,0.017821782178217824,0.05698017651460656,0.0006937928196726553,3.15877019915046,0,0
65,0.0,0.0,0.0,1.0,-0.0,0,0
66,0.0,0.0,0.0,1.0,-0.0,0,0
67,0.0,0.021782178217821784,0.06230547612891991,1.0,-0.0,0,0
68,0.0,0.021782178217821784,0.06230547612891991,1.0,-0.0,0,0
69,0.0,0.021782178217821784,0.06230547612891991,1.0,-0.0,0,0
70,0.2,0.0594059405940594,0.0956253185556407,0.07074570539322597,1.1502999187808283,0,0
71,0.4,0.08316831683168316,0.11694909354640316,0.0033728746429155083,2.4719997996058622,0,0
72,0.4,0.0613861386138614,0.10433219700847123,0.0005861494943187688,3.231991605351054,0,0
73,0.4,0.0613861386138614,0.10433219700847123,0.0005861494943187688,3.231991605351054,0,0
74,0.4,0.0613861386138614,0.10433219700847123,0.0005861494943187688,3.231991605351054,0,0
75,0.2,0.023762376237623766,0.07056843438101175,0.00625538335613176,2.203746069767374,0,0
76,0.0,0.0,0.0,1.0,-0.0,0,0
77,0.0,0.0,0.0,1.0,-0.0,0,0
78,0.0,0.0,0.0,1.0,-0.0,0,0
79,0.0,0.0,0.0,1.0,-0.0,0,0
80,0.0,0.0,0.0,1.0,-0.0,0,0
81,0.0,0.06336633663366337,0.10504385908811757,1.0,-0.0,0,0
82,0.2,0.10495049504950495,0.13377699607171908,0.2386948661603236,0.6221569216812192,0,0
83,0.2,0.10495049504950495,0.13377699607171908,0.2386948661603236,0.6221569216812192,0,0
84,0.2,0.10495049504950495,0.13377699607171908,0.2386948661603236,0.6221569216812192,0,0
85,0.2,0.10495049504950495,0.13377699607171908,0.2386948661603236,0.6221569216812192,0,0
86,0.2,0.041584158415841586,0.08590499787518362,0.03258561123651815,1.4869741281544258,0,0
87,0.0,0.0,0.0,1.0,-0.0,0,0
88,0.0,0.0,0.0,1.0,-0.0,0,0
89,0.0,0.0,0.0,1.0,-0.0,0,0
90,0.0,0.0,0.0,1.0,-0.0,0,0
91,0.0,0.0,0.0,1.0,-0.0,0,0
92,0.0,0.0,0.0,1.0,-0.0,0,0
93,0.0,0.0,0.0,1.0,-0.0,0,0
94,0.0,0.03762376237623762,0.07816140339006157,1.0,-0.0,0,0
95,0.0,0.03762376237623762,0.07816140339006157,1.0,-0.0,0,0
96,0.0,0.03762376237623762,0.07816140339006157,1.0,-0.0,0,0
97,0.0,0.03762376237623762,0.07816140339006157,1.0,-0.0,0,0
98,0.0,0.03762376237623762,0.07816140339006157,1.0,-0.0,0,0
99,0.0,0.0,0.0,1.0,-0.0,0,0
100,0.0,0.0,0.0,1.0,-0.0,0,0
101,0.0,0.0,0.0,1.0,-0.0,0,0
102,0.0,0.0,0.0,1.0,-0.0,0,0
103,0.0,0.0,0.0,1.0,-0.0,0,0
104,0.0,0.0,0.0,1.0,-0.0,0,0
105,0.0,0.0,0.0,1.0,-0.0,0,0
106,0.0,0.0,0.0,1.0,-0.0,0,0
107,0.0,0.0,0.0,1.0,-0.0,0,0
108,0.0,0.0,0.0,1.0,-0.0,0,0
109,0.0,0.0,0.0,1.0,-0.0,0,0
110,0.0,0.0,0.0,1.0,-0.0,0,0
111,0.0,0.0,0.0,1.0,-0.0,0,0
112,0.0,0.0,0.0,1.0,-0.0,0,0
113,0.0,0.0,0.0,1.0,-0.0,0,0
114,0.0,0.0,0.0,1.0,-0.0,0,0
115,0.0,0.0,0.0,1.0,-0.0,0,0
116,0.0,0.0,0.0,1.0,-0.0,0,0
117,0.0,0.0,0.0,1.0,-0.0,0,0
118,0.0,0.0,0.0,1.0,-0.0,0,0
119,0.0,0.0,0.0,1.0,-0.0,0,0
120,0.0,0.0,0.0,1.0,-0.0,0,0
121,0.0,0.0,0.0,1.0,-0.0,0,0
122,0.0,0.0,0.0,1.0,-0.0,0,0
123,0.0,0.0,0.0,1.0,-0.0,0,0
124,0.0,0.0,0.0,1.0,-0.0,0,0
125,0.0,0.0,0.0,1.0,-0.0,0,0
126,0.0,0.0,0.0,1.0,-0.0,0,0
127,0.0,0.0,0.0,1.0,-0.0,0,0
128,0.0,0.0,0.0,1.0,-0.0,0,0
129,0.0,0.0,0.0,1.0,-0.0,0,0
130,0.0,0.0,0.0,1.0,-0.0,0,0
131,0.0,0.0,0.0,1.0,-0.0,0,0
132,0.0,0.0,0.0,1.0,-0.0,0,0
133,0.0,0.0,0.0,1.0,-0.0,0,0
134,0.0,0.0,0.0,1.0,-0.0,0,0
135,0.0,0.0,0.0,1.0,-0.0,0,0
136,0.0,0.0,0.0,1.0,-0.0,0,0
137,0.0,0.0,0.0,1.0,-0.0,0,0
138,0.0,0.0,0.0,1.0,-0.0,0,0
139,0.0,0.0,0.0,1.0,-0.0,0,0
140,0.0,0.03762376237623763,0.08771182015980238,1.0,-0.0,0,0
141,0.0,0.03762376237623763,0.08771182015980238,1.0,-0.0,0,0
142,0.0,0.03762376237623763,0.08771182015980238,1.0,-0.0,0,0
143,0.0,0.04950495049504951,0.09504950495049506,1.0,-0.0,0,0
144,0.0,0.04950495049504951,0.09504950495049506,1.0,-0.0,0,0
145,0.0,0.041584158415841586,0.09039772047931348,1.0,-0.0,0,0
146,0.0,0.051485148514851496,0.096075322540263,1.0,-0.0,0,0
147,0.0,0.051485148514851496,0.096075322540263,1.0,-0.0,0,0
148,0.0,0.061386138613861385,0.09644194583672018,1.0,-0.0,0,0
149,0.0,0.09504950495049502,0.10751581750889685,1.0,-0.0,0,0
150,0.0,0.06534653465346535,0.09793475658517416,1.0,-0.0,0,0
151,0.0,0.10891089108910887,0.13057300215314485,1.0,-0.0,0,0
152,0.0,0.10891089108910887,0.13057300215314485,1.0,-0.0,0,0
153,0.0,0.0871287128712871,0.127165103825761,1.0,-0.0,0,0
154,0.0,0.07722772277227724,0.11593886073904515,1.0,-0.0,0,0
155,0.0,0.07722772277227724,0.11593886073904515,1.0,-0.0,0,0
156,0.0,0.023762376237623766,0.06471340450838887,1.0,-0.0,0,0
157,0.0,0.023762376237623766,0.06471340450838887,1.0,-0.0,0,0
158,0.0,0.023762376237623766,0.06471340450838887,1.0,-0.0,0,0
159,0.0,0.0,0.0,1.0,-0.0,0,0
160,0.0,0.02772277227722773,0.06910862719451544,1.0,-0.0,0,0
161,0.0,0.02772277227722773,0.06910862719451544,1.0,-0.0,0,0
162,0.0,0.05544554455445545,0.09797478714338996,1.0,-0.0,0,0
163,0.0,0.07524752475247526,0.1253951698929708,1.0,-0.0,0,0
164,0.0,0.07524752475247526,0.1253951698929708,1.0,-0.0,0,0
165,0.0,0.04752475247524753,0.10205226714237722,1.0,-0.0,0,0
166,0.0,0.04752475247524753,0.10205226714237722,1.0,-0.0,0,0
167,0.0,0.04752475247524753,0.08512548617902843,1.0,-0.0,0,0
168,0.0,0.06534653465346535,0.10571364605971599,1.0,-0.0,0,0
169,0.0,0.0891089108910891,0.11423528793549272,1.0,-0.0,0,0
170,0.0,0.0891089108910891,0.11423528793549272,1.0,-0.0,0,0
171,0.0,0.13267326732673268,0.1442693512878177,1.0,-0.0,0,0
172,0.0,0.17029702970297025,0.1697666158364579,1.0,-0.0,0,0
173,0.0,0.1306930693069307,0.16273806583211367,1.0,-0.0,0,0
174,0.2,0.17029702970297025,0.18322985319016175,0.4356105208557218,0.3609016397188168,0,0
175,0.2,0.21386138613861383,0.2053876812228002,1.0,-0.0,0,0
176,0.2,0.17227722772277226,0.1846156359731749,0.44031729348685367,0.35623425726492464,0,0
177,0.4,0.1504950495049505,0.17441487036716669,0.07628310085818645,1.1175716614804077,0,0
178,0.4,0.17425742574257425,0.17724708119287327,0.10140191430954511,0.9939538461247289,0,0
179,0.2,0.11089108910891086,0.13923481846532232,0.26108950498360856,0.5832105851640819,0,0
180,0.2,0.10099009900990098,0.14246420394934614,0.2435336350202682,0.6134410488439428,0,0
181,0.2,0.10099009900990098,0.14246420394934614,0.2435336350202682,0.6134410488439428,0,0
182,0.0,0.057425742574257435,0.11021718851545145,1.0,-0.0,0,0
183,0.0,0.033663366336633666,0.07994704648786674,1.0,-0.0,0,0
184,0.0,0.033663366336633666,0.07994704648786674,1.0,-0.0,0,0
185,0.0,0.0,0.0,1.0,-0.0,0,0
186,0.0,0.0,0.0,1.0,-0.0,0,0
187,0.0,0.0,0.0,1.0,-0.0,0,0
188,0.0,0.011881188118811883,0.04727657974777555,1.0,-0.0,0,0
189,0.0,0.011881188118811883,0.04727657974777555,1.0,-0.0,0,0
190,0.0,0.011881188118811883,0.04727657974777555,1.0,-0.0,0,0
191,0.0,0.011881188118811883,0.04727657974777555,1.0,-0.0,0,0
192,0.0,0.04752475247524753,0.08965727859541997,1.0,-0.0,0,0
193,0.0,0.03564356435643565,0.07653920035678292,1.0,-0.0,0,0
194,0.0,0.05544554455445545,0.08952597667688965,1.0,-0.0,0,0
195,0.0,0.05544554455445545,0.08952597667688965,1.0,-0.0,0,0
196,0.0,0.08118811881188118,0.11999411807954946,1.0,-0.0,0,0
197,0.0,0.04554455445544555,0.09283729243351323,1.0,-0.0,0,0
198,0.0,0.04554455445544555,0.09283729243351323,1.0,-0.0,0,0
199,0.2,0.05544554455445545,0.1019369320889802,0.07808409030039497,1.1074374449781044,0,0
200,0.4,0.09108910891089106,0.11781762202489916,0.004371524197602455,2.359367113328171,0,0
201,0.4,0.09306930693069307,0.12762679639066948,0.008088270648417724,2.0921443248814766,0,0
202,0.4,0.09306930693069307,0.12762679639066948,0.008088270648417724,2.0921443248814766,0,0
203,0.6,0.11485148514851483,0.13886822488939993,0.00023828697339413812,3.622899698894329,0,0
204,0.4,0.10495049504950495,0.12771893462651165,0.010440010451749134,1.981299066550739,0,0
205,0.2,0.0891089108910891,0.13342479626077636,0.2029548846422558,0.6926004917837524,0,0
206,0.2,0.11683168316831684,0.149632756335149,0.28916823932179075,0.538849409319281,0,0
207,0.2,0.11683168316831684,0.149632756335149,0.28916823932179075,0.538849409319281,0,0
208,0.0,0.09504950495049506,0.1423816080178024,1.0,-0.0,0,0
209,0.0,0.10693069306930691,0.15811853289249214,1.0,-0.0,0,0
210,0.0,0.09702970297029702,0.1396285351588451,1.0,-0.0,0,0
211,0.0,0.14851485148514848,0.15065129981473455,1.0,-0.0,0,0
212,0.0,0.20198019801980197,0.17002049848448067,1.0,-0.0,0,0
213,0.0,0.23168316831683164,0.1923953711127306,1.0,-0.0,0,0
214,0.0,0.19999999999999996,0.1929448697744442,1.0,-0.0,0,0
215,0.2,0.21782178217821774,0.20700410844153636,1.0,-0.0,0,0
216,0.2,0.1108910891089109,0.1527963700899836,0.2798835913936495,0.5530225619699967,0,0
217,0.2,0.057425742574257435,0.09476028605152792,0.06621628156331662,1.1790352111084907,0,0
218,0.2,0.02772277227722773,0.06910862719451544,0.0063361735559086295,2.1981729353735644,0,0
219,0.2,0.02772277227722773,0.06910862719451544,0.0063361735559086295,2.1981729353735644,0,0
220,0.0,0.0,0.0,1.0,-0.0,0,0
221,0.0,0.0,0.0,1.0,-0.0,0,0
222,0.0,0.0,0.0,1.0,-0.0,0,0
223,0.0,0.0,0.0,1.0,-0.0,0,0
224,0.0,0.0,0.0,1.0,-0.0,0,0
225,0.0,0.0,0.0,1.0,-0.0,0,0
226,0.0,0.0,0.0,1.0,-0.0,0,0
227,0.0,0.0,0.0,1.0,-0.0,0,0
228,0.0,0.019801980198019802,0.059735061897023205,1.0,-0.0,0,0
229,0.0,0.019801980198019802,0.059735061897023205,1.0,-0.0,0,0
230,0.0,0.019801980198019802,0.059735061897023205,1.0,-0.0,0,0
231,0.0,0.019801980198019802,0.059735061897023205,1.0,-0.0,0,0
232,0.0,0.019801980198019802,0.059735061897023205,1.0,-0.0,0,0
233,0.0,0.0,0.0,1.0,-0.0,0,0
234,0.0,0.06336633663366337,0.10504385908811757,1.0,-0.0,0,0
235,0.0,0.08910891089108909,0.12734998170941406,1.0,-0.0,0,0
236,0.0,0.08910891089108909,0.12734998170941406,1.0,-0.0,0,0
237,0.0,0.08910891089108909,0.12734998170941406,1.0,-0.0,0,0
238,0.0,0.08910891089108909,0.12734998170941406,1.0,-0.0,0,0
239,0.0,0.09504950495049505,0.1337769960717191,1.0,-0.0,0,0
240,0.0,0.08118811881188118,0.11664694237642094,1.0,-0.0,0,0
241,0.0,0.12277227722772276,0.14884451859775158,1.0,-0.0,0,0
242,0.0,0.1584158415841584,0.17870121461668878,1.0,-0.0,0,0
243,0.0,0.194059405940594,0.18974802582007907,1.0,-0.0,1,0
244,0.0,0.14257425742574253,0.1550129567586608,1.0,-0.0,0,0
245,0.0,0.1306930693069307,0.15269368434579803,1.0,-0.0,0,0
246,0.0,0.08712871287128712,0.127165103825761,1.0,-0.0,0,0
247,0.0,0.05346534653465347,0.09704990696905227,1.0,-0.0,0,0
248,0.0,0.03564356435643564,0.08154954567118416,1.0,-0.0,0,0
249,0.0,0.017821782178217824,0.05698017651460656,1.0,-0.0,0,0
250,0.0,0.017821782178217824,0.05698017651460656,1.0,-0.0,0,0
251,0.0,0.017821782178217824,0.05698017651460656,1.0,-0.0,0,0
252,0.0,0.017821782178217824,0.05698017651460656,1.0,-0.0,0,0
253,0.0,0.0,0.0,1.0,-0.0,0,0
254,0.0,0.0,0.0,1.0,-0.0,0,0
255,0.0,0.0,0.0,1.0,-0.0,0,0
256,0.0,0.0297029702970297,0.09070085141068344,1.0,-0.0,0,0
257,0.0,0.0297029702970297,0.09070085141068344,1.0,-0.0,0,0
258,0.0,0.041584158415841586,0.09877199139279148,1.0,-0.0,0,0
259,0.0,0.041584158415841586,0.09877199139279148,1.0,-0.0,0,0
260,0.0,0.05544554455445545,0.10575073206193021,1.0,-0.0,0,0
261,0.0,0.025742574257425745,0.06697637435757531,1.0,-0.0,0,0
262,0.0,0.07920792079207921,0.10178294871997146,1.0,-0.0,0,0
263,0.0,0.0871287128712871,0.11745095149573798,1.0,-0.0,0,0
264,0.0,0.0871287128712871,0.11745095149573798,1.0,-0.0,0,0
265,0.0,0.07326732673267328,0.10798889666879986,1.0,-0.0,0,0
266,0.0,0.07326732673267328,0.10798889666879986,1.0,-0.0,0,0
267,0.0,0.019801980198019802,0.059735061897023205,1.0,-0.0,0,0
268,0.0,0.0,0.0,1.0,-0.0,0,0
269,0.0,0.0,0.0,1.0,-0.0,0,0
270,0.0,0.0,0.0,1.0,-0.0,0,0
271,0.0,0.0,0.0,1.0,-0.0,0,0
272,0.0,0.0,0.0,1.0,-0.0,0,0
273,0.0,0.0,0.0,1.0,-0.0,0,0
274,0.0,0.041584158415841586,0.08116396646304633,1.0,-0.0,0,0
275,0.0,0.041584158415841586,0.08116396646304633,1.0,-0.0,0,0
276,0.0,0.041584158415841586,0.08116396646304633,1.0,-0.0,0,0
277,0.0,0.06930693069306931,0.09924724028627063,1.0,-0.0,0,0
278,0.0,0.06930693069306931,0.09924724028627063,1.0,-0.0,0,0
279,0.0,0.04356435643564357,0.08721867542790195,1.0,-0.0,0,0
280,0.0,0.04356435643564357,0.08721867542790195,1.0,-0.0,0,0
281,0.0,0.06732673267326733,0.1135467024699521,1.0,-0.0,0,0
282,0.0,0.049504950495049514,0.10304643034659552,1.0,-0.0,0,0
283,0.0,0.08316831683168316,0.12353642740976015,1.0,-0.0,0,0
284,0.0,0.10693069306930691,0.12126186845461277,1.0,-0.0,0,0
285,0.0,0.10693069306930691,0.12126186845461277,1.0,-0.0,0,0
286,0.0,0.08316831683168317,0.11351216354824961,1.0,-0.0,0,0
287,0.0,0.07326732673267328,0.1115960618107356,1.0,-0.0,0,0
288,0.0,0.039603960396039604,0.07970143286137867,1.0,-0.0,0,0
289,0.0,0.0,0.0,1.0,-0.0,0,0
290,0.0,0.0,0.0,1.0,-0.0,0,0
291,0.2,0.015841584158415842,0.05401260078014202,0.00032535620257014524,3.4876409094885674,0,0
292,0.2,0.015841584158415842,0.05401260078014202,0.00032535620257014524,3.4876409094885674,0,0
293,0.2,0.015841584158415842,0.05401260078014202,0.00032535620257014524,3.4876409094885674,0,0
294,0.2,0.05148514851485149,0.09186070102766894,0.0529672293593788,1.275992743798466,0,0
295,0.2,0.05148514851485149,0.09186070102766894,0.0529672293593788,1.275992743798466,0,0
296,0.0,0.03564356435643565,0.07653920035678292,1.0,-0.0,0,0
297,0.0,0.03564356435643565,0.07653920035678292,1.0,-0.0,0,0
298,0.0,0.03564356435643565,0.07653920035678292,1.0,-0.0,0,0
299,0.0,0.0,0.0,1.0,-0.0,0,0
300,0.0,0.0,0.0,1.0,-0.0,0,0
301,0.0,0.0,0.0,1.0,-0.0,0,0
302,0.0,0.0,0.0,1.0,-0.0,0,0
303,0.0,0.0,0.0,1.0,-0.0,0,0
304,0.0,0.0,0.0,1.0,-0.0,0,0
305,0.0,0.0,0.0,1.0,-0.0,0,0
306,0.0,0.0,0.0,1.0,-0.0,0,0
307,0.0,0.0,0.0,1.0,-0.0,0,0
308,0.0,0.039603960396039604,0.08452453849668534,1.0,-0.0,0,0
309,0.0,0.039603960396039604,0.08452453849668534,1.0,-0.0,0,0
310,0.0,0.039603960396039604,0.08452453849668534,1.0,-0.0,0,0
311,0.0,0.039603960396039604,0.08452453849668534,1.0,-0.0,0,0
312,0.0,0.039603960396039604,0.08452453849668534,1.0,-0.0,0,0
313,0.0,0.05544554455445545,0.1019369320889802,1.0,-0.0,0,0
314,0.0,0.05544554455445545,0.1019369320889802,1.0,-0.0,0,0
315,0.0,0.05544554455445545,0.1019369320889802,1.0,-0.0,0,0
316,0.0,0.05544554455445545,0.1019369320889802,1.0,-0.0,0,0
317,0.0,0.09108910891089109,0.12750384183766536,1.0,-0.0,0,0
318,0.0,0.03564356435643565,0.08626938974571076,1.0,-0.0,0,0
319,0.0,0.03564356435643565,0.08626938974571076,1.0,-0.0,0,0
320,0.0,0.03564356435643565,0.08626938974571076,1.0,-0.0,0,0
