,foreground,bg_means,bg_stdev,pvals,minus_logs,regs,active
2,0.0,0.061386138613861385,0.10806149425459212,1.0,-0.0,0,0
3,0.0,0.023762376237623766,0.06471340450838889,1.0,-0.0,0,0
4,0.0,0.023762376237623766,0.06471340450838889,1.0,-0.0,0,0
5,0.0,0.009900990099009901,0.04338396495090424,1.0,-0.0,0,0
6,0.0,0.0,0.0,1.0,-0.0,0,0
7,0.0,0.0,0.0,1.0,-0.0,0,0
8,0.0,0.0,0.0,1.0,-0.0,0,0
9,0.0,0.0,0.0,1.0,-0.0,0,0
10,0.0,0.0,0.0,1.0,-0.0,0,0
11,0.0,0.0,0.0,1.0,-0.0,0,0
12,0.0,0.0,0.0,1.0,-0.0,0,0
13,0.0,0.0,0.0,1.0,-0.0,0,0
14,0.0,0.0,0.0,1.0,-0.0,0,0
15,0.0,0.0,0.0,1.0,-0.0,0,0
16,0.2,0.015841584158415842,0.054012600780142014,0.00032535620257014524,3.4876409094885674,0,0
17,0.2,0.015841584158415842,0.054012600780142014,0.00032535620257014524,3.4876409094885674,0,0
18,0.2,0.015841584158415842,0.054012600780142014,0.00032535620257014524,3.4876409094885674,0,0
19,0.2,0.015841584158415842,0.054012600780142014,0.00032535620257014524,3.4876409094885674,0,0
20,0.2,0.015841584158415842,0.054012600780142014,0.00032535620257014524,3.4876409094885674,0,0
21,0.0,0.0,0.0,1.0,-0.0,0,0
22,0.0,0.0,0.0,1.0,-0.0,0,0
23,0.0,0.0,0.0,1.0,-0.0,0,0
24,0.0,0.0,0.0,1.0,-0.0,0,0
25,0.0,0.04752475247524753,0.08512548617902843,1.0,-0.0,0,0
26,0.0,0.08712871287128714,0.12077584698595571,1.0,-0.0,0,0
27,0.0,0.08712871287128714,0.12077584698595571,1.0,-0.0,0,0
28,0.0,0.08712871287128714,0.12077584698595571,1.0,-0.0,0,0
29,0.0,0.08712871287128714,0.12077584698595571,1.0,-0.0,0,0
30,0.0,0.1188118811881188,0.15460769343321298,1.0,-0.0,0,0
31,0.0,0.07920792079207921,0.11966689053257921,1.0,-0.0,0,0
32,0.0,0.08712871287128712,0.127165103825761,1.0,-0.0,0,0
33,0.0,0.10099009900990098,0.1338649012368758,1.0,-0.0,0,0
34,0.0,0.10099009900990098,0.1338649012368758,1.0,-0.0,0,0
35,0.0,0.051485148514851496,0.10011267057239238,1.0,-0.0,0,0
36,0.0,0.11485148514851484,0.16493991622145585,1.0,-0.0,0,0
37,0.0,0.11683168316831682,0.1647496191679326,1.0,-0.0,0,0
38,0.0,0.10297029702970298,0.15315522802114462,1.0,-0.0,0,0
39,0.0,0.12475247524752477,0.16131019290626772,1.0,-0.0,0,0
40,0.0,0.1306930693069307,0.1500775867049221,1.0,-0.0,0,0
41,0.0,0.06534653465346535,0.1129581045303102,1.0,-0.0,0,0
42,0.0,0.11881188118811879,0.1621103836665028,1.0,-0.0,0,0
43,0.0,0.1584158415841584,0.17421241542909124,1.0,-0.0,0,0
44,0.0,0.15841584158415842,0.17421241542909127,1.0,-0.0,0,0
45,0.0,0.12277227722772277,0.14615954128511635,1.0,-0.0,0,0
46,0.0,0.12277227722772277,0.14615954128511635,1.0,-0.0,0,0
47,0.0,0.05940594059405942,0.09562531855564071,1.0,-0.0,0,0
48,0.0,0.021782178217821784,0.06230547612891991,1.0,-0.0,0,0
49,0.0,0.0,0.0,1.0,-0.0,0,0
50,0.0,0.0,0.0,1.0,-0.0,0,0
51,0.0,0.0,0.0,1.0,-0.0,0,0
52,0.0,0.0,0.0,1.0,-0.0,0,0
53,0.0,0.0,0.0,1.0,-0.0,0,0
54,0.0,0.0,0.0,1.0,-0.0,0,0
55,0.0,0.0,0.0,1.0,-0.0,0,0
56,0.0,0.0,0.0,1.0,-0.0,0,0
57,0.0,0.04554455445544554,0.10100951085035129,1.0,-0.0,0,0
58,0.0,0.04554455445544554,0.10100951085035129,1.0,-0.0,0,0
59,0.0,0.04554455445544554,0.10100951085035129,1.0,-0.0,0,0
60,0.0,0.04554455445544554,0.10100951085035129,1.0,-0.0,0,0
61,0.0,0.04554455445544554,0.10100951085035129,1.0,-0.0,0,0
62,0.0,0.027722772277227727,0.07975061610139514,1.0,-0.0,0,0
63,0.0,0.027722772277227727,0.07975061610139514,1.0,-0.0,0,0
64,0.0,0.027722772277227727,0.07975061610139514,1.0,-0.0,0,0
65,0.0,0.027722772277227727,0.07975061610139514,1.0,-0.0,0,0
66,0.0,0.05148514851485149,0.10399339410297728,1.0,-0.0,0,0
67,0.0,0.027722772277227727,0.06910862719451544,1.0,-0.0,0,0
68,0.0,0.027722772277227727,0.06910862719451544,1.0,-0.0,0,0
69,0.0,0.027722772277227727,0.06910862719451544,1.0,-0.0,0,0
70,0.0,0.027722772277227727,0.06910862719451544,1.0,-0.0,0,0
71,0.0,0.0039603960396039604,0.027863855998951068,1.0,-0.0,0,0
72,0.0,0.0,0.0,1.0,-0.0,0,0
73,0.0,0.0,0.0,1.0,-0.0,0,0
74,0.2,0.03564356435643565,0.08154954567118415,0.0219304263845019,1.6589529244266186,0,0
75,0.2,0.03564356435643565,0.08154954567118415,0.0219304263845019,1.6589529244266186,0,0
76,0.2,0.09504950495049505,0.13377699607171914,0.2163680383709739,0.6648068922914053,0,0
77,0.4,0.1485148514851485,0.16326729671147555,0.06174024088977673,1.2094316803787584,0,0
78,0.4,0.1485148514851485,0.16326729671147555,0.06174024088977673,1.2094316803787584,0,0
79,0.4,0.14455445544554454,0.16196518848854283,0.057378982258239536,1.2412471591843122,0,0
80,0.4,0.14455445544554454,0.16196518848854283,0.057378982258239536,1.2412471591843122,0,0
81,0.4,0.08316831683168317,0.13280619910579972,0.008524034799117206,2.069354785959979,0,0
82,0.2,0.031683168316831684,0.0730260947112308,0.01058647624307391,1.9752485727397298,0,0
83,0.2,0.031683168316831684,0.0730260947112308,0.01058647624307391,1.9752485727397298,0,0
84,0.0,0.0,0.0,1.0,-0.0,0,0
85,0.0,0.0,0.0,1.0,-0.0,0,0
86,0.0,0.0,0.0,1.0,-0.0,0,0
87,0.0,0.0,0.0,1.0,-0.0,0,0
88,0.0,0.0,0.0,1.0,-0.0,0,0
89,0.0,0.0,0.0,1.0,-0.0,0,0
90,0.0,0.0,0.0,1.0,-0.0,0,0
91,0.0,0.0,0.0,1.0,-0.0,0,0
92,0.0,0.03564356435643565,0.07653920035678292,1.0,-0.0,0,0
93,0.0,0.05346534653465347,0.09704990696905227,1.0,-0.0,0,0
94,0.0,0.08118811881188118,0.11664694237642097,1.0,-0.0,0,0
95,0.0,0.09900990099009901,0.12467387119760155,1.0,-0.0,0,0
96,0.0,0.11089108910891088,0.13342479626077636,1.0,-0.0,0,0
97,0.2,0.0891089108910891,0.12420120222231065,0.18597296685049775,0.7305501805181491,0,0
98,0.4,0.15247524752475247,0.1715359035858037,0.07451151359562219,1.1277766144369337,0,0
99,0.8,0.14455445544554454,0.17146731208545954,6.603438899140752e-05,4.180229836281391,0,0
100,0.8,0.1267326732673267,0.15599637537608815,7.947103686319144e-06,5.099791120681044,0,0
101,0.8,0.13861386138613857,0.16588812705842174,3.346536159031473e-05,4.475404478121111,0,0
102,0.6,0.12475247524752472,0.15376846462033406,0.0009985284618354488,3.000639551582549,0,0
103,0.4,0.04554455445544554,0.09283729243351323,6.726114370462085e-05,4.172235752240194,0,0
104,0.0,0.023762376237623766,0.07056843438101176,1.0,-0.0,0,0
105,0.0,0.023762376237623766,0.07056843438101176,1.0,-0.0,0,0
106,0.0,0.0,0.0,1.0,-0.0,0,0
107,0.0,0.0,0.0,1.0,-0.0,0,0
108,0.0,0.0,0.0,1.0,-0.0,0,0
109,0.0,0.0,0.0,1.0,-0.0,0,0
110,0.4,0.03564356435643565,0.07653920035678292,9.660966320372894e-07,6.014979431905753,0,0
111,0.4,0.03564356435643565,0.07653920035678292,9.660966320372894e-07,6.014979431905753,0,0
112,0.4,0.03564356435643565,0.07653920035678292,9.660966320372894e-07,6.014979431905753,0,0
113,0.4,0.03564356435643565,0.07653920035678292,9.660966320372894e-07,6.014979431905753,0,0
114,0.6,0.06336633663366337,0.09721138779115705,1.6923407815447244e-08,7.771512179924479,0,0
115,0.2,0.03762376237623763,0.08307396817189318,0.025315250600093615,1.5966177690988217,0,0
116,0.2,0.0712871287128713,0.10372911567294095,0.10732951799335329,0.9692808210103285,0,0
117,0.2,0.07920792079207921,0.11285391563386142,0.1422331097238646,0.8469992946288156,0,0
118,0.2,0.10099009900990098,0.12467387119760154,0.21355371500123171,0.6704928691423239,0,0
119,0.0,0.07326732673267328,0.11509022642946842,1.0,-0.0,0,0
120,0.0,0.07722772277227723,0.122580495370631,1.0,-0.0,0,0
121,0.0,0.04356435643564357,0.09164702150816742,1.0,-0.0,0,0
122,0.0,0.03564356435643565,0.08626938974571076,1.0,-0.0,0,0
123,0.0,0.013861386138613863,0.050795070647052104,1.0,-0.0,0,0
124,0.0,0.013861386138613863,0.050795070647052104,1.0,-0.0,0,0
125,0.0,0.0,0.0,1.0,-0.0,0,0
126,0.2,0.021782178217821784,0.06836703565002801,0.0045699030283054085,2.3400930154046975,0,0
127,0.4,0.0712871287128713,0.10747934055534188,0.0011126788254175093,2.953630176615907,0,0
128,0.4,0.0712871287128713,0.10747934055534188,0.0011126788254175093,2.953630176615907,0,0
129,0.4,0.19801980198019797,0.20776042849273668,0.16548090568971552,0.781252110842942,0,0
130,0.4,0.22970297029702968,0.21688366843711793,0.21616819389486325,0.6652082059983976,0,0
131,0.2,0.2316831683168317,0.22468049617236205,1.0,-0.0,0,0
132,0.0,0.19207920792079206,0.18651741527630283,1.0,-0.0,0,0
133,0.0,0.19207920792079206,0.18651741527630283,1.0,-0.0,0,0
134,0.0,0.06534653465346535,0.10571364605971598,1.0,-0.0,0,0
135,0.0,0.033663366336633666,0.07482947971362845,1.0,-0.0,0,0
136,0.0,0.03762376237623763,0.07816140339006157,1.0,-0.0,0,0
137,0.0,0.027722772277227727,0.06910862719451544,1.0,-0.0,0,0
138,0.0,0.03564356435643565,0.08154954567118415,1.0,-0.0,0,0
139,0.0,0.03564356435643565,0.08154954567118415,1.0,-0.0,0,0
140,0.0,0.03564356435643565,0.08154954567118415,1.0,-0.0,0,0
141,0.0,0.007920792079207921,0.03900537743285587,1.0,-0.0,0,0
142,0.0,0.007920792079207921,0.03900537743285587,1.0,-0.0,0,0
143,0.0,0.0,0.0,1.0,-0.0,0,0
144,0.0,0.0,0.0,1.0,-0.0,0,0
145,0.0,0.031683168316831684,0.0730260947112308,1.0,-0.0,0,0
146,0.0,0.031683168316831684,0.0730260947112308,1.0,-0.0,0,0
147,0.0,0.031683168316831684,0.0730260947112308,1.0,-0.0,0,0
148,0.0,0.031683168316831684,0.0730260947112308,1.0,-0.0,0,0
149,0.0,0.031683168316831684,0.0730260947112308,1.0,-0.0,0,0
150,0.0,0.015841584158415842,0.05401260078014202,1.0,-0.0,0,0
151,0.0,0.015841584158415842,0.05401260078014202,1.0,-0.0,0,0
152,0.0,0.015841584158415842,0.05401260078014202,1.0,-0.0,0,0
153,0.0,0.015841584158415842,0.05401260078014202,1.0,-0.0,0,0
154,0.0,0.033663366336633666,0.07994704648786674,1.0,-0.0,0,0
155,0.0,0.039603960396039604,0.09342674148186496,1.0,-0.0,0,0
156,0.0,0.13267326732673265,0.14698885988036148,1.0,-0.0,0,0
157,0.0,0.13267326732673265,0.14698885988036148,1.0,-0.0,0,0
158,0.0,0.13267326732673265,0.14698885988036148,1.0,-0.0,0,0
159,0.0,0.11287128712871286,0.13024224675172555,1.0,-0.0,0,0
160,0.0,0.09108910891089109,0.12113245340338318,1.0,-0.0,0,0
161,0.0,0.019801980198019802,0.059735061897023205,1.0,-0.0,0,0
162,0.0,0.039603960396039604,0.08908690597387718,1.0,-0.0,0,0
163,0.0,0.039603960396039604,0.08908690597387718,1.0,-0.0,0,0
164,0.0,0.08316831683168316,0.13575553664160483,1.0,-0.0,0,0
165,0.0,0.10693069306930691,0.1422989641443302,1.0,-0.0,0,0
166,0.0,0.09702970297029702,0.127780323207142,1.0,-0.0,0,0
167,0.0,0.08514851485148514,0.12379009590564582,1.0,-0.0,0,0
168,0.0,0.09306930693069305,0.12448501897427097,1.0,-0.0,0,0
169,0.0,0.049504950495049514,0.09078727434730813,1.0,-0.0,0,0
170,0.0,0.025742574257425748,0.0669763743575753,1.0,-0.0,0,0
171,0.0,0.015841584158415842,0.054012600780142014,1.0,-0.0,0,0
172,0.0,0.007920792079207921,0.03900537743285587,1.0,-0.0,0,0
173,0.0,0.0,0.0,1.0,-0.0,0,0
174,0.0,0.0,0.0,1.0,-0.0,0,0
175,0.0,0.021782178217821784,0.06230547612891991,1.0,-0.0,0,0
176,0.0,0.021782178217821784,0.06230547612891991,1.0,-0.0,0,0
177,0.0,0.0297029702970297,0.07112192077650681,1.0,-0.0,0,0
178,0.0,0.04554455445544555,0.08387254884969256,1.0,-0.0,0,0
179,0.0,0.04554455445544555,0.08387254884969256,1.0,-0.0,0,0
180,0.0,0.039603960396039604,0.07970143286137867,1.0,-0.0,0,0
181,0.0,0.05148514851485149,0.08744317689433512,1.0,-0.0,0,0
182,0.0,0.04356435643564357,0.08255312311158745,1.0,-0.0,0,0
183,0.0,0.02772277227722773,0.06910862719451545,1.0,-0.0,0,0
184,0.0,0.02772277227722773,0.06910862719451545,1.0,-0.0,0,0
185,0.0,0.011881188118811881,0.047276579747775535,1.0,-0.0,0,0
186,0.0,0.061386138613861385,0.10046456153636296,1.0,-0.0,0,0
187,0.0,0.061386138613861385,0.10046456153636296,1.0,-0.0,0,0
188,0.0,0.0891089108910891,0.13636075485692528,1.0,-0.0,0,0
189,0.0,0.0891089108910891,0.13636075485692528,1.0,-0.0,0,0
190,0.0,0.0891089108910891,0.13636075485692528,1.0,-0.0,0,0
191,0.0,0.057425742574257435,0.09885135821266286,1.0,-0.0,0,0
192,0.0,0.09306930693069305,0.13948804962658473,1.0,-0.0,0,0
193,0.0,0.06534653465346535,0.11641139371642828,1.0,-0.0,0,0
194,0.0,0.06534653465346535,0.11641139371642828,1.0,-0.0,0,0
195,0.0,0.09108910891089105,0.12750384183766536,1.0,-0.0,0,0
196,0.0,0.061386138613861385,0.10433219700847123,1.0,-0.0,0,0
197,0.0,0.025742574257425748,0.0669763743575753,1.0,-0.0,0,0
198,0.0,0.025742574257425748,0.0669763743575753,1.0,-0.0,0,0
199,0.0,0.05544554455445545,0.10575073206193021,1.0,-0.0,0,0
200,0.0,0.02970297029702971,0.07112192077650681,1.0,-0.0,0,0
201,0.0,0.039603960396039604,0.08452453849668534,1.0,-0.0,0,0
202,0.0,0.06930693069306931,0.11057238501634631,1.0,-0.0,0,0
203,0.0,0.17425742574257425,0.17724708119287327,1.0,-0.0,0,0
204,0.0,0.17425742574257425,0.16569891898195668,1.0,-0.0,0,0
205,0.0,0.17425742574257425,0.16569891898195668,1.0,-0.0,0,0
206,0.0,0.16435643564356434,0.1576963860757588,1.0,-0.0,0,0
207,0.0,0.13465346534653463,0.1352926008121879,1.0,-0.0,0,0
208,0.0,0.029702970297029712,0.07648795214189293,1.0,-0.0,0,0
209,0.0,0.0,0.0,1.0,-0.0,0,0
210,0.0,0.0,0.0,1.0,-0.0,0,0
211,0.0,0.0,0.0,1.0,-0.0,0,0
212,0.0,0.0,0.0,1.0,-0.0,0,0
213,0.0,0.0,0.0,1.0,-0.0,0,0
214,0.0,0.0,0.0,1.0,-0.0,0,0
215,0.0,0.0,0.0,1.0,-0.0,0,0
216,0.0,0.0,0.0,1.0,-0.0,0,0
217,0.0,0.0,0.0,1.0,-0.0,0,0
218,0.0,0.0039603960396039604,0.027863855998951054,1.0,-0.0,0,0
219,0.0,0.0039603960396039604,0.027863855998951054,1.0,-0.0,0,0
220,0.0,0.0039603960396039604,0.027863855998951054,1.0,-0.0,0,0
221,0.0,0.0039603960396039604,0.027863855998951054,1.0,-0.0,0,0
222,0.0,0.0039603960396039604,0.027863855998951054,1.0,-0.0,0,0
223,0.0,0.007920792079207921,0.03900537743285587,1.0,-0.0,0,0
224,0.0,0.007920792079207921,0.03900537743285587,1.0,-0.0,0,0
225,0.0,0.007920792079207921,0.03900537743285587,1.0,-0.0,0,0
226,0.0,0.007920792079207921,0.03900537743285587,1.0,-0.0,0,0
227,0.0,0.007920792079207921,0.03900537743285587,1.0,-0.0,0,0
228,0.0,0.0,0.0,1.0,-0.0,0,0
229,0.0,0.0,0.0,1.0,-0.0,0,0
230,0.0,0.0059405940594059415,0.03395332316729158,1.0,-0.0,0,0
231,0.0,0.0059405940594059415,0.03395332316729158,1.0,-0.0,0,0
232,0.0,0.0059405940594059415,0.03395332316729158,1.0,-0.0,0,0
233,0.0,0.009900990099009901,0.04338396495090424,1.0,-0.0,0,0
234,0.0,0.009900990099009901,0.04338396495090424,1.0,-0.0,0,0
235,0.0,0.0039603960396039604,0.027863855998951068,1.0,-0.0,0,0
236,0.0,0.0039603960396039604,0.027863855998951068,1.0,-0.0,0,0
237,0.0,0.0039603960396039604,0.027863855998951068,1.0,-0.0,0,0
238,0.0,0.011881188118811883,0.04727657974777554,1.0,-0.0,0,0
239,0.0,0.019801980198019802,0.05973506189702322,1.0,-0.0,0,0
240,0.0,0.019801980198019802,0.05973506189702322,1.0,-0.0,0,0
241,0.0,0.04356435643564357,0.08255312311158745,1.0,-0.0,0,0
242,0.0,0.05148514851485149,0.08744317689433512,1.0,-0.0,0,0
243,0.0,0.03960396039603961,0.07970143286137867,1.0,-0.0,0,0
244,0.0,0.06336633663366338,0.10504385908811757,1.0,-0.0,0,0
245,0.0,0.06336633663366338,0.10504385908811757,1.0,-0.0,0,0
246,0.0,0.03960396039603961,0.08908690597387718,1.0,-0.0,0,0
247,0.0,0.031683168316831684,0.07826167463512676,1.0,-0.0,0,0
248,0.0,0.031683168316831684,0.07826167463512676,1.0,-0.0,0,0
249,0.0,0.04356435643564357,0.08721867542790195,1.0,-0.0,0,0
250,0.0,0.04356435643564357,0.08721867542790195,1.0,-0.0,0,0
251,0.0,0.04356435643564357,0.08721867542790195,1.0,-0.0,0,0
252,0.0,0.08712871287128712,0.12401163019288061,1.0,-0.0,0,0
253,0.0,0.1168316831683168,0.1442421691205886,1.0,-0.0,0,0
254,0.0,0.14257425742574256,0.14166375938629638,1.0,-0.0,0,0
255,0.0,0.14257425742574256,0.14166375938629638,1.0,-0.0,0,0
256,0.0,0.14257425742574256,0.14166375938629638,1.0,-0.0,0,0
257,0.0,0.09702970297029703,0.11811677855054843,1.0,-0.0,0,0
258,0.0,0.07722772277227724,0.105193069190443,1.0,-0.0,0,0
259,0.0,0.04752475247524753,0.10205226714237722,1.0,-0.0,0,0
260,0.0,0.04752475247524753,0.10205226714237722,1.0,-0.0,0,0
261,0.0,0.04752475247524753,0.10205226714237722,1.0,-0.0,0,0
262,0.0,0.04752475247524753,0.10205226714237722,1.0,-0.0,0,0
263,0.0,0.03762376237623763,0.08771182015980238,1.0,-0.0,0,0
264,0.0,0.0,0.0,1.0,-0.0,0,0
265,0.0,0.0,0.0,1.0,-0.0,0,0
266,0.0,0.009900990099009901,0.04338396495090424,1.0,-0.0,0,0
267,0.0,0.009900990099009901,0.04338396495090424,1.0,-0.0,0,0
268,0.0,0.009900990099009901,0.04338396495090424,1.0,-0.0,0,0
269,0.0,0.009900990099009901,0.04338396495090424,1.0,-0.0,0,0
270,0.0,0.009900990099009901,0.04338396495090424,1.0,-0.0,0,0
271,0.0,0.0,0.0,1.0,-0.0,0,0
272,0.0,0.0,0.0,1.0,-0.0,0,0
273,0.0,0.0,0.0,1.0,-0.0,0,0
274,0.0,0.0,0.0,1.0,-0.0,0,0
275,0.0,0.0,0.0,1.0,-0.0,0,0
276,0.0,0.0,0.0,1.0,-0.0,0,0
277,0.0,0.0,0.0,1.0,-0.0,0,0
278,0.0,0.0,0.0,1.0,-0.0,0,0
279,0.0,0.0,0.0,1.0,-0.0,0,0
280,0.0,0.0,0.0,1.0,-0.0,0,0
281,0.0,0.0,0.0,1.0,-0.0,0,0
282,0.0,0.0,0.0,1.0,-0.0,0,0
283,0.0,0.0,0.0,1.0,-0.0,0,0
284,0.0,0.04356435643564357,0.08255312311158745,1.0,-0.0,0,0
285,0.0,0.04356435643564357,0.08255312311158745,1.0,-0.0,0,0
286,0.0,0.04356435643564357,0.08255312311158745,1.0,-0.0,0,0
287,0.0,0.04356435643564357,0.08255312311158745,1.0,-0.0,0,0
288,0.0,0.04356435643564357,0.08255312311158745,1.0,-0.0,0,0
289,0.0,0.06336633663366337,0.1158034971660471,1.0,-0.0,0,0
290,0.0,0.06336633663366337,0.1158034971660471,1.0,-0.0,0,0
291,0.0,0.17227722772277226,0.1567736666367484,1.0,-0.0,0,0
292,0.0,0.17227722772277226,0.1567736666367484,1.0,-0.0,0,0
293,0.0,0.17227722772277226,0.1567736666367484,1.0,-0.0,0,0
294,0.0,0.14851485148514848,0.1425467520222985,1.0,-0.0,0,0
295,0.0,0.1603960396039604,0.14356094226052957,1.0,-0.0,0,0
296,0.0,0.0891089108910891,0.13042276277287215,1.0,-0.0,0,0
297,0.0,0.0891089108910891,0.13042276277287215,1.0,-0.0,0,0
298,0.0,0.0891089108910891,0.13042276277287215,1.0,-0.0,0,0
299,0.0,0.04950495049504951,0.1068206254198905,1.0,-0.0,0,0
300,0.0,0.04752475247524753,0.09397077637785879,1.0,-0.0,0,0
301,0.0,0.009900990099009901,0.04338396495090424,1.0,-0.0,0,0
302,0.0,0.009900990099009901,0.04338396495090424,1.0,-0.0,0,0
303,0.0,0.009900990099009901,0.04338396495090424,1.0,-0.0,0,0
304,0.0,0.009900990099009901,0.04338396495090424,1.0,-0.0,0,0
305,0.0,0.011881188118811883,0.047276579747775535,1.0,-0.0,0,0
306,0.0,0.011881188118811883,0.047276579747775535,1.0,-0.0,0,0
307,0.0,0.011881188118811883,0.047276579747775535,1.0,-0.0,0,0
308,0.0,0.057425742574257435,0.10277971700879983,1.0,-0.0,0,0
309,0.0,0.0891089108910891,0.12420120222231064,1.0,-0.0,0,0
310,0.0,0.07722772277227724,0.1124710639300034,1.0,-0.0,0,0
311,0.0,0.07722772277227724,0.1124710639300034,1.0,-0.0,0,0
312,0.0,0.07722772277227724,0.1124710639300034,1.0,-0.0,0,0
313,0.0,0.047524752475247525,0.08512548617902845,1.0,-0.0,0,0
314,0.0,0.039603960396039604,0.07970143286137867,1.0,-0.0,0,0
315,0.0,0.08316831683168316,0.10630546955619442,1.0,-0.0,0,0
316,0.0,0.08316831683168316,0.10630546955619442,1.0,-0.0,0,0
317,0.0,0.1178217821782178,0.12927523757583737,1.0,-0.0,0,0
318,0.0,0.10099009900990097,0.12781100644043505,1.0,-0.0,0,0
319,0.0,0.07722772277227724,0.11593886073904515,1.0,-0.0,0,0
320,0.0,0.033663366336633666,0.08475617647141663,1.0,-0.0,0,0
321,0.0,0.033663366336633666,0.08475617647141663,1.0,-0.0,0,0
322,0.0,0.04554455445544555,0.09283729243351321,1.0,-0.0,0,0
323,0.0,0.04554455445544555,0.09283729243351321,1.0,-0.0,0,0
324,0.0,0.04554455445544555,0.09283729243351321,1.0,-0.0,0,0
325,0.0,0.04554455445544555,0.09283729243351321,1.0,-0.0,0,0
326,0.0,0.04554455445544555,0.09283729243351321,1.0,-0.0,0,0
327,0.0,0.0,0.0,1.0,-0.0,0,0
328,0.0,0.0,0.0,1.0,-0.0,0,0
329,0.0,0.0,0.0,1.0,-0.0,0,0
330,0.0,0.0,0.0,1.0,-0.0,0,0
331,0.0,0.0,0.0,1.0,-0.0,0,0
332,0.0,0.0,0.0,1.0,-0.0,0,0
333,0.0,0.015841584158415842,0.05401260078014202,1.0,-0.0,0,0
334,0.0,0.015841584158415842,0.05401260078014202,1.0,-0.0,0,0
335,0.0,0.015841584158415842,0.05401260078014202,1.0,-0.0,0,0
336,0.0,0.015841584158415842,0.05401260078014202,1.0,-0.0,0,0
337,0.0,0.015841584158415842,0.05401260078014202,1.0,-0.0,0,0
338,0.0,0.0,0.0,1.0,-0.0,0,0
339,0.2,0.04356435643564357,0.08255312311158745,0.029048226759887566,1.5368803738382273,0,0
340,0.2,0.04356435643564357,0.08255312311158745,0.029048226759887566,1.5368803738382273,0,0
341,0.4,0.10495049504950493,0.12771893462651168,0.010440010451749152,1.9812990665507384,0,0
342,0.4,0.10495049504950493,0.12771893462651168,0.010440010451749152,1.9812990665507384,0,0
343,0.4,0.11089108910891088,0.13342479626077636,0.015123892478440452,1.8203364188647775,0,0
344,0.2,0.06732673267326733,0.11000352009767247,0.11389293410569636,0.9435032186258506,0,0
345,0.2,0.06732673267326733,0.11000352009767247,0.11389293410569636,0.9435032186258506,0,0
346,0.0,0.11089108910891088,0.12420120222231067,1.0,-0.0,0,0
347,0.0,0.11089108910891088,0.12420120222231067,1.0,-0.0,0,0
348,0.0,0.10495049504950493,0.11805036483793173,1.0,-0.0,0,0
349,0.0,0.10495049504950493,0.11805036483793173,1.0,-0.0,0,0
350,0.0,0.14257425742574256,0.1444323368618651,1.0,-0.0,0,0
351,0.0,0.03564356435643565,0.08154954567118415,1.0,-0.0,0,0
352,0.0,0.03564356435643565,0.08154954567118415,1.0,-0.0,0,0
353,0.0,0.03564356435643565,0.08154954567118415,1.0,-0.0,0,0
354,0.4,0.19999999999999996,0.1779976637959939,0.1305892023408755,0.884092730852966,0,0
355,0.4,0.16435643564356434,0.1601881062665876,0.0706397678763155,1.1509507365284626,0,0
356,0.4,0.18217821782178212,0.17142156917092394,0.10192144084382872,0.9917344454276709,0,0
357,0.4,0.18217821782178212,0.17142156917092394,0.10192144084382872,0.9917344454276709,0,0
358,0.4,0.19207920792079203,0.17558003918939316,0.11816817987544466,0.9274994537843757,0,0
359,0.0,0.061386138613861385,0.10806149425459212,1.0,-0.0,0,0
360,0.0,0.0871287128712871,0.12077584698595571,1.0,-0.0,0,0
361,0.0,0.10099009900990098,0.1308729634998678,1.0,-0.0,0,0
362,0.0,0.10099009900990098,0.1308729634998678,1.0,-0.0,0,0
363,0.0,0.10495049504950495,0.12771893462651168,1.0,-0.0,0,0
364,0.0,0.0712871287128713,0.11110305060677654,1.0,-0.0,0,0
365,0.0,0.04554455445544555,0.08387254884969257,1.0,-0.0,0,0
366,0.0,0.013861386138613863,0.05079507064705212,1.0,-0.0,0,0
367,0.0,0.013861386138613863,0.05079507064705212,1.0,-0.0,0,0
368,0.0,0.0,0.0,1.0,-0.0,0,0
369,0.0,0.023762376237623766,0.06471340450838889,1.0,-0.0,0,0
370,0.0,0.0712871287128713,0.1213265242141813,1.0,-0.0,0,0
371,0.0,0.0712871287128713,0.1213265242141813,1.0,-0.0,0,0
372,0.0,0.11287128712871287,0.14736186103080443,1.0,-0.0,0,0
373,0.0,0.11287128712871287,0.14736186103080443,1.0,-0.0,0,0
374,0.2,0.11485148514851487,0.14717547862227365,0.28144610039452667,0.5506047643740806,0,0
375,0.2,0.10495049504950495,0.12771893462651168,0.22837520121158456,0.6413510570010156,0,0
376,0.2,0.11287128712871286,0.13024224675172555,0.25175594337998036,0.5990202679574179,0,0
377,0.2,0.0712871287128713,0.10747934055534188,0.11554433714027447,0.9372513345552421,0,0
378,0.4,0.0891089108910891,0.11423528793549272,0.0032493405126589594,2.488204774644586,0,0
379,0.2,0.09702970297029702,0.13084299831035082,0.21564796322227764,0.6662546393752193,0,0
380,0.4,0.08514851485148514,0.12379009590564582,0.0054884971830115705,2.260546554360662,0,0
381,0.4,0.12079207920792079,0.17137581404688165,0.051633834168963055,1.2870656243892087,0,0
382,0.4,0.13465346534653466,0.17144444215376922,0.06084588609087534,1.2157687799389272,0,0
383,0.2,0.11683168316831684,0.15737280385192495,0.29858325032901845,0.5249345586127036,0,0
384,0.2,0.11683168316831684,0.15225649732072147,0.29245110138762687,0.533946738719643,0,0
385,0.0,0.13069306930693067,0.13912212332871524,1.0,-0.0,0,0
386,0.0,0.08514851485148514,0.11025275966000045,1.0,-0.0,0,0
387,0.0,0.0712871287128713,0.09983812012638045,1.0,-0.0,0,0
388,0.0,0.13069306930693067,0.12722675963729912,1.0,-0.0,0,0
389,0.0,0.09504950495049502,0.12457948087149172,1.0,-0.0,0,0
390,0.0,0.0594059405940594,0.10357779667819421,1.0,-0.0,0,0
391,0.0,0.06930693069306931,0.11751770396006171,1.0,-0.0,0,0
392,0.0,0.07326732673267328,0.12177815335858849,1.0,-0.0,0,0
393,0.0,0.04356435643564357,0.08721867542790196,1.0,-0.0,0,0
394,0.0,0.04356435643564357,0.08721867542790196,1.0,-0.0,0,0
395,0.0,0.041584158415841586,0.08116396646304633,1.0,-0.0,0,0
396,0.0,0.031683168316831684,0.0730260947112308,1.0,-0.0,0,0
397,0.0,0.027722772277227727,0.06910862719451544,1.0,-0.0,0,0
398,0.0,0.0,0.0,1.0,-0.0,0,0
399,0.0,0.0,0.0,1.0,-0.0,0,0
400,0.0,0.0,0.0,1.0,-0.0,0,0
401,0.0,0.0,0.0,1.0,-0.0,0,0
402,0.0,0.0,0.0,1.0,-0.0,0,0
403,0.0,0.02970297029702971,0.07112192077650681,1.0,-0.0,0,0
404,0.0,0.02970297029702971,0.07112192077650681,1.0,-0.0,0,0
405,0.0,0.05544554455445544,0.09797478714338996,1.0,-0.0,0,0
406,0.0,0.05544554455445544,0.09797478714338996,1.0,-0.0,0,0
407,0.0,0.05544554455445544,0.09797478714338996,1.0,-0.0,0,0
408,0.0,0.025742574257425745,0.0669763743575753,1.0,-0.0,0,0
409,0.2,0.0891089108910891,0.12734998170941406,0.19194299301932338,0.716827737407409,0,0
410,0.2,0.0891089108910891,0.13042276277287215,0.19759489744115794,0.7042242745346299,0,0
411,0.2,0.0891089108910891,0.13042276277287215,0.19759489744115794,0.7042242745346299,0,0
412,0.2,0.09504950495049502,0.13957235791450373,0.2260425879939259,0.6458097290460246,0,0
413,0.2,0.09504950495049502,0.13957235791450373,0.2260425879939259,0.6458097290460246,0,0
414,0.0,0.0712871287128713,0.10372911567294095,1.0,-0.0,0,0
415,0.0,0.061386138613861385,0.10046456153636295,1.0,-0.0,0,0
416,0.0,0.07524752475247526,0.11205191564986226,1.0,-0.0,0,0
417,0.0,0.06930693069306931,0.10693069306930696,1.0,-0.0,0,0
418,0.0,0.06930693069306931,0.10693069306930696,1.0,-0.0,0,0
419,0.0,0.05544554455445544,0.10575073206193021,1.0,-0.0,0,0
420,0.0,0.039603960396039604,0.08452453849668534,1.0,-0.0,0,0
421,0.0,0.025742574257425748,0.0669763743575753,1.0,-0.0,0,0
422,0.0,0.025742574257425748,0.0669763743575753,1.0,-0.0,0,0
423,0.0,0.025742574257425748,0.0669763743575753,1.0,-0.0,0,0
424,0.2,0.03762376237623763,0.07816140339006158,0.01888012292982573,1.723995182306426,0,0
425,0.2,0.03762376237623763,0.07816140339006158,0.01888012292982573,1.723995182306426,0,0
426,0.2,0.039603960396039604,0.07970143286137867,0.022085672454221338,1.6558893730090938,0,0
427,0.4,0.14455445544554454,0.14105349559214359,0.035071707622728106,1.4550430880371352,0,0
428,0.4,0.14455445544554454,0.14105349559214359,0.035071707622728106,1.4550430880371352,0,0
429,0.2,0.10495049504950493,0.12771893462651168,0.22837520121158456,0.6413510570010156,0,0
430,0.2,0.10495049504950493,0.12771893462651168,0.22837520121158456,0.6413510570010156,0,0
431,0.2,0.11485148514851483,0.13598641357140118,0.2656067797011653,0.5757608436518119,0,0
432,0.2,0.03564356435643565,0.08154954567118415,0.0219304263845019,1.6589529244266186,0,0
433,0.2,0.03564356435643565,0.08154954567118415,0.0219304263845019,1.6589529244266186,0,0
434,0.2,0.06534653465346535,0.10939585993610405,0.10918337986089162,0.9618434658808062,0,0
435,0.2,0.11089108910891085,0.13636075485692528,0.2567237116992276,0.5905340168581737,0,0
436,0.2,0.09900990099009899,0.12145573247679728,0.2028464104184663,0.6928326731913329,0,0
437,0.0,0.07524752475247526,0.10845991237726066,1.0,-0.0,0,0
