,foreground,bg_means,bg_stdev,pvals,minus_logs,regs,active
2,0.0,0.09900990099009899,0.15057319492752774,1.0,-0.0,0,0
3,0.0,0.13663366336633664,0.17103226044902325,1.0,-0.0,0,0
4,0.0,0.13663366336633664,0.17103226044902325,1.0,-0.0,0,0
5,0.0,0.13663366336633664,0.17103226044902325,1.0,-0.0,0,0
6,0.0,0.2851485148514851,0.23938292726117907,1.0,-0.0,0,0
7,0.0,0.27326732673267323,0.2264189969940339,1.0,-0.0,0,0
8,0.0,0.2356435643564356,0.21135309408516964,1.0,-0.0,0,0
9,0.0,0.2356435643564356,0.21135309408516964,1.0,-0.0,0,0
10,0.0,0.2356435643564356,0.21135309408516964,1.0,-0.0,0,0
11,0.0,0.17821782178217818,0.1589594632902137,1.0,-0.0,0,0
12,0.0,0.0891089108910891,0.13636075485692528,1.0,-0.0,0,0
13,0.0,0.0891089108910891,0.13636075485692528,1.0,-0.0,0,0
14,0.0,0.0891089108910891,0.13636075485692528,1.0,-0.0,0,0
15,0.0,0.0891089108910891,0.13636075485692528,1.0,-0.0,0,0
16,0.0,0.0,0.0,1.0,-0.0,0,0
17,0.0,0.0,0.0,1.0,-0.0,0,0
18,0.0,0.0,0.0,1.0,-0.0,0,0
19,0.4,0.08910891089108909,0.12097048989545556,0.005085298257653245,2.2936835702035103,0,0
20,0.4,0.08910891089108909,0.12097048989545556,0.005085298257653245,2.2936835702035103,0,0
21,0.4,0.11287128712871283,0.13024224675172552,0.013741989634856684,1.861950383369426,0,0
22,0.6,0.19603960396039602,0.17571398456617046,0.010753447990347277,1.968452261042758,0,0
23,0.6,0.2792079207920792,0.2199535647138513,0.07235777104783098,1.140514819873819,0,0
24,0.2,0.1900990099009901,0.18748198619476633,0.47894150577387257,0.3197175247292249,0,0
25,0.2,0.1900990099009901,0.18748198619476633,0.47894150577387257,0.3197175247292249,0,0
26,0.2,0.16633663366336632,0.1642729120947021,0.418815979973769,0.37797675611920145,0,0
27,0.0,0.08316831683168316,0.11694909354640316,1.0,-0.0,0,0
28,0.0,0.0,0.0,1.0,-0.0,0,0
29,0.0,0.0,0.0,1.0,-0.0,0,0
30,0.0,0.11683168316831684,0.1647496191679326,1.0,-0.0,0,0
31,0.0,0.11683168316831684,0.1647496191679326,1.0,-0.0,0,0
32,0.2,0.20594059405940596,0.20768492042973294,1.0,-0.0,0,0
33,0.4,0.30297029702970296,0.2526906477774142,0.35049436521062177,0.4553189596591047,0,0
34,0.4,0.30297029702970296,0.2526906477774142,0.35049436521062177,0.4553189596591047,0,0
35,0.4,0.23168316831683164,0.21384305018572392,0.21561034139582397,0.6663304127643666,0,0
36,0.4,0.2831683168316832,0.23082688508352958,0.3063777208485201,0.5137428188838838,0,0
37,0.4,0.40792079207920795,0.2741984423830909,1.0,-0.0,0,0
38,0.2,0.3465346534653465,0.23018045285893685,1.0,-0.0,0,0
39,0.2,0.3465346534653465,0.23018045285893685,1.0,-0.0,0,0
40,0.2,0.299009900990099,0.22271726493469288,1.0,-0.0,0,0
41,0.2,0.30297029702970296,0.21546883974234365,1.0,-0.0,0,0
42,0.0,0.09108910891089109,0.12750384183766536,1.0,-0.0,0,0
43,0.0,0.05544554455445544,0.10575073206193021,1.0,-0.0,0,0
44,0.0,0.05544554455445544,0.10575073206193021,1.0,-0.0,0,0
45,0.0,0.10891089108910891,0.13650445892763635,1.0,-0.0,0,0
46,0.0,0.05346534653465347,0.10104832334394513,1.0,-0.0,0,0
47,0.0,0.05346534653465347,0.10104832334394513,1.0,-0.0,0,0
48,0.2,0.16435643564356434,0.1697897117641665,0.41686204965167273,0.3800076404387553,0,0
49,0.4,0.2178217821782178,0.18042635951740818,0.15631723344691356,0.8059931398418549,0,0
50,0.4,0.16435643564356434,0.15259092949947317,0.06125990567136285,1.212823676260072,0,0
51,0.6,0.23564356435643566,0.1917011692717774,0.028674069782857463,1.542510662170367,0,0
52,0.8,0.36831683168316837,0.2366978660987554,0.03409320156913106,1.4673322138335854,0,0
53,0.6,0.25742574257425743,0.1956692170619505,0.03999168384862904,1.3980303095255844,0,0
54,0.4,0.20396039603960395,0.17344545299372824,0.1291819500869324,0.8887981637810903,0,0
55,0.6,0.30297029702970296,0.20219363601376336,0.07091153083463007,1.1492831389964075,0,0
56,0.4,0.23168316831683167,0.17962044309621494,0.1743614147227197,0.7585496158887077,0,0
57,0.2,0.1287128712871287,0.13954426081146826,0.3047256810291634,0.5160909436792886,0,0
58,0.4,0.46534653465346526,0.24713632890016152,1.0,-0.0,0,0
59,0.4,0.46534653465346526,0.24713632890016152,1.0,-0.0,0,0
60,0.4,0.485148514851485,0.27045474671846087,1.0,-0.0,0,0
61,0.4,0.485148514851485,0.27045474671846087,1.0,-0.0,0,0
62,0.6,0.5376237623762375,0.30011597928052397,0.41767677716605195,0.379159670842159,0,0
63,0.4,0.30297029702970296,0.2172991028693689,0.32760866168522157,0.4846446243952365,0,0
64,0.4,0.30297029702970296,0.2172991028693689,0.32760866168522157,0.4846446243952365,0,0
65,0.2,0.2059405940594059,0.18120705414231045,1.0,-0.0,0,0
66,0.2,0.2059405940594059,0.18120705414231045,1.0,-0.0,0,0
67,0.0,0.12574257425742574,0.1425742574257426,1.0,-0.0,0,0
68,0.0,0.021782178217821784,0.06230547612891991,1.0,-0.0,0,0
69,0.0,0.021782178217821784,0.06230547612891991,1.0,-0.0,0,0
70,0.0,0.0,0.0,1.0,-0.0,0,0
71,0.0,0.0,0.0,1.0,-0.0,0,0
72,0.4,0.04554455445544555,0.09283729243351321,6.726114370462065e-05,4.172235752240195,0,0
73,0.4,0.04554455445544555,0.09283729243351321,6.726114370462065e-05,4.172235752240195,0,0
74,0.4,0.04554455445544555,0.09283729243351321,6.726114370462065e-05,4.172235752240195,0,0
75,0.4,0.06336633663366337,0.1158034971660471,0.0018249237780268543,2.7387552700971685,0,0
76,0.4,0.0871287128712871,0.13324834725751067,0.009436468186704784,2.025190519899815,0,0
77,0.0,0.041584158415841586,0.08590499787518362,1.0,-0.0,0,0
78,0.0,0.041584158415841586,0.08590499787518362,1.0,-0.0,0,0
79,0.0,0.041584158415841586,0.08590499787518362,1.0,-0.0,0,0
80,0.0,0.033663366336633666,0.07994704648786674,1.0,-0.0,0,0
81,0.0,0.009900990099009901,0.04338396495090425,1.0,-0.0,0,0
82,0.0,0.009900990099009901,0.04338396495090425,1.0,-0.0,0,0
83,0.0,0.03564356435643565,0.08154954567118415,1.0,-0.0,0,0
84,0.0,0.057425742574257435,0.09885135821266286,1.0,-0.0,0,0
85,0.0,0.04752475247524753,0.09397077637785879,1.0,-0.0,0,0
86,0.4,0.08712871287128714,0.13024224675172555,0.008147822823121037,2.088958423434449,0,0
87,0.6,0.17227722772277224,0.17806373977319878,0.008151143457817818,2.0887814633352226,0,0
88,0.6,0.1465346534653465,0.1564231101634178,0.001871974838417258,2.727699992996407,0,0
89,0.8,0.18415841584158413,0.1681186952617119,0.00012457326116848942,3.9045751661292143,0,0
90,0.8,0.18415841584158413,0.1681186952617119,0.00012457326116848942,3.9045751661292143,0,0
91,0.4,0.14455445544554454,0.15445544554455445,0.0490793877855717,1.309100863284199,0,0
92,0.8,0.22772277227722773,0.1802741651760957,0.0007505190613240349,3.1246382732771774,0,0
93,1.0,0.35247524752475257,0.24559245779931643,0.004187292859005082,2.3780666635171643,0,0
94,0.8,0.2910891089108911,0.23126813973317123,0.013884900308130735,1.8574572340832691,0,0
95,0.8,0.2910891089108911,0.23126813973317123,0.013884900308130735,1.8574572340832691,0,0
96,0.8,0.3108910891089109,0.2412430638613058,0.021308066477707048,1.6714559569568388,0,0
97,0.4,0.2594059405940594,0.22785187902800047,0.26860368493528575,0.5708880336029578,0,0
98,0.4,0.2435643564356436,0.23815122975640254,0.25563057356444924,0.5923872055360291,0,0
99,0.4,0.2554455445544555,0.24065720558288065,0.27403143604411034,0.562199613393577,0,0
100,0.4,0.3465346534653466,0.25930766787914217,0.41832320967241654,0.3784880389502703,0,0
101,0.4,0.32673267326732675,0.2575171201110314,0.3880081033609244,0.411159204281604,0,0
102,0.2,0.2118811881188119,0.19257871154715578,1.0,-0.0,0,0
103,0.0,0.11287128712871286,0.15002532217723416,1.0,-0.0,0,0
104,0.0,0.10099009900990098,0.14246420394934614,1.0,-0.0,0,0
105,0.0,0.009900990099009901,0.04338396495090425,1.0,-0.0,0,0
106,0.0,0.009900990099009901,0.04338396495090425,1.0,-0.0,0,0
107,0.0,0.009900990099009901,0.04338396495090425,1.0,-0.0,0,0
108,0.0,0.011881188118811883,0.047276579747775535,1.0,-0.0,0,0
109,0.2,0.057425742574257435,0.10656335878870264,0.0904597157907538,1.0435447810683363,0,0
110,0.4,0.12079207920792079,0.15435386352400063,0.035234670996593775,1.4530297793683857,0,0
111,0.4,0.14257425742574256,0.1765155223609232,0.07236866810566309,1.1404494201842796,0,0
112,1.0,0.3128712871287128,0.2539444728955228,0.0034067709027607866,2.467657070720986,0,0
113,1.2,0.4435643564356436,0.29864905116078855,0.005656838447463634,2.2474262240131586,0,0
114,1.0,0.4910891089108911,0.29453739862420675,0.04200925079368358,1.3766550637386192,0,0
115,1.0,0.5346534653465347,0.2912709070605448,0.05506137496227092,1.2591529478451347,0,0
116,1.0,0.5108910891089109,0.2806996175044253,0.04071366375661331,1.3902598144055285,0,0
117,0.4,0.34059405940594073,0.2397103110674134,0.4021353368157695,0.39562776248574294,0,0
118,0.2,0.19999999999999996,0.1887950326582658,0.4999999999999999,0.3010299956639813,0,0
119,0.2,0.15049504950495046,0.1650824950547828,0.3821343177299839,0.4177839585651545,0,0
120,0.0,0.0594059405940594,0.10357779667819421,1.0,-0.0,0,0
121,0.0,0.0594059405940594,0.10357779667819421,1.0,-0.0,0,0
122,0.0,0.0594059405940594,0.10357779667819421,1.0,-0.0,0,0
123,0.2,0.14455445544554454,0.13532158069916742,0.34100137789971635,0.46724386613056856,0,0
124,0.2,0.09900990099009899,0.11814997140733703,0.19634147562349946,0.7069879493466559,0,0
125,0.2,0.12277227722772276,0.14615954128511635,0.29861794013327353,0.5248841046255922,0,0
126,0.2,0.12277227722772276,0.14615954128511635,0.29861794013327353,0.5248841046255922,0,0
127,0.2,0.12277227722772276,0.14615954128511635,0.29861794013327353,0.5248841046255922,0,0
128,0.0,0.039603960396039604,0.09757374253271223,1.0,-0.0,0,0
129,0.0,0.039603960396039604,0.09757374253271223,1.0,-0.0,0,0
130,0.0,0.05148514851485149,0.08744317689433512,1.0,-0.0,0,0
131,0.0,0.05148514851485149,0.08744317689433512,1.0,-0.0,0,0
132,0.0,0.05148514851485149,0.08744317689433512,1.0,-0.0,0,0
133,0.0,0.05148514851485149,0.08744317689433512,1.0,-0.0,0,0
134,0.0,0.05148514851485149,0.08744317689433512,1.0,-0.0,0,0
135,0.0,0.0,0.0,1.0,-0.0,0,0
136,0.0,0.0,0.0,1.0,-0.0,0,0
137,0.0,0.0,0.0,1.0,-0.0,0,0
138,0.0,0.0,0.0,1.0,-0.0,0,0
139,0.0,0.0,0.0,1.0,-0.0,0,0
140,0.2,0.09504950495049505,0.1277189346265117,0.20561525732768132,0.6869446624035489,0,0
141,0.6,0.35247524752475257,0.23571843390024522,0.1468391654180734,0.8331580925374015,0,0
142,0.6,0.40198019801980206,0.2587020909948532,0.2220060869982442,0.6536351178308576,0,0
143,0.6,0.4534653465346534,0.27125099130562796,0.29452336881768315,0.5308802406190664,0,0
144,0.6,0.4534653465346534,0.27125099130562796,0.29452336881768315,0.5308802406190664,0,0
145,0.6,0.3702970297029703,0.236117337190369,0.16531790925403977,0.7816800958000513,0,0
146,0.4,0.17425742574257425,0.1680720409815679,0.08961496666038811,1.0476194524449152,0,0
147,1.0,0.32079207920792085,0.2641319920876526,0.005063365792200501,2.2955606967893876,0,0
148,1.0,0.2693069306930693,0.25083724132419777,0.0017897773712011076,2.7472009871608853,0,0
149,1.2,0.4297029702970297,0.27773644977879985,0.0027729958659709454,2.557050777875202,0,0
150,1.0,0.4475247524752475,0.27308072262699773,0.021530355300637787,1.6669488032543947,0,0
151,1.0,0.5564356435643565,0.29997222365939163,0.06961229325698175,1.1573140589206128,0,0
152,0.4,0.38811881188118813,0.2230691091744783,0.4787614333446807,0.31988084147404877,0,0
153,0.4,0.38811881188118813,0.2230691091744783,0.4787614333446807,0.31988084147404877,0,0
154,0.4,0.502970297029703,0.2946571915020439,1.0,-0.0,0,0
155,0.6,0.6138613861386139,0.32852195338440376,1.0,-0.0,0,0
156,0.4,0.4455445544554456,0.27986020289318625,1.0,-0.0,0,0
157,0.4,0.4158415841584158,0.2724050105190914,1.0,-0.0,0,0
158,0.4,0.43960396039603966,0.28426706447408095,1.0,-0.0,0,0
159,0.2,0.16435643564356434,0.17887666995067275,0.4210283736511437,0.3756886355066156,0,0
160,0.0,0.023762376237623766,0.07056843438101175,1.0,-0.0,0,0
161,0.0,0.02970297029702971,0.08150144802873932,1.0,-0.0,0,0
162,0.0,0.02970297029702971,0.08150144802873932,1.0,-0.0,0,0
163,0.0,0.05544554455445545,0.10575073206193021,1.0,-0.0,0,0
164,0.0,0.06930693069306931,0.11409790329416186,1.0,-0.0,0,0
165,0.2,0.10693069306930691,0.15559367350941145,0.2748678859708685,0.5608759977351179,0,0
166,0.4,0.20792079207920788,0.19684801812808977,0.16458819830341503,0.7836013088288329,0,0
167,0.4,0.20792079207920788,0.19684801812808977,0.16458819830341503,0.7836013088288329,0,0
168,0.4,0.23762376237623767,0.20238747522615816,0.21118862644327924,0.6753294744238723,0,0
169,0.4,0.26732673267326734,0.22030982274568575,0.27351644141180653,0.5630165625670828,0,0
170,0.6,0.5980198019801981,0.36423803500257224,0.49783114132436995,0.3029179400248978,0,0
171,0.4,0.5762376237623763,0.3672613429562075,1.0,-0.0,0,0
172,0.6,0.6752475247524752,0.3898224883134158,1.0,-0.0,0,0
173,0.6,0.6495049504950494,0.3630519048552933,1.0,-0.0,0,0
174,0.6,0.6059405940594059,0.3475007748914269,1.0,-0.0,0,0
175,0.2,0.2376237623762376,0.2081752332823988,1.0,-0.0,0,0
176,0.2,0.15445544554455445,0.1732192295336953,0.39630221655733144,0.40197349860720377,0,0
177,0.0,0.0594059405940594,0.09562531855564069,1.0,-0.0,0,0
178,0.0,0.06336633663366337,0.10504385908811757,1.0,-0.0,0,0
179,0.2,0.20792079207920788,0.19071681786668523,1.0,-0.0,0,0
180,0.2,0.22376237623762374,0.19556899208121012,1.0,-0.0,0,0
181,0.4,0.23762376237623759,0.19843520784522387,0.20659768975058973,0.6848745392257907,0,0
182,0.6,0.3445544554455446,0.25033650522144313,0.1537673378703528,0.8131359043857016,0,0
183,0.6,0.2851485148514851,0.22924159879176859,0.08480651089141579,1.0715708041623035,0,0
184,0.4,0.3940594059405941,0.3139722451560965,0.4924521584956176,0.3076359546294746,0,0
185,0.4,0.37821782178217817,0.29771538019251914,0.4708376327849839,0.327128832452041,0,0
186,0.2,0.3643564356435644,0.2930157831777253,1.0,-0.0,0,0
187,0.0,0.34851485148514855,0.2511809183433914,1.0,-0.0,0,0
188,0.0,0.4435643564356435,0.278046880292564,1.0,-0.0,0,0
189,0.0,0.19207920792079203,0.19684801812808977,1.0,-0.0,0,0
190,0.0,0.19207920792079203,0.19684801812808977,1.0,-0.0,0,0
191,0.0,0.19207920792079203,0.19684801812808977,1.0,-0.0,0,0
192,0.0,0.09504950495049505,0.12135883917659061,1.0,-0.0,0,0
193,0.0,0.0,0.0,1.0,-0.0,0,0
194,0.0,0.039603960396039604,0.0890869059738772,1.0,-0.0,0,0
195,0.0,0.039603960396039604,0.0890869059738772,1.0,-0.0,0,0
196,0.0,0.039603960396039604,0.0890869059738772,1.0,-0.0,0,0
197,0.0,0.039603960396039604,0.0890869059738772,1.0,-0.0,0,0
198,0.0,0.039603960396039604,0.0890869059738772,1.0,-0.0,0,0
199,0.0,0.15643564356435644,0.19213023717381658,1.0,-0.0,0,0
200,0.0,0.15643564356435644,0.19213023717381658,1.0,-0.0,0,0
201,0.0,0.15643564356435644,0.19213023717381658,1.0,-0.0,0,0
202,0.0,0.15643564356435644,0.19213023717381658,1.0,-0.0,0,0
203,0.0,0.15643564356435644,0.19213023717381658,1.0,-0.0,0,0
204,0.0,0.031683168316831684,0.07826167463512675,1.0,-0.0,0,0
205,0.0,0.04356435643564357,0.08721867542790195,1.0,-0.0,0,0
206,0.0,0.04356435643564357,0.08721867542790195,1.0,-0.0,0,0
207,0.0,0.04356435643564357,0.08721867542790195,1.0,-0.0,0,0
208,0.0,0.07326732673267328,0.10425700262248064,1.0,-0.0,0,0
209,0.0,0.041584158415841586,0.08116396646304633,1.0,-0.0,0,0
210,0.0,0.02970297029702971,0.07112192077650681,1.0,-0.0,0,0
211,0.0,0.06534653465346535,0.11976515267356391,1.0,-0.0,0,0
212,0.0,0.06534653465346535,0.11976515267356391,1.0,-0.0,0,0
213,0.0,0.03564356435643565,0.08154954567118416,1.0,-0.0,0,0
214,0.0,0.03564356435643565,0.08154954567118416,1.0,-0.0,0,0
215,0.0,0.03564356435643565,0.08154954567118416,1.0,-0.0,0,0
216,0.0,0.023762376237623766,0.06471340450838887,1.0,-0.0,0,0
217,0.0,0.023762376237623766,0.06471340450838887,1.0,-0.0,0,0
218,0.0,0.023762376237623766,0.06471340450838887,1.0,-0.0,0,0
219,0.0,0.041584158415841586,0.08116396646304633,1.0,-0.0,0,0
220,0.0,0.041584158415841586,0.08116396646304633,1.0,-0.0,0,0
221,0.0,0.017821782178217824,0.05698017651460656,1.0,-0.0,0,0
222,0.0,0.017821782178217824,0.05698017651460656,1.0,-0.0,0,0
223,0.0,0.017821782178217824,0.05698017651460656,1.0,-0.0,0,0
224,0.0,0.13663366336633662,0.12875856005551573,1.0,-0.0,0,0
225,0.0,0.13663366336633662,0.12875856005551573,1.0,-0.0,0,0
226,0.0,0.1861386138613861,0.154810457708452,1.0,-0.0,0,0
227,0.0,0.24158415841584158,0.15749733722889644,1.0,-0.0,0,0
228,0.0,0.24158415841584158,0.15749733722889644,1.0,-0.0,0,0
229,0.0,0.13267326732673268,0.1414975848312859,1.0,-0.0,0,0
230,0.0,0.1485148514851485,0.1425467520222985,1.0,-0.0,0,0
231,0.0,0.09702970297029702,0.12142344330103677,1.0,-0.0,0,0
232,0.0,0.06732673267326733,0.10634234916512914,1.0,-0.0,0,0
233,0.0,0.06732673267326733,0.10634234916512914,1.0,-0.0,0,0
234,0.0,0.13267326732673265,0.14698885988036148,1.0,-0.0,0,0
235,0.0,0.23168316831683167,0.206302043812103,1.0,-0.0,0,0
236,0.0,0.2792079207920792,0.22352567871761836,1.0,-0.0,0,0
237,0.0,0.25346534653465347,0.20468007222847603,1.0,-0.0,0,0
238,0.0,0.37425742574257426,0.24480886274099947,1.0,-0.0,0,0
239,0.0,0.4237623762376238,0.2644435648309334,1.0,-0.0,0,0
240,0.0,0.31881188118811893,0.23744217484156183,1.0,-0.0,0,0
241,0.0,0.3445544554455446,0.2550384352803475,1.0,-0.0,0,0
242,0.0,0.3445544554455446,0.2550384352803475,1.0,-0.0,0,0
243,0.0,0.35247524752475257,0.25970053561592077,1.0,-0.0,0,0
244,0.0,0.2118811881188119,0.21767772013720862,1.0,-0.0,0,0
245,0.0,0.21386138613861388,0.20149427084221783,1.0,-0.0,0,0
246,0.0,0.14257425742574256,0.14981608173764543,1.0,-0.0,0,0
247,0.0,0.16435643564356434,0.15769638607575884,1.0,-0.0,0,0
248,0.0,0.03564356435643565,0.07653920035678292,1.0,-0.0,0,0
249,0.0,0.03564356435643565,0.07653920035678292,1.0,-0.0,0,0
250,0.0,0.021782178217821784,0.06230547612891991,1.0,-0.0,0,0
251,0.0,0.021782178217821784,0.06230547612891991,1.0,-0.0,0,0
252,0.0,0.0,0.0,1.0,-0.0,0,0
253,0.0,0.0,0.0,1.0,-0.0,0,0
254,0.0,0.0,0.0,1.0,-0.0,0,0
255,0.0,0.0,0.0,1.0,-0.0,0,0
256,0.0,0.0,0.0,1.0,-0.0,0,0
257,0.0,0.0,0.0,1.0,-0.0,0,0
258,0.0,0.0,0.0,1.0,-0.0,0,0
259,0.0,0.0,0.0,1.0,-0.0,0,0
260,0.0,0.0,0.0,1.0,-0.0,0,0
261,0.0,0.0,0.0,1.0,-0.0,0,0
262,0.0,0.0,0.0,1.0,-0.0,0,0
263,0.0,0.0,0.0,1.0,-0.0,0,0
264,0.0,0.06930693069306931,0.11057238501634628,1.0,-0.0,0,0
265,0.0,0.06930693069306931,0.11057238501634628,1.0,-0.0,0,0
266,0.0,0.06930693069306931,0.11057238501634628,1.0,-0.0,0,0
267,0.2,0.14455445544554454,0.13821725438903087,0.34415566293407385,0.46324507992170944,0,0
268,0.2,0.14455445544554454,0.13821725438903087,0.34415566293407385,0.46324507992170944,0,0
269,0.2,0.10495049504950493,0.1423816080178024,0.2522044715005415,0.5982472177994327,0,0
270,0.2,0.1762376237623762,0.16953548350894254,0.44426612849697694,0.3523567967469894,0,0
271,0.2,0.2039603960396039,0.1845094068165728,1.0,-0.0,0,0
272,0.0,0.13069306930693067,0.1419402846531281,1.0,-0.0,0,0
273,0.0,0.13069306930693067,0.1419402846531281,1.0,-0.0,0,0
274,0.0,0.097029702970297,0.12464241569787099,1.0,-0.0,0,0
275,0.0,0.027722772277227727,0.07461957893630407,1.0,-0.0,0,0
276,0.0,0.0,0.0,1.0,-0.0,0,0
277,0.0,0.0,0.0,1.0,-0.0,0,0
278,0.0,0.0,0.0,1.0,-0.0,0,0
279,0.0,0.0,0.0,1.0,-0.0,0,0
280,0.0,0.0,0.0,1.0,-0.0,0,0
281,0.0,0.0,0.0,1.0,-0.0,0,0
282,0.0,0.0,0.0,1.0,-0.0,0,0
283,0.0,0.0,0.0,1.0,-0.0,0,0
284,0.0,0.0,0.0,1.0,-0.0,0,0
285,0.0,0.0,0.0,1.0,-0.0,0,0
286,0.0,0.0,0.0,1.0,-0.0,0,0
287,0.0,0.12475247524752471,0.1374491377352735,1.0,-0.0,0,0
288,0.0,0.36435643564356435,0.24111299615331405,1.0,-0.0,0,0
289,0.0,0.36435643564356435,0.24111299615331405,1.0,-0.0,0,0
290,0.0,0.4534653465346534,0.26831500492600907,1.0,-0.0,0,0
291,0.0,0.4772277227722772,0.2639686405462663,1.0,-0.0,0,0
292,0.0,0.401980198019802,0.2540679717346264,1.0,-0.0,0,0
293,0.0,0.30495049504950494,0.23478502390538022,1.0,-0.0,0,0
294,0.0,0.30495049504950494,0.23478502390538022,1.0,-0.0,0,0
295,0.0,0.21584158415841584,0.19434208548729184,1.0,-0.0,0,0
296,0.0,0.2099009900990099,0.19371559764587087,1.0,-0.0,0,0
297,0.0,0.18613861386138608,0.187230838076401,1.0,-0.0,0,0
298,0.0,0.041584158415841586,0.08116396646304633,1.0,-0.0,0,0
299,0.0,0.06336633663366337,0.10120342446875752,1.0,-0.0,0,0
300,0.0,0.06336633663366337,0.10120342446875752,1.0,-0.0,0,0
301,0.0,0.04554455445544554,0.08387254884969257,1.0,-0.0,0,0
302,0.0,0.021782178217821784,0.06230547612891991,1.0,-0.0,0,0
303,0.0,0.021782178217821784,0.06230547612891991,1.0,-0.0,0,0
304,0.2,0.13465346534653463,0.15443005630372467,0.33609419630453163,0.4735389868898758,0,0
305,0.2,0.13465346534653463,0.15443005630372467,0.33609419630453163,0.4735389868898758,0,0
306,0.2,0.13465346534653463,0.15443005630372467,0.33609419630453163,0.4735389868898758,0,0
307,0.2,0.13465346534653463,0.15443005630372467,0.33609419630453163,0.4735389868898758,0,0
308,0.4,0.2594059405940594,0.2134943678723732,0.25509638613034735,0.5932956938589109,0,0
309,0.4,0.2415841584158416,0.20742042574532268,0.22251028663842876,0.6526499068087088,0,0
310,0.4,0.2415841584158416,0.20742042574532268,0.22251028663842876,0.6526499068087088,0,0
311,0.4,0.2415841584158416,0.20742042574532268,0.22251028663842876,0.6526499068087088,0,0
312,0.4,0.2415841584158416,0.20742042574532268,0.22251028663842876,0.6526499068087088,0,0
313,0.2,0.11485148514851484,0.1550382505430763,0.2914307658307523,0.535464602445127,0,0
314,0.0,0.0,0.0,1.0,-0.0,0,0
315,0.0,0.06930693069306931,0.10693069306930696,1.0,-0.0,0,0
316,0.0,0.21386138613861383,0.2053876812228002,1.0,-0.0,0,0
317,0.0,0.21386138613861383,0.2053876812228002,1.0,-0.0,0,0
318,0.0,0.35247524752475257,0.2581710459971748,1.0,-0.0,0,0
319,0.0,0.40792079207920795,0.2727502641564118,1.0,-0.0,0,0
320,0.2,0.4970297029702971,0.30780456881449975,1.0,-0.0,0,0
321,0.2,0.3742574257425743,0.2823709607494391,1.0,-0.0,0,0
322,0.4,0.4831683168316832,0.2914862247074407,1.0,-0.0,0,0
323,0.4,0.3465346534653466,0.23359623133558222,0.4094813571821585,0.3877658659602673,0,0
324,0.4,0.2891089108910891,0.21521391159118455,0.30318572356429196,0.5182912526548396,0,0
325,0.4,0.25346534653465347,0.19272118907875546,0.22352410047157967,0.6506756441761802,0,0
326,0.4,0.23366336633663368,0.19308707712077475,0.1944925990835185,0.7110969199852749,0,0
327,0.2,0.1504950495049505,0.16021258301915867,0.37866251460870165,0.4217476853844922,0,0
328,0.2,0.1504950495049505,0.16021258301915867,0.37866251460870165,0.4217476853844922,0,0
329,0.2,0.5782178217821782,0.3120053186891289,1.0,-0.0,0,0
330,0.0,0.4534653465346534,0.27125099130562796,1.0,-0.0,0,0
331,0.0,0.4534653465346534,0.27125099130562796,1.0,-0.0,0,0
332,0.0,0.44950495049504957,0.2705417236452048,1.0,-0.0,0,0
333,0.2,0.4613861386138614,0.2710340656787575,1.0,-0.0,0,0
334,0.2,0.033663366336633666,0.07482947971362845,0.01311209067436901,1.882328056139666,0,0
335,0.4,0.2336633663366336,0.07482947971362845,0.013112090674368974,1.8823280561396674,0,0
336,0.4,0.2336633663366336,0.07482947971362845,0.013112090674368974,1.8823280561396674,0,0
337,0.4,0.27326732673267323,0.1115960618107356,0.12805415268855658,0.8926063331621111,0,0
338,0.2,0.2613861386138614,0.10433219700847123,1.0,-0.0,0,0
339,0.2,0.40990099009900993,0.2036814395346343,1.0,-0.0,0,0
340,0.0,0.20990099009900987,0.20368143953463436,1.0,-0.0,0,0
341,0.0,0.20990099009900987,0.20368143953463436,1.0,-0.0,0,0
342,0.0,0.16633663366336632,0.18894036343566833,1.0,-0.0,0,0
343,0.0,0.16633663366336632,0.18894036343566833,1.0,-0.0,0,0
344,0.0,0.017821782178217824,0.05698017651460657,1.0,-0.0,0,0
345,0.0,0.017821782178217824,0.05698017651460657,1.0,-0.0,0,0
346,0.0,0.14455445544554454,0.18904410273049702,1.0,-0.0,0,0
347,0.0,0.23168316831683167,0.2101063818566501,1.0,-0.0,0,0
