,foreground,bg_means,bg_stdev,pvals,minus_logs,regs,active
2,0.0,0.08118811881188118,0.12951766673875514,1.0,-0.0,0,0
3,0.0,0.061386138613861385,0.1080614942545921,1.0,-0.0,0,0
4,0.0,0.0,0.0,1.0,-0.0,0,0
5,0.0,0.0,0.0,1.0,-0.0,0,0
6,0.0,0.0,0.0,1.0,-0.0,0,0
7,0.0,0.0,0.0,1.0,-0.0,0,0
8,0.0,0.10099009900990098,0.14791959918402456,1.0,-0.0,0,0
9,0.0,0.17821782178217818,0.2104234111490729,1.0,-0.0,0,0
10,0.0,0.17821782178217818,0.2104234111490729,1.0,-0.0,0,0
11,0.0,0.17821782178217818,0.2104234111490729,1.0,-0.0,0,0
12,0.0,0.17821782178217818,0.2104234111490729,1.0,-0.0,0,0
13,0.0,0.07524752475247526,0.12539516989297084,1.0,-0.0,0,0
14,0.0,0.019801980198019802,0.0597350618970232,1.0,-0.0,0,0
15,0.0,0.12079207920792079,0.149134022841685,1.0,-0.0,0,0
16,0.0,0.12673267326732673,0.1508333872676597,1.0,-0.0,0,0
17,0.0,0.13564356435643563,0.15643564356435644,1.0,-0.0,0,0
18,0.0,0.13564356435643563,0.15643564356435644,1.0,-0.0,0,0
19,0.0,0.11485148514851484,0.14445948324625327,1.0,-0.0,0,0
20,0.0,0.057425742574257435,0.09476028605152792,1.0,-0.0,0,0
21,0.0,0.05148514851485149,0.09186070102766894,1.0,-0.0,0,0
22,0.0,0.04356435643564357,0.08721867542790196,1.0,-0.0,0,0
23,0.0,0.05346534653465348,0.10489443673781407,1.0,-0.0,0,0
24,0.0,0.06336633663366337,0.11917436454123627,1.0,-0.0,0,0
25,0.2,0.10297029702970294,0.12464241569787099,0.21814759659538457,0.6612495674175328,0,0
26,0.2,0.1069306930693069,0.12448501897427097,0.2273402954616614,0.6433235799123768,0,0
27,0.2,0.11782178217821779,0.1323033115920005,0.2672554002473078,0.5730735105385983,0,0
28,0.2,0.11782178217821783,0.13230331159200054,0.267255400247308,0.573073510538598,0,0
29,0.2,0.10693069306930694,0.12448501897427099,0.22734029546166157,0.6433235799123764,0,0
30,0.0,0.03564356435643565,0.08154954567118416,1.0,-0.0,0,0
31,0.0,0.031683168316831684,0.0730260947112308,1.0,-0.0,0,0
32,0.0,0.021782178217821784,0.06230547612891991,1.0,-0.0,0,0
33,0.0,0.01386138613861386,0.05079507064705211,1.0,-0.0,0,0
34,0.0,0.01386138613861386,0.05079507064705211,1.0,-0.0,0,0
35,0.0,0.007920792079207921,0.03900537743285587,1.0,-0.0,0,0
36,0.0,0.007920792079207921,0.03900537743285587,1.0,-0.0,0,0
37,0.0,0.007920792079207921,0.03900537743285587,1.0,-0.0,0,0
38,0.0,0.0059405940594059415,0.03395332316729158,1.0,-0.0,0,0
39,0.0,0.013861386138613863,0.05079507064705212,1.0,-0.0,0,0
40,0.0,0.007920792079207921,0.03900537743285587,1.0,-0.0,0,0
41,0.0,0.011881188118811883,0.047276579747775535,1.0,-0.0,0,0
42,0.0,0.011881188118811883,0.047276579747775535,1.0,-0.0,0,0
43,0.0,0.023762376237623766,0.0759735686861421,1.0,-0.0,0,0
44,0.0,0.015841584158415842,0.06090517425437506,1.0,-0.0,0,0
45,0.0,0.049504950495049514,0.1068206254198905,1.0,-0.0,0,0
46,0.2,0.10297029702970295,0.13383560593042218,0.23422856230353267,0.6303601472889672,0,0
47,0.2,0.1485148514851485,0.15834156674616873,0.3725328468130492,0.42883542879288383,0,0
48,0.6,0.2514851485148515,0.2003036612499294,0.04093543494464157,1.387900590811145,0,0
49,0.8,0.25940594059405936,0.2020578379219659,0.0037315374250126527,2.4281121983166734,0,0
50,0.8,0.22574257425742572,0.1816609099592826,0.0007857371511635073,3.104722712091372,0,0
51,0.6,0.16831683168316827,0.15602150973142348,0.002830314758982031,2.548165263950037,0,0
52,0.6,0.1227722772277228,0.15148191286261609,0.000815251811417429,3.088708227557001,0,0
53,0.6,0.0712871287128713,0.1337476815110359,3.857872449858402e-05,4.413652135229818,0,0
54,0.8,0.10495049504950495,0.16553318450698112,1.3413521030546316e-05,4.87245720548788,0,0
55,1.2,0.23366336633663368,0.21993573666399713,5.571297128266938e-06,5.254043679141405,0,0
56,1.4,0.27722772277227725,0.23373048205432878,7.787814405715286e-07,6.108584406861065,0,0
57,2.4,0.38613861386138615,0.2552535927813389,1.5251818145193495e-15,14.816678381670712,0,0
58,2.0,0.3742574257425743,0.26649669451502134,5.289405610396488e-10,9.276593128461682,0,0
59,1.8,0.3722772277227724,0.27865263228870346,1.4982649650047054e-07,6.824411375779645,0,0
60,1.8,0.3029702970297029,0.2558060239517646,2.425467474746987e-09,8.615204544840275,0,0
61,1.6,0.2772277227722772,0.23031669463047466,4.6431170969754214e-09,8.333190363516897,0,0
62,0.8,0.2316831683168317,0.20437332035549569,0.0027114403970143084,2.56679993780138,0,0
63,0.8,0.1801980198019802,0.17463954503246998,0.00019332232754455341,3.7137179847225283,0,0
64,0.6,0.16633663366336632,0.17815180295354427,0.007461649981538243,2.127165127132739,0,0
65,0.2,0.1188118811881188,0.1621103836665028,0.3082489120406301,0.5110984475646223,0,0
66,0.4,0.1287128712871287,0.15564406822280066,0.04066707799273189,1.3907570313628574,0,0
67,0.2,0.12277227722772276,0.16160162980675777,0.31636442600450354,0.49981235721777156,0,0
68,0.2,0.1841584158415841,0.198375917407813,0.4681757383126585,0.3295910959575169,0,0
69,0.2,0.20198019801980197,0.197999999009802,1.0,-0.0,0,0
70,0.2,0.1881188118811881,0.1841690617597849,0.47428111708575416,0.3239641658999065,0,0
71,0.0,0.16039603960396034,0.16890984643276133,1.0,-0.0,0,0
72,0.0,0.1168316831683168,0.1442421691205886,1.0,-0.0,0,0
73,0.0,0.06534653465346535,0.1197651526735639,1.0,-0.0,0,0
74,0.0,0.08712871287128714,0.13618810981425267,1.0,-0.0,0,0
75,0.8,0.21584158415841584,0.2192393119276745,0.0038553906555361173,2.4139316095850565,0,0
76,1.0,0.2396039603960396,0.23381434960952502,0.0005727062152462223,3.2420681037166146,0,0
77,1.0,0.24752475247524752,0.22007832062494737,0.00031411450971006733,3.5029120020240563,0,0
78,1.4,0.300990099009901,0.26344821179505085,1.5121059635309242e-05,4.820417773805526,0,0
79,1.6,0.3247524752475249,0.26677611060014816,8.755332839808355e-07,6.057727339272768,0,0
80,1.4,0.3415841584158416,0.27476986832824923,5.8576500981703336e-05,4.232276574097294,0,0
81,1.4,0.39009900990099017,0.29433763548412567,0.00030057275627525535,3.5220503861427246,0,0
82,1.6,0.39603960396039606,0.2856019497115716,1.2460229991324058e-05,4.904473941381417,0,0
83,1.2,0.35445544554455455,0.2653317566447851,0.0007194187293021645,3.143018259974974,0,0
84,1.0,0.299009900990099,0.24474478503731284,0.0020905331949718953,2.6797429320223616,0,0
85,0.4,0.19405940594059404,0.20188310615339297,0.15384094416896127,0.8129280633632351,0,0
86,0.4,0.14455445544554454,0.15186969892129912,0.046283966066348645,1.334569433494486,0,0
87,0.2,0.13465346534653463,0.14102569358229589,0.3215509638069872,0.49275018433831536,0,0
88,0.2,0.1584158415841584,0.16244866773856384,0.39898183684069544,0.39904687458745375,0,0
89,0.2,0.13267326732673265,0.1573977184098032,0.33441689851993217,0.47571178521468144,0,0
90,0.2,0.11089108910891088,0.13923481846532232,0.26108950498360867,0.5832105851640818,0,0
91,0.0,0.16237623762376233,0.16581719933036293,1.0,-0.0,0,0
92,0.0,0.2198019801980198,0.18775368421597716,1.0,-0.0,0,0
93,0.0,0.2415841584158416,0.18735645421805733,1.0,-0.0,0,0
94,0.0,0.22970297029702968,0.18537868892623288,1.0,-0.0,0,0
95,0.0,0.3861386138613862,0.27032422885673696,1.0,-0.0,0,0
96,0.0,0.31287128712871287,0.266128594813769,1.0,-0.0,0,0
97,0.0,0.2772277227722772,0.268431892322068,1.0,-0.0,0,0
98,0.0,0.22178217821782176,0.21782178217821777,1.0,-0.0,0,0
99,0.0,0.22178217821782176,0.21782178217821777,1.0,-0.0,0,0
100,0.0,0.04950495049504951,0.09504950495049506,1.0,-0.0,0,0
101,0.0,0.08910891089108913,0.13342479626077638,1.0,-0.0,0,0
102,0.0,0.04950495049504951,0.10304643034659555,1.0,-0.0,0,0
103,0.0,0.0396039603960396,0.09342674148186496,1.0,-0.0,0,0
104,0.0,0.0594059405940594,0.10733330877518932,1.0,-0.0,0,0
105,0.0,0.1108910891089109,0.1527963700899836,1.0,-0.0,0,0
106,0.0,0.10297029702970295,0.15054715096038185,1.0,-0.0,0,0
107,0.0,0.10297029702970295,0.15054715096038185,1.0,-0.0,0,0
108,0.0,0.17821782178217818,0.20079246977914245,1.0,-0.0,0,0
109,0.0,0.1584158415841584,0.19764320624996698,1.0,-0.0,0,0
110,0.0,0.10495049504950495,0.14513649268759363,1.0,-0.0,0,0
111,0.0,0.07326732673267328,0.12498799079651088,1.0,-0.0,0,0
112,0.0,0.08514851485148514,0.1269490726718781,1.0,-0.0,0,0
113,0.0,0.011881188118811881,0.047276579747775535,1.0,-0.0,0,0
114,0.0,0.2356435643564356,0.22231195565443468,1.0,-0.0,0,0
115,0.0,0.2514851485148515,0.23148845164452578,1.0,-0.0,0,0
116,0.0,0.2514851485148515,0.23148845164452578,1.0,-0.0,0,0
117,0.0,0.2396039603960396,0.22693795022349614,1.0,-0.0,0,0
118,0.0,0.2396039603960396,0.22693795022349614,1.0,-0.0,0,0
119,0.0,0.0297029702970297,0.0815014480287393,1.0,-0.0,0,0
120,0.0,0.02970297029702971,0.07112192077650681,1.0,-0.0,0,0
121,0.0,0.02970297029702971,0.07112192077650681,1.0,-0.0,0,0
122,0.0,0.02970297029702971,0.07112192077650681,1.0,-0.0,0,0
123,0.0,0.02970297029702971,0.07112192077650681,1.0,-0.0,0,0
124,0.0,0.057425742574257435,0.09885135821266286,1.0,-0.0,0,0
125,0.0,0.04554455445544555,0.08387254884969257,1.0,-0.0,0,0
126,0.0,0.04554455445544555,0.08387254884969257,1.0,-0.0,0,0
127,0.0,0.0594059405940594,0.09968089464279778,1.0,-0.0,0,0
128,0.0,0.0594059405940594,0.09968089464279778,1.0,-0.0,0,0
129,0.0,0.017821782178217824,0.05698017651460656,1.0,-0.0,0,0
130,0.0,0.06930693069306931,0.11751770396006171,1.0,-0.0,0,0
131,0.0,0.08514851485148514,0.1269490726718781,1.0,-0.0,0,0
132,0.0,0.0712871287128713,0.11801714396634726,1.0,-0.0,0,0
133,0.0,0.0712871287128713,0.11801714396634726,1.0,-0.0,0,0
134,0.0,0.18613861386138608,0.18723083807640103,1.0,-0.0,0,0
135,0.0,0.13069306930693064,0.1474150698648297,1.0,-0.0,0,0
136,0.0,0.11287128712871286,0.1390657415135005,1.0,-0.0,0,0
137,0.0,0.1465346534653465,0.1564231101634178,1.0,-0.0,0,0
138,0.0,0.1465346534653465,0.1564231101634178,1.0,-0.0,0,0
139,0.0,0.031683168316831684,0.08780118525701135,1.0,-0.0,0,0
140,0.0,0.041584158415841586,0.10648973987919806,1.0,-0.0,0,0
141,0.0,0.057425742574257435,0.11375371577303026,1.0,-0.0,0,0
142,0.0,0.025742574257425748,0.06697637435757531,1.0,-0.0,0,0
143,0.0,0.04554455445544555,0.08846854615322249,1.0,-0.0,0,0
144,0.0,0.04554455445544555,0.08846854615322249,1.0,-0.0,0,0
145,0.0,0.21188118811881188,0.18630706513012396,1.0,-0.0,0,0
146,0.0,0.19603960396039605,0.1845094068165728,1.0,-0.0,0,0
147,0.0,0.19603960396039605,0.1845094068165728,1.0,-0.0,0,0
148,0.0,0.1762376237623762,0.1786353744371313,1.0,-0.0,0,0
149,0.0,0.1762376237623762,0.1786353744371313,1.0,-0.0,0,0
150,0.0,0.0,0.0,1.0,-0.0,0,0
151,0.0,0.08316831683168316,0.13575553664160483,1.0,-0.0,0,0
152,0.0,0.20396039603960395,0.19290421984883258,1.0,-0.0,0,0
153,0.0,0.2495049504950495,0.22761082052278833,1.0,-0.0,0,0
154,0.0,0.2693069306930693,0.2345176529729178,1.0,-0.0,0,0
155,0.0,0.2693069306930693,0.2345176529729178,1.0,-0.0,0,0
156,0.0,0.20198019801980197,0.19190560696373413,1.0,-0.0,0,0
157,0.0,0.08118811881188118,0.11999411807954947,1.0,-0.0,0,0
158,0.0,0.10495049504950495,0.15049504950495052,1.0,-0.0,0,0
159,0.0,0.08514851485148514,0.13304219431477882,1.0,-0.0,0,0
160,0.0,0.10297029702970295,0.14243667729389656,1.0,-0.0,0,0
161,0.0,0.0871287128712871,0.12401163019288061,1.0,-0.0,0,0
162,0.0,0.09504950495049502,0.13078304733432372,1.0,-0.0,0,0
163,0.0,0.1089108910891089,0.13650445892763632,1.0,-0.0,0,0
164,0.0,0.12277227722772276,0.1434243086117372,1.0,-0.0,0,0
165,0.0,0.10495049504950493,0.1337769960717191,1.0,-0.0,0,0
166,0.0,0.10495049504950493,0.1337769960717191,1.0,-0.0,0,0
167,0.0,0.15247524752475244,0.16203780234042603,1.0,-0.0,0,0
168,0.0,0.07326732673267328,0.12177815335858849,1.0,-0.0,0,0
169,0.0,0.05940594059405942,0.1178841668604928,1.0,-0.0,0,0
170,0.0,0.07326732673267328,0.12177815335858849,1.0,-0.0,0,0
171,0.0,0.07326732673267328,0.12177815335858849,1.0,-0.0,0,0
172,0.0,0.019801980198019802,0.059735061897023205,1.0,-0.0,0,0
173,0.0,0.013861386138613863,0.05079507064705211,1.0,-0.0,0,0
174,0.0,0.013861386138613863,0.05079507064705211,1.0,-0.0,0,0
175,0.0,0.06336633663366338,0.11233152161332938,1.0,-0.0,0,0
176,0.0,0.08118811881188118,0.12325042629382525,1.0,-0.0,0,0
177,0.0,0.08118811881188118,0.12325042629382525,1.0,-0.0,0,0
178,0.0,0.15049504950495046,0.16746435256923545,1.0,-0.0,0,0
179,0.0,0.38217821782178213,0.253449875765479,1.0,-0.0,0,0
180,0.0,0.31881188118811876,0.2357683337209856,1.0,-0.0,0,0
181,0.0,0.299009900990099,0.23483512206532423,1.0,-0.0,0,0
182,0.0,0.30495049504950494,0.23138679528963696,1.0,-0.0,0,0
183,0.0,0.23762376237623759,0.2174794790130442,1.0,-0.0,0,0
184,0.0,0.0059405940594059415,0.03395332316729158,1.0,-0.0,0,0
185,0.0,0.0059405940594059415,0.03395332316729158,1.0,-0.0,0,0
186,0.0,0.1089108910891089,0.1503125521928582,1.0,-0.0,0,0
187,0.0,0.21782178217821782,0.2487179163264568,1.0,-0.0,0,0
188,0.0,0.21782178217821782,0.2487179163264568,1.0,-0.0,0,0
189,0.0,0.4217821782178218,0.3132720831772689,1.0,-0.0,0,0
190,0.0,0.4257425742574258,0.3129715342594906,1.0,-0.0,0,0
191,0.0,0.42376237623762375,0.28463925922364114,1.0,-0.0,0,0
192,0.0,0.3465346534653465,0.2451769845430692,1.0,-0.0,0,0
193,0.0,0.39207920792079215,0.25628077436722346,1.0,-0.0,0,0
194,0.0,0.1881188118811881,0.18200594523684843,1.0,-0.0,0,0
195,0.0,0.18415841584158413,0.18170407519927861,1.0,-0.0,0,0
196,0.0,0.19801980198019803,0.20965799497134935,1.0,-0.0,0,0
197,0.0,0.16237623762376235,0.19642925572494643,1.0,-0.0,0,0
198,0.0,0.11485148514851483,0.16006566636008887,1.0,-0.0,0,0
199,0.0,0.11485148514851483,0.16006566636008887,1.0,-0.0,0,0
200,0.0,0.1465346534653465,0.19272118907875546,1.0,-0.0,0,0
201,0.0,0.05346534653465347,0.10489443673781407,1.0,-0.0,0,0
202,0.0,0.05346534653465347,0.10489443673781407,1.0,-0.0,0,0
203,0.0,0.05346534653465347,0.10489443673781407,1.0,-0.0,0,0
204,0.0,0.05346534653465347,0.10489443673781407,1.0,-0.0,0,0
205,0.0,0.021782178217821784,0.062305476128919915,1.0,-0.0,0,0
206,0.0,0.0,0.0,1.0,-0.0,0,0
207,0.0,0.0,0.0,1.0,-0.0,0,0
208,0.0,0.009900990099009901,0.04338396495090424,1.0,-0.0,0,0
209,0.0,0.11287128712871287,0.15264231556912292,1.0,-0.0,0,0
210,0.0,0.11287128712871287,0.15264231556912292,1.0,-0.0,0,0
211,0.0,0.11287128712871287,0.15264231556912292,1.0,-0.0,0,0
212,0.0,0.3465346534653466,0.2451769845430692,1.0,-0.0,0,0
213,0.0,0.3485148514851486,0.2431696068595446,1.0,-0.0,0,0
214,0.0,0.24356435643564353,0.20605480458342282,1.0,-0.0,0,0
215,0.0,0.3069306930693069,0.2190245818938529,1.0,-0.0,0,0
216,0.0,0.3069306930693069,0.2190245818938529,1.0,-0.0,0,0
217,0.0,0.10099009900990098,0.12145573247679727,1.0,-0.0,0,0
218,0.0,0.0891089108910891,0.11765109526742927,1.0,-0.0,0,0
219,0.0,0.0891089108910891,0.11765109526742927,1.0,-0.0,0,0
220,0.0,0.06732673267326733,0.102550553475042,1.0,-0.0,0,0
221,0.0,0.0891089108910891,0.11765109526742927,1.0,-0.0,0,0
222,0.0,0.08118811881188118,0.11999411807954947,1.0,-0.0,0,0
223,0.0,0.08118811881188118,0.11999411807954947,1.0,-0.0,0,0
224,0.0,0.08118811881188118,0.11999411807954947,1.0,-0.0,0,0
225,0.0,0.1584158415841584,0.16486858056632595,1.0,-0.0,0,0
226,0.0,0.13663366336633662,0.14605218942246156,1.0,-0.0,0,0
227,0.0,0.11683168316831682,0.13575553664160483,1.0,-0.0,0,0
228,0.0,0.11683168316831682,0.13575553664160483,1.0,-0.0,0,0
229,0.0,0.11683168316831682,0.13575553664160483,1.0,-0.0,0,0
230,0.0,0.0,0.0,1.0,-0.0,0,0
231,0.0,0.0,0.0,1.0,-0.0,0,0
232,0.0,0.0,0.0,1.0,-0.0,0,0
233,0.0,0.0,0.0,1.0,-0.0,0,0
234,0.0,0.011881188118811881,0.047276579747775535,1.0,-0.0,0,0
235,0.0,0.10891089108910891,0.14494724878689189,1.0,-0.0,0,0
236,0.0,0.10891089108910891,0.14494724878689189,1.0,-0.0,0,0
237,0.0,0.14455445544554454,0.17602612740628582,1.0,-0.0,0,0
238,0.0,0.17029702970297034,0.18750290002005254,1.0,-0.0,0,0
239,0.0,0.21188118811881188,0.20838232603685225,1.0,-0.0,0,0
240,0.0,0.1306930693069307,0.1419402846531281,1.0,-0.0,0,0
241,0.0,0.1306930693069307,0.1419402846531281,1.0,-0.0,0,0
242,0.0,0.09306930693069305,0.12762679639066946,1.0,-0.0,0,0
243,0.0,0.06930693069306931,0.11057238501634628,1.0,-0.0,0,0
244,0.0,0.015841584158415842,0.05401260078014202,1.0,-0.0,0,0
245,0.0,0.05346534653465347,0.09704990696905226,1.0,-0.0,0,0
246,0.0,0.05346534653465347,0.09704990696905226,1.0,-0.0,0,0
247,0.0,0.05346534653465347,0.09704990696905226,1.0,-0.0,0,0
248,0.0,0.09900990099009901,0.13386490123687583,1.0,-0.0,0,0
249,0.0,0.17425742574257425,0.17272049494935865,1.0,-0.0,0,0
250,0.0,0.1198019801980198,0.13202145188739237,1.0,-0.0,0,0
251,0.0,0.1198019801980198,0.13202145188739237,1.0,-0.0,0,0
252,0.0,0.13861386138613863,0.1482373645323794,1.0,-0.0,0,0
253,0.0,0.09504950495049505,0.13670539084430267,1.0,-0.0,0,0
254,0.0,0.021782178217821784,0.06230547612891991,1.0,-0.0,0,0
255,0.0,0.021782178217821784,0.06230547612891991,1.0,-0.0,0,0
256,0.0,0.021782178217821784,0.06230547612891991,1.0,-0.0,0,0
257,0.0,0.0039603960396039604,0.02786385599895106,1.0,-0.0,0,0
258,0.0,0.0,0.0,1.0,-0.0,0,0
259,0.0,0.0,0.0,1.0,-0.0,0,0
260,0.0,0.0059405940594059415,0.03395332316729157,1.0,-0.0,0,0
261,0.0,0.0059405940594059415,0.03395332316729157,1.0,-0.0,0,0
262,0.0,0.0059405940594059415,0.03395332316729157,1.0,-0.0,0,0
263,0.0,0.1089108910891089,0.16050601290423325,1.0,-0.0,0,0
264,0.0,0.23168316831683167,0.21010638185665007,1.0,-0.0,0,0
265,0.0,0.22574257425742572,0.20616895183873854,1.0,-0.0,0,0
266,0.0,0.22574257425742572,0.20616895183873854,1.0,-0.0,0,0
267,0.0,0.37623762376237624,0.2928685424194752,1.0,-0.0,0,0
268,0.0,0.2712871287128713,0.25576003359560506,1.0,-0.0,0,0
269,0.0,0.2079207920792079,0.2178577828035654,1.0,-0.0,0,0
270,0.0,0.2475247524752475,0.2357184339002452,1.0,-0.0,0,0
271,0.0,0.2475247524752475,0.2357184339002452,1.0,-0.0,0,0
272,0.0,0.1069306930693069,0.15041686348382532,1.0,-0.0,0,0
273,0.0,0.1485148514851485,0.1726977909735853,1.0,-0.0,0,0
274,0.0,0.0891089108910891,0.12420120222231065,1.0,-0.0,0,0
275,0.0,0.06732673267326733,0.12032045569079852,1.0,-0.0,0,0
276,0.0,0.06732673267326733,0.12032045569079852,1.0,-0.0,0,0
277,0.0,0.057425742574257435,0.11021718851545144,1.0,-0.0,0,0
278,0.0,0.09900990099009899,0.12467387119760154,1.0,-0.0,0,0
279,0.0,0.1267326732673267,0.13707776871189528,1.0,-0.0,0,0
280,0.0,0.10693069306930691,0.1306930693069307,1.0,-0.0,0,0
281,0.0,0.10693069306930691,0.1306930693069307,1.0,-0.0,0,0
282,0.0,0.17029702970297028,0.17208365134574602,1.0,-0.0,0,0
283,0.0,0.11089108910891088,0.13342479626077636,1.0,-0.0,0,0
284,0.2,0.19999999999999998,0.19088122894710324,0.49999999999999994,0.30102999566398125,0,0
285,0.2,0.2693069306930693,0.2411780387755259,1.0,-0.0,0,0
286,0.2,0.2693069306930693,0.2411780387755259,1.0,-0.0,0,0
287,0.2,0.22574257425742575,0.20808103207694087,1.0,-0.0,0,0
288,0.2,0.22970297029702968,0.20563572254648982,1.0,-0.0,0,0
289,0.0,0.17425742574257425,0.1583663288960967,1.0,-0.0,0,0
290,0.0,0.14455445544554457,0.15950123220279025,1.0,-0.0,0,0
291,0.0,0.18019801980198016,0.1813152180952015,1.0,-0.0,0,0
292,0.2,0.26534653465346536,0.2089273138868908,1.0,-0.0,0,0
293,0.2,0.3465346534653465,0.24838661833012254,1.0,-0.0,0,0
294,0.2,0.297029702970297,0.22622841587085502,1.0,-0.0,0,0
295,0.2,0.25742574257425743,0.21861242645532802,1.0,-0.0,0,0
296,0.2,0.24158415841584158,0.21120461981740007,1.0,-0.0,0,0
297,0.0,0.13663366336633662,0.17103226044902323,1.0,-0.0,0,0
298,0.0,0.0297029702970297,0.08150144802873932,1.0,-0.0,0,0
299,0.0,0.07920792079207921,0.1409422546477168,1.0,-0.0,0,0
300,0.0,0.13267326732673268,0.18081712817047954,1.0,-0.0,0,0
301,0.2,0.2396039603960396,0.2533260755989692,1.0,-0.0,0,0
302,0.2,0.30297029702970296,0.2737547668718488,1.0,-0.0,0,0
303,0.2,0.3346534653465346,0.26863632288493655,1.0,-0.0,0,0
304,0.2,0.34059405940594056,0.2678030227137295,1.0,-0.0,0,0
305,0.2,0.2851485148514851,0.22043437703090285,1.0,-0.0,0,0
306,0.0,0.16237623762376235,0.1634113349368535,1.0,-0.0,0,0
307,0.0,0.1188118811881188,0.14122019271030048,1.0,-0.0,0,0
308,0.0,0.09702970297029703,0.13084299831035082,1.0,-0.0,0,0
309,0.0,0.10297029702970295,0.1451905170679078,1.0,-0.0,0,0
310,0.0,0.16237623762376235,0.183934709223495,1.0,-0.0,0,0
311,0.0,0.1762376237623762,0.18516704518908453,1.0,-0.0,0,0
312,0.0,0.19603960396039602,0.20094863738570082,1.0,-0.0,0,0
313,0.0,0.19405940594059407,0.1999117538871123,1.0,-0.0,0,0
314,0.0,0.12277227722772276,0.15407416763506465,1.0,-0.0,0,0
315,0.0,0.06534653465346535,0.10571364605971598,1.0,-0.0,0,0
316,0.0,0.04950495049504951,0.09504950495049506,1.0,-0.0,0,0
317,0.0,0.007920792079207921,0.03900537743285587,1.0,-0.0,0,0
318,0.0,0.0,0.0,1.0,-0.0,0,0
319,0.0,0.0,0.0,1.0,-0.0,0,0
320,0.0,0.0,0.0,1.0,-0.0,0,0
321,0.0,0.0,0.0,1.0,-0.0,0,0
322,0.0,0.0,0.0,1.0,-0.0,0,0
323,0.0,0.0,0.0,1.0,-0.0,0,0
324,0.0,0.0,0.0,1.0,-0.0,0,0
325,0.0,0.0,0.0,1.0,-0.0,0,0
326,0.0,0.019801980198019802,0.059735061897023205,1.0,-0.0,0,0
327,0.0,0.041584158415841586,0.08590499787518362,1.0,-0.0,0,0
328,0.0,0.16435643564356434,0.17664875840130073,1.0,-0.0,0,0
329,0.0,0.16435643564356434,0.17664875840130073,1.0,-0.0,0,0
330,0.0,0.16435643564356434,0.17664875840130073,1.0,-0.0,0,0
331,0.6,0.23960396039603957,0.21064690925896554,0.0435496810152347,1.3610150216857262,0,0
332,0.6,0.2178217821782178,0.19920437766272145,0.027522352356163116,1.5603144493739989,0,0
333,0.6,0.16237623762376235,0.16818865241652334,0.004634342577242939,2.3340118656890936,0,0
334,0.6,0.1861386138613861,0.17856950998171084,0.010234211581313806,1.9899456086999183,0,0
335,0.8,0.22178217821782173,0.18647536422960082,0.000965080160404647,3.015436612277392,0,0
336,0.2,0.13267326732673265,0.14698885988036148,0.32346196122332527,0.49017678455367025,0,0
337,0.2,0.1386138613861386,0.1560466400383805,0.34701820959894214,0.45964773523551844,0,0
338,0.2,0.11089108910891086,0.14481192315867106,0.26916432342576346,0.5699825045005109,0,0
339,0.2,0.12673267326732673,0.15083338726765974,0.3135721934323226,0.5036624561098186,0,0
340,0.0,0.1287128712871287,0.14781352559621008,1.0,-0.0,0,0
341,0.0,0.1386138613861386,0.15088537189345533,1.0,-0.0,0,0
342,0.0,0.19999999999999998,0.1734906622876001,1.0,-0.0,0,0
343,0.0,0.2455445544554455,0.2141179246085271,1.0,-0.0,0,0
344,0.0,0.22970297029702974,0.20563572254648982,1.0,-0.0,0,0
345,0.2,0.2514851485148515,0.21554162097723215,1.0,-0.0,0,0
346,0.2,0.26732673267326734,0.22563832923951074,1.0,-0.0,0,0
347,0.2,0.19999999999999998,0.19900743804199783,0.49999999999999994,0.30102999566398125,0,0
348,0.2,0.11287128712871286,0.1473618610308044,0.27717416126148736,0.5572472579873243,0,0
349,0.2,0.17425742574257425,0.1922526521191283,0.446740940026051,0.34994424629090254,0,0
350,0.0,0.11485148514851487,0.14717547862227368,1.0,-0.0,0,0
351,0.0,0.08316831683168317,0.12978985828256587,1.0,-0.0,0,0
352,0.0,0.08316831683168317,0.12978985828256587,1.0,-0.0,0,0
353,0.0,0.08316831683168317,0.12978985828256587,1.0,-0.0,0,0
354,0.0,0.0,0.0,1.0,-0.0,0,0
355,0.0,0.0,0.0,1.0,-0.0,0,0
356,0.0,0.0059405940594059415,0.033953323167291584,1.0,-0.0,0,0
357,0.0,0.023762376237623763,0.06471340450838887,1.0,-0.0,0,0
358,0.0,0.023762376237623763,0.06471340450838887,1.0,-0.0,0,0
359,0.0,0.023762376237623763,0.06471340450838887,1.0,-0.0,0,0
360,0.0,0.023762376237623763,0.06471340450838887,1.0,-0.0,0,0
361,0.0,0.017821782178217824,0.05698017651460656,1.0,-0.0,0,0
362,0.2,0.08712871287128712,0.13618810981425267,0.20361174109044727,0.6911971824071224,0,0
363,0.2,0.16633663366336635,0.19914531622613268,0.4328829011914399,0.36362956841383376,0,0
364,0.2,0.2455445544554455,0.23357944457034654,1.0,-0.0,0,0
365,0.2,0.2455445544554455,0.23357944457034654,1.0,-0.0,0,0
366,0.2,0.2455445544554455,0.23357944457034654,1.0,-0.0,0,0
367,0.0,0.1584158415841584,0.1672534844655737,1.0,-0.0,0,0
368,0.0,0.07920792079207921,0.11631029826208643,1.0,-0.0,0,0
369,0.0,0.0019801980198019802,0.0198019801980198,1.0,-0.0,0,0
370,0.0,0.0019801980198019802,0.0198019801980198,1.0,-0.0,0,0
371,0.0,0.1603960396039604,0.17580322478754876,1.0,-0.0,0,0
372,0.0,0.1603960396039604,0.17580322478754876,1.0,-0.0,0,0
373,0.0,0.1603960396039604,0.17580322478754876,1.0,-0.0,0,0
374,0.0,0.24554455445544549,0.21226023280572856,1.0,-0.0,0,0
375,0.0,0.24554455445544549,0.21226023280572856,1.0,-0.0,0,0
376,0.0,0.0871287128712871,0.13024224675172555,1.0,-0.0,0,0
377,0.0,0.0871287128712871,0.13024224675172555,1.0,-0.0,0,0
378,0.0,0.0871287128712871,0.13024224675172555,1.0,-0.0,0,0
379,0.2,0.07920792079207921,0.12293186689242579,0.16290372061051445,0.7880689965867439,0,0
380,0.2,0.07920792079207921,0.12293186689242579,0.16290372061051445,0.7880689965867439,0,0
381,0.2,0.07920792079207921,0.12293186689242579,0.16290372061051445,0.7880689965867439,0,0
382,0.4,0.1306930693069307,0.16273806583211367,0.048977562572656654,1.310002831861062,0,0
383,0.4,0.22178217821782173,0.2046992289576329,0.19197739543682724,0.7167499047078427,0,0
384,0.4,0.23366336633663368,0.20112418099951873,0.20410875760507396,0.6901383608010183,0,0
385,0.4,0.29504950495049503,0.2117238242316619,0.3100547176668548,0.50856165621803,0,0
386,0.4,0.34158415841584167,0.23933378106515849,0.40358564068587954,0.39406429407493027,0,0
387,0.2,0.2891089108910891,0.2294638564256788,1.0,-0.0,0,0
388,0.2,0.19999999999999996,0.19700731252448173,0.4999999999999999,0.3010299956639813,0,0
389,0.0,0.1069306930693069,0.1422989641443302,1.0,-0.0,0,0
390,0.0,0.04554455445544555,0.09700949476369022,1.0,-0.0,0,0
391,0.0,0.0,0.0,1.0,-0.0,0,0
392,0.0,0.0,0.0,1.0,-0.0,0,0
393,0.0,0.0,0.0,1.0,-0.0,0,0
394,0.0,0.0,0.0,1.0,-0.0,0,0
395,0.0,0.0,0.0,1.0,-0.0,0,0
396,0.0,0.0,0.0,1.0,-0.0,0,0
397,0.0,0.0,0.0,1.0,-0.0,0,0
398,0.0,0.023762376237623763,0.06471340450838887,1.0,-0.0,0,0
399,0.2,0.039603960396039604,0.07970143286137867,0.022085672454221338,1.6558893730090938,0,0
400,0.2,0.039603960396039604,0.07970143286137867,0.022085672454221338,1.6558893730090938,0,0
401,0.2,0.05940594059405942,0.0996808946427978,0.07920469585235769,1.1012490693914336,0,0
402,0.2,0.05940594059405942,0.0996808946427978,0.07920469585235769,1.1012490693914336,0,0
403,0.2,0.03564356435643565,0.08626938974571076,0.028380055950301422,1.5469867526811094,0,0
404,0.0,0.019801980198019802,0.06603299802191316,1.0,-0.0,0,0
405,0.0,0.04356435643564357,0.09991664009142863,1.0,-0.0,0,0
406,0.0,0.04554455445544554,0.08846854615322249,1.0,-0.0,0,0
407,0.0,0.04554455445544554,0.08846854615322249,1.0,-0.0,0,0
408,0.0,0.04554455445544554,0.08846854615322249,1.0,-0.0,0,0
409,0.0,0.04554455445544554,0.08846854615322249,1.0,-0.0,0,0
410,0.0,0.021782178217821784,0.06230547612891991,1.0,-0.0,0,0
411,0.0,0.0,0.0,1.0,-0.0,0,0
412,0.0,0.0,0.0,1.0,-0.0,0,0
413,0.2,0.07722772277227724,0.13191745702927898,0.17601085683070994,0.7544605428889959,0,0
414,0.6,0.1603960396039604,0.18243632168365972,0.00798436175032551,2.097759794539935,0,0
415,1.2,0.27128712871287125,0.23977573418846435,5.369539488274945e-05,4.270062959417218,0,0
