,foreground,bg_means,bg_stdev,pvals,minus_logs,regs,active
2,0.0,0.021782178217821784,0.06230547612891991,1.0,-0.0,0,0
3,0.0,0.021782178217821784,0.06230547612891991,1.0,-0.0,0,0
4,0.0,0.021782178217821784,0.06230547612891991,1.0,-0.0,0,0
5,0.0,0.021782178217821784,0.06230547612891991,1.0,-0.0,0,0
6,0.0,0.0,0.0,1.0,-0.0,0,0
7,0.0,0.0,0.0,1.0,-0.0,0,0
8,0.0,0.0,0.0,1.0,-0.0,0,0
9,0.0,0.0,0.0,1.0,-0.0,0,0
10,0.0,0.0,0.0,1.0,-0.0,0,0
11,0.0,0.015841584158415842,0.06090517425437505,1.0,-0.0,0,0
12,0.0,0.27326732673267323,0.23668129931895565,1.0,-0.0,0,0
13,0.0,0.27326732673267323,0.23668129931895565,1.0,-0.0,0,0
14,0.0,0.27326732673267323,0.23668129931895565,1.0,-0.0,0,0
15,0.0,0.27326732673267323,0.23668129931895565,1.0,-0.0,0,0
16,0.0,0.7227722772277227,0.412642099885342,1.0,-0.0,0,0
17,0.0,0.46534653465346537,0.32834286703014504,1.0,-0.0,0,0
18,0.0,0.46534653465346537,0.32834286703014504,1.0,-0.0,0,0
19,0.0,0.4811881188118812,0.3379357462176925,1.0,-0.0,0,0
20,0.0,0.4811881188118812,0.3379357462176925,1.0,-0.0,0,0
21,0.0,0.2435643564356436,0.20796793430679011,1.0,-0.0,0,0
22,0.0,0.27722772277227725,0.210553813877542,1.0,-0.0,0,0
23,0.0,0.27722772277227725,0.210553813877542,1.0,-0.0,0,0
24,0.0,0.2613861386138614,0.2004797696169959,1.0,-0.0,0,0
25,0.0,0.2613861386138614,0.2004797696169959,1.0,-0.0,0,0
26,0.0,0.033663366336633666,0.07994704648786674,1.0,-0.0,0,0
27,0.0,0.0,0.0,1.0,-0.0,0,0
28,0.0,0.0,0.0,1.0,-0.0,0,0
29,0.0,0.0,0.0,1.0,-0.0,0,0
30,0.0,0.0039603960396039604,0.027863855998951068,1.0,-0.0,0,0
31,0.0,0.0039603960396039604,0.027863855998951068,1.0,-0.0,0,0
32,0.0,0.0039603960396039604,0.027863855998951068,1.0,-0.0,0,0
33,0.0,0.0039603960396039604,0.027863855998951068,1.0,-0.0,0,0
34,0.0,0.0039603960396039604,0.027863855998951068,1.0,-0.0,0,0
35,0.0,0.033663366336633666,0.07994704648786674,1.0,-0.0,0,0
36,0.0,0.033663366336633666,0.07994704648786674,1.0,-0.0,0,0
37,0.0,0.033663366336633666,0.07994704648786674,1.0,-0.0,0,0
38,0.0,0.05940594059405942,0.11096178792967842,1.0,-0.0,0,0
39,0.0,0.13465346534653463,0.16436836411443276,1.0,-0.0,0,0
40,0.0,0.09900990099009899,0.13087296349986782,1.0,-0.0,0,0
41,0.0,0.09900990099009899,0.13087296349986782,1.0,-0.0,0,0
42,0.0,0.19009900990099005,0.19975477565019395,1.0,-0.0,0,0
43,0.0,0.16435643564356434,0.1957894193157747,1.0,-0.0,0,0
44,0.0,0.0891089108910891,0.16283441756692102,1.0,-0.0,0,0
45,0.0,0.0891089108910891,0.16283441756692102,1.0,-0.0,0,0
46,0.0,0.0891089108910891,0.16283441756692102,1.0,-0.0,0,0
47,0.0,0.0,0.0,1.0,-0.0,0,0
48,0.0,0.0,0.0,1.0,-0.0,0,0
49,0.0,0.0,0.0,1.0,-0.0,0,0
50,0.0,0.0,0.0,1.0,-0.0,0,0
51,0.0,0.0019801980198019802,0.019801980198019802,1.0,-0.0,0,0
52,0.0,0.0019801980198019802,0.019801980198019802,1.0,-0.0,0,0
53,0.0,0.0019801980198019802,0.019801980198019802,1.0,-0.0,0,0
54,0.0,0.04950495049504951,0.09912864166957489,1.0,-0.0,0,0
55,0.0,0.07722772277227724,0.1193059036149867,1.0,-0.0,0,0
56,0.0,0.07524752475247526,0.1189108498693262,1.0,-0.0,0,0
57,0.0,0.14455445544554454,0.1518696989212991,1.0,-0.0,0,0
58,0.0,0.14653465346534653,0.15127468716660816,1.0,-0.0,0,0
59,0.0,0.09702970297029703,0.12778032320714203,1.0,-0.0,0,0
60,0.0,0.06930693069306931,0.11057238501634628,1.0,-0.0,0,0
61,0.0,0.06930693069306931,0.11057238501634628,1.0,-0.0,0,0
62,0.0,0.0059405940594059415,0.03395332316729158,1.0,-0.0,0,0
63,0.0,0.0039603960396039604,0.027863855998951064,1.0,-0.0,0,0
64,0.0,0.0039603960396039604,0.027863855998951064,1.0,-0.0,0,0
65,0.0,0.0059405940594059415,0.03395332316729158,1.0,-0.0,0,0
66,0.0,0.0059405940594059415,0.03395332316729158,1.0,-0.0,0,0
67,0.0,0.007920792079207921,0.03900537743285587,1.0,-0.0,0,0
68,0.0,0.04554455445544555,0.09700949476369024,1.0,-0.0,0,0
69,0.0,0.07722772277227724,0.12888031758632065,1.0,-0.0,0,0
70,0.0,0.07524752475247526,0.12851469892742934,1.0,-0.0,0,0
71,0.0,0.07524752475247526,0.12851469892742934,1.0,-0.0,0,0
72,0.0,0.3861386138613862,0.2717853342528075,1.0,-0.0,0,0
73,0.0,0.3465346534653466,0.2638497759041722,1.0,-0.0,0,0
74,0.0,0.42970297029702975,0.3023159957367556,1.0,-0.0,0,0
75,0.0,0.7128712871287128,0.3641519012656298,1.0,-0.0,0,0
76,0.0,0.7128712871287128,0.3641519012656298,1.0,-0.0,0,0
77,0.0,0.3960396039603961,0.2814111512632161,1.0,-0.0,0,0
78,0.0,0.4257425742574258,0.28792651198916097,1.0,-0.0,0,0
79,0.0,0.31881188118811876,0.2423943564055343,1.0,-0.0,0,0
80,0.0,0.03564356435643565,0.08154954567118416,1.0,-0.0,0,0
81,0.0,0.03564356435643565,0.08154954567118416,1.0,-0.0,0,0
82,0.0,0.07326732673267328,0.11848138852793338,1.0,-0.0,0,0
83,0.0,0.04356435643564357,0.09587103712404124,1.0,-0.0,0,0
84,0.0,0.03762376237623762,0.09211646217515253,1.0,-0.0,0,0
85,0.0,0.03762376237623762,0.09211646217515253,1.0,-0.0,0,0
86,0.0,0.03762376237623762,0.09211646217515253,1.0,-0.0,0,0
87,0.0,0.0,0.0,1.0,-0.0,0,0
88,0.0,0.0,0.0,1.0,-0.0,0,0
89,0.0,0.0,0.0,1.0,-0.0,0,0
90,0.0,0.019801980198019802,0.06603299802191313,1.0,-0.0,0,0
91,0.0,0.019801980198019802,0.06603299802191313,1.0,-0.0,0,0
92,0.0,0.019801980198019802,0.06603299802191313,1.0,-0.0,0,0
93,0.0,0.019801980198019802,0.06603299802191313,1.0,-0.0,0,0
94,0.0,0.019801980198019802,0.06603299802191313,1.0,-0.0,0,0
95,0.0,0.0,0.0,1.0,-0.0,0,0
96,0.0,0.0,0.0,1.0,-0.0,0,0
97,0.0,0.0,0.0,1.0,-0.0,0,0
98,0.0,0.0039603960396039604,0.027863855998951064,1.0,-0.0,0,0
99,0.0,0.0039603960396039604,0.027863855998951064,1.0,-0.0,0,0
100,0.0,0.41584158415841593,0.26353750114240204,1.0,-0.0,0,0
101,0.0,0.41584158415841593,0.26353750114240204,1.0,-0.0,0,0
102,0.0,0.4277227722772278,0.26104087608337107,1.0,-0.0,0,0
103,0.0,0.42376237623762386,0.2599118338143335,1.0,-0.0,0,0
104,0.0,0.42376237623762386,0.2599118338143335,1.0,-0.0,0,0
105,0.0,0.05346534653465347,0.10104832334394513,1.0,-0.0,0,0
106,0.0,0.05346534653465347,0.10104832334394513,1.0,-0.0,0,0
107,0.0,0.041584158415841586,0.08116396646304633,1.0,-0.0,0,0
108,0.0,0.041584158415841586,0.08116396646304633,1.0,-0.0,0,0
109,0.0,0.041584158415841586,0.08116396646304633,1.0,-0.0,0,0
110,0.0,0.21188118811881188,0.20647303600375572,1.0,-0.0,0,0
111,0.0,0.21188118811881188,0.20647303600375572,1.0,-0.0,0,0
112,0.0,0.21188118811881188,0.20647303600375572,1.0,-0.0,0,0
113,0.0,0.21188118811881188,0.20647303600375572,1.0,-0.0,0,0
114,0.0,0.32574257425742564,0.2558826561765902,1.0,-0.0,0,0
115,0.0,0.11287128712871286,0.14464936528910635,1.0,-0.0,0,0
116,0.0,0.1306930693069307,0.16515373831281616,1.0,-0.0,0,0
117,0.0,0.1564356435643564,0.17258422629307663,1.0,-0.0,0,0
118,0.0,0.1564356435643564,0.17258422629307663,1.0,-0.0,0,0
119,0.0,0.041584158415841586,0.10270338597932628,1.0,-0.0,0,0
120,0.0,0.21188118811881182,0.20063618061766877,1.0,-0.0,0,0
121,0.0,0.19405940594059404,0.19182385803267066,1.0,-0.0,0,0
122,0.0,0.17029702970297025,0.18750290002005254,1.0,-0.0,0,0
123,0.0,0.17029702970297025,0.18750290002005254,1.0,-0.0,0,0
124,0.0,0.17029702970297025,0.18750290002005254,1.0,-0.0,0,0
125,0.0,0.031683168316831684,0.07826167463512675,1.0,-0.0,0,0
126,0.0,0.031683168316831684,0.07826167463512675,1.0,-0.0,0,0
127,0.0,0.10693069306930691,0.15041686348382532,1.0,-0.0,0,0
128,0.0,0.10693069306930691,0.15041686348382532,1.0,-0.0,0,0
129,0.0,0.10693069306930691,0.15041686348382532,1.0,-0.0,0,0
130,0.0,0.0891089108910891,0.13342479626077636,1.0,-0.0,0,0
131,0.0,0.0891089108910891,0.13342479626077636,1.0,-0.0,0,0
132,0.0,0.013861386138613863,0.05079507064705211,1.0,-0.0,0,0
133,0.0,0.013861386138613863,0.05079507064705211,1.0,-0.0,0,0
134,0.0,0.013861386138613863,0.05079507064705211,1.0,-0.0,0,0
135,0.0,0.0,0.0,1.0,-0.0,0,0
136,0.0,0.0,0.0,1.0,-0.0,0,0
137,0.0,0.0,0.0,1.0,-0.0,0,0
138,0.0,0.0,0.0,1.0,-0.0,0,0
139,0.0,0.0,0.0,1.0,-0.0,0,0
140,0.0,0.0,0.0,1.0,-0.0,0,0
141,0.0,0.0,0.0,1.0,-0.0,0,0
142,0.0,0.0,0.0,1.0,-0.0,0,0
143,0.0,0.0,0.0,1.0,-0.0,0,0
144,0.0,0.0,0.0,1.0,-0.0,0,0
145,0.0,0.03564356435643565,0.08154954567118416,1.0,-0.0,0,0
146,0.0,0.03564356435643565,0.08154954567118416,1.0,-0.0,0,0
147,0.0,0.047524752475247525,0.09397077637785882,1.0,-0.0,0,0
148,0.0,0.047524752475247525,0.09397077637785882,1.0,-0.0,0,0
149,0.0,0.13267326732673265,0.1414975848312859,1.0,-0.0,0,0
150,0.0,0.1584158415841584,0.15749733722889644,1.0,-0.0,0,0
151,0.0,0.17821782178217818,0.16863104044391106,1.0,-0.0,0,0
152,0.0,0.3782178217821782,0.2770437862222581,1.0,-0.0,0,0
153,0.0,0.3782178217821782,0.2770437862222581,1.0,-0.0,0,0
154,0.0,0.2930693069306931,0.2678323052049562,1.0,-0.0,0,0
155,0.0,0.2316831683168317,0.23332749816483858,1.0,-0.0,0,0
156,0.0,0.2118811881188119,0.22833323256078536,1.0,-0.0,0,0
157,0.0,0.0,0.0,1.0,-0.0,0,0
158,0.0,0.1603960396039604,0.18025241263723207,1.0,-0.0,0,0
159,0.0,0.19009900990099005,0.1977622086930122,1.0,-0.0,0,0
160,0.0,0.19009900990099005,0.1977622086930122,1.0,-0.0,0,0
161,0.0,0.19009900990099005,0.1977622086930122,1.0,-0.0,0,0
162,0.0,0.19009900990099005,0.1977622086930122,1.0,-0.0,0,0
163,0.0,0.0297029702970297,0.07648795214189293,1.0,-0.0,0,0
164,0.0,0.0,0.0,1.0,-0.0,0,0
165,0.0,0.0,0.0,1.0,-0.0,0,0
166,0.0,0.0,0.0,1.0,-0.0,0,0
167,0.0,0.0,0.0,1.0,-0.0,0,0
168,0.0,0.0,0.0,1.0,-0.0,0,0
169,0.0,0.0,0.0,1.0,-0.0,0,0
170,0.0,0.0,0.0,1.0,-0.0,0,0
171,0.0,0.0,0.0,1.0,-0.0,0,0
172,0.0,0.0,0.0,1.0,-0.0,0,0
173,0.0,0.0,0.0,1.0,-0.0,0,0
174,0.0,0.0,0.0,1.0,-0.0,0,0
175,0.0,0.0,0.0,1.0,-0.0,0,0
176,0.0,0.0,0.0,1.0,-0.0,0,0
177,0.0,0.0,0.0,1.0,-0.0,0,0
178,0.0,0.0059405940594059415,0.033953323167291584,1.0,-0.0,0,0
179,0.0,0.0059405940594059415,0.033953323167291584,1.0,-0.0,0,0
180,0.0,0.04554455445544554,0.08387254884969257,1.0,-0.0,0,0
181,0.0,0.04554455445544554,0.08387254884969257,1.0,-0.0,0,0
182,0.0,0.04554455445544554,0.08387254884969257,1.0,-0.0,0,0
183,0.0,0.039603960396039604,0.07970143286137865,1.0,-0.0,0,0
184,0.0,0.039603960396039604,0.07970143286137865,1.0,-0.0,0,0
185,0.0,0.0,0.0,1.0,-0.0,0,0
186,0.0,0.009900990099009901,0.04338396495090425,1.0,-0.0,0,0
187,0.0,0.061386138613861385,0.10806149425459212,1.0,-0.0,0,0
188,0.0,0.061386138613861385,0.10806149425459212,1.0,-0.0,0,0
189,0.0,0.061386138613861385,0.10806149425459212,1.0,-0.0,0,0
190,0.0,0.1168316831683168,0.15737280385192495,1.0,-0.0,0,0
191,0.0,0.1465346534653465,0.17324186517306459,1.0,-0.0,0,0
192,0.0,0.09306930693069305,0.15302716108009237,1.0,-0.0,0,0
193,0.0,0.09306930693069305,0.15302716108009237,1.0,-0.0,0,0
194,0.0,0.1306930693069307,0.16753458295712845,1.0,-0.0,0,0
195,0.0,0.07524752475247526,0.1189108498693262,1.0,-0.0,0,0
196,0.0,0.03762376237623763,0.08307396817189318,1.0,-0.0,0,0
197,0.0,0.03762376237623763,0.08307396817189318,1.0,-0.0,0,0
198,0.0,0.03762376237623763,0.08307396817189318,1.0,-0.0,0,0
199,0.0,0.03762376237623763,0.08307396817189319,1.0,-0.0,0,0
200,0.0,0.03762376237623763,0.08307396817189319,1.0,-0.0,0,0
201,0.0,0.03762376237623763,0.08307396817189319,1.0,-0.0,0,0
202,0.0,0.03762376237623763,0.08307396817189319,1.0,-0.0,0,0
203,0.0,0.10891089108910891,0.13057300215314485,1.0,-0.0,0,0
204,0.0,0.0712871287128713,0.11110305060677653,1.0,-0.0,0,0
205,0.0,0.19207920792079206,0.18651741527630286,1.0,-0.0,0,0
206,0.0,0.22574257425742572,0.2173893096493221,1.0,-0.0,0,0
207,0.0,0.22574257425742572,0.2173893096493221,1.0,-0.0,0,0
208,0.0,0.15445544554455443,0.17321922953369534,1.0,-0.0,0,0
209,0.0,0.18217821782178217,0.18476425418501982,1.0,-0.0,0,0
210,0.0,0.061386138613861385,0.10046456153636295,1.0,-0.0,0,0
211,0.0,0.02772277227722772,0.07461957893630407,1.0,-0.0,0,0
212,0.0,0.02772277227722772,0.07461957893630407,1.0,-0.0,0,0
213,0.0,0.03762376237623763,0.08771182015980238,1.0,-0.0,0,0
214,0.0,0.04554455445544555,0.09283729243351323,1.0,-0.0,0,0
215,0.0,0.04554455445544555,0.09283729243351323,1.0,-0.0,0,0
216,0.0,0.04554455445544555,0.09283729243351323,1.0,-0.0,0,0
217,0.0,0.04554455445544555,0.09283729243351323,1.0,-0.0,0,0
218,0.0,0.03564356435643565,0.07653920035678292,1.0,-0.0,0,0
219,0.0,0.007920792079207921,0.03900537743285587,1.0,-0.0,0,0
220,0.0,0.007920792079207921,0.03900537743285587,1.0,-0.0,0,0
221,0.0,0.007920792079207921,0.03900537743285587,1.0,-0.0,0,0
222,0.0,0.007920792079207921,0.03900537743285587,1.0,-0.0,0,0
223,0.0,0.007920792079207921,0.03900537743285587,1.0,-0.0,0,0
224,0.0,0.0,0.0,1.0,-0.0,0,0
225,0.0,0.0,0.0,1.0,-0.0,0,0
226,0.0,0.0,0.0,1.0,-0.0,0,0
227,0.0,0.009900990099009901,0.04338396495090424,1.0,-0.0,0,0
228,0.0,0.009900990099009901,0.04338396495090424,1.0,-0.0,0,0
229,0.0,0.009900990099009901,0.04338396495090424,1.0,-0.0,0,0
230,0.0,0.03564356435643565,0.08154954567118415,1.0,-0.0,0,0
231,0.0,0.03564356435643565,0.08154954567118415,1.0,-0.0,0,0
232,0.0,0.025742574257425745,0.07264925278354116,1.0,-0.0,0,0
233,0.0,0.025742574257425745,0.07264925278354116,1.0,-0.0,0,0
234,0.0,0.025742574257425745,0.07264925278354116,1.0,-0.0,0,0
235,0.0,0.02772277227722772,0.06910862719451544,1.0,-0.0,0,0
236,0.0,0.02772277227722772,0.06910862719451544,1.0,-0.0,0,0
237,0.0,0.07524752475247526,0.11205191564986228,1.0,-0.0,0,0
238,0.0,0.07524752475247526,0.11205191564986228,1.0,-0.0,0,0
239,0.0,0.19207920792079203,0.15900879128621567,1.0,-0.0,0,0
240,0.0,0.16435643564356434,0.1576963860757588,1.0,-0.0,0,0
241,0.0,0.16435643564356434,0.1576963860757588,1.0,-0.0,0,0
242,0.0,0.11485148514851483,0.13304219431477882,1.0,-0.0,0,0
243,0.0,0.11485148514851483,0.13304219431477882,1.0,-0.0,0,0
244,0.0,0.041584158415841586,0.09039772047931348,1.0,-0.0,0,0
245,0.0,0.1069306930693069,0.1422989641443302,1.0,-0.0,0,0
246,0.0,0.1069306930693069,0.1422989641443302,1.0,-0.0,0,0
247,0.0,0.5287128712871287,0.3064768282757663,1.0,-0.0,0,0
248,0.0,0.5287128712871287,0.3064768282757663,1.0,-0.0,0,0
249,0.0,0.48514851485148525,0.2791025712351492,1.0,-0.0,0,0
250,0.0,0.4693069306930693,0.27494106452450223,1.0,-0.0,0,0
251,0.0,0.4693069306930693,0.27494106452450223,1.0,-0.0,0,0
252,0.0,0.06336633663366337,0.10874875419996817,1.0,-0.0,0,0
253,0.0,0.06336633663366337,0.10874875419996817,1.0,-0.0,0,0
254,0.0,0.1188118811881188,0.13838736799727644,1.0,-0.0,0,0
255,0.0,0.06930693069306931,0.11057238501634628,1.0,-0.0,0,0
256,0.0,0.06930693069306931,0.11057238501634628,1.0,-0.0,0,0
257,0.0,0.05544554455445545,0.09797478714338996,1.0,-0.0,0,0
258,0.0,0.05544554455445545,0.09797478714338996,1.0,-0.0,0,0
259,0.0,0.0,0.0,1.0,-0.0,0,0
260,0.0,0.0,0.0,1.0,-0.0,0,0
261,0.0,0.0,0.0,1.0,-0.0,0,0
262,0.0,0.0,0.0,1.0,-0.0,0,0
263,0.0,0.0,0.0,1.0,-0.0,0,0
264,0.0,0.0,0.0,1.0,-0.0,0,0
265,0.0,0.0,0.0,1.0,-0.0,0,0
266,0.2,0.049504950495049514,0.09078727434730813,0.04869237040212954,1.3125390829709087,0,0
267,0.2,0.049504950495049514,0.09078727434730813,0.04869237040212954,1.3125390829709087,0,0
268,0.2,0.049504950495049514,0.09078727434730813,0.04869237040212954,1.3125390829709087,0,0
269,0.2,0.049504950495049514,0.09078727434730813,0.04869237040212954,1.3125390829709087,0,0
270,0.2,0.049504950495049514,0.09078727434730813,0.04869237040212954,1.3125390829709087,0,0
271,0.0,0.0,0.0,1.0,-0.0,0,0
272,0.0,0.0,0.0,1.0,-0.0,0,0
273,0.0,0.0059405940594059415,0.03395332316729158,1.0,-0.0,0,0
274,0.0,0.0059405940594059415,0.03395332316729158,1.0,-0.0,0,0
275,0.0,0.0059405940594059415,0.03395332316729158,1.0,-0.0,0,0
276,0.0,0.17029702970297025,0.15256522997432256,1.0,-0.0,0,0
277,0.0,0.17029702970297025,0.15256522997432256,1.0,-0.0,0,0
278,0.0,0.16435643564356434,0.15259092949947314,1.0,-0.0,0,0
279,0.0,0.16435643564356434,0.15259092949947314,1.0,-0.0,0,0
280,0.0,0.16435643564356434,0.15259092949947314,1.0,-0.0,0,0
281,0.0,0.0,0.0,1.0,-0.0,0,0
282,0.0,0.0,0.0,1.0,-0.0,0,0
283,0.0,0.0,0.0,1.0,-0.0,0,0
284,0.0,0.0,0.0,1.0,-0.0,0,0
285,0.0,0.0,0.0,1.0,-0.0,0,0
286,0.0,0.0,0.0,1.0,-0.0,0,0
287,0.0,0.0,0.0,1.0,-0.0,0,0
288,0.0,0.021782178217821784,0.07393328595086918,1.0,-0.0,0,0
289,0.0,0.021782178217821784,0.07393328595086918,1.0,-0.0,0,0
290,0.0,0.021782178217821784,0.07393328595086918,1.0,-0.0,0,0
291,0.0,0.021782178217821784,0.07393328595086918,1.0,-0.0,0,0
292,0.0,0.021782178217821784,0.07393328595086918,1.0,-0.0,0,0
293,0.0,0.0,0.0,1.0,-0.0,0,0
294,0.0,0.0,0.0,1.0,-0.0,0,0
295,0.0,0.0,0.0,1.0,-0.0,0,0
296,0.0,0.0,0.0,1.0,-0.0,0,0
297,0.0,0.0,0.0,1.0,-0.0,0,0
298,0.0,0.0,0.0,1.0,-0.0,0,0
299,0.0,0.0,0.0,1.0,-0.0,0,0
300,0.0,0.0,0.0,1.0,-0.0,0,0
301,0.0,0.021782178217821784,0.08396600018659084,1.0,-0.0,0,0
302,0.0,0.021782178217821784,0.08396600018659084,1.0,-0.0,0,0
303,0.0,0.033663366336633666,0.09777447046042384,1.0,-0.0,0,0
304,0.0,0.033663366336633666,0.09777447046042384,1.0,-0.0,0,0
305,0.0,0.033663366336633666,0.09777447046042384,1.0,-0.0,0,0
306,0.0,0.011881188118811881,0.047276579747775535,1.0,-0.0,0,0
307,0.0,0.011881188118811881,0.047276579747775535,1.0,-0.0,0,0
308,0.0,0.0,0.0,1.0,-0.0,0,0
309,0.0,0.0,0.0,1.0,-0.0,0,0
310,0.0,0.0,0.0,1.0,-0.0,0,0
311,0.0,0.06336633663366337,0.10120342446875752,1.0,-0.0,0,0
312,0.0,0.06336633663366337,0.10120342446875752,1.0,-0.0,0,0
313,0.0,0.09108910891089109,0.12750384183766536,1.0,-0.0,0,0
314,0.0,0.09108910891089109,0.12750384183766536,1.0,-0.0,0,0
315,0.0,0.09108910891089109,0.12750384183766536,1.0,-0.0,0,0
316,0.0,0.031683168316831684,0.08316831683168317,1.0,-0.0,0,0
317,0.0,0.031683168316831684,0.08316831683168317,1.0,-0.0,0,0
318,0.0,0.0039603960396039604,0.02786385599895107,1.0,-0.0,0,0
319,0.0,0.0039603960396039604,0.02786385599895107,1.0,-0.0,0,0
320,0.0,0.02970297029702971,0.07112192077650681,1.0,-0.0,0,0
321,0.0,0.025742574257425745,0.0669763743575753,1.0,-0.0,0,0
322,0.0,0.025742574257425745,0.0669763743575753,1.0,-0.0,0,0
323,0.0,0.03564356435643565,0.07653920035678292,1.0,-0.0,0,0
324,0.0,0.03564356435643565,0.07653920035678292,1.0,-0.0,0,0
325,0.0,0.009900990099009901,0.04338396495090424,1.0,-0.0,0,0
326,0.0,0.009900990099009901,0.04338396495090424,1.0,-0.0,0,0
327,0.0,0.009900990099009901,0.04338396495090424,1.0,-0.0,0,0
328,0.0,0.0,0.0,1.0,-0.0,0,0
329,0.0,0.0,0.0,1.0,-0.0,0,0
330,0.0,0.0,0.0,1.0,-0.0,0,0
331,0.0,0.0,0.0,1.0,-0.0,0,0
332,0.0,0.0,0.0,1.0,-0.0,0,0
333,0.0,0.1069306930693069,0.13948804962658473,1.0,-0.0,0,0
334,0.0,0.1069306930693069,0.13948804962658473,1.0,-0.0,0,0
335,0.0,0.1069306930693069,0.13948804962658473,1.0,-0.0,0,0
336,0.0,0.1069306930693069,0.13948804962658473,1.0,-0.0,0,0
337,0.0,0.1069306930693069,0.13948804962658473,1.0,-0.0,0,0
338,0.0,0.0,0.0,1.0,-0.0,0,0
339,0.0,0.0,0.0,1.0,-0.0,0,0
340,0.0,0.0,0.0,1.0,-0.0,0,0
341,0.0,0.0,0.0,1.0,-0.0,0,0
342,0.0,0.0,0.0,1.0,-0.0,0,0
343,0.0,0.0059405940594059415,0.03395332316729158,1.0,-0.0,0,0
344,0.0,0.1801980198019802,0.16290664396992577,1.0,-0.0,0,0
345,0.0,0.18811881188118812,0.17077988190051752,1.0,-0.0,0,0
346,0.0,0.3722772277227724,0.28705359208508113,1.0,-0.0,0,0
347,0.0,0.3722772277227724,0.28705359208508113,1.0,-0.0,0,0
348,0.0,0.3663366336633664,0.27870891438022644,1.0,-0.0,0,0
349,0.0,0.19207920792079206,0.19884974591102086,1.0,-0.0,0,0
350,0.0,0.18415841584158413,0.1963693596248423,1.0,-0.0,0,0
351,0.0,0.0,0.0,1.0,-0.0,0,0
352,0.0,0.047524752475247525,0.08512548617902845,1.0,-0.0,0,0
353,0.0,0.09702970297029703,0.10758873431450396,1.0,-0.0,0,0
354,0.0,0.09702970297029703,0.10758873431450396,1.0,-0.0,0,0
355,0.0,0.09702970297029703,0.10758873431450396,1.0,-0.0,0,0
356,0.0,0.09702970297029703,0.10758873431450396,1.0,-0.0,0,0
357,0.0,0.04950495049504951,0.08631483056516186,1.0,-0.0,0,0
358,0.0,0.0,0.0,1.0,-0.0,0,0
359,0.0,0.0,0.0,1.0,-0.0,0,0
360,0.0,0.0,0.0,1.0,-0.0,0,0
361,0.0,0.0,0.0,1.0,-0.0,0,0
362,0.0,0.023762376237623763,0.06471340450838887,1.0,-0.0,0,0
363,0.0,0.023762376237623763,0.06471340450838887,1.0,-0.0,0,0
364,0.0,0.08316831683168316,0.12978985828256584,1.0,-0.0,0,0
365,0.0,0.09504950495049505,0.13078304733432375,1.0,-0.0,0,0
366,0.0,0.35841584158415846,0.2568920591339364,1.0,-0.0,0,0
367,0.0,0.33267326732673275,0.25216249314426303,1.0,-0.0,0,0
368,0.0,0.35841584158415846,0.25995708965503417,1.0,-0.0,0,0
369,0.0,0.297029702970297,0.23481842386627266,1.0,-0.0,0,0
370,0.0,0.2851485148514852,0.2360509001217521,1.0,-0.0,0,0
371,0.2,0.22970297029702968,0.21870209153700954,1.0,-0.0,0,0
372,0.2,0.22970297029702968,0.21870209153700954,1.0,-0.0,0,0
373,0.2,0.2059405940594059,0.20958317055962605,1.0,-0.0,0,0
374,0.2,0.28316831683168314,0.23591796985631966,1.0,-0.0,0,0
375,0.2,0.28316831683168314,0.23591796985631966,1.0,-0.0,0,0
376,0.0,0.07722772277227724,0.1124710639300034,1.0,-0.0,0,0
377,0.0,0.07722772277227724,0.1124710639300034,1.0,-0.0,0,0
378,0.0,0.08514851485148513,0.12054836637801526,1.0,-0.0,0,0
379,0.0,0.007920792079207921,0.03900537743285587,1.0,-0.0,0,0
380,0.0,0.12871287128712872,0.15307840071356585,1.0,-0.0,0,0
381,0.0,0.12871287128712872,0.15307840071356585,1.0,-0.0,0,0
382,0.0,0.12871287128712872,0.15307840071356585,1.0,-0.0,0,0
383,0.0,0.19999999999999998,0.17119267125980983,1.0,-0.0,0,0
384,0.2,0.27722772277227725,0.20866439401694245,1.0,-0.0,0,0
385,0.2,0.15643564356435644,0.16314716771521567,0.39472499407136286,0.40370537311397997,0,0
386,0.2,0.15643564356435644,0.16314716771521567,0.39472499407136286,0.40370537311397997,0,0
387,0.2,0.15643564356435644,0.16314716771521567,0.39472499407136286,0.40370537311397997,0,0
388,0.2,0.07722772277227724,0.10889288780093088,0.12977421193735644,0.886811599723601,0,0
389,0.0,0.0019801980198019802,0.0198019801980198,1.0,-0.0,0,0
390,0.0,0.0059405940594059415,0.033953323167291584,1.0,-0.0,0,0
391,0.0,0.11287128712871286,0.1526423155691229,1.0,-0.0,0,0
392,0.0,0.11287128712871286,0.1526423155691229,1.0,-0.0,0,0
393,0.0,0.11287128712871286,0.1526423155691229,1.0,-0.0,0,0
394,0.0,0.11089108910891088,0.1527963700899836,1.0,-0.0,0,0
395,0.0,0.10693069306930694,0.14505541839059363,1.0,-0.0,0,0
396,0.0,0.0,0.0,1.0,-0.0,0,0
397,0.0,0.0,0.0,1.0,-0.0,0,0
398,0.0,0.0,0.0,1.0,-0.0,0,0
399,0.0,0.04554455445544555,0.08846854615322249,1.0,-0.0,0,0
400,0.0,0.05544554455445545,0.09384550979067553,1.0,-0.0,0,0
401,0.0,0.05544554455445545,0.09384550979067553,1.0,-0.0,0,0
402,0.0,0.05544554455445545,0.09384550979067553,1.0,-0.0,0,0
403,0.0,0.05544554455445545,0.09384550979067553,1.0,-0.0,0,0
404,0.0,0.009900990099009901,0.04338396495090425,1.0,-0.0,0,0
405,0.0,0.017821782178217824,0.056980176514606566,1.0,-0.0,0,0
406,0.0,0.017821782178217824,0.056980176514606566,1.0,-0.0,0,0
407,0.0,0.017821782178217824,0.056980176514606566,1.0,-0.0,0,0
408,0.0,0.03564356435643565,0.08626938974571075,1.0,-0.0,0,0
409,0.0,0.03564356435643565,0.08626938974571075,1.0,-0.0,0,0
410,0.0,0.031683168316831684,0.08316831683168316,1.0,-0.0,0,0
411,0.0,0.031683168316831684,0.08316831683168316,1.0,-0.0,0,0
412,0.0,0.031683168316831684,0.08316831683168316,1.0,-0.0,0,0
413,0.0,0.013861386138613863,0.050795070647052104,1.0,-0.0,0,0
414,0.0,0.021782178217821784,0.06230547612891991,1.0,-0.0,0,0
415,0.0,0.10495049504950495,0.1367053908443026,1.0,-0.0,0,0
416,0.0,0.10495049504950495,0.1367053908443026,1.0,-0.0,0,0
417,0.0,0.10495049504950495,0.1367053908443026,1.0,-0.0,0,0
418,0.0,0.10495049504950495,0.1367053908443026,1.0,-0.0,0,0
419,0.0,0.09900990099009903,0.13087296349986777,1.0,-0.0,0,0
420,0.0,0.06534653465346535,0.10571364605971598,1.0,-0.0,0,0
421,0.0,0.06534653465346535,0.10571364605971598,1.0,-0.0,0,0
422,0.0,0.07524752475247524,0.11205191564986228,1.0,-0.0,0,0
423,0.0,0.07524752475247524,0.11205191564986228,1.0,-0.0,0,0
424,0.0,0.07326732673267326,0.1115960618107356,1.0,-0.0,0,0
425,0.0,0.009900990099009901,0.04338396495090424,1.0,-0.0,0,0
426,0.0,0.015841584158415842,0.05401260078014202,1.0,-0.0,0,0
427,0.0,0.08316831683168316,0.12353642740976017,1.0,-0.0,0,0
428,0.0,0.2455445544554455,0.22139286905938516,1.0,-0.0,0,0
429,0.0,0.2455445544554455,0.22139286905938516,1.0,-0.0,0,0
430,0.0,0.2455445544554455,0.22139286905938516,1.0,-0.0,0,0
431,0.0,0.2396039603960396,0.22342039932781524,1.0,-0.0,0,0
432,0.0,0.16237623762376235,0.18393470922349495,1.0,-0.0,0,0
433,0.0,0.0,0.0,1.0,-0.0,0,0
434,0.0,0.0,0.0,1.0,-0.0,0,0
435,0.0,0.0,0.0,1.0,-0.0,0,0
436,0.0,0.0,0.0,1.0,-0.0,0,0
437,0.0,0.0,0.0,1.0,-0.0,0,0
438,0.0,0.0059405940594059415,0.033953323167291584,1.0,-0.0,0,0
439,0.0,0.013861386138613863,0.05807080514303042,1.0,-0.0,0,0
440,0.0,0.013861386138613863,0.05807080514303042,1.0,-0.0,0,0
441,0.0,0.013861386138613863,0.05807080514303042,1.0,-0.0,0,0
442,0.0,0.013861386138613863,0.05807080514303042,1.0,-0.0,0,0
443,0.0,0.011881188118811883,0.047276579747775535,1.0,-0.0,0,0
444,0.0,0.0039603960396039604,0.027863855998951068,1.0,-0.0,0,0
445,0.0,0.02970297029702971,0.07112192077650682,1.0,-0.0,0,0
446,0.4,0.2514851485148515,0.21183491675748642,0.24162414749515165,0.6168596652502176,0,0
447,0.4,0.2514851485148515,0.21183491675748642,0.24162414749515165,0.6168596652502176,0,0
448,0.4,0.24752475247524755,0.21275843197724026,0.23679226147863974,0.625632494736452,0,0
449,0.4,0.24752475247524755,0.21275843197724026,0.23679226147863974,0.625632494736452,0,0
450,0.4,0.2217821782178218,0.20079246977914245,0.1873854463021481,0.727264142563039,0,0
451,0.0,0.033663366336633666,0.07994704648786674,1.0,-0.0,0,0
452,0.0,0.08316831683168317,0.13280619910579972,1.0,-0.0,0,0
453,0.0,0.08316831683168317,0.13280619910579972,1.0,-0.0,0,0
454,0.0,0.08316831683168317,0.13280619910579972,1.0,-0.0,0,0
455,0.0,0.08316831683168317,0.13280619910579972,1.0,-0.0,0,0
456,0.0,0.06732673267326733,0.12032045569079852,1.0,-0.0,0,0
457,0.0,0.017821782178217824,0.05698017651460656,1.0,-0.0,0,0
458,0.0,0.017821782178217824,0.05698017651460656,1.0,-0.0,0,0
459,0.0,0.07920792079207921,0.14372473118118065,1.0,-0.0,0,0
460,0.0,0.09306930693069305,0.15302716108009237,1.0,-0.0,0,0
461,0.0,0.07524752475247526,0.1430958555654627,1.0,-0.0,0,0
462,0.0,0.07524752475247526,0.1430958555654627,1.0,-0.0,0,0
463,0.0,0.07524752475247526,0.1430958555654627,1.0,-0.0,0,0
464,0.0,0.013861386138613863,0.05079507064705212,1.0,-0.0,0,0
465,0.0,0.15247524752475247,0.15707352091130253,1.0,-0.0,0,0
466,0.0,0.3524752475247525,0.24719978668241163,1.0,-0.0,0,0
467,0.0,0.3524752475247525,0.24719978668241163,1.0,-0.0,0,0
468,0.0,0.3524752475247525,0.24719978668241163,1.0,-0.0,0,0
469,0.0,0.3722772277227723,0.25177343731785756,1.0,-0.0,0,0
470,0.0,0.23366336633663368,0.2144655931336603,1.0,-0.0,0,0
471,0.0,0.04752475247524753,0.08512548617902843,1.0,-0.0,0,0
472,0.0,0.04752475247524753,0.08512548617902843,1.0,-0.0,0,0
473,0.0,0.04752475247524753,0.08512548617902843,1.0,-0.0,0,0
474,0.0,0.02772277227722773,0.06910862719451544,1.0,-0.0,0,0
475,0.2,0.2356435643564356,0.19375607734491182,1.0,-0.0,0,0
476,0.2,0.29108910891089107,0.2078170415357492,1.0,-0.0,0,0
477,0.2,0.4633663366336634,0.24685056700589977,1.0,-0.0,0,0
478,0.2,0.4633663366336634,0.24685056700589977,1.0,-0.0,0,0
479,0.2,0.4633663366336634,0.24685056700589977,1.0,-0.0,0,0
480,0.0,0.24158415841584158,0.19359410776396424,1.0,-0.0,0,0
481,0.0,0.17227722772277224,0.18245781385805057,1.0,-0.0,0,0
482,0.0,0.0,0.0,1.0,-0.0,0,0
483,0.0,0.0,0.0,1.0,-0.0,0,0
484,0.0,0.0,0.0,1.0,-0.0,0,0
485,0.0,0.0,0.0,1.0,-0.0,0,0
486,0.0,0.0,0.0,1.0,-0.0,0,0
487,0.0,0.0,0.0,1.0,-0.0,0,0
488,0.0,0.0,0.0,1.0,-0.0,0,0
489,0.0,0.0,0.0,1.0,-0.0,0,0
490,0.0,0.051485148514851496,0.10399339410297728,1.0,-0.0,0,0
491,0.0,0.24554455445544554,0.22317455428042612,1.0,-0.0,0,0
492,0.0,0.31485148514851485,0.26303112740309437,1.0,-0.0,0,0
493,0.0,0.32079207920792085,0.2641319920876526,1.0,-0.0,0,0
494,0.0,0.32079207920792085,0.2641319920876526,1.0,-0.0,0,0
495,0.0,0.2693069306930693,0.23282278743285653,1.0,-0.0,0,0
496,0.0,0.07524752475247526,0.11553229422427584,1.0,-0.0,0,0
497,0.0,0.061386138613861385,0.11166631429601336,1.0,-0.0,0,0
498,0.0,0.05544554455445545,0.10943169805661863,1.0,-0.0,0,0
499,0.0,0.05544554455445545,0.10943169805661863,1.0,-0.0,0,0
500,0.0,0.0811881188118812,0.13549532985786933,1.0,-0.0,0,0
501,0.0,0.0811881188118812,0.13549532985786933,1.0,-0.0,0,0
502,0.0,0.025742574257425748,0.0669763743575753,1.0,-0.0,0,0
503,0.0,0.025742574257425748,0.0669763743575753,1.0,-0.0,0,0
504,0.0,0.025742574257425748,0.0669763743575753,1.0,-0.0,0,0
505,0.0,0.0,0.0,1.0,-0.0,0,0
506,0.0,0.0,0.0,1.0,-0.0,0,0
507,0.0,0.0,0.0,1.0,-0.0,0,0
508,0.0,0.0,0.0,1.0,-0.0,0,0
509,0.0,0.0,0.0,1.0,-0.0,0,0
510,0.0,0.0,0.0,1.0,-0.0,0,0
511,0.0,0.0,0.0,1.0,-0.0,0,0
512,0.0,0.0,0.0,1.0,-0.0,0,0
513,0.0,0.0,0.0,1.0,-0.0,0,0
514,0.0,0.4475247524752475,0.2701646213971061,1.0,-0.0,0,0
515,0.0,0.4752475247524752,0.28263468377761275,1.0,-0.0,0,0
516,0.0,0.501980198019802,0.2835350391393677,1.0,-0.0,0,0
517,0.0,0.501980198019802,0.2835350391393677,1.0,-0.0,0,0
518,0.0,0.501980198019802,0.2835350391393677,1.0,-0.0,0,0
519,0.0,0.05346534653465347,0.10489443673781407,1.0,-0.0,0,0
520,0.0,0.025742574257425748,0.07264925278354116,1.0,-0.0,0,0
521,0.0,0.021782178217821784,0.06230547612891991,1.0,-0.0,0,0
522,0.0,0.08712871287128714,0.11745095149573798,1.0,-0.0,0,0
523,0.0,0.08712871287128714,0.11745095149573798,1.0,-0.0,0,0
524,0.0,0.08712871287128714,0.11745095149573798,1.0,-0.0,0,0
525,0.0,0.08712871287128714,0.11745095149573798,1.0,-0.0,0,0
526,0.0,0.06534653465346535,0.10571364605971598,1.0,-0.0,0,0
527,0.0,0.033663366336633666,0.08475617647141663,1.0,-0.0,0,0
528,0.0,0.033663366336633666,0.08475617647141663,1.0,-0.0,0,0
529,0.0,0.033663366336633666,0.08475617647141663,1.0,-0.0,0,0
530,0.0,0.033663366336633666,0.08475617647141663,1.0,-0.0,0,0
531,0.0,0.033663366336633666,0.08475617647141663,1.0,-0.0,0,0
532,0.0,0.0,0.0,1.0,-0.0,0,0
533,0.0,0.4138613861386139,0.27468423021854,1.0,-0.0,0,0
534,0.0,0.4138613861386139,0.27468423021854,1.0,-0.0,0,0
535,0.0,0.4673267326732673,0.2982154550022447,1.0,-0.0,0,0
536,0.0,0.5069306930693069,0.3038555629198541,1.0,-0.0,0,0
537,0.0,0.5069306930693069,0.3038555629198541,1.0,-0.0,0,0
538,0.0,0.09306930693069305,0.12448501897427097,1.0,-0.0,0,0
539,0.0,0.5148514851485149,0.2630311274030943,1.0,-0.0,0,0
540,0.0,0.4613861386138614,0.25132137803097204,1.0,-0.0,0,0
541,0.0,0.4217821782178217,0.24680290785553646,1.0,-0.0,0,0
542,0.0,0.4217821782178217,0.24680290785553646,1.0,-0.0,0,0
543,0.0,0.4217821782178217,0.24680290785553646,1.0,-0.0,0,0
544,0.0,0.0,0.0,1.0,-0.0,0,0
545,0.0,0.0,0.0,1.0,-0.0,0,0
546,0.0,0.0,0.0,1.0,-0.0,0,0
547,0.0,0.0,0.0,1.0,-0.0,0,0
548,0.0,0.0,0.0,1.0,-0.0,0,0
549,0.0,0.0,0.0,1.0,-0.0,0,0
550,0.0,0.2079207920792079,0.18438185104134303,1.0,-0.0,0,0
551,0.0,0.2178217821782178,0.18260818825185748,1.0,-0.0,0,0
552,0.0,0.2178217821782178,0.18260818825185748,1.0,-0.0,0,0
553,0.0,0.2178217821782178,0.18260818825185748,1.0,-0.0,0,0
554,0.0,0.23366336633663365,0.18894036343566833,1.0,-0.0,0,0
555,0.0,0.06336633663366337,0.10874875419996817,1.0,-0.0,0,0
556,0.0,0.2455445544554455,0.21778577560186174,1.0,-0.0,0,0
557,0.0,0.2633663366336634,0.2319622589126237,1.0,-0.0,0,0
558,0.0,0.2633663366336634,0.2319622589126237,1.0,-0.0,0,0
559,0.0,0.24752475247524752,0.23062294434123828,1.0,-0.0,0,0
560,0.0,0.22772277227722776,0.20494810349204928,1.0,-0.0,0,0
561,0.0,0.03564356435643565,0.08154954567118415,1.0,-0.0,0,0
562,0.0,0.017821782178217824,0.05698017651460656,1.0,-0.0,0,0
563,0.0,0.017821782178217824,0.05698017651460656,1.0,-0.0,0,0
564,0.0,0.017821782178217824,0.05698017651460656,1.0,-0.0,0,0
565,0.0,0.0,0.0,1.0,-0.0,0,0
566,0.0,0.025742574257425748,0.07264925278354115,1.0,-0.0,0,0
567,0.0,0.025742574257425748,0.07264925278354115,1.0,-0.0,0,0
568,0.0,0.1188118811881188,0.14939672169394075,1.0,-0.0,0,0
569,0.0,0.1188118811881188,0.14939672169394075,1.0,-0.0,0,0
570,0.0,0.1188118811881188,0.14939672169394075,1.0,-0.0,0,0
571,0.0,0.09306930693069305,0.13368903310588712,1.0,-0.0,0,0
572,0.0,0.499009900990099,0.3013156134551799,1.0,-0.0,0,0
573,0.0,0.40594059405940597,0.27496958686126904,1.0,-0.0,0,0
574,0.0,0.40594059405940597,0.27496958686126904,1.0,-0.0,0,0
575,0.0,0.40594059405940597,0.27496958686126904,1.0,-0.0,0,0
576,0.0,0.40594059405940597,0.27496958686126904,1.0,-0.0,0,0
577,0.0,0.23366336633663365,0.20308376446837878,1.0,-0.0,0,0
578,0.0,0.42970297029702975,0.26158108541827535,1.0,-0.0,0,0
579,0.0,0.42970297029702975,0.26158108541827535,1.0,-0.0,0,0
580,0.0,0.42970297029702975,0.26158108541827535,1.0,-0.0,0,0
581,0.0,0.42970297029702975,0.26158108541827535,1.0,-0.0,0,0
582,0.0,0.2099009900990099,0.17206086333646303,1.0,-0.0,0,0
583,0.0,0.01386138613861386,0.05079507064705211,1.0,-0.0,0,0
584,0.0,0.25742574257425743,0.1996762402527609,1.0,-0.0,0,0
585,0.0,0.25742574257425743,0.1996762402527609,1.0,-0.0,0,0
586,0.0,0.25742574257425743,0.1996762402527609,1.0,-0.0,0,0
587,0.0,0.2792079207920792,0.2088710017757506,1.0,-0.0,0,0
588,0.0,0.2792079207920792,0.2088710017757506,1.0,-0.0,0,0
589,0.0,0.03564356435643565,0.08154954567118416,1.0,-0.0,0,0
590,0.0,0.03564356435643565,0.08154954567118416,1.0,-0.0,0,0
591,0.0,0.03564356435643565,0.08154954567118416,1.0,-0.0,0,0
592,0.0,0.0,0.0,1.0,-0.0,0,0
593,0.0,0.0,0.0,1.0,-0.0,0,0
594,0.0,0.0,0.0,1.0,-0.0,0,0
595,0.0,0.0,0.0,1.0,-0.0,0,0
596,0.0,0.0,0.0,1.0,-0.0,0,0
597,0.0,0.0059405940594059415,0.033953323167291584,1.0,-0.0,0,0
598,0.0,0.049504950495049514,0.09504950495049506,1.0,-0.0,0,0
599,0.0,0.049504950495049514,0.09504950495049506,1.0,-0.0,0,0
600,0.0,0.049504950495049514,0.09504950495049506,1.0,-0.0,0,0
601,0.0,0.049504950495049514,0.09504950495049506,1.0,-0.0,0,0
602,0.0,0.4693069306930693,0.28345204922418754,1.0,-0.0,0,0
603,0.0,0.42574257425742573,0.26945249414929195,1.0,-0.0,0,0
604,0.0,0.42574257425742573,0.26945249414929195,1.0,-0.0,0,0
605,0.0,0.42574257425742573,0.26945249414929195,1.0,-0.0,0,0
606,0.0,0.42574257425742573,0.26945249414929195,1.0,-0.0,0,0
607,0.0,0.0,0.0,1.0,-0.0,0,0
608,0.0,0.0,0.0,1.0,-0.0,0,0
609,0.0,0.04950495049504951,0.09504950495049506,1.0,-0.0,0,0
610,0.0,0.04950495049504951,0.09504950495049506,1.0,-0.0,0,0
611,0.0,0.04950495049504951,0.09504950495049506,1.0,-0.0,0,0
612,0.0,0.06534653465346536,0.10571364605971598,1.0,-0.0,0,0
613,0.0,0.09306930693069305,0.13948804962658473,1.0,-0.0,0,0
614,0.0,0.06534653465346535,0.1129581045303102,1.0,-0.0,0,0
615,0.0,0.07920792079207921,0.1322440226302099,1.0,-0.0,0,0
616,0.0,0.07920792079207921,0.1322440226302099,1.0,-0.0,0,0
617,0.0,0.06336633663366337,0.11917436454123627,1.0,-0.0,0,0
618,0.0,0.03564356435643565,0.09908907725304397,1.0,-0.0,0,0
619,0.0,0.013861386138613863,0.05079507064705211,1.0,-0.0,0,0
620,0.0,0.0,0.0,1.0,-0.0,0,0
621,0.0,0.021782178217821784,0.07910884893242842,1.0,-0.0,0,0
622,0.0,0.021782178217821784,0.07910884893242842,1.0,-0.0,0,0
623,0.0,0.021782178217821784,0.07910884893242842,1.0,-0.0,0,0
624,0.0,0.021782178217821784,0.07910884893242842,1.0,-0.0,0,0
625,0.0,0.021782178217821784,0.07910884893242842,1.0,-0.0,0,0
626,0.0,0.031683168316831684,0.08316831683168317,1.0,-0.0,0,0
627,0.0,0.031683168316831684,0.08316831683168317,1.0,-0.0,0,0
628,0.0,0.031683168316831684,0.08316831683168317,1.0,-0.0,0,0
629,0.2,0.07920792079207921,0.1322440226302099,0.18051532966814882,0.7434859111677886,0,0
630,0.2,0.07920792079207921,0.1322440226302099,0.18051532966814882,0.7434859111677886,0,0
631,0.2,0.04752475247524753,0.10586191211583096,0.07488815124685981,1.1255868906472768,0,0
632,0.2,0.04752475247524753,0.10586191211583096,0.07488815124685981,1.1255868906472768,0,0
633,0.2,0.07920792079207921,0.1322440226302099,0.18051532966814882,0.7434859111677886,0,0
634,0.0,0.031683168316831684,0.07826167463512675,1.0,-0.0,0,0
635,0.0,0.031683168316831684,0.07826167463512675,1.0,-0.0,0,0
636,0.0,0.031683168316831684,0.07826167463512675,1.0,-0.0,0,0
637,0.0,0.031683168316831684,0.07826167463512675,1.0,-0.0,0,0
638,0.0,0.0,0.0,1.0,-0.0,0,0
639,0.0,0.01386138613861386,0.05079507064705211,1.0,-0.0,0,0
640,0.0,0.08316831683168316,0.12353642740976017,1.0,-0.0,0,0
641,0.0,0.08316831683168316,0.12353642740976017,1.0,-0.0,0,0
642,0.0,0.13861386138613863,0.18825425035881393,1.0,-0.0,0,0
643,0.0,0.1504950495049505,0.1937763140233674,1.0,-0.0,0,0
644,0.0,0.13663366336633662,0.18224277805692735,1.0,-0.0,0,0
645,0.2,0.21782178217821782,0.1951876678075502,1.0,-0.0,0,0
646,0.2,0.24752475247524752,0.20323817145853776,1.0,-0.0,0,0
647,0.6,0.20792079207920788,0.19482572477225887,0.022085672454221304,1.6558893730090944,0,0
648,0.6,0.19603960396039602,0.19290421984883258,0.018125612893510917,1.7417072994179599,0,0
649,1.4,0.3702970297029703,0.26006265599021,3.756256263788236e-05,4.425244786439834,0,0
650,1.2,0.23564356435643566,0.218720020142322,5.190274168659064e-06,5.284809700573346,0,0
651,1.2,0.299009900990099,0.251134080989904,0.00016681318775584923,3.777769618307431,0,0
652,0.8,0.28316831683168314,0.24090148634844438,0.01596016857124443,1.7969625259442716,0,0
653,0.8,0.28316831683168314,0.24090148634844438,0.01596016857124443,1.7969625259442716,0,0
654,0.0,0.10891089108910891,0.1503125521928582,1.0,-0.0,0,0
655,0.0,0.09306930693069307,0.14229896414433021,1.0,-0.0,0,0
656,0.8,0.29306930693069305,0.24626212619992896,0.019771059940338093,1.7039700472315702,0,0
657,0.8,0.29306930693069305,0.24626212619992896,0.019771059940338093,1.7039700472315702,0,0
658,0.8,0.29306930693069305,0.24626212619992896,0.019771059940338093,1.7039700472315702,0,0
659,0.8,0.29306930693069305,0.24626212619992896,0.019771059940338093,1.7039700472315702,0,0
660,4.6,0.7287128712871287,0.36758150807930307,1.0000000030829087e-17,16.99999999866111,0,0
661,3.8,0.43366336633663366,0.28012628966758046,1.0000000000000002e-17,17.0,0,0
662,3.8,0.43366336633663366,0.28012628966758046,1.0000000000000002e-17,17.0,1,0
663,3.8,0.43366336633663366,0.28012628966758046,1.0000000000000002e-17,17.0,0,0
664,8.4,0.8178217821782178,0.4059937178473052,1e-17,17.0,0,0
665,4.6,0.3841584158415842,0.2496463531419885,1e-17,17.0,0,0
666,5.0,0.4217821782178217,0.2756105590800967,1e-17,17.0,1,0
667,5.4,0.6435643564356435,0.34308323661232387,1e-17,17.0,0,0
668,5.4,0.6435643564356435,0.34308323661232387,1e-17,17.0,0,0
669,1.2,0.5049504950495048,0.3476587144135405,0.02279177227125215,1.6422219030908267,0,0
670,1.2,0.5049504950495048,0.3476587144135405,0.02279177227125215,1.6422219030908267,0,0
671,0.8,0.4673267326732673,0.316261863829781,0.14642459281347886,0.8343859750111522,0,0
672,0.4,0.2455445544554455,0.21595963707735685,0.23724114231621352,0.6248099935055308,0,0
673,0.4,0.3227722772277228,0.23541881286182226,0.37143920733560143,0.43011225614066984,0,0
674,0.2,0.10099009900990097,0.14246420394934614,0.24353363502026815,0.6134410488439429,0,0
675,0.4,0.25742574257425743,0.22220610121355308,0.26055649571041284,0.584098095339195,0,0
676,0.4,0.25742574257425743,0.22220610121355308,0.26055649571041284,0.584098095339195,0,0
677,0.4,0.2693069306930693,0.22415631668191094,0.2799317294228971,0.5529478727653747,0,0
678,0.4,0.19207920792079206,0.19278221864351283,0.1403993610530102,0.8526348686434166,0,0
679,0.2,0.1861386138613861,0.18295143702892827,0.46980287768859824,0.32808432736162446,0,0
680,0.0,0.05148514851485149,0.10399339410297728,1.0,-0.0,0,0
681,0.0,0.05148514851485149,0.10399339410297728,1.0,-0.0,0,0
682,0.0,0.04554455445544555,0.09700949476369022,1.0,-0.0,0,0
683,0.0,0.04554455445544555,0.09700949476369022,1.0,-0.0,0,0
684,0.0,0.02772277227722772,0.07461957893630407,1.0,-0.0,0,0
685,0.0,0.0059405940594059415,0.03395332316729158,1.0,-0.0,0,0
686,0.8,0.05940594059405942,0.11447531431916541,4.917520646882928e-11,10.308253807960023,0,0
687,0.8,0.05346534653465348,0.11219180573635876,1.4252677937386553e-11,10.846103528345742,0,0
688,0.8,0.05346534653465348,0.11219180573635876,1.4252677937386553e-11,10.846103528345742,0,0
689,0.8,0.05346534653465348,0.11219180573635876,1.4252677937386553e-11,10.846103528345742,0,0
690,0.8,0.05346534653465348,0.11219180573635876,1.4252677937386553e-11,10.846103528345742,0,0
691,0.0,0.0,0.0,1.0,-0.0,0,0
692,0.8,0.2752475247524752,0.23856250217577826,0.013916096488617243,1.8564825686907063,0,0
693,0.8,0.2752475247524752,0.23856250217577826,0.013916096488617243,1.8564825686907063,0,0
694,0.8,0.2752475247524752,0.23856250217577826,0.013916096488617243,1.8564825686907063,0,0
695,0.8,0.29108910891089107,0.24780182512412924,0.020002313012435637,1.6989197808132852,0,0
696,1.8,0.4673267326732674,0.30348109403038437,5.6340259290025615e-06,5.249181158628765,0,0
697,1.0,0.19207920792079206,0.20083152306547483,2.874559379826179e-05,4.541428715696215,0,0
698,1.0,0.19207920792079206,0.20083152306547483,2.874559379826179e-05,4.541428715696215,0,0
699,1.0,0.2059405940594059,0.20188310615339294,4.190018380710454e-05,4.377784071872938,0,0
700,1.0,0.1900990099009901,0.19975477565019395,2.51233794129887e-05,4.599921942892677,0,0
701,0.0,0.013861386138613863,0.05079507064705211,1.0,-0.0,0,0
702,1.0,0.2574257425742574,0.220416587870802,0.00037726443779356,3.423354130918596,0,0
703,1.0,0.2574257425742574,0.220416587870802,0.00037726443779356,3.423354130918596,0,0
