,foreground,bg_means,bg_stdev,pvals,minus_logs,regs,active
2,0.0,0.22970297029702966,0.20174709904079255,1.0,-0.0,0,0
3,0.0,0.21584158415841584,0.19837591740781296,1.0,-0.0,0,0
4,0.0,0.0,0.0,1.0,-0.0,0,0
5,0.0,0.04752475247524753,0.10586191211583096,1.0,-0.0,0,0
6,0.0,0.13267326732673268,0.1671596799240022,1.0,-0.0,0,0
7,0.0,0.13267326732673268,0.1671596799240022,1.0,-0.0,0,0
8,0.0,0.13267326732673268,0.1671596799240022,1.0,-0.0,0,0
9,0.0,0.15445544554455445,0.1732192295336953,1.0,-0.0,0,0
10,0.0,0.1287128712871287,0.15564406822280066,1.0,-0.0,0,0
11,0.0,0.0613861386138614,0.11515834731523733,1.0,-0.0,0,0
12,0.0,0.0613861386138614,0.11515834731523733,1.0,-0.0,0,0
13,0.0,0.06930693069306931,0.11751770396006173,1.0,-0.0,0,0
14,0.0,0.05346534653465348,0.10489443673781407,1.0,-0.0,0,0
15,0.0,0.02970297029702971,0.07112192077650681,1.0,-0.0,0,0
16,0.0,0.03762376237623763,0.08771182015980238,1.0,-0.0,0,0
17,0.0,0.04554455445544554,0.10485704788018795,1.0,-0.0,0,0
18,0.0,0.03762376237623762,0.09211646217515253,1.0,-0.0,0,0
19,0.0,0.033663366336633666,0.08930671115865095,1.0,-0.0,0,0
20,0.0,0.033663366336633666,0.08930671115865095,1.0,-0.0,0,0
21,0.0,0.007920792079207921,0.03900537743285587,1.0,-0.0,0,0
22,0.0,0.0,0.0,1.0,-0.0,0,0
23,0.0,0.0,0.0,1.0,-0.0,0,0
24,0.0,0.0,0.0,1.0,-0.0,0,0
25,0.0,0.0,0.0,1.0,-0.0,0,0
26,0.0,0.0,0.0,1.0,-0.0,0,0
27,0.0,0.015841584158415842,0.06709336374692047,1.0,-0.0,0,0
28,0.0,0.021782178217821784,0.07393328595086919,1.0,-0.0,0,0
29,0.0,0.06732673267326733,0.11698261772468857,1.0,-0.0,0,0
30,0.0,0.09306930693069305,0.13368903310588712,1.0,-0.0,0,0
31,0.0,0.09306930693069305,0.13368903310588712,1.0,-0.0,0,0
32,0.0,0.09504950495049502,0.1367053908443026,1.0,-0.0,0,0
33,0.0,0.09504950495049505,0.13377699607171914,1.0,-0.0,0,0
34,0.0,0.04950495049504951,0.09912864166957489,1.0,-0.0,0,0
35,0.0,0.023762376237623766,0.06471340450838889,1.0,-0.0,0,0
36,0.0,0.023762376237623766,0.06471340450838889,1.0,-0.0,0,0
37,0.0,0.0059405940594059415,0.033953323167291584,1.0,-0.0,0,0
38,0.0,0.0,0.0,1.0,-0.0,0,0
39,0.0,0.06732673267326734,0.11698261772468857,1.0,-0.0,0,0
40,0.0,0.07524752475247526,0.1253951698929708,1.0,-0.0,0,0
41,0.0,0.07524752475247526,0.1253951698929708,1.0,-0.0,0,0
42,0.0,0.07524752475247526,0.1253951698929708,1.0,-0.0,0,0
43,0.0,0.07524752475247526,0.1253951698929708,1.0,-0.0,0,0
44,0.0,0.007920792079207921,0.03900537743285587,1.0,-0.0,0,0
45,0.0,0.0,0.0,1.0,-0.0,0,0
46,0.0,0.009900990099009901,0.04338396495090425,1.0,-0.0,0,0
47,0.0,0.009900990099009901,0.04338396495090425,1.0,-0.0,0,0
48,0.0,0.009900990099009901,0.04338396495090425,1.0,-0.0,0,0
49,0.0,0.009900990099009901,0.04338396495090425,1.0,-0.0,0,0
50,0.0,0.009900990099009901,0.04338396495090425,1.0,-0.0,0,0
51,0.0,0.0,0.0,1.0,-0.0,0,0
52,0.0,0.0,0.0,1.0,-0.0,0,0
53,0.0,0.009900990099009901,0.04338396495090424,1.0,-0.0,0,0
54,0.0,0.009900990099009901,0.04338396495090424,1.0,-0.0,0,0
55,0.0,0.009900990099009901,0.04338396495090424,1.0,-0.0,0,0
56,0.0,0.031683168316831684,0.08316831683168317,1.0,-0.0,0,0
57,0.0,0.031683168316831684,0.08316831683168317,1.0,-0.0,0,0
58,0.0,0.07920792079207921,0.11966689053257921,1.0,-0.0,0,0
59,0.0,0.07920792079207921,0.11966689053257921,1.0,-0.0,0,0
60,0.0,0.07920792079207921,0.11966689053257921,1.0,-0.0,0,0
61,0.0,0.057425742574257435,0.09885135821266286,1.0,-0.0,0,0
62,0.0,0.057425742574257435,0.09885135821266286,1.0,-0.0,0,0
63,0.0,0.0,0.0,1.0,-0.0,0,0
64,0.0,0.017821782178217824,0.05698017651460656,1.0,-0.0,0,0
65,0.0,0.13663366336633662,0.15137833547418925,1.0,-0.0,0,0
66,0.0,0.14455445544554454,0.1569986110329885,1.0,-0.0,0,0
67,0.0,0.2198019801980198,0.18775368421597716,1.0,-0.0,0,0
68,0.0,0.2198019801980198,0.18775368421597716,1.0,-0.0,0,0
69,0.0,0.20198019801980197,0.1877327983285756,1.0,-0.0,0,0
70,0.0,0.08316831683168317,0.12028786177019754,1.0,-0.0,0,0
71,0.0,0.1346534653465346,0.14380655568606182,1.0,-0.0,0,0
72,0.0,0.057425742574257435,0.10656335878870264,1.0,-0.0,0,0
73,0.0,0.057425742574257435,0.10656335878870264,1.0,-0.0,0,0
74,0.0,0.057425742574257435,0.10656335878870264,1.0,-0.0,0,0
75,0.0,0.057425742574257435,0.10656335878870264,1.0,-0.0,0,0
76,0.0,0.007920792079207921,0.03900537743285587,1.0,-0.0,0,0
77,0.0,0.007920792079207921,0.03900537743285587,1.0,-0.0,0,0
78,0.0,0.017821782178217824,0.05698017651460656,1.0,-0.0,0,0
79,0.0,0.017821782178217824,0.05698017651460656,1.0,-0.0,0,0
80,0.0,0.017821782178217824,0.05698017651460656,1.0,-0.0,0,0
81,0.0,0.009900990099009901,0.04338396495090424,1.0,-0.0,0,0
82,0.0,0.009900990099009901,0.04338396495090424,1.0,-0.0,0,0
83,0.0,0.0,0.0,1.0,-0.0,0,0
84,0.0,0.009900990099009901,0.04338396495090425,1.0,-0.0,0,0
85,0.4,0.04752475247524753,0.08965727859541997,4.223293025907398e-05,4.374348784755605,0,0
86,0.4,0.061386138613861385,0.10433219700847123,0.0005861494943187688,3.231991605351054,0,0
87,0.4,0.08118811881188118,0.12325042629382525,0.004844995465889865,2.3147066250404467,0,0
88,0.8,0.1207920792079208,0.15435386352400063,5.404321364360104e-06,5.267258833850864,0,0
89,0.8,0.16831683168316827,0.18397734097959503,0.0002979392129972901,3.525872333751725,0,0
90,0.4,0.14059405940594058,0.15806892707703052,0.05038896989483329,1.2976645198653556,0,0
91,0.4,0.15841584158415842,0.16960485628010977,0.07716620905699756,1.1125728348034023,0,0
92,0.4,0.1386138613861386,0.1585642868844958,0.04962963840035404,1.3042588890441231,0,0
93,0.0,0.12277227722772276,0.16160162980675777,1.0,-0.0,0,0
94,0.0,0.09504950495049502,0.13078304733432372,1.0,-0.0,0,0
95,0.0,0.08514851485148513,0.12379009590564582,1.0,-0.0,0,0
96,0.0,0.05346534653465347,0.10104832334394512,1.0,-0.0,0,0
97,0.0,0.05346534653465347,0.10104832334394512,1.0,-0.0,0,0
98,0.0,0.027722772277227727,0.07975061610139514,1.0,-0.0,0,0
99,0.0,0.0,0.0,1.0,-0.0,0,0
100,0.0,0.0,0.0,1.0,-0.0,0,0
101,0.0,0.0,0.0,1.0,-0.0,0,0
102,0.0,0.011881188118811881,0.04727657974777554,1.0,-0.0,0,0
103,0.0,0.011881188118811881,0.04727657974777554,1.0,-0.0,0,0
104,0.0,0.021782178217821784,0.062305476128919915,1.0,-0.0,0,0
105,0.0,0.025742574257425745,0.07264925278354116,1.0,-0.0,0,0
106,0.0,0.027722772277227727,0.07461957893630407,1.0,-0.0,0,0
107,0.0,0.027722772277227727,0.07461957893630407,1.0,-0.0,0,0
108,0.0,0.047524752475247525,0.09809478080396704,1.0,-0.0,0,0
109,0.0,0.06930693069306931,0.11751770396006171,1.0,-0.0,0,0
110,0.0,0.07920792079207921,0.1261123431927973,1.0,-0.0,0,0
111,0.0,0.07722772277227724,0.12576985749069639,1.0,-0.0,0,0
112,0.0,0.07524752475247526,0.11205191564986228,1.0,-0.0,0,0
113,0.0,0.06732673267326733,0.10634234916512914,1.0,-0.0,0,0
114,0.0,0.057425742574257435,0.10277971700879983,1.0,-0.0,0,0
115,0.0,0.04356435643564357,0.09164702150816742,1.0,-0.0,0,0
116,0.0,0.14653465346534653,0.1564231101634178,1.0,-0.0,0,0
117,0.0,0.1485148514851485,0.15834156674616875,1.0,-0.0,0,0
118,0.0,0.15049504950495046,0.1577212495187317,1.0,-0.0,0,0
119,0.0,0.17425742574257425,0.1943017278738389,1.0,-0.0,0,0
120,0.0,0.17425742574257425,0.1943017278738389,1.0,-0.0,0,0
121,0.0,0.0712871287128713,0.1307530615383697,1.0,-0.0,0,0
122,0.0,0.11683168316831682,0.16232793292609266,1.0,-0.0,0,0
123,0.0,0.13861386138613863,0.17290201942925207,1.0,-0.0,0,0
124,0.0,0.11485148514851484,0.14445948324625327,1.0,-0.0,0,0
125,0.0,0.11485148514851484,0.14445948324625327,1.0,-0.0,0,0
126,0.0,0.13267326732673265,0.1496589594272569,1.0,-0.0,0,0
127,0.0,0.07326732673267326,0.10798889666879984,1.0,-0.0,0,0
128,0.0,0.03762376237623763,0.07816140339006158,1.0,-0.0,0,0
129,0.0,0.015841584158415842,0.05401260078014202,1.0,-0.0,0,0
130,0.0,0.015841584158415842,0.05401260078014202,1.0,-0.0,0,0
131,0.0,0.03762376237623763,0.07816140339006158,1.0,-0.0,0,0
132,0.0,0.03762376237623763,0.07816140339006158,1.0,-0.0,0,0
133,0.0,0.03762376237623763,0.07816140339006158,1.0,-0.0,0,0
134,0.0,0.03762376237623763,0.07816140339006158,1.0,-0.0,0,0
135,0.0,0.03762376237623763,0.07816140339006158,1.0,-0.0,0,0
136,0.0,0.0,0.0,1.0,-0.0,0,0
137,0.0,0.0,0.0,1.0,-0.0,0,0
138,0.0,0.0,0.0,1.0,-0.0,0,0
139,0.0,0.0,0.0,1.0,-0.0,0,0
140,0.0,0.0,0.0,1.0,-0.0,0,0
141,0.0,0.0,0.0,1.0,-0.0,0,0
142,0.0,0.0019801980198019802,0.0198019801980198,1.0,-0.0,0,0
143,0.0,0.015841584158415842,0.06090517425437506,1.0,-0.0,0,0
144,0.0,0.015841584158415842,0.06090517425437506,1.0,-0.0,0,0
145,0.0,0.025742574257425745,0.07264925278354115,1.0,-0.0,0,0
146,0.0,0.05742574257425742,0.11021718851545144,1.0,-0.0,0,0
147,0.0,0.05544554455445544,0.10943169805661862,1.0,-0.0,0,0
148,0.0,0.041584158415841586,0.08590499787518362,1.0,-0.0,0,0
149,0.0,0.041584158415841586,0.08590499787518362,1.0,-0.0,0,0
150,0.0,0.039603960396039604,0.08452453849668534,1.0,-0.0,0,0
151,0.0,0.007920792079207921,0.03900537743285587,1.0,-0.0,0,0
152,0.0,0.007920792079207921,0.03900537743285587,1.0,-0.0,0,0
153,0.0,0.007920792079207921,0.03900537743285587,1.0,-0.0,0,0
154,0.0,0.11485148514851483,0.16252106557372825,1.0,-0.0,0,0
155,0.0,0.1069306930693069,0.14776046024695155,1.0,-0.0,0,0
156,0.0,0.1069306930693069,0.14776046024695155,1.0,-0.0,0,0
157,0.0,0.1465346534653465,0.17324186517306459,1.0,-0.0,0,0
158,0.0,0.1603960396039604,0.17804171717219025,1.0,-0.0,0,0
159,0.0,0.0891089108910891,0.13636075485692528,1.0,-0.0,0,0
160,0.0,0.1108910891089109,0.15018206119491914,1.0,-0.0,0,0
161,0.0,0.1108910891089109,0.15018206119491914,1.0,-0.0,0,0
162,0.0,0.07128712871287128,0.12454800153280307,1.0,-0.0,0,0
163,0.0,0.0594059405940594,0.1073333087751893,1.0,-0.0,0,0
164,0.0,0.021782178217821784,0.06836703565002801,1.0,-0.0,0,0
165,0.0,0.0,0.0,1.0,-0.0,0,0
166,0.0,0.0,0.0,1.0,-0.0,0,0
167,0.0,0.0,0.0,1.0,-0.0,0,0
168,0.0,0.0,0.0,1.0,-0.0,0,0
169,0.0,0.0,0.0,1.0,-0.0,0,0
170,0.0,0.0,0.0,1.0,-0.0,0,0
171,0.0,0.0,0.0,1.0,-0.0,0,0
172,0.0,0.0,0.0,1.0,-0.0,0,0
173,0.0,0.0039603960396039604,0.027863855998951064,1.0,-0.0,0,0
174,0.0,0.0039603960396039604,0.027863855998951064,1.0,-0.0,0,0
175,0.0,0.03762376237623763,0.08307396817189318,1.0,-0.0,0,0
176,0.0,0.03762376237623763,0.08307396817189318,1.0,-0.0,0,0
177,0.0,0.03762376237623763,0.08307396817189318,1.0,-0.0,0,0
178,0.0,0.041584158415841586,0.08590499787518362,1.0,-0.0,0,0
179,0.0,0.08316831683168317,0.12028786177019754,1.0,-0.0,0,0
180,0.0,0.049504950495049514,0.09078727434730813,1.0,-0.0,0,0
181,0.0,0.06732673267326734,0.1135467024699521,1.0,-0.0,0,0
182,0.0,0.06732673267326734,0.1135467024699521,1.0,-0.0,0,0
183,0.0,0.05940594059405942,0.10357779667819421,1.0,-0.0,0,0
184,0.0,0.04752475247524753,0.10205226714237721,1.0,-0.0,0,0
185,0.0,0.04752475247524753,0.10205226714237721,1.0,-0.0,0,0
186,0.0,0.0297029702970297,0.08150144802873932,1.0,-0.0,0,0
187,0.0,0.0297029702970297,0.08150144802873932,1.0,-0.0,0,0
188,0.0,0.05346534653465347,0.10860442931328385,1.0,-0.0,0,0
189,0.0,0.023762376237623766,0.06471340450838889,1.0,-0.0,0,0
190,0.0,0.023762376237623766,0.06471340450838889,1.0,-0.0,0,0
191,0.0,0.023762376237623766,0.06471340450838889,1.0,-0.0,0,0
192,0.0,0.023762376237623766,0.06471340450838889,1.0,-0.0,0,0
193,0.0,0.0,0.0,1.0,-0.0,0,0
194,0.0,0.021782178217821784,0.06836703565002801,1.0,-0.0,0,0
195,0.0,0.021782178217821784,0.06836703565002801,1.0,-0.0,0,0
196,0.2,0.0297029702970297,0.07648795214189293,0.012991839772286904,1.8863293442020952,0,0
197,0.2,0.0297029702970297,0.07648795214189293,0.012991839772286904,1.8863293442020952,0,0
198,0.2,0.0297029702970297,0.07648795214189293,0.012991839772286904,1.8863293442020952,0,0
199,0.2,0.007920792079207921,0.03900537743285587,4.2303541670263104e-07,6.3736232717865695,0,0
200,0.2,0.007920792079207921,0.03900537743285587,4.2303541670263104e-07,6.3736232717865695,0,0
201,0.0,0.0,0.0,1.0,-0.0,0,0
202,0.0,0.0,0.0,1.0,-0.0,0,0
203,0.0,0.0,0.0,1.0,-0.0,0,0
204,0.0,0.0,0.0,1.0,-0.0,0,0
205,0.0,0.0,0.0,1.0,-0.0,0,0
206,0.0,0.0,0.0,1.0,-0.0,0,0
207,0.0,0.007920792079207921,0.03900537743285587,1.0,-0.0,0,0
208,0.0,0.007920792079207921,0.03900537743285587,1.0,-0.0,0,0
209,0.0,0.007920792079207921,0.03900537743285587,1.0,-0.0,0,0
210,0.0,0.007920792079207921,0.03900537743285587,1.0,-0.0,0,0
211,0.0,0.11287128712871286,0.15264231556912292,1.0,-0.0,0,0
212,0.0,0.10495049504950493,0.1423816080178024,1.0,-0.0,0,0
213,0.0,0.10495049504950493,0.1423816080178024,1.0,-0.0,0,0
214,0.0,0.10891089108910891,0.14765427233510695,1.0,-0.0,0,0
215,0.0,0.10891089108910891,0.14765427233510695,1.0,-0.0,0,0
216,0.0,0.0039603960396039604,0.027863855998951064,1.0,-0.0,0,0
217,0.0,0.0039603960396039604,0.027863855998951064,1.0,-0.0,0,0
218,0.0,0.019801980198019802,0.059735061897023205,1.0,-0.0,0,0
219,0.0,0.015841584158415842,0.054012600780142014,1.0,-0.0,0,0
220,0.0,0.015841584158415842,0.054012600780142014,1.0,-0.0,0,0
221,0.0,0.021782178217821784,0.062305476128919915,1.0,-0.0,0,0
222,0.0,0.021782178217821784,0.062305476128919915,1.0,-0.0,0,0
223,0.0,0.017821782178217824,0.0635517090529949,1.0,-0.0,0,0
224,0.0,0.027722772277227727,0.07975061610139514,1.0,-0.0,0,0
225,0.0,0.03564356435643565,0.08626938974571076,1.0,-0.0,0,0
226,0.0,0.02970297029702971,0.07648795214189293,1.0,-0.0,0,0
227,0.0,0.02970297029702971,0.07648795214189293,1.0,-0.0,0,0
228,0.0,0.019801980198019802,0.059735061897023205,1.0,-0.0,0,0
229,0.0,0.04356435643564357,0.09991664009142863,1.0,-0.0,0,0
230,0.0,0.035643564356435654,0.09500824186847648,1.0,-0.0,0,0
231,0.0,0.035643564356435654,0.09500824186847648,1.0,-0.0,0,0
232,0.0,0.035643564356435654,0.09500824186847648,1.0,-0.0,0,0
233,0.0,0.03366336633663367,0.09363635974286645,1.0,-0.0,0,0
234,0.0,0.0,0.0,1.0,-0.0,0,0
235,0.0,0.0,0.0,1.0,-0.0,0,0
236,0.0,0.0,0.0,1.0,-0.0,0,0
237,0.0,0.0,0.0,1.0,-0.0,0,0
238,0.0,0.0,0.0,1.0,-0.0,0,0
239,0.0,0.0,0.0,1.0,-0.0,0,0
240,0.0,0.0,0.0,1.0,-0.0,0,0
241,0.0,0.007920792079207921,0.03900537743285587,1.0,-0.0,0,0
242,0.0,0.007920792079207921,0.03900537743285587,1.0,-0.0,0,0
243,0.0,0.007920792079207921,0.03900537743285587,1.0,-0.0,0,0
244,0.0,0.007920792079207921,0.03900537743285587,1.0,-0.0,0,0
245,0.0,0.033663366336633666,0.07994704648786674,1.0,-0.0,0,0
246,0.0,0.025742574257425748,0.06697637435757531,1.0,-0.0,0,0
247,0.0,0.025742574257425748,0.06697637435757531,1.0,-0.0,0,0
248,0.0,0.025742574257425748,0.06697637435757531,1.0,-0.0,0,0
249,0.0,0.025742574257425748,0.06697637435757531,1.0,-0.0,0,0
250,0.0,0.0059405940594059415,0.03395332316729158,1.0,-0.0,0,0
251,0.0,0.013861386138613863,0.05079507064705212,1.0,-0.0,0,0
252,0.0,0.013861386138613863,0.05079507064705212,1.0,-0.0,0,0
253,0.0,0.013861386138613863,0.05079507064705212,1.0,-0.0,0,0
254,0.0,0.013861386138613863,0.05079507064705212,1.0,-0.0,0,0
255,0.0,0.013861386138613863,0.05807080514303042,1.0,-0.0,0,0
256,0.0,0.0059405940594059415,0.03395332316729158,1.0,-0.0,0,0
257,0.0,0.0059405940594059415,0.03395332316729158,1.0,-0.0,0,0
258,0.0,0.0059405940594059415,0.03395332316729158,1.0,-0.0,0,0
259,0.0,0.0059405940594059415,0.03395332316729158,1.0,-0.0,0,0
260,0.0,0.0,0.0,1.0,-0.0,0,0
261,0.0,0.0,0.0,1.0,-0.0,0,0
262,0.0,0.021782178217821784,0.06836703565002801,1.0,-0.0,0,0
263,0.0,0.021782178217821784,0.06836703565002801,1.0,-0.0,0,0
264,0.0,0.021782178217821784,0.06836703565002801,1.0,-0.0,0,0
265,0.0,0.021782178217821784,0.06836703565002801,1.0,-0.0,0,0
266,0.0,0.021782178217821784,0.06836703565002801,1.0,-0.0,0,0
267,0.0,0.0,0.0,1.0,-0.0,0,0
268,0.0,0.0,0.0,1.0,-0.0,0,0
269,0.0,0.0,0.0,1.0,-0.0,0,0
270,0.0,0.0,0.0,1.0,-0.0,0,0
271,0.0,0.0,0.0,1.0,-0.0,0,0
272,0.0,0.0,0.0,1.0,-0.0,0,0
273,0.0,0.0,0.0,1.0,-0.0,0,0
274,0.0,0.0,0.0,1.0,-0.0,0,0
275,0.0,0.0,0.0,1.0,-0.0,0,0
276,0.0,0.0,0.0,1.0,-0.0,0,0
277,0.0,0.0,0.0,1.0,-0.0,0,0
278,0.0,0.0,0.0,1.0,-0.0,0,0
279,0.0,0.0,0.0,1.0,-0.0,0,0
280,0.0,0.0,0.0,1.0,-0.0,0,0
281,0.0,0.0,0.0,1.0,-0.0,0,0
282,0.0,0.0,0.0,1.0,-0.0,0,0
283,0.0,0.0,0.0,1.0,-0.0,0,0
284,0.0,0.0,0.0,1.0,-0.0,0,0
285,0.0,0.0,0.0,1.0,-0.0,0,0
286,0.0,0.0,0.0,1.0,-0.0,0,0
287,0.0,0.0,0.0,1.0,-0.0,0,0
288,0.0,0.0,0.0,1.0,-0.0,0,0
289,0.0,0.0,0.0,1.0,-0.0,0,0
290,0.0,0.0,0.0,1.0,-0.0,0,0
291,0.0,0.0,0.0,1.0,-0.0,0,0
292,0.0,0.0039603960396039604,0.02786385599895107,1.0,-0.0,0,0
293,0.0,0.0039603960396039604,0.02786385599895107,1.0,-0.0,0,0
294,0.0,0.0039603960396039604,0.02786385599895107,1.0,-0.0,0,0
295,0.0,0.009900990099009901,0.04338396495090424,1.0,-0.0,0,0
296,0.0,0.011881188118811883,0.047276579747775535,1.0,-0.0,0,0
297,0.0,0.007920792079207921,0.03900537743285587,1.0,-0.0,0,0
298,0.0,0.007920792079207921,0.03900537743285587,1.0,-0.0,0,0
299,0.0,0.007920792079207921,0.03900537743285587,1.0,-0.0,0,0
300,0.0,0.0019801980198019802,0.0198019801980198,1.0,-0.0,0,0
301,0.0,0.0,0.0,1.0,-0.0,0,0
302,0.0,0.0,0.0,1.0,-0.0,0,0
303,0.0,0.0,0.0,1.0,-0.0,0,0
304,0.0,0.0,0.0,1.0,-0.0,0,0
305,0.0,0.0,0.0,1.0,-0.0,0,0
306,0.0,0.0,0.0,1.0,-0.0,0,0
307,0.0,0.01386138613861386,0.05807080514303042,1.0,-0.0,0,0
308,0.0,0.01386138613861386,0.05807080514303042,1.0,-0.0,0,0
309,0.0,0.01386138613861386,0.05807080514303042,1.0,-0.0,0,0
310,0.0,0.021782178217821784,0.07910884893242842,1.0,-0.0,0,0
311,0.0,0.021782178217821784,0.07910884893242842,1.0,-0.0,0,0
312,0.0,0.007920792079207921,0.03900537743285587,1.0,-0.0,0,0
313,0.0,0.007920792079207921,0.03900537743285587,1.0,-0.0,0,0
314,0.0,0.007920792079207921,0.03900537743285587,1.0,-0.0,0,0
315,0.0,0.0,0.0,1.0,-0.0,0,0
316,0.0,0.0,0.0,1.0,-0.0,0,0
317,0.0,0.0,0.0,1.0,-0.0,0,0
318,0.0,0.0,0.0,1.0,-0.0,0,0
319,0.0,0.0,0.0,1.0,-0.0,0,0
320,0.0,0.0,0.0,1.0,-0.0,0,0
321,0.0,0.0,0.0,1.0,-0.0,0,0
322,0.0,0.0,0.0,1.0,-0.0,0,0
323,0.0,0.03564356435643564,0.08626938974571073,1.0,-0.0,0,0
324,0.0,0.03564356435643564,0.08626938974571073,1.0,-0.0,0,0
325,0.0,0.03564356435643564,0.08626938974571073,1.0,-0.0,0,0
326,0.0,0.04356435643564357,0.09587103712404124,1.0,-0.0,0,0
327,0.0,0.06534653465346536,0.10939585993610405,1.0,-0.0,0,0
328,0.0,0.02970297029702971,0.07112192077650681,1.0,-0.0,0,0
329,0.0,0.02970297029702971,0.07112192077650681,1.0,-0.0,0,0
330,0.0,0.02970297029702971,0.07112192077650681,1.0,-0.0,0,0
331,0.0,0.03564356435643565,0.07653920035678292,1.0,-0.0,0,0
332,0.0,0.013861386138613863,0.05079507064705211,1.0,-0.0,0,0
333,0.0,0.02970297029702971,0.07112192077650682,1.0,-0.0,0,0
334,0.0,0.039603960396039604,0.08452453849668534,1.0,-0.0,0,0
335,0.0,0.039603960396039604,0.08452453849668534,1.0,-0.0,0,0
336,0.0,0.025742574257425745,0.07264925278354115,1.0,-0.0,0,0
337,0.0,0.025742574257425745,0.07264925278354115,1.0,-0.0,0,0
338,0.0,0.009900990099009901,0.0517131281473291,1.0,-0.0,0,0
339,0.0,0.0,0.0,1.0,-0.0,0,0
340,0.0,0.0,0.0,1.0,-0.0,0,0
341,0.0,0.0,0.0,1.0,-0.0,0,0
342,0.0,0.0,0.0,1.0,-0.0,0,0
343,0.0,0.0,0.0,1.0,-0.0,0,0
344,0.0,0.0,0.0,1.0,-0.0,0,0
345,0.0,0.0,0.0,1.0,-0.0,0,0
346,0.0,0.0,0.0,1.0,-0.0,0,0
347,0.0,0.0,0.0,1.0,-0.0,0,0
348,0.0,0.0,0.0,1.0,-0.0,0,0
349,0.0,0.0,0.0,1.0,-0.0,0,0
350,0.0,0.0,0.0,1.0,-0.0,0,0
351,0.0,0.0,0.0,1.0,-0.0,0,0
352,0.0,0.0,0.0,1.0,-0.0,0,0
353,0.0,0.0,0.0,1.0,-0.0,0,0
354,0.0,0.009900990099009901,0.04338396495090425,1.0,-0.0,0,0
355,0.0,0.01386138613861386,0.05079507064705211,1.0,-0.0,0,0
356,0.0,0.01386138613861386,0.05079507064705211,1.0,-0.0,0,0
357,0.0,0.04950495049504951,0.10304643034659554,1.0,-0.0,0,0
358,0.0,0.04950495049504951,0.10304643034659554,1.0,-0.0,0,0
359,0.0,0.039603960396039604,0.09342674148186496,1.0,-0.0,0,0
360,0.0,0.03564356435643565,0.09074407316744237,1.0,-0.0,0,0
361,0.0,0.03564356435643565,0.09074407316744237,1.0,-0.0,0,0
362,0.0,0.0,0.0,1.0,-0.0,0,0
363,0.0,0.0,0.0,1.0,-0.0,0,0
364,0.0,0.0059405940594059415,0.03395332316729158,1.0,-0.0,0,0
365,0.0,0.0297029702970297,0.07112192077650681,1.0,-0.0,0,0
366,0.0,0.039603960396039604,0.07970143286137865,1.0,-0.0,0,0
367,0.0,0.041584158415841586,0.08116396646304633,1.0,-0.0,0,0
368,0.0,0.05346534653465346,0.09287951999650357,1.0,-0.0,0,0
369,0.0,0.05544554455445545,0.09797478714338996,1.0,-0.0,0,0
370,0.0,0.031683168316831684,0.07826167463512676,1.0,-0.0,0,0
371,0.0,0.033663366336633666,0.08475617647141663,1.0,-0.0,0,0
372,0.0,0.03168316831683169,0.08316831683168317,1.0,-0.0,0,0
373,0.0,0.019801980198019802,0.059735061897023205,1.0,-0.0,0,0
374,0.0,0.011881188118811883,0.047276579747775535,1.0,-0.0,0,0
375,0.0,0.011881188118811883,0.047276579747775535,1.0,-0.0,0,0
376,0.0,0.0,0.0,1.0,-0.0,0,0
377,0.0,0.0,0.0,1.0,-0.0,0,0
378,0.0,0.0,0.0,1.0,-0.0,0,0
379,0.0,0.0,0.0,1.0,-0.0,0,0
380,0.0,0.0,0.0,1.0,-0.0,0,0
381,0.0,0.0,0.0,1.0,-0.0,0,0
382,0.0,0.0,0.0,1.0,-0.0,0,0
383,0.0,0.0,0.0,1.0,-0.0,0,0
384,0.0,0.0039603960396039604,0.02786385599895107,1.0,-0.0,0,0
385,0.0,0.015841584158415842,0.05401260078014202,1.0,-0.0,0,0
386,0.0,0.015841584158415842,0.05401260078014202,1.0,-0.0,0,0
387,0.0,0.031683168316831684,0.07826167463512675,1.0,-0.0,0,0
388,0.0,0.06336633663366337,0.10120342446875752,1.0,-0.0,0,0
389,0.2,0.09108910891089109,0.13057300215314485,0.20211242547219427,0.6944069860981138,0,0
390,0.2,0.08712871287128712,0.13324834725751067,0.19847677780780137,0.7022902992782225,0,0
391,0.2,0.08712871287128712,0.13324834725751067,0.19847677780780137,0.7022902992782225,0,0
392,0.2,0.0712871287128713,0.12132652421418132,0.14437224170003415,0.840516300086017,0,0
393,0.4,0.04752475247524753,0.10205226714237724,0.00027630200784631564,3.558615959117484,0,0
394,0.2,0.015841584158415842,0.05401260078014202,0.00032535620257014524,3.4876409094885674,0,0
395,0.2,0.0297029702970297,0.07112192077650681,0.008322928729312118,2.079723824290396,0,0
396,0.2,0.0297029702970297,0.07112192077650681,0.008322928729312118,2.079723824290396,0,0
397,0.2,0.0297029702970297,0.07112192077650681,0.008322928729312118,2.079723824290396,0,0
398,0.0,0.041584158415841586,0.08590499787518362,1.0,-0.0,0,0
399,0.0,0.07722772277227724,0.11593886073904516,1.0,-0.0,0,0
400,0.0,0.05544554455445545,0.1019369320889802,1.0,-0.0,0,0
401,0.0,0.057425742574257435,0.10656335878870264,1.0,-0.0,0,0
402,0.0,0.057425742574257435,0.10656335878870264,1.0,-0.0,0,0
403,0.0,0.04554455445544554,0.08846854615322249,1.0,-0.0,0,0
404,0.0,0.009900990099009901,0.043383964950904234,1.0,-0.0,0,0
405,0.0,0.009900990099009901,0.043383964950904234,1.0,-0.0,0,0
406,0.0,0.007920792079207921,0.03900537743285587,1.0,-0.0,0,0
407,0.0,0.007920792079207921,0.03900537743285587,1.0,-0.0,0,0
408,0.0,0.0,0.0,1.0,-0.0,0,0
409,0.0,0.0,0.0,1.0,-0.0,0,0
410,0.0,0.0,0.0,1.0,-0.0,0,0
411,0.0,0.0,0.0,1.0,-0.0,0,0
412,0.0,0.0059405940594059415,0.03395332316729158,1.0,-0.0,0,0
413,0.0,0.0059405940594059415,0.03395332316729158,1.0,-0.0,0,0
414,0.0,0.021782178217821784,0.06836703565002801,1.0,-0.0,0,0
415,0.0,0.033663366336633666,0.08930671115865095,1.0,-0.0,0,0
416,0.0,0.033663366336633666,0.08930671115865095,1.0,-0.0,0,0
417,0.0,0.057425742574257435,0.11021718851545144,1.0,-0.0,0,0
418,0.0,0.057425742574257435,0.11021718851545144,1.0,-0.0,0,0
419,0.0,0.04158415841584158,0.08590499787518362,1.0,-0.0,0,0
420,0.0,0.041584158415841586,0.08590499787518362,1.0,-0.0,0,0
421,0.2,0.06930693069306931,0.11409790329416186,0.12601207675801535,0.8995878309298326,0,0
422,0.2,0.03960396039603961,0.08908690597387718,0.0358952311958159,1.4449632450960652,0,0
423,0.2,0.03960396039603961,0.08908690597387718,0.0358952311958159,1.4449632450960652,0,0
424,0.2,0.03960396039603961,0.08908690597387718,0.0358952311958159,1.4449632450960652,0,0
425,0.2,0.027722772277227727,0.07461957893630405,0.010478998804251368,1.9796802091996202,0,0
426,0.0,0.0,0.0,1.0,-0.0,0,0
427,0.0,0.0,0.0,1.0,-0.0,0,0
428,0.0,0.0,0.0,1.0,-0.0,0,0
429,0.0,0.0,0.0,1.0,-0.0,0,0
430,0.0,0.0,0.0,1.0,-0.0,0,0
431,0.0,0.0,0.0,1.0,-0.0,0,0
432,0.0,0.0,0.0,1.0,-0.0,0,0
433,0.0,0.007920792079207921,0.03900537743285587,1.0,-0.0,0,0
434,0.0,0.023762376237623766,0.07056843438101174,1.0,-0.0,0,0
435,0.0,0.023762376237623766,0.07056843438101174,1.0,-0.0,0,0
436,0.0,0.051485148514851496,0.10773441987117183,1.0,-0.0,0,0
437,0.0,0.08712871287128712,0.14188502271424047,1.0,-0.0,0,0
438,0.0,0.07920792079207921,0.1322440226302099,1.0,-0.0,0,0
439,0.0,0.06534653465346536,0.1197651526735639,1.0,-0.0,0,0
440,0.0,0.09504950495049505,0.13957235791450376,1.0,-0.0,0,0
441,0.0,0.09702970297029703,0.12778032320714203,1.0,-0.0,0,0
442,0.0,0.061386138613861385,0.09644194583672018,1.0,-0.0,0,0
443,0.0,0.11287128712871286,0.14188502271424044,1.0,-0.0,0,0
444,0.0,0.11089108910891088,0.1420507440353343,1.0,-0.0,0,0
445,0.0,0.09306930693069305,0.13948804962658473,1.0,-0.0,0,0
446,0.0,0.06336633663366337,0.10874875419996817,1.0,-0.0,0,0
447,0.0,0.08316831683168316,0.12670172889541695,1.0,-0.0,0,0
448,0.0,0.031683168316831684,0.08316831683168317,1.0,-0.0,0,0
449,0.0,0.031683168316831684,0.08316831683168317,1.0,-0.0,0,0
450,0.0,0.06930693069306931,0.11409790329416186,1.0,-0.0,0,0
451,0.0,0.06930693069306931,0.11409790329416186,1.0,-0.0,0,0
452,0.0,0.04950495049504951,0.09504950495049506,1.0,-0.0,0,0
453,0.0,0.04950495049504951,0.09504950495049506,1.0,-0.0,0,0
454,0.0,0.05742574257425742,0.11375371577303027,1.0,-0.0,0,0
455,0.0,0.04356435643564357,0.08721867542790195,1.0,-0.0,0,0
456,0.2,0.08514851485148513,0.12054836637801526,0.170360417514063,0.7686313042414474,0,0
457,0.2,0.08514851485148513,0.12054836637801526,0.170360417514063,0.7686313042414474,0,0
458,0.2,0.10297029702970295,0.12464241569787102,0.21814759659538469,0.6612495674175326,0,0
459,0.2,0.12277227722772276,0.1434243086117372,0.29513103292834175,0.5299851221810378,0,0
460,0.2,0.09900990099009899,0.1367914141716479,0.23017274996365777,0.6379460935686514,0,0
461,0.0,0.05742574257425742,0.11375371577303026,1.0,-0.0,0,0
462,0.0,0.07326732673267328,0.12177815335858849,1.0,-0.0,0,0
463,0.0,0.05544554455445545,0.1094316980566186,1.0,-0.0,0,0
464,0.0,0.02772277227722772,0.07975061610139514,1.0,-0.0,0,0
465,0.0,0.015841584158415842,0.06090517425437505,1.0,-0.0,0,0
466,0.0,0.015841584158415842,0.06090517425437505,1.0,-0.0,0,0
467,0.0,0.0,0.0,1.0,-0.0,0,0
468,0.0,0.0,0.0,1.0,-0.0,0,0
469,0.0,0.0,0.0,1.0,-0.0,0,0
470,0.0,0.0,0.0,1.0,-0.0,0,0
471,0.0,0.0,0.0,1.0,-0.0,0,0
472,0.0,0.0,0.0,1.0,-0.0,0,0
473,0.0,0.0,0.0,1.0,-0.0,0,0
474,0.0,0.007920792079207921,0.03900537743285587,1.0,-0.0,0,0
475,0.0,0.02772277227722772,0.07461957893630407,1.0,-0.0,0,0
476,0.0,0.039603960396039604,0.0890869059738772,1.0,-0.0,0,0
477,0.0,0.061386138613861385,0.10433219700847123,1.0,-0.0,0,0
478,0.0,0.06534653465346535,0.10571364605971598,1.0,-0.0,0,0
479,0.0,0.057425742574257435,0.09885135821266286,1.0,-0.0,0,0
480,0.0,0.09900990099009901,0.14246420394934617,1.0,-0.0,0,0
481,0.0,0.08712871287128714,0.13618810981425267,1.0,-0.0,0,0
482,0.0,0.08118811881188118,0.12642288870900886,1.0,-0.0,0,0
483,0.0,0.10297029702970295,0.14243667729389659,1.0,-0.0,0,0
484,0.0,0.1722772277227723,0.1802741651760957,1.0,-0.0,0,0
485,0.0,0.11683168316831684,0.15225649732072147,1.0,-0.0,0,0
486,0.2,0.1485148514851485,0.1749760161138576,0.38428680982864105,0.4153445219029317,0,0
487,0.2,0.17029702970297025,0.18322985319016175,0.4356105208557218,0.3609016397188168,0,0
488,0.2,0.14455445544554454,0.16439221845954266,0.3679544372390059,0.4342059554589668,0,0
489,0.2,0.08118811881188118,0.12951766673875514,0.17948195868240235,0.7459791996676151,0,0
490,0.2,0.10693069306930691,0.1504168634838253,0.268043001899248,0.5717955269061785,0,0
491,0.0,0.10891089108910891,0.14218869759220787,1.0,-0.0,0,0
492,0.0,0.0712871287128713,0.11801714396634724,1.0,-0.0,0,0
493,0.0,0.0712871287128713,0.11801714396634724,1.0,-0.0,0,0
494,0.0,0.06534653465346535,0.10939585993610405,1.0,-0.0,0,0
495,0.2,0.06336633663366337,0.10120342446875752,0.08849366552547523,1.0530878154692966,0,0
496,0.2,0.08514851485148513,0.12379009590564582,0.17675768599419256,0.7526216925958916,0,0
497,0.4,0.09504950495049502,0.1367053908443026,0.012850072368926716,1.8910944264698826,0,0
498,0.4,0.09504950495049502,0.1367053908443026,0.012850072368926716,1.8910944264698826,0,0
499,0.4,0.09504950495049502,0.1367053908443026,0.012850072368926716,1.8910944264698826,0,0
500,0.2,0.06336633663366337,0.1158034971660471,0.11902494631501422,0.9243620057374958,0,0
501,0.2,0.009900990099009901,0.04338396495090423,5.885669548817432e-06,5.230204125035224,0,0
502,0.0,0.0,0.0,1.0,-0.0,0,0
503,0.0,0.0,0.0,1.0,-0.0,0,0
504,0.0,0.03762376237623763,0.07816140339006158,1.0,-0.0,0,0
505,0.2,0.07524752475247524,0.10845991237726064,0.12502717670865515,0.9029955756978829,0,0
506,0.2,0.08316831683168317,0.11351216354824961,0.15168257774907984,0.8190642993843816,0,0
507,0.4,0.10297029702970298,0.1338356059304222,0.013231041946804124,1.87840595370144,0,0
508,0.4,0.11485148514851484,0.1416914361980065,0.02208567245422131,1.6558893730090944,0,0
509,0.4,0.07722772277227723,0.11593886073904514,0.002684759588187431,2.5710945979339663,0,0
510,0.2,0.039603960396039604,0.0890869059738772,0.03589523119581593,1.4449632450960648,0,0
511,0.2,0.031683168316831684,0.0730260947112308,0.01058647624307391,1.9752485727397298,0,0
512,0.0,0.011881188118811883,0.047276579747775535,1.0,-0.0,0,0
513,0.0,0.0,0.0,1.0,-0.0,0,0
514,0.0,0.0,0.0,1.0,-0.0,0,0
515,0.0,0.0,0.0,1.0,-0.0,0,0
516,0.0,0.0,0.0,1.0,-0.0,0,0
517,0.0,0.015841584158415842,0.06090517425437506,1.0,-0.0,0,0
518,0.2,0.0297029702970297,0.07648795214189293,0.012991839772286904,1.8863293442020952,0,0
519,0.2,0.0297029702970297,0.07648795214189293,0.012991839772286904,1.8863293442020952,0,0
520,0.4,0.05742574257425742,0.11021718851545144,0.0009412343369528337,3.026302237810157,0,0
521,0.4,0.05742574257425742,0.11021718851545144,0.0009412343369528337,3.026302237810157,0,0
522,1.0,0.07524752475247524,0.13156027914354926,1.0392399723116458e-12,11.983284157334838,0,0
523,0.8,0.06336633663366337,0.11580349716604711,1.0017931332175873e-10,9.999221949504092,0,0
524,1.2,0.11287128712871287,0.15264231556912292,5.316138987228209e-13,12.27440367321516,0,0
525,1.0,0.08514851485148514,0.13304219431477882,3.069186759511422e-12,11.51297668401605,0,0
526,1.2,0.10693069306930691,0.15041686348382532,1.8388019779913203e-13,12.735465037752784,0,0
527,0.6,0.08514851485148514,0.13304219431477882,5.445427475832252e-05,4.263968021673503,0,0
528,0.6,0.08316831683168317,0.12670172889541698,2.260315208636433e-05,4.645830992788048,0,0
529,0.2,0.033663366336633666,0.07994704648786674,0.018735949469970602,1.7273242935431963,0,0
530,0.2,0.033663366336633666,0.07994704648786674,0.018735949469970602,1.7273242935431963,0,0
531,0.0,0.011881188118811883,0.047276579747775535,1.0,-0.0,0,0
532,0.0,0.0,0.0,1.0,-0.0,0,0
533,1.0,0.08316831683168316,0.11694909354640316,2.270293508837524e-15,14.643917992574098,0,0
534,1.2,0.10297029702970292,0.13383560593042215,1.3338926744970417e-16,15.874879112510037,0,0
535,1.6,0.1168316831683168,0.14696218071508493,1.000000299139056e-17,16.999999870085578,0,0
536,1.6,0.1168316831683168,0.14696218071508493,1.000000299139056e-17,16.999999870085578,0,0
537,1.8,0.1267326732673267,0.1658408452769117,1.0000003071051957e-17,16.999999866625927,0,0
538,1.0,0.07722772277227724,0.13488622864100122,3.9289517953506306e-12,11.405723299552065,0,0
539,0.8,0.05742574257425742,0.11375371577303026,3.3346417578113415e-11,10.476950815709225,0,0
540,0.4,0.04356435643564357,0.09587103712404124,0.00010045649966109397,3.998021958610833,0,0
541,0.4,0.04356435643564357,0.09587103712404124,0.00010045649966109397,3.998021958610833,0,0
542,0.2,0.033663366336633666,0.08475617647141663,0.024850340762334614,1.6046676515911364,0,0
543,0.0,0.0,0.0,1.0,-0.0,0,0
544,0.0,0.0,0.0,1.0,-0.0,0,0
545,0.0,0.011881188118811883,0.047276579747775535,1.0,-0.0,0,0
546,0.2,0.10099009900990098,0.13965661530697393,0.2391769893682687,0.6212806050811618,0,0
547,0.2,0.1485148514851485,0.1703891070439521,0.3812642067119665,0.41877396461129573,0,0
548,0.2,0.16633663366336635,0.17591471140208167,0.4241210496637127,0.37251017242136975,0,0
549,0.2,0.16633663366336635,0.17591471140208167,0.4241210496637127,0.37251017242136975,0,0
550,0.2,0.17029702970297028,0.17662655937408128,0.4332254792677098,0.36328600915667697,0,0
551,0.0,0.08118811881188118,0.11664694237642095,1.0,-0.0,0,0
552,0.0,0.039603960396039604,0.07970143286137867,1.0,-0.0,0,0
553,0.0,0.03564356435643565,0.07653920035678292,1.0,-0.0,0,0
554,0.0,0.08316831683168316,0.12670172889541695,1.0,-0.0,0,0
555,0.0,0.0891089108910891,0.13042276277287215,1.0,-0.0,0,0
556,0.0,0.08712871287128712,0.12401163019288061,1.0,-0.0,0,0
557,0.0,0.08316831683168316,0.12353642740976016,1.0,-0.0,0,0
558,0.0,0.08712871287128712,0.127165103825761,1.0,-0.0,0,0
559,0.0,0.039603960396039604,0.07970143286137865,1.0,-0.0,0,0
560,0.2,0.08118811881188118,0.12951766673875514,0.17948195868240235,0.7459791996676151,0,0
561,0.2,0.09504950495049505,0.13957235791450376,0.22604258799392601,0.6458097290460244,0,0
562,0.2,0.09504950495049505,0.13957235791450376,0.22604258799392601,0.6458097290460244,0,0
563,0.2,0.07722772277227723,0.11930590361498672,0.15172703225002876,0.8189370368062708,0,0
564,0.2,0.07722772277227723,0.11930590361498672,0.15172703225002876,0.8189370368062708,0,0
565,0.4,0.14059405940594058,0.15554326246855826,0.04768353513207034,1.32163155462188,0,0
566,0.4,0.12475247524752475,0.15376846462033406,0.036725924312143894,1.4350272651466338,0,0
567,0.4,0.12475247524752475,0.15376846462033406,0.036725924312143894,1.4350272651466338,0,0
568,0.4,0.12475247524752475,0.15376846462033406,0.036725924312143894,1.4350272651466338,0,0
569,0.4,0.12475247524752475,0.15376846462033406,0.036725924312143894,1.4350272651466338,0,0
570,0.0,0.0,0.0,1.0,-0.0,0,0
571,0.0,0.0,0.0,1.0,-0.0,0,0
572,0.0,0.0,0.0,1.0,-0.0,0,0
573,0.0,0.0,0.0,1.0,-0.0,0,0
574,0.0,0.0,0.0,1.0,-0.0,0,0
575,0.0,0.0,0.0,1.0,-0.0,0,0
576,0.0,0.0,0.0,1.0,-0.0,0,0
577,0.0,0.0019801980198019802,0.0198019801980198,1.0,-0.0,0,0
578,0.0,0.0019801980198019802,0.0198019801980198,1.0,-0.0,0,0
579,0.0,0.0019801980198019802,0.0198019801980198,1.0,-0.0,0,0
580,0.0,0.023762376237623766,0.06471340450838889,1.0,-0.0,0,0
581,0.0,0.023762376237623766,0.06471340450838889,1.0,-0.0,0,0
582,0.0,0.021782178217821784,0.06230547612891991,1.0,-0.0,0,0
583,0.0,0.03762376237623763,0.07816140339006158,1.0,-0.0,0,0
584,0.0,0.03762376237623763,0.07816140339006158,1.0,-0.0,0,0
585,0.0,0.049504950495049514,0.09078727434730813,1.0,-0.0,0,0
586,0.0,0.19603960396039602,0.2105724362464704,1.0,-0.0,0,0
587,0.0,0.19603960396039602,0.2105724362464704,1.0,-0.0,0,0
588,0.0,0.1801980198019802,0.20777930122098495,1.0,-0.0,0,0
589,0.0,0.1801980198019802,0.20777930122098495,1.0,-0.0,0,0
590,0.0,0.20792079207920788,0.22676509777231907,1.0,-0.0,0,0
591,0.0,0.061386138613861385,0.10433219700847123,1.0,-0.0,0,0
592,0.0,0.061386138613861385,0.10433219700847123,1.0,-0.0,0,0
593,0.0,0.061386138613861385,0.10433219700847123,1.0,-0.0,0,0
594,0.0,0.061386138613861385,0.10433219700847123,1.0,-0.0,0,0
595,0.0,0.0,0.0,1.0,-0.0,0,0
596,0.0,0.0,0.0,1.0,-0.0,0,0
597,0.0,0.0,0.0,1.0,-0.0,0,0
598,0.0,0.07326732673267328,0.11509022642946842,1.0,-0.0,0,0
599,0.0,0.07326732673267328,0.11509022642946842,1.0,-0.0,0,0
600,0.0,0.10693069306930694,0.13661931335176508,1.0,-0.0,0,0
601,0.0,0.10693069306930694,0.13661931335176508,1.0,-0.0,0,0
602,0.0,0.10693069306930694,0.13661931335176508,1.0,-0.0,0,0
603,0.0,0.19603960396039602,0.18875348902641545,1.0,-0.0,0,0
604,0.0,0.19603960396039602,0.18875348902641545,1.0,-0.0,0,0
605,0.0,0.16237623762376235,0.17052712983454243,1.0,-0.0,0,0
606,0.0,0.16237623762376235,0.17052712983454243,1.0,-0.0,0,0
607,0.0,0.16237623762376235,0.17052712983454243,1.0,-0.0,0,0
608,0.0,0.0,0.0,1.0,-0.0,0,0
609,0.0,0.0,0.0,1.0,-0.0,0,0
610,0.0,0.0,0.0,1.0,-0.0,0,0
611,0.0,0.0,0.0,1.0,-0.0,0,0
612,0.0,0.0,0.0,1.0,-0.0,0,0
613,0.0,0.0,0.0,1.0,-0.0,0,0
614,0.0,0.0,0.0,1.0,-0.0,0,0
615,0.0,0.0,0.0,1.0,-0.0,0,0
616,0.0,0.0,0.0,1.0,-0.0,0,0
617,0.0,0.057425742574257435,0.10277971700879983,1.0,-0.0,0,0
618,0.0,0.057425742574257435,0.10277971700879983,1.0,-0.0,0,0
619,0.0,0.057425742574257435,0.10277971700879983,1.0,-0.0,0,0
620,0.0,0.057425742574257435,0.10277971700879983,1.0,-0.0,0,0
621,0.0,0.09504950495049502,0.13670539084430264,1.0,-0.0,0,0
622,0.0,0.03762376237623763,0.08307396817189319,1.0,-0.0,0,0
623,0.0,0.03762376237623763,0.08307396817189319,1.0,-0.0,0,0
624,0.0,0.03762376237623763,0.08307396817189319,1.0,-0.0,0,0
625,0.0,0.03762376237623763,0.08307396817189319,1.0,-0.0,0,0
626,0.0,0.039603960396039604,0.08452453849668534,1.0,-0.0,0,0
627,0.0,0.039603960396039604,0.08452453849668534,1.0,-0.0,0,0
628,0.0,0.039603960396039604,0.08452453849668534,1.0,-0.0,0,0
629,0.0,0.039603960396039604,0.08452453849668534,1.0,-0.0,0,0
630,0.0,0.06336633663366337,0.10874875419996817,1.0,-0.0,0,0
631,0.0,0.03762376237623762,0.08307396817189318,1.0,-0.0,0,0
632,0.0,0.03762376237623762,0.08307396817189318,1.0,-0.0,0,0
633,0.0,0.03762376237623762,0.08307396817189318,1.0,-0.0,0,0
634,0.0,0.03762376237623762,0.08307396817189318,1.0,-0.0,0,0
635,0.0,0.023762376237623766,0.07056843438101175,1.0,-0.0,0,0
636,0.0,0.009900990099009901,0.04338396495090424,1.0,-0.0,0,0
637,0.0,0.009900990099009901,0.04338396495090424,1.0,-0.0,0,0
638,0.2,0.04554455445544555,0.08387254884969257,0.03277054107653563,1.4845163878939818,0,0
639,0.2,0.057425742574257435,0.09885135821266286,0.07460753442729876,1.127217312004932,0,0
640,0.2,0.04752475247524753,0.08965727859541997,0.044504787234598886,1.3515932708674616,0,0
641,0.2,0.04752475247524753,0.08965727859541997,0.044504787234598886,1.3515932708674616,0,0
642,0.2,0.04950495049504951,0.09078727434730813,0.0486923704021295,1.312539082970909,0,0
643,0.0,0.01386138613861386,0.05079507064705211,1.0,-0.0,0,0
644,0.0,0.0019801980198019802,0.0198019801980198,1.0,-0.0,0,0
645,0.0,0.08316831683168316,0.12353642740976017,1.0,-0.0,0,0
646,0.0,0.0891089108910891,0.12734998170941406,1.0,-0.0,0,0
647,0.0,0.23366336633663365,0.2030837644683788,1.0,-0.0,0,0
648,0.0,0.23366336633663365,0.2030837644683788,1.0,-0.0,0,0
649,0.0,0.23366336633663365,0.2030837644683788,1.0,-0.0,0,0
650,0.0,0.15247524752475247,0.16203780234042603,1.0,-0.0,0,0
651,0.0,0.17029702970297028,0.17662655937408128,1.0,-0.0,0,0
652,0.0,0.023762376237623766,0.06471340450838889,1.0,-0.0,0,0
653,0.0,0.023762376237623766,0.06471340450838889,1.0,-0.0,0,0
654,0.0,0.023762376237623766,0.06471340450838889,1.0,-0.0,0,0
655,0.0,0.023762376237623766,0.06471340450838889,1.0,-0.0,0,0
656,0.0,0.05148514851485149,0.09186070102766893,1.0,-0.0,0,0
657,0.0,0.05148514851485149,0.09186070102766893,1.0,-0.0,0,0
658,0.0,0.05148514851485149,0.09186070102766893,1.0,-0.0,0,0
659,0.0,0.05148514851485149,0.09186070102766893,1.0,-0.0,0,0
660,0.0,0.24752475247524752,0.22187056230383048,1.0,-0.0,0,0
661,0.0,0.19603960396039602,0.20094863738570085,1.0,-0.0,0,0
662,0.0,0.2138613861386138,0.19951907671778216,1.0,-0.0,0,0
663,0.0,0.2138613861386138,0.19951907671778216,1.0,-0.0,0,0
664,0.0,0.2138613861386138,0.19951907671778216,1.0,-0.0,0,0
665,0.0,0.017821782178217824,0.05698017651460656,1.0,-0.0,0,0
666,0.0,0.017821782178217824,0.05698017651460656,1.0,-0.0,0,0
667,0.0,0.0,0.0,1.0,-0.0,0,0
668,0.0,0.0,0.0,1.0,-0.0,0,0
669,0.0,0.0,0.0,1.0,-0.0,0,0
670,0.0,0.02772277227722772,0.06910862719451544,1.0,-0.0,0,0
671,0.0,0.02772277227722772,0.06910862719451544,1.0,-0.0,0,0
672,0.0,0.02772277227722772,0.06910862719451544,1.0,-0.0,0,0
673,0.0,0.06732673267326733,0.09861306612268303,1.0,-0.0,0,0
674,0.0,0.06732673267326733,0.09861306612268303,1.0,-0.0,0,0
675,0.0,0.039603960396039604,0.07970143286137865,1.0,-0.0,0,0
676,0.0,0.039603960396039604,0.07970143286137865,1.0,-0.0,0,0
677,0.0,0.039603960396039604,0.07970143286137865,1.0,-0.0,0,0
678,0.0,0.0,0.0,1.0,-0.0,0,0
679,0.0,0.0,0.0,1.0,-0.0,0,0
680,0.0,0.0,0.0,1.0,-0.0,0,0
681,0.0,0.0,0.0,1.0,-0.0,0,0
682,0.0,0.0,0.0,1.0,-0.0,0,0
683,0.2,0.12673267326732673,0.16343532896604632,0.32696996462567296,0.4854921396835428,0,0
684,0.2,0.12673267326732673,0.16343532896604632,0.32696996462567296,0.4854921396835428,0,0
685,0.2,0.12673267326732673,0.16343532896604632,0.32696996462567296,0.4854921396835428,0,0
686,0.2,0.1306930693069307,0.16753458295712845,0.3395515615061936,0.46909426798927223,0,0
687,0.2,0.1306930693069307,0.16753458295712845,0.3395515615061936,0.46909426798927223,0,0
688,0.0,0.0039603960396039604,0.027863855998951068,1.0,-0.0,0,0
689,0.0,0.0039603960396039604,0.027863855998951068,1.0,-0.0,0,0
690,0.0,0.07920792079207921,0.11285391563386143,1.0,-0.0,0,0
691,0.0,0.07524752475247526,0.10845991237726064,1.0,-0.0,0,0
692,0.0,0.07524752475247526,0.10845991237726064,1.0,-0.0,0,0
693,0.0,0.07524752475247526,0.10845991237726064,1.0,-0.0,0,0
694,0.0,0.08712871287128712,0.11745095149573798,1.0,-0.0,0,0
695,0.0,0.011881188118811883,0.04727657974777554,1.0,-0.0,0,0
696,0.0,0.011881188118811883,0.04727657974777554,1.0,-0.0,0,0
697,0.0,0.06534653465346535,0.09793475658517416,1.0,-0.0,0,0
698,0.0,0.06534653465346535,0.09793475658517416,1.0,-0.0,0,0
699,0.0,0.06336633663366337,0.10120342446875755,1.0,-0.0,0,0
700,0.0,0.06336633663366337,0.10120342446875755,1.0,-0.0,0,0
701,0.0,0.06336633663366337,0.10120342446875755,1.0,-0.0,0,0
702,0.0,0.009900990099009901,0.04338396495090425,1.0,-0.0,0,0
703,0.0,0.03762376237623763,0.07816140339006158,1.0,-0.0,0,0
704,0.0,0.02772277227722772,0.06910862719451544,1.0,-0.0,0,0
705,0.0,0.02772277227722772,0.06910862719451544,1.0,-0.0,0,0
706,0.0,0.02772277227722772,0.06910862719451544,1.0,-0.0,0,0
707,0.0,0.02772277227722772,0.06910862719451544,1.0,-0.0,0,0
708,0.0,0.0,0.0,1.0,-0.0,0,0
709,0.0,0.08316831683168316,0.12028786177019754,1.0,-0.0,0,0
710,0.0,0.11287128712871286,0.1390657415135005,1.0,-0.0,0,0
711,0.0,0.11287128712871286,0.1390657415135005,1.0,-0.0,0,0
712,0.0,0.11287128712871286,0.1390657415135005,1.0,-0.0,0,0
713,0.0,0.11287128712871286,0.1390657415135005,1.0,-0.0,0,0
714,0.0,0.05148514851485149,0.09607532254026299,1.0,-0.0,0,0
715,0.0,0.02970297029702971,0.07648795214189294,1.0,-0.0,0,0
716,0.0,0.02970297029702971,0.07648795214189294,1.0,-0.0,0,0
717,0.0,0.04158415841584159,0.08590499787518362,1.0,-0.0,0,0
718,0.0,0.04158415841584159,0.08590499787518362,1.0,-0.0,0,0
719,0.0,0.027722772277227727,0.06910862719451544,1.0,-0.0,0,0
720,0.0,0.019801980198019802,0.0597350618970232,1.0,-0.0,0,0
721,0.0,0.019801980198019802,0.0597350618970232,1.0,-0.0,0,0
722,0.0,0.007920792079207921,0.03900537743285587,1.0,-0.0,0,0
723,0.0,0.007920792079207921,0.03900537743285587,1.0,-0.0,0,0
724,0.0,0.18019801980198016,0.21342088848011848,1.0,-0.0,0,0
725,0.0,0.30891089108910896,0.2677737370203057,1.0,-0.0,0,0
726,0.0,0.4217821782178218,0.28549209224055405,1.0,-0.0,0,0
727,0.0,0.4217821782178218,0.28549209224055405,1.0,-0.0,0,0
728,0.0,0.46534653465346526,0.3006381475383955,1.0,-0.0,0,0
729,0.0,0.4118811881188118,0.25766934399387126,1.0,-0.0,0,0
730,0.0,0.28118811881188116,0.2201317658001291,1.0,-0.0,0,0
731,0.0,0.17029702970297028,0.17436990069505995,1.0,-0.0,0,0
732,0.0,0.17029702970297028,0.17436990069505995,1.0,-0.0,0,0
733,0.0,0.12475247524752475,0.14583724862987696,1.0,-0.0,0,0
734,0.0,0.0,0.0,1.0,-0.0,0,0
735,0.0,0.0,0.0,1.0,-0.0,0,0
736,0.0,0.0,0.0,1.0,-0.0,0,0
737,0.0,0.0,0.0,1.0,-0.0,0,0
738,0.0,0.0,0.0,1.0,-0.0,0,0
739,0.0,0.0,0.0,1.0,-0.0,0,0
740,0.2,0.09504950495049505,0.14513649268759365,0.23480436296361806,0.6292938376057691,0,0
741,0.4,0.1504950495049505,0.16981280455064035,0.07087651927321512,1.1494976186824293,0,0
742,0.6,0.2059405940594059,0.1979207673143487,0.023240677416941437,1.633751217325083,0,0
743,1.2,0.2574257425742574,0.22574257425742572,1.4870623587418485e-05,4.827670819312852,0,0
744,1.4,0.3722772277227723,0.2729083594354343,8.300287957907738e-05,4.080906840592477,0,0
745,1.6,0.33267326732673275,0.24418338786479019,1.0511247374029441e-07,6.978345743009525,0,0
746,1.4,0.27722772277227725,0.21975737661790232,1.6181006055597448e-07,6.790994479583372,0,0
747,1.2,0.22178217821782176,0.1968081743835003,3.3405293559609823e-07,6.476184707393038,0,0
748,0.6,0.18415841584158413,0.18387074305594647,0.011861146128658615,1.9258733435769537,0,0
749,0.4,0.06930693069306931,0.11409790329416186,0.001875794216145872,2.726814807585068,0,0
750,0.0,0.01386138613861386,0.05079507064705211,1.0,-0.0,0,0
751,0.0,0.01386138613861386,0.05079507064705211,1.0,-0.0,0,0
752,0.0,0.01386138613861386,0.05079507064705211,1.0,-0.0,0,0
753,0.0,0.0,0.0,1.0,-0.0,0,0
754,0.0,0.0059405940594059415,0.033953323167291584,1.0,-0.0,0,0
755,0.0,0.0059405940594059415,0.033953323167291584,1.0,-0.0,0,0
756,0.0,0.011881188118811883,0.04727657974777555,1.0,-0.0,0,0
757,0.2,0.02772277227722773,0.06910862719451544,0.0063361735559086295,2.1981729353735644,0,0
758,0.2,0.02772277227722773,0.06910862719451544,0.0063361735559086295,2.1981729353735644,0,0
759,0.2,0.033663366336633666,0.07482947971362848,0.013112090674369045,1.882328056139665,0,0
760,0.2,0.033663366336633666,0.07482947971362848,0.013112090674369045,1.882328056139665,0,0
761,0.2,0.04356435643564357,0.08721867542790196,0.03643831012751651,1.4384417721851057,0,0
762,0.0,0.02772277227722772,0.07461957893630407,1.0,-0.0,0,0
763,0.2,0.08316831683168317,0.13280619910579972,0.18950670213184595,0.7223754260789859,0,0
764,0.2,0.07524752475247524,0.1345369326848557,0.17689238516356942,0.7522908621305411,0,0
765,0.2,0.09900990099009901,0.15057319492752774,0.2512044409654827,0.5999726871093836,0,0
766,0.4,0.12475247524752475,0.16614793634378636,0.04879601379671474,1.311615654571058,0,0
767,0.6,0.1900990099009901,0.18748198619476633,0.01439505316506832,1.8417867268086041,0,0
768,0.4,0.16831683168316827,0.1751552030692751,0.09296247140910464,1.0316923390730492,0,0
769,0.4,0.16435643564356434,0.17210643633774864,0.08547253050675453,1.068173438092441,0,0
770,0.4,0.13861386138613863,0.17059609935397896,0.06273741540313647,1.2024733769241651,0,0
771,0.2,0.09702970297029702,0.13084299831035082,0.21564796322227764,0.6662546393752193,0,0
772,0.0,0.033663366336633666,0.07994704648786674,1.0,-0.0,0,0
773,0.0,0.0,0.0,1.0,-0.0,0,0
774,0.0,0.04554455445544555,0.09283729243351321,1.0,-0.0,0,0
775,0.0,0.04554455445544555,0.09283729243351321,1.0,-0.0,0,0
776,0.0,0.20396039603960395,0.19896802672602726,1.0,-0.0,0,0
777,0.0,0.20396039603960395,0.19896802672602726,1.0,-0.0,0,0
778,0.0,0.20396039603960395,0.19896802672602726,1.0,-0.0,0,0
779,0.0,0.1643564356435643,0.17210643633774864,1.0,-0.0,0,0
780,0.0,0.16633663366336632,0.1781518029535443,1.0,-0.0,0,0
781,0.0,0.007920792079207921,0.03900537743285587,1.0,-0.0,0,0
782,0.0,0.007920792079207921,0.03900537743285587,1.0,-0.0,0,0
783,0.0,0.027722772277227727,0.07461957893630407,1.0,-0.0,0,0
784,0.0,0.02772277227722773,0.06910862719451544,1.0,-0.0,0,0
785,0.0,0.10693069306930691,0.13368903310588712,1.0,-0.0,0,0
786,0.2,0.1584158415841584,0.1599921574393993,0.39746516006351823,0.400700933561704,0,0
787,0.2,0.20198019801980194,0.18129359046727286,1.0,-0.0,0,0
788,0.2,0.18217821782178212,0.18476425418501982,0.4615788623084004,0.33575408761882025,0,0
789,0.4,0.2376237623762376,0.20817523328239884,0.2176960657612188,0.6621494195286451,0,0
790,0.4,0.18811881188118812,0.19051110448801098,0.1330320209024139,0.8760438114581981,0,0
791,0.6,0.20396039603960398,0.19084013945594866,0.018982024074877986,1.7216574801235818,0,0
792,0.6,0.1603960396039604,0.1712384753198294,0.005126125834743701,2.290210737078022,0,0
793,0.6,0.1603960396039604,0.1712384753198294,0.005126125834743701,2.290210737078022,0,0
794,0.4,0.1603960396039604,0.17353585980361697,0.08368295297265761,1.0773630029856123,0,0
795,0.6,0.20792079207920786,0.21233411384966638,0.032408362227417165,1.489342915699273,0,0
796,0.2,0.14158415841584157,0.16960485628010974,0.3652640346982198,0.4373930879880765,0,0
797,0.2,0.14158415841584157,0.16960485628010974,0.3652640346982198,0.4373930879880765,0,0
798,0.2,0.14158415841584157,0.16960485628010974,0.3652640346982198,0.4373930879880765,0,0
799,0.2,0.0891089108910891,0.12734998170941406,0.19194299301932338,0.716827737407409,0,0
800,0.0,0.05346534653465347,0.09704990696905227,1.0,-0.0,0,0
801,0.0,0.1881188118811881,0.1841690617597849,1.0,-0.0,0,0
802,0.0,0.1881188118811881,0.1841690617597849,1.0,-0.0,0,0
803,0.0,0.1881188118811881,0.1841690617597849,1.0,-0.0,0,0
804,0.0,0.1782178217821782,0.17999117711932416,1.0,-0.0,0,0
805,0.0,0.1346534653465346,0.1594766462708981,1.0,-0.0,0,0
806,0.0,0.0,0.0,1.0,-0.0,0,0
807,0.0,0.015841584158415842,0.06090517425437506,1.0,-0.0,0,0
808,0.4,0.11287128712871286,0.13324834725751067,0.015587224200194134,1.8072312178369594,0,0
809,0.4,0.15247524752475244,0.1519471373722842,0.05165451324713222,1.286891726560763,0,0
810,0.4,0.15247524752475244,0.1519471373722842,0.05165451324713222,1.286891726560763,0,0
811,2.4,0.4217821782178218,0.2756105590800967,3.5478142857328887e-13,12.450039121870851,0,0
812,2.4,0.405940594059406,0.2646955217664467,2.472639065996653e-14,13.606839273483441,0,0
813,2.0,0.3069306930693069,0.246262126199929,3.097985668984468e-12,11.508920595581126,0,0
814,3.8,0.41980198019801984,0.2821486870078208,1.0000000000000002e-17,17.0,0,0
815,4.4,0.4415841584158416,0.3009119231463228,1e-17,17.0,0,0
816,2.4,0.17227722772277226,0.17806373977319878,1e-17,17.0,0,0
817,2.4,0.17227722772277226,0.17806373977319878,1e-17,17.0,0,0
818,2.4,0.17425742574257425,0.17724708119287327,1e-17,17.0,0,0
819,0.6,0.07722772277227723,0.11593886073904514,3.2561720089602312e-06,5.4872926613476,0,0
820,0.0,0.1861386138613861,0.18933427036517264,1.0,-0.0,0,0
821,0.0,0.1861386138613861,0.18933427036517264,1.0,-0.0,0,0
822,0.2,0.20198019801980197,0.19598959258073068,1.0,-0.0,0,0
823,0.2,0.19999999999999998,0.1929448697744442,0.49999999999999994,0.30102999566398125,0,0
824,0.4,0.1900990099009901,0.20368143953463436,0.1513793068057948,0.8199334878100216,0,0
825,0.4,0.1386138613861386,0.14279410991936586,0.033586808046467555,1.4738312677771277,0,0
826,0.4,0.1386138613861386,0.14279410991936586,0.033586808046467555,1.4738312677771277,0,0
827,0.2,0.12079207920792076,0.13810372890425895,0.2831397870226644,0.5479990989489613,0,0
828,0.2,0.22574257425742572,0.20616895183873854,1.0,-0.0,0,0
829,0.0,0.194059405940594,0.19792076731434868,1.0,-0.0,0,0
830,0.0,0.27128712871287125,0.21356782198356852,1.0,-0.0,0,0
831,0.0,0.27722772277227725,0.21975737661790232,1.0,-0.0,0,0
832,0.0,0.3089108910891089,0.24132432057951878,1.0,-0.0,0,0
833,0.0,0.20594059405940596,0.19590954781832298,1.0,-0.0,0,0
834,0.0,0.19405940594059404,0.19590954781832295,1.0,-0.0,0,0
835,0.0,0.03762376237623763,0.08307396817189319,1.0,-0.0,0,0
836,0.0,0.03168316831683169,0.0730260947112308,1.0,-0.0,0,0
837,0.0,0.0,0.0,1.0,-0.0,0,0
838,0.0,0.1306930693069307,0.1698820640754631,1.0,-0.0,0,0
839,0.0,0.1861386138613861,0.1955088324308512,1.0,-0.0,0,0
840,0.0,0.1861386138613861,0.1955088324308512,1.0,-0.0,0,0
841,0.0,0.1861386138613861,0.1955088324308512,1.0,-0.0,0,0
842,0.0,0.2514851485148515,0.2262977366679074,1.0,-0.0,0,0
843,0.0,0.12079207920792076,0.1261123431927973,1.0,-0.0,0,0
844,0.0,0.10297029702970295,0.13962853515884507,1.0,-0.0,0,0
845,0.0,0.10297029702970295,0.13962853515884507,1.0,-0.0,0,0
846,0.0,0.10297029702970295,0.13962853515884507,1.0,-0.0,0,0
847,0.0,0.03762376237623763,0.08307396817189318,1.0,-0.0,0,0
848,0.0,0.03762376237623763,0.08307396817189318,1.0,-0.0,0,0
849,0.0,0.0039603960396039604,0.02786385599895107,1.0,-0.0,0,0
850,0.0,0.0039603960396039604,0.02786385599895107,1.0,-0.0,0,0
851,0.0,0.0039603960396039604,0.02786385599895107,1.0,-0.0,0,0
852,0.0,0.011881188118811883,0.047276579747775535,1.0,-0.0,0,0
853,0.0,0.011881188118811883,0.047276579747775535,1.0,-0.0,0,0
854,0.0,0.033663366336633666,0.08475617647141663,1.0,-0.0,0,0
855,0.0,0.033663366336633666,0.08475617647141663,1.0,-0.0,0,0
856,0.0,0.033663366336633666,0.08475617647141663,1.0,-0.0,0,0
857,0.0,0.025742574257425748,0.07264925278354115,1.0,-0.0,0,0
858,0.0,0.025742574257425748,0.07264925278354115,1.0,-0.0,0,0
859,0.0,0.0,0.0,1.0,-0.0,0,0
860,0.0,0.04356435643564357,0.08721867542790195,1.0,-0.0,0,0
861,0.0,0.04356435643564357,0.08721867542790195,1.0,-0.0,0,0
862,0.0,0.04356435643564357,0.08721867542790195,1.0,-0.0,0,0
863,0.0,0.057425742574257435,0.10277971700879983,1.0,-0.0,0,0
864,0.0,0.0712871287128713,0.1213265242141813,1.0,-0.0,0,0
865,0.0,0.02772277227722772,0.07461957893630407,1.0,-0.0,0,0
866,0.0,0.02772277227722772,0.07461957893630407,1.0,-0.0,0,0
867,0.0,0.02772277227722772,0.07461957893630407,1.0,-0.0,0,0
868,0.0,0.01386138613861386,0.05807080514303042,1.0,-0.0,0,0
869,0.0,0.0,0.0,1.0,-0.0,0,0
870,0.0,0.0,0.0,1.0,-0.0,0,0
871,0.0,0.0,0.0,1.0,-0.0,0,0
872,0.0,0.0,0.0,1.0,-0.0,0,0
873,0.0,0.0,0.0,1.0,-0.0,0,0
874,0.0,0.0,0.0,1.0,-0.0,0,0
875,0.0,0.0,0.0,1.0,-0.0,0,0
876,0.0,0.0,0.0,1.0,-0.0,0,0
877,0.0,0.06732673267326733,0.10634234916512914,1.0,-0.0,0,0
878,0.0,0.06732673267326733,0.10634234916512914,1.0,-0.0,0,0
879,0.0,0.06732673267326733,0.10634234916512914,1.0,-0.0,0,0
880,0.0,0.10297029702970295,0.1451905170679078,1.0,-0.0,0,0
881,0.0,0.14851485148514848,0.16804870898437327,1.0,-0.0,0,0
882,0.0,0.07920792079207921,0.12293186689242579,1.0,-0.0,0,0
883,0.0,0.20198019801980194,0.21708245366010007,1.0,-0.0,0,0
884,0.0,0.2653465346534653,0.23898947471101073,1.0,-0.0,0,0
885,0.0,0.2376237623762376,0.2210915697344128,1.0,-0.0,0,0
886,0.0,0.19405940594059404,0.18552669588707663,1.0,-0.0,0,0
887,0.0,0.19405940594059404,0.18552669588707663,1.0,-0.0,0,0
888,0.0,0.0712871287128713,0.11110305060677654,1.0,-0.0,0,0
889,0.0,0.051485148514851496,0.096075322540263,1.0,-0.0,0,0
890,0.0,0.04356435643564357,0.09164702150816742,1.0,-0.0,0,0
891,0.0,0.04356435643564357,0.09164702150816742,1.0,-0.0,0,0
892,0.0,0.04356435643564357,0.09164702150816742,1.0,-0.0,0,0
893,0.0,0.057425742574257435,0.10656335878870264,1.0,-0.0,0,0
894,0.0,0.01386138613861386,0.05079507064705211,1.0,-0.0,0,0
895,0.0,0.041584158415841586,0.08590499787518362,1.0,-0.0,0,0
896,0.0,0.041584158415841586,0.08590499787518362,1.0,-0.0,0,0
897,0.0,0.08712871287128712,0.13024224675172555,1.0,-0.0,0,0
898,0.0,0.07326732673267328,0.12498799079651088,1.0,-0.0,0,0
899,0.0,0.12475247524752475,0.15632280678012317,1.0,-0.0,0,0
900,0.0,0.097029702970297,0.13084299831035082,1.0,-0.0,0,0
901,0.0,0.097029702970297,0.13084299831035082,1.0,-0.0,0,0
902,0.0,0.051485148514851496,0.10011267057239238,1.0,-0.0,0,0
903,0.0,0.14158415841584157,0.17870121461668872,1.0,-0.0,0,0
904,0.0,0.12277227722772276,0.1640340390410514,1.0,-0.0,0,0
905,0.0,0.12277227722772276,0.1640340390410514,1.0,-0.0,0,0
906,0.0,0.12277227722772276,0.1640340390410514,1.0,-0.0,0,0
907,0.0,0.18613861386138614,0.17407731466008644,1.0,-0.0,0,0
908,0.0,0.09504950495049502,0.11805036483793173,1.0,-0.0,0,0
909,0.0,0.0613861386138614,0.10046456153636296,1.0,-0.0,0,0
910,0.0,0.0613861386138614,0.10046456153636296,1.0,-0.0,0,0
911,0.0,0.0613861386138614,0.10046456153636296,1.0,-0.0,0,0
912,0.0,0.0,0.0,1.0,-0.0,0,0
913,0.0,0.0,0.0,1.0,-0.0,0,0
914,0.0,0.0,0.0,1.0,-0.0,0,0
915,0.0,0.0,0.0,1.0,-0.0,0,0
916,0.0,0.13267326732673268,0.15486110729518537,1.0,-0.0,0,0
917,0.0,0.13267326732673268,0.15486110729518537,1.0,-0.0,0,0
918,0.0,0.13267326732673268,0.15486110729518537,1.0,-0.0,0,0
919,0.0,0.300990099009901,0.22624574806133213,1.0,-0.0,0,0
920,0.0,0.300990099009901,0.22624574806133213,1.0,-0.0,0,0
921,0.0,0.16831683168316827,0.16823527435849067,1.0,-0.0,0,0
922,0.0,0.16831683168316827,0.16823527435849067,1.0,-0.0,0,0
923,0.0,0.16831683168316827,0.16823527435849067,1.0,-0.0,0,0
924,0.0,0.0,0.0,1.0,-0.0,0,0
925,0.0,0.0,0.0,1.0,-0.0,0,0
926,0.0,0.0,0.0,1.0,-0.0,0,0
927,0.0,0.0,0.0,1.0,-0.0,0,0
928,0.0,0.04554455445544554,0.08387254884969257,1.0,-0.0,0,0
929,0.0,0.04554455445544554,0.08387254884969257,1.0,-0.0,0,0
930,0.0,0.04554455445544554,0.08387254884969257,1.0,-0.0,0,0
931,0.0,0.04554455445544554,0.08387254884969257,1.0,-0.0,0,0
932,0.0,0.04554455445544554,0.08387254884969257,1.0,-0.0,0,0
933,0.0,0.0,0.0,1.0,-0.0,0,0
934,0.0,0.0,0.0,1.0,-0.0,0,0
935,0.0,0.10891089108910892,0.1503125521928582,1.0,-0.0,0,0
936,0.0,0.15049504950495046,0.18327264890560932,1.0,-0.0,0,0
937,0.0,0.16435643564356434,0.1896239939782038,1.0,-0.0,0,0
938,0.0,0.19801980198019803,0.20391232731653075,1.0,-0.0,0,0
939,0.0,0.19801980198019803,0.20391232731653075,1.0,-0.0,0,0
940,0.0,0.08712871287128712,0.12401163019288061,1.0,-0.0,0,0
941,0.0,0.04752475247524753,0.10205226714237721,1.0,-0.0,0,0
942,0.0,0.033663366336633666,0.08475617647141663,1.0,-0.0,0,0
943,0.0,0.0,0.0,1.0,-0.0,0,0
944,0.0,0.007920792079207921,0.03900537743285587,1.0,-0.0,0,0
945,0.0,0.007920792079207921,0.03900537743285587,1.0,-0.0,0,0
946,0.0,0.007920792079207921,0.03900537743285587,1.0,-0.0,0,0
947,0.0,0.007920792079207921,0.03900537743285587,1.0,-0.0,0,0
948,0.0,0.033663366336633666,0.07994704648786674,1.0,-0.0,0,0
949,0.0,0.025742574257425738,0.07264925278354115,1.0,-0.0,0,0
950,0.0,0.025742574257425738,0.07264925278354115,1.0,-0.0,0,0
951,0.0,0.1564356435643564,0.17711429524750807,1.0,-0.0,0,0
952,0.0,0.1564356435643564,0.17711429524750807,1.0,-0.0,0,0
953,0.0,0.1287128712871287,0.1581681231502246,1.0,-0.0,0,0
954,0.0,0.14158415841584157,0.1648685805663259,1.0,-0.0,0,0
955,0.0,0.14158415841584157,0.1648685805663259,1.0,-0.0,0,0
956,0.0,0.011881188118811883,0.047276579747775535,1.0,-0.0,0,0
957,0.0,0.011881188118811883,0.047276579747775535,1.0,-0.0,0,0
958,0.0,0.03564356435643565,0.08626938974571076,1.0,-0.0,0,0
959,0.0,0.14851485148514848,0.1703891070439521,1.0,-0.0,0,0
960,0.0,0.299009900990099,0.24148675199090922,1.0,-0.0,0,0
961,0.0,0.3247524752475248,0.24185993024932798,1.0,-0.0,0,0
962,0.0,0.3247524752475248,0.24185993024932798,1.0,-0.0,0,0
963,0.0,0.36237623762376237,0.26207529911391214,1.0,-0.0,0,0
964,0.0,0.25742574257425743,0.21679325126203863,1.0,-0.0,0,0
965,0.0,0.10495049504950495,0.14238160801780242,1.0,-0.0,0,0
966,0.0,0.10891089108910891,0.14765427233510695,1.0,-0.0,0,0
967,0.0,0.10891089108910891,0.14765427233510695,1.0,-0.0,0,0
968,0.0,0.13465346534653466,0.1667604219518994,1.0,-0.0,0,0
969,0.0,0.11485148514851484,0.14984225277142668,1.0,-0.0,0,0
970,0.0,0.11485148514851484,0.14984225277142668,1.0,-0.0,0,0
971,0.0,0.08712871287128712,0.13024224675172555,1.0,-0.0,0,0
972,0.0,0.08712871287128712,0.13024224675172555,1.0,-0.0,0,0
973,0.0,0.01386138613861386,0.05079507064705211,1.0,-0.0,0,0
974,0.0,0.06336633663366337,0.11917436454123627,1.0,-0.0,0,0
975,0.0,0.06336633663366337,0.11917436454123627,1.0,-0.0,0,0
976,0.0,0.06336633663366337,0.11917436454123627,1.0,-0.0,0,0
977,0.0,0.06336633663366337,0.11917436454123627,1.0,-0.0,0,0
978,0.0,0.05346534653465347,0.10104832334394513,1.0,-0.0,0,0
979,0.0,0.0039603960396039604,0.027863855998951068,1.0,-0.0,0,0
980,0.0,0.0039603960396039604,0.027863855998951068,1.0,-0.0,0,0
981,0.0,0.0039603960396039604,0.027863855998951068,1.0,-0.0,0,0
982,0.0,0.0039603960396039604,0.027863855998951068,1.0,-0.0,0,0
983,0.0,0.027722772277227727,0.06910862719451544,1.0,-0.0,0,0
984,0.0,0.11287128712871286,0.1390657415135005,1.0,-0.0,0,0
985,0.0,0.11287128712871286,0.1390657415135005,1.0,-0.0,0,0
986,0.0,0.11287128712871286,0.1390657415135005,1.0,-0.0,0,0
987,0.0,0.1287128712871287,0.14510947295494067,1.0,-0.0,0,0
988,0.0,0.11089108910891088,0.13342479626077636,1.0,-0.0,0,0
989,0.0,0.02970297029702971,0.07648795214189294,1.0,-0.0,0,0
990,0.0,0.02970297029702971,0.07648795214189294,1.0,-0.0,0,0
991,0.0,0.02970297029702971,0.07648795214189294,1.0,-0.0,0,0
992,0.0,0.16237623762376235,0.1795767770099744,1.0,-0.0,0,0
993,0.0,0.1495049504950495,0.17441487036716674,1.0,-0.0,0,0
994,0.0,0.14455445544554457,0.1737616710374678,1.0,-0.0,0,0
995,0.0,0.2693069306930693,0.22415631668191094,1.0,-0.0,0,0
996,0.0,0.300990099009901,0.2297200403353468,1.0,-0.0,0,0
997,0.0,0.2396039603960396,0.22693795022349614,1.0,-0.0,0,0
998,0.0,0.3247524752475248,0.26077035175659696,1.0,-0.0,0,0
999,0.0,0.33861386138613864,0.2666143790844647,1.0,-0.0,0,0
1000,0.0,0.21584158415841584,0.21189044117854158,1.0,-0.0,0,0
1001,0.0,0.18415841584158418,0.20036238123787667,1.0,-0.0,0,0
1002,0.0,0.09900990099009899,0.12467387119760154,1.0,-0.0,0,0
1003,0.0,0.01386138613861386,0.05079507064705211,1.0,-0.0,0,0
1004,0.0,0.0,0.0,1.0,-0.0,0,0
1005,0.0,0.0297029702970297,0.08622392497852373,1.0,-0.0,0,0
1006,0.0,0.041584158415841586,0.09467748980500532,1.0,-0.0,0,0
1007,0.0,0.041584158415841586,0.09467748980500532,1.0,-0.0,0,0
1008,0.0,0.041584158415841586,0.09467748980500532,1.0,-0.0,0,0
1009,0.0,0.05742574257425742,0.10277971700879983,1.0,-0.0,0,0
1010,0.0,0.027722772277227727,0.06910862719451544,1.0,-0.0,0,0
1011,0.0,0.015841584158415842,0.05401260078014202,1.0,-0.0,0,0
1012,0.0,0.015841584158415842,0.05401260078014202,1.0,-0.0,0,0
1013,0.0,0.015841584158415842,0.05401260078014202,1.0,-0.0,0,0
1014,0.0,0.0,0.0,1.0,-0.0,0,0
1015,0.0,0.0,0.0,1.0,-0.0,0,0
1016,0.0,0.0,0.0,1.0,-0.0,0,0
1017,0.0,0.0,0.0,1.0,-0.0,0,0
1018,0.0,0.0,0.0,1.0,-0.0,0,0
1019,0.0,0.0,0.0,1.0,-0.0,0,0
1020,0.0,0.015841584158415842,0.054012600780142014,1.0,-0.0,0,0
1021,0.0,0.015841584158415842,0.054012600780142014,1.0,-0.0,0,0
1022,0.0,0.015841584158415842,0.054012600780142014,1.0,-0.0,0,0
1023,0.0,0.027722772277227727,0.06910862719451544,1.0,-0.0,0,0
1024,0.0,0.027722772277227727,0.06910862719451544,1.0,-0.0,0,0
1025,0.0,0.1108910891089109,0.15789518399405605,1.0,-0.0,0,0
1026,0.0,0.1108910891089109,0.15789518399405605,1.0,-0.0,0,0
1027,0.0,0.1108910891089109,0.15789518399405605,1.0,-0.0,0,0
1028,0.0,0.18217821782178217,0.20700410844153636,1.0,-0.0,0,0
1029,0.0,0.25346534653465347,0.22495955915360186,1.0,-0.0,0,0
1030,0.0,0.2633663366336633,0.22148140850266032,1.0,-0.0,0,0
1031,0.0,0.2633663366336633,0.22148140850266032,1.0,-0.0,0,0
1032,0.0,0.2633663366336633,0.22148140850266032,1.0,-0.0,0,0
1033,0.0,0.18217821782178217,0.1868954489346046,1.0,-0.0,0,0
1034,0.0,0.1089108910891089,0.14494724878689189,1.0,-0.0,0,0
1035,0.0,0.013861386138613863,0.05079507064705211,1.0,-0.0,0,0
1036,0.0,0.013861386138613863,0.05079507064705211,1.0,-0.0,0,0
1037,0.0,0.013861386138613863,0.05079507064705211,1.0,-0.0,0,0
1038,0.0,0.06732673267326733,0.11000352009767247,1.0,-0.0,0,0
1039,0.0,0.06732673267326733,0.11000352009767247,1.0,-0.0,0,0
1040,0.0,0.05346534653465348,0.10104832334394512,1.0,-0.0,0,0
1041,0.0,0.05346534653465348,0.10104832334394512,1.0,-0.0,0,0
1042,0.0,0.21980198019801975,0.20000980272026073,1.0,-0.0,0,0
1043,0.0,0.16633663366336632,0.1781518029535443,1.0,-0.0,0,0
1044,0.0,0.16633663366336632,0.1781518029535443,1.0,-0.0,0,0
1045,0.0,0.16633663366336632,0.1781518029535443,1.0,-0.0,0,0
1046,0.0,0.16633663366336632,0.1781518029535443,1.0,-0.0,0,0
1047,0.0,0.0,0.0,1.0,-0.0,0,0
1048,0.0,0.0,0.0,1.0,-0.0,0,0
1049,0.0,0.0,0.0,1.0,-0.0,0,0
1050,0.0,0.0,0.0,1.0,-0.0,0,0
1051,0.0,0.10099009900990098,0.15057319492752774,1.0,-0.0,0,0
1052,0.0,0.17425742574257425,0.18166090995928266,1.0,-0.0,0,0
1053,0.0,0.17425742574257425,0.18166090995928266,1.0,-0.0,0,0
1054,0.0,0.2455445544554455,0.210386138380886,1.0,-0.0,0,0
1055,0.0,0.27128712871287125,0.21724496082221745,1.0,-0.0,0,0
1056,0.0,0.17029702970297028,0.1626175458823589,1.0,-0.0,0,0
1057,0.0,0.09702970297029702,0.1181167785505484,1.0,-0.0,0,0
1058,0.0,0.2514851485148515,0.20030366124992938,1.0,-0.0,0,0
1059,0.0,0.30693069306930687,0.2722322195023271,1.0,-0.0,0,0
1060,0.0,0.28118811881188116,0.24884400906780205,1.0,-0.0,0,0
1061,0.0,0.28118811881188116,0.24884400906780205,1.0,-0.0,0,0
1062,0.0,0.28118811881188116,0.24884400906780205,1.0,-0.0,0,0
1063,0.0,0.24950495049504945,0.21873794727813695,1.0,-0.0,0,0
1064,0.0,0.17821782178217815,0.19274153441415962,1.0,-0.0,0,0
1065,0.0,0.17821782178217815,0.19274153441415962,1.0,-0.0,0,0
1066,0.0,0.20990099009900987,0.20561665306784296,1.0,-0.0,0,0
1067,0.0,0.22970297029702968,0.2187020915370095,1.0,-0.0,0,0
1068,0.0,0.10693069306930691,0.15559367350941145,1.0,-0.0,0,0
1069,0.0,0.0712871287128713,0.11801714396634724,1.0,-0.0,0,0
1070,0.0,0.0712871287128713,0.11801714396634724,1.0,-0.0,0,0
1071,0.0,0.039603960396039604,0.07970143286137865,1.0,-0.0,0,0
1072,0.0,0.019801980198019802,0.0597350618970232,1.0,-0.0,0,0
1073,0.0,0.019801980198019802,0.0597350618970232,1.0,-0.0,0,0
1074,0.0,0.04554455445544555,0.09700949476369022,1.0,-0.0,0,0
1075,0.0,0.14455445544554454,0.16196518848854283,1.0,-0.0,0,0
1076,0.0,0.14455445544554454,0.16196518848854283,1.0,-0.0,0,0
1077,0.0,0.14455445544554454,0.16196518848854283,1.0,-0.0,0,0
1078,0.0,0.28316831683168314,0.21297947975839612,1.0,-0.0,0,0
1079,0.0,0.2376237623762376,0.18176880383941263,1.0,-0.0,0,0
1080,0.0,0.14059405940594055,0.14770737583343774,1.0,-0.0,0,0
1081,0.0,0.20198019801980194,0.17233412057057096,1.0,-0.0,0,0
1082,0.0,0.2237623762376237,0.17640441545600072,1.0,-0.0,0,0
1083,0.0,0.08316831683168316,0.12670172889541695,1.0,-0.0,0,0
1084,0.0,0.08316831683168316,0.12670172889541695,1.0,-0.0,0,0
1085,0.0,0.08316831683168316,0.12670172889541695,1.0,-0.0,0,0
1086,0.0,0.05346534653465346,0.09287951999650357,1.0,-0.0,0,0
1087,0.0,0.04158415841584159,0.08590499787518362,1.0,-0.0,0,0
1088,0.0,0.04158415841584159,0.08590499787518362,1.0,-0.0,0,0
1089,0.0,0.08712871287128712,0.12401163019288061,1.0,-0.0,0,0
1090,0.0,0.11089108910891088,0.14481192315867106,1.0,-0.0,0,0
1091,0.0,0.10099009900990098,0.14521752172118102,1.0,-0.0,0,0
1092,0.0,0.10891089108910891,0.15801930568918815,1.0,-0.0,0,0
1093,0.0,0.10891089108910891,0.15801930568918815,1.0,-0.0,0,0
1094,0.0,0.06336633663366337,0.12245247393061628,1.0,-0.0,0,0
1095,0.0,0.04356435643564357,0.09991664009142864,1.0,-0.0,0,0
1096,0.0,0.04752475247524753,0.10205226714237721,1.0,-0.0,0,0
1097,0.0,0.06534653465346535,0.10189845806153354,1.0,-0.0,0,0
1098,0.0,0.11485148514851484,0.14717547862227365,1.0,-0.0,0,0
1099,0.0,0.12079207920792079,0.15176638618898788,1.0,-0.0,0,0
1100,0.2,0.13465346534653463,0.15184387732816487,0.3334692801441096,0.4769441679795172,0,0
1101,0.4,0.1485148514851485,0.16567525277902487,0.06451472041088833,1.1903411804993722,0,0
1102,0.6,0.1603960396039604,0.18025241263723207,0.0073675657275085685,2.1326759810339313,0,0
1103,0.6,0.1287128712871287,0.1581681231502246,0.0014428454243562382,2.8407801934698935,0,0
1104,0.6,0.16237623762376233,0.183934709223495,0.008674323336746398,2.0617643934914334,0,0
1105,0.4,0.15247524752475247,0.1848703369027138,0.09029997836547295,1.0443123537369576,0,0
1106,0.4,0.14653465346534653,0.1662423117767553,0.06367020287242374,1.1960637663410618,0,0
1107,0.2,0.09702970297029702,0.127780323207142,0.21016800358682974,0.6774334011688355,0,0
1108,0.2,0.08316831683168316,0.11694909354640316,0.15889830100735314,0.798880746386554,0,0
1109,0.2,0.04554455445544555,0.08846854615322249,0.040415922396446834,1.3934475050229045,0,0
1110,0.4,0.08118811881188118,0.1264228887090089,0.005837981963134029,2.2337372511300297,0,0
1111,0.2,0.06534653465346535,0.11641139371642828,0.12369676173807938,0.9076416696327345,0,0
1112,0.2,0.06534653465346535,0.11641139371642828,0.12369676173807938,0.9076416696327345,0,0
1113,0.2,0.0594059405940594,0.1109617879296784,0.1025688252901681,0.9889846183837067,0,0
1114,0.2,0.0594059405940594,0.1109617879296784,0.1025688252901681,0.9889846183837067,0,0
1115,0.0,0.017821782178217824,0.05698017651460656,1.0,-0.0,0,0
1116,0.0,0.0,0.0,1.0,-0.0,0,0
1117,0.0,0.02772277227722773,0.06910862719451545,1.0,-0.0,0,0
1118,0.0,0.02772277227722773,0.06910862719451545,1.0,-0.0,0,0
1119,0.0,0.02772277227722773,0.06910862719451545,1.0,-0.0,0,0
1120,0.0,0.061386138613861385,0.10433219700847123,1.0,-0.0,0,0
1121,0.0,0.08316831683168317,0.12028786177019754,1.0,-0.0,0,0
1122,0.0,0.05544554455445546,0.1019369320889802,1.0,-0.0,0,0
1123,0.0,0.05544554455445546,0.1019369320889802,1.0,-0.0,0,0
1124,0.0,0.10099009900990098,0.1367914141716479,1.0,-0.0,0,0
1125,0.0,0.10099009900990098,0.14521752172118105,1.0,-0.0,0,0
1126,0.0,0.07920792079207921,0.12293186689242579,1.0,-0.0,0,0
1127,0.0,0.07920792079207921,0.12293186689242579,1.0,-0.0,0,0
1128,0.0,0.07920792079207921,0.12293186689242579,1.0,-0.0,0,0
1129,0.0,0.033663366336633666,0.07994704648786674,1.0,-0.0,0,0
1130,0.0,0.0,0.0,1.0,-0.0,0,0
1131,0.0,0.0,0.0,1.0,-0.0,0,0
1132,0.0,0.1188118811881188,0.14939672169394075,1.0,-0.0,0,0
1133,0.0,0.1188118811881188,0.14939672169394075,1.0,-0.0,0,0
1134,0.0,0.12475247524752472,0.14852805221860732,1.0,-0.0,0,0
1135,0.0,0.12475247524752472,0.14852805221860732,1.0,-0.0,0,0
1136,0.0,0.2871287128712871,0.2554992652085436,1.0,-0.0,0,0
1137,0.0,0.16831683168316833,0.1903257723422778,1.0,-0.0,0,0
1138,0.0,0.16831683168316833,0.1903257723422778,1.0,-0.0,0,0
1139,0.0,0.16237623762376235,0.1902845629074887,1.0,-0.0,0,0
1140,0.0,0.16435643564356436,0.1937560773449118,1.0,-0.0,0,0
1141,0.0,0.0019801980198019802,0.0198019801980198,1.0,-0.0,0,0
1142,0.0,0.0019801980198019802,0.0198019801980198,1.0,-0.0,0,0
1143,0.0,0.0019801980198019802,0.0198019801980198,1.0,-0.0,0,0
1144,0.0,0.0019801980198019802,0.0198019801980198,1.0,-0.0,0,0
1145,0.0,0.0,0.0,1.0,-0.0,0,0
1146,0.0,0.0,0.0,1.0,-0.0,0,0
1147,0.0,0.0,0.0,1.0,-0.0,0,0
1148,0.0,0.0,0.0,1.0,-0.0,0,0
1149,0.0,0.0,0.0,1.0,-0.0,0,0
1150,0.0,0.0,0.0,1.0,-0.0,0,0
1151,0.0,0.0,0.0,1.0,-0.0,0,0
1152,0.0,0.0,0.0,1.0,-0.0,0,0
1153,0.0,0.0,0.0,1.0,-0.0,0,0
1154,0.0,0.0,0.0,1.0,-0.0,0,0
1155,0.0,0.0,0.0,1.0,-0.0,0,0
1156,0.0,0.0297029702970297,0.07648795214189293,1.0,-0.0,0,0
1157,0.0,0.0297029702970297,0.07648795214189293,1.0,-0.0,0,0
1158,0.0,0.0712871287128713,0.11461224656227945,1.0,-0.0,0,0
1159,0.0,0.07326732673267328,0.11509022642946842,1.0,-0.0,0,0
1160,0.0,0.07524752475247526,0.11553229422427584,1.0,-0.0,0,0
1161,0.0,0.04554455445544554,0.08846854615322249,1.0,-0.0,0,0
1162,0.0,0.04554455445544554,0.08846854615322249,1.0,-0.0,0,0
1163,0.0,0.0039603960396039604,0.027863855998951064,1.0,-0.0,0,0
1164,0.0,0.0019801980198019802,0.0198019801980198,1.0,-0.0,0,0
1165,0.0,0.015841584158415842,0.054012600780142014,1.0,-0.0,0,0
1166,0.0,0.033663366336633666,0.08930671115865095,1.0,-0.0,0,0
1167,0.0,0.041584158415841586,0.09467748980500532,1.0,-0.0,0,0
1168,0.0,0.057425742574257435,0.11375371577303026,1.0,-0.0,0,0
1169,0.0,0.07326732673267328,0.12498799079651088,1.0,-0.0,0,0
1170,0.0,0.0712871287128713,0.11110305060677654,1.0,-0.0,0,0
1171,0.0,0.05346534653465347,0.09287951999650357,1.0,-0.0,0,0
1172,0.0,0.04554455445544554,0.08387254884969257,1.0,-0.0,0,0
1173,0.0,0.0297029702970297,0.07112192077650681,1.0,-0.0,0,0
1174,0.0,0.01386138613861386,0.05079507064705211,1.0,-0.0,0,0
1175,0.0,0.031683168316831684,0.07826167463512675,1.0,-0.0,0,0
1176,0.0,0.031683168316831684,0.07826167463512675,1.0,-0.0,0,0
1177,0.0,0.05148514851485149,0.1001126705723924,1.0,-0.0,0,0
1178,0.0,0.05148514851485149,0.1001126705723924,1.0,-0.0,0,0
1179,0.0,0.05742574257425742,0.10656335878870264,1.0,-0.0,0,0
1180,0.0,0.02970297029702971,0.07112192077650681,1.0,-0.0,0,0
1181,0.0,0.02970297029702971,0.07112192077650681,1.0,-0.0,0,0
1182,0.0,0.009900990099009901,0.04338396495090424,1.0,-0.0,0,0
1183,0.0,0.039603960396039604,0.08452453849668534,1.0,-0.0,0,0
1184,0.0,0.03762376237623763,0.07816140339006158,1.0,-0.0,0,0
1185,0.0,0.033663366336633666,0.07482947971362845,1.0,-0.0,0,0
1186,0.0,0.033663366336633666,0.07482947971362845,1.0,-0.0,0,0
1187,0.0,0.033663366336633666,0.07482947971362845,1.0,-0.0,0,0
1188,0.0,0.0039603960396039604,0.02786385599895107,1.0,-0.0,0,0
1189,0.0,0.0,0.0,1.0,-0.0,0,0
1190,0.0,0.0,0.0,1.0,-0.0,0,0
1191,0.0,0.0,0.0,1.0,-0.0,0,0
1192,0.0,0.01386138613861386,0.05079507064705211,1.0,-0.0,0,0
1193,0.0,0.01386138613861386,0.05079507064705211,1.0,-0.0,0,0
1194,0.0,0.01386138613861386,0.05079507064705211,1.0,-0.0,0,0
1195,0.0,0.01386138613861386,0.05079507064705211,1.0,-0.0,0,0
1196,0.0,0.06534653465346535,0.11641139371642828,1.0,-0.0,0,0
1197,0.0,0.07722772277227724,0.1434243086117372,1.0,-0.0,0,0
1198,0.0,0.08712871287128714,0.14464936528910635,1.0,-0.0,0,0
