,foreground,bg_means,bg_stdev,pvals,minus_logs,regs,active
2,0.0,0.017821782178217824,0.0635517090529949,1.0,-0.0,0,0
3,0.0,0.017821782178217824,0.0635517090529949,1.0,-0.0,0,0
4,0.0,0.017821782178217824,0.0635517090529949,1.0,-0.0,0,0
5,0.0,0.0,0.0,1.0,-0.0,0,0
6,0.0,0.0,0.0,1.0,-0.0,0,0
7,0.0,0.0,0.0,1.0,-0.0,0,0
8,0.0,0.0,0.0,1.0,-0.0,0,0
9,0.0,0.0,0.0,1.0,-0.0,0,0
10,0.0,0.11485148514851483,0.14717547862227365,1.0,-0.0,0,0
11,0.0,0.11485148514851483,0.14717547862227365,1.0,-0.0,0,0
12,0.0,0.11485148514851483,0.14717547862227365,1.0,-0.0,0,0
13,0.0,0.15841584158415842,0.15496235680407014,1.0,-0.0,0,0
14,0.0,0.15841584158415842,0.15496235680407014,1.0,-0.0,0,0
15,0.0,0.041584158415841586,0.08116396646304633,1.0,-0.0,0,0
16,0.0,0.041584158415841586,0.08116396646304633,1.0,-0.0,0,0
17,0.0,0.15247524752475247,0.15707352091130253,1.0,-0.0,0,0
18,0.0,0.10891089108910891,0.13937555924568534,1.0,-0.0,0,0
19,0.0,0.10891089108910891,0.13937555924568534,1.0,-0.0,0,0
20,0.0,0.10891089108910891,0.13937555924568534,1.0,-0.0,0,0
21,0.0,0.10891089108910891,0.13937555924568534,1.0,-0.0,0,0
22,0.0,0.0,0.0,1.0,-0.0,0,0
23,0.0,0.0,0.0,1.0,-0.0,0,0
24,0.0,0.0,0.0,1.0,-0.0,0,0
25,0.0,0.0,0.0,1.0,-0.0,0,0
26,0.0,0.0,0.0,1.0,-0.0,0,0
27,0.0,0.0,0.0,1.0,-0.0,0,0
28,0.0,0.021782178217821784,0.06230547612891991,1.0,-0.0,0,0
29,0.0,0.05544554455445544,0.10575073206193021,1.0,-0.0,0,0
30,0.0,0.05544554455445544,0.10575073206193021,1.0,-0.0,0,0
31,0.0,0.05544554455445544,0.10575073206193021,1.0,-0.0,0,0
32,0.0,0.05544554455445544,0.10575073206193021,1.0,-0.0,0,0
33,0.0,0.061386138613861385,0.12184253515180327,1.0,-0.0,0,0
34,0.0,0.02772277227722772,0.07461957893630407,1.0,-0.0,0,0
35,0.0,0.02772277227722772,0.07461957893630407,1.0,-0.0,0,0
36,0.0,0.05742574257425742,0.10656335878870264,1.0,-0.0,0,0
37,0.0,0.08910891089108909,0.12734998170941408,1.0,-0.0,0,0
38,0.0,0.061386138613861385,0.10433219700847123,1.0,-0.0,0,0
39,0.0,0.061386138613861385,0.10433219700847123,1.0,-0.0,0,0
40,0.0,0.061386138613861385,0.10433219700847123,1.0,-0.0,0,0
41,0.0,0.031683168316831684,0.0730260947112308,1.0,-0.0,0,0
42,0.0,0.0,0.0,1.0,-0.0,0,0
43,0.0,0.0,0.0,1.0,-0.0,0,0
44,0.0,0.0,0.0,1.0,-0.0,0,0
45,0.0,0.0,0.0,1.0,-0.0,0,0
46,0.0,0.0,0.0,1.0,-0.0,0,0
47,0.0,0.0,0.0,1.0,-0.0,0,0
48,0.0,0.0,0.0,1.0,-0.0,0,0
49,0.0,0.0,0.0,1.0,-0.0,0,0
50,0.0,0.0,0.0,1.0,-0.0,0,0
51,0.0,0.0,0.0,1.0,-0.0,0,0
52,0.0,0.0,0.0,1.0,-0.0,0,0
53,0.0,0.017821782178217824,0.05698017651460656,1.0,-0.0,0,0
54,0.0,0.017821782178217824,0.05698017651460656,1.0,-0.0,0,0
55,0.0,0.017821782178217824,0.05698017651460656,1.0,-0.0,0,0
56,0.0,0.017821782178217824,0.05698017651460656,1.0,-0.0,0,0
57,0.0,0.017821782178217824,0.05698017651460656,1.0,-0.0,0,0
58,0.0,0.0,0.0,1.0,-0.0,0,0
59,0.0,0.0,0.0,1.0,-0.0,0,0
60,0.0,0.017821782178217824,0.05698017651460656,1.0,-0.0,0,0
61,0.0,0.017821782178217824,0.05698017651460656,1.0,-0.0,0,0
62,0.0,0.017821782178217824,0.05698017651460656,1.0,-0.0,0,0
63,0.0,0.017821782178217824,0.05698017651460656,1.0,-0.0,0,0
64,0.0,0.03564356435643565,0.07653920035678292,1.0,-0.0,0,0
65,0.0,0.017821782178217824,0.05698017651460656,1.0,-0.0,0,0
66,0.0,0.017821782178217824,0.05698017651460656,1.0,-0.0,0,0
67,0.0,0.02970297029702971,0.07112192077650681,1.0,-0.0,0,0
68,0.0,0.02970297029702971,0.07112192077650681,1.0,-0.0,0,0
69,0.0,0.011881188118811881,0.047276579747775535,1.0,-0.0,0,0
70,0.0,0.011881188118811881,0.047276579747775535,1.0,-0.0,0,0
71,0.0,0.011881188118811881,0.047276579747775535,1.0,-0.0,0,0
72,0.0,0.0,0.0,1.0,-0.0,0,0
73,0.0,0.0,0.0,1.0,-0.0,0,0
74,0.0,0.0,0.0,1.0,-0.0,0,0
75,0.0,0.0,0.0,1.0,-0.0,0,0
76,0.0,0.0,0.0,1.0,-0.0,0,0
77,0.0,0.0,0.0,1.0,-0.0,0,0
78,0.0,0.0,0.0,1.0,-0.0,0,0
79,0.0,0.0,0.0,1.0,-0.0,0,0
80,0.0,0.0,0.0,1.0,-0.0,0,0
81,0.0,0.0,0.0,1.0,-0.0,0,0
82,0.0,0.0,0.0,1.0,-0.0,0,0
83,0.0,0.0,0.0,1.0,-0.0,0,0
84,0.0,0.0,0.0,1.0,-0.0,0,0
85,0.0,0.0,0.0,1.0,-0.0,0,0
86,0.0,0.0,0.0,1.0,-0.0,0,0
87,0.0,0.0,0.0,1.0,-0.0,0,0
88,0.0,0.0,0.0,1.0,-0.0,0,0
89,0.0,0.0,0.0,1.0,-0.0,0,0
90,0.0,0.0,0.0,1.0,-0.0,0,0
91,0.0,0.0,0.0,1.0,-0.0,0,0
92,0.0,0.0,0.0,1.0,-0.0,0,0
93,0.0,0.0,0.0,1.0,-0.0,0,0
94,0.0,0.0,0.0,1.0,-0.0,0,0
95,0.0,0.0,0.0,1.0,-0.0,0,0
96,0.0,0.0,0.0,1.0,-0.0,0,0
97,0.0,0.0,0.0,1.0,-0.0,0,0
98,0.0,0.0,0.0,1.0,-0.0,0,0
99,0.0,0.0,0.0,1.0,-0.0,0,0
100,0.0,0.0,0.0,1.0,-0.0,0,0
101,0.0,0.0,0.0,1.0,-0.0,0,0
102,0.0,0.0,0.0,1.0,-0.0,0,0
103,0.0,0.0,0.0,1.0,-0.0,0,0
104,0.0,0.0,0.0,1.0,-0.0,0,0
105,0.0,0.0,0.0,1.0,-0.0,0,0
106,0.0,0.02970297029702971,0.07112192077650681,1.0,-0.0,0,0
107,0.0,0.02970297029702971,0.07112192077650681,1.0,-0.0,0,0
108,0.0,0.02970297029702971,0.07112192077650681,1.0,-0.0,0,0
109,0.0,0.03168316831683169,0.0730260947112308,1.0,-0.0,0,0
110,0.0,0.03168316831683169,0.0730260947112308,1.0,-0.0,0,0
111,0.0,0.0039603960396039604,0.02786385599895107,1.0,-0.0,0,0
112,0.0,0.0039603960396039604,0.02786385599895107,1.0,-0.0,0,0
113,0.0,0.0039603960396039604,0.02786385599895107,1.0,-0.0,0,0
114,0.0,0.0019801980198019802,0.0198019801980198,1.0,-0.0,0,0
115,0.0,0.0019801980198019802,0.0198019801980198,1.0,-0.0,0,0
116,0.0,0.0,0.0,1.0,-0.0,0,0
117,0.0,0.0,0.0,1.0,-0.0,0,0
118,0.0,0.0,0.0,1.0,-0.0,0,0
119,0.0,0.0,0.0,1.0,-0.0,0,0
120,0.0,0.0,0.0,1.0,-0.0,0,0
121,0.0,0.0,0.0,1.0,-0.0,0,0
122,0.0,0.0059405940594059415,0.033953323167291584,1.0,-0.0,0,0
123,0.0,0.0059405940594059415,0.033953323167291584,1.0,-0.0,0,0
124,0.0,0.0059405940594059415,0.033953323167291584,1.0,-0.0,0,0
125,0.0,0.0059405940594059415,0.033953323167291584,1.0,-0.0,0,0
126,0.0,0.0297029702970297,0.07648795214189293,1.0,-0.0,0,0
127,0.0,0.023762376237623766,0.07056843438101175,1.0,-0.0,0,0
128,0.0,0.08316831683168317,0.10996786833199856,1.0,-0.0,0,0
129,0.0,0.08316831683168317,0.10996786833199856,1.0,-0.0,0,0
130,0.0,0.14059405940594058,0.13656189821438944,1.0,-0.0,0,0
131,0.0,0.11485148514851483,0.13304219431477882,1.0,-0.0,0,0
132,0.0,0.11485148514851483,0.13304219431477882,1.0,-0.0,0,0
133,0.0,0.05544554455445545,0.10943169805661863,1.0,-0.0,0,0
134,0.0,0.06534653465346535,0.11295810453031022,1.0,-0.0,0,0
135,0.0,0.03168316831683169,0.0730260947112308,1.0,-0.0,0,0
136,0.0,0.03168316831683169,0.0730260947112308,1.0,-0.0,0,0
137,0.0,0.033663366336633666,0.07482947971362847,1.0,-0.0,0,0
138,0.0,0.033663366336633666,0.07482947971362847,1.0,-0.0,0,0
139,0.0,0.023762376237623766,0.06471340450838889,1.0,-0.0,0,0
140,0.0,0.0059405940594059415,0.033953323167291584,1.0,-0.0,0,0
141,0.0,0.0059405940594059415,0.033953323167291584,1.0,-0.0,0,0
142,0.0,0.0039603960396039604,0.027863855998951068,1.0,-0.0,0,0
143,0.0,0.0039603960396039604,0.027863855998951068,1.0,-0.0,0,0
144,0.0,0.0039603960396039604,0.027863855998951068,1.0,-0.0,0,0
145,0.0,0.0,0.0,1.0,-0.0,0,0
146,0.0,0.0,0.0,1.0,-0.0,0,0
147,0.0,0.0,0.0,1.0,-0.0,0,0
148,0.0,0.0,0.0,1.0,-0.0,0,0
149,0.0,0.0,0.0,1.0,-0.0,0,0
150,0.0,0.0,0.0,1.0,-0.0,0,0
151,0.0,0.0,0.0,1.0,-0.0,0,0
152,0.0,0.0,0.0,1.0,-0.0,0,0
153,0.0,0.0,0.0,1.0,-0.0,0,0
154,0.0,0.0,0.0,1.0,-0.0,0,0
155,0.0,0.0039603960396039604,0.027863855998951064,1.0,-0.0,0,0
156,0.0,0.041584158415841586,0.09039772047931348,1.0,-0.0,0,0
157,0.0,0.04752475247524753,0.09809478080396702,1.0,-0.0,0,0
158,0.0,0.04752475247524753,0.09809478080396702,1.0,-0.0,0,0
159,0.0,0.11287128712871286,0.1526423155691229,1.0,-0.0,0,0
160,0.0,0.15247524752475247,0.1715359035858037,1.0,-0.0,0,0
161,0.2,0.1386138613861386,0.1427941099193659,0.33363686539697923,0.47672596776479237,0,0
162,0.2,0.14257425742574253,0.1444323368618651,0.34546394562445737,0.46159727110715987,0,0
163,0.2,0.17425742574257425,0.16084767121704768,0.43642352635576187,0.36009184586763915,0,0
164,0.2,0.10693069306930691,0.1422989641443302,0.2565428085145365,0.5908401551120017,0,0
165,0.2,0.06534653465346535,0.1164113937164283,0.12369676173807938,0.9076416696327345,0,0
166,0.0,0.041584158415841586,0.0987719913927915,1.0,-0.0,0,0
167,0.0,0.031683168316831684,0.09220155823225992,1.0,-0.0,0,0
168,0.0,0.03564356435643565,0.08154954567118416,1.0,-0.0,0,0
169,0.0,0.07722772277227724,0.11930590361498672,1.0,-0.0,0,0
170,0.0,0.07722772277227724,0.11930590361498672,1.0,-0.0,0,0
171,0.0,0.12079207920792079,0.14372473118118065,1.0,-0.0,0,0
172,0.0,0.12079207920792079,0.14372473118118065,1.0,-0.0,0,0
173,0.0,0.08514851485148514,0.12379009590564581,1.0,-0.0,0,0
174,0.0,0.04356435643564357,0.09164702150816742,1.0,-0.0,0,0
175,0.0,0.04356435643564357,0.09164702150816742,1.0,-0.0,0,0
176,0.0,0.0,0.0,1.0,-0.0,0,0
177,0.0,0.0,0.0,1.0,-0.0,0,0
178,0.0,0.0,0.0,1.0,-0.0,0,0
179,0.0,0.0,0.0,1.0,-0.0,0,0
180,0.0,0.0,0.0,1.0,-0.0,0,0
181,0.0,0.0,0.0,1.0,-0.0,0,0
182,0.0,0.0,0.0,1.0,-0.0,0,0
183,0.0,0.0,0.0,1.0,-0.0,0,0
184,0.0,0.0,0.0,1.0,-0.0,0,0
185,0.0,0.0,0.0,1.0,-0.0,0,0
186,0.0,0.0,0.0,1.0,-0.0,0,0
187,0.0,0.0,0.0,1.0,-0.0,0,0
188,0.0,0.0,0.0,1.0,-0.0,0,0
189,0.0,0.0,0.0,1.0,-0.0,0,0
190,0.0,0.0,0.0,1.0,-0.0,0,0
191,0.0,0.0,0.0,1.0,-0.0,0,0
192,0.0,0.0,0.0,1.0,-0.0,0,0
193,0.0,0.0,0.0,1.0,-0.0,0,0
194,0.0,0.0,0.0,1.0,-0.0,0,0
195,0.0,0.0,0.0,1.0,-0.0,0,0
196,0.0,0.0,0.0,1.0,-0.0,0,0
197,0.0,0.0,0.0,1.0,-0.0,0,0
198,0.0,0.0,0.0,1.0,-0.0,0,0
199,0.0,0.0,0.0,1.0,-0.0,0,0
200,0.0,0.0,0.0,1.0,-0.0,0,0
201,0.0,0.0,0.0,1.0,-0.0,0,0
202,0.0,0.0,0.0,1.0,-0.0,0,0
203,0.0,0.0,0.0,1.0,-0.0,0,0
204,0.0,0.0,0.0,1.0,-0.0,0,0
205,0.0,0.0,0.0,1.0,-0.0,0,0
206,0.0,0.0,0.0,1.0,-0.0,0,0
207,0.0,0.0,0.0,1.0,-0.0,0,0
208,0.0,0.0,0.0,1.0,-0.0,0,0
209,0.0,0.0,0.0,1.0,-0.0,0,0
210,0.0,0.0,0.0,1.0,-0.0,0,0
211,0.0,0.0,0.0,1.0,-0.0,0,0
212,0.0,0.0,0.0,1.0,-0.0,0,0
213,0.0,0.0,0.0,1.0,-0.0,0,0
214,0.0,0.0,0.0,1.0,-0.0,0,0
215,0.0,0.0,0.0,1.0,-0.0,0,0
216,0.0,0.0,0.0,1.0,-0.0,0,0
217,0.0,0.0,0.0,1.0,-0.0,0,0
218,0.0,0.0019801980198019802,0.0198019801980198,1.0,-0.0,0,0
219,0.0,0.0019801980198019802,0.0198019801980198,1.0,-0.0,0,0
220,0.0,0.0019801980198019802,0.0198019801980198,1.0,-0.0,0,0
221,0.0,0.007920792079207921,0.03900537743285587,1.0,-0.0,0,0
222,0.8,0.04950495049504951,0.09504950495049506,1.4519092102099582e-15,14.838060539791291,0,0
223,0.8,0.061386138613861385,0.10046456153636296,9.765300412493168e-14,13.010314391855774,0,0
224,0.8,0.061386138613861385,0.10046456153636296,9.765300412493168e-14,13.010314391855774,0,0
225,0.8,0.1465346534653465,0.143205423617937,2.5197973377799627e-06,5.598634387243534,0,0
226,0.8,0.16237623762376235,0.14271170492457227,3.949284449990776e-06,5.403481584771328,0,0
227,0.0,0.12079207920792076,0.1322440226302099,1.0,-0.0,0,0
228,0.0,0.14455445544554454,0.1518696989212991,1.0,-0.0,0,0
229,0.0,0.14455445544554454,0.1518696989212991,1.0,-0.0,0,0
230,0.0,0.0910891089108911,0.12750384183766533,1.0,-0.0,0,0
231,0.0,0.15445544554455443,0.16381875548472422,1.0,-0.0,0,0
232,0.0,0.16633663366336632,0.17364880212589112,1.0,-0.0,0,0
233,0.0,0.12673267326732673,0.15851482056387722,1.0,-0.0,0,0
234,0.0,0.12673267326732673,0.15851482056387722,1.0,-0.0,0,0
235,0.0,0.09504950495049502,0.1213588391765906,1.0,-0.0,0,0
236,0.0,0.011881188118811883,0.04727657974777554,1.0,-0.0,0,0
237,0.0,0.0,0.0,1.0,-0.0,0,0
238,0.0,0.0,0.0,1.0,-0.0,0,0
239,0.0,0.0,0.0,1.0,-0.0,0,0
240,0.0,0.0,0.0,1.0,-0.0,0,0
241,0.0,0.0,0.0,1.0,-0.0,0,0
242,0.0,0.0,0.0,1.0,-0.0,0,0
243,0.0,0.0,0.0,1.0,-0.0,0,0
244,0.0,0.0,0.0,1.0,-0.0,0,0
245,0.0,0.0,0.0,1.0,-0.0,0,0
246,0.0,0.0,0.0,1.0,-0.0,0,0
247,0.0,0.0,0.0,1.0,-0.0,0,0
248,0.0,0.0,0.0,1.0,-0.0,0,0
249,0.0,0.0,0.0,1.0,-0.0,0,0
250,0.0,0.0,0.0,1.0,-0.0,0,0
251,0.0,0.0,0.0,1.0,-0.0,0,0
252,0.0,0.0,0.0,1.0,-0.0,0,0
253,0.0,0.0,0.0,1.0,-0.0,0,0
254,0.0,0.0,0.0,1.0,-0.0,0,0
255,0.0,0.0059405940594059415,0.03395332316729158,1.0,-0.0,0,0
256,0.0,0.0059405940594059415,0.03395332316729158,1.0,-0.0,0,0
257,0.0,0.0059405940594059415,0.03395332316729158,1.0,-0.0,0,0
258,0.0,0.0059405940594059415,0.03395332316729158,1.0,-0.0,0,0
259,0.0,0.0059405940594059415,0.03395332316729158,1.0,-0.0,0,0
260,0.0,0.0,0.0,1.0,-0.0,0,0
261,0.0,0.0,0.0,1.0,-0.0,0,0
262,0.0,0.0,0.0,1.0,-0.0,0,0
263,0.0,0.0,0.0,1.0,-0.0,0,0
264,0.0,0.0039603960396039604,0.02786385599895107,1.0,-0.0,0,0
265,0.0,0.0059405940594059415,0.03395332316729158,1.0,-0.0,0,0
266,0.0,0.0059405940594059415,0.03395332316729158,1.0,-0.0,0,0
267,0.0,0.0059405940594059415,0.03395332316729158,1.0,-0.0,0,0
268,0.0,0.0059405940594059415,0.03395332316729158,1.0,-0.0,0,0
269,0.0,0.0019801980198019802,0.0198019801980198,1.0,-0.0,0,0
270,0.0,0.0,0.0,1.0,-0.0,0,0
271,0.0,0.0019801980198019802,0.019801980198019802,1.0,-0.0,0,0
272,0.0,0.0019801980198019802,0.019801980198019802,1.0,-0.0,0,0
273,0.0,0.0019801980198019802,0.019801980198019802,1.0,-0.0,0,0
274,0.0,0.0019801980198019802,0.019801980198019802,1.0,-0.0,0,0
275,0.0,0.0019801980198019802,0.019801980198019802,1.0,-0.0,0,0
276,0.0,0.007920792079207921,0.03900537743285587,1.0,-0.0,0,0
277,0.0,0.007920792079207921,0.03900537743285587,1.0,-0.0,0,0
278,0.0,0.007920792079207921,0.03900537743285587,1.0,-0.0,0,0
279,0.0,0.007920792079207921,0.03900537743285587,1.0,-0.0,0,0
280,0.0,0.007920792079207921,0.03900537743285587,1.0,-0.0,0,0
281,0.0,0.0,0.0,1.0,-0.0,0,0
282,0.0,0.0,0.0,1.0,-0.0,0,0
283,0.0,0.0,0.0,1.0,-0.0,0,0
284,0.0,0.0,0.0,1.0,-0.0,0,0
285,0.0,0.0,0.0,1.0,-0.0,0,0
286,0.0,0.0,0.0,1.0,-0.0,0,0
287,0.0,0.0039603960396039604,0.027863855998951068,1.0,-0.0,0,0
288,0.0,0.0039603960396039604,0.027863855998951068,1.0,-0.0,0,0
289,0.0,0.0039603960396039604,0.027863855998951068,1.0,-0.0,0,0
290,0.0,0.011881188118811883,0.047276579747775535,1.0,-0.0,0,0
291,0.0,0.015841584158415842,0.05401260078014202,1.0,-0.0,0,0
292,0.0,0.011881188118811881,0.047276579747775535,1.0,-0.0,0,0
293,0.0,0.04752475247524753,0.08512548617902843,1.0,-0.0,0,0
294,0.0,0.05346534653465347,0.08851285797476045,1.0,-0.0,0,0
295,0.0,0.11089108910891088,0.12734998170941408,1.0,-0.0,0,0
296,0.0,0.1564356435643564,0.1451635073909802,1.0,-0.0,0,0
297,0.0,0.20990099009900987,0.16739409271610342,1.0,-0.0,0,0
298,0.0,0.1762376237623762,0.15742262902456866,1.0,-0.0,0,0
299,0.0,0.17029702970297025,0.15513938444198727,1.0,-0.0,0,0
300,0.0,0.10297029702970295,0.12142344330103676,1.0,-0.0,0,0
301,0.0,0.05544554455445545,0.08952597667688965,1.0,-0.0,0,0
302,0.0,0.0039603960396039604,0.027863855998951064,1.0,-0.0,0,0
303,0.0,0.009900990099009901,0.04338396495090424,1.0,-0.0,0,0
304,0.0,0.04356435643564357,0.09164702150816742,1.0,-0.0,0,0
305,0.0,0.04356435643564357,0.09164702150816742,1.0,-0.0,0,0
306,0.0,0.04554455445544554,0.09283729243351323,1.0,-0.0,0,0
307,0.0,0.06336633663366337,0.11233152161332939,1.0,-0.0,0,0
308,0.0,0.05544554455445545,0.10575073206193021,1.0,-0.0,0,0
309,0.0,0.021782178217821784,0.06230547612891991,1.0,-0.0,0,0
310,0.0,0.06534653465346535,0.1164113937164283,1.0,-0.0,0,0
311,0.0,0.10297029702970295,0.14789308791950764,1.0,-0.0,0,0
312,0.0,0.09108910891089109,0.14494724878689189,1.0,-0.0,0,0
313,0.0,0.10693069306930691,0.15559367350941145,1.0,-0.0,0,0
314,0.0,0.10693069306930691,0.15559367350941145,1.0,-0.0,0,0
315,0.0,0.06732673267326733,0.12673267326732673,1.0,-0.0,0,0
316,0.0,0.041584158415841586,0.08116396646304633,1.0,-0.0,0,0
317,0.0,0.05940594059405942,0.09562531855564071,1.0,-0.0,0,0
318,0.0,0.04356435643564357,0.08721867542790195,1.0,-0.0,0,0
319,0.0,0.04356435643564357,0.08721867542790195,1.0,-0.0,0,0
320,0.0,0.039603960396039604,0.07970143286137867,1.0,-0.0,0,0
321,0.0,0.025742574257425738,0.0669763743575753,1.0,-0.0,0,0
322,0.0,0.0,0.0,1.0,-0.0,0,0
323,0.0,0.0,0.0,1.0,-0.0,0,0
324,0.0,0.0,0.0,1.0,-0.0,0,0
325,0.0,0.0,0.0,1.0,-0.0,0,0
326,0.0,0.0,0.0,1.0,-0.0,0,0
327,0.0,0.0,0.0,1.0,-0.0,0,0
328,0.0,0.0,0.0,1.0,-0.0,0,0
329,0.2,0.04356435643564357,0.08255312311158745,0.029048226759887566,1.5368803738382273,0,0
330,0.2,0.05148514851485149,0.08744317689433512,0.04471467951449677,1.3495498776386112,0,0
331,0.4,0.08118811881188118,0.11320083903331847,0.0024287228901106817,2.6146220340467345,0,0
332,0.4,0.08118811881188118,0.11320083903331847,0.0024287228901106817,2.6146220340467345,0,0
333,0.4,0.08316831683168316,0.1135121635482496,0.002625898487629986,2.5807220669419992,0,0
334,0.2,0.039603960396039604,0.08452453849668534,0.028872622852877186,1.5395137620565469,0,0
335,0.2,0.05544554455445545,0.1019369320889802,0.07808409030039497,1.1074374449781044,0,0
336,0.0,0.025742574257425748,0.06697637435757531,1.0,-0.0,0,0
337,0.2,0.04554455445544555,0.09283729243351321,0.04808399917069303,1.3179994190099724,0,0
338,0.2,0.04356435643564357,0.09164702150816742,0.043916930442951946,1.3573680223438191,0,0
339,0.2,0.04356435643564357,0.09164702150816742,0.043916930442951946,1.3573680223438191,0,0
340,0.2,0.021782178217821784,0.06230547612891991,0.002115616449879084,2.6745630648030154,0,0
341,0.2,0.021782178217821784,0.06230547612891991,0.002115616449879084,2.6745630648030154,0,0
342,0.0,0.007920792079207921,0.03900537743285587,1.0,-0.0,0,0
343,0.0,0.009900990099009901,0.04338396495090424,1.0,-0.0,0,0
344,0.0,0.009900990099009901,0.04338396495090424,1.0,-0.0,0,0
345,0.0,0.007920792079207921,0.03900537743285587,1.0,-0.0,0,0
346,0.0,0.031683168316831684,0.0730260947112308,1.0,-0.0,0,0
347,0.0,0.07524752475247526,0.12219602867755656,1.0,-0.0,0,0
348,0.0,0.10495049504950495,0.15049504950495052,1.0,-0.0,0,0
349,0.0,0.12277227722772276,0.15662352422404113,1.0,-0.0,0,0
350,0.0,0.12277227722772276,0.15662352422404113,1.0,-0.0,0,0
351,0.0,0.09900990099009901,0.1308729634998678,1.0,-0.0,0,0
352,0.0,0.04950495049504951,0.09504950495049506,1.0,-0.0,0,0
353,0.0,0.017821782178217824,0.05698017651460656,1.0,-0.0,0,0
354,0.0,0.013861386138613863,0.05079507064705211,1.0,-0.0,0,0
355,0.0,0.013861386138613863,0.05079507064705211,1.0,-0.0,0,0
356,0.0,0.013861386138613863,0.05079507064705211,1.0,-0.0,0,0
357,0.0,0.013861386138613863,0.05079507064705211,1.0,-0.0,0,0
358,0.0,0.013861386138613863,0.05079507064705211,1.0,-0.0,0,0
359,0.0,0.0,0.0,1.0,-0.0,0,0
360,0.0,0.0,0.0,1.0,-0.0,0,0
361,0.0,0.0,0.0,1.0,-0.0,0,0
362,0.0,0.0,0.0,1.0,-0.0,0,0
363,0.0,0.0039603960396039604,0.027863855998951068,1.0,-0.0,0,0
364,0.0,0.0059405940594059415,0.033953323167291584,1.0,-0.0,0,0
365,0.0,0.0059405940594059415,0.033953323167291584,1.0,-0.0,0,0
366,0.0,0.009900990099009901,0.04338396495090424,1.0,-0.0,0,0
367,0.2,0.03762376237623763,0.07816140339006157,0.018880122929825723,1.7239951823064261,0,0
368,0.4,0.04554455445544555,0.08846854615322249,3.080340316499904e-05,4.51140129992379,0,0
369,0.6,0.11287128712871287,0.13618810981425267,0.00017385893865673092,3.7598029759068154,0,0
370,0.6,0.12673267326732673,0.139937106883602,0.00035980043058029805,3.4439383212613524,0,0
371,0.8,0.16633663366336632,0.1713529319032391,0.00010865188478211713,3.9639627355802416,0,0
372,0.8,0.18217821782178217,0.17371653227296086,0.00018791862280193405,3.726030179030111,0,0
373,0.8,0.2435643564356435,0.18370005771578798,0.0012266428491740388,2.9112818685782442,0,0
374,0.6,0.18811881188118812,0.16123725137284975,0.005316961859283529,2.274336455044503,0,0
375,1.0,0.2475247524752475,0.1760929431716096,9.635630090965225e-06,5.016119880792438,0,0
376,0.8,0.21980198019801975,0.16045714518719123,0.00014964925184939194,3.8249254500131844,0,0
377,0.6,0.1762376237623762,0.1599186147292671,0.004026224091013861,2.395102056873504,0,0
378,0.4,0.1089108910891089,0.1335716590419014,0.014655697207166979,1.8339935162891456,0,0
379,0.4,0.09504950495049505,0.12135883917659061,0.005988860315070215,2.2226558163366756,0,0
380,0.0,0.023762376237623763,0.06471340450838887,1.0,-0.0,0,0
381,0.0,0.007920792079207921,0.03900537743285587,1.0,-0.0,0,0
382,0.0,0.007920792079207921,0.03900537743285587,1.0,-0.0,0,0
383,0.0,0.0,0.0,1.0,-0.0,0,0
384,0.0,0.0,0.0,1.0,-0.0,0,0
385,0.0,0.0,0.0,1.0,-0.0,0,0
386,0.0,0.0,0.0,1.0,-0.0,0,0
387,0.0,0.0,0.0,1.0,-0.0,0,0
388,0.0,0.0,0.0,1.0,-0.0,0,0
389,0.0,0.0,0.0,1.0,-0.0,0,0
390,0.0,0.0,0.0,1.0,-0.0,0,0
391,0.0,0.0,0.0,1.0,-0.0,0,0
392,0.0,0.0,0.0,1.0,-0.0,0,0
393,0.0,0.0,0.0,1.0,-0.0,0,0
394,0.0,0.0,0.0,1.0,-0.0,0,0
395,0.0,0.011881188118811883,0.04727657974777555,1.0,-0.0,0,0
396,0.0,0.011881188118811883,0.04727657974777555,1.0,-0.0,0,0
397,0.0,0.011881188118811883,0.04727657974777555,1.0,-0.0,0,0
398,0.0,0.011881188118811883,0.04727657974777555,1.0,-0.0,0,0
399,0.0,0.011881188118811883,0.04727657974777555,1.0,-0.0,0,0
400,0.0,0.0,0.0,1.0,-0.0,0,0
401,0.0,0.0,0.0,1.0,-0.0,0,0
402,0.0,0.0,0.0,1.0,-0.0,0,0
403,0.0,0.0039603960396039604,0.027863855998951068,1.0,-0.0,0,0
404,0.0,0.0039603960396039604,0.027863855998951068,1.0,-0.0,0,0
405,0.0,0.0039603960396039604,0.027863855998951068,1.0,-0.0,0,0
406,0.0,0.0039603960396039604,0.027863855998951068,1.0,-0.0,0,0
407,0.0,0.013861386138613863,0.05079507064705211,1.0,-0.0,0,0
408,0.0,0.017821782178217824,0.056980176514606566,1.0,-0.0,0,0
409,0.0,0.017821782178217824,0.056980176514606566,1.0,-0.0,0,0
410,0.0,0.017821782178217824,0.056980176514606566,1.0,-0.0,0,0
411,0.0,0.017821782178217824,0.056980176514606566,1.0,-0.0,0,0
412,0.0,0.007920792079207921,0.03900537743285587,1.0,-0.0,0,0
413,0.0,0.0,0.0,1.0,-0.0,0,0
414,0.0,0.0,0.0,1.0,-0.0,0,0
415,0.0,0.0,0.0,1.0,-0.0,0,0
416,0.0,0.0,0.0,1.0,-0.0,0,0
417,0.0,0.0,0.0,1.0,-0.0,0,0
418,0.0,0.0,0.0,1.0,-0.0,0,0
419,0.0,0.0,0.0,1.0,-0.0,0,0
420,0.0,0.0,0.0,1.0,-0.0,0,0
421,0.0,0.0,0.0,1.0,-0.0,0,0
422,0.0,0.0,0.0,1.0,-0.0,0,0
423,0.0,0.0,0.0,1.0,-0.0,0,0
424,0.2,0.023762376237623766,0.07056843438101175,0.00625538335613176,2.203746069767374,0,0
425,0.2,0.023762376237623766,0.07056843438101175,0.00625538335613176,2.203746069767374,0,0
426,0.2,0.023762376237623766,0.07056843438101175,0.00625538335613176,2.203746069767374,0,0
427,0.2,0.061386138613861385,0.10433219700847123,0.09199298471617674,1.0362452902111776,0,0
428,0.2,0.061386138613861385,0.10433219700847123,0.09199298471617674,1.0362452902111776,0,0
429,0.0,0.0712871287128713,0.10747934055534188,1.0,-0.0,0,0
430,0.0,0.09306930693069307,0.12762679639066948,1.0,-0.0,0,0
431,0.0,0.09306930693069307,0.12762679639066948,1.0,-0.0,0,0
432,0.0,0.0910891089108911,0.13650445892763632,1.0,-0.0,0,0
433,0.0,0.0910891089108911,0.13650445892763632,1.0,-0.0,0,0
434,0.0,0.05742574257425742,0.10277971700879983,1.0,-0.0,0,0
435,0.0,0.04950495049504951,0.09504950495049506,1.0,-0.0,0,0
436,0.0,0.04950495049504951,0.09504950495049506,1.0,-0.0,0,0
437,0.0,0.01386138613861386,0.05079507064705211,1.0,-0.0,0,0
438,0.0,0.01386138613861386,0.05079507064705211,1.0,-0.0,0,0
439,0.0,0.0594059405940594,0.1109617879296784,1.0,-0.0,0,0
440,0.2,0.05742574257425742,0.10277971700879983,0.08269301175340939,1.0825311903890302,0,0
441,0.2,0.05742574257425742,0.10277971700879983,0.08269301175340939,1.0825311903890302,0,0
442,0.2,0.06732673267326733,0.11000352009767247,0.11389293410569636,0.9435032186258506,0,0
443,0.2,0.06732673267326733,0.11000352009767247,0.11389293410569636,0.9435032186258506,0,0
444,0.2,0.021782178217821784,0.06230547612891991,0.002115616449879084,2.6745630648030154,0,0
445,0.0,0.011881188118811883,0.047276579747775535,1.0,-0.0,0,0
446,0.0,0.011881188118811883,0.047276579747775535,1.0,-0.0,0,0
447,0.0,0.009900990099009901,0.04338396495090424,1.0,-0.0,0,0
448,0.0,0.009900990099009901,0.04338396495090424,1.0,-0.0,0,0
449,0.0,0.009900990099009901,0.04338396495090424,1.0,-0.0,0,0
450,0.0,0.007920792079207921,0.03900537743285587,1.0,-0.0,0,0
451,0.0,0.007920792079207921,0.03900537743285587,1.0,-0.0,0,0
452,0.0,0.0,0.0,1.0,-0.0,0,0
453,0.0,0.0,0.0,1.0,-0.0,0,0
454,0.0,0.0,0.0,1.0,-0.0,0,0
455,0.0,0.0,0.0,1.0,-0.0,0,0
456,0.0,0.0,0.0,1.0,-0.0,0,0
457,0.0,0.0,0.0,1.0,-0.0,0,0
458,0.0,0.0,0.0,1.0,-0.0,0,0
459,0.0,0.0039603960396039604,0.027863855998951064,1.0,-0.0,0,0
460,0.0,0.0039603960396039604,0.027863855998951064,1.0,-0.0,0,0
461,0.0,0.0039603960396039604,0.027863855998951064,1.0,-0.0,0,0
462,0.0,0.0039603960396039604,0.027863855998951064,1.0,-0.0,0,0
463,0.0,0.0039603960396039604,0.027863855998951064,1.0,-0.0,0,0
464,0.0,0.0,0.0,1.0,-0.0,0,0
465,0.0,0.0,0.0,1.0,-0.0,0,0
466,0.0,0.0,0.0,1.0,-0.0,0,0
467,0.0,0.0,0.0,1.0,-0.0,0,0
468,0.0,0.0,0.0,1.0,-0.0,0,0
469,0.0,0.0,0.0,1.0,-0.0,0,0
470,0.0,0.0,0.0,1.0,-0.0,0,0
471,0.0,0.0,0.0,1.0,-0.0,0,0
472,0.0,0.0,0.0,1.0,-0.0,0,0
473,0.0,0.0,0.0,1.0,-0.0,0,0
474,0.0,0.0,0.0,1.0,-0.0,0,0
475,0.0,0.0,0.0,1.0,-0.0,0,0
476,0.0,0.0,0.0,1.0,-0.0,0,0
477,0.0,0.0,0.0,1.0,-0.0,0,0
478,0.0,0.0,0.0,1.0,-0.0,0,0
479,0.0,0.0,0.0,1.0,-0.0,0,0
480,0.0,0.0,0.0,1.0,-0.0,0,0
481,0.0,0.0,0.0,1.0,-0.0,0,0
482,0.0,0.0,0.0,1.0,-0.0,0,0
483,0.0,0.0,0.0,1.0,-0.0,0,0
484,0.0,0.0,0.0,1.0,-0.0,0,0
485,0.0,0.0,0.0,1.0,-0.0,0,0
486,0.0,0.0,0.0,1.0,-0.0,0,0
487,0.0,0.0,0.0,1.0,-0.0,0,0
488,0.0,0.0,0.0,1.0,-0.0,0,0
489,0.0,0.0,0.0,1.0,-0.0,0,0
490,0.0,0.0,0.0,1.0,-0.0,0,0
491,0.0,0.0,0.0,1.0,-0.0,0,0
492,0.0,0.0,0.0,1.0,-0.0,0,0
493,0.0,0.033663366336633666,0.07994704648786674,1.0,-0.0,0,0
494,0.0,0.033663366336633666,0.07994704648786674,1.0,-0.0,0,0
495,0.0,0.03960396039603961,0.08452453849668534,1.0,-0.0,0,0
496,0.0,0.03960396039603961,0.08452453849668534,1.0,-0.0,0,0
497,0.0,0.03960396039603961,0.08452453849668534,1.0,-0.0,0,0
498,0.0,0.0059405940594059415,0.03395332316729157,1.0,-0.0,0,0
499,0.0,0.0059405940594059415,0.03395332316729157,1.0,-0.0,0,0
500,0.0,0.0,0.0,1.0,-0.0,0,0
501,0.0,0.0,0.0,1.0,-0.0,0,0
502,0.0,0.0,0.0,1.0,-0.0,0,0
503,0.0,0.0,0.0,1.0,-0.0,0,0
504,0.0,0.0,0.0,1.0,-0.0,0,0
505,0.0,0.009900990099009901,0.0517131281473291,1.0,-0.0,0,0
506,0.0,0.011881188118811883,0.05501958015623684,1.0,-0.0,0,0
507,0.0,0.011881188118811883,0.05501958015623684,1.0,-0.0,0,0
508,0.0,0.011881188118811883,0.05501958015623684,1.0,-0.0,0,0
509,0.0,0.011881188118811883,0.05501958015623684,1.0,-0.0,0,0
510,0.2,0.017821782178217824,0.056980176514606566,0.0006937928196726553,3.15877019915046,0,0
511,0.2,0.017821782178217824,0.056980176514606566,0.0006937928196726553,3.15877019915046,0,0
512,0.2,0.017821782178217824,0.056980176514606566,0.0006937928196726553,3.15877019915046,0,0
513,0.2,0.017821782178217824,0.056980176514606566,0.0006937928196726553,3.15877019915046,0,0
514,0.2,0.023762376237623766,0.06471340450838887,0.003231121245907738,2.4906467450338194,0,0
515,0.0,0.007920792079207921,0.03900537743285587,1.0,-0.0,0,0
516,0.0,0.0059405940594059415,0.03395332316729158,1.0,-0.0,0,0
517,0.0,0.0059405940594059415,0.03395332316729158,1.0,-0.0,0,0
518,0.0,0.0059405940594059415,0.03395332316729158,1.0,-0.0,0,0
519,0.0,0.0,0.0,1.0,-0.0,0,0
520,0.0,0.0,0.0,1.0,-0.0,0,0
521,0.0,0.0,0.0,1.0,-0.0,0,0
522,0.0,0.0,0.0,1.0,-0.0,0,0
523,0.0,0.0,0.0,1.0,-0.0,0,0
524,0.0,0.0,0.0,1.0,-0.0,0,0
525,0.0,0.0,0.0,1.0,-0.0,0,0
526,0.0,0.0,0.0,1.0,-0.0,0,0
527,0.0,0.0,0.0,1.0,-0.0,0,0
528,0.0,0.0,0.0,1.0,-0.0,0,0
529,0.0,0.0,0.0,1.0,-0.0,0,0
530,0.0,0.0039603960396039604,0.02786385599895107,1.0,-0.0,0,0
531,0.0,0.0039603960396039604,0.02786385599895107,1.0,-0.0,0,0
532,0.0,0.0039603960396039604,0.02786385599895107,1.0,-0.0,0,0
533,0.0,0.0039603960396039604,0.02786385599895107,1.0,-0.0,0,0
534,0.0,0.023762376237623766,0.07056843438101175,1.0,-0.0,0,0
535,0.0,0.06336633663366337,0.11580349716604711,1.0,-0.0,0,0
536,0.0,0.06336633663366337,0.11580349716604711,1.0,-0.0,0,0
537,0.0,0.06336633663366337,0.11580349716604711,1.0,-0.0,0,0
538,0.0,0.06336633663366337,0.11580349716604711,1.0,-0.0,0,0
539,0.0,0.04356435643564357,0.08721867542790195,1.0,-0.0,0,0
540,0.0,0.0,0.0,1.0,-0.0,0,0
541,0.0,0.0,0.0,1.0,-0.0,0,0
542,0.0,0.0,0.0,1.0,-0.0,0,0
543,0.0,0.0,0.0,1.0,-0.0,0,0
544,0.0,0.0,0.0,1.0,-0.0,0,0
545,0.0,0.0,0.0,1.0,-0.0,0,0
546,0.0,0.0,0.0,1.0,-0.0,0,0
547,0.0,0.0,0.0,1.0,-0.0,0,0
548,0.0,0.0,0.0,1.0,-0.0,0,0
549,0.0,0.0,0.0,1.0,-0.0,0,0
550,0.0,0.0,0.0,1.0,-0.0,0,0
551,0.0,0.0,0.0,1.0,-0.0,0,0
552,0.0,0.0,0.0,1.0,-0.0,0,0
553,0.0,0.0,0.0,1.0,-0.0,0,0
554,0.0,0.0,0.0,1.0,-0.0,0,0
555,0.0,0.0,0.0,1.0,-0.0,0,0
556,0.0,0.0,0.0,1.0,-0.0,0,0
557,0.0,0.0,0.0,1.0,-0.0,0,0
558,0.0,0.0,0.0,1.0,-0.0,0,0
559,0.0,0.0,0.0,1.0,-0.0,0,0
560,0.0,0.0,0.0,1.0,-0.0,0,0
561,0.0,0.0,0.0,1.0,-0.0,0,0
562,0.0,0.013861386138613863,0.05079507064705211,1.0,-0.0,0,0
563,0.0,0.027722772277227727,0.06910862719451544,1.0,-0.0,0,0
564,0.0,0.027722772277227727,0.06910862719451544,1.0,-0.0,0,0
565,0.0,0.027722772277227727,0.06910862719451544,1.0,-0.0,0,0
566,0.0,0.027722772277227727,0.06910862719451544,1.0,-0.0,0,0
567,0.0,0.03564356435643565,0.07653920035678292,1.0,-0.0,0,0
568,0.0,0.027722772277227727,0.06910862719451544,1.0,-0.0,0,0
569,0.0,0.027722772277227727,0.06910862719451544,1.0,-0.0,0,0
570,0.0,0.05940594059405942,0.0996808946427978,1.0,-0.0,0,0
571,0.0,0.05940594059405942,0.0996808946427978,1.0,-0.0,0,0
572,0.0,0.03762376237623763,0.07816140339006158,1.0,-0.0,0,0
573,0.0,0.09108910891089109,0.13057300215314485,1.0,-0.0,0,0
574,0.0,0.19405940594059404,0.17224308299392188,1.0,-0.0,0,0
575,0.0,0.16237623762376235,0.16341133493685353,1.0,-0.0,0,0
576,0.0,0.16237623762376235,0.16341133493685353,1.0,-0.0,0,0
577,0.0,0.18217821782178217,0.17371653227296088,1.0,-0.0,0,0
578,0.0,0.12079207920792079,0.14094225464771679,1.0,-0.0,0,0
579,0.0,0.019801980198019802,0.0597350618970232,1.0,-0.0,0,0
580,0.0,0.04554455445544555,0.09700949476369022,1.0,-0.0,0,0
581,0.0,0.0930693069306931,0.12762679639066946,1.0,-0.0,0,0
582,0.0,0.07326732673267328,0.11159606181073561,1.0,-0.0,0,0
583,0.0,0.07326732673267328,0.11159606181073561,1.0,-0.0,0,0
584,0.0,0.1188118811881188,0.14939672169394075,1.0,-0.0,0,0
585,0.0,0.11881188118811879,0.14122019271030048,1.0,-0.0,0,0
586,0.0,0.0712871287128713,0.11110305060677654,1.0,-0.0,0,0
587,0.0,0.0712871287128713,0.11110305060677654,1.0,-0.0,0,0
588,0.0,0.0712871287128713,0.11110305060677654,1.0,-0.0,0,0
589,0.0,0.025742574257425748,0.0669763743575753,1.0,-0.0,0,0
590,0.0,0.0,0.0,1.0,-0.0,0,0
591,0.0,0.0,0.0,1.0,-0.0,0,0
592,0.0,0.0,0.0,1.0,-0.0,0,0
593,0.0,0.011881188118811883,0.047276579747775535,1.0,-0.0,0,0
