,foreground,bg_means,bg_stdev,pvals,minus_logs,regs,active
2,4.4,2.2950495049504944,0.5201630052250019,2.5970909217936912e-05,4.585512845849297,0,0
3,4.4,2.2950495049504944,0.5201630052250019,2.5970909217936912e-05,4.585512845849297,0,0
4,2.2,1.2079207920792079,0.45373765009335937,0.014390985202363702,1.8419094733807035,0,0
5,0.0,0.025742574257425748,0.06697637435757531,1.0,-0.0,0,0
6,0.0,0.025742574257425748,0.06697637435757531,1.0,-0.0,0,0
7,0.0,0.025742574257425748,0.06697637435757531,1.0,-0.0,0,0
8,0.0,0.025742574257425748,0.06697637435757531,1.0,-0.0,0,0
9,0.0,0.025742574257425748,0.06697637435757531,1.0,-0.0,0,0
10,0.0,0.0,0.0,1.0,-0.0,0,0
11,0.0,0.0,0.0,1.0,-0.0,0,0
12,0.0,0.0,0.0,1.0,-0.0,0,0
13,0.0,0.0,0.0,1.0,-0.0,0,0
14,0.0,0.0,0.0,1.0,-0.0,0,0
15,0.0,0.0,0.0,1.0,-0.0,0,0
16,0.0,0.0,0.0,1.0,-0.0,0,0
17,0.0,0.0,0.0,1.0,-0.0,0,0
18,0.0,0.0,0.0,1.0,-0.0,0,0
19,0.0,0.0,0.0,1.0,-0.0,0,0
20,0.0,0.0,0.0,1.0,-0.0,0,0
21,0.0,0.0,0.0,1.0,-0.0,0,0
22,0.0,0.0,0.0,1.0,-0.0,0,0
23,0.0,0.0,0.0,1.0,-0.0,0,0
24,0.2,0.22970297029702966,0.13898112590389378,1.0,-0.0,0,0
25,0.2,0.22970297029702966,0.13898112590389378,1.0,-0.0,0,0
26,0.2,0.22970297029702966,0.13898112590389378,1.0,-0.0,0,0
27,0.2,0.22970297029702966,0.13898112590389378,1.0,-0.0,0,0
28,0.2,0.22970297029702966,0.13898112590389378,1.0,-0.0,0,0
29,0.0,0.0,0.0,1.0,-0.0,0,0
30,0.0,0.0,0.0,1.0,-0.0,0,0
31,0.2,0.1306930693069307,0.13912212332871524,0.30918094124488205,0.5097872850230734,0,0
32,0.4,0.7465346534653464,0.31702964112775445,1.0,-0.0,0,0
33,0.4,0.8514851485148514,0.32536768580722975,1.0,-0.0,0,0
34,0.8,1.1940594059405942,0.3520299779590161,1.0,-0.0,0,0
35,0.8,1.1940594059405942,0.3520299779590161,1.0,-0.0,0,0
36,1.2,2.02970297029703,0.4998107670533565,1.0,-0.0,0,0
37,1.0,1.411881188118812,0.5087914487872063,1.0,-0.0,0,0
38,1.0,1.3069306930693068,0.49995196318604357,1.0,-0.0,0,0
39,1.0,1.1049504950495053,0.46038645790093224,1.0,-0.0,0,0
40,1.0,1.3623762376237627,0.47237581219850894,1.0,-0.0,0,0
41,0.4,0.39603960396039606,0.23033371918566883,0.4931408584631506,0.30702901314526987,0,0
42,0.4,0.39603960396039606,0.23033371918566883,0.4931408584631506,0.30702901314526987,0,0
43,0.4,0.39603960396039606,0.23033371918566883,0.4931408584631506,0.30702901314526987,0,0
44,0.0,0.2554455445544554,0.20512022435768013,1.0,-0.0,0,0
45,0.0,0.0,0.0,1.0,-0.0,0,0
46,0.0,0.0,0.0,1.0,-0.0,0,0
47,0.0,0.0,0.0,1.0,-0.0,0,0
48,0.0,0.0,0.0,1.0,-0.0,0,0
49,0.0,0.0,0.0,1.0,-0.0,0,0
50,0.0,0.0,0.0,1.0,-0.0,0,0
51,0.2,0.5623762376237623,0.2824403854206009,1.0,-0.0,0,0
52,0.2,0.5623762376237623,0.2824403854206009,1.0,-0.0,0,0
53,0.2,0.5861386138613862,0.29282837299982084,1.0,-0.0,0,0
54,0.2,0.5861386138613862,0.29282837299982084,1.0,-0.0,0,0
55,0.2,0.5861386138613862,0.29282837299982084,1.0,-0.0,0,0
56,0.0,0.1089108910891089,0.13057300215314482,1.0,-0.0,0,0
57,0.0,0.1089108910891089,0.13057300215314482,1.0,-0.0,0,0
58,0.0,0.08514851485148513,0.12379009590564582,1.0,-0.0,0,0
59,0.0,0.08514851485148513,0.12379009590564582,1.0,-0.0,0,0
60,0.0,0.08514851485148513,0.12379009590564582,1.0,-0.0,0,0
61,0.0,0.0,0.0,1.0,-0.0,0,0
62,0.0,0.0,0.0,1.0,-0.0,0,0
63,0.0,0.0,0.0,1.0,-0.0,0,0
64,0.0,0.0,0.0,1.0,-0.0,0,0
65,0.0,0.0,0.0,1.0,-0.0,0,0
66,0.0,0.0,0.0,1.0,-0.0,0,0
67,0.0,0.0,0.0,1.0,-0.0,0,0
68,0.0,0.0,0.0,1.0,-0.0,0,0
69,0.0,0.0,0.0,1.0,-0.0,0,0
70,0.0,0.0,0.0,1.0,-0.0,0,0
71,0.0,0.03762376237623763,0.07816140339006157,1.0,-0.0,0,0
72,0.0,0.03762376237623763,0.07816140339006157,1.0,-0.0,0,0
73,0.0,0.03762376237623763,0.07816140339006157,1.0,-0.0,0,0
74,0.0,0.03762376237623763,0.07816140339006157,1.0,-0.0,0,0
75,0.0,0.03762376237623763,0.07816140339006157,1.0,-0.0,0,0
76,0.0,0.0,0.0,1.0,-0.0,0,0
77,0.0,0.0,0.0,1.0,-0.0,0,0
78,0.0,0.031683168316831684,0.0730260947112308,1.0,-0.0,0,0
79,0.0,0.031683168316831684,0.0730260947112308,1.0,-0.0,0,0
80,0.0,0.031683168316831684,0.0730260947112308,1.0,-0.0,0,0
81,0.0,0.031683168316831684,0.0730260947112308,1.0,-0.0,0,0
82,0.0,0.031683168316831684,0.0730260947112308,1.0,-0.0,0,0
83,0.0,0.0,0.0,1.0,-0.0,0,0
84,0.0,0.0,0.0,1.0,-0.0,0,0
85,0.0,0.031683168316831684,0.0730260947112308,1.0,-0.0,0,0
86,0.0,0.031683168316831684,0.0730260947112308,1.0,-0.0,0,0
87,0.0,0.031683168316831684,0.0730260947112308,1.0,-0.0,0,0
88,0.0,0.031683168316831684,0.0730260947112308,1.0,-0.0,0,0
89,0.0,0.031683168316831684,0.0730260947112308,1.0,-0.0,0,0
90,0.0,0.0,0.0,1.0,-0.0,0,0
91,0.0,0.0,0.0,1.0,-0.0,0,0
92,0.0,0.03762376237623762,0.07816140339006158,1.0,-0.0,0,0
93,0.0,0.03762376237623762,0.07816140339006158,1.0,-0.0,0,0
94,0.2,0.1089108910891089,0.14494724878689189,0.26486134954069185,0.5769814124309087,0,0
95,0.2,0.1089108910891089,0.14494724878689189,0.26486134954069185,0.5769814124309087,0,0
96,0.2,0.1089108910891089,0.14494724878689189,0.26486134954069185,0.5769814124309087,0,0
97,0.4,0.2514851485148515,0.19428154592334312,0.22230519738590626,0.6530503835914586,0,0
98,0.4,0.2514851485148515,0.19428154592334312,0.22230519738590626,0.6530503835914586,0,0
99,0.2,0.1801980198019802,0.1676983394830901,0.4530017565056826,0.3439001140153217,0,0
100,0.2,0.1801980198019802,0.1676983394830901,0.4530017565056826,0.3439001140153217,0,0
101,0.4,0.35049504950495053,0.2113716460355311,0.40741171554770317,0.3899664865666747,0,0
102,0.2,0.17029702970297025,0.13898112590389378,0.41538292000290067,0.3815513650493383,0,0
103,0.6,0.5940594059405941,0.32021706195636096,0.49259933811863155,0.30750617603654024,0,0
104,0.6,0.5940594059405941,0.32021706195636096,0.49259933811863155,0.30750617603654024,0,0
105,0.6,0.5940594059405941,0.32021706195636096,0.49259933811863155,0.30750617603654024,0,0
106,0.4,0.42376237623762386,0.2860272488755294,1.0,-0.0,0,0
107,0.4,0.5128712871287129,0.30104220497393885,1.0,-0.0,0,0
108,0.0,0.08910891089108909,0.09940515166741493,1.0,-0.0,0,0
109,0.0,0.08910891089108909,0.09940515166741493,1.0,-0.0,0,0
110,0.0,0.08910891089108909,0.09940515166741493,1.0,-0.0,0,0
111,0.0,0.08910891089108909,0.09940515166741493,1.0,-0.0,0,0
112,0.0,0.0,0.0,1.0,-0.0,0,0
113,0.0,0.0,0.0,1.0,-0.0,0,0
114,0.0,0.0,0.0,1.0,-0.0,0,0
115,0.0,0.0,0.0,1.0,-0.0,0,0
116,0.0,0.0,0.0,1.0,-0.0,0,0
117,0.0,0.0,0.0,1.0,-0.0,0,0
118,0.0,0.0,0.0,1.0,-0.0,0,0
119,0.0,0.0,0.0,1.0,-0.0,0,0
120,0.0,0.0,0.0,1.0,-0.0,0,0
121,0.0,0.0,0.0,1.0,-0.0,0,0
122,0.2,0.023762376237623766,0.06471340450838887,0.003231121245907738,2.4906467450338194,0,0
123,0.2,0.06336633663366337,0.10874875419996817,0.10448261079208833,0.9809559838634979,0,0
124,0.2,0.3316831683168317,0.22379742124586335,1.0,-0.0,0,0
125,0.2,0.36039603960396044,0.2216406903704273,1.0,-0.0,0,0
126,0.2,0.6019801980198021,0.2985045890884953,1.0,-0.0,0,0
127,0.0,0.9247524752475248,0.3479518404692701,1.0,-0.0,0,0
128,0.0,0.8841584158415842,0.3402773106919529,1.0,-0.0,0,0
129,0.0,0.6158415841584158,0.3217319077259444,1.0,-0.0,0,0
130,0.0,0.5881188118811881,0.31190476101390757,1.0,-0.0,0,0
131,0.0,0.7108910891089109,0.3542950021302268,1.0,-0.0,0,0
132,0.0,0.3663366336633663,0.2670992798411072,1.0,-0.0,0,0
133,0.0,0.3663366336633663,0.2670992798411072,1.0,-0.0,0,0
134,0.0,0.3663366336633663,0.2670992798411072,1.0,-0.0,0,0
135,0.0,0.3663366336633663,0.2670992798411072,1.0,-0.0,0,0
136,0.0,0.0,0.0,1.0,-0.0,0,0
137,0.0,0.0,0.0,1.0,-0.0,0,0
138,0.0,0.0,0.0,1.0,-0.0,0,0
139,0.0,0.0,0.0,1.0,-0.0,0,0
140,0.2,0.11089108910891088,0.13636075485692528,0.2567237116992276,0.5905340168581737,0,0
141,0.4,0.20396039603960395,0.1711468549412428,0.1260120767580153,0.8995878309298329,0,0
142,0.6,0.22970297029702968,0.18322985319016175,0.0216428497808241,1.6646855549055442,0,0
143,0.6,0.22970297029702968,0.18322985319016175,0.0216428497808241,1.6646855549055442,0,0
