,foreground,bg_means,bg_stdev,pvals,minus_logs,regs,active
2,0.0,0.19801980198019797,0.179095747399525,1.0,-0.0,0,0
3,0.0,0.19801980198019797,0.179095747399525,1.0,-0.0,0,0
4,0.0,0.0,0.0,1.0,-0.0,0,0
5,0.0,0.0,0.0,1.0,-0.0,0,0
6,0.0,0.2059405940594059,0.19991175388711227,1.0,-0.0,0,0
7,0.0,0.25742574257425743,0.22398131757905296,1.0,-0.0,0,0
8,0.0,0.3435643564356436,0.24712839553165716,1.0,-0.0,0,0
9,0.0,0.3435643564356436,0.24712839553165716,1.0,-0.0,0,0
10,0.0,0.3435643564356436,0.24712839553165716,1.0,-0.0,0,0
11,0.0,0.13861386138613857,0.15348770198080078,1.0,-0.0,0,0
12,0.0,0.08514851485148513,0.130031327995105,1.0,-0.0,0,0
13,0.0,0.0,0.0,1.0,-0.0,0,0
14,0.0,0.15049504950495046,0.16021258301915867,1.0,-0.0,0,0
15,0.0,0.15049504950495046,0.16021258301915867,1.0,-0.0,0,0
16,0.0,0.15049504950495046,0.16021258301915867,1.0,-0.0,0,0
17,0.2,0.22772277227722773,0.19706701472672838,1.0,-0.0,0,0
18,0.2,0.22772277227722773,0.19706701472672838,1.0,-0.0,0,0
19,0.2,0.14455445544554454,0.14383382017690993,0.34993966557139244,0.4560068275587383,0,0
20,0.2,0.18019801980198016,0.15796966871429013,0.4501220267156997,0.34666973434652226,0,0
21,0.2,0.42574257425742573,0.24318573163041604,1.0,-0.0,0,0
22,0.0,0.3485148514851486,0.23656529937533588,1.0,-0.0,0,0
23,0.0,0.3485148514851486,0.23656529937533588,1.0,-0.0,0,0
24,0.0,0.28118811881188116,0.20133852645501055,1.0,-0.0,0,0
25,1.0,0.44158415841584153,0.27187188549992036,0.01998944990830316,1.6991991571112792,0,0
26,1.0,0.19603960396039602,0.2029099161576158,3.7138255581825326e-05,4.4301784993302045,0,0
27,1.0,0.2198019801980198,0.20586441850878456,7.536508334339112e-05,4.122829816245837,0,0
28,1.0,0.2198019801980198,0.20586441850878456,7.536508334339112e-05,4.122829816245837,0,0
29,1.0,0.2198019801980198,0.20586441850878456,7.536508334339112e-05,4.122829816245837,0,0
30,0.0,0.023762376237623763,0.06471340450838889,1.0,-0.0,0,0
31,0.0,0.023762376237623763,0.06471340450838889,1.0,-0.0,0,0
32,0.6,0.21386138613861383,0.19347254159325525,0.022976127517695795,1.6387231670931754,0,0
33,0.8,0.25742574257425743,0.20164989494021335,0.003565385133741009,2.4478935506860626,0,0
34,1.0,0.3376237623762377,0.19440260619841396,0.0003281175909392437,3.483970485727777,0,0
35,1.0,0.3376237623762377,0.19440260619841396,0.0003281175909392437,3.483970485727777,0,0
36,1.0,0.3376237623762377,0.19440260619841396,0.0003281175909392437,3.483970485727777,0,0
37,0.4,0.12475247524752471,0.12219602867755656,0.0121450957838274,1.9155990557272196,0,0
38,0.2,0.07920792079207921,0.09781456661567106,0.10843220472298494,0.9648417117433487,0,0
39,0.0,0.0,0.0,1.0,-0.0,0,0
40,0.0,0.0,0.0,1.0,-0.0,0,0
41,0.0,0.5346534653465347,0.2565713162256716,1.0,-0.0,0,0
42,0.0,0.5346534653465347,0.2565713162256716,1.0,-0.0,0,0
43,0.0,0.5346534653465347,0.2565713162256716,1.0,-0.0,0,0
44,0.0,0.601980198019802,0.27789170838310306,1.0,-0.0,0,0
45,0.0,0.7801980198019802,0.32274190466343505,1.0,-0.0,0,0
46,0.0,0.27326732673267323,0.21008771817623514,1.0,-0.0,0,0
47,0.0,0.27326732673267323,0.21008771817623514,1.0,-0.0,0,0
48,0.0,0.33861386138613864,0.24654857012691103,1.0,-0.0,0,0
49,0.2,0.3188118811881188,0.2535736154900559,1.0,-0.0,0,0
50,0.6,0.2871287128712871,0.23783818708310273,0.09417438172047417,1.0260672223725607,0,0
51,0.8,0.3148514851485148,0.24591157495289667,0.024255895342178174,1.6151826899106956,0,0
52,0.8,0.3326732673267327,0.24418338786479019,0.02782061606801381,1.555633257091045,0,0
53,0.8,0.26930693069306927,0.21514101949371997,0.006817810207369237,2.166355092728646,0,0
54,1.0,0.5247524752475248,0.3002988414513807,0.056758390624190254,1.2459699273960751,0,0
55,0.8,0.7148514851485147,0.28749038334802834,0.3835468246786462,0.4161816083559981,0,0
56,1.0,0.8336633663366335,0.28153652937202656,0.27732144306315953,0.5570165485831149,0,0
57,1.0,0.8158415841584159,0.2781596782202436,0.2539663626242058,0.5952238010733163,0,0
58,1.0,0.8158415841584159,0.2781596782202436,0.2539663626242058,0.5952238010733163,0,0
59,0.6,0.512871287128713,0.2601078855895531,0.36882331539819674,0.4331816325513782,0,0
60,0.4,0.1762376237623762,0.15488642587743504,0.07427293847705911,1.1291693936537164,0,0
61,0.0,0.0,0.0,1.0,-0.0,0,0
62,0.2,0.10891089108910891,0.13057300215314485,0.24271037887342684,0.6149116518053507,0,0
63,0.8,0.31782178217821777,0.2217821782178218,0.014848544833062022,1.8283161053997776,0,0
64,0.8,0.4000000000000001,0.2286421389918584,0.04010587306207692,1.396792025093375,0,0
65,2.2,1.0257425742574258,0.3834841484961649,0.0010990399194863853,2.958986532783244,0,0
66,2.2,1.0257425742574258,0.3834841484961649,0.0010990399194863853,2.958986532783244,0,0
67,2.0,0.9148514851485148,0.3596990322268369,0.0012771922262165107,2.8937437335099396,0,0
68,1.4,0.7524752475247524,0.3367268362613857,0.027240202769205087,1.5647896639685361,0,0
69,1.4,0.8495049504950494,0.39442244086344874,0.08140256128685715,1.089361930058604,0,0
70,0.0,0.2237623762376237,0.19556899208121012,1.0,-0.0,0,0
71,0.0,0.2673267326732673,0.22912183230290262,1.0,-0.0,0,0
72,0.0,0.30099009900990104,0.23651556769768142,1.0,-0.0,0,0
73,0.0,0.25742574257425743,0.21310831841325162,1.0,-0.0,0,0
74,0.0,0.07722772277227724,0.1124710639300034,1.0,-0.0,0,0
75,0.0,0.1069306930693069,0.13661931335176508,1.0,-0.0,0,0
76,0.0,0.16435643564356434,0.15769638607575878,1.0,-0.0,0,0
77,0.0,0.1306930693069307,0.1447035715361989,1.0,-0.0,0,0
78,0.0,0.1306930693069307,0.1447035715361989,1.0,-0.0,0,0
79,0.0,0.1306930693069307,0.1447035715361989,1.0,-0.0,0,0
80,0.0,0.1762376237623762,0.1599186147292671,1.0,-0.0,0,0
81,0.0,0.2792079207920792,0.2011436763886015,1.0,-0.0,0,0
82,0.0,0.299009900990099,0.22624574806133213,1.0,-0.0,0,0
83,0.0,0.299009900990099,0.22624574806133213,1.0,-0.0,0,0
84,0.0,0.299009900990099,0.22624574806133213,1.0,-0.0,0,0
85,0.0,0.22376237623762374,0.19353333422369295,1.0,-0.0,0,0
86,0.0,0.019801980198019802,0.059735061897023205,1.0,-0.0,0,0
87,0.0,0.06930693069306931,0.11057238501634628,1.0,-0.0,0,0
88,0.0,0.06930693069306931,0.11057238501634628,1.0,-0.0,0,0
89,0.0,0.06930693069306931,0.11057238501634628,1.0,-0.0,0,0
90,0.0,0.06930693069306931,0.11057238501634628,1.0,-0.0,0,0
91,0.0,0.06930693069306931,0.11057238501634628,1.0,-0.0,0,0
92,0.0,0.0,0.0,1.0,-0.0,0,0
93,0.0,0.02772277227722772,0.06910862719451544,1.0,-0.0,0,0
94,0.0,0.06534653465346535,0.10571364605971598,1.0,-0.0,0,0
95,0.0,0.11485148514851483,0.14717547862227365,1.0,-0.0,0,0
96,0.0,0.18217821782178212,0.16191676116245252,1.0,-0.0,0,0
97,0.0,0.30297029702970296,0.20414295396213658,1.0,-0.0,0,0
98,0.0,0.4514851485148515,0.24800745013807116,1.0,-0.0,0,0
99,0.0,0.5386138613861386,0.2852722503812191,1.0,-0.0,0,0
100,0.0,0.48712871287128706,0.2749125392285262,1.0,-0.0,0,0
101,0.0,0.47722772277227726,0.2951358767857635,1.0,-0.0,0,0
102,0.0,0.35643564356435653,0.24632580919199432,1.0,-0.0,0,0
103,0.0,0.18019801980198016,0.16769833948309013,1.0,-0.0,0,0
104,0.0,0.07920792079207921,0.10928827506175545,1.0,-0.0,0,0
105,0.0,0.07920792079207921,0.10928827506175545,1.0,-0.0,0,0
106,0.0,0.023762376237623766,0.06471340450838889,1.0,-0.0,0,0
107,0.0,0.16237623762376235,0.15341104117423018,1.0,-0.0,0,0
108,0.0,0.19009900990099005,0.16259343117237499,1.0,-0.0,0,0
109,0.0,0.23366336633663365,0.19308707712077475,1.0,-0.0,0,0
110,0.2,0.25346534653465347,0.20077294028731207,1.0,-0.0,0,0
111,0.2,0.25346534653465347,0.20077294028731207,1.0,-0.0,0,0
112,0.2,0.11485148514851484,0.1444594832462533,0.27778698168757926,0.5562881110596214,0,0
113,0.2,0.08712871287128712,0.12401163019288061,0.18136723570535113,0.7414411662151199,0,0
114,0.2,0.019801980198019806,0.05973506189702319,0.0012780474741147156,2.893453013655617,0,0
115,0.0,0.0,0.0,1.0,-0.0,0,0
