,foreground,bg_means,bg_stdev,pvals,minus_logs,regs,active
2,0.2,0.11089108910891088,0.14752142995793407,0.2729083748352631,0.563983136778129,0,0
3,0.2,0.1405940594059406,0.17013577444760863,0.3634816548837339,0.43951750332988115,0,0
4,0.0,0.10099009900990098,0.12781100644043505,1.0,-0.0,0,0
5,0.2,0.1287128712871287,0.13954426081146826,0.3047256810291634,0.5160909436792886,0,0
6,0.2,0.1287128712871287,0.13954426081146826,0.3047256810291634,0.5160909436792886,0,0
7,0.2,0.13663366336633662,0.1433149079027503,0.3291912157148078,0.48255176221276325,0,0
8,0.2,0.09504950495049502,0.12771893462651168,0.20561525732768127,0.686944662403549,0,0
9,0.2,0.10099009900990098,0.12781100644043505,0.2192706971082659,0.6590194026794771,0,0
10,0.0,0.07524752475247526,0.12219602867755655,1.0,-0.0,0,0
11,0.0,0.09108910891089109,0.13357165904190144,1.0,-0.0,0,0
12,0.0,0.05544554455445544,0.10575073206193021,1.0,-0.0,0,0
13,0.0,0.05544554455445544,0.10575073206193021,1.0,-0.0,0,0
14,0.0,0.02970297029702971,0.07648795214189293,1.0,-0.0,0,0
15,0.0,0.0891089108910891,0.12734998170941406,1.0,-0.0,0,0
16,0.0,0.07326732673267328,0.11509022642946842,1.0,-0.0,0,0
17,0.0,0.07326732673267328,0.11509022642946842,1.0,-0.0,0,0
18,0.2,0.13267326732673265,0.1496589594272569,0.3264029174701726,0.48624596806911247,0,0
19,0.2,0.11683168316831682,0.1442421691205886,0.282108873235665,0.5495832536649766,0,0
20,0.2,0.057425742574257435,0.09885135821266286,0.07460753442729876,1.127217312004932,0,0
21,0.2,0.07326732673267328,0.11509022642946842,0.13541366575877595,0.8683375050442039,0,0
22,0.2,0.07326732673267328,0.11509022642946842,0.13541366575877595,0.8683375050442039,0,0
23,0.0,0.015841584158415842,0.05401260078014202,1.0,-0.0,0,0
24,0.0,0.015841584158415842,0.05401260078014202,1.0,-0.0,0,0
25,0.0,0.015841584158415842,0.05401260078014202,1.0,-0.0,0,0
26,0.0,0.021782178217821784,0.06230547612891991,1.0,-0.0,0,0
27,0.0,0.06534653465346535,0.10189845806153354,1.0,-0.0,0,0
28,0.0,0.06534653465346535,0.10189845806153354,1.0,-0.0,0,0
29,0.0,0.06534653465346535,0.10189845806153354,1.0,-0.0,0,0
30,0.0,0.08316831683168316,0.12028786177019754,1.0,-0.0,0,0
31,0.0,0.08712871287128714,0.13324834725751067,1.0,-0.0,0,0
32,0.0,0.04356435643564357,0.08721867542790195,1.0,-0.0,0,0
33,0.0,0.09900990099009901,0.1308729634998678,1.0,-0.0,0,0
34,0.0,0.09900990099009901,0.1308729634998678,1.0,-0.0,0,0
35,0.0,0.24158415841584158,0.1956291332313421,1.0,-0.0,0,0
36,0.0,0.21584158415841584,0.1860121753000773,1.0,-0.0,0,0
37,0.0,0.21584158415841584,0.1860121753000773,1.0,-0.0,0,0
38,0.0,0.22574257425742572,0.19632941873972973,1.0,-0.0,0,0
39,0.2,0.26138613861386134,0.20047976961699596,1.0,-0.0,0,0
40,0.2,0.11089108910891088,0.13042276277287215,0.2472303556096665,0.606898206461859,0,0
41,0.4,0.17821782178217818,0.17777723316802727,0.10610187484501872,0.9742769419454816,0,0
42,0.4,0.17821782178217818,0.17777723316802727,0.10610187484501872,0.9742769419454816,0,0
43,0.4,0.11089108910891088,0.13923481846532232,0.018927910261660796,1.7228973317270238,0,0
44,0.4,0.20198019801980197,0.179095747399525,0.13443589015051033,0.8714847728481825,0,0
45,0.4,0.22178217821782176,0.19067569294591244,0.1749805858693046,0.7570101336997066,0,0
46,0.2,0.1881188118811881,0.1510931315400815,0.46866152725537336,0.3291406965469594,0,0
47,0.2,0.22178217821782173,0.1821782178217822,1.0,-0.0,0,0
48,0.2,0.22178217821782173,0.1821782178217822,1.0,-0.0,0,0
49,0.0,0.13267326732673265,0.15228224894835946,1.0,-0.0,0,27
50,0.0,0.1069306930693069,0.1306930693069307,1.0,-0.0,0,0
51,0.0,0.07524752475247526,0.11553229422427584,1.0,-0.0,0,0
52,0.0,0.041584158415841586,0.08590499787518362,1.0,-0.0,0,0
53,0.0,0.07920792079207921,0.10928827506175545,1.0,-0.0,0,0
54,0.0,0.057425742574257435,0.10277971700879983,1.0,-0.0,0,0
55,0.0,0.05148514851485149,0.096075322540263,1.0,-0.0,0,0
56,0.0,0.05148514851485149,0.096075322540263,1.0,-0.0,0,0
57,0.0,0.05148514851485149,0.096075322540263,1.0,-0.0,0,0
58,0.0,0.01386138613861386,0.05079507064705211,1.0,-0.0,0,0
59,0.0,0.0,0.0,1.0,-0.0,0,0
60,0.0,0.0,0.0,1.0,-0.0,0,0
61,0.0,0.011881188118811883,0.047276579747775535,1.0,-0.0,0,0
62,0.0,0.023762376237623766,0.06471340450838889,1.0,-0.0,0,0
63,0.0,0.11287128712871286,0.14736186103080443,1.0,-0.0,0,0
64,0.0,0.1267326732673267,0.1609938742509136,1.0,-0.0,0,0
65,0.0,0.1267326732673267,0.1609938742509136,1.0,-0.0,0,0
66,0.0,0.1396039603960396,0.17915047490191757,1.0,-0.0,0,0
67,0.0,0.1267326732673267,0.16343532896604632,1.0,-0.0,0,0
68,0.0,0.061386138613861385,0.11166631429601336,1.0,-0.0,0,0
69,0.0,0.0594059405940594,0.1073333087751893,1.0,-0.0,0,0
70,0.0,0.0594059405940594,0.1073333087751893,1.0,-0.0,0,0
71,0.0,0.09306930693069307,0.12762679639066948,1.0,-0.0,0,0
72,0.0,0.10297029702970295,0.13383560593042218,1.0,-0.0,0,0
73,0.0,0.07920792079207921,0.11966689053257921,1.0,-0.0,0,0
74,0.0,0.0891089108910891,0.11765109526742927,1.0,-0.0,0,0
75,0.0,0.0891089108910891,0.11765109526742927,1.0,-0.0,0,0
76,0.0,0.031683168316831684,0.0730260947112308,1.0,-0.0,0,0
77,0.0,0.03564356435643565,0.07653920035678292,1.0,-0.0,0,0
78,0.0,0.03564356435643565,0.07653920035678292,1.0,-0.0,0,0
79,0.0,0.013861386138613863,0.05079507064705211,1.0,-0.0,0,0
80,0.0,0.013861386138613863,0.05079507064705211,1.0,-0.0,0,0
81,0.0,0.013861386138613863,0.05079507064705211,1.0,-0.0,0,0
82,0.0,0.0,0.0,1.0,-0.0,0,0
83,0.2,0.02970297029702971,0.07112192077650681,0.008322928729312118,2.079723824290396,0,0
84,0.2,0.04356435643564357,0.09164702150816742,0.043916930442951946,1.3573680223438191,0,0
85,0.2,0.07722772277227724,0.11930590361498669,0.15172703225002876,0.8189370368062708,0,0
86,0.2,0.09504950495049506,0.1337769960717191,0.2163680383709738,0.6648068922914055,0,0
87,0.2,0.11089108910891088,0.14752142995793405,0.2729083748352631,0.563983136778129,0,0
88,0.2,0.1386138613861386,0.15348770198080078,0.3445997140219068,0.4626850873022659,0,0
89,0.4,0.14059405940594058,0.14224384155301362,0.034100927792016136,1.4672338048939675,0,0
90,0.4,0.1089108910891089,0.13357165904190138,0.014655697207166961,1.833993516289146,0,0
91,0.4,0.1584158415841584,0.16486858056632595,0.07141770117442217,1.1461941331873573,0,0
92,0.4,0.14257425742574256,0.14981608173764543,0.04287292037666871,1.367816932624782,0,0
93,0.2,0.1287128712871287,0.1423540653909816,0.30826530559421406,0.5110753511634094,0,0
94,0.0,0.11089108910891086,0.13636075485692528,1.0,-0.0,0,0
95,0.0,0.10693069306930691,0.13661931335176508,1.0,-0.0,0,0
96,0.0,0.041584158415841586,0.08116396646304633,1.0,-0.0,0,0
97,0.0,0.04752475247524753,0.08512548617902843,1.0,-0.0,0,0
98,0.0,0.04356435643564357,0.08721867542790195,1.0,-0.0,0,0
99,0.0,0.04356435643564357,0.08721867542790195,1.0,-0.0,0,0
100,0.0,0.04356435643564357,0.08721867542790195,1.0,-0.0,0,0
101,0.0,0.06336633663366337,0.11233152161332939,1.0,-0.0,0,0
102,0.0,0.06930693069306931,0.11751770396006173,1.0,-0.0,0,0
103,0.0,0.05346534653465347,0.09704990696905226,1.0,-0.0,0,0
104,0.0,0.05346534653465347,0.09704990696905226,1.0,-0.0,0,0
105,0.0,0.06534653465346535,0.10571364605971598,1.0,-0.0,0,0
106,0.0,0.05742574257425742,0.10656335878870264,1.0,-0.0,0,0
107,0.2,0.15445544554455445,0.15384494732320814,0.38359903179808014,0.41612249765695747,0,0
108,0.4,0.19603960396039602,0.18664351157145634,0.13724508542396935,0.8625031981453763,0,0
109,0.4,0.19603960396039602,0.18664351157145634,0.13724508542396935,0.8625031981453763,0,0
110,0.4,0.18415841584158413,0.17504323271769953,0.10877373204660835,0.9634759704886656,0,0
111,0.4,0.18019801980198016,0.17689276383467162,0.1070128123936301,0.97056422213968,0,0
112,0.2,0.0891089108910891,0.12097048989545554,0.17965547706514468,0.7455595381425463,0,0
113,0.0,0.025742574257425748,0.0669763743575753,1.0,-0.0,0,0
114,0.0,0.04554455445544555,0.08387254884969257,1.0,-0.0,0,0
115,0.2,0.07326732673267328,0.09636059453937773,0.0942227086213532,1.0258444152495685,0,0
116,0.2,0.06534653465346535,0.0938037170877387,0.07557502157304526,1.121621720179875,0,0
117,0.6,0.11683168316831682,0.14146987009498416,0.000318507161663915,3.4968807980659875,0,0
118,1.0,0.22178217821782176,0.19881030333482985,4.53195838004609e-05,4.343714087202136,0,0
119,1.0,0.21386138613861388,0.1914145896807061,2.0042062613331226e-05,4.6980575854249444,0,0
120,0.8,0.19405940594059404,0.18974802582007907,0.0007030497861971823,3.1530139194963622,0,0
121,0.8,0.19405940594059404,0.18974802582007907,0.0007030497861971823,3.1530139194963622,0,0
122,0.4,0.12277227722772276,0.1640340390410514,0.045508031352579095,1.3419119513800986,0,0
123,0.0,0.019801980198019802,0.06603299802191316,1.0,-0.0,0,0
124,0.0,0.007920792079207921,0.03900537743285587,1.0,-0.0,0,25
125,0.0,0.0,0.0,1.0,-0.0,0,0
126,0.0,0.0,0.0,1.0,-0.0,0,0
127,0.0,0.0059405940594059415,0.033953323167291584,1.0,-0.0,0,0
128,0.0,0.0059405940594059415,0.033953323167291584,1.0,-0.0,0,0
129,0.0,0.0059405940594059415,0.033953323167291584,1.0,-0.0,0,0
130,0.0,0.03564356435643565,0.09074407316744236,1.0,-0.0,0,0
131,0.0,0.051485148514851496,0.1001126705723924,1.0,-0.0,0,0
132,0.0,0.04554455445544555,0.09283729243351321,1.0,-0.0,0,0
133,0.0,0.04950495049504951,0.09912864166957489,1.0,-0.0,0,0
134,0.0,0.08514851485148513,0.1269490726718781,1.0,-0.0,0,0
135,0.0,0.16237623762376235,0.17283397009132112,1.0,-0.0,0,0
136,0.0,0.1465346534653465,0.1638426898490107,1.0,-0.0,0,0
137,0.0,0.20594059405940596,0.1979207673143487,1.0,-0.0,0,0
138,0.0,0.2316831683168317,0.20242622079466205,1.0,-0.0,0,0
139,0.2,0.2138613861386138,0.19347254159325522,1.0,-0.0,0,0
140,0.2,0.13465346534653463,0.14653465346534655,0.32781814609605714,0.48436701009661925,0,0
141,0.2,0.17029702970297025,0.17436990069505992,0.4323695705776101,0.3641448785375445,0,0
142,0.2,0.10891089108910891,0.13650445892763632,0.2522910036310732,0.5980982355824722,0,0
143,0.2,0.0910891089108911,0.13057300215314485,0.20211242547219427,0.6944069860981138,0,0
144,0.0,0.07326732673267328,0.12177815335858849,1.0,-0.0,0,0
145,0.0,0.06930693069306931,0.12084076279122662,1.0,-0.0,0,0
146,0.0,0.05940594059405942,0.12442200453390105,1.0,-0.0,0,0
147,0.0,0.09306930693069307,0.15041686348382532,1.0,-0.0,0,0
148,0.0,0.1287128712871287,0.1630990913423683,1.0,-0.0,0,0
149,0.2,0.14554455445544554,0.17091758912506996,0.3750124825905684,0.42595427619233567,0,0
150,0.2,0.16237623762376235,0.18393470922349497,0.4189620367592872,0.3778253278043715,0,0
151,0.2,0.13465346534653466,0.1619409766357297,0.34328260854711035,0.46434819833173646,0,0
152,0.2,0.10099009900990098,0.14521752172118102,0.2476814172531363,0.6061065759218802,0,0
153,0.2,0.05346534653465347,0.10104832334394513,0.0735091372710952,1.1336586742521857,0,0
154,0.2,0.04554455445544555,0.08846854615322249,0.040415922396446834,1.3934475050229045,0,0
155,0.2,0.023762376237623766,0.06471340450838889,0.0032311212459077425,2.490646745033819,0,0
156,0.4,0.04950495049504951,0.09078727434730813,5.655013932087107e-05,4.247566320779003,0,0
157,0.4,0.07326732673267328,0.12177815335858849,0.0036480804115842447,2.4379355974482175,0,0
158,0.4,0.08514851485148514,0.130031327995105,0.007731469484087688,2.111737953924119,0,0
159,0.2,0.13267326732673265,0.13867042693078493,0.31365512751484126,0.5035476083874488,0,0
160,0.2,0.15049504950495046,0.15261662469701143,0.3728272387617476,0.42849236559978,0,0
161,0.0,0.12376237623762375,0.14291762832290003,1.0,-0.0,0,0
162,0.0,0.12673267326732673,0.139937106883602,1.0,-0.0,0,0
163,0.0,0.11287128712871286,0.127165103825761,1.0,-0.0,0,0
164,0.0,0.17425742574257425,0.15584548411842378,1.0,-0.0,0,0
165,0.0,0.14059405940594058,0.1450013436754282,1.0,-0.0,0,0
166,0.0,0.14455445544554454,0.14923915787260808,1.0,-0.0,0,0
167,0.0,0.11683168316831682,0.14696218071508493,1.0,-0.0,0,0
168,0.0,0.19603960396039602,0.20094863738570082,1.0,-0.0,0,0
169,0.0,0.1782178217821782,0.15644817596121727,1.0,-0.0,0,0
170,0.0,0.2613861386138614,0.1839986531535419,1.0,-0.0,0,0
171,0.0,0.27920792079207923,0.1931073839070875,1.0,-0.0,0,0
172,0.0,0.32871287128712867,0.21541423767877094,1.0,-0.0,0,0
173,0.0,0.2693069306930693,0.21697404793365951,1.0,-0.0,0,0
174,0.0,0.1742574257425742,0.17499842451711448,1.0,-0.0,0,0
175,0.0,0.11485148514851483,0.15246238855382302,1.0,-0.0,0,0
176,0.0,0.13663366336633662,0.17103226044902325,1.0,-0.0,0,0
177,0.0,0.13663366336633662,0.14873910461951623,1.0,-0.0,0,0
178,0.0,0.16633663366336635,0.15937826461670404,1.0,-0.0,0,0
179,0.0,0.19603960396039605,0.16881696226492765,1.0,-0.0,0,0
180,0.0,0.17029702970297025,0.1499468912288519,1.0,-0.0,0,0
181,0.0,0.12574257425742574,0.1397688794853172,1.0,-0.0,0,0
182,0.0,0.07920792079207921,0.10928827506175545,1.0,-0.0,0,0
183,0.0,0.02970297029702971,0.07112192077650681,1.0,-0.0,0,0
184,0.0,0.0,0.0,1.0,-0.0,0,0
185,0.0,0.0,0.0,1.0,-0.0,0,0
186,0.0,0.06930693069306931,0.12407485305204392,1.0,-0.0,0,0
187,0.0,0.09108910891089109,0.13650445892763632,1.0,-0.0,0,0
188,0.0,0.13564356435643563,0.15643564356435644,1.0,-0.0,0,0
189,0.0,0.13564356435643563,0.15643564356435644,1.0,-0.0,0,0
190,0.0,0.14257425742574256,0.16004116713803365,1.0,-0.0,0,0
191,0.0,0.12079207920792079,0.14372473118118065,1.0,-0.0,0,0
192,0.0,0.12574257425742572,0.14802559676063964,1.0,-0.0,0,0
193,0.0,0.12970297029702968,0.15513938444198724,1.0,-0.0,0,0
194,0.0,0.16237623762376235,0.17283397009132112,1.0,-0.0,0,0
195,0.0,0.19603960396039602,0.17795359951414633,1.0,-0.0,0,0
196,0.0,0.15445544554455445,0.166218722942046,1.0,-0.0,0,0
197,0.0,0.1287128712871287,0.15046899201198313,1.0,-0.0,0,0
198,0.0,0.10099009900990098,0.14791959918402456,1.0,-0.0,0,0
199,0.0,0.08316831683168316,0.12028786177019754,1.0,-0.0,0,0
200,0.0,0.04356435643564357,0.08721867542790196,1.0,-0.0,0,0
201,0.0,0.06336633663366338,0.10504385908811757,1.0,-0.0,0,0
202,0.0,0.12079207920792079,0.13810372890425895,1.0,-0.0,0,0
203,0.0,0.09900990099009899,0.1308729634998678,1.0,-0.0,0,0
204,0.0,0.09306930693069305,0.1306930693069307,1.0,-0.0,0,0
205,0.0,0.09306930693069305,0.1306930693069307,1.0,-0.0,0,0
206,0.0,0.06534653465346535,0.1129581045303102,1.0,-0.0,0,0
207,0.0,0.007920792079207921,0.03900537743285587,1.0,-0.0,0,0
208,0.0,0.007920792079207921,0.03900537743285587,1.0,-0.0,0,0
209,0.0,0.0,0.0,1.0,-0.0,0,0
210,0.0,0.0,0.0,1.0,-0.0,0,0
211,0.0,0.0,0.0,1.0,-0.0,0,0
212,0.0,0.0,0.0,1.0,-0.0,0,0
213,0.0,0.021782178217821784,0.06230547612891991,1.0,-0.0,0,0
214,0.0,0.041584158415841586,0.09467748980500532,1.0,-0.0,0,0
215,0.0,0.041584158415841586,0.09467748980500532,1.0,-0.0,0,0
216,0.0,0.041584158415841586,0.09467748980500532,1.0,-0.0,0,0
217,0.0,0.09504950495049502,0.12771893462651168,1.0,-0.0,0,0
218,0.0,0.15049504950495046,0.14185738367185993,1.0,-0.0,0,0
219,0.2,0.16831683168316827,0.1585395556534503,0.4208013204251022,0.3759229060871217,0,0
220,0.2,0.1762376237623762,0.17185563527720504,0.44501375270373367,0.35162656737625647,0,0
221,0.2,0.1762376237623762,0.17185563527720504,0.44501375270373367,0.35162656737625647,0,0
222,0.2,0.12079207920792079,0.149134022841685,0.2976681413832576,0.5262676442308092,0,0
223,0.2,0.06732673267326733,0.13283572143563108,0.15895135783295034,0.7987357577974062,0,0
224,0.4,0.06534653465346535,0.10571364605971598,0.0007736575764547356,3.1114512170453996,0,0
225,0.4,0.057425742574257435,0.09476028605152792,0.00015007704500451322,3.823685730076873,0,0
226,0.4,0.057425742574257435,0.09476028605152792,0.00015007704500451322,3.823685730076873,0,0
227,0.4,0.057425742574257435,0.09476028605152792,0.00015007704500451322,3.823685730076873,0,0
228,0.4,0.061386138613861385,0.09224407682259103,0.00012087417326302168,3.917666483320818,0,0
229,0.0,0.08712871287128714,0.11745095149573798,1.0,-0.0,0,0
230,0.0,0.09702970297029703,0.12464241569787102,1.0,-0.0,0,0
231,0.2,0.15445544554455445,0.15639804034834157,0.3854456481177308,0.4140368533762646,0,0
232,0.4,0.19603960396039602,0.17795359951414633,0.12586785032003361,0.9000851849963694,0,0
233,0.4,0.19405940594059404,0.18337959449964716,0.1307125990009052,0.8836825500410105,0,1
234,0.6,0.22574257425742578,0.21371465446704227,0.039955602681533524,1.3984223141454835,0,0
235,0.6,0.2158415841584159,0.21189044117854158,0.03491552997501821,1.4569813615141538,0,0
236,0.6,0.23168316831683167,0.22112703802207725,0.04789311388131692,1.3197269253814998,0,0
237,0.4,0.1900990099009901,0.19975477565019392,0.14667675509195893,0.8336387064374007,0,0
238,0.4,0.1881188118811881,0.18630706513012396,0.1277129939356101,0.8937649139547097,0,0
239,0.6,0.20990099009900987,0.19371559764587087,0.022016748286205794,1.6572468227683705,0,0
240,0.6,0.20990099009900987,0.19371559764587087,0.022016748286205794,1.6572468227683705,0,0
241,0.4,0.13861386138613863,0.15856428688449584,0.049629638400354094,1.3042588890441227,0,24
242,0.4,0.1425742574257426,0.1575471230171571,0.051133594636087146,1.29129367577057,0,0
243,0.4,0.11980198019801978,0.13498793637349912,0.018959632580198067,1.7221700831339575,0,0
244,0.0,0.017821782178217824,0.0635517090529949,1.0,-0.0,0,0
245,0.0,0.017821782178217824,0.0635517090529949,1.0,-0.0,0,0
246,0.0,0.04950495049504951,0.11741756103266213,1.0,-0.0,0,0
247,0.0,0.06336633663366337,0.1256450857759628,1.0,-0.0,0,0
248,0.0,0.06336633663366337,0.1256450857759628,1.0,-0.0,0,0
249,0.0,0.049504950495049514,0.09504950495049506,1.0,-0.0,0,0
250,0.0,0.05346534653465348,0.10104832334394512,1.0,-0.0,0,0
251,0.0,0.021782178217821784,0.06230547612891991,1.0,-0.0,0,0
252,0.0,0.0039603960396039604,0.027863855998951068,1.0,-0.0,0,0
253,0.0,0.0039603960396039604,0.027863855998951068,1.0,-0.0,0,0
254,0.0,0.021782178217821784,0.06230547612891991,1.0,-0.0,0,0
255,0.0,0.031683168316831684,0.0730260947112308,1.0,-0.0,0,0
256,0.0,0.031683168316831684,0.0730260947112308,1.0,-0.0,0,0
257,0.0,0.031683168316831684,0.0730260947112308,1.0,-0.0,0,0
258,0.0,0.031683168316831684,0.0730260947112308,1.0,-0.0,0,0
259,0.0,0.02970297029702971,0.07112192077650681,1.0,-0.0,0,0
260,0.0,0.04356435643564357,0.08255312311158745,1.0,-0.0,0,0
261,0.0,0.061386138613861385,0.09644194583672018,1.0,-0.0,0,0
262,0.0,0.061386138613861385,0.09644194583672018,1.0,-0.0,0,0
263,0.0,0.08316831683168316,0.10251230974688937,1.0,-0.0,0,0
264,0.0,0.06732673267326733,0.09451167971312256,1.0,-0.0,0,0
265,0.0,0.039603960396039604,0.07970143286137865,1.0,-0.0,0,0
266,0.0,0.021782178217821784,0.06230547612891991,1.0,-0.0,0,0
267,0.0,0.021782178217821784,0.06230547612891991,1.0,-0.0,0,0
268,0.0,0.03762376237623763,0.07816140339006158,1.0,-0.0,0,0
269,0.0,0.20198019801980197,0.17461709057464242,1.0,-0.0,0,0
270,0.0,0.20198019801980197,0.17461709057464242,1.0,-0.0,0,0
271,0.0,0.22772277227722768,0.1909428466047948,1.0,-0.0,0,0
272,0.0,0.27326732673267323,0.2174975083999363,1.0,-0.0,0,0
273,0.0,0.2356435643564356,0.2075716068337213,1.0,-0.0,0,0
274,0.0,0.0712871287128713,0.11461224656227947,1.0,-0.0,0,0
275,0.0,0.0712871287128713,0.11461224656227947,1.0,-0.0,0,0
276,0.0,0.04554455445544555,0.08846854615322249,1.0,-0.0,0,0
277,0.0,0.07920792079207921,0.10928827506175547,1.0,-0.0,0,0
278,0.0,0.08316831683168316,0.11694909354640315,1.0,-0.0,0,0
279,0.0,0.08712871287128712,0.1207758469859557,1.0,-0.0,0,0
280,0.0,0.11089108910891086,0.13636075485692528,1.0,-0.0,0,0
281,0.0,0.11089108910891086,0.13636075485692528,1.0,-0.0,0,0
282,0.2,0.07920792079207921,0.11285391563386145,0.1422331097238646,0.8469992946288156,0,0
283,0.2,0.07524752475247524,0.11205191564986226,0.13278007588509977,0.8768670874855236,0,0
284,0.2,0.16633663366336632,0.20308376446837884,0.43417252246502036,0.36233766526534705,0,0
285,0.2,0.14059405940594058,0.1857168172307858,0.3745320069514535,0.42651106221437785,0,0
286,0.2,0.17821782178217818,0.19478546736408614,0.4554804853281563,0.34153022526804067,0,0
287,0.0,0.12871287128712872,0.15816812315022463,1.0,-0.0,0,0
288,0.0,0.24356435643564353,0.2098636245464043,1.0,-0.0,0,0
289,0.4,0.27326732673267323,0.20628303593038286,0.26948772645267083,0.5694610095320067,0,0
290,0.4,0.28514851485148507,0.20555943401759963,0.28817422527305736,0.5403448657228094,0,0
291,0.4,0.24950495049504945,0.1810988255869097,0.20298381158026985,0.6925385966764566,0,0
292,0.4,0.3069306930693069,0.21166825610396545,0.3300792978538227,0.4813817132031299,0,0
293,0.4,0.19405940594059404,0.17452724385370855,0.11900187779690953,0.9244461855788838,0,0
294,0.0,0.1742574257425742,0.1680720409815679,1.0,-0.0,0,0
295,0.0,0.2613861386138614,0.20439250583503635,1.0,-0.0,0,0
296,0.0,0.27326732673267323,0.20628303593038283,1.0,-0.0,0,0
297,0.0,0.21584158415841578,0.1922934397831321,1.0,-0.0,0,0
298,0.0,0.21584158415841578,0.1922934397831321,1.0,-0.0,0,0
299,0.0,0.11188118811881184,0.1237108803757408,1.0,-0.0,0,0
