,foreground,bg_means,bg_stdev,pvals,minus_logs,regs,active
2,0.0,0.0,0.0,1.0,-0.0,0,0
3,0.0,0.0,0.0,1.0,-0.0,0,0
4,0.0,0.0,0.0,1.0,-0.0,0,0
5,0.0,0.0,0.0,1.0,-0.0,0,0
6,0.0,0.0,0.0,1.0,-0.0,0,0
7,0.0,0.0,0.0,1.0,-0.0,0,0
8,0.0,0.0,0.0,1.0,-0.0,0,0
9,0.0,0.0,0.0,1.0,-0.0,0,0
10,0.0,0.02772277227722773,0.07461957893630405,1.0,-0.0,0,0
11,0.0,0.02772277227722773,0.07461957893630405,1.0,-0.0,0,0
12,0.0,0.033663366336633666,0.08475617647141662,1.0,-0.0,0,0
13,0.0,0.033663366336633666,0.08475617647141662,1.0,-0.0,0,0
14,0.0,0.033663366336633666,0.08475617647141662,1.0,-0.0,0,0
15,0.0,0.0059405940594059415,0.033953323167291584,1.0,-0.0,0,0
16,0.0,0.0059405940594059415,0.033953323167291584,1.0,-0.0,0,0
17,0.0,0.0,0.0,1.0,-0.0,0,0
18,0.0,0.03168316831683169,0.07826167463512676,1.0,-0.0,0,0
19,0.0,0.03168316831683169,0.07826167463512676,1.0,-0.0,0,0
20,0.0,0.03168316831683169,0.07826167463512676,1.0,-0.0,0,0
21,0.0,0.0594059405940594,0.1144753143191654,1.0,-0.0,0,0
22,0.2,0.09504950495049505,0.13957235791450376,0.22604258799392601,0.6458097290460244,0,0
23,0.2,0.0910891089108911,0.13937555924568534,0.2172776682286654,0.6629849081178248,0,0
24,0.2,0.10693069306930691,0.14505541839059358,0.2605625477598812,0.584088007925498,0,0
25,0.2,0.10693069306930691,0.14505541839059358,0.2605625477598812,0.584088007925498,0,0
26,0.2,0.10495049504950495,0.14784005112815915,0.26013761214092834,0.584796850555697,0,0
27,0.0,0.06930693069306931,0.10693069306930694,1.0,-0.0,0,0
28,0.0,0.041584158415841586,0.08116396646304633,1.0,-0.0,0,0
29,0.0,0.025742574257425745,0.06697637435757531,1.0,-0.0,0,0
30,0.0,0.0712871287128713,0.11801714396634724,1.0,-0.0,0,0
31,0.0,0.04554455445544555,0.09700949476369024,1.0,-0.0,0,0
32,0.0,0.06336633663366337,0.11233152161332938,1.0,-0.0,0,0
33,0.0,0.06336633663366337,0.11233152161332938,1.0,-0.0,0,0
34,0.0,0.08712871287128714,0.127165103825761,1.0,-0.0,0,0
35,0.0,0.041584158415841586,0.09039772047931348,1.0,-0.0,0,0
36,0.0,0.041584158415841586,0.09039772047931348,1.0,-0.0,0,0
37,0.0,0.05544554455445545,0.1164450726969438,1.0,-0.0,0,0
38,0.0,0.05544554455445545,0.1164450726969438,1.0,-0.0,0,0
39,0.0,0.03168316831683169,0.08316831683168317,1.0,-0.0,0,0
40,0.0,0.03168316831683169,0.08316831683168317,1.0,-0.0,0,0
41,0.0,0.03168316831683169,0.08316831683168317,1.0,-0.0,0,0
42,0.0,0.0,0.0,1.0,-0.0,0,0
43,0.0,0.0,0.0,1.0,-0.0,0,0
44,0.0,0.03762376237623763,0.08307396817189319,1.0,-0.0,0,0
45,0.0,0.08118811881188118,0.12325042629382527,1.0,-0.0,0,0
46,0.0,0.11287128712871287,0.1390657415135005,1.0,-0.0,0,0
47,0.0,0.13663366336633662,0.1487391046195162,1.0,-0.0,0,0
48,0.0,0.13663366336633662,0.1487391046195162,1.0,-0.0,0,0
49,0.0,0.09702970297029702,0.11811677855054842,1.0,-0.0,0,0
50,0.0,0.07524752475247526,0.10474480123119365,1.0,-0.0,0,0
51,0.0,0.05346534653465347,0.09287951999650358,1.0,-0.0,0,0
52,0.0,0.039603960396039604,0.09757374253271224,1.0,-0.0,0,0
53,0.0,0.09702970297029703,0.1505471509603819,1.0,-0.0,0,0
54,0.0,0.09702970297029703,0.1505471509603819,1.0,-0.0,0,0
55,0.0,0.07524752475247524,0.12539516989297084,1.0,-0.0,0,0
56,0.0,0.06534653465346535,0.11641139371642828,1.0,-0.0,0,0
57,0.0,0.05742574257425742,0.10277971700879981,1.0,-0.0,0,0
58,0.0,0.0,0.0,1.0,-0.0,0,0
59,0.0,0.0,0.0,1.0,-0.0,0,0
60,0.0,0.0,0.0,1.0,-0.0,0,0
61,0.0,0.007920792079207921,0.03900537743285587,1.0,-0.0,0,0
62,0.0,0.007920792079207921,0.03900537743285587,1.0,-0.0,0,0
63,0.0,0.007920792079207921,0.03900537743285587,1.0,-0.0,0,0
64,0.0,0.007920792079207921,0.03900537743285587,1.0,-0.0,0,0
65,0.0,0.007920792079207921,0.03900537743285587,1.0,-0.0,0,0
66,0.0,0.0,0.0,1.0,-0.0,0,0
67,0.0,0.0,0.0,1.0,-0.0,0,0
68,0.0,0.0,0.0,1.0,-0.0,0,0
69,0.0,0.011881188118811883,0.047276579747775535,1.0,-0.0,0,0
70,0.0,0.027722772277227727,0.07461957893630405,1.0,-0.0,0,0
71,0.0,0.06732673267326733,0.11698261772468857,1.0,-0.0,0,0
72,0.0,0.08514851485148514,0.13886822488939993,1.0,-0.0,0,0
73,0.0,0.0891089108910891,0.13923481846532235,1.0,-0.0,0,0
74,0.0,0.08514851485148514,0.13304219431477882,1.0,-0.0,0,0
75,0.0,0.06930693069306931,0.12084076279122662,1.0,-0.0,0,0
76,0.0,0.0297029702970297,0.07648795214189293,1.0,-0.0,0,0
77,0.0,0.011881188118811881,0.055019580156236855,1.0,-0.0,0,0
78,0.0,0.007920792079207921,0.03900537743285587,1.0,-0.0,0,0
79,0.0,0.0,0.0,1.0,-0.0,0,0
80,0.0,0.0,0.0,1.0,-0.0,0,0
81,0.0,0.0,0.0,1.0,-0.0,0,0
82,0.0,0.0,0.0,1.0,-0.0,0,0
83,0.0,0.0,0.0,1.0,-0.0,0,0
84,0.0,0.007920792079207921,0.03900537743285587,1.0,-0.0,0,0
85,0.0,0.009900990099009901,0.04338396495090424,1.0,-0.0,0,0
86,0.0,0.009900990099009901,0.04338396495090424,1.0,-0.0,0,0
87,0.0,0.009900990099009901,0.04338396495090424,1.0,-0.0,0,0
88,0.0,0.009900990099009901,0.04338396495090424,1.0,-0.0,0,0
89,0.0,0.0019801980198019802,0.0198019801980198,1.0,-0.0,0,0
90,0.0,0.0,0.0,1.0,-0.0,0,0
91,0.0,0.0,0.0,1.0,-0.0,0,0
92,0.0,0.0,0.0,1.0,-0.0,0,0
93,0.0,0.0,0.0,1.0,-0.0,0,0
94,0.0,0.0,0.0,1.0,-0.0,0,0
95,0.0,0.0,0.0,1.0,-0.0,0,0
96,0.0,0.0,0.0,1.0,-0.0,0,0
97,0.0,0.0,0.0,1.0,-0.0,0,0
98,0.0,0.0,0.0,1.0,-0.0,0,0
99,0.0,0.02772277227722773,0.07461957893630405,1.0,-0.0,0,0
100,0.0,0.02772277227722773,0.07461957893630405,1.0,-0.0,0,0
101,0.0,0.02772277227722773,0.07461957893630405,1.0,-0.0,0,0
102,0.0,0.02772277227722773,0.07461957893630405,1.0,-0.0,0,0
103,0.0,0.02772277227722773,0.07461957893630405,1.0,-0.0,0,0
104,0.0,0.0,0.0,1.0,-0.0,0,0
105,0.0,0.0,0.0,1.0,-0.0,0,0
106,0.0,0.0,0.0,1.0,-0.0,0,0
107,0.0,0.0,0.0,1.0,-0.0,0,0
108,0.0,0.0,0.0,1.0,-0.0,0,0
109,0.0,0.0,0.0,1.0,-0.0,0,0
110,0.0,0.0,0.0,1.0,-0.0,0,0
111,0.0,0.0,0.0,1.0,-0.0,0,0
112,0.0,0.0,0.0,1.0,-0.0,0,0
113,0.0,0.0,0.0,1.0,-0.0,0,0
114,0.2,0.025742574257425748,0.06697637435757531,0.004637140001348011,2.3337497919853583,0,0
115,0.2,0.025742574257425748,0.06697637435757531,0.004637140001348011,2.3337497919853583,0,0
116,0.4,0.05148514851485149,0.1001126705723924,0.00024956189489403087,3.6028217254823813,0,0
117,0.4,0.05148514851485149,0.1001126705723924,0.00024956189489403087,3.6028217254823813,0,0
118,0.4,0.05148514851485149,0.1001126705723924,0.00024956189489403087,3.6028217254823813,0,0
119,0.2,0.025742574257425745,0.08283762638951242,0.01770657429262144,1.751865454039827,0,0
120,0.2,0.025742574257425745,0.08283762638951242,0.01770657429262144,1.751865454039827,0,0
121,0.0,0.0,0.0,1.0,-0.0,0,0
122,0.0,0.0,0.0,1.0,-0.0,0,0
123,0.0,0.0,0.0,1.0,-0.0,0,0
124,0.0,0.0,0.0,1.0,-0.0,0,0
125,0.0,0.0,0.0,1.0,-0.0,0,0
126,0.0,0.0,0.0,1.0,-0.0,0,0
127,0.0,0.0,0.0,1.0,-0.0,0,0
128,0.0,0.0,0.0,1.0,-0.0,0,0
129,0.0,0.0,0.0,1.0,-0.0,0,0
130,0.0,0.0,0.0,1.0,-0.0,0,0
131,0.0,0.0,0.0,1.0,-0.0,0,0
132,0.0,0.0,0.0,1.0,-0.0,0,0
133,0.0,0.0,0.0,1.0,-0.0,0,0
134,0.0,0.0,0.0,1.0,-0.0,0,0
135,0.0,0.0,0.0,1.0,-0.0,0,0
136,0.0,0.0,0.0,1.0,-0.0,0,0
137,0.0,0.0,0.0,1.0,-0.0,0,0
138,0.0,0.0,0.0,1.0,-0.0,0,0
139,0.0,0.009900990099009901,0.04338396495090424,1.0,-0.0,0,0
140,0.0,0.03762376237623763,0.08307396817189318,1.0,-0.0,0,0
141,0.0,0.03762376237623763,0.08307396817189318,1.0,-0.0,0,0
142,0.0,0.08316831683168316,0.12670172889541695,1.0,-0.0,0,0
143,0.0,0.08316831683168316,0.12670172889541695,1.0,-0.0,0,0
144,0.0,0.07326732673267328,0.11848138852793338,1.0,-0.0,0,0
145,0.0,0.04554455445544555,0.09283729243351321,1.0,-0.0,0,0
146,0.0,0.04554455445544555,0.09283729243351321,1.0,-0.0,0,0
147,0.0,0.0,0.0,1.0,-0.0,0,0
148,0.0,0.0,0.0,1.0,-0.0,0,0
149,0.0,0.0,0.0,1.0,-0.0,0,0
150,0.0,0.019801980198019802,0.0597350618970232,1.0,-0.0,0,0
151,0.0,0.03564356435643565,0.08154954567118416,1.0,-0.0,0,0
152,0.0,0.03564356435643565,0.08154954567118416,1.0,-0.0,0,0
153,0.0,0.05346534653465347,0.09704990696905226,1.0,-0.0,0,0
154,0.0,0.05346534653465347,0.09704990696905226,1.0,-0.0,0,0
155,0.0,0.03366336633663367,0.07994704648786674,1.0,-0.0,0,0
156,0.0,0.017821782178217824,0.05698017651460656,1.0,-0.0,0,0
157,0.0,0.017821782178217824,0.05698017651460656,1.0,-0.0,0,0
158,0.0,0.0,0.0,1.0,-0.0,0,0
159,0.0,0.0,0.0,1.0,-0.0,0,0
160,0.0,0.0,0.0,1.0,-0.0,0,0
161,0.0,0.0,0.0,1.0,-0.0,0,0
162,0.0,0.0,0.0,1.0,-0.0,0,0
163,0.0,0.0,0.0,1.0,-0.0,0,0
164,0.2,0.021782178217821784,0.06230547612891991,0.002115616449879084,2.6745630648030154,0,0
165,0.2,0.021782178217821784,0.06230547612891991,0.002115616449879084,2.6745630648030154,0,0
166,0.2,0.021782178217821784,0.06230547612891991,0.002115616449879084,2.6745630648030154,0,0
167,0.2,0.021782178217821784,0.06230547612891991,0.002115616449879084,2.6745630648030154,0,0
168,0.2,0.021782178217821784,0.06230547612891991,0.002115616449879084,2.6745630648030154,0,0
169,0.0,0.0,0.0,1.0,-0.0,0,0
170,0.0,0.023762376237623766,0.06471340450838889,1.0,-0.0,0,0
171,0.0,0.023762376237623766,0.06471340450838889,1.0,-0.0,0,0
172,0.0,0.023762376237623766,0.06471340450838889,1.0,-0.0,0,0
173,0.0,0.023762376237623766,0.06471340450838889,1.0,-0.0,0,0
174,0.0,0.039603960396039604,0.08452453849668534,1.0,-0.0,0,0
175,0.0,0.015841584158415842,0.05401260078014202,1.0,-0.0,0,0
176,0.0,0.015841584158415842,0.05401260078014202,1.0,-0.0,0,0
177,0.0,0.015841584158415842,0.05401260078014202,1.0,-0.0,0,0
178,0.0,0.015841584158415842,0.05401260078014202,1.0,-0.0,0,0
179,0.0,0.0,0.0,1.0,-0.0,0,0
180,0.0,0.0,0.0,1.0,-0.0,0,0
181,0.0,0.0,0.0,1.0,-0.0,0,0
182,0.0,0.0,0.0,1.0,-0.0,0,0
183,0.0,0.0,0.0,1.0,-0.0,0,0
184,0.0,0.0,0.0,1.0,-0.0,0,0
185,0.0,0.0,0.0,1.0,-0.0,0,0
186,0.0,0.033663366336633666,0.08475617647141663,1.0,-0.0,0,0
187,0.0,0.033663366336633666,0.08475617647141663,1.0,-0.0,0,0
188,0.0,0.033663366336633666,0.08475617647141663,1.0,-0.0,0,0
189,0.0,0.06732673267326733,0.12673267326732676,1.0,-0.0,0,0
190,0.0,0.11089108910891086,0.13923481846532232,1.0,-0.0,0,0
191,0.2,0.1346534653465346,0.13818888176132993,0.31814997488102115,0.49736810671672227,0,0
192,0.2,0.14257425742574253,0.1444323368618651,0.34546394562445737,0.46159727110715987,0,0
193,0.2,0.14257425742574253,0.1444323368618651,0.34546394562445737,0.46159727110715987,0,0
194,0.2,0.10693069306930691,0.1306930693069307,0.23819485997038664,0.6230676144341947,0,0
195,0.2,0.08118811881188118,0.12325042629382527,0.16752607431728717,0.7759175883237079,0,0
196,0.0,0.025742574257425745,0.06697637435757531,1.0,-0.0,0,0
197,0.0,0.017821782178217824,0.05698017651460656,1.0,-0.0,0,0
198,0.0,0.017821782178217824,0.05698017651460656,1.0,-0.0,0,0
199,0.0,0.017821782178217824,0.05698017651460656,1.0,-0.0,0,0
200,0.0,0.0,0.0,1.0,-0.0,0,0
201,0.0,0.0,0.0,1.0,-0.0,0,0
202,0.0,0.019801980198019806,0.059735061897023184,1.0,-0.0,0,0
203,0.2,0.04554455445544555,0.08846854615322249,0.040415922396446834,1.3934475050229045,0,0
204,0.2,0.04554455445544555,0.08846854615322249,0.040415922396446834,1.3934475050229045,0,0
205,0.4,0.0594059405940594,0.10357779667819421,0.0005039858459677199,3.297581660190253,0,0
206,0.4,0.08910891089108909,0.12420120222231065,0.006155109217616707,2.210764236447136,0,0
207,0.4,0.08514851485148513,0.11378818137472194,0.0028287692292282268,2.54840248080767,0,0
208,0.2,0.05940594059405942,0.09562531855564071,0.07074570539322604,1.1502999187808278,0,0
209,0.2,0.05940594059405942,0.09562531855564071,0.07074570539322604,1.1502999187808278,0,0
210,0.0,0.04554455445544555,0.08387254884969257,1.0,-0.0,0,0
211,0.0,0.015841584158415842,0.05401260078014202,1.0,-0.0,0,0
212,0.0,0.0,0.0,1.0,-0.0,0,0
213,0.0,0.0,0.0,1.0,-0.0,0,0
214,0.0,0.021782178217821784,0.07393328595086918,1.0,-0.0,0,0
215,0.0,0.021782178217821784,0.07393328595086918,1.0,-0.0,0,0
216,0.0,0.021782178217821784,0.07393328595086918,1.0,-0.0,0,0
217,0.0,0.021782178217821784,0.07393328595086918,1.0,-0.0,0,0
218,0.0,0.033663366336633666,0.08475617647141663,1.0,-0.0,0,0
219,0.0,0.011881188118811883,0.047276579747775535,1.0,-0.0,0,0
220,0.0,0.011881188118811883,0.047276579747775535,1.0,-0.0,0,0
221,0.0,0.03564356435643565,0.07653920035678292,1.0,-0.0,0,0
222,0.0,0.03564356435643565,0.07653920035678292,1.0,-0.0,0,0
223,0.0,0.06732673267326733,0.10634234916512914,1.0,-0.0,0,0
224,0.2,0.07722772277227724,0.1124710639300034,0.13750669912875174,0.8616761431153293,0,0
225,0.2,0.09108910891089109,0.11781762202489916,0.17763842606826635,0.7504630834655708,0,0
226,0.4,0.10693069306930691,0.1450554183905936,0.021671192643179613,1.6641171872450655,0,0
227,0.6,0.12277227722772276,0.15407416763506465,0.0009761655414222911,3.010476526974811,0,0
228,0.6,0.07920792079207921,0.1292145592164392,2.7835764451801587e-05,4.555396847191954,0,0
229,0.6,0.10891089108910891,0.13650445892763632,0.00016058049790468036,3.794307199821167,0,0
230,0.6,0.09504950495049502,0.13078304733432372,5.6466989592541244e-05,4.2482053650557114,0,0
231,0.4,0.05544554455445545,0.09384550979067555,0.00012056218946056165,3.918788873649578,0,0
232,0.2,0.039603960396039604,0.07970143286137867,0.022085672454221338,1.6558893730090938,0,0
233,0.2,0.039603960396039604,0.07970143286137867,0.022085672454221338,1.6558893730090938,0,0
234,0.0,0.0,0.0,1.0,-0.0,0,0
235,0.0,0.0,0.0,1.0,-0.0,0,0
236,0.0,0.0,0.0,1.0,-0.0,0,0
237,0.0,0.0,0.0,1.0,-0.0,0,0
238,0.0,0.0,0.0,1.0,-0.0,0,0
239,0.0,0.0,0.0,1.0,-0.0,0,0
240,0.0,0.0,0.0,1.0,-0.0,0,0
241,0.0,0.0,0.0,1.0,-0.0,0,0
242,0.0,0.0,0.0,1.0,-0.0,0,0
243,0.0,0.0,0.0,1.0,-0.0,0,0
244,0.0,0.0,0.0,1.0,-0.0,0,0
245,0.0,0.0,0.0,1.0,-0.0,0,0
246,0.0,0.0,0.0,1.0,-0.0,0,0
247,0.0,0.0,0.0,1.0,-0.0,0,0
248,0.2,0.023762376237623766,0.06471340450838889,0.0032311212459077425,2.490646745033819,0,0
249,0.2,0.023762376237623766,0.06471340450838889,0.0032311212459077425,2.490646745033819,0,0
250,0.2,0.04554455445544555,0.08387254884969257,0.03277054107653563,1.4845163878939818,0,0
251,0.2,0.04554455445544555,0.08387254884969257,0.03277054107653563,1.4845163878939818,0,0
252,0.2,0.0613861386138614,0.10046456153636296,0.08383506191077846,1.0765743106091494,0,0
253,0.0,0.03762376237623763,0.07816140339006158,1.0,-0.0,0,0
254,0.0,0.0594059405940594,0.10357779667819421,1.0,-0.0,0,0
255,0.0,0.061386138613861385,0.11166631429601336,1.0,-0.0,0,0
256,0.0,0.0712871287128713,0.11801714396634724,1.0,-0.0,0,0
257,0.0,0.11287128712871286,0.15774610904280742,1.0,-0.0,0,0
258,0.0,0.11287128712871286,0.15774610904280742,1.0,-0.0,0,0
259,0.0,0.09108910891089109,0.13650445892763635,1.0,-0.0,0,0
260,0.0,0.09306930693069305,0.13661931335176505,1.0,-0.0,0,0
261,0.0,0.08316831683168316,0.13280619910579972,1.0,-0.0,0,0
262,0.0,0.025742574257425748,0.06697637435757531,1.0,-0.0,0,0
263,0.0,0.0297029702970297,0.07648795214189293,1.0,-0.0,0,0
264,0.0,0.11089108910891088,0.13636075485692528,1.0,-0.0,0,0
265,0.0,0.14059405940594058,0.16055486574752068,1.0,-0.0,0,0
266,0.2,0.16237623762376235,0.1634113349368535,0.408952791255753,0.3883268232407351,0,0
267,0.2,0.18415841584158413,0.15841584158415842,0.4601721627229709,0.3370796567266236,0,0
268,0.2,0.19603960396039605,0.17114685494124277,0.490769164683453,0.3091227320667054,0,0
269,0.2,0.11287128712871287,0.14188502271424044,0.2695813293766277,0.5693101893974304,0,0
270,0.2,0.1188118811881188,0.15714839508139802,0.30270602743129316,0.518978931358957,0,0
271,0.0,0.11485148514851484,0.16006566636008887,1.0,-0.0,0,0
272,0.0,0.09306930693069305,0.14229896414433021,1.0,-0.0,0,0
273,0.0,0.07722772277227723,0.12576985749069639,1.0,-0.0,0,0
274,0.0,0.12475247524752472,0.15376846462033406,1.0,-0.0,0,0
275,0.0,0.07326732673267328,0.11848138852793338,1.0,-0.0,0,0
276,0.0,0.06534653465346535,0.11295810453031022,1.0,-0.0,0,0
277,0.0,0.06930693069306931,0.11409790329416186,1.0,-0.0,0,0
278,0.0,0.06930693069306931,0.11409790329416186,1.0,-0.0,0,0
279,0.0,0.021782178217821784,0.062305476128919915,1.0,-0.0,0,0
280,0.0,0.0613861386138614,0.10433219700847123,1.0,-0.0,0,0
281,0.0,0.051485148514851496,0.09186070102766894,1.0,-0.0,0,0
282,0.0,0.04752475247524753,0.08965727859541997,1.0,-0.0,0,0
283,0.0,0.04752475247524753,0.08965727859541997,1.0,-0.0,0,0
284,0.0,0.04752475247524753,0.08965727859541997,1.0,-0.0,0,0
285,0.0,0.0,0.0,1.0,-0.0,0,0
286,0.0,0.0,0.0,1.0,-0.0,0,0
287,0.0,0.0,0.0,1.0,-0.0,0,0
288,0.0,0.0,0.0,1.0,-0.0,0,0
289,0.0,0.0,0.0,1.0,-0.0,0,0
290,0.0,0.0,0.0,1.0,-0.0,0,0
291,0.0,0.0,0.0,1.0,-0.0,0,0
292,0.0,0.0,0.0,1.0,-0.0,0,0
293,0.0,0.0,0.0,1.0,-0.0,0,0
294,0.0,0.0,0.0,1.0,-0.0,0,0
295,0.0,0.0,0.0,1.0,-0.0,0,0
296,0.0,0.0,0.0,1.0,-0.0,0,0
297,0.0,0.0,0.0,1.0,-0.0,0,0
298,0.0,0.0,0.0,1.0,-0.0,0,0
299,0.0,0.0,0.0,1.0,-0.0,0,0
300,0.0,0.0,0.0,1.0,-0.0,0,0
301,0.0,0.0,0.0,1.0,-0.0,0,0
302,0.0,0.0,0.0,1.0,-0.0,0,0
303,0.0,0.0,0.0,1.0,-0.0,0,0
304,0.0,0.0,0.0,1.0,-0.0,0,0
305,0.0,0.0,0.0,1.0,-0.0,0,0
306,0.0,0.0,0.0,1.0,-0.0,0,0
307,0.0,0.0,0.0,1.0,-0.0,0,0
308,0.0,0.0,0.0,1.0,-0.0,0,0
309,0.0,0.0,0.0,1.0,-0.0,0,0
310,0.0,0.0059405940594059415,0.033953323167291584,1.0,-0.0,0,0
311,0.0,0.0059405940594059415,0.033953323167291584,1.0,-0.0,0,0
312,0.0,0.021782178217821784,0.06230547612891991,1.0,-0.0,0,0
313,0.0,0.021782178217821784,0.06230547612891991,1.0,-0.0,0,0
314,0.0,0.021782178217821784,0.06230547612891991,1.0,-0.0,0,0
315,0.0,0.04752475247524753,0.08512548617902843,1.0,-0.0,0,0
316,0.0,0.0613861386138614,0.09224407682259105,1.0,-0.0,0,0
317,0.0,0.04554455445544555,0.08387254884969256,1.0,-0.0,0,0
318,0.0,0.04554455445544555,0.08387254884969256,1.0,-0.0,0,0
319,0.0,0.0712871287128713,0.11461224656227946,1.0,-0.0,0,0
320,0.0,0.039603960396039604,0.08908690597387718,1.0,-0.0,0,0
321,0.0,0.025742574257425738,0.07791016068477624,1.0,-0.0,0,0
322,0.0,0.025742574257425738,0.07791016068477624,1.0,-0.0,0,0
323,0.0,0.025742574257425738,0.07791016068477624,1.0,-0.0,0,0
324,0.0,0.0,0.0,1.0,-0.0,0,0
325,0.0,0.0,0.0,1.0,-0.0,0,0
326,0.0,0.0,0.0,1.0,-0.0,0,0
327,0.0,0.0,0.0,1.0,-0.0,0,0
328,0.0,0.0,0.0,1.0,-0.0,0,0
329,0.0,0.0,0.0,1.0,-0.0,0,0
330,0.0,0.0,0.0,1.0,-0.0,0,0
331,0.0,0.0,0.0,1.0,-0.0,0,0
332,0.0,0.0,0.0,1.0,-0.0,0,0
333,0.0,0.0,0.0,1.0,-0.0,0,0
334,0.0,0.0,0.0,1.0,-0.0,0,0
335,0.0,0.0,0.0,1.0,-0.0,0,0
336,0.0,0.0,0.0,1.0,-0.0,0,0
337,0.0,0.007920792079207921,0.03900537743285587,1.0,-0.0,0,0
338,0.0,0.007920792079207921,0.03900537743285587,1.0,-0.0,0,0
339,0.0,0.007920792079207921,0.03900537743285587,1.0,-0.0,0,0
340,0.0,0.007920792079207921,0.03900537743285587,1.0,-0.0,0,0
341,0.0,0.011881188118811881,0.047276579747775535,1.0,-0.0,0,0
342,0.0,0.0039603960396039604,0.027863855998951068,1.0,-0.0,0,0
343,0.0,0.0297029702970297,0.08150144802873932,1.0,-0.0,0,0
344,0.0,0.0297029702970297,0.08150144802873932,1.0,-0.0,0,0
345,0.0,0.0297029702970297,0.08150144802873932,1.0,-0.0,0,0
346,0.0,0.025742574257425738,0.07264925278354115,1.0,-0.0,0,0
347,0.0,0.025742574257425738,0.07264925278354115,1.0,-0.0,0,0
348,0.0,0.0,0.0,1.0,-0.0,0,0
349,0.0,0.0,0.0,1.0,-0.0,0,0
350,0.0,0.0,0.0,1.0,-0.0,0,0
351,0.0,0.0,0.0,1.0,-0.0,0,0
352,0.0,0.0,0.0,1.0,-0.0,0,0
353,0.0,0.0,0.0,1.0,-0.0,0,0
354,0.0,0.0,0.0,1.0,-0.0,0,0
355,0.0,0.0,0.0,1.0,-0.0,0,0
356,0.0,0.0,0.0,1.0,-0.0,0,0
357,0.0,0.0,0.0,1.0,-0.0,0,0
358,0.0,0.0,0.0,1.0,-0.0,0,0
359,0.0,0.0,0.0,1.0,-0.0,0,0
360,0.0,0.0,0.0,1.0,-0.0,0,18
361,0.0,0.011881188118811881,0.047276579747775535,1.0,-0.0,0,0
362,0.0,0.011881188118811881,0.047276579747775535,1.0,-0.0,0,0
363,0.0,0.011881188118811881,0.047276579747775535,1.0,-0.0,0,0
364,0.0,0.011881188118811881,0.047276579747775535,1.0,-0.0,0,0
365,0.0,0.011881188118811881,0.047276579747775535,1.0,-0.0,0,0
366,0.0,0.031683168316831684,0.07826167463512675,1.0,-0.0,0,0
367,0.0,0.04752475247524753,0.09397077637785879,1.0,-0.0,0,0
368,0.0,0.06930693069306931,0.11057238501634628,1.0,-0.0,0,0
369,0.0,0.09504950495049505,0.12457948087149175,1.0,-0.0,0,0
370,0.0,0.12277227722772277,0.14615954128511635,1.0,-0.0,0,0
371,0.0,0.15643564356435644,0.15821769786485684,1.0,-0.0,0,0
372,0.0,0.14059405940594058,0.15036471688371983,1.0,-0.0,0,0
373,0.0,0.11683168316831684,0.14696218071508493,1.0,-0.0,0,0
374,0.0,0.09108910891089109,0.13057300215314485,1.0,-0.0,0,0
375,0.0,0.06336633663366338,0.11233152161332939,1.0,-0.0,0,0
376,0.0,0.0,0.0,1.0,-0.0,0,0
377,0.0,0.0,0.0,1.0,-0.0,0,0
378,0.0,0.0297029702970297,0.07112192077650681,1.0,-0.0,0,0
379,0.0,0.0297029702970297,0.07112192077650681,1.0,-0.0,0,0
380,0.0,0.0297029702970297,0.07112192077650681,1.0,-0.0,0,0
381,0.0,0.0297029702970297,0.07112192077650681,1.0,-0.0,0,0
382,0.0,0.0297029702970297,0.07112192077650681,1.0,-0.0,0,0
383,0.0,0.017821782178217824,0.056980176514606566,1.0,-0.0,0,0
384,0.0,0.017821782178217824,0.056980176514606566,1.0,-0.0,0,0
385,0.0,0.017821782178217824,0.056980176514606566,1.0,-0.0,0,0
386,0.0,0.017821782178217824,0.056980176514606566,1.0,-0.0,0,0
387,0.0,0.017821782178217824,0.056980176514606566,1.0,-0.0,0,0
388,0.0,0.041584158415841586,0.08590499787518362,1.0,-0.0,0,0
389,0.0,0.041584158415841586,0.08590499787518362,1.0,-0.0,0,0
390,0.0,0.041584158415841586,0.08590499787518362,1.0,-0.0,0,0
391,0.0,0.041584158415841586,0.08590499787518362,1.0,-0.0,0,0
392,0.0,0.05148514851485149,0.10011267057239238,1.0,-0.0,0,0
393,0.0,0.031683168316831684,0.07826167463512675,1.0,-0.0,0,0
394,0.0,0.031683168316831684,0.07826167463512675,1.0,-0.0,0,0
395,0.0,0.049504950495049514,0.09504950495049506,1.0,-0.0,0,0
396,0.0,0.0594059405940594,0.11096178792967841,1.0,-0.0,0,0
397,0.0,0.09108910891089109,0.13057300215314485,1.0,-0.0,0,0
398,0.0,0.07920792079207921,0.11631029826208643,1.0,-0.0,0,0
399,0.0,0.07920792079207921,0.11631029826208643,1.0,-0.0,0,0
400,0.0,0.0613861386138614,0.10806149425459212,1.0,-0.0,0,0
401,0.0,0.051485148514851496,0.10011267057239238,1.0,-0.0,0,0
402,0.0,0.009900990099009901,0.04338396495090424,1.0,-0.0,0,0
403,0.0,0.049504950495049514,0.1104659459879711,1.0,-0.0,0,0
404,0.0,0.049504950495049514,0.1104659459879711,1.0,-0.0,0,0
405,0.0,0.049504950495049514,0.1104659459879711,1.0,-0.0,0,0
406,0.0,0.049504950495049514,0.1104659459879711,1.0,-0.0,0,0
407,0.0,0.05940594059405942,0.12756533392797154,1.0,-0.0,0,0
408,0.0,0.009900990099009901,0.04338396495090424,1.0,-0.0,0,0
409,0.0,0.009900990099009901,0.04338396495090424,1.0,-0.0,0,0
410,0.0,0.009900990099009901,0.04338396495090424,1.0,-0.0,0,0
411,0.0,0.009900990099009901,0.04338396495090424,1.0,-0.0,0,0
412,0.0,0.0,0.0,1.0,-0.0,0,0
413,0.0,0.0,0.0,1.0,-0.0,0,0
414,0.0,0.0,0.0,1.0,-0.0,0,0
415,0.0,0.0,0.0,1.0,-0.0,0,0
416,0.0,0.0,0.0,1.0,-0.0,0,0
417,0.0,0.0,0.0,1.0,-0.0,0,0
418,0.0,0.06336633663366337,0.10504385908811757,1.0,-0.0,0,0
419,0.0,0.06336633663366337,0.10504385908811757,1.0,-0.0,0,0
420,0.0,0.06336633663366337,0.10504385908811757,1.0,-0.0,0,0
421,0.0,0.06336633663366337,0.10504385908811757,1.0,-0.0,0,0
422,0.0,0.06336633663366337,0.10504385908811757,1.0,-0.0,0,0
423,0.0,0.0,0.0,1.0,-0.0,0,0
424,0.0,0.0,0.0,1.0,-0.0,0,0
425,0.0,0.0,0.0,1.0,-0.0,0,0
426,0.0,0.0,0.0,1.0,-0.0,0,0
427,0.0,0.0,0.0,1.0,-0.0,0,0
428,0.0,0.0,0.0,1.0,-0.0,0,0
429,0.0,0.0,0.0,1.0,-0.0,0,0
430,0.0,0.0,0.0,1.0,-0.0,0,0
431,0.0,0.0059405940594059415,0.03395332316729158,1.0,-0.0,0,0
432,0.0,0.0059405940594059415,0.03395332316729158,1.0,-0.0,0,0
433,0.0,0.0059405940594059415,0.03395332316729158,1.0,-0.0,0,0
434,0.0,0.0059405940594059415,0.03395332316729158,1.0,-0.0,0,0
435,0.0,0.0059405940594059415,0.03395332316729158,1.0,-0.0,0,0
436,0.0,0.0,0.0,1.0,-0.0,0,0
437,0.0,0.0,0.0,1.0,-0.0,0,0
438,0.0,0.0,0.0,1.0,-0.0,0,0
439,0.0,0.0,0.0,1.0,-0.0,0,0
440,0.0,0.03564356435643565,0.09074407316744237,1.0,-0.0,0,0
441,0.0,0.03564356435643565,0.09074407316744237,1.0,-0.0,0,0
442,0.0,0.03564356435643565,0.09074407316744237,1.0,-0.0,0,0
443,0.0,0.03564356435643565,0.09074407316744237,1.0,-0.0,0,0
444,0.0,0.03564356435643565,0.09074407316744237,1.0,-0.0,0,0
445,0.0,0.0,0.0,1.0,-0.0,0,0
446,0.0,0.0,0.0,1.0,-0.0,0,0
447,0.0,0.0,0.0,1.0,-0.0,0,0
448,0.0,0.0,0.0,1.0,-0.0,0,0
449,0.0,0.0,0.0,1.0,-0.0,0,0
450,0.0,0.0,0.0,1.0,-0.0,0,0
451,0.0,0.0,0.0,1.0,-0.0,0,0
452,0.0,0.03762376237623762,0.07816140339006157,1.0,-0.0,0,0
453,0.0,0.03762376237623762,0.07816140339006157,1.0,-0.0,0,0
454,0.0,0.03762376237623762,0.07816140339006157,1.0,-0.0,0,0
455,0.0,0.04356435643564357,0.08255312311158745,1.0,-0.0,0,0
456,0.0,0.04356435643564357,0.08255312311158745,1.0,-0.0,0,0
457,0.0,0.0059405940594059415,0.033953323167291584,1.0,-0.0,0,0
458,0.2,0.017821782178217824,0.05698017651460656,0.0006937928196726553,3.15877019915046,0,0
459,0.4,0.023762376237623766,0.06471340450838887,3.0515923326657054e-09,8.515473484969863,0,0
460,0.4,0.03564356435643565,0.07653920035678292,9.660966320372894e-07,6.014979431905753,0,0
461,0.4,0.03564356435643565,0.07653920035678292,9.660966320372894e-07,6.014979431905753,0,0
462,0.4,0.03564356435643565,0.07653920035678292,9.660966320372894e-07,6.014979431905753,0,0
463,0.2,0.023762376237623766,0.06471340450838889,0.0032311212459077425,2.490646745033819,0,0
464,0.0,0.017821782178217824,0.05698017651460656,1.0,-0.0,0,0
465,0.0,0.0,0.0,1.0,-0.0,0,0
466,0.0,0.0,0.0,1.0,-0.0,0,0
467,0.0,0.0,0.0,1.0,-0.0,0,0
468,0.0,0.0,0.0,1.0,-0.0,0,0
469,0.0,0.0,0.0,1.0,-0.0,0,0
470,0.0,0.0,0.0,1.0,-0.0,0,0
471,0.0,0.0,0.0,1.0,-0.0,0,0
472,0.0,0.0,0.0,1.0,-0.0,0,0
473,0.0,0.0,0.0,1.0,-0.0,0,0
474,0.0,0.0,0.0,1.0,-0.0,0,0
475,0.2,0.0297029702970297,0.07648795214189293,0.012991839772286904,1.8863293442020952,0,0
476,0.2,0.061386138613861385,0.10433219700847123,0.09199298471617674,1.0362452902111776,0,0
477,0.2,0.16435643564356436,0.16744093589393824,0.41571322089895324,0.381206163436634,0,0
478,0.2,0.16435643564356436,0.16744093589393824,0.41571322089895324,0.381206163436634,0,0
479,0.2,0.16435643564356436,0.16744093589393824,0.41571322089895324,0.381206163436634,0,0
480,0.0,0.13465346534653463,0.14921288105967925,1.0,-0.0,0,0
481,0.0,0.11287128712871286,0.14464936528910635,1.0,-0.0,0,0
482,0.0,0.011881188118811883,0.047276579747775535,1.0,-0.0,0,0
483,0.0,0.011881188118811883,0.047276579747775535,1.0,-0.0,0,0
484,0.0,0.011881188118811883,0.047276579747775535,1.0,-0.0,0,0
485,0.0,0.011881188118811883,0.047276579747775535,1.0,-0.0,0,0
486,0.2,0.04158415841584159,0.09039772047931346,0.03984979219979859,1.399573938928248,0,0
487,0.2,0.04158415841584159,0.09039772047931346,0.03984979219979859,1.399573938928248,0,0
488,0.2,0.04158415841584159,0.09039772047931346,0.03984979219979859,1.399573938928248,0,0
489,0.2,0.04158415841584159,0.09039772047931346,0.03984979219979859,1.399573938928248,0,0
490,0.2,0.08514851485148514,0.130031327995105,0.1885478753020174,0.7245783571846862,0,0
491,0.0,0.06930693069306931,0.11751770396006173,1.0,-0.0,0,0
492,0.0,0.07920792079207921,0.1322440226302099,1.0,-0.0,0,0
493,0.0,0.07920792079207921,0.1322440226302099,1.0,-0.0,0,0
494,0.0,0.07920792079207921,0.1322440226302099,1.0,-0.0,0,0
495,0.0,0.03564356435643565,0.08626938974571076,1.0,-0.0,0,0
496,0.2,0.04356435643564357,0.0916470215081674,0.04391693044295191,1.3573680223438196,0,0
497,0.2,0.04356435643564357,0.08721867542790195,0.036438310127516485,1.438441772185106,0,0
498,0.2,0.04356435643564357,0.08721867542790195,0.036438310127516485,1.438441772185106,0,0
499,0.2,0.04356435643564357,0.08721867542790195,0.036438310127516485,1.438441772185106,0,0
500,0.2,0.04752475247524753,0.09397077637785879,0.05233944412570533,1.2811708941229774,0,0
501,0.0,0.013861386138613863,0.05079507064705211,1.0,-0.0,0,0
502,0.2,0.03564356435643565,0.08154954567118416,0.021930426384501912,1.6589529244266183,0,0
503,0.2,0.061386138613861385,0.10046456153636296,0.08383506191077846,1.0765743106091494,0,0
504,0.2,0.0891089108910891,0.12420120222231065,0.18597296685049775,0.7305501805181491,0,0
505,0.2,0.13663366336633662,0.15137833547418927,0.33775577691904884,0.4713972141412851,0,0
506,0.2,0.13663366336633662,0.15137833547418927,0.33775577691904884,0.4713972141412851,0,0
507,0.0,0.10297029702970295,0.1396285351588451,1.0,-0.0,0,0
508,0.0,0.07722772277227723,0.10889288780093088,1.0,-0.0,0,0
509,0.0,0.04950495049504951,0.08631483056516186,1.0,-0.0,0,0
510,0.0,0.025742574257425748,0.06697637435757531,1.0,-0.0,0,0
511,0.0,0.025742574257425748,0.06697637435757531,1.0,-0.0,0,0
512,0.0,0.047524752475247525,0.10205226714237722,1.0,-0.0,1,0
513,0.0,0.047524752475247525,0.10205226714237722,1.0,-0.0,0,0
514,0.0,0.047524752475247525,0.10205226714237722,1.0,-0.0,0,0
515,0.0,0.021782178217821784,0.06230547612891991,1.0,-0.0,0,0
516,0.0,0.04950495049504951,0.09912864166957489,1.0,-0.0,0,0
517,0.0,0.02772277227722772,0.06910862719451544,1.0,-0.0,0,0
518,0.0,0.02772277227722772,0.06910862719451544,1.0,-0.0,0,0
519,0.0,0.02772277227722772,0.06910862719451544,1.0,-0.0,0,0
520,0.0,0.02772277227722772,0.06910862719451544,1.0,-0.0,0,0
521,0.0,0.0,0.0,1.0,-0.0,0,0
522,0.0,0.0,0.0,1.0,-0.0,0,0
523,0.0,0.015841584158415842,0.05401260078014202,1.0,-0.0,0,0
524,0.0,0.015841584158415842,0.05401260078014202,1.0,-0.0,0,0
525,0.0,0.015841584158415842,0.05401260078014202,1.0,-0.0,0,0
526,0.0,0.02772277227722773,0.07461957893630405,1.0,-0.0,0,0
527,0.0,0.06930693069306931,0.10693069306930696,1.0,-0.0,0,0
528,0.0,0.061386138613861385,0.09644194583672018,1.0,-0.0,0,0
529,0.0,0.061386138613861385,0.09644194583672018,1.0,-0.0,0,0
530,0.0,0.061386138613861385,0.09644194583672018,1.0,-0.0,0,0
531,0.0,0.04950495049504951,0.08631483056516186,1.0,-0.0,0,0
532,0.0,0.023762376237623766,0.06471340450838887,1.0,-0.0,0,0
533,0.0,0.023762376237623766,0.06471340450838889,1.0,-0.0,0,0
534,0.0,0.023762376237623766,0.06471340450838889,1.0,-0.0,0,0
535,0.0,0.04158415841584159,0.08116396646304633,1.0,-0.0,0,0
536,0.0,0.04158415841584159,0.08116396646304633,1.0,-0.0,0,0
537,0.0,0.04554455445544555,0.09283729243351321,1.0,-0.0,0,0
538,0.0,0.03762376237623763,0.08771182015980238,1.0,-0.0,0,0
539,0.0,0.04752475247524753,0.09809478080396702,1.0,-0.0,0,0
540,0.0,0.0297029702970297,0.07648795214189293,1.0,-0.0,0,0
541,0.0,0.04752475247524753,0.09397077637785879,1.0,-0.0,0,0
542,0.0,0.02772277227722772,0.06910862719451544,1.0,-0.0,0,0
543,0.0,0.02772277227722772,0.06910862719451544,1.0,-0.0,0,0
544,0.0,0.017821782178217824,0.05698017651460656,1.0,-0.0,0,0
545,0.0,0.017821782178217824,0.05698017651460656,1.0,-0.0,0,0
546,0.0,0.0,0.0,1.0,-0.0,0,0
547,0.0,0.0,0.0,1.0,-0.0,0,0
548,0.0,0.0,0.0,1.0,-0.0,0,0
549,0.0,0.0,0.0,1.0,-0.0,0,0
550,0.0,0.0,0.0,1.0,-0.0,0,0
551,0.0,0.0,0.0,1.0,-0.0,0,0
552,0.0,0.04356435643564357,0.08721867542790196,1.0,-0.0,0,0
553,0.0,0.04356435643564357,0.08721867542790196,1.0,-0.0,0,0
554,0.0,0.04356435643564357,0.08721867542790196,1.0,-0.0,0,0
555,0.0,0.04356435643564357,0.08721867542790196,1.0,-0.0,0,0
556,0.0,0.04356435643564357,0.08721867542790196,1.0,-0.0,0,0
557,0.0,0.0,0.0,1.0,-0.0,0,0
558,0.0,0.015841584158415842,0.054012600780142014,1.0,-0.0,0,0
559,0.0,0.015841584158415842,0.054012600780142014,1.0,-0.0,0,0
560,0.0,0.015841584158415842,0.054012600780142014,1.0,-0.0,0,0
561,0.0,0.015841584158415842,0.054012600780142014,1.0,-0.0,0,0
562,0.0,0.015841584158415842,0.054012600780142014,1.0,-0.0,0,0
563,0.0,0.03762376237623763,0.07816140339006158,1.0,-0.0,0,0
564,0.0,0.03762376237623763,0.07816140339006158,1.0,-0.0,0,0
565,0.0,0.03762376237623763,0.07816140339006158,1.0,-0.0,0,0
566,0.0,0.03762376237623763,0.07816140339006158,1.0,-0.0,0,0
567,0.0,0.03762376237623763,0.07816140339006158,1.0,-0.0,0,0
568,0.0,0.0,0.0,1.0,-0.0,0,0
569,0.0,0.0,0.0,1.0,-0.0,0,0
570,0.0,0.0,0.0,1.0,-0.0,0,0
571,0.0,0.0,0.0,1.0,-0.0,0,0
572,0.0,0.04752475247524753,0.10586191211583094,1.0,-0.0,0,0
573,0.0,0.04752475247524753,0.10586191211583094,1.0,-0.0,0,0
574,0.0,0.04752475247524753,0.10586191211583094,1.0,-0.0,0,0
575,0.0,0.04752475247524753,0.10586191211583094,1.0,-0.0,0,0
576,0.0,0.04752475247524753,0.10586191211583094,1.0,-0.0,0,0
577,0.0,0.0059405940594059415,0.033953323167291584,1.0,-0.0,0,0
578,0.0,0.03762376237623763,0.07816140339006158,1.0,-0.0,0,0
579,0.0,0.04356435643564357,0.08255312311158745,1.0,-0.0,0,0
580,0.0,0.04356435643564357,0.08255312311158745,1.0,-0.0,0,0
581,0.0,0.04356435643564357,0.08255312311158745,1.0,-0.0,0,0
582,0.0,0.03762376237623763,0.07816140339006158,1.0,-0.0,0,0
583,0.2,0.039603960396039604,0.0890869059738772,0.03589523119581593,1.4449632450960648,0,0
584,0.4,0.08514851485148517,0.11721701851048509,0.0036150476358329333,2.4418859755912816,0,0
585,0.4,0.09504950495049506,0.1277189346265117,0.008477810817850356,2.071716278930851,0,0
586,0.4,0.09504950495049506,0.1277189346265117,0.008477810817850356,2.071716278930851,0,0
587,0.4,0.09504950495049506,0.1277189346265117,0.008477810817850356,2.071716278930851,0,0
588,0.2,0.061386138613861385,0.10433219700847123,0.09199298471617674,1.0362452902111776,0,0
589,0.0,0.0297029702970297,0.07112192077650681,1.0,-0.0,0,0
590,0.2,0.02772277227722772,0.06910862719451544,0.0063361735559086295,2.1981729353735644,0,0
591,0.2,0.06930693069306931,0.11057238501634628,0.11860911207080789,0.9258819452883051,0,0
592,0.2,0.07524752475247526,0.11891084986932621,0.1470600443380226,0.8325053074261874,0,0
593,0.2,0.11089108910891088,0.14752142995793407,0.2729083748352631,0.563983136778129,0,0
594,0.2,0.14455445544554454,0.18046982004062492,0.3793345742235016,0.42097757198168756,0,0
595,0.0,0.15643564356435644,0.19213023717381655,1.0,-0.0,0,0
596,0.0,0.12475247524752475,0.17084874938711278,1.0,-0.0,0,0
597,0.0,0.14257425742574256,0.1765155223609232,1.0,-0.0,0,0
598,0.0,0.1415841584158416,0.16960485628010974,1.0,-0.0,0,0
599,0.0,0.10693069306930694,0.13948804962658473,1.0,-0.0,0,0
600,0.0,0.08712871287128712,0.12401163019288061,1.0,-0.0,0,0
601,0.2,0.14059405940594058,0.15806892707703052,0.3535242386351092,0.4515808043717551,0,0
602,0.2,0.11485148514851483,0.14984225277142665,0.28493112915219754,0.5452601008465134,0,0
603,0.2,0.08514851485148514,0.13304219431477884,0.19399420727391986,0.7122112380415879,0,0
604,0.2,0.06534653465346535,0.1262055870822035,0.1430000445571732,0.8446638272137393,0,0
605,0.2,0.06534653465346535,0.1262055870822035,0.1430000445571732,0.8446638272137393,0,0
606,0.0,0.04356435643564357,0.09164702150816742,1.0,-0.0,0,0
607,0.0,0.05148514851485149,0.096075322540263,1.0,-0.0,0,0
608,0.0,0.05148514851485149,0.096075322540263,1.0,-0.0,0,0
609,0.0,0.06534653465346535,0.10571364605971598,1.0,-0.0,0,0
610,0.0,0.06534653465346535,0.10571364605971598,1.0,-0.0,0,0
611,0.0,0.025742574257425748,0.06697637435757531,1.0,-0.0,0,0
612,0.0,0.017821782178217824,0.05698017651460656,1.0,-0.0,0,0
613,0.0,0.013861386138613863,0.05079507064705211,1.0,-0.0,0,0
614,0.0,0.0,0.0,1.0,-0.0,0,0
615,0.0,0.0,0.0,1.0,-0.0,0,0
616,0.0,0.009900990099009901,0.04338396495090425,1.0,-0.0,0,0
617,0.0,0.009900990099009901,0.04338396495090425,1.0,-0.0,0,0
618,0.0,0.047524752475247525,0.10205226714237722,1.0,-0.0,0,0
619,0.0,0.047524752475247525,0.10205226714237722,1.0,-0.0,0,0
620,0.0,0.047524752475247525,0.10205226714237722,1.0,-0.0,0,0
621,0.0,0.03762376237623763,0.09211646217515253,1.0,-0.0,0,0
622,0.0,0.03762376237623763,0.09211646217515253,1.0,-0.0,0,0
623,0.0,0.0,0.0,1.0,-0.0,0,0
624,0.0,0.019801980198019802,0.0597350618970232,1.0,-0.0,0,0
625,0.0,0.03762376237623762,0.08307396817189318,1.0,-0.0,0,0
626,0.0,0.04950495049504951,0.10304643034659554,1.0,-0.0,0,0
627,0.0,0.09504950495049505,0.1581929124495149,1.0,-0.0,0,0
628,0.0,0.09504950495049505,0.1581929124495149,1.0,-0.0,0,0
629,0.0,0.07920792079207922,0.13520562388207177,1.0,-0.0,0,0
630,0.0,0.07920792079207921,0.13810372890425898,1.0,-0.0,0,0
631,0.0,0.08910891089108909,0.12734998170941406,1.0,-0.0,0,0
632,0.0,0.08316831683168316,0.12028786177019754,1.0,-0.0,0,0
633,0.0,0.1069306930693069,0.12762679639066946,1.0,-0.0,0,0
634,0.0,0.10297029702970294,0.127780323207142,1.0,-0.0,0,0
635,0.0,0.1168316831683168,0.13864214704328154,1.0,-0.0,0,0
636,0.0,0.09504950495049505,0.12135883917659063,1.0,-0.0,0,0
637,0.0,0.061386138613861385,0.10046456153636296,1.0,-0.0,0,0
638,0.0,0.07920792079207921,0.12921455921643918,1.0,-0.0,0,0
639,0.0,0.07920792079207921,0.12921455921643918,1.0,-0.0,0,0
640,0.0,0.04752475247524753,0.09809478080396702,1.0,-0.0,0,0
641,0.0,0.04752475247524753,0.09809478080396702,1.0,-0.0,0,0
