,foreground,bg_means,bg_stdev,pvals,minus_logs,regs,active
2,0.4,0.13663366336633662,0.1565233492702535,0.046226183555582265,1.3351119605348667,0,0
3,0.4,0.13663366336633662,0.1565233492702535,0.046226183555582265,1.3351119605348667,0,0
4,0.4,0.13663366336633662,0.1565233492702535,0.046226183555582265,1.3351119605348667,0,0
5,0.2,0.047524752475247525,0.08512548617902845,0.03663203844700429,1.4361389136681444,0,0
6,0.2,0.047524752475247525,0.08512548617902845,0.03663203844700429,1.4361389136681444,0,0
7,0.0,0.1267326732673267,0.12811743461086583,1.0,-0.0,0,0
8,0.2,0.3108910891089109,0.22066550561005355,1.0,-0.0,0,0
9,0.2,0.3108910891089109,0.22066550561005355,1.0,-0.0,0,0
10,0.2,0.3108910891089109,0.22066550561005355,1.0,-0.0,0,0
11,0.2,0.32871287128712884,0.22792070605842626,1.0,-0.0,0,0
12,0.2,0.20396039603960395,0.1845094068165728,1.0,-0.0,0,0
13,0.0,0.017821782178217824,0.05698017651460656,1.0,-0.0,0,0
14,0.0,0.017821782178217824,0.05698017651460656,1.0,-0.0,0,0
15,0.0,0.033663366336633666,0.08930671115865095,1.0,-0.0,0,0
16,0.0,0.0712871287128713,0.10747934055534188,1.0,-0.0,0,0
17,0.0,0.0712871287128713,0.10747934055534188,1.0,-0.0,0,0
18,0.0,0.0712871287128713,0.10747934055534188,1.0,-0.0,0,0
19,0.0,0.08910891089108909,0.12420120222231065,1.0,-0.0,0,0
20,0.0,0.07326732673267328,0.11509022642946842,1.0,-0.0,0,0
21,0.0,0.017821782178217824,0.05698017651460656,1.0,-0.0,0,0
22,0.0,0.06732673267326733,0.11698261772468857,1.0,-0.0,0,0
23,0.0,0.06732673267326733,0.11698261772468857,1.0,-0.0,0,0
24,0.0,0.049504950495049514,0.09912864166957489,1.0,-0.0,0,0
25,0.2,0.07722772277227724,0.1193059036149867,0.15172703225002876,0.8189370368062708,0,0
26,0.2,0.09306930693069305,0.12448501897427097,0.19517455309290543,0.7095768064016368,0,0
27,0.2,0.06336633663366338,0.10874875419996817,0.10448261079208833,0.9809559838634979,0,0
28,0.2,0.1376237623762376,0.1584900816139702,0.3469509064073864,0.4597319735802073,0,0
29,0.2,0.15247524752475247,0.16685445095398732,0.3878881137404293,0.41129352851036954,0,0
30,0.0,0.2356435643564356,0.20176653424136176,1.0,-0.0,0,0
31,0.0,0.2198019801980198,0.198019801980198,1.0,-0.0,0,0
32,0.0,0.24356435643564353,0.23140374111669773,1.0,-0.0,0,0
33,0.0,0.2514851485148515,0.22977124284135111,1.0,-0.0,0,0
34,0.0,0.2376237623762376,0.22814425050680082,1.0,-0.0,0,0
35,0.0,0.18415841584158413,0.1860121753000773,1.0,-0.0,0,0
36,0.0,0.19801980198019797,0.19598959258073068,1.0,-0.0,0,0
37,0.0,0.16435643564356434,0.17664875840130073,1.0,-0.0,0,0
38,0.0,0.08118811881188118,0.11664694237642095,1.0,-0.0,0,0
39,0.0,0.14851485148514854,0.1749760161138576,1.0,-0.0,0,0
40,0.0,0.12673267326732673,0.17959861138017,1.0,-0.0,0,0
41,0.0,0.11287128712871286,0.1651062462231749,1.0,-0.0,0,0
42,0.0,0.1881188118811881,0.2006361806176688,1.0,-0.0,0,0
43,0.0,0.1881188118811881,0.2006361806176688,1.0,-0.0,0,0
44,0.0,0.12079207920792079,0.149134022841685,1.0,-0.0,0,0
45,0.0,0.09306930693069305,0.1336890331058871,1.0,-0.0,0,0
46,0.0,0.15247524752475244,0.16203780234042603,1.0,-0.0,0,0
47,0.0,0.11485148514851484,0.14169143619800648,1.0,-0.0,0,0
48,0.0,0.25742574257425743,0.1936346128607071,1.0,-0.0,0,0
49,0.0,0.2693069306930693,0.1938370113824201,1.0,-0.0,0,0
50,0.0,0.2594059405940594,0.19405940594059407,1.0,-0.0,0,0
51,0.0,0.21980198019801975,0.1791176404070512,1.0,-0.0,0,0
52,0.0,0.17227722772277226,0.17355845414780538,1.0,-0.0,0,0
53,0.0,0.039603960396039604,0.09342674148186497,1.0,-0.0,0,0
54,0.0,0.027722772277227727,0.07461957893630407,1.0,-0.0,0,0
55,0.0,0.027722772277227727,0.07461957893630407,1.0,-0.0,0,0
56,0.0,0.009900990099009901,0.04338396495090425,1.0,-0.0,0,0
57,0.0,0.06732673267326733,0.09861306612268304,1.0,-0.0,0,0
58,0.0,0.05742574257425742,0.09476028605152792,1.0,-0.0,0,0
59,0.0,0.05742574257425742,0.09476028605152792,1.0,-0.0,0,0
60,0.0,0.07722772277227724,0.11593886073904515,1.0,-0.0,0,0
61,0.0,0.07722772277227724,0.11593886073904515,1.0,-0.0,0,0
62,0.0,0.019801980198019802,0.059735061897023205,1.0,-0.0,0,0
63,0.0,0.019801980198019802,0.059735061897023205,1.0,-0.0,0,0
64,0.0,0.019801980198019802,0.059735061897023205,1.0,-0.0,0,0
65,0.0,0.0,0.0,1.0,-0.0,0,0
66,0.0,0.0,0.0,1.0,-0.0,0,0
67,0.0,0.0,0.0,1.0,-0.0,0,0
68,0.0,0.0,0.0,1.0,-0.0,0,0
69,0.0,0.09504950495049502,0.1367053908443026,1.0,-0.0,0,0
70,0.0,0.11287128712871286,0.14736186103080443,1.0,-0.0,0,0
71,0.0,0.18019801980198016,0.18348647776016436,1.0,-0.0,0,0
72,0.0,0.18019801980198016,0.18348647776016436,1.0,-0.0,0,0
73,0.0,0.18019801980198016,0.18348647776016436,1.0,-0.0,0,0
74,0.0,0.08316831683168317,0.12978985828256587,1.0,-0.0,0,0
75,0.0,0.06534653465346535,0.11295810453031019,1.0,-0.0,0,0
76,0.0,0.0,0.0,1.0,-0.0,0,0
77,0.0,0.015841584158415842,0.05401260078014202,1.0,-0.0,0,0
78,0.0,0.015841584158415842,0.05401260078014202,1.0,-0.0,0,0
79,0.0,0.03762376237623763,0.08307396817189318,1.0,-0.0,0,0
80,0.0,0.03762376237623763,0.08307396817189318,1.0,-0.0,0,0
81,0.0,0.0712871287128713,0.11801714396634724,1.0,-0.0,0,0
82,0.0,0.11881188118811883,0.14122019271030048,1.0,-0.0,0,0
83,0.0,0.1603960396039604,0.18243632168365972,1.0,-0.0,0,0
84,0.0,0.13861386138613863,0.16825858048513267,1.0,-0.0,0,0
85,0.0,0.21980198019801983,0.19397856469320326,1.0,-0.0,0,0
86,0.0,0.18613861386138614,0.18077375114498542,1.0,-0.0,0,0
87,0.0,0.12178217821782177,0.14044058001185858,1.0,-0.0,0,0
88,0.0,0.08118811881188118,0.11320083903331847,1.0,-0.0,0,0
89,0.0,0.10297029702970295,0.127780323207142,1.0,-0.0,0,0
90,0.0,0.023762376237623766,0.07056843438101175,1.0,-0.0,0,0
91,0.0,0.17425742574257425,0.17724708119287327,1.0,-0.0,0,0
92,0.0,0.19405940594059404,0.18552669588707663,1.0,-0.0,0,0
93,0.0,0.19405940594059404,0.18552669588707663,1.0,-0.0,0,0
94,0.0,0.17029702970297025,0.1697666158364579,1.0,-0.0,0,0
95,0.0,0.194059405940594,0.1767818940250744,1.0,-0.0,0,0
96,0.0,0.0594059405940594,0.10357779667819421,1.0,-0.0,0,0
97,0.0,0.12475247524752475,0.15632280678012314,1.0,-0.0,0,0
98,0.2,0.16435643564356434,0.18325125229717662,0.4228896433920053,0.37377295063645,0,0
99,0.2,0.30297029702970296,0.25580602395176466,1.0,-0.0,0,0
100,0.2,0.3435643564356436,0.28158527244909204,1.0,-0.0,0,0
101,0.2,0.3267326732673268,0.2724625831733365,1.0,-0.0,0,0
102,0.2,0.24158415841584158,0.2291902779600837,1.0,-0.0,0,0
103,0.0,0.20396039603960395,0.216141131047601,1.0,-0.0,0,0
104,0.0,0.06336633663366337,0.11917436454123627,1.0,-0.0,0,0
105,0.0,0.0,0.0,1.0,-0.0,0,0
106,0.0,0.0,0.0,1.0,-0.0,0,0
107,0.0,0.0,0.0,1.0,-0.0,0,0
108,0.0,0.0,0.0,1.0,-0.0,0,0
109,0.0,0.0,0.0,1.0,-0.0,0,0
110,0.0,0.0,0.0,1.0,-0.0,0,0
111,0.0,0.0,0.0,1.0,-0.0,0,0
112,0.0,0.14257425742574256,0.16249693654596944,1.0,-0.0,0,0
113,0.0,0.15049504950495046,0.16746435256923542,1.0,-0.0,0,0
114,0.0,0.15049504950495046,0.16746435256923542,1.0,-0.0,0,0
115,0.0,0.15049504950495046,0.16746435256923542,1.0,-0.0,0,0
116,0.0,0.15049504950495046,0.16746435256923542,1.0,-0.0,0,0
117,0.0,0.015841584158415842,0.05401260078014202,1.0,-0.0,0,0
118,0.0,0.015841584158415842,0.054012600780142014,1.0,-0.0,0,0
119,0.0,0.015841584158415842,0.054012600780142014,1.0,-0.0,0,0
120,0.0,0.015841584158415842,0.054012600780142014,1.0,-0.0,0,0
121,0.0,0.015841584158415842,0.054012600780142014,1.0,-0.0,0,0
122,0.0,0.007920792079207921,0.03900537743285587,1.0,-0.0,0,0
123,0.0,0.0,0.0,1.0,-0.0,0,0
124,0.0,0.0,0.0,1.0,-0.0,0,0
125,0.0,0.0,0.0,1.0,-0.0,0,0
126,0.0,0.0,0.0,1.0,-0.0,0,0
127,0.0,0.0,0.0,1.0,-0.0,0,0
128,0.2,0.11881188118811879,0.14939672169394075,0.2934135277363957,0.5325198670236352,0,0
129,0.2,0.14455445544554454,0.1667839341722421,0.3697787604526882,0.4320580376957839,0,0
130,0.2,0.14455445544554454,0.1667839341722421,0.3697787604526882,0.4320580376957839,0,0
131,0.2,0.14455445544554454,0.1667839341722421,0.3697787604526882,0.4320580376957839,0,0
132,0.2,0.14455445544554454,0.1667839341722421,0.3697787604526882,0.4320580376957839,0,0
133,0.0,0.10099009900990098,0.12467387119760154,1.0,-0.0,0,0
134,0.0,0.09108910891089109,0.11781762202489915,1.0,-0.0,0,0
135,0.0,0.09108910891089109,0.11781762202489915,1.0,-0.0,0,0
136,0.0,0.10099009900990097,0.12467387119760155,1.0,-0.0,0,0
137,0.0,0.10495049504950495,0.12771893462651168,1.0,-0.0,0,0
138,0.0,0.02772277227722773,0.06910862719451545,1.0,-0.0,0,0
139,0.0,0.013861386138613863,0.05079507064705211,1.0,-0.0,0,0
140,0.0,0.021782178217821784,0.062305476128919915,1.0,-0.0,0,0
141,0.0,0.011881188118811881,0.047276579747775535,1.0,-0.0,0,0
142,0.0,0.04752475247524753,0.09809478080396702,1.0,-0.0,0,0
143,0.0,0.06336633663366337,0.10874875419996817,1.0,-0.0,0,0
144,0.0,0.06336633663366337,0.10874875419996817,1.0,-0.0,0,0
145,0.0,0.05544554455445545,0.10575073206193022,1.0,-0.0,0,0
146,0.0,0.05544554455445545,0.10575073206193022,1.0,-0.0,0,0
147,0.0,0.041584158415841586,0.09467748980500532,1.0,-0.0,0,0
148,0.0,0.025742574257425745,0.06697637435757531,1.0,-0.0,0,0
149,0.0,0.025742574257425745,0.06697637435757531,1.0,-0.0,0,0
150,0.0,0.025742574257425745,0.06697637435757531,1.0,-0.0,0,0
151,0.0,0.025742574257425745,0.06697637435757531,1.0,-0.0,0,0
152,0.0,0.0,0.0,1.0,-0.0,0,0
153,0.0,0.0,0.0,1.0,-0.0,0,0
154,0.0,0.0,0.0,1.0,-0.0,0,0
155,0.0,0.0,0.0,1.0,-0.0,0,0
156,0.0,0.0,0.0,1.0,-0.0,0,0
157,0.2,0.05940594059405942,0.10357779667819421,0.08733081746926054,1.0588324745635311,0,0
158,0.2,0.06930693069306931,0.10693069306930696,0.11081180122969687,0.9554139856724337,0,0
159,0.2,0.0792079207920792,0.10928827506175548,0.13452323402587257,0.8712027005106293,0,0
160,0.2,0.09108910891089109,0.12113245340338318,0.1842981552477096,0.7344790118766933,0,0
161,0.2,0.10495049504950493,0.1307830473343237,0.23368270656166545,0.6313734259164431,0,0
162,0.0,0.06138613861386138,0.09644194583672018,1.0,-0.0,0,0
163,0.0,0.06930693069306931,0.10693069306930696,1.0,-0.0,0,0
164,0.0,0.10693069306930694,0.12126186845461279,1.0,-0.0,0,0
165,0.0,0.09504950495049506,0.11464645406835748,1.0,-0.0,0,0
166,0.0,0.08118811881188118,0.10597297552680915,1.0,-0.0,0,0
167,0.0,0.06534653465346535,0.0938037170877387,1.0,-0.0,0,0
168,0.0,0.047524752475247525,0.08512548617902845,1.0,-0.0,0,0
169,0.2,0.027722772277227727,0.06910862719451544,0.0063361735559086295,2.1981729353735644,0,0
170,0.2,0.027722772277227727,0.06910862719451544,0.0063361735559086295,2.1981729353735644,0,0
171,0.2,0.027722772277227727,0.06910862719451544,0.0063361735559086295,2.1981729353735644,0,0
172,0.2,0.027722772277227727,0.06910862719451544,0.0063361735559086295,2.1981729353735644,0,0
173,0.2,0.027722772277227727,0.06910862719451544,0.0063361735559086295,2.1981729353735644,0,0
174,0.0,0.0,0.0,1.0,-0.0,0,0
175,0.0,0.0,0.0,1.0,-0.0,0,0
176,0.4,0.0297029702970297,0.07112192077650682,9.621238793919118e-08,7.016769006265066,0,0
177,0.4,0.0297029702970297,0.07112192077650682,9.621238793919118e-08,7.016769006265066,0,0
178,0.4,0.0297029702970297,0.07112192077650682,9.621238793919118e-08,7.016769006265066,0,0
179,0.4,0.0297029702970297,0.07112192077650682,9.621238793919118e-08,7.016769006265066,0,0
180,0.4,0.0297029702970297,0.07112192077650682,9.621238793919118e-08,7.016769006265066,0,0
181,0.0,0.0,0.0,1.0,-0.0,0,0
182,0.0,0.0,0.0,1.0,-0.0,0,0
183,0.0,0.013861386138613863,0.05079507064705211,1.0,-0.0,0,0
184,0.2,0.04752475247524753,0.08965727859541997,0.044504787234598886,1.3515932708674616,0,0
185,0.2,0.04752475247524753,0.08965727859541997,0.044504787234598886,1.3515932708674616,0,0
186,0.2,0.07722772277227724,0.12258049537063101,0.15827697765574333,0.80058225130445,0,0
187,0.2,0.07722772277227724,0.12258049537063101,0.15827697765574333,0.80058225130445,0,0
188,0.2,0.07920792079207921,0.10928827506175545,0.13452323402587257,0.8712027005106293,0,0
189,0.2,0.10099009900990098,0.14521752172118102,0.2476814172531363,0.6061065759218802,0,0
190,0.2,0.10099009900990098,0.14521752172118102,0.2476814172531363,0.6061065759218802,0,0
191,0.2,0.0712871287128713,0.11801714396634724,0.13771817209143733,0.8610087502417649,0,0
192,0.2,0.0712871287128713,0.11801714396634724,0.13771817209143733,0.8610087502417649,0,0
193,0.2,0.05544554455445545,0.10575073206193021,0.0858227237563678,1.0663977063776964,0,0
194,0.0,0.009900990099009901,0.04338396495090424,1.0,-0.0,0,0
195,0.0,0.02772277227722772,0.07461957893630407,1.0,-0.0,0,0
196,0.0,0.02772277227722772,0.07461957893630407,1.0,-0.0,0,0
197,0.0,0.04554455445544554,0.09283729243351323,1.0,-0.0,0,0
198,0.0,0.04554455445544554,0.09283729243351323,1.0,-0.0,0,0
199,0.0,0.06336633663366337,0.10874875419996817,1.0,-0.0,0,0
200,0.0,0.04554455445544555,0.08846854615322249,1.0,-0.0,0,0
201,0.0,0.06534653465346535,0.10571364605971598,1.0,-0.0,0,0
202,0.0,0.04752475247524753,0.09397077637785879,1.0,-0.0,0,0
203,0.0,0.06930693069306931,0.10693069306930696,1.0,-0.0,0,0
204,0.0,0.041584158415841586,0.08590499787518362,1.0,-0.0,0,0
205,0.0,0.041584158415841586,0.08590499787518362,1.0,-0.0,0,0
206,0.0,0.021782178217821784,0.06836703565002801,1.0,-0.0,0,0
207,0.0,0.021782178217821784,0.06836703565002801,1.0,-0.0,0,0
208,0.0,0.0,0.0,1.0,-0.0,0,0
209,0.0,0.0,0.0,1.0,-0.0,0,0
210,0.0,0.0,0.0,1.0,-0.0,0,0
211,0.0,0.0,0.0,1.0,-0.0,0,0
212,0.0,0.0,0.0,1.0,-0.0,0,0
213,0.0,0.0,0.0,1.0,-0.0,0,0
214,0.0,0.0,0.0,1.0,-0.0,0,0
215,0.6,0.14059405940594058,0.16300289605747864,0.0024132476748056713,2.6173981035858214,0,0
216,0.6,0.14059405940594058,0.16300289605747864,0.0024132476748056713,2.6173981035858214,0,0
217,1.4,0.30495049504950494,0.2330921024881134,1.3140815077457841e-06,5.881377696217344,0,0
218,1.8,0.3584158415841585,0.26147613212267823,1.7613030214795402e-08,7.754165919878677,0,0
219,1.8,0.3584158415841585,0.26147613212267823,1.7613030214795402e-08,7.754165919878677,0,0
220,1.4,0.32871287128712884,0.24305670351063902,5.2270699375951635e-06,5.281741689053108,0,0
221,1.4,0.32871287128712884,0.24305670351063902,5.2270699375951635e-06,5.281741689053108,0,0
222,0.8,0.2396039603960396,0.18883656715060815,0.0015005531493870292,2.8237486173156303,0,0
223,0.4,0.1861386138613861,0.15984503818305398,0.0904597157907538,1.0435447810683363,0,0
224,0.4,0.24752475247524752,0.18053499120857794,0.19917422945439328,0.7007668543147857,0,0
225,0.2,0.14059405940594058,0.14770737583343774,0.34377331843294273,0.4637278336030419,0,0
226,0.2,0.14059405940594058,0.14770737583343774,0.34377331843294273,0.4637278336030419,0,0
227,0.0,0.06534653465346535,0.1129581045303102,1.0,-0.0,0,0
228,0.0,0.06534653465346535,0.1129581045303102,1.0,-0.0,0,0
229,0.0,0.0039603960396039604,0.027863855998951064,1.0,-0.0,0,0
230,0.0,0.0039603960396039604,0.027863855998951064,1.0,-0.0,0,0
231,0.4,0.09108910891089109,0.13057300215314485,0.008995341606131295,2.0459823392844374,0,0
232,0.4,0.08712871287128714,0.13024224675172555,0.008147822823121037,2.088958423434449,0,0
233,0.4,0.11287128712871286,0.1390657415135005,0.01947580746214322,1.710504527540709,0,0
234,0.4,0.11287128712871286,0.1390657415135005,0.01947580746214322,1.710504527540709,0,0
235,0.4,0.11287128712871286,0.1390657415135005,0.01947580746214322,1.710504527540709,0,0
236,0.0,0.025742574257425748,0.06697637435757531,1.0,-0.0,0,0
237,0.0,0.025742574257425748,0.06697637435757531,1.0,-0.0,0,0
238,0.2,0.025742574257425748,0.07791016068477624,0.012654752832206337,1.897746332896654,0,0
239,0.2,0.025742574257425748,0.07791016068477624,0.012654752832206337,1.897746332896654,0,0
240,0.2,0.025742574257425748,0.07791016068477624,0.012654752832206337,1.897746332896654,0,0
241,0.4,0.12079207920792079,0.15689867556071532,0.037575400777817854,1.425096378547667,0,0
242,0.4,0.12079207920792079,0.15689867556071532,0.037575400777817854,1.425096378547667,0,0
243,1.2,0.24158415841584152,0.22217080519217025,8.021086250535144e-06,5.095766813677366,0,0
244,1.2,0.24158415841584152,0.22217080519217025,8.021086250535144e-06,5.095766813677366,0,0
245,1.2,0.24158415841584152,0.22217080519217025,8.021086250535144e-06,5.095766813677366,0,0
246,1.0,0.14653465346534653,0.1564231101634178,2.433072849686942e-08,7.613844887475513,0,0
247,1.0,0.16237623762376235,0.16818865241652334,3.1748921809279377e-07,6.498271018725744,0,0
248,0.2,0.08316831683168316,0.12028786177019754,0.16570755996746261,0.7806576775960139,0,0
249,0.4,0.24356435643564353,0.19620954730162493,0.2126417075352019,0.6723515489571259,0,0
250,0.4,0.2514851485148515,0.20030366124992938,0.2292107698923858,0.6397649800949347,0,0
251,0.4,0.2732673267326733,0.21196445111484613,0.27495470260691646,0.5607388480905975,0,0
252,0.4,0.25742574257425743,0.20360441875686264,0.2418851920034159,0.6163907179467252,0,0
253,0.2,0.1900990099009901,0.18535753542711383,0.4787003748032945,0.3199362324826662,0,0
254,0.0,0.0297029702970297,0.07112192077650681,1.0,-0.0,0,0
255,0.0,0.021782178217821784,0.06230547612891991,1.0,-0.0,0,0
256,0.0,0.0,0.0,1.0,-0.0,0,0
257,0.0,0.0,0.0,1.0,-0.0,0,0
258,0.0,0.03762376237623763,0.08771182015980238,1.0,-0.0,0,0
259,0.0,0.047524752475247525,0.10205226714237722,1.0,-0.0,0,0
260,0.0,0.047524752475247525,0.10205226714237722,1.0,-0.0,0,0
261,0.0,0.047524752475247525,0.10205226714237722,1.0,-0.0,0,0
262,0.0,0.047524752475247525,0.10205226714237722,1.0,-0.0,0,0
263,0.0,0.021782178217821784,0.062305476128919915,1.0,-0.0,0,0
264,0.0,0.011881188118811883,0.04727657974777554,1.0,-0.0,0,0
265,0.0,0.011881188118811883,0.04727657974777554,1.0,-0.0,0,0
266,0.0,0.0297029702970297,0.08150144802873932,1.0,-0.0,0,0
267,0.0,0.0297029702970297,0.08150144802873932,1.0,-0.0,0,0
268,0.0,0.04554455445544555,0.09283729243351321,1.0,-0.0,0,0
269,0.0,0.10297029702970298,0.1396285351588451,1.0,-0.0,0,0
270,0.0,0.10297029702970298,0.1396285351588451,1.0,-0.0,0,0
271,0.0,0.08514851485148514,0.12379009590564582,1.0,-0.0,0,0
272,0.0,0.08514851485148514,0.12379009590564582,1.0,-0.0,0,0
273,0.0,0.057425742574257435,0.10656335878870266,1.0,-0.0,0,0
274,0.0,0.0,0.0,1.0,-0.0,0,0
275,0.0,0.0,0.0,1.0,-0.0,0,0
276,0.0,0.0,0.0,1.0,-0.0,0,0
277,0.0,0.0,0.0,1.0,-0.0,0,0
278,0.0,0.007920792079207921,0.03900537743285587,1.0,-0.0,0,0
279,0.0,0.03762376237623762,0.08307396817189318,1.0,-0.0,0,0
280,0.0,0.201980198019802,0.17461709057464242,1.0,-0.0,0,0
281,0.0,0.2415841584158416,0.19764320624996698,1.0,-0.0,0,0
282,0.0,0.27128712871287136,0.20793022137977643,1.0,-0.0,0,0
283,0.0,0.2712871287128713,0.2021354480027698,1.0,-0.0,0,0
284,0.0,0.2415841584158416,0.1996369609683732,1.0,-0.0,0,0
285,0.0,0.10297029702970295,0.12464241569787099,1.0,-0.0,0,0
286,0.0,0.17623762376237626,0.19147603570112592,1.0,-0.0,0,0
287,0.0,0.14554455445544554,0.1732192295336953,1.0,-0.0,0,0
288,0.0,0.13663366336633662,0.17103226044902323,1.0,-0.0,0,0
289,0.0,0.14356435643564355,0.16910705589447975,1.0,-0.0,0,0
290,0.0,0.11683168316831682,0.15225649732072147,1.0,-0.0,0,0
291,0.0,0.013861386138613863,0.05079507064705211,1.0,-0.0,0,0
292,0.0,0.03168316831683169,0.0730260947112308,1.0,-0.0,0,0
293,0.0,0.03168316831683169,0.0730260947112308,1.0,-0.0,0,0
294,0.0,0.025742574257425748,0.06697637435757531,1.0,-0.0,0,0
295,0.0,0.025742574257425748,0.06697637435757531,1.0,-0.0,0,0
296,0.0,0.017821782178217824,0.056980176514606566,1.0,-0.0,0,0
297,0.0,0.019801980198019802,0.059735061897023205,1.0,-0.0,0,0
298,0.0,0.019801980198019802,0.059735061897023205,1.0,-0.0,0,0
299,0.0,0.07326732673267326,0.10798889666879985,1.0,-0.0,0,0
300,0.0,0.14455445544554452,0.15186969892129912,1.0,-0.0,0,0
301,0.0,0.14455445544554452,0.15186969892129912,1.0,-0.0,0,0
302,0.0,0.17821782178217818,0.1755353680172698,1.0,-0.0,0,0
303,0.0,0.17821782178217818,0.1755353680172698,1.0,-0.0,0,0
304,0.0,0.12376237623762375,0.1401191253095801,1.0,-0.0,0,0
305,0.0,0.05346534653465347,0.10489443673781407,1.0,-0.0,0,0
306,0.0,0.061386138613861385,0.10806149425459212,1.0,-0.0,0,0
307,0.0,0.007920792079207921,0.03900537743285587,1.0,-0.0,0,0
308,0.0,0.24158415841584158,0.21120461981740007,1.0,-0.0,0,0
309,0.0,0.24158415841584158,0.21120461981740007,1.0,-0.0,0,0
310,0.0,0.24158415841584158,0.21120461981740007,1.0,-0.0,0,0
311,0.0,0.23366336633663368,0.21261093911238885,1.0,-0.0,0,0
312,0.0,0.2633663366336634,0.22148140850266038,1.0,-0.0,0,0
313,0.0,0.02970297029702971,0.07648795214189293,1.0,-0.0,0,0
314,0.0,0.02970297029702971,0.07648795214189293,1.0,-0.0,0,0
315,0.0,0.02970297029702971,0.07648795214189293,1.0,-0.0,0,0
316,0.0,0.02970297029702971,0.07648795214189293,1.0,-0.0,0,0
317,0.0,0.03762376237623763,0.08307396817189318,1.0,-0.0,0,0
318,0.0,0.051485148514851496,0.096075322540263,1.0,-0.0,0,0
319,0.0,0.051485148514851496,0.096075322540263,1.0,-0.0,0,0
320,0.0,0.051485148514851496,0.096075322540263,1.0,-0.0,0,0
321,0.0,0.051485148514851496,0.096075322540263,1.0,-0.0,0,0
322,0.0,0.013861386138613863,0.05079507064705211,1.0,-0.0,0,0
323,0.0,0.0,0.0,1.0,-0.0,0,0
324,0.0,0.015841584158415842,0.054012600780142014,1.0,-0.0,0,0
325,0.0,0.029702970297029712,0.07112192077650682,1.0,-0.0,0,0
326,0.0,0.029702970297029712,0.07112192077650682,1.0,-0.0,0,0
327,0.0,0.029702970297029712,0.07112192077650682,1.0,-0.0,0,0
328,0.0,0.029702970297029712,0.07112192077650682,1.0,-0.0,0,0
329,0.0,0.013861386138613863,0.05079507064705211,1.0,-0.0,0,0
330,0.0,0.0,0.0,1.0,-0.0,0,0
331,0.0,0.031683168316831684,0.0730260947112308,1.0,-0.0,0,0
332,0.0,0.0891089108910891,0.11765109526742927,1.0,-0.0,0,0
333,0.0,0.10099009900990098,0.12145573247679728,1.0,-0.0,0,0
334,0.0,0.10099009900990098,0.12145573247679728,1.0,-0.0,0,0
335,0.0,0.10099009900990098,0.12145573247679728,1.0,-0.0,0,0
336,0.0,0.06930693069306931,0.0951731868570132,1.0,-0.0,0,0
337,0.0,0.011881188118811881,0.047276579747775535,1.0,-0.0,0,0
338,0.0,0.0,0.0,1.0,-0.0,0,0
339,0.0,0.0,0.0,1.0,-0.0,0,0
340,0.0,0.0,0.0,1.0,-0.0,0,0
341,0.0,0.041584158415841586,0.08116396646304633,1.0,-0.0,0,0
342,0.0,0.06930693069306931,0.0951731868570132,1.0,-0.0,0,0
343,0.0,0.21980198019801975,0.19397856469320326,1.0,-0.0,0,0
344,0.0,0.21980198019801975,0.19397856469320326,1.0,-0.0,0,0
345,0.0,0.2356435643564356,0.19578941931577465,1.0,-0.0,0,0
346,0.0,0.2039603960396039,0.1866435115714563,1.0,-0.0,0,0
347,0.0,0.1762376237623762,0.17185563527720504,1.0,-0.0,0,0
348,0.0,0.025742574257425745,0.07264925278354116,1.0,-0.0,0,0
349,0.0,0.025742574257425745,0.07264925278354116,1.0,-0.0,0,0
350,0.0,0.009900990099009901,0.04338396495090425,1.0,-0.0,0,0
351,0.0,0.0,0.0,1.0,-0.0,0,0
352,0.0,0.0,0.0,1.0,-0.0,0,0
353,0.0,0.0297029702970297,0.07112192077650681,1.0,-0.0,0,0
354,0.0,0.0297029702970297,0.07112192077650681,1.0,-0.0,0,0
355,0.0,0.0871287128712871,0.127165103825761,1.0,-0.0,0,0
356,0.0,0.0871287128712871,0.127165103825761,1.0,-0.0,0,0
357,0.0,0.10297029702970295,0.13084299831035082,1.0,-0.0,0,0
358,0.0,0.07326732673267328,0.1115960618107356,1.0,-0.0,0,0
359,0.0,0.11089108910891088,0.1420507440353343,1.0,-0.0,0,0
360,0.0,0.061386138613861385,0.11515834731523733,1.0,-0.0,0,0
361,0.0,0.20396039603960395,0.19896802672602729,1.0,-0.0,0,0
362,0.0,0.1881188118811881,0.1841690617597849,1.0,-0.0,0,0
363,0.0,0.1881188118811881,0.1841690617597849,1.0,-0.0,0,0
364,0.0,0.15049504950495046,0.16981280455064035,1.0,-0.0,0,0
365,0.0,0.14257425742574253,0.16491614109827338,1.0,-0.0,0,0
366,0.0,0.17821782178217818,0.15389591467505306,1.0,-0.0,0,0
367,0.0,0.17821782178217818,0.15389591467505306,1.0,-0.0,0,0
368,0.0,0.32871287128712884,0.24142179254064428,1.0,-0.0,0,0
369,0.0,0.32871287128712884,0.24142179254064428,1.0,-0.0,0,0
370,0.2,0.44950495049504957,0.27489827547054696,1.0,-0.0,0,0
371,0.2,0.27128712871287125,0.2154142376787709,1.0,-0.0,0,0
372,0.2,0.27128712871287125,0.2154142376787709,1.0,-0.0,0,0
373,0.2,0.12079207920792079,0.1261123431927973,0.2649776362710009,0.5767907783422324,0,0
374,0.2,0.12079207920792079,0.1261123431927973,0.2649776362710009,0.5767907783422324,0,0
375,0.0,0.009900990099009901,0.04338396495090424,1.0,-0.0,0,0
376,0.0,0.009900990099009901,0.04338396495090424,1.0,-0.0,0,0
377,0.0,0.1861386138613861,0.18295143702892827,1.0,-0.0,0,0
378,0.0,0.31485148514851485,0.2442957705075823,1.0,-0.0,0,0
379,0.0,0.36039603960396044,0.27434141045286214,1.0,-0.0,0,0
380,0.0,0.35049504950495053,0.27054172364520473,1.0,-0.0,0,0
381,0.0,0.35049504950495053,0.27054172364520473,1.0,-0.0,0,0
382,0.0,0.17425742574257425,0.17041211860554586,1.0,-0.0,0,0
383,0.0,0.23564356435643566,0.1896239939782038,1.0,-0.0,0,0
384,0.0,0.19207920792079203,0.16631305820670148,1.0,-0.0,0,0
385,0.0,0.19207920792079203,0.16631305820670148,1.0,-0.0,0,0
386,0.0,0.19207920792079203,0.16631305820670148,1.0,-0.0,0,0
387,0.0,0.19207920792079203,0.16631305820670148,1.0,-0.0,0,0
388,0.4,0.02970297029702971,0.07648795214189293,6.451360324816492e-07,6.19034870098158,0,0
389,0.4,0.03762376237623763,0.08307396817189319,6.441252943445817e-06,5.191029646072187,0,0
390,0.8,0.06336633663366337,0.11233152161332939,2.732650304718797e-11,10.563415941102054,0,0
