,foreground,bg_means,bg_stdev,pvals,minus_logs,regs,active
2,0.0,1.4613861386138611,0.423790135113765,1.0,-0.0,0,0
3,0.0,1.4613861386138611,0.423790135113765,1.0,-0.0,0,0
4,0.0,0.21386138613861383,0.19550883243085124,1.0,-0.0,0,0
5,0.2,0.3722772277227722,0.2549000238420756,1.0,-0.0,0,0
6,0.2,0.20198019801980197,0.18346510608951241,1.0,-0.0,0,0
7,0.2,0.7643564356435641,0.38320796990819067,1.0,-0.0,0,0
8,0.2,0.8415841584158413,0.4042514967447014,1.0,-0.0,0,0
9,0.2,0.8415841584158413,0.4042514967447014,1.0,-0.0,0,0
10,0.0,0.683168316831683,0.3562926005602679,1.0,-0.0,0,0
11,0.2,1.1564356435643564,0.4264557692023547,1.0,-0.0,0,0
12,0.2,0.6356435643564355,0.27343946364847316,1.0,-0.0,0,0
13,0.2,0.6336633663366336,0.26411714612231535,1.0,-0.0,0,0
14,0.2,0.6336633663366336,0.26411714612231535,1.0,-0.0,0,0
15,1.0,0.9425742574257426,0.3439279612151892,0.43369672305764956,0.3628138592977607,0,0
16,0.8,0.4693069306930694,0.25552995765447184,0.09780749971847309,1.009627842947864,0,0
17,0.8,0.3841584158415843,0.2349352863360617,0.03836139804470922,1.4161055737631365,0,0
18,3.2,1.4782178217821784,0.5814975478006986,0.001533484187287293,2.8143206979399107,0,0
19,3.2,1.6297029702970296,0.5865732934638592,0.0037134697516488153,2.4302201093128133,0,0
20,2.4,1.321782178217822,0.5420174927570708,0.023335838492230056,1.6319765896360665,0,0
21,3.4,2.261386138613861,0.5703864066377888,0.02295526646001024,1.6391176616677074,0,0
22,3.8,2.657425742574257,0.5998921577429382,0.028413912377394646,1.546468963146825,0,0
23,1.4,1.4871287128712873,0.4712871287128714,1.0,-0.0,0,0
24,1.4,1.336633663366337,0.4192692304231841,0.439934535134371,0.3566119442982425,0,0
25,1.4,1.336633663366337,0.4192692304231841,0.439934535134371,0.3566119442982425,0,0
26,0.4,0.39603960396039606,0.18875348902641545,0.4916300699069941,0.30836156192208375,0,0
27,0.0,0.0,0.0,1.0,-0.0,0,0
28,0.0,0.0,0.0,1.0,-0.0,0,0
29,0.4,0.3346534653465348,0.23732654679728532,0.391525829562204,0.40723958158482537,0,0
30,0.4,0.3346534653465348,0.23732654679728532,0.391525829562204,0.40723958158482537,0,0
31,0.6,0.7603960396039602,0.362630436190403,1.0,-0.0,0,0
32,0.6,0.8297029702970297,0.39440255719238204,1.0,-0.0,0,0
33,1.0,1.007920792079208,0.4440326382430859,1.0,-0.0,0,0
34,0.6,0.7168316831683168,0.3236760717016574,1.0,-0.0,0,0
35,0.6,0.7168316831683168,0.3236760717016574,1.0,-0.0,0,0
36,0.6,0.3762376237623763,0.2804340747263442,0.2124600937522142,0.672722631217182,0,0
37,0.6,0.3049504950495049,0.22619374750564172,0.09604682425109574,1.0175169903340553,0,0
38,0.2,0.12673267326732673,0.1609938742509136,0.3245208507080678,0.48875739422094644,0,0
39,0.4,0.2792079207920792,0.23727697467208717,0.30534937926716743,0.5152029585275161,0,0
40,0.4,0.34059405940594056,0.25724289012364326,0.40868332357343856,0.38861308342321715,0,0
41,0.2,0.25346534653465347,0.22495955915360186,1.0,-0.0,0,0
42,0.4,0.4891089108910891,0.2835073785335617,1.0,-0.0,0,0
43,0.6,0.7663366336633661,0.3604939481846771,1.0,-0.0,0,0
44,0.4,0.5722772277227722,0.3172027530005475,1.0,-0.0,0,0
45,0.6,0.6277227722772276,0.34472511990469246,1.0,-0.0,0,0
46,0.6,0.6277227722772276,0.34472511990469246,1.0,-0.0,0,0
47,0.4,0.39207920792079215,0.2668789796250526,0.4881613943216474,0.31143656923679464,0,0
48,1.0,0.5524752475247524,0.3271824087496694,0.08568511713591194,1.0670946052302517,0,0
49,1.2,0.6554455445544555,0.3283548091591941,0.04861504892160415,1.3132292728788466,0,0
50,1.4,0.7722772277227724,0.3481546293201729,0.035694112838986145,1.4474034077639646,0,0
51,1.4,0.7722772277227724,0.3481546293201729,0.035694112838986145,1.4474034077639646,0,0
52,1.8,1.00990099009901,0.3872996001754319,0.020674156656144933,1.684572197231414,0,0
53,1.0,0.5722772277227723,0.31089739540807093,0.08444669374630027,1.073417349240943,0,0
54,1.0,0.7782178217821784,0.35365250058147846,0.2652906392536697,0.5762780737726616,0,0
55,0.6,0.5465346534653465,0.29502956939761027,0.42809733137197403,0.3684574794164224,0,0
56,1.4,1.1049504950495048,0.4122808419012031,0.2371032061941334,0.6250625732971998,0,0
