,foreground,bg_means,bg_stdev,pvals,minus_logs,regs,active
2,0.0,0.10099009900990098,0.12781100644043505,1.0,-0.0,0,0
3,0.0,0.0,0.0,1.0,-0.0,0,0
4,0.0,0.0,0.0,1.0,-0.0,0,0
5,0.0,0.0,0.0,1.0,-0.0,0,0
6,0.0,0.0,0.0,1.0,-0.0,0,0
7,0.0,0.0,0.0,1.0,-0.0,0,0
8,0.0,0.0,0.0,1.0,-0.0,0,0
9,0.0,0.0,0.0,1.0,-0.0,0,0
10,0.0,0.0,0.0,1.0,-0.0,0,0
11,0.0,0.029702970297029712,0.07112192077650681,1.0,-0.0,0,0
12,0.0,0.029702970297029712,0.07112192077650681,1.0,-0.0,0,0
13,0.0,0.029702970297029712,0.07112192077650681,1.0,-0.0,0,0
14,0.0,0.029702970297029712,0.07112192077650681,1.0,-0.0,0,0
15,0.0,0.14455445544554454,0.16914183369554553,1.0,-0.0,0,0
16,0.0,0.11287128712871287,0.14464936528910635,1.0,-0.0,0,0
17,0.0,0.11287128712871287,0.14464936528910635,1.0,-0.0,0,0
18,0.0,0.11287128712871287,0.14464936528910635,1.0,-0.0,0,0
19,0.0,0.11287128712871287,0.14464936528910635,1.0,-0.0,0,0
20,0.0,0.0,0.0,1.0,-0.0,0,0
21,0.0,0.0,0.0,1.0,-0.0,0,0
22,0.0,0.0,0.0,1.0,-0.0,0,0
23,0.0,0.0,0.0,1.0,-0.0,0,0
24,0.0,0.09108910891089109,0.11440678673785577,1.0,-0.0,0,0
25,0.0,0.09108910891089109,0.11440678673785577,1.0,-0.0,0,0
26,0.0,0.09108910891089109,0.11440678673785577,1.0,-0.0,0,0
27,0.0,0.09108910891089109,0.11440678673785577,1.0,-0.0,0,0
28,0.0,0.09108910891089109,0.11440678673785577,1.0,-0.0,0,0
29,0.0,0.0,0.0,1.0,-0.0,0,0
30,0.0,0.0,0.0,1.0,-0.0,0,0
31,0.0,0.0,0.0,1.0,-0.0,0,0
32,0.0,0.0,0.0,1.0,-0.0,0,0
33,0.0,0.0,0.0,1.0,-0.0,0,0
34,0.0,0.0,0.0,1.0,-0.0,0,0
35,0.0,0.0,0.0,1.0,-0.0,0,0
36,0.0,0.0,0.0,1.0,-0.0,0,0
37,0.0,0.0,0.0,1.0,-0.0,0,0
38,0.0,0.011881188118811883,0.05501958015623685,1.0,-0.0,0,0
39,0.0,0.011881188118811883,0.05501958015623685,1.0,-0.0,0,0
40,0.0,0.011881188118811883,0.05501958015623685,1.0,-0.0,0,0
41,0.0,0.011881188118811883,0.05501958015623685,1.0,-0.0,0,0
42,0.0,0.011881188118811883,0.05501958015623685,1.0,-0.0,0,0
43,0.0,0.0,0.0,1.0,-0.0,0,0
44,0.2,0.03564356435643565,0.07653920035678292,0.015882722457572503,1.7990750531077893,0,0
45,0.2,0.03564356435643565,0.07653920035678292,0.015882722457572503,1.7990750531077893,0,0
46,0.2,0.03564356435643565,0.07653920035678292,0.015882722457572503,1.7990750531077893,0,0
47,0.2,0.03564356435643565,0.07653920035678292,0.015882722457572503,1.7990750531077893,0,0
48,0.2,0.03564356435643565,0.07653920035678292,0.015882722457572503,1.7990750531077893,0,0
49,0.0,0.0,0.0,1.0,-0.0,0,0
50,0.0,0.0,0.0,1.0,-0.0,0,0
51,0.0,0.0,0.0,1.0,-0.0,0,0
52,0.0,0.0,0.0,1.0,-0.0,0,0
53,0.0,0.0,0.0,1.0,-0.0,0,0
54,0.0,0.0,0.0,1.0,-0.0,0,0
55,0.0,0.0,0.0,1.0,-0.0,0,0
56,0.0,0.0,0.0,1.0,-0.0,0,0
57,0.0,0.0,0.0,1.0,-0.0,0,0
58,0.0,0.0,0.0,1.0,-0.0,0,0
59,0.0,0.0,0.0,1.0,-0.0,0,0
60,0.0,0.0,0.0,1.0,-0.0,0,0
61,0.0,0.0,0.0,1.0,-0.0,0,0
62,0.0,0.0,0.0,1.0,-0.0,0,0
63,0.0,0.0,0.0,1.0,-0.0,0,0
64,0.0,0.0,0.0,1.0,-0.0,0,0
65,0.0,0.0,0.0,1.0,-0.0,0,0
66,0.0,0.0,0.0,1.0,-0.0,0,0
67,0.0,0.0,0.0,1.0,-0.0,0,0
68,0.0,0.0,0.0,1.0,-0.0,0,0
69,0.0,0.0,0.0,1.0,-0.0,0,0
70,0.0,0.0,0.0,1.0,-0.0,0,0
71,0.0,0.0,0.0,1.0,-0.0,0,0
72,0.0,0.0,0.0,1.0,-0.0,0,0
73,0.0,0.11089108910891088,0.13636075485692528,1.0,-0.0,0,0
74,0.0,0.11089108910891088,0.13636075485692528,1.0,-0.0,0,0
75,0.0,0.11089108910891088,0.13636075485692528,1.0,-0.0,0,0
76,0.0,0.11089108910891088,0.13636075485692528,1.0,-0.0,0,0
77,0.0,0.2415841584158416,0.20932107448675996,1.0,-0.0,0,0
78,0.0,0.12871287128712872,0.1630990913423683,1.0,-0.0,0,0
79,0.0,0.12871287128712872,0.1630990913423683,1.0,-0.0,0,0
80,0.0,0.12871287128712872,0.1630990913423683,1.0,-0.0,0,0
81,0.0,0.12871287128712872,0.1630990913423683,1.0,-0.0,0,0
82,0.0,0.0,0.0,1.0,-0.0,0,0
83,0.0,0.0,0.0,1.0,-0.0,0,0
84,0.0,0.0,0.0,1.0,-0.0,0,0
85,0.0,0.0,0.0,1.0,-0.0,0,0
86,0.0,0.0,0.0,1.0,-0.0,0,0
87,0.0,0.0,0.0,1.0,-0.0,0,0
88,0.0,0.0,0.0,1.0,-0.0,0,0
89,0.0,0.0,0.0,1.0,-0.0,0,0
90,0.0,0.0,0.0,1.0,-0.0,0,0
91,0.0,0.07326732673267326,0.10798889666879984,1.0,-0.0,0,0
92,0.0,0.07326732673267326,0.10798889666879984,1.0,-0.0,0,0
93,0.0,0.16435643564356434,0.17887666995067272,1.0,-0.0,0,0
94,0.0,0.16435643564356434,0.17887666995067272,1.0,-0.0,0,0
95,0.0,0.16435643564356434,0.17887666995067272,1.0,-0.0,0,0
96,0.0,0.0891089108910891,0.13342479626077638,1.0,-0.0,0,0
97,0.0,0.0891089108910891,0.13342479626077638,1.0,-0.0,0,0
98,0.0,0.0,0.0,1.0,-0.0,0,0
99,0.0,0.0,0.0,1.0,-0.0,0,0
100,0.0,0.0,0.0,1.0,-0.0,0,0
101,0.0,0.0,0.0,1.0,-0.0,0,0
102,0.0,0.019801980198019802,0.059735061897023205,1.0,-0.0,0,0
103,0.2,0.041584158415841586,0.09877199139279148,0.05437313246532605,1.2646156463395057,0,0
104,0.2,0.06336633663366337,0.11580349716604711,0.11902494631501422,0.9243620057374958,0,0
105,0.2,0.07326732673267328,0.11848138852793338,0.14239023387273103,0.8465197966586488,0,0
106,0.2,0.08316831683168316,0.12353642740976016,0.17214403052095056,0.7641080328301242,0,0
107,0.2,0.06336633663366337,0.11233152161332939,0.1119271380917808,0.9510646007408702,0,0
108,0.0,0.04950495049504951,0.09078727434730813,1.0,-0.0,0,0
109,0.0,0.02772277227722773,0.06910862719451545,1.0,-0.0,0,0
110,0.0,0.017821782178217824,0.056980176514606566,1.0,-0.0,0,0
111,0.0,0.007920792079207921,0.03900537743285587,1.0,-0.0,0,0
112,0.0,0.007920792079207921,0.03900537743285587,1.0,-0.0,0,0
113,0.0,0.0,0.0,1.0,-0.0,0,0
114,0.0,0.0,0.0,1.0,-0.0,0,0
115,0.0,0.0,0.0,1.0,-0.0,0,0
116,0.0,0.015841584158415842,0.054012600780142014,1.0,-0.0,0,0
117,0.0,0.02772277227722773,0.07461957893630405,1.0,-0.0,0,0
118,0.0,0.04554455445544555,0.10100951085035129,1.0,-0.0,0,0
119,0.0,0.061386138613861385,0.12184253515180328,1.0,-0.0,0,0
120,0.0,0.07524752475247526,0.1253951698929708,1.0,-0.0,0,0
121,0.0,0.05940594059405942,0.11447531431916541,1.0,-0.0,0,0
122,0.0,0.07920792079207921,0.1322440226302099,1.0,-0.0,0,0
123,0.0,0.06138613861386138,0.11515834731523733,1.0,-0.0,0,0
124,0.0,0.04554455445544555,0.10485704788018795,1.0,-0.0,0,0
125,0.0,0.031683168316831684,0.08780118525701133,1.0,-0.0,0,0
126,0.0,0.031683168316831684,0.08780118525701133,1.0,-0.0,0,0
127,0.0,0.0,0.0,1.0,-0.0,0,0
128,0.0,0.0,0.0,1.0,-0.0,0,0
129,0.0,0.0,0.0,1.0,-0.0,0,0
130,0.0,0.0,0.0,1.0,-0.0,0,0
131,0.0,0.0,0.0,1.0,-0.0,0,0
132,0.0,0.0,0.0,1.0,-0.0,0,0
133,0.0,0.0,0.0,1.0,-0.0,0,0
134,0.0,0.0059405940594059415,0.033953323167291584,1.0,-0.0,0,0
135,0.0,0.0059405940594059415,0.033953323167291584,1.0,-0.0,0,0
136,0.0,0.0059405940594059415,0.033953323167291584,1.0,-0.0,0,0
137,0.0,0.0059405940594059415,0.033953323167291584,1.0,-0.0,0,0
138,0.0,0.0059405940594059415,0.033953323167291584,1.0,-0.0,0,0
139,0.0,0.0,0.0,1.0,-0.0,0,0
140,0.0,0.0,0.0,1.0,-0.0,0,0
141,0.0,0.0,0.0,1.0,-0.0,0,0
142,0.0,0.0,0.0,1.0,-0.0,0,0
143,0.0,0.0,0.0,1.0,-0.0,0,0
144,0.0,0.0,0.0,1.0,-0.0,0,0
145,0.0,0.0,0.0,1.0,-0.0,0,0
146,0.0,0.0,0.0,1.0,-0.0,0,0
147,0.0,0.0,0.0,1.0,-0.0,0,0
148,0.0,0.0,0.0,1.0,-0.0,0,0
149,0.0,0.0,0.0,1.0,-0.0,0,0
150,0.0,0.0,0.0,1.0,-0.0,0,0
151,0.0,0.0,0.0,1.0,-0.0,0,0
152,0.0,0.0,0.0,1.0,-0.0,0,0
153,0.0,0.0,0.0,1.0,-0.0,0,0
154,0.0,0.0,0.0,1.0,-0.0,0,0
155,0.0,0.0,0.0,1.0,-0.0,0,0
156,0.0,0.0,0.0,1.0,-0.0,0,0
157,0.0,0.0,0.0,1.0,-0.0,0,0
158,0.0,0.0,0.0,1.0,-0.0,0,0
159,0.0,0.0,0.0,1.0,-0.0,0,0
160,0.0,0.0,0.0,1.0,-0.0,0,0
161,0.0,0.0,0.0,1.0,-0.0,0,0
162,0.4,0.09306930693069307,0.13069306930693073,0.009424983049455401,2.025719422186849,0,0
163,0.4,0.09306930693069307,0.13069306930693073,0.009424983049455401,2.025719422186849,0,0
164,0.4,0.09306930693069307,0.13069306930693073,0.009424983049455401,2.025719422186849,0,0
165,0.4,0.09306930693069307,0.13069306930693073,0.009424983049455401,2.025719422186849,0,0
166,0.4,0.09306930693069307,0.13069306930693073,0.009424983049455401,2.025719422186849,0,0
167,0.0,0.0,0.0,1.0,-0.0,0,0
168,0.0,0.0,0.0,1.0,-0.0,0,0
169,0.0,0.0,0.0,1.0,-0.0,0,0
170,0.0,0.0,0.0,1.0,-0.0,0,0
171,0.0,0.08712871287128712,0.1332483472575107,1.0,-0.0,0,0
172,0.0,0.08712871287128712,0.1332483472575107,1.0,-0.0,0,0
173,0.0,0.16237623762376235,0.18176880383941263,1.0,-0.0,0,0
174,0.0,0.16237623762376235,0.18176880383941263,1.0,-0.0,0,0
175,0.0,0.16237623762376235,0.18176880383941263,1.0,-0.0,0,0
176,0.0,0.07326732673267328,0.12811743461086583,1.0,-0.0,0,0
177,0.0,0.07326732673267328,0.12811743461086583,1.0,-0.0,0,0
178,0.0,0.0,0.0,1.0,-0.0,0,0
179,0.0,0.0,0.0,1.0,-0.0,0,0
180,0.0,0.0,0.0,1.0,-0.0,0,0
181,0.0,0.0,0.0,1.0,-0.0,0,0
182,0.0,0.0,0.0,1.0,-0.0,0,0
183,0.0,0.0,0.0,1.0,-0.0,0,0
184,0.0,0.0,0.0,1.0,-0.0,0,0
185,0.0,0.0,0.0,1.0,-0.0,0,0
186,0.0,0.0,0.0,1.0,-0.0,0,0
187,0.0,0.0,0.0,1.0,-0.0,0,0
188,0.0,0.0,0.0,1.0,-0.0,0,0
189,0.0,0.100990099009901,0.14521752172118102,1.0,-0.0,0,0
190,0.0,0.100990099009901,0.14521752172118102,1.0,-0.0,0,0
191,0.0,0.20990099009900987,0.19166025556535227,1.0,-0.0,0,0
192,0.0,0.20990099009900987,0.19166025556535227,1.0,-0.0,0,0
193,0.0,0.20990099009900987,0.19166025556535227,1.0,-0.0,0,0
194,0.0,0.1188118811881188,0.1467218499235066,1.0,-0.0,0,0
195,0.0,0.1188118811881188,0.1467218499235066,1.0,-0.0,0,0
196,0.0,0.011881188118811883,0.047276579747775535,1.0,-0.0,0,0
197,0.0,0.09900990099009899,0.13386490123687583,1.0,-0.0,0,0
198,0.0,0.1603960396039604,0.15674865288842219,1.0,-0.0,0,0
199,0.0,0.24158415841584152,0.18735645421805736,1.0,-0.0,0,0
200,0.0,0.24158415841584152,0.18735645421805736,1.0,-0.0,0,0
201,0.0,0.24158415841584152,0.18735645421805736,1.0,-0.0,0,0
202,0.0,0.15445544554455445,0.15891011998209012,1.0,-0.0,0,0
203,0.0,0.09306930693069307,0.13069306930693073,1.0,-0.0,0,0
204,0.0,0.0,0.0,1.0,-0.0,0,0
205,0.0,0.0,0.0,1.0,-0.0,0,0
206,0.0,0.05148514851485149,0.10773441987117183,1.0,-0.0,0,0
207,0.0,0.05148514851485149,0.10773441987117183,1.0,-0.0,0,0
208,0.0,0.05148514851485149,0.10773441987117183,1.0,-0.0,0,0
209,0.0,0.05148514851485149,0.10773441987117183,1.0,-0.0,0,0
210,0.0,0.05544554455445545,0.11299281281336322,1.0,-0.0,0,0
211,0.0,0.0039603960396039604,0.027863855998951064,1.0,-0.0,0,0
212,0.0,0.019801980198019802,0.0597350618970232,1.0,-0.0,0,0
213,0.0,0.019801980198019802,0.0597350618970232,1.0,-0.0,0,0
214,0.0,0.019801980198019802,0.0597350618970232,1.0,-0.0,0,0
215,0.0,0.015841584158415842,0.05401260078014202,1.0,-0.0,0,0
216,0.0,0.015841584158415842,0.05401260078014202,1.0,-0.0,0,0
217,1.0,0.09900990099009901,0.1308729634998678,2.9003026271901416e-12,11.537556684010827,0,0
218,1.0,0.09900990099009901,0.1308729634998678,2.9003026271901416e-12,11.537556684010827,0,0
219,1.0,0.09900990099009901,0.1308729634998678,2.9003026271901416e-12,11.537556684010827,0,0
220,1.0,0.09900990099009901,0.1308729634998678,2.9003026271901416e-12,11.537556684010827,0,0
221,1.0,0.09900990099009901,0.1308729634998678,2.9003026271901416e-12,11.537556684010827,0,0
222,0.0,0.0,0.0,1.0,-0.0,0,0
223,0.0,0.0,0.0,1.0,-0.0,0,0
224,0.0,0.0,0.0,1.0,-0.0,0,0
225,0.0,0.0,0.0,1.0,-0.0,0,0
226,0.0,0.0,0.0,1.0,-0.0,0,0
227,0.0,0.0,0.0,1.0,-0.0,0,0
228,0.0,0.0,0.0,1.0,-0.0,0,0
229,0.0,0.0,0.0,1.0,-0.0,0,0
230,0.0,0.0,0.0,1.0,-0.0,0,0
231,0.0,0.0,0.0,1.0,-0.0,0,0
232,0.0,0.0019801980198019802,0.0198019801980198,1.0,-0.0,0,0
233,0.0,0.0019801980198019802,0.0198019801980198,1.0,-0.0,0,0
234,0.0,0.0019801980198019802,0.0198019801980198,1.0,-0.0,0,0
235,0.0,0.0019801980198019802,0.0198019801980198,1.0,-0.0,0,0
236,0.0,0.0019801980198019802,0.0198019801980198,1.0,-0.0,0,0
237,0.0,0.0,0.0,1.0,-0.0,0,0
238,0.0,0.0,0.0,1.0,-0.0,0,0
239,0.0,0.0,0.0,1.0,-0.0,0,0
240,0.0,0.0,0.0,1.0,-0.0,0,0
241,0.0,0.0,0.0,1.0,-0.0,0,0
242,0.0,0.0,0.0,1.0,-0.0,0,0
243,0.0,0.0,0.0,1.0,-0.0,0,0
244,0.0,0.0,0.0,1.0,-0.0,0,0
245,0.0,0.0,0.0,1.0,-0.0,0,0
246,0.0,0.0,0.0,1.0,-0.0,0,0
247,0.0,0.0,0.0,1.0,-0.0,0,0
248,0.0,0.0,0.0,1.0,-0.0,0,0
249,0.0,0.0,0.0,1.0,-0.0,0,0
250,0.0,0.0,0.0,1.0,-0.0,0,0
251,0.0,0.0,0.0,1.0,-0.0,0,0
252,0.0,0.0,0.0,1.0,-0.0,0,0
253,1.6,0.09306930693069305,0.1336890331058871,1.0000000000009031e-17,16.99999999999961,0,0
254,1.6,0.09306930693069305,0.1336890331058871,1.0000000000009031e-17,16.99999999999961,0,0
255,1.6,0.19999999999999998,0.19498667128857303,3.4862331995190083e-13,12.457643565626222,1,0
256,1.6,0.29504950495049503,0.23979208717973227,2.6341630903075195e-08,7.579357339841995,0,0
257,1.6,0.29504950495049503,0.23979208717973227,2.6341630903075195e-08,7.579357339841995,0,0
258,0.0,0.22574257425742575,0.21371465446704224,1.0,-0.0,0,0
259,0.0,0.22574257425742575,0.21371465446704224,1.0,-0.0,0,0
260,0.0,0.1188118811881188,0.15714839508139802,1.0,-0.0,0,0
261,0.0,0.023762376237623766,0.07056843438101175,1.0,-0.0,0,0
262,0.0,0.023762376237623766,0.07056843438101175,1.0,-0.0,0,0
263,0.0,0.0,0.0,1.0,-0.0,0,0
264,0.0,0.0,0.0,1.0,-0.0,0,0
265,0.0,0.0,0.0,1.0,-0.0,0,0
266,0.0,0.0,0.0,1.0,-0.0,0,0
267,0.0,0.0,0.0,1.0,-0.0,0,0
268,0.0,0.0,0.0,1.0,-0.0,0,0
269,0.0,0.0,0.0,1.0,-0.0,0,0
270,0.0,0.0,0.0,1.0,-0.0,0,0
271,0.0,0.0,0.0,1.0,-0.0,0,0
272,0.0,0.0,0.0,1.0,-0.0,0,0
273,0.0,0.04554455445544554,0.08387254884969257,1.0,-0.0,0,0
274,0.0,0.04554455445544554,0.08387254884969257,1.0,-0.0,0,0
275,0.0,0.04554455445544554,0.08387254884969257,1.0,-0.0,0,0
276,0.0,0.04554455445544554,0.08387254884969257,1.0,-0.0,0,0
277,0.0,0.04554455445544554,0.08387254884969257,1.0,-0.0,0,0
278,0.0,0.0,0.0,1.0,-0.0,0,0
279,0.0,0.09504950495049506,0.1423816080178024,1.0,-0.0,0,0
280,0.0,0.21386138613861388,0.1893342703651726,1.0,-0.0,0,0
281,0.0,0.21386138613861388,0.1893342703651726,1.0,-0.0,0,0
282,0.0,0.21386138613861388,0.1893342703651726,1.0,-0.0,0,0
283,0.0,0.21386138613861388,0.1893342703651726,1.0,-0.0,0,0
284,0.0,0.11683168316831684,0.1442421691205886,1.0,-0.0,0,0
285,0.0,0.0,0.0,1.0,-0.0,0,0
286,0.0,0.0,0.0,1.0,-0.0,0,0
287,0.0,0.0,0.0,1.0,-0.0,0,0
288,0.0,0.0,0.0,1.0,-0.0,0,0
289,0.0,0.021782178217821784,0.06230547612891991,1.0,-0.0,0,0
290,0.0,0.021782178217821784,0.06230547612891991,1.0,-0.0,0,0
291,0.0,0.04950495049504951,0.09504950495049506,1.0,-0.0,0,0
292,0.0,0.04950495049504951,0.09504950495049506,1.0,-0.0,0,0
293,0.0,0.04950495049504951,0.09504950495049506,1.0,-0.0,0,0
294,0.0,0.027722772277227727,0.06910862719451544,1.0,-0.0,0,0
295,0.0,0.027722772277227727,0.06910862719451544,1.0,-0.0,0,0
296,0.0,0.0,0.0,1.0,-0.0,0,0
297,0.0,0.0,0.0,1.0,-0.0,0,0
298,0.0,0.0,0.0,1.0,-0.0,0,0
299,0.0,0.0,0.0,1.0,-0.0,0,0
300,0.0,0.0,0.0,1.0,-0.0,0,0
301,0.0,0.0,0.0,1.0,-0.0,0,0
302,0.0,0.0,0.0,1.0,-0.0,0,0
303,0.0,0.0,0.0,1.0,-0.0,0,0
304,0.0,0.08712871287128712,0.13324834725751067,1.0,-0.0,0,0
305,0.0,0.08712871287128712,0.13324834725751067,1.0,-0.0,0,0
306,0.0,0.08712871287128712,0.13324834725751067,1.0,-0.0,0,0
307,0.0,0.08712871287128712,0.13324834725751067,1.0,-0.0,0,0
308,0.0,0.08712871287128712,0.13324834725751067,1.0,-0.0,0,0
309,0.0,0.07722772277227724,0.12258049537063102,1.0,-0.0,0,0
310,0.0,0.07722772277227724,0.12258049537063102,1.0,-0.0,0,0
311,0.0,0.07722772277227724,0.12258049537063102,1.0,-0.0,0,0
312,0.0,0.097029702970297,0.15054715096038185,1.0,-0.0,0,0
313,0.0,0.19801980198019797,0.197999999009802,1.0,-0.0,0,0
314,0.0,0.20396039603960395,0.17344545299372824,1.0,-0.0,0,0
315,0.0,0.20396039603960395,0.17344545299372824,1.0,-0.0,0,0
316,0.0,0.23366336633663365,0.19512739059128734,1.0,-0.0,0,0
317,0.0,0.21386138613861383,0.19550883243085126,1.0,-0.0,0,0
318,0.0,0.11287128712871287,0.1361881098142527,1.0,-0.0,0,0
319,0.0,0.02970297029702971,0.07112192077650681,1.0,-0.0,0,0
320,0.0,0.02970297029702971,0.07112192077650681,1.0,-0.0,0,0
321,0.0,0.0,0.0,1.0,-0.0,0,0
322,0.0,0.0,0.0,1.0,-0.0,0,0
323,0.0,0.12079207920792076,0.14094225464771679,1.0,-0.0,0,0
324,0.0,0.12079207920792076,0.14094225464771679,1.0,-0.0,0,0
325,0.0,0.12079207920792076,0.14094225464771679,1.0,-0.0,0,0
326,0.0,0.12079207920792076,0.14094225464771679,1.0,-0.0,0,0
327,0.0,0.15841584158415842,0.16960485628010974,1.0,-0.0,0,0
328,0.0,0.03564356435643565,0.08154954567118415,1.0,-0.0,0,0
329,0.0,0.12673267326732673,0.1534365990321625,1.0,-0.0,0,0
330,0.2,0.1504950495049505,0.16508249505478284,0.38213431772998396,0.41778395856515443,0,0
331,0.2,0.1504950495049505,0.16508249505478284,0.38213431772998396,0.41778395856515443,0,0
332,0.2,0.11287128712871286,0.15002532217723416,0.2807010934421309,0.5517558956129467,0,0
333,0.2,0.12673267326732673,0.15851482056387722,0.32196493319807473,0.4921914269001145,0,0
334,0.2,0.11683168316831682,0.15225649732072147,0.2924511013876268,0.5339467387196432,0,0
335,0.0,0.09504950495049506,0.1277189346265117,1.0,-0.0,0,0
336,0.0,0.09504950495049506,0.1277189346265117,1.0,-0.0,0,0
337,0.0,0.09504950495049506,0.1277189346265117,1.0,-0.0,0,0
338,0.0,0.08118811881188118,0.11320083903331847,1.0,-0.0,0,0
339,0.0,0.16237623762376235,0.16818865241652334,1.0,-0.0,0,0
340,0.0,0.16237623762376235,0.16818865241652334,1.0,-0.0,0,0
341,0.0,0.1861386138613861,0.18077375114498545,1.0,-0.0,0,0
342,0.0,0.1861386138613861,0.18077375114498545,1.0,-0.0,0,0
343,0.0,0.1861386138613861,0.18077375114498545,1.0,-0.0,0,0
344,0.0,0.023762376237623766,0.06471340450838887,1.0,-0.0,0,0
345,0.0,0.023762376237623766,0.06471340450838887,1.0,-0.0,0,0
346,0.0,0.0,0.0,1.0,-0.0,0,0
347,0.0,0.0,0.0,1.0,-0.0,0,0
348,0.0,0.0,0.0,1.0,-0.0,0,0
349,0.0,0.0,0.0,1.0,-0.0,0,0
350,0.0,0.0,0.0,1.0,-0.0,0,0
351,0.0,0.0,0.0,1.0,-0.0,0,0
352,0.0,0.0,0.0,1.0,-0.0,0,0
353,0.0,0.027722772277227727,0.06910862719451544,1.0,-0.0,0,0
354,0.0,0.027722772277227727,0.06910862719451544,1.0,-0.0,0,0
355,0.0,0.027722772277227727,0.06910862719451544,1.0,-0.0,0,0
356,0.0,0.027722772277227727,0.06910862719451544,1.0,-0.0,0,0
357,0.0,0.027722772277227727,0.06910862719451544,1.0,-0.0,0,0
358,0.0,0.0,0.0,1.0,-0.0,0,0
359,0.0,0.09504950495049505,0.1277189346265117,1.0,-0.0,0,0
360,0.0,0.09504950495049505,0.1277189346265117,1.0,-0.0,0,0
361,0.0,0.09504950495049505,0.1277189346265117,1.0,-0.0,0,0
362,0.0,0.09504950495049505,0.1277189346265117,1.0,-0.0,0,0
363,0.0,0.09504950495049505,0.1277189346265117,1.0,-0.0,0,0
364,0.0,0.0,0.0,1.0,-0.0,0,0
365,0.0,0.0,0.0,1.0,-0.0,0,0
366,0.0,0.0,0.0,1.0,-0.0,0,0
