,foreground,bg_means,bg_stdev,pvals,minus_logs,regs,active
2,1.4,0.2495049504950495,0.20178596757001188,5.935753884974858e-09,8.22652411457088,0,0
3,0.2,0.13465346534653466,0.14921288105967928,0.33071429276543246,0.4805470354007088,0,0
4,0.0,0.0039603960396039604,0.027863855998951068,1.0,-0.0,0,0
5,0.0,0.0039603960396039604,0.027863855998951068,1.0,-0.0,0,0
6,0.0,0.0039603960396039604,0.027863855998951068,1.0,-0.0,0,0
7,0.0,0.0019801980198019802,0.0198019801980198,1.0,-0.0,0,0
8,0.0,0.0019801980198019802,0.0198019801980198,1.0,-0.0,0,0
9,0.0,0.0,0.0,1.0,-0.0,0,0
10,0.0,0.0,0.0,1.0,-0.0,0,0
11,0.0,0.0019801980198019802,0.0198019801980198,1.0,-0.0,0,0
12,0.0,0.0019801980198019802,0.0198019801980198,1.0,-0.0,0,0
13,0.0,0.0019801980198019802,0.0198019801980198,1.0,-0.0,0,0
14,0.0,0.0039603960396039604,0.027863855998951068,1.0,-0.0,0,0
15,0.0,0.0039603960396039604,0.027863855998951068,1.0,-0.0,0,0
16,0.0,0.0019801980198019802,0.0198019801980198,1.0,-0.0,0,0
17,0.0,0.0019801980198019802,0.0198019801980198,1.0,-0.0,0,0
18,0.0,0.0019801980198019802,0.0198019801980198,1.0,-0.0,0,0
19,0.0,0.0,0.0,1.0,-0.0,0,0
20,0.0,0.0019801980198019802,0.0198019801980198,1.0,-0.0,0,0
21,0.0,0.0019801980198019802,0.0198019801980198,1.0,-0.0,0,0
22,0.0,0.0019801980198019802,0.0198019801980198,1.0,-0.0,0,0
23,0.0,0.0019801980198019802,0.0198019801980198,1.0,-0.0,0,0
24,0.0,0.0039603960396039604,0.027863855998951068,1.0,-0.0,0,0
25,0.0,0.0019801980198019802,0.019801980198019802,1.0,-0.0,0,0
26,0.0,0.0019801980198019802,0.019801980198019802,1.0,-0.0,0,0
27,0.0,0.009900990099009901,0.04338396495090424,1.0,-0.0,0,0
28,0.0,0.009900990099009901,0.04338396495090424,1.0,-0.0,0,0
29,0.0,0.007920792079207921,0.03900537743285587,1.0,-0.0,0,0
30,0.0,0.007920792079207921,0.03900537743285587,1.0,-0.0,0,0
31,0.0,0.007920792079207921,0.03900537743285587,1.0,-0.0,0,0
32,0.0,0.0,0.0,1.0,-0.0,0,0
33,0.0,0.0,0.0,1.0,-0.0,0,0
34,0.0,0.0,0.0,1.0,-0.0,0,0
35,0.0,0.0,0.0,1.0,-0.0,0,0
36,0.0,0.0,0.0,1.0,-0.0,0,0
37,0.0,0.0,0.0,1.0,-0.0,0,0
38,0.0,0.09900990099009901,0.14246420394934614,1.0,-0.0,0,0
39,0.8,0.1801980198019802,0.18985132378941597,0.0005479577802711627,3.2612529022850154,0,0
40,0.8,0.1801980198019802,0.18985132378941597,0.0005479577802711627,3.2612529022850154,0,0
41,1.4,0.29108910891089107,0.2572124020772993,8.116152179805151e-06,5.090649818436373,0,0
42,1.4,0.31287128712871287,0.2676126084202163,2.4293447680276712e-05,4.614510846567166,0,0
43,1.4,0.22574257425742572,0.22978830780797876,1.609341255338868e-07,6.79335185546824,0,0
44,0.8,0.17623762376237626,0.18301572450512466,0.00032691115129601515,3.4855702649083877,0,0
45,0.8,0.18019801980198022,0.1856323428951757,0.00042060189379015283,3.376128776203284,0,0
46,0.2,0.06732673267326733,0.11000352009767249,0.11389293410569641,0.9435032186258504,0,0
47,0.2,0.0594059405940594,0.09138994660763824,0.061975734571012124,1.2077783170289345,0,0
48,0.2,0.051485148514851496,0.08744317689433512,0.044714679514496807,1.349549877638611,0,0
49,0.0,0.13168316831683166,0.14686876547159333,1.0,-0.0,0,0
50,0.6,0.29306930693069305,0.2794114839708045,0.13599531279287258,0.8664760597420655,0,0
51,0.6,0.30297029702970296,0.2751976591342686,0.14021982515591103,0.8531905787579361,0,0
52,0.6,0.2891089108910891,0.26621698516045655,0.1214415312079571,0.9156327655677149,0,0
53,0.6,0.2851485148514852,0.26751002150705533,0.11960357975487197,0.9222558216475955,0,0
54,0.6,0.1762376237623762,0.21486745389394907,0.024293181747616764,1.6145156006770163,0,0
55,0.0,0.009900990099009901,0.04338396495090425,1.0,-0.0,0,0
56,0.0,0.0,0.0,1.0,-0.0,0,0
57,0.0,0.0,0.0,1.0,-0.0,0,0
58,0.2,0.16435643564356436,0.16505874046871052,0.41451541689363713,0.3824593122854272,0,0
59,0.2,0.16633663366336632,0.16666633990099655,0.41996594762129563,0.37678592236332387,0,0
60,0.2,0.16633663366336632,0.16666633990099655,0.41996594762129563,0.37678592236332387,0,0
61,0.4,0.1801980198019802,0.17689276383467162,0.1070128123936301,0.97056422213968,0,0
62,0.4,0.1801980198019802,0.17689276383467162,0.1070128123936301,0.97056422213968,0,0
63,0.2,0.019801980198019802,0.06603299802191315,0.003177215148072976,2.4979533755231182,0,0
64,0.2,0.017821782178217824,0.0635517090529949,0.0020744436267099344,2.6830983626867595,0,0
65,0.6,0.1564356435643564,0.15821769786485684,0.0025275100684822023,2.5973071056963866,0,0
66,0.4,0.14257425742574256,0.14443233686186507,0.03734791092806797,1.4277336856233147,0,0
67,0.4,0.14257425742574256,0.14443233686186507,0.03734791092806797,1.4277336856233147,0,0
68,0.4,0.13861386138613863,0.14279410991936592,0.03358680804646762,1.4738312677771268,0,0
69,0.4,0.14257425742574256,0.14443233686186507,0.03734791092806797,1.4277336856233147,0,0
70,0.0,0.007920792079207921,0.03900537743285587,1.0,-0.0,0,0
71,0.0,0.1396039603960396,0.16049379736991787,1.0,-0.0,0,0
72,0.0,0.301980198019802,0.22602032591493504,1.0,-0.0,0,0
73,0.0,0.301980198019802,0.22602032591493504,1.0,-0.0,0,0
74,0.0,0.35841584158415846,0.25379001483555713,1.0,-0.0,0,0
75,0.6,0.5287128712871287,0.31287128712871287,0.40988216531946214,0.3873409781749639,0,0
76,0.6,0.40792079207920795,0.2653908637421199,0.23460664190591207,0.6296596968144594,0,0
77,0.6,0.2673267326732673,0.2073447938646879,0.05430802612200103,1.2651359817756178,0,0
78,0.8,0.27128712871287125,0.20793022137977643,0.005499323107529562,2.259690763006833,0,0
79,0.8,0.21188118811881188,0.18630706513012396,0.0007977786470047376,3.0981175920072754,0,0
80,0.2,0.03762376237623763,0.08307396817189318,0.025315250600093615,1.5966177690988217,0,0
81,0.2,0.0594059405940594,0.11096178792967841,0.10256882529016816,0.9889846183837064,0,0
82,0.2,0.03762376237623763,0.08771182015980238,0.03206701867154286,1.4939414153345645,0,0
83,0.0,0.033663366336633666,0.07994704648786674,1.0,-0.0,0,0
84,0.0,0.033663366336633666,0.07994704648786674,1.0,-0.0,0,0
85,0.0,0.033663366336633666,0.07994704648786674,1.0,-0.0,0,0
86,0.0,0.11089108910891086,0.14205074403533427,1.0,-0.0,0,0
87,0.2,0.2099009900990099,0.20753382188631925,1.0,-0.0,0,0
88,0.2,0.2099009900990099,0.20753382188631925,1.0,-0.0,0,0
89,0.2,0.2099009900990099,0.20753382188631925,1.0,-0.0,0,0
90,0.2,0.21386138613861383,0.20920864708209408,1.0,-0.0,0,0
91,0.2,0.10891089108910891,0.14218869759220787,0.2608843772656953,0.5835519273024177,0,0
92,0.0,0.07722772277227724,0.1257698574906964,1.0,-0.0,0,0
93,0.0,0.07722772277227724,0.1257698574906964,1.0,-0.0,0,0
94,0.0,0.0811881188118812,0.12642288870900886,1.0,-0.0,0,0
95,0.0,0.07722772277227724,0.1193059036149867,1.0,-0.0,0,0
96,0.0,0.06930693069306931,0.10693069306930694,1.0,-0.0,0,0
97,0.0,0.0039603960396039604,0.027863855998951064,1.0,-0.0,0,0
98,0.0,0.0039603960396039604,0.027863855998951064,1.0,-0.0,0,0
99,0.0,0.0,0.0,1.0,-0.0,0,0
100,0.0,0.0,0.0,1.0,-0.0,0,0
101,0.0,0.0,0.0,1.0,-0.0,0,0
102,0.0,0.0019801980198019802,0.0198019801980198,1.0,-0.0,0,0
103,0.0,0.031683168316831684,0.08780118525701133,1.0,-0.0,0,0
104,0.0,0.09900990099009901,0.14521752172118102,1.0,-0.0,0,0
105,0.0,0.20198019801980197,0.20584537021649224,1.0,-0.0,0,0
106,0.0,0.20198019801980197,0.20584537021649224,1.0,-0.0,0,0
107,0.0,0.19999999999999998,0.2068145962637134,1.0,-0.0,0,0
108,0.0,0.17029702970297034,0.1810555160500984,1.0,-0.0,0,0
109,0.0,0.19405940594059404,0.21701018919283135,1.0,-0.0,0,0
110,0.0,0.1108910891089109,0.15279637008998356,1.0,-0.0,0,0
111,0.0,0.15841584158415842,0.17421241542909127,1.0,-0.0,0,0
112,0.0,0.17029702970297028,0.18322985319016177,1.0,-0.0,0,0
113,0.0,0.25742574257425743,0.2093585368717556,1.0,-0.0,0,0
114,0.0,0.2633663366336633,0.22852205833136874,1.0,-0.0,0,0
115,0.0,0.24356435643564353,0.22268204993487845,1.0,-0.0,0,0
116,0.0,0.2455445544554455,0.21038613838088596,1.0,-0.0,0,0
117,0.0,0.3336633663366337,0.2321987999912589,1.0,-0.0,0,0
118,0.0,0.2455445544554455,0.19063455915340577,1.0,-0.0,0,0
119,0.0,0.14851485148514848,0.13687738343592443,1.0,-0.0,0,0
120,0.0,0.16435643564356434,0.14459513872101934,1.0,-0.0,0,0
121,0.0,0.11881188118811878,0.13549532985786933,1.0,-0.0,0,0
122,0.0,0.14257425742574256,0.1696510890344863,1.0,-0.0,0,0
123,0.0,0.14257425742574256,0.1696510890344863,1.0,-0.0,0,0
124,0.0,0.15841584158415842,0.17421241542909127,1.0,-0.0,0,0
125,0.0,0.14059405940594058,0.17244784995704746,1.0,-0.0,0,0
126,0.0,0.30297029702970296,0.224470971262468,1.0,-0.0,0,0
127,0.0,0.18415841584158418,0.16811869526171186,1.0,-0.0,0,0
128,0.0,0.18415841584158418,0.16811869526171186,1.0,-0.0,0,0
129,0.2,0.1762376237623762,0.16718313599370643,0.4434871560200296,0.3531189533979825,0,0
130,0.2,0.1762376237623762,0.16718313599370643,0.4434871560200296,0.3531189533979825,0,0
131,0.2,0.013861386138613863,0.05807080514303041,0.0006744368600574634,3.1710587021998853,0,0
132,0.2,0.009900990099009901,0.04338396495090424,5.885669548817485e-06,5.230204125035219,0,0
133,0.2,0.013861386138613863,0.05079507064705211,0.00012391038159364294,3.90689230556944,0,0
134,0.0,0.13564356435643563,0.15894712889925117,1.0,-0.0,0,0
135,0.0,0.13564356435643563,0.15894712889925117,1.0,-0.0,0,0
136,0.0,0.13069306930693067,0.1602859908502817,1.0,-0.0,0,0
137,0.0,0.13069306930693067,0.1602859908502817,1.0,-0.0,0,0
138,0.0,0.12673267326732673,0.1609938742509136,1.0,-0.0,0,0
139,0.0,0.0,0.0,1.0,-0.0,0,0
140,0.0,0.0,0.0,1.0,-0.0,0,0
141,0.0,0.0019801980198019802,0.019801980198019802,1.0,-0.0,0,0
142,0.0,0.0019801980198019802,0.019801980198019802,1.0,-0.0,0,0
143,0.0,0.0019801980198019802,0.019801980198019802,1.0,-0.0,0,0
144,0.0,0.02772277227722773,0.07461957893630405,1.0,-0.0,0,0
145,0.0,0.1603960396039604,0.18243632168365972,1.0,-0.0,0,0
146,0.0,0.18415841584158413,0.1902227320162032,1.0,-0.0,0,0
147,0.8,0.31881188118811893,0.2642804058725207,0.034322557726820774,1.4644203558683602,0,0
148,0.8,0.32079207920792085,0.2641319920876526,0.03481774267864441,1.458199388703666,0,0
149,0.8,0.29504950495049503,0.26189569294836335,0.026923859023350486,1.5698626921288579,0,0
150,1.4,0.30891089108910896,0.2617908657805628,1.537841707094227e-05,4.813088364972457,0,0
151,1.4,0.2831683168316832,0.24090148634844435,1.7756381106476282e-06,5.750645542253145,0,0
152,0.6,0.15247524752475244,0.15957496727054085,0.0025198932448101,2.5986178576993932,0,0
153,0.6,0.28712871287128716,0.22055886097767424,0.07801676939683364,1.107812037389738,0,0
154,0.6,0.32277227722772284,0.24368507030360653,0.12763384181154203,0.8940341581904105,0,0
155,0.0,0.2475247524752475,0.2550845557367865,1.0,-0.0,0,0
156,0.0,0.3188118811881188,0.28863381552201706,1.0,-0.0,0,0
157,0.0,0.31485148514851485,0.28610949182030915,1.0,-0.0,0,0
158,0.0,0.17821782178217818,0.19881030333482985,1.0,-0.0,0,0
159,0.0,0.14059405940594058,0.16541470107292755,1.0,-0.0,0,0
160,0.0,0.07524752475247526,0.11205191564986228,1.0,-0.0,0,0
161,0.0,0.0039603960396039604,0.027863855998951064,1.0,-0.0,0,0
162,0.0,0.025742574257425745,0.06697637435757531,1.0,-0.0,0,0
163,0.0,0.025742574257425745,0.06697637435757531,1.0,-0.0,0,0
164,0.0,0.025742574257425745,0.06697637435757531,1.0,-0.0,0,0
165,0.0,0.021782178217821784,0.06230547612891991,1.0,-0.0,0,0
166,0.0,0.021782178217821784,0.06230547612891991,1.0,-0.0,0,0
167,0.0,0.0,0.0,1.0,-0.0,0,0
168,0.0,0.0,0.0,1.0,-0.0,0,0
169,0.0,0.0,0.0,1.0,-0.0,0,0
170,0.0,0.0,0.0,1.0,-0.0,0,0
171,0.0,0.0059405940594059415,0.03395332316729158,1.0,-0.0,0,0
172,0.0,0.049504950495049514,0.1068206254198905,1.0,-0.0,0,0
173,0.0,0.049504950495049514,0.1068206254198905,1.0,-0.0,0,0
174,0.0,0.049504950495049514,0.1068206254198905,1.0,-0.0,0,0
175,0.0,0.08316831683168317,0.13575553664160483,1.0,-0.0,0,0
176,0.0,0.07722772277227724,0.12888031758632065,1.0,-0.0,0,0
177,0.0,0.033663366336633666,0.07994704648786674,1.0,-0.0,0,0
178,0.0,0.033663366336633666,0.07994704648786674,1.0,-0.0,0,0
179,0.0,0.03762376237623763,0.08307396817189318,1.0,-0.0,0,0
180,0.0,0.0039603960396039604,0.02786385599895106,1.0,-0.0,0,0
181,0.0,0.0039603960396039604,0.02786385599895106,1.0,-0.0,0,0
182,0.0,0.0039603960396039604,0.02786385599895106,1.0,-0.0,0,0
183,0.0,0.0039603960396039604,0.02786385599895106,1.0,-0.0,0,0
184,0.0,0.0039603960396039604,0.027863855998951068,1.0,-0.0,0,0
185,0.0,0.03762376237623763,0.07816140339006158,1.0,-0.0,0,0
186,0.0,0.03762376237623763,0.07816140339006158,1.0,-0.0,0,0
187,0.0,0.03762376237623763,0.07816140339006158,1.0,-0.0,0,0
188,0.0,0.03960396039603961,0.07970143286137867,1.0,-0.0,0,0
189,0.0,0.049504950495049514,0.1068206254198905,1.0,-0.0,0,0
190,0.0,0.015841584158415842,0.06090517425437505,1.0,-0.0,0,0
191,0.0,0.027722772277227727,0.07461957893630407,1.0,-0.0,0,0
192,0.0,0.027722772277227727,0.07461957893630407,1.0,-0.0,0,0
193,0.0,0.031683168316831684,0.08316831683168316,1.0,-0.0,0,0
194,0.0,0.017821782178217824,0.056980176514606566,1.0,-0.0,0,0
195,0.0,0.021782178217821784,0.06230547612891991,1.0,-0.0,0,0
196,0.0,0.009900990099009901,0.04338396495090425,1.0,-0.0,0,0
197,0.0,0.009900990099009901,0.04338396495090425,1.0,-0.0,0,0
198,0.0,0.0039603960396039604,0.027863855998951064,1.0,-0.0,0,0
199,0.0,0.007920792079207921,0.03900537743285587,1.0,-0.0,0,0
200,0.0,0.0039603960396039604,0.027863855998951064,1.0,-0.0,0,0
201,0.0,0.021782178217821784,0.06230547612891991,1.0,-0.0,0,0
202,0.0,0.021782178217821784,0.06230547612891991,1.0,-0.0,0,0
203,0.0,0.021782178217821784,0.06230547612891991,1.0,-0.0,0,0
204,0.0,0.017821782178217824,0.05698017651460656,1.0,-0.0,0,0
205,0.0,0.017821782178217824,0.05698017651460656,1.0,-0.0,0,0
206,0.0,0.0,0.0,1.0,-0.0,0,0
207,0.0,0.0,0.0,1.0,-0.0,0,0
208,0.0,0.0,0.0,1.0,-0.0,0,0
209,0.0,0.023762376237623766,0.06471340450838887,1.0,-0.0,0,0
210,0.0,0.03564356435643565,0.08154954567118416,1.0,-0.0,0,0
211,0.0,0.047524752475247525,0.08965727859542,1.0,-0.0,0,0
212,0.0,0.11287128712871287,0.14464936528910635,1.0,-0.0,0,0
213,0.0,0.18217821782178217,0.17142156917092394,1.0,-0.0,0,0
214,0.0,0.1584158415841584,0.15749733722889644,1.0,-0.0,0,0
215,0.0,0.1465346534653465,0.148633615879566,1.0,-0.0,0,0
216,0.0,0.13465346534653463,0.13818888176132993,1.0,-0.0,0,0
217,0.0,0.0891089108910891,0.12097048989545554,1.0,-0.0,0,0
218,0.0,0.09504950495049502,0.14513649268759363,1.0,-0.0,0,0
219,0.0,0.09504950495049502,0.14513649268759363,1.0,-0.0,0,0
220,0.0,0.09504950495049502,0.14513649268759363,1.0,-0.0,0,0
221,0.0,0.09504950495049502,0.14513649268759363,1.0,-0.0,0,0
222,0.0,0.07326732673267328,0.12811743461086583,1.0,-0.0,0,0
223,0.0,0.011881188118811881,0.047276579747775535,1.0,-0.0,0,0
224,0.0,0.025742574257425745,0.0669763743575753,1.0,-0.0,0,0
225,0.0,0.025742574257425745,0.0669763743575753,1.0,-0.0,0,0
226,0.0,0.025742574257425745,0.0669763743575753,1.0,-0.0,0,0
227,0.0,0.025742574257425745,0.0669763743575753,1.0,-0.0,0,0
228,0.0,0.013861386138613863,0.05079507064705211,1.0,-0.0,0,0
229,0.0,0.0,0.0,1.0,-0.0,0,0
230,0.0,0.0039603960396039604,0.027863855998951068,1.0,-0.0,0,0
231,0.0,0.011881188118811881,0.05501958015623685,1.0,-0.0,0,0
232,0.0,0.031683168316831684,0.08316831683168317,1.0,-0.0,0,0
233,0.0,0.033663366336633666,0.08475617647141663,1.0,-0.0,0,0
234,0.0,0.04356435643564357,0.0916470215081674,1.0,-0.0,0,0
235,0.0,0.047524752475247525,0.0939707763778588,1.0,-0.0,0,0
236,0.0,0.061386138613861385,0.10046456153636296,1.0,-0.0,0,0
237,0.0,0.06732673267326733,0.1135467024699521,1.0,-0.0,0,0
238,0.0,0.06534653465346535,0.1129581045303102,1.0,-0.0,0,0
239,0.0,0.05544554455445546,0.10575073206193021,1.0,-0.0,0,0
240,0.0,0.04752475247524753,0.09809478080396702,1.0,-0.0,0,0
241,0.0,0.025742574257425745,0.07264925278354116,1.0,-0.0,0,0
242,0.0,0.0,0.0,1.0,-0.0,0,0
243,0.0,0.05346534653465347,0.10489443673781407,1.0,-0.0,0,0
244,0.0,0.05346534653465347,0.10489443673781407,1.0,-0.0,0,0
245,0.0,0.05346534653465347,0.10489443673781407,1.0,-0.0,0,0
246,0.0,0.06930693069306931,0.1272267596372991,1.0,-0.0,0,0
247,0.0,0.07128712871287128,0.12768822926854262,1.0,-0.0,0,0
248,0.0,0.025742574257425745,0.07264925278354115,1.0,-0.0,0,0
249,0.0,0.025742574257425745,0.07264925278354115,1.0,-0.0,0,0
250,0.0,0.025742574257425745,0.07264925278354115,1.0,-0.0,0,0
251,0.0,0.009900990099009901,0.04338396495090424,1.0,-0.0,0,0
252,0.0,0.013861386138613863,0.05079507064705211,1.0,-0.0,0,0
253,0.0,0.019801980198019802,0.059735061897023205,1.0,-0.0,0,0
254,0.0,0.06336633663366337,0.10874875419996817,1.0,-0.0,0,0
255,0.0,0.06336633663366337,0.10874875419996817,1.0,-0.0,0,0
256,0.0,0.06336633663366337,0.10874875419996817,1.0,-0.0,0,0
257,0.0,0.11287128712871286,0.15521519162190436,1.0,-0.0,0,0
258,0.0,0.09900990099009899,0.14791959918402456,1.0,-0.0,0,0
259,0.0,0.1405940594059406,0.1920077441826123,1.0,-0.0,0,0
260,0.0,0.14455445544554457,0.19112758038833513,1.0,-0.0,0,0
261,0.0,0.14653465346534655,0.1906551271589847,1.0,-0.0,0,0
262,0.0,0.09108910891089109,0.14765427233510695,1.0,-0.0,0,0
263,0.0,0.09108910891089109,0.14765427233510695,1.0,-0.0,0,0
264,0.0,0.0059405940594059415,0.03395332316729158,1.0,-0.0,0,0
265,0.0,0.0019801980198019802,0.019801980198019802,1.0,-0.0,0,0
266,0.0,0.0,0.0,1.0,-0.0,0,0
267,0.0,0.0,0.0,1.0,-0.0,0,0
268,0.0,0.0,0.0,1.0,-0.0,0,0
269,0.0,0.0,0.0,1.0,-0.0,0,0
270,0.0,0.0039603960396039604,0.02786385599895107,1.0,-0.0,0,0
271,0.0,0.009900990099009901,0.04338396495090425,1.0,-0.0,0,0
272,0.0,0.017821782178217824,0.05698017651460657,1.0,-0.0,0,0
273,0.0,0.017821782178217824,0.05698017651460657,1.0,-0.0,0,0
274,0.0,0.021782178217821784,0.06836703565002801,1.0,-0.0,0,0
275,0.0,0.019801980198019802,0.06603299802191315,1.0,-0.0,0,0
276,0.0,0.02970297029702971,0.08150144802873932,1.0,-0.0,0,0
277,0.0,0.039603960396039604,0.0890869059738772,1.0,-0.0,0,0
278,0.0,0.039603960396039604,0.0890869059738772,1.0,-0.0,0,0
279,0.0,0.04752475247524753,0.10586191211583096,1.0,-0.0,0,0
280,0.0,0.04554455445544555,0.10485704788018795,1.0,-0.0,0,0
281,0.0,0.0297029702970297,0.07648795214189293,1.0,-0.0,0,0
282,0.0,0.011881188118811883,0.055019580156236855,1.0,-0.0,0,0
283,0.0,0.017821782178217824,0.0635517090529949,1.0,-0.0,0,0
284,0.0,0.0059405940594059415,0.03395332316729158,1.0,-0.0,0,0
285,0.0,0.0059405940594059415,0.03395332316729158,1.0,-0.0,0,0
286,0.0,0.015841584158415842,0.05401260078014202,1.0,-0.0,0,0
287,0.0,0.015841584158415842,0.05401260078014202,1.0,-0.0,0,0
288,0.0,0.039603960396039604,0.08452453849668534,1.0,-0.0,0,0
289,0.0,0.039603960396039604,0.08452453849668534,1.0,-0.0,0,0
290,0.0,0.039603960396039604,0.08452453849668534,1.0,-0.0,0,0
291,0.0,0.02970297029702971,0.07648795214189294,1.0,-0.0,0,0
292,0.0,0.039603960396039604,0.08452453849668534,1.0,-0.0,0,0
293,0.0,0.017821782178217824,0.05698017651460656,1.0,-0.0,0,0
294,0.0,0.017821782178217824,0.05698017651460656,1.0,-0.0,0,0
295,0.0,0.017821782178217824,0.05698017651460656,1.0,-0.0,0,0
296,0.0,0.1207920792079208,0.18038288852303735,1.0,-0.0,0,0
297,0.0,0.12079207920792079,0.1666898653919601,1.0,-0.0,0,0
298,0.0,0.11287128712871287,0.16510624622317494,1.0,-0.0,0,0
299,0.0,0.11287128712871287,0.16510624622317494,1.0,-0.0,0,0
300,0.0,0.11683168316831682,0.16474961916793257,1.0,-0.0,0,0
301,0.0,0.023762376237623766,0.06471340450838887,1.0,-0.0,0,0
302,0.0,0.01386138613861386,0.05079507064705211,1.0,-0.0,0,0
303,0.0,0.01386138613861386,0.05079507064705211,1.0,-0.0,0,0
304,0.0,0.01386138613861386,0.05079507064705211,1.0,-0.0,0,0
305,0.0,0.009900990099009901,0.04338396495090425,1.0,-0.0,0,0
306,0.0,0.0,0.0,1.0,-0.0,0,0
307,0.0,0.0,0.0,1.0,-0.0,0,0
308,0.0,0.0,0.0,1.0,-0.0,0,0
309,0.0,0.0,0.0,1.0,-0.0,0,0
310,0.0,0.0,0.0,1.0,-0.0,0,0
311,0.0,0.0,0.0,1.0,-0.0,0,0
312,0.0,0.0,0.0,1.0,-0.0,0,0
313,0.0,0.0,0.0,1.0,-0.0,0,0
314,0.0,0.0,0.0,1.0,-0.0,0,0
315,0.0,0.0,0.0,1.0,-0.0,0,0
316,0.0,0.0,0.0,1.0,-0.0,0,0
317,0.0,0.0,0.0,1.0,-0.0,0,0
318,0.0,0.0,0.0,1.0,-0.0,0,0
319,0.0,0.0,0.0,1.0,-0.0,0,0
320,0.0,0.021782178217821784,0.062305476128919915,1.0,-0.0,0,0
321,0.0,0.021782178217821784,0.062305476128919915,1.0,-0.0,0,0
322,0.0,0.021782178217821784,0.062305476128919915,1.0,-0.0,0,0
323,0.0,0.02772277227722773,0.06910862719451544,1.0,-0.0,0,0
324,0.0,0.02772277227722773,0.06910862719451544,1.0,-0.0,0,0
325,0.0,0.0059405940594059415,0.03395332316729157,1.0,-0.0,0,0
326,0.0,0.0059405940594059415,0.03395332316729157,1.0,-0.0,0,0
327,0.0,0.019801980198019802,0.06603299802191316,1.0,-0.0,0,0
328,0.0,0.013861386138613863,0.05079507064705211,1.0,-0.0,0,0
329,0.0,0.013861386138613863,0.05079507064705211,1.0,-0.0,0,0
330,0.0,0.031683168316831684,0.0730260947112308,1.0,-0.0,0,0
331,0.0,0.031683168316831684,0.0730260947112308,1.0,-0.0,0,0
332,0.0,0.017821782178217824,0.056980176514606566,1.0,-0.0,0,0
333,0.0,0.017821782178217824,0.056980176514606566,1.0,-0.0,0,0
334,0.0,0.023762376237623763,0.06471340450838887,1.0,-0.0,0,0
335,0.0,0.0059405940594059415,0.03395332316729158,1.0,-0.0,0,0
336,0.0,0.0059405940594059415,0.03395332316729158,1.0,-0.0,0,0
337,0.0,0.0059405940594059415,0.03395332316729158,1.0,-0.0,0,0
338,0.0,0.0059405940594059415,0.03395332316729158,1.0,-0.0,0,0
339,0.0,0.0,0.0,1.0,-0.0,0,0
340,0.0,0.0,0.0,1.0,-0.0,0,0
341,0.0,0.0,0.0,1.0,-0.0,0,0
342,0.0,0.0,0.0,1.0,-0.0,0,0
343,0.0,0.0,0.0,1.0,-0.0,0,0
344,0.0,0.011881188118811881,0.047276579747775535,1.0,-0.0,0,0
345,0.0,0.02970297029702971,0.07112192077650681,1.0,-0.0,0,0
346,0.0,0.02970297029702971,0.07112192077650681,1.0,-0.0,0,0
347,0.0,0.18415841584158413,0.19434208548729184,1.0,-0.0,0,0
348,0.0,0.1861386138613861,0.2014942708422178,1.0,-0.0,0,0
349,0.0,0.1742574257425742,0.19430172787383887,1.0,-0.0,0,0
350,0.0,0.23168316831683167,0.22291084799160849,1.0,-0.0,0,0
351,0.0,0.23762376237623759,0.2210915697344128,1.0,-0.0,0,0
352,0.0,0.08316831683168316,0.12670172889541695,1.0,-0.0,0,0
353,0.0,0.08118811881188118,0.1264228887090089,1.0,-0.0,0,0
354,0.0,0.08118811881188118,0.1264228887090089,1.0,-0.0,0,0
355,0.0,0.0059405940594059415,0.033953323167291584,1.0,-0.0,0,0
356,0.0,0.0,0.0,1.0,-0.0,0,0
357,0.0,0.0019801980198019802,0.0198019801980198,1.0,-0.0,0,0
358,0.0,0.041584158415841586,0.08590499787518362,1.0,-0.0,0,0
359,0.0,0.04356435643564357,0.09164702150816742,1.0,-0.0,0,0
360,0.0,0.05940594059405942,0.10357779667819421,1.0,-0.0,0,0
361,0.0,0.05940594059405942,0.10357779667819421,1.0,-0.0,0,0
362,0.0,0.06732673267326733,0.10634234916512914,1.0,-0.0,0,0
363,0.0,0.027722772277227727,0.06910862719451544,1.0,-0.0,0,0
364,0.0,0.027722772277227727,0.06910862719451545,1.0,-0.0,0,0
365,0.0,0.011881188118811881,0.04727657974777554,1.0,-0.0,0,0
366,0.0,0.011881188118811881,0.04727657974777554,1.0,-0.0,0,0
367,0.0,0.0019801980198019802,0.019801980198019802,1.0,-0.0,0,0
368,0.0,0.06534653465346535,0.10189845806153354,1.0,-0.0,0,0
369,0.0,0.06336633663366337,0.09721138779115704,1.0,-0.0,0,0
370,0.0,0.06930693069306931,0.10316052497133552,1.0,-0.0,0,0
371,0.0,0.07920792079207921,0.10928827506175547,1.0,-0.0,0,0
372,0.0,0.07920792079207921,0.10928827506175547,1.0,-0.0,0,0
373,0.0,0.015841584158415842,0.05401260078014202,1.0,-0.0,0,0
374,0.0,0.015841584158415842,0.05401260078014202,1.0,-0.0,0,0
375,0.0,0.023762376237623766,0.07056843438101175,1.0,-0.0,0,0
376,0.0,0.013861386138613863,0.05079507064705211,1.0,-0.0,0,0
377,0.0,0.013861386138613863,0.05079507064705211,1.0,-0.0,0,0
378,0.0,0.02970297029702971,0.07648795214189293,1.0,-0.0,0,0
379,0.0,0.02970297029702971,0.07648795214189293,1.0,-0.0,0,0
380,0.0,0.015841584158415842,0.054012600780142014,1.0,-0.0,0,0
381,0.0,0.015841584158415842,0.054012600780142014,1.0,-0.0,0,0
382,0.0,0.015841584158415842,0.054012600780142014,1.0,-0.0,0,0
383,0.0,0.0,0.0,1.0,-0.0,0,0
384,0.0,0.0,0.0,1.0,-0.0,0,0
385,0.0,0.0,0.0,1.0,-0.0,0,0
386,0.0,0.011881188118811883,0.047276579747775535,1.0,-0.0,0,0
387,0.0,0.011881188118811883,0.047276579747775535,1.0,-0.0,0,0
388,0.0,0.027722772277227727,0.07461957893630407,1.0,-0.0,0,0
389,0.0,0.027722772277227727,0.07461957893630407,1.0,-0.0,0,0
390,0.0,0.03564356435643565,0.08154954567118415,1.0,-0.0,0,0
391,0.0,0.023762376237623766,0.07056843438101175,1.0,-0.0,0,0
392,0.0,0.023762376237623766,0.07056843438101175,1.0,-0.0,0,0
393,0.0,0.007920792079207921,0.03900537743285587,1.0,-0.0,0,0
394,0.0,0.007920792079207921,0.03900537743285587,1.0,-0.0,0,0
395,0.0,0.007920792079207921,0.03900537743285587,1.0,-0.0,0,0
396,0.0,0.04554455445544555,0.08846854615322249,1.0,-0.0,0,0
397,0.0,0.08514851485148514,0.12379009590564582,1.0,-0.0,0,0
398,0.0,0.08514851485148514,0.12379009590564582,1.0,-0.0,0,0
399,0.0,0.08514851485148514,0.12379009590564582,1.0,-0.0,0,0
400,0.0,0.07722772277227724,0.11930590361498669,1.0,-0.0,0,0
401,0.0,0.039603960396039604,0.0890869059738772,1.0,-0.0,0,0
402,0.0,0.0,0.0,1.0,-0.0,0,0
403,0.0,0.0,0.0,1.0,-0.0,0,0
404,0.0,0.0,0.0,1.0,-0.0,0,0
405,0.0,0.0,0.0,1.0,-0.0,0,0
406,0.0,0.0,0.0,1.0,-0.0,0,0
407,0.0,0.0,0.0,1.0,-0.0,0,0
408,0.0,0.0,0.0,1.0,-0.0,0,0
409,0.0,0.009900990099009901,0.04338396495090424,1.0,-0.0,0,0
410,0.0,0.013861386138613863,0.05079507064705211,1.0,-0.0,0,0
411,0.0,0.013861386138613863,0.05079507064705211,1.0,-0.0,0,0
412,0.0,0.013861386138613863,0.05079507064705211,1.0,-0.0,0,0
413,0.0,0.013861386138613863,0.05079507064705211,1.0,-0.0,0,0
414,0.0,0.0039603960396039604,0.027863855998951064,1.0,-0.0,0,0
415,0.0,0.0,0.0,1.0,-0.0,0,0
416,0.0,0.0039603960396039604,0.027863855998951068,1.0,-0.0,0,0
417,0.0,0.0039603960396039604,0.027863855998951068,1.0,-0.0,0,0
418,0.0,0.0039603960396039604,0.027863855998951068,1.0,-0.0,0,0
419,0.0,0.0039603960396039604,0.027863855998951068,1.0,-0.0,0,0
420,0.0,0.0059405940594059415,0.03395332316729158,1.0,-0.0,0,0
421,0.0,0.0019801980198019802,0.019801980198019802,1.0,-0.0,0,0
422,0.0,0.011881188118811883,0.047276579747775535,1.0,-0.0,0,0
423,0.0,0.011881188118811883,0.047276579747775535,1.0,-0.0,0,0
424,0.0,0.013861386138613863,0.05079507064705211,1.0,-0.0,0,0
425,0.0,0.011881188118811883,0.047276579747775535,1.0,-0.0,0,0
426,0.0,0.011881188118811883,0.047276579747775535,1.0,-0.0,0,0
427,0.0,0.0019801980198019802,0.0198019801980198,1.0,-0.0,0,0
428,0.0,0.007920792079207921,0.03900537743285587,1.0,-0.0,0,0
429,0.0,0.10891089108910891,0.14218869759220787,1.0,-0.0,0,0
430,0.0,0.10891089108910891,0.14218869759220787,1.0,-0.0,0,0
431,0.0,0.10891089108910891,0.14218869759220787,1.0,-0.0,0,0
432,0.0,0.12277227722772277,0.14884451859775158,1.0,-0.0,0,0
433,0.0,0.11683168316831684,0.149632756335149,1.0,-0.0,0,0
434,0.0,0.013861386138613863,0.05079507064705211,1.0,-0.0,0,0
435,0.0,0.013861386138613863,0.05079507064705211,1.0,-0.0,0,0
436,0.0,0.013861386138613863,0.05079507064705211,1.0,-0.0,0,0
437,0.0,0.0,0.0,1.0,-0.0,0,0
438,0.0,0.0,0.0,1.0,-0.0,0,0
439,0.0,0.0,0.0,1.0,-0.0,0,0
440,0.0,0.0,0.0,1.0,-0.0,0,0
441,0.0,0.0,0.0,1.0,-0.0,0,0
442,0.0,0.0,0.0,1.0,-0.0,0,0
443,0.0,0.0,0.0,1.0,-0.0,0,0
444,0.0,0.01386138613861386,0.050795070647052104,1.0,-0.0,0,0
445,0.0,0.01386138613861386,0.050795070647052104,1.0,-0.0,0,0
446,0.0,0.021782178217821784,0.06836703565002801,1.0,-0.0,0,0
447,0.0,0.025742574257425745,0.07264925278354115,1.0,-0.0,0,0
448,0.0,0.025742574257425745,0.07264925278354115,1.0,-0.0,0,0
449,0.0,0.019801980198019802,0.059735061897023205,1.0,-0.0,0,0
450,0.0,0.019801980198019802,0.059735061897023205,1.0,-0.0,0,0
451,0.0,0.011881188118811883,0.047276579747775535,1.0,-0.0,0,0
452,0.0,0.007920792079207921,0.03900537743285587,1.0,-0.0,0,0
453,0.0,0.007920792079207921,0.03900537743285587,1.0,-0.0,0,0
454,0.0,0.013861386138613863,0.05079507064705211,1.0,-0.0,0,0
455,0.0,0.017821782178217824,0.056980176514606566,1.0,-0.0,0,0
456,0.0,0.017821782178217824,0.056980176514606566,1.0,-0.0,0,0
457,0.0,0.017821782178217824,0.056980176514606566,1.0,-0.0,0,0
458,0.0,0.017821782178217824,0.056980176514606566,1.0,-0.0,0,0
459,0.0,0.0039603960396039604,0.027863855998951064,1.0,-0.0,0,0
460,0.0,0.0,0.0,1.0,-0.0,0,0
461,0.0,0.0,0.0,1.0,-0.0,0,0
462,0.0,0.0,0.0,1.0,-0.0,0,0
463,0.0,0.0,0.0,1.0,-0.0,0,0
464,0.0,0.0,0.0,1.0,-0.0,0,0
465,0.0,0.0,0.0,1.0,-0.0,0,0
466,0.0,0.0,0.0,1.0,-0.0,0,0
467,0.0,0.0,0.0,1.0,-0.0,0,0
468,0.0,0.0297029702970297,0.07112192077650681,1.0,-0.0,0,0
469,0.0,0.0297029702970297,0.07112192077650681,1.0,-0.0,0,0
470,0.0,0.0297029702970297,0.07112192077650681,1.0,-0.0,0,0
471,0.0,0.0297029702970297,0.07112192077650681,1.0,-0.0,0,0
472,0.0,0.0297029702970297,0.07112192077650681,1.0,-0.0,0,0
473,0.0,0.0,0.0,1.0,-0.0,0,0
474,0.0,0.0,0.0,1.0,-0.0,0,0
475,0.0,0.0,0.0,1.0,-0.0,0,0
476,0.0,0.0,0.0,1.0,-0.0,0,0
477,0.0,0.0,0.0,1.0,-0.0,0,0
478,0.0,0.0,0.0,1.0,-0.0,0,0
479,0.0,0.0,0.0,1.0,-0.0,0,0
480,0.0,0.0,0.0,1.0,-0.0,0,0
481,0.0,0.0,0.0,1.0,-0.0,0,0
482,0.0,0.0,0.0,1.0,-0.0,0,0
483,0.0,0.0059405940594059415,0.03395332316729158,1.0,-0.0,0,0
484,0.0,0.06534653465346535,0.11976515267356391,1.0,-0.0,0,0
485,0.0,0.06534653465346535,0.11976515267356391,1.0,-0.0,0,0
486,0.0,0.06534653465346535,0.11976515267356391,1.0,-0.0,0,0
487,0.0,0.08316831683168316,0.14146987009498416,1.0,-0.0,0,0
488,0.0,0.1089108910891089,0.16050601290423325,1.0,-0.0,0,0
489,0.0,0.049504950495049514,0.09912864166957489,1.0,-0.0,0,0
490,0.0,0.061386138613861385,0.10433219700847123,1.0,-0.0,0,0
491,0.0,0.061386138613861385,0.10433219700847123,1.0,-0.0,0,0
492,0.0,0.043564356435643575,0.09587103712404123,1.0,-0.0,0,0
493,0.0,0.011881188118811881,0.04727657974777554,1.0,-0.0,0,0
494,0.0,0.011881188118811881,0.04727657974777554,1.0,-0.0,0,0
495,0.0,0.0,0.0,1.0,-0.0,0,0
496,0.0,0.0,0.0,1.0,-0.0,0,0
497,0.0,0.0,0.0,1.0,-0.0,0,0
498,0.0,0.0,0.0,1.0,-0.0,0,0
499,0.0,0.0,0.0,1.0,-0.0,0,0
500,0.0,0.0,0.0,1.0,-0.0,0,0
501,0.0,0.0059405940594059415,0.033953323167291584,1.0,-0.0,0,0
502,0.0,0.0059405940594059415,0.033953323167291584,1.0,-0.0,0,0
503,0.0,0.0059405940594059415,0.033953323167291584,1.0,-0.0,0,0
504,0.0,0.0059405940594059415,0.033953323167291584,1.0,-0.0,0,0
505,0.0,0.009900990099009901,0.04338396495090424,1.0,-0.0,0,0
506,0.0,0.0039603960396039604,0.027863855998951057,1.0,-0.0,0,0
507,0.0,0.0039603960396039604,0.027863855998951057,1.0,-0.0,0,0
508,0.0,0.007920792079207921,0.03900537743285587,1.0,-0.0,0,0
509,0.0,0.007920792079207921,0.03900537743285587,1.0,-0.0,0,0
510,0.0,0.0059405940594059415,0.033953323167291584,1.0,-0.0,0,0
511,0.0,0.009900990099009901,0.04338396495090424,1.0,-0.0,0,0
512,0.0,0.009900990099009901,0.04338396495090424,1.0,-0.0,0,0
513,0.0,0.009900990099009901,0.04338396495090425,1.0,-0.0,0,0
514,0.0,0.009900990099009901,0.04338396495090425,1.0,-0.0,0,0
515,0.0,0.007920792079207921,0.03900537743285587,1.0,-0.0,0,0
516,0.0,0.0039603960396039604,0.027863855998951068,1.0,-0.0,0,0
517,0.0,0.0039603960396039604,0.027863855998951068,1.0,-0.0,0,0
518,0.0,0.0,0.0,1.0,-0.0,0,0
519,0.0,0.0,0.0,1.0,-0.0,0,0
520,0.0,0.0,0.0,1.0,-0.0,0,0
521,0.0,0.0,0.0,1.0,-0.0,0,0
522,0.0,0.0,0.0,1.0,-0.0,0,0
523,0.0,0.0,0.0,1.0,-0.0,0,0
524,0.0,0.0,0.0,1.0,-0.0,0,0
525,0.0,0.0,0.0,1.0,-0.0,0,0
526,0.0,0.0,0.0,1.0,-0.0,0,0
527,0.0,0.0019801980198019802,0.0198019801980198,1.0,-0.0,0,0
528,0.0,0.04752475247524753,0.09809478080396702,1.0,-0.0,0,0
529,0.0,0.08514851485148513,0.130031327995105,1.0,-0.0,0,0
530,0.0,0.1465346534653465,0.16384268984901074,1.0,-0.0,0,0
531,0.0,0.1584158415841584,0.17192407185067915,1.0,-0.0,0,0
532,0.0,0.16237623762376235,0.17283397009132115,1.0,-0.0,0,0
533,0.0,0.12079207920792076,0.14645435316515323,1.0,-0.0,0,0
534,0.0,0.08316831683168317,0.12028786177019754,1.0,-0.0,0,0
535,0.0,0.023762376237623766,0.07056843438101175,1.0,-0.0,0,0
536,0.0,0.011881188118811883,0.05501958015623685,1.0,-0.0,0,0
537,0.0,0.0059405940594059415,0.033953323167291584,1.0,-0.0,0,0
538,0.0,0.0,0.0,1.0,-0.0,0,0
539,0.0,0.0,0.0,1.0,-0.0,0,0
540,0.0,0.0,0.0,1.0,-0.0,0,0
541,0.0,0.0,0.0,1.0,-0.0,0,0
542,0.0,0.0039603960396039604,0.027863855998951068,1.0,-0.0,0,0
543,0.0,0.0039603960396039604,0.027863855998951068,1.0,-0.0,0,0
544,0.0,0.0039603960396039604,0.027863855998951068,1.0,-0.0,0,0
545,0.0,0.10099009900990098,0.12781100644043505,1.0,-0.0,0,0
546,0.0,0.10495049504950495,0.13377699607171908,1.0,-0.0,0,0
547,0.0,0.11683168316831682,0.13864214704328154,1.0,-0.0,0,0
548,0.0,0.11683168316831682,0.13864214704328154,1.0,-0.0,0,0
549,0.0,0.11683168316831682,0.13864214704328154,1.0,-0.0,0,0
550,0.0,0.019801980198019802,0.059735061897023205,1.0,-0.0,0,0
551,0.0,0.031683168316831684,0.08316831683168317,1.0,-0.0,0,0
552,0.0,0.015841584158415842,0.054012600780142014,1.0,-0.0,0,0
553,0.0,0.019801980198019802,0.0597350618970232,1.0,-0.0,0,0
554,0.0,0.023762376237623766,0.07056843438101175,1.0,-0.0,0,0
555,0.0,0.0297029702970297,0.07648795214189293,1.0,-0.0,0,0
556,0.0,0.019801980198019802,0.06603299802191315,1.0,-0.0,0,0
557,0.0,0.019801980198019802,0.06603299802191315,1.0,-0.0,0,0
558,0.0,0.033663366336633666,0.07482947971362845,1.0,-0.0,0,0
559,0.0,0.033663366336633666,0.07482947971362845,1.0,-0.0,0,0
560,0.0,0.0297029702970297,0.07112192077650681,1.0,-0.0,0,0
561,0.0,0.041584158415841586,0.09039772047931348,1.0,-0.0,0,0
562,0.0,0.041584158415841586,0.09039772047931348,1.0,-0.0,0,0
563,0.0,0.023762376237623766,0.07056843438101175,1.0,-0.0,0,0
564,0.0,0.03762376237623763,0.08307396817189318,1.0,-0.0,0,0
565,0.0,0.03564356435643565,0.08154954567118415,1.0,-0.0,0,0
566,0.0,0.017821782178217824,0.05698017651460656,1.0,-0.0,0,0
567,0.0,0.017821782178217824,0.05698017651460656,1.0,-0.0,0,0
568,0.0,0.017821782178217824,0.05698017651460656,1.0,-0.0,0,0
569,0.0,0.0,0.0,1.0,-0.0,0,0
570,0.0,0.0,0.0,1.0,-0.0,0,0
571,0.0,0.0,0.0,1.0,-0.0,0,0
572,0.0,0.0,0.0,1.0,-0.0,0,0
573,0.0,0.0,0.0,1.0,-0.0,0,0
574,0.0,0.0,0.0,1.0,-0.0,0,0
575,0.0,0.0,0.0,1.0,-0.0,0,0
576,0.0,0.0059405940594059415,0.03395332316729157,1.0,-0.0,0,0
577,0.0,0.009900990099009901,0.04338396495090424,1.0,-0.0,0,0
578,0.0,0.009900990099009901,0.04338396495090424,1.0,-0.0,0,0
579,0.0,0.009900990099009901,0.04338396495090424,1.0,-0.0,0,0
580,0.0,0.10297029702970295,0.1451905170679078,1.0,-0.0,0,0
581,0.0,0.09900990099009901,0.1367914141716479,1.0,-0.0,0,0
582,0.0,0.09504950495049502,0.1337769960717191,1.0,-0.0,0,0
583,0.0,0.09504950495049502,0.1337769960717191,1.0,-0.0,0,0
584,0.0,0.097029702970297,0.13383560593042218,1.0,-0.0,0,0
585,0.0,0.02970297029702971,0.07112192077650682,1.0,-0.0,0,0
586,0.0,0.04752475247524753,0.09397077637785879,1.0,-0.0,0,0
587,0.0,0.05544554455445545,0.1019369320889802,1.0,-0.0,0,0
588,0.0,0.06930693069306931,0.11409790329416189,1.0,-0.0,0,0
589,0.0,0.08514851485148514,0.12379009590564581,1.0,-0.0,0,0
590,0.0,0.06534653465346535,0.10939585993610405,1.0,-0.0,0,0
591,0.0,0.04554455445544554,0.08387254884969257,1.0,-0.0,0,0
592,0.0,0.04752475247524753,0.08965727859541997,1.0,-0.0,0,0
593,0.0,0.033663366336633666,0.07994704648786674,1.0,-0.0,0,0
594,0.0,0.03762376237623763,0.09211646217515253,1.0,-0.0,0,0
595,0.0,0.031683168316831684,0.08780118525701133,1.0,-0.0,0,0
596,0.0,0.03564356435643565,0.09074407316744237,1.0,-0.0,0,0
597,0.0,0.025742574257425745,0.08283762638951243,1.0,-0.0,0,0
598,0.0,0.025742574257425745,0.08283762638951243,1.0,-0.0,0,0
599,0.0,0.0039603960396039604,0.027863855998951068,1.0,-0.0,0,0
600,0.0,0.0039603960396039604,0.027863855998951068,1.0,-0.0,0,0
601,0.0,0.0,0.0,1.0,-0.0,0,0
602,0.0,0.0,0.0,1.0,-0.0,0,0
603,0.0,0.0,0.0,1.0,-0.0,0,0
604,0.0,0.021782178217821784,0.06230547612891991,1.0,-0.0,0,0
605,0.0,0.021782178217821784,0.06230547612891991,1.0,-0.0,0,0
606,0.0,0.021782178217821784,0.06230547612891991,1.0,-0.0,0,0
607,0.0,0.021782178217821784,0.06230547612891991,1.0,-0.0,0,0
608,0.0,0.021782178217821784,0.06230547612891991,1.0,-0.0,0,0
609,0.0,0.03564356435643565,0.07653920035678292,1.0,-0.0,0,0
610,0.0,0.03564356435643565,0.07653920035678292,1.0,-0.0,0,0
611,0.0,0.03564356435643565,0.07653920035678292,1.0,-0.0,0,0
612,0.0,0.03564356435643565,0.07653920035678292,1.0,-0.0,0,0
613,0.0,0.03564356435643565,0.07653920035678292,1.0,-0.0,0,0
614,0.0,0.0,0.0,1.0,-0.0,0,0
615,0.0,0.0,0.0,1.0,-0.0,0,0
616,0.0,0.0,0.0,1.0,-0.0,0,0
617,0.0,0.0,0.0,1.0,-0.0,0,0
618,0.0,0.0,0.0,1.0,-0.0,0,0
