,foreground,bg_means,bg_stdev,pvals,minus_logs,regs,active
2,1.0,0.7069306930693069,0.2588081692371322,0.12873726363778204,0.8902957262124984,0,0
3,0.8,0.5069306930693069,0.25880816923713224,0.12873726363778204,0.8902957262124984,0,0
4,0.4,0.43762376237623773,0.24163284690347095,1.0,-0.0,0,0
5,0.4,0.3960396039603961,0.23711165940456347,0.49333691151526665,0.30685638936720505,0,0
6,0.4,0.3960396039603961,0.23711165940456347,0.49333691151526665,0.30685638936720505,0,0
7,1.0,0.7663366336633661,0.33069899799037206,0.23991557618075204,0.6199415551595044,0,0
8,1.0,0.8019801980198018,0.34064010740985623,0.2805134950291741,0.5520462407332237,0,0
9,1.0,0.8019801980198018,0.34064010740985623,0.2805134950291741,0.5520462407332237,0,0
10,1.0,0.9544554455445544,0.4067560030715004,0.45542351410104903,0.341584549960012,0,0
11,1.0,0.9544554455445544,0.4067560030715004,0.45542351410104903,0.341584549960012,0,0
12,0.0,0.18811881188118804,0.17535656953133033,1.0,-0.0,0,0
13,0.0,0.15247524752475242,0.15453158823862714,1.0,-0.0,0,0
14,0.0,0.15247524752475242,0.15453158823862714,1.0,-0.0,0,0
15,0.0,0.0,0.0,1.0,-0.0,0,0
16,0.0,0.0,0.0,1.0,-0.0,0,0
17,0.0,0.0,0.0,1.0,-0.0,0,0
18,0.0,0.0,0.0,1.0,-0.0,0,0
19,0.0,0.031683168316831684,0.0730260947112308,1.0,-0.0,0,0
20,0.0,0.05940594059405942,0.09562531855564071,1.0,-0.0,0,0
21,0.0,0.05940594059405942,0.09562531855564071,1.0,-0.0,0,0
22,0.0,0.3980198019801981,0.2396285070480134,1.0,-0.0,0,0
23,0.0,0.6475247524752474,0.29537492851834257,1.0,-0.0,0,0
24,0.0,0.6158415841584158,0.29205067825087716,1.0,-0.0,0,0
25,0.0,0.5881188118811882,0.2881443287669716,1.0,-0.0,0,0
26,0.0,0.6732673267326731,0.3117790183113518,1.0,-0.0,0,0
27,0.0,0.38811881188118813,0.24181128748473266,1.0,-0.0,0,0
28,0.0,0.13861386138613857,0.14823736453237937,1.0,-0.0,0,0
29,0.0,0.2099009900990099,0.18535753542711383,1.0,-0.0,0,0
30,0.0,0.2099009900990099,0.18535753542711383,1.0,-0.0,0,0
31,0.0,0.12277227722772277,0.15662352422404113,1.0,-0.0,0,0
32,0.0,0.0712871287128713,0.11461224656227947,1.0,-0.0,0,0
33,0.0,0.0712871287128713,0.11461224656227947,1.0,-0.0,0,0
34,0.0,0.0,0.0,1.0,-0.0,0,0
35,0.0,0.11683168316831684,0.13575553664160483,1.0,-0.0,0,0
36,0.2,0.1425742574257426,0.14981608173764543,0.35074560537729416,0.4550077617033022,0,0
37,0.8,0.6099009900990099,0.2902729853751872,0.2562669221558919,0.5913074470824354,0,0
38,1.2,0.6554455445544554,0.3271464526631001,0.04800042104695024,1.3187549530918061,0,0
39,1.2,0.8653465346534652,0.3572268446346037,0.1744283050512358,0.7583830392995685,0,0
40,1.2,0.7485148514851485,0.338492248441055,0.09113267778369268,1.0403258685107069,0,0
41,1.0,0.7247524752475246,0.32560862755071046,0.1989626361378597,0.7012284735536531,0,0
42,0.4,0.2554455445544554,0.18265112962534982,0.21434835608855196,0.6688798428946984,0,0
43,0.0,0.2099009900990099,0.1697435167662324,1.0,-0.0,0,0
44,0.0,0.0,0.0,1.0,-0.0,0,0
45,0.0,0.05346534653465347,0.10104832334394513,1.0,-0.0,0,0
46,0.0,0.05346534653465347,0.10104832334394513,1.0,-0.0,0,0
47,0.0,0.05346534653465347,0.10104832334394513,1.0,-0.0,0,0
48,0.0,0.05346534653465347,0.10104832334394513,1.0,-0.0,0,0
49,0.0,0.05346534653465347,0.10104832334394513,1.0,-0.0,0,0
50,0.0,0.0,0.0,1.0,-0.0,0,0
51,0.0,0.0,0.0,1.0,-0.0,0,0
52,0.0,0.0,0.0,1.0,-0.0,0,0
53,0.0,0.0,0.0,1.0,-0.0,0,0
54,0.0,0.19999999999999998,0.17119267125980983,1.0,-0.0,0,0
55,0.0,0.22772277227722768,0.18461563597317487,1.0,-0.0,0,0
56,0.0,0.22772277227722768,0.18461563597317487,1.0,-0.0,0,0
57,0.0,0.22772277227722768,0.18461563597317487,1.0,-0.0,0,0
58,0.0,0.22772277227722768,0.18461563597317487,1.0,-0.0,0,0
59,0.0,0.027722772277227727,0.06910862719451544,1.0,-0.0,0,0
60,0.0,0.0,0.0,1.0,-0.0,0,0
61,0.0,0.0,0.0,1.0,-0.0,0,0
62,0.0,0.0,0.0,1.0,-0.0,0,0
63,0.0,0.03564356435643565,0.08154954567118416,1.0,-0.0,0,0
64,0.0,0.03564356435643565,0.08154954567118416,1.0,-0.0,0,0
65,0.0,0.0712871287128713,0.1213265242141813,1.0,-0.0,0,0
66,0.0,0.0712871287128713,0.1213265242141813,1.0,-0.0,0,0
67,0.0,0.0712871287128713,0.1213265242141813,1.0,-0.0,0,0
68,0.0,0.03564356435643565,0.08154954567118415,1.0,-0.0,0,0
69,0.0,0.03564356435643565,0.08154954567118415,1.0,-0.0,0,0
70,0.0,0.0,0.0,1.0,-0.0,0,0
71,0.0,0.0297029702970297,0.07112192077650681,1.0,-0.0,0,0
72,0.0,0.0712871287128713,0.10372911567294095,1.0,-0.0,0,0
73,0.0,0.6039603960396039,0.30178373742483305,1.0,-0.0,0,0
74,0.4,0.6871287128712872,0.3010422049739388,1.0,-0.0,0,0
75,0.4,0.6871287128712872,0.3010422049739388,1.0,-0.0,0,0
76,0.4,0.6574257425742573,0.2996190765296633,1.0,-0.0,0,0
77,0.4,0.6158415841584158,0.2893258375101605,1.0,-0.0,0,0
78,0.4,0.08316831683168316,0.11694909354640316,0.0033728746429155083,2.4719997996058622,0,0
79,0.0,0.09504950495049502,0.1395723579145037,1.0,-0.0,0,0
80,0.0,0.09504950495049502,0.1395723579145037,1.0,-0.0,0,0
81,0.2,0.48316831683168326,0.33332091601875624,1.0,-0.0,0,0
82,0.2,0.48316831683168326,0.33332091601875624,1.0,-0.0,0,0
83,0.2,0.48316831683168326,0.33332091601875624,1.0,-0.0,0,0
84,0.2,0.38811881188118824,0.27114978094315156,1.0,-0.0,0,0
85,0.2,0.38811881188118824,0.27114978094315156,1.0,-0.0,0,0
86,0.0,0.0,0.0,1.0,-0.0,0,0
87,0.0,0.0,0.0,1.0,-0.0,0,0
88,0.0,0.023762376237623766,0.06471340450838887,1.0,-0.0,0,0
89,0.0,0.023762376237623766,0.06471340450838887,1.0,-0.0,0,0
90,0.2,0.4316831683168317,0.2838667561748802,1.0,-0.0,0,0
91,0.2,0.4534653465346534,0.3042811221130632,1.0,-0.0,0,0
92,0.6,0.5366336633663366,0.33998333455872337,0.4260731077305596,0.3705158761088413,0,0
93,0.6,0.5722772277227723,0.34357434287994176,0.46784452431286117,0.32989844917237426,0,0
94,0.6,0.5722772277227723,0.34357434287994176,0.46784452431286117,0.32989844917237426,0,0
95,0.4,0.2772277227722772,0.2197573766179023,0.2881928206406386,0.5403168423804288,0,0
96,0.4,0.2554455445544554,0.22536010677951354,0.26061919168337094,0.5839936065232997,0,0
97,0.0,0.21980198019801975,0.19397856469320326,1.0,-0.0,0,0
98,0.0,0.16237623762376235,0.17283397009132112,1.0,-0.0,0,0
99,0.0,0.16237623762376235,0.17283397009132112,1.0,-0.0,0,0
100,0.4,0.16831683168316827,0.16345931947317976,0.07818664521725646,1.106867420901216,0,0
101,0.4,0.16831683168316827,0.16345931947317976,0.07818664521725646,1.106867420901216,0,0
102,0.4,0.14257425742574256,0.16249693654596944,0.05657543966012952,1.2473720623626066,0,0
103,2.0,0.8019801980198018,0.341800763580363,0.00022828325634356716,3.6415259410908565,0,0
104,2.0,0.8297029702970297,0.33934840137523825,0.00028168849567260576,3.5502308894995984,0,0
105,1.6,0.7089108910891089,0.3153181671186224,0.002356663934275494,2.627702344457316,0,0
106,1.6,0.7089108910891089,0.3153181671186224,0.002356663934275494,2.627702344457316,0,0
107,1.8,0.7900990099009899,0.3274579409150534,0.0010209710123920204,2.9909865883116247,0,0
