,foreground,bg_means,bg_stdev,pvals,minus_logs,regs,active
2,0.0,0.05742574257425742,0.10656335878870264,1.0,-0.0,0,0
3,0.0,0.09504950495049505,0.12135883917659061,1.0,-0.0,0,0
4,0.0,0.09504950495049505,0.12135883917659061,1.0,-0.0,0,0
5,0.0,0.06336633663366338,0.10874875419996817,1.0,-0.0,0,0
6,0.0,0.1346534653465346,0.13818888176132993,1.0,-0.0,0,0
7,0.0,0.1346534653465346,0.13818888176132993,1.0,-0.0,0,0
8,0.0,0.10693069306930691,0.13948804962658473,1.0,-0.0,0,0
9,0.0,0.1267326732673267,0.139937106883602,1.0,-0.0,0,0
10,0.0,0.1287128712871287,0.13954426081146826,1.0,-0.0,0,0
11,0.0,0.057425742574257435,0.09885135821266286,1.0,-0.0,0,0
12,0.0,0.15445544554455443,0.16381875548472422,1.0,-0.0,0,0
13,0.0,0.12277227722772274,0.15148191286261606,1.0,-0.0,0,0
14,0.0,0.10495049504950495,0.12771893462651168,1.0,-0.0,0,0
15,0.0,0.09504950495049505,0.12135883917659061,1.0,-0.0,0,0
16,0.0,0.13465346534653463,0.14102569358229589,1.0,-0.0,0,0
17,0.0,0.03762376237623763,0.07816140339006158,1.0,-0.0,0,0
18,0.0,0.03762376237623763,0.07816140339006158,1.0,-0.0,0,0
19,0.0,0.03762376237623763,0.07816140339006158,1.0,-0.0,0,0
20,0.0,0.03762376237623763,0.07816140339006158,1.0,-0.0,0,0
21,0.0,0.0,0.0,1.0,-0.0,0,0
22,0.0,0.0,0.0,1.0,-0.0,0,0
23,0.0,0.0,0.0,1.0,-0.0,0,0
24,0.0,0.06732673267326733,0.11000352009767247,1.0,-0.0,0,0
25,0.0,0.06732673267326733,0.11000352009767247,1.0,-0.0,0,0
26,0.0,0.06732673267326733,0.11000352009767247,1.0,-0.0,0,0
27,0.0,0.06732673267326733,0.11000352009767247,1.0,-0.0,0,0
28,0.0,0.06930693069306931,0.11057238501634628,1.0,-0.0,0,0
29,0.0,0.0019801980198019802,0.019801980198019802,1.0,-0.0,0,0
30,0.0,0.007920792079207921,0.03900537743285587,1.0,-0.0,0,0
31,0.0,0.007920792079207921,0.03900537743285587,1.0,-0.0,0,0
32,0.0,0.015841584158415842,0.05401260078014202,1.0,-0.0,0,0
33,0.0,0.01386138613861386,0.05079507064705211,1.0,-0.0,0,0
34,0.0,0.01386138613861386,0.05079507064705211,1.0,-0.0,0,0
35,0.0,0.025742574257425748,0.06697637435757531,1.0,-0.0,0,0
36,0.0,0.025742574257425748,0.06697637435757531,1.0,-0.0,0,0
37,0.0,0.017821782178217824,0.056980176514606566,1.0,-0.0,0,0
38,0.0,0.017821782178217824,0.056980176514606566,1.0,-0.0,0,0
39,0.0,0.017821782178217824,0.056980176514606566,1.0,-0.0,0,0
40,0.0,0.0,0.0,1.0,-0.0,0,0
41,0.0,0.0,0.0,1.0,-0.0,0,0
42,0.0,0.0,0.0,1.0,-0.0,0,0
43,0.0,0.0,0.0,1.0,-0.0,0,0
44,0.0,0.0,0.0,1.0,-0.0,0,0
45,0.0,0.0,0.0,1.0,-0.0,0,0
46,0.0,0.015841584158415842,0.05401260078014202,1.0,-0.0,0,0
47,0.0,0.039603960396039604,0.08452453849668534,1.0,-0.0,0,0
48,0.0,0.039603960396039604,0.08452453849668534,1.0,-0.0,0,0
49,0.0,0.039603960396039604,0.08452453849668534,1.0,-0.0,0,0
50,0.0,0.039603960396039604,0.08452453849668534,1.0,-0.0,0,0
51,0.0,0.023762376237623766,0.07056843438101174,1.0,-0.0,0,0
52,0.0,0.0,0.0,1.0,-0.0,0,0
53,0.0,0.011881188118811881,0.047276579747775535,1.0,-0.0,0,0
54,0.0,0.011881188118811881,0.047276579747775535,1.0,-0.0,0,0
55,0.0,0.011881188118811881,0.047276579747775535,1.0,-0.0,0,0
56,0.0,0.011881188118811881,0.047276579747775535,1.0,-0.0,0,0
57,0.0,0.023762376237623766,0.06471340450838887,1.0,-0.0,0,0
58,0.0,0.011881188118811883,0.047276579747775535,1.0,-0.0,0,0
59,0.0,0.08316831683168316,0.13280619910579974,1.0,-0.0,0,0
60,0.0,0.13861386138613863,0.17290201942925207,1.0,-0.0,0,0
61,0.0,0.1623762376237624,0.17283397009132112,1.0,-0.0,0,0
62,0.0,0.15049504950495046,0.1744148703671667,1.0,-0.0,0,0
63,0.0,0.15049504950495046,0.1744148703671667,1.0,-0.0,0,0
64,0.0,0.07722772277227723,0.11247106393000339,1.0,-0.0,0,0
65,0.0,0.021782178217821784,0.06230547612891991,1.0,-0.0,0,0
66,0.0,0.0,0.0,1.0,-0.0,0,0
67,0.0,0.015841584158415842,0.05401260078014202,1.0,-0.0,0,0
68,0.0,0.03564356435643565,0.08626938974571076,1.0,-0.0,0,0
69,0.0,0.03564356435643565,0.08626938974571076,1.0,-0.0,0,0
70,0.0,0.03564356435643565,0.08626938974571076,1.0,-0.0,0,0
71,0.0,0.03564356435643565,0.08626938974571076,1.0,-0.0,0,0
72,0.0,0.019801980198019802,0.059735061897023205,1.0,-0.0,0,0
73,0.0,0.0,0.0,1.0,-0.0,0,0
74,0.0,0.0,0.0,1.0,-0.0,0,0
75,0.0,0.0,0.0,1.0,-0.0,0,0
76,0.0,0.10297029702970295,0.14519051706790778,1.0,-0.0,0,0
77,0.0,0.11485148514851484,0.14717547862227365,1.0,-0.0,0,0
78,0.0,0.11485148514851484,0.14717547862227365,1.0,-0.0,0,0
79,0.0,0.12277227722772276,0.15148191286261606,1.0,-0.0,0,0
80,0.0,0.12277227722772276,0.15148191286261606,1.0,-0.0,0,0
81,0.0,0.0594059405940594,0.1109617879296784,1.0,-0.0,0,0
82,0.0,0.047524752475247525,0.10205226714237722,1.0,-0.0,0,0
83,0.0,0.08316831683168316,0.12353642740976016,1.0,-0.0,0,0
84,0.0,0.07524752475247526,0.11891084986932621,1.0,-0.0,0,0
85,0.0,0.07524752475247526,0.11891084986932621,1.0,-0.0,0,0
86,0.0,0.1089108910891089,0.1335716590419014,1.0,-0.0,0,0
87,0.0,0.14455445544554454,0.15445544554455448,1.0,-0.0,0,0
88,0.0,0.1861386138613861,0.1914145896807061,1.0,-0.0,0,0
89,0.0,0.20396039603960395,0.2029099161576158,1.0,-0.0,0,0
90,0.0,0.20396039603960395,0.2029099161576158,1.0,-0.0,0,0
91,0.0,0.12871287128712872,0.15816812315022463,1.0,-0.0,0,0
92,0.0,0.10297029702970295,0.14243667729389656,1.0,-0.0,0,0
93,0.2,0.09306930693069305,0.12448501897427097,0.19517455309290543,0.7095768064016368,0,0
94,0.2,0.07524752475247526,0.10845991237726064,0.1250271767086552,0.9029955756978827,0,0
95,0.2,0.09108910891089109,0.1243589581632284,0.19057525368436823,0.7199334934461744,0,0
96,0.2,0.09108910891089109,0.1243589581632284,0.19057525368436823,0.7199334934461744,0,0
97,0.4,0.12079207920792079,0.14645435316515326,0.02829591495260535,1.5482762585251435,0,0
98,0.2,0.06534653465346535,0.10189845806153354,0.09317609402087902,1.03069549930456,0,0
99,0.8,0.1801980198019802,0.17235687245139752,0.0001615498887991159,3.791693336587513,0,0
100,0.8,0.23564356435643566,0.20371993900374946,0.002800610274760361,2.5527473222000143,0,0
101,0.8,0.24752475247524752,0.20900237310033679,0.00410399461893571,2.386793217332902,0,0
102,0.6,0.2099009900990099,0.18103385739626768,0.01558717572486413,1.8072325684687842,0,0
103,0.6,0.2851485148514852,0.19568925589830413,0.05381517027489367,1.2690952812486427,0,0
104,0.0,0.24158415841584158,0.20161100017759087,1.0,-0.0,0,0
105,0.0,0.19999999999999996,0.1711926712598098,1.0,-0.0,0,0
106,0.8,0.3465346534653466,0.24678701942677855,0.033069791929168015,1.4805685376021258,0,0
107,0.8,0.3663366336633664,0.25651017686671324,0.04545390727996628,1.342428778290371,0,0
108,0.8,0.28712871287128716,0.23448421017018478,0.01436280855589268,1.8427606282648674,0,0
109,1.0,0.3643564356435644,0.24759602934156918,0.005125275169081754,2.290282812963774,0,0
110,1.2,0.43960396039603966,0.2685049211049634,0.0023131590658902646,2.6357945016595012,0,0
111,0.4,0.2871287128712871,0.2132554672782995,0.2983065351660428,0.5253372322046097,0,0
112,0.4,0.29306930693069305,0.2153778286127323,0.30977804678375626,0.5089493628792598,0,0
113,0.4,0.28316831683168314,0.21111177037350684,0.2899908303242451,0.5376157345236041,0,0
114,0.2,0.13861386138613863,0.16104257909978187,0.35153500941944993,0.45403141704372313,0,0
115,0.0,0.031683168316831684,0.07826167463512675,1.0,-0.0,0,0
116,0.0,0.025742574257425745,0.07264925278354115,1.0,-0.0,0,0
117,0.0,0.011881188118811881,0.047276579747775535,1.0,-0.0,0,0
118,0.0,0.011881188118811881,0.047276579747775535,1.0,-0.0,0,0
119,0.0,0.011881188118811881,0.047276579747775535,1.0,-0.0,0,0
120,0.2,0.031683168316831684,0.0730260947112308,0.01058647624307391,1.9752485727397298,0,0
121,0.2,0.031683168316831684,0.0730260947112308,0.01058647624307391,1.9752485727397298,0,0
122,0.2,0.019801980198019802,0.0597350618970232,0.0012780474741147156,2.893453013655617,0,0
123,0.2,0.019801980198019802,0.0597350618970232,0.0012780474741147156,2.893453013655617,0,0
124,0.2,0.11881188118811879,0.15460769343321296,0.2997487024529848,0.5232426881915103,0,0
125,0.0,0.09900990099009901,0.14246420394934614,1.0,-0.0,0,0
126,0.4,0.25346534653465347,0.23528552548362944,0.2667096157736337,0.5739613262593302,0,0
127,0.4,0.25346534653465347,0.23528552548362944,0.2667096157736337,0.5739613262593302,0,0
128,0.4,0.25346534653465347,0.23528552548362944,0.2667096157736337,0.5739613262593302,0,0
129,0.4,0.15445544554455445,0.17321922953369534,0.07816308719626741,1.1069982956835338,0,0
130,0.4,0.17029702970297028,0.17436990069505995,0.09386375828337624,1.0275020607238352,0,0
131,0.0,0.10495049504950493,0.14784005112815915,1.0,-0.0,0,0
132,0.0,0.10495049504950493,0.14784005112815915,1.0,-0.0,0,0
133,0.0,0.1089108910891089,0.1503125521928582,1.0,-0.0,0,0
134,0.0,0.16831683168316827,0.17057311261273692,1.0,-0.0,0,0
135,0.0,0.24356435643564353,0.22621108235239334,1.0,-0.0,0,0
136,0.2,0.24356435643564353,0.23140374111669773,1.0,-0.0,0,0
137,0.2,0.25742574257425743,0.23936654631701504,1.0,-0.0,0,0
138,0.2,0.30495049504950494,0.25731909443556855,1.0,-0.0,0,0
139,0.2,0.39207920792079215,0.2950694391564892,1.0,-0.0,0,0
140,0.2,0.299009900990099,0.251134080989904,1.0,-0.0,0,0
141,0.0,0.20990099009900992,0.19574936009912708,1.0,-0.0,0,0
142,0.0,0.19603960396039605,0.18450940681657274,1.0,-0.0,0,0
143,0.0,0.1425742574257426,0.1719696811025362,1.0,-0.0,0,0
144,0.0,0.0059405940594059415,0.03395332316729158,1.0,-0.0,0,0
145,0.0,0.03762376237623763,0.08771182015980238,1.0,-0.0,0,0
146,0.2,0.09504950495049505,0.13957235791450376,0.22604258799392601,0.6458097290460244,0,0
147,0.2,0.13267326732673265,0.176382185676383,0.35133847521856587,0.45427428783921947,0,0
148,0.2,0.21980198019801975,0.21155707606157345,1.0,-0.0,0,0
149,0.2,0.2831683168316832,0.2552689542348949,1.0,-0.0,0,0
150,0.2,0.25148514851485143,0.24479284488756256,1.0,-0.0,0,0
151,0.2,0.3089108910891089,0.24458451733298234,1.0,-0.0,0,0
152,0.2,0.299009900990099,0.24955209361318298,1.0,-0.0,0,0
153,0.2,0.22376237623762374,0.20736370442096458,1.0,-0.0,0,0
154,0.2,0.15445544554455443,0.15891011998209012,0.3872071047934222,0.4120566824993107,0,0
155,0.2,0.15445544554455443,0.15891011998209012,0.3872071047934222,0.4120566824993107,0,0
156,0.0,0.03762376237623763,0.09631989312487373,1.0,-0.0,0,0
157,0.0,0.009900990099009901,0.04338396495090424,1.0,-0.0,0,0
158,0.0,0.0,0.0,1.0,-0.0,0,0
159,0.0,0.0059405940594059415,0.03395332316729158,1.0,-0.0,0,0
160,0.0,0.0059405940594059415,0.03395332316729158,1.0,-0.0,0,0
161,0.0,0.0059405940594059415,0.03395332316729158,1.0,-0.0,0,0
162,0.0,0.0059405940594059415,0.03395332316729158,1.0,-0.0,0,0
163,0.0,0.0059405940594059415,0.03395332316729158,1.0,-0.0,0,0
164,0.0,0.0,0.0,1.0,-0.0,0,0
165,0.0,0.04554455445544555,0.09283729243351323,1.0,-0.0,0,0
166,0.0,0.04554455445544555,0.09283729243351323,1.0,-0.0,0,0
167,0.0,0.04554455445544555,0.09283729243351323,1.0,-0.0,0,0
168,0.0,0.04554455445544555,0.09283729243351323,1.0,-0.0,0,0
169,0.0,0.04554455445544555,0.09283729243351323,1.0,-0.0,0,0
170,0.0,0.0,0.0,1.0,-0.0,0,0
171,0.0,0.0,0.0,1.0,-0.0,0,0
172,0.0,0.0,0.0,1.0,-0.0,0,0
173,0.0,0.0,0.0,1.0,-0.0,0,0
174,0.0,0.0,0.0,1.0,-0.0,0,0
175,0.0,0.0,0.0,1.0,-0.0,0,0
176,0.0,0.0,0.0,1.0,-0.0,0,0
177,0.0,0.0,0.0,1.0,-0.0,0,0
178,0.0,0.0,0.0,1.0,-0.0,0,0
179,0.0,0.019801980198019802,0.059735061897023205,1.0,-0.0,0,0
180,0.0,0.04554455445544554,0.10100951085035129,1.0,-0.0,0,0
181,0.0,0.08910891089108909,0.12420120222231065,1.0,-0.0,0,0
182,0.0,0.17425742574257425,0.17724708119287327,1.0,-0.0,0,0
183,0.0,0.17425742574257425,0.17724708119287327,1.0,-0.0,0,0
184,0.0,0.15445544554455443,0.17549068547409524,1.0,-0.0,0,0
185,0.0,0.3148514851485148,0.26000233761853225,1.0,-0.0,0,0
186,0.0,0.2712871287128713,0.22617641133029492,1.0,-0.0,0,0
187,0.0,0.27326732673267323,0.2316069943320942,1.0,-0.0,0,0
188,0.0,0.297029702970297,0.2381676942888814,1.0,-0.0,0,0
189,0.0,0.297029702970297,0.2381676942888814,1.0,-0.0,0,0
190,0.0,0.10891089108910887,0.15292463030738873,1.0,-0.0,0,0
191,0.0,0.11485148514851483,0.16493991622145585,1.0,-0.0,0,0
192,0.0,0.06534653465346535,0.10939585993610405,1.0,-0.0,0,0
193,0.0,0.041584158415841586,0.09039772047931348,1.0,-0.0,0,0
194,0.0,0.24752475247524752,0.20128009124076138,1.0,-0.0,0,0
195,0.0,0.4712871287128713,0.2633886687472128,1.0,-0.0,0,0
196,0.0,0.46534653465346537,0.26567144287126215,1.0,-0.0,0,0
197,0.0,0.42970297029702964,0.2569988844817049,1.0,-0.0,0,0
198,0.0,0.42970297029702964,0.2569988844817049,1.0,-0.0,0,0
199,0.0,0.22376237623762374,0.18301572450512466,1.0,-0.0,0,0
200,0.0,0.2336633663366336,0.23219879999125886,1.0,-0.0,0,0
201,0.0,0.2336633663366336,0.23219879999125886,1.0,-0.0,0,0
202,0.0,0.25940594059405936,0.24135681560701136,1.0,-0.0,0,0
203,0.0,0.25940594059405936,0.24135681560701136,1.0,-0.0,0,0
204,0.0,0.25940594059405936,0.24135681560701136,1.0,-0.0,0,0
205,0.0,0.025742574257425748,0.07264925278354116,1.0,-0.0,0,0
206,0.0,0.025742574257425748,0.07264925278354116,1.0,-0.0,0,0
207,0.0,0.05544554455445545,0.09384550979067556,1.0,-0.0,0,0
208,0.0,0.05544554455445545,0.09384550979067556,1.0,-0.0,0,0
209,0.0,0.05544554455445545,0.09384550979067556,1.0,-0.0,0,0
210,0.0,0.05544554455445545,0.09384550979067556,1.0,-0.0,0,0
211,0.0,0.05544554455445545,0.09384550979067556,1.0,-0.0,0,0
212,0.0,0.021782178217821784,0.06230547612891991,1.0,-0.0,0,0
213,0.0,0.021782178217821784,0.06230547612891991,1.0,-0.0,0,0
214,0.0,0.021782178217821784,0.06230547612891991,1.0,-0.0,0,0
215,0.0,0.0297029702970297,0.07648795214189293,1.0,-0.0,0,0
216,0.0,0.0297029702970297,0.07648795214189293,1.0,-0.0,0,0
217,0.0,0.019801980198019802,0.06603299802191315,1.0,-0.0,0,0
218,0.0,0.019801980198019802,0.06603299802191315,1.0,-0.0,0,0
219,0.0,0.07128712871287128,0.11801714396634724,1.0,-0.0,0,0
220,0.0,0.06336633663366337,0.10874875419996817,1.0,-0.0,0,0
221,0.0,0.06336633663366337,0.10874875419996817,1.0,-0.0,0,0
222,0.0,0.07524752475247526,0.1189108498693262,1.0,-0.0,0,0
223,0.0,0.07524752475247526,0.1189108498693262,1.0,-0.0,0,0
224,0.0,0.023762376237623766,0.07056843438101175,1.0,-0.0,0,0
225,0.0,0.049504950495049514,0.09912864166957489,1.0,-0.0,0,0
226,0.0,0.049504950495049514,0.09912864166957489,1.0,-0.0,0,0
227,0.0,0.025742574257425748,0.0669763743575753,1.0,-0.0,0,0
228,0.0,0.1386138613861386,0.15604664003838054,1.0,-0.0,0,0
229,0.0,0.1386138613861386,0.15604664003838054,1.0,-0.0,0,0
230,0.0,0.11089108910891088,0.14752142995793407,1.0,-0.0,0,0
231,0.0,0.12079207920792079,0.16429678029854689,1.0,-0.0,0,0
232,0.0,0.12079207920792079,0.16429678029854689,1.0,-0.0,0,0
233,0.0,0.009900990099009901,0.04338396495090425,1.0,-0.0,0,0
234,0.0,0.031683168316831684,0.0730260947112308,1.0,-0.0,0,0
235,0.0,0.031683168316831684,0.0730260947112308,1.0,-0.0,0,0
236,0.0,0.021782178217821784,0.06230547612891991,1.0,-0.0,0,0
237,0.0,0.021782178217821784,0.06230547612891991,1.0,-0.0,0,0
238,0.0,0.021782178217821784,0.06230547612891991,1.0,-0.0,0,0
239,0.0,0.0,0.0,1.0,-0.0,0,0
240,0.0,0.0,0.0,1.0,-0.0,0,0
241,0.0,0.0,0.0,1.0,-0.0,0,0
242,0.0,0.0,0.0,1.0,-0.0,0,0
243,0.0,0.007920792079207921,0.03900537743285587,1.0,-0.0,0,0
244,0.0,0.007920792079207921,0.03900537743285587,1.0,-0.0,0,0
245,0.0,0.007920792079207921,0.03900537743285587,1.0,-0.0,0,0
246,0.0,0.007920792079207921,0.03900537743285587,1.0,-0.0,0,0
247,0.0,0.007920792079207921,0.03900537743285587,1.0,-0.0,0,0
248,0.0,0.1089108910891089,0.12113245340338315,1.0,-0.0,0,0
249,0.0,0.1782178217821782,0.15895946329021368,1.0,-0.0,0,0
250,0.0,0.1782178217821782,0.15895946329021368,1.0,-0.0,0,0
251,0.0,0.2079207920792079,0.17782134115361303,1.0,-0.0,0,0
252,0.0,0.2079207920792079,0.17782134115361303,1.0,-0.0,0,0
253,0.0,0.11485148514851483,0.13886822488939993,1.0,-0.0,0,0
254,0.0,0.10297029702970295,0.13383560593042218,1.0,-0.0,0,0
255,0.0,0.12673267326732673,0.15599637537608815,1.0,-0.0,0,0
256,0.0,0.09702970297029702,0.14243667729389659,1.0,-0.0,0,0
257,0.0,0.09702970297029702,0.14243667729389659,1.0,-0.0,0,0
258,0.0,0.07920792079207921,0.13520562388207177,1.0,-0.0,0,0
259,0.0,0.023762376237623766,0.07056843438101175,1.0,-0.0,0,0
260,0.0,0.039603960396039604,0.08452453849668534,1.0,-0.0,0,0
261,0.0,0.10891089108910891,0.13057300215314485,1.0,-0.0,0,0
262,0.0,0.10891089108910891,0.13057300215314485,1.0,-0.0,0,0
263,0.0,0.10891089108910891,0.13057300215314485,1.0,-0.0,0,0
264,0.0,0.1841584158415841,0.18387074305594647,1.0,-0.0,0,0
265,0.0,0.14455445544554454,0.16678393417224213,1.0,-0.0,0,0
266,0.0,0.07326732673267328,0.11848138852793338,1.0,-0.0,0,0
267,0.0,0.14257425742574256,0.16730036701294593,1.0,-0.0,0,0
268,0.0,0.29504950495049503,0.2542222609161115,1.0,-0.0,0,0
269,0.0,0.22772277227722768,0.23885817983791718,1.0,-0.0,0,0
270,0.0,0.22772277227722768,0.23885817983791718,1.0,-0.0,0,0
271,0.0,0.22772277227722768,0.23885817983791718,1.0,-0.0,0,0
272,0.0,0.31287128712871287,0.26612859481376894,1.0,-0.0,0,0
273,0.0,0.1603960396039604,0.17804171717219025,1.0,-0.0,0,0
274,0.0,0.15445544554455443,0.17549068547409524,1.0,-0.0,0,0
275,0.0,0.15445544554455443,0.17549068547409524,1.0,-0.0,0,0
276,0.0,0.15445544554455443,0.17549068547409524,1.0,-0.0,0,0
277,0.0,0.10099009900990098,0.12467387119760154,1.0,-0.0,0,0
278,0.0,0.10099009900990098,0.12467387119760154,1.0,-0.0,0,0
279,0.0,0.10099009900990098,0.12467387119760154,1.0,-0.0,0,0
280,0.0,0.10099009900990098,0.12467387119760154,1.0,-0.0,0,0
281,0.0,0.12475247524752472,0.1345369326848557,1.0,-0.0,0,0
282,0.0,0.033663366336633666,0.07994704648786674,1.0,-0.0,0,0
283,0.0,0.033663366336633666,0.07994704648786674,1.0,-0.0,0,0
284,0.0,0.033663366336633666,0.07994704648786674,1.0,-0.0,0,0
285,0.8,0.09108910891089109,0.1243589581632284,5.972080004958898e-09,8.223874382882807,0,0
286,1.6,0.3267326732673268,0.19845496738800078,6.999643590128189e-11,10.1549240729545,0,0
287,1.6,0.3148514851485148,0.20166933950849922,9.295369998700058e-11,10.031733318619825,0,0
288,1.6,0.3148514851485148,0.20166933950849922,9.295369998700058e-11,10.031733318619825,0,0
289,1.6,0.3148514851485148,0.20166933950849922,9.295369998700058e-11,10.031733318619825,0,0
290,0.8,0.2554455445544554,0.18693740548445065,0.0017896953833708511,2.747220882192758,0,0
291,0.0,0.0,0.0,1.0,-0.0,0,0
292,0.0,0.0,0.0,1.0,-0.0,0,0
293,0.0,0.017821782178217824,0.05698017651460656,1.0,-0.0,0,0
294,0.0,0.017821782178217824,0.05698017651460656,1.0,-0.0,0,0
295,0.0,0.017821782178217824,0.05698017651460656,1.0,-0.0,0,0
296,0.0,0.017821782178217824,0.05698017651460656,1.0,-0.0,0,0
297,0.0,0.017821782178217824,0.05698017651460656,1.0,-0.0,0,0
298,0.0,0.09504950495049505,0.12457948087149175,1.0,-0.0,0,0
299,0.2,0.11683168316831682,0.14146987009498416,0.27830402559675094,0.555480511661606,0,0
300,0.4,0.22772277227722768,0.19706701472672836,0.19100295521837973,0.7189599132490978,0,0
301,0.4,0.22772277227722768,0.19706701472672836,0.19100295521837973,0.7189599132490978,0,0
302,0.4,0.22772277227722768,0.19706701472672836,0.19100295521837973,0.7189599132490978,0,0
303,0.4,0.1386138613861386,0.15604664003838054,0.046962076292875944,1.328252710256928,0,0
304,0.2,0.11485148514851483,0.14169143619800648,0.2739388863041897,0.5623463141913831,0,0
305,0.0,0.0059405940594059415,0.03395332316729157,1.0,-0.0,0,0
306,0.0,0.0059405940594059415,0.03395332316729157,1.0,-0.0,0,0
307,0.0,0.19603960396039602,0.1823503276549915,1.0,-0.0,0,0
308,0.0,0.19009900990099005,0.17883282225545563,1.0,-0.0,0,0
309,0.0,0.19009900990099005,0.17883282225545563,1.0,-0.0,0,0
310,0.0,0.22574257425742572,0.19225265211912826,1.0,-0.0,0,0
311,0.0,0.2396039603960396,0.1990468415545198,1.0,-0.0,0,0
312,0.0,0.07722772277227724,0.11593886073904514,1.0,-0.0,0,0
313,0.0,0.07722772277227724,0.11593886073904514,1.0,-0.0,0,0
314,0.0,0.07722772277227724,0.11593886073904514,1.0,-0.0,0,0
315,0.0,0.04158415841584159,0.09467748980500532,1.0,-0.0,0,0
316,0.0,0.02772277227722772,0.07975061610139514,1.0,-0.0,0,0
317,0.0,0.0,0.0,1.0,-0.0,0,0
318,0.0,0.0,0.0,1.0,-0.0,0,0
319,0.0,0.0,0.0,1.0,-0.0,0,0
320,0.0,0.0,0.0,1.0,-0.0,0,0
321,0.0,0.0,0.0,1.0,-0.0,0,0
322,0.0,0.007920792079207921,0.03900537743285587,1.0,-0.0,0,0
323,0.0,0.007920792079207921,0.03900537743285587,1.0,-0.0,0,0
324,0.0,0.039603960396039604,0.08908690597387718,1.0,-0.0,0,0
325,0.0,0.039603960396039604,0.08908690597387718,1.0,-0.0,0,0
326,0.0,0.057425742574257435,0.11718356139020587,1.0,-0.0,0,0
327,0.0,0.10297029702970298,0.1367627457412436,1.0,-0.0,0,0
328,0.0,0.10891089108910891,0.14218869759220787,1.0,-0.0,0,0
329,0.0,0.07722772277227723,0.11593886073904515,1.0,-0.0,0,0
330,0.0,0.07722772277227723,0.11593886073904515,1.0,-0.0,0,0
331,0.0,0.07326732673267328,0.11509022642946842,1.0,-0.0,0,0
332,0.0,0.019801980198019802,0.06603299802191315,1.0,-0.0,0,0
333,0.0,0.023762376237623766,0.06471340450838889,1.0,-0.0,0,0
334,0.0,0.12277227722772276,0.166430902094659,1.0,-0.0,0,0
335,0.0,0.12277227722772276,0.166430902094659,1.0,-0.0,0,0
336,0.0,0.1089108910891089,0.1529246303073887,1.0,-0.0,0,0
337,0.0,0.1089108910891089,0.1529246303073887,1.0,-0.0,0,0
338,0.0,0.09900990099009899,0.14246420394934614,1.0,-0.0,0,0
339,0.0,0.0,0.0,1.0,-0.0,0,0
340,0.0,0.0,0.0,1.0,-0.0,0,0
341,0.0,0.0,0.0,1.0,-0.0,0,0
342,0.0,0.0891089108910891,0.12420120222231065,1.0,-0.0,0,0
343,0.0,0.10891089108910891,0.14494724878689189,1.0,-0.0,0,0
344,0.0,0.10891089108910891,0.14494724878689189,1.0,-0.0,0,0
345,0.0,0.14158415841584157,0.1719240718506791,1.0,-0.0,0,0
346,0.0,0.14653465346534653,0.1709405295438197,1.0,-0.0,0,0
347,0.0,0.0712871287128713,0.10372911567294096,1.0,-0.0,0,0
348,0.2,0.1188118811881188,0.157148395081398,0.3027060274312931,0.518978931358957,0,0
349,0.2,0.13267326732673265,0.17183281702904266,0.34759733196623,0.458923565700905,0,0
350,0.2,0.10099009900990098,0.1607501286542765,0.26897226083633574,0.5702925065659699,0,0
351,0.2,0.09702970297029703,0.15824247939807565,0.2576161734857523,0.5890268748715385,0,0
352,0.2,0.08118811881188118,0.14122019271030048,0.20008333597838118,0.6987890802493413,0,0
353,0.0,0.05742574257425742,0.11021718851545145,1.0,-0.0,0,0
354,0.0,0.06336633663366337,0.10874875419996817,1.0,-0.0,0,0
355,0.0,0.06336633663366337,0.10874875419996817,1.0,-0.0,0,0
356,0.0,0.06336633663366337,0.10874875419996817,1.0,-0.0,0,0
357,0.0,0.06336633663366337,0.10874875419996817,1.0,-0.0,0,0
358,0.0,0.019801980198019802,0.059735061897023205,1.0,-0.0,0,0
359,0.0,0.0,0.0,1.0,-0.0,0,0
360,0.0,0.0059405940594059415,0.03395332316729158,1.0,-0.0,0,0
361,0.0,0.0059405940594059415,0.03395332316729158,1.0,-0.0,0,0
362,0.0,0.0059405940594059415,0.03395332316729158,1.0,-0.0,0,0
363,0.0,0.0059405940594059415,0.03395332316729158,1.0,-0.0,0,0
364,0.0,0.0059405940594059415,0.03395332316729158,1.0,-0.0,0,0
365,0.0,0.0,0.0,1.0,-0.0,0,0
366,0.0,0.0,0.0,1.0,-0.0,0,0
367,0.0,0.0,0.0,1.0,-0.0,0,0
368,0.0,0.0,0.0,1.0,-0.0,0,0
369,0.0,0.05544554455445545,0.08952597667688965,1.0,-0.0,0,0
370,0.0,0.05544554455445545,0.08952597667688965,1.0,-0.0,0,0
371,1.0,0.2237623762376237,0.17863537443713126,6.951908289130861e-06,5.157895965815304,0,0
372,1.0,0.2237623762376237,0.17863537443713126,6.951908289130861e-06,5.157895965815304,0,0
373,1.0,0.2237623762376237,0.17863537443713126,6.951908289130861e-06,5.157895965815304,0,0
374,1.0,0.16831683168316827,0.1534621526336441,2.988838620725062e-08,7.52449753361267,0,0
375,1.0,0.16831683168316827,0.1534621526336441,2.988838620725062e-08,7.52449753361267,0,0
376,0.0,0.0,0.0,1.0,-0.0,0,0
377,0.0,0.0,0.0,1.0,-0.0,0,0
378,0.0,0.0,0.0,1.0,-0.0,0,0
379,0.0,0.0,0.0,1.0,-0.0,0,0
380,0.0,0.0,0.0,1.0,-0.0,0,0
381,0.0,0.0,0.0,1.0,-0.0,0,0
382,0.0,0.023762376237623766,0.07056843438101174,1.0,-0.0,0,0
383,0.0,0.051485148514851496,0.10399339410297728,1.0,-0.0,0,0
384,0.0,0.051485148514851496,0.10399339410297728,1.0,-0.0,0,0
385,0.0,0.051485148514851496,0.10399339410297728,1.0,-0.0,0,0
386,0.0,0.051485148514851496,0.10399339410297728,1.0,-0.0,0,0
387,0.0,0.02772277227722772,0.07975061610139514,1.0,-0.0,0,0
388,0.0,0.0,0.0,1.0,-0.0,0,0
389,0.0,0.0,0.0,1.0,-0.0,0,0
390,0.0,0.0,0.0,1.0,-0.0,0,0
391,0.0,0.0,0.0,1.0,-0.0,0,0
392,0.0,0.0,0.0,1.0,-0.0,0,0
393,0.0,0.0,0.0,1.0,-0.0,0,0
394,0.0,0.0059405940594059415,0.03395332316729157,1.0,-0.0,0,0
395,0.0,0.0059405940594059415,0.03395332316729157,1.0,-0.0,0,0
396,0.0,0.04356435643564357,0.09587103712404123,1.0,-0.0,0,0
397,0.0,0.04356435643564357,0.09587103712404123,1.0,-0.0,0,0
398,0.0,0.04356435643564357,0.09587103712404123,1.0,-0.0,0,0
399,0.0,0.03762376237623762,0.09211646217515253,1.0,-0.0,0,0
400,0.8,0.3108910891089109,0.23289014539388764,0.017856941997804795,1.748192912031395,0,0
401,0.8,0.27326732673267323,0.21382471266048456,0.006881594467190482,2.162310923963084,0,0
402,0.8,0.27326732673267323,0.21382471266048456,0.006881594467190482,2.162310923963084,0,0
403,0.8,0.27326732673267323,0.21382471266048456,0.006881594467190482,2.162310923963084,0,0
404,1.0,0.4356435643564356,0.2777505677836268,0.021082791304059757,1.676071890248022,0,0
405,0.4,0.19999999999999998,0.19088122894710324,0.14737184139193915,0.831585489993558,0,0
406,0.4,0.19999999999999998,0.19088122894710324,0.14737184139193915,0.831585489993558,0,0
407,0.4,0.19999999999999998,0.19088122894710324,0.14737184139193915,0.831585489993558,0,0
408,0.4,0.19999999999999998,0.19088122894710324,0.14737184139193915,0.831585489993558,0,0
409,0.2,0.03762376237623763,0.07816140339006157,0.018880122929825723,1.7239951823064261,0,0
410,0.0,0.0,0.0,1.0,-0.0,0,0
411,0.0,0.0,0.0,1.0,-0.0,0,0
412,0.0,0.0,0.0,1.0,-0.0,0,0
413,0.0,0.0,0.0,1.0,-0.0,0,0
414,0.0,0.0,0.0,1.0,-0.0,0,0
415,0.0,0.0,0.0,1.0,-0.0,0,0
416,0.4,0.24158415841584158,0.2291902779600837,0.24472058792262408,0.6113294926626197,0,0
417,0.4,0.24158415841584158,0.2291902779600837,0.24472058792262408,0.6113294926626197,0,0
418,0.4,0.24158415841584158,0.2291902779600837,0.24472058792262408,0.6113294926626197,0,0
419,0.4,0.24158415841584158,0.2291902779600837,0.24472058792262408,0.6113294926626197,0,0
420,0.4,0.4712871287128714,0.32770931144022597,1.0,-0.0,0,0
421,0.0,0.22970297029702974,0.21688366843711793,1.0,-0.0,0,0
422,0.0,0.22970297029702974,0.21688366843711793,1.0,-0.0,0,0
423,0.0,0.2396039603960396,0.2162136859778244,1.0,-0.0,0,0
424,0.0,0.25346534653465347,0.22141057978050935,1.0,-0.0,0,0
425,0.0,0.023762376237623766,0.06471340450838887,1.0,-0.0,0,0
426,0.0,0.023762376237623766,0.06471340450838887,1.0,-0.0,0,0
427,0.0,0.023762376237623766,0.06471340450838887,1.0,-0.0,0,0
428,0.0,0.01386138613861386,0.05079507064705211,1.0,-0.0,0,0
429,0.0,0.0,0.0,1.0,-0.0,0,0
430,0.0,0.0,0.0,1.0,-0.0,0,0
431,0.0,0.0,0.0,1.0,-0.0,0,0
432,0.0,0.0,0.0,1.0,-0.0,0,0
433,0.0,0.0,0.0,1.0,-0.0,0,0
434,0.0,0.0,0.0,1.0,-0.0,0,0
435,0.0,0.0,0.0,1.0,-0.0,0,0
436,0.0,0.057425742574257435,0.10277971700879983,1.0,-0.0,0,0
437,0.0,0.2851485148514852,0.23938292726117907,1.0,-0.0,0,0
438,0.0,0.2851485148514852,0.23938292726117907,1.0,-0.0,0,0
439,0.0,0.2851485148514852,0.23938292726117907,1.0,-0.0,0,0
440,0.0,0.2851485148514852,0.23938292726117907,1.0,-0.0,0,0
441,0.0,0.22772277227722773,0.2030065169325038,1.0,-0.0,0,0
442,0.0,0.0019801980198019802,0.0198019801980198,1.0,-0.0,0,0
443,0.0,0.007920792079207921,0.03900537743285587,1.0,-0.0,0,0
444,0.0,0.007920792079207921,0.03900537743285587,1.0,-0.0,0,0
445,0.0,0.019801980198019802,0.0597350618970232,1.0,-0.0,0,0
446,0.6,0.1881188118811881,0.186307065130124,0.013526048195694437,1.8688290694401117,0,0
447,0.6,0.2158415841584158,0.19636935962484228,0.02521460105702838,1.598347898815647,0,0
448,0.6,0.2099009900990099,0.19975477565019392,0.025416343308929997,1.5948869319483419,0,0
449,0.6,0.2099009900990099,0.19975477565019392,0.025416343308929997,1.5948869319483419,0,0
450,0.6,0.19801980198019803,0.19598959258073068,0.020132096139906262,1.6961110043164696,0,0
451,0.0,0.04950495049504951,0.09912864166957489,1.0,-0.0,0,0
452,0.0,0.019801980198019802,0.059735061897023205,1.0,-0.0,0,0
453,0.0,0.019801980198019802,0.059735061897023205,1.0,-0.0,0,0
454,0.0,0.019801980198019802,0.059735061897023205,1.0,-0.0,0,0
455,0.0,0.05544554455445545,0.09797478714338997,1.0,-0.0,0,0
456,0.0,0.03564356435643565,0.08626938974571075,1.0,-0.0,0,0
457,0.0,0.03564356435643565,0.08626938974571075,1.0,-0.0,0,0
458,0.0,0.03564356435643565,0.08626938974571075,1.0,-0.0,0,0
459,0.0,0.03564356435643565,0.08626938974571075,1.0,-0.0,0,0
460,0.0,0.0,0.0,1.0,-0.0,0,0
461,0.0,0.0,0.0,1.0,-0.0,0,0
462,0.0,0.011881188118811881,0.047276579747775535,1.0,-0.0,0,0
463,0.0,0.011881188118811881,0.047276579747775535,1.0,-0.0,0,0
464,0.0,0.011881188118811881,0.047276579747775535,1.0,-0.0,0,0
465,0.0,0.011881188118811881,0.047276579747775535,1.0,-0.0,0,0
466,0.0,0.011881188118811881,0.047276579747775535,1.0,-0.0,0,0
467,0.0,0.007920792079207921,0.03900537743285587,1.0,-0.0,0,0
468,0.0,0.007920792079207921,0.03900537743285587,1.0,-0.0,0,0
469,0.0,0.007920792079207921,0.03900537743285587,1.0,-0.0,0,0
470,0.0,0.023762376237623766,0.06471340450838887,1.0,-0.0,0,0
471,0.0,0.05148514851485149,0.09607532254026299,1.0,-0.0,0,0
472,0.0,0.04356435643564357,0.0916470215081674,1.0,-0.0,0,0
473,0.0,0.0613861386138614,0.11515834731523733,1.0,-0.0,0,0
474,0.0,0.0613861386138614,0.11515834731523733,1.0,-0.0,0,0
475,0.0,0.05544554455445545,0.10575073206193022,1.0,-0.0,0,0
476,0.0,0.027722772277227727,0.07461957893630407,1.0,-0.0,0,0
477,0.0,0.027722772277227727,0.07461957893630407,1.0,-0.0,0,0
478,0.0,0.0594059405940594,0.1109617879296784,1.0,-0.0,0,0
479,0.0,0.11485148514851484,0.1550382505430763,1.0,-0.0,0,0
480,0.0,0.10495049504950495,0.15310401409962543,1.0,-0.0,0,0
481,0.0,0.10495049504950495,0.15310401409962543,1.0,-0.0,0,0
482,0.0,0.13465346534653463,0.16911864928947465,1.0,-0.0,0,0
483,0.0,0.20792079207920788,0.21419116487904888,1.0,-0.0,0,0
484,0.0,0.15247524752475247,0.16685445095398732,1.0,-0.0,0,0
485,0.0,0.16633663366336632,0.1736488021258911,1.0,-0.0,0,0
486,0.0,0.1762376237623762,0.17640441545600072,1.0,-0.0,0,0
487,0.0,0.1465346534653465,0.1564231101634178,1.0,-0.0,0,0
488,0.0,0.049504950495049514,0.09078727434730813,1.0,-0.0,0,0
489,0.0,0.049504950495049514,0.09078727434730813,1.0,-0.0,0,0
490,0.0,0.13861386138613857,0.15348770198080078,1.0,-0.0,0,0
491,0.0,0.1287128712871287,0.14510947295494067,1.0,-0.0,0,0
492,0.0,0.1287128712871287,0.14510947295494067,1.0,-0.0,0,0
493,0.0,0.10099009900990098,0.12467387119760154,1.0,-0.0,0,0
494,0.0,0.10099009900990098,0.12467387119760154,1.0,-0.0,0,0
495,0.0,0.0,0.0,1.0,-0.0,0,0
496,0.0,0.0,0.0,1.0,-0.0,0,0
497,0.0,0.0,0.0,1.0,-0.0,0,0
498,0.0,0.05148514851485149,0.10011267057239237,1.0,-0.0,0,0
499,0.0,0.05148514851485149,0.10011267057239237,1.0,-0.0,0,0
500,0.0,0.09900990099009899,0.13386490123687583,1.0,-0.0,0,0
501,0.0,0.11287128712871286,0.1390657415135005,1.0,-0.0,0,0
502,0.0,0.16633663366336635,0.1781518029535443,1.0,-0.0,0,0
503,0.0,0.11287128712871286,0.14188502271424044,1.0,-0.0,0,0
504,0.0,0.24158415841584158,0.22394630134846621,1.0,-0.0,0,0
505,0.0,0.20396039603960395,0.20677667298545127,1.0,-0.0,0,0
506,0.0,0.22178217821782176,0.21415454787478447,1.0,-0.0,0,0
507,0.0,0.17029702970297025,0.20370069017874276,1.0,-0.0,0,0
508,0.0,0.19207920792079206,0.21419116487904888,1.0,-0.0,0,0
509,0.0,0.06336633663366338,0.10120342446875752,1.0,-0.0,0,0
510,0.0,0.05346534653465348,0.09704990696905226,1.0,-0.0,0,0
511,0.0,0.021782178217821784,0.06230547612891991,1.0,-0.0,0,0
512,0.0,0.09900990099009901,0.13386490123687583,1.0,-0.0,0,0
513,0.0,0.07722772277227723,0.11593886073904514,1.0,-0.0,0,0
514,0.0,0.07722772277227723,0.11593886073904514,1.0,-0.0,0,0
515,0.0,0.07722772277227723,0.11593886073904514,1.0,-0.0,0,0
516,0.0,0.07722772277227723,0.11593886073904514,1.0,-0.0,0,0
517,0.0,0.0019801980198019802,0.019801980198019802,1.0,-0.0,0,0
518,0.0,0.0019801980198019802,0.019801980198019802,1.0,-0.0,0,0
519,0.0,0.0019801980198019802,0.019801980198019802,1.0,-0.0,0,0
520,0.0,0.0019801980198019802,0.019801980198019802,1.0,-0.0,0,0
521,0.0,0.04356435643564357,0.08721867542790195,1.0,-0.0,0,0
522,0.0,0.041584158415841586,0.08590499787518362,1.0,-0.0,0,0
523,0.0,0.041584158415841586,0.08590499787518362,1.0,-0.0,0,0
524,0.0,0.041584158415841586,0.08590499787518362,1.0,-0.0,0,0
525,0.0,0.041584158415841586,0.08590499787518362,1.0,-0.0,0,0
526,0.0,0.033663366336633666,0.07482947971362848,1.0,-0.0,0,0
527,0.0,0.033663366336633666,0.07482947971362848,1.0,-0.0,0,0
528,0.8,0.19405940594059404,0.19991175388711227,0.0012185633513936147,2.9141518875334462,0,0
529,0.8,0.2237623762376237,0.2054449481084029,0.0025171763543269253,2.599086356550156,0,0
530,0.8,0.2653465346534653,0.21637684561818196,0.006737985547758814,2.1714699248680076,0,0
531,0.8,0.2851485148514851,0.21126030989610492,0.007403859775769207,2.1305418150928706,0,0
532,0.8,0.3168316831683168,0.21111177037350679,0.01104883407863146,1.9566835482170655,0,0
533,0.0,0.2158415841584158,0.2003623812378767,1.0,-0.0,0,0
534,0.0,0.1861386138613861,0.19347254159325522,1.0,-0.0,0,0
535,0.0,0.14455445544554454,0.17376167103746779,1.0,-0.0,0,0
536,0.0,0.0891089108910891,0.15018206119491914,1.0,-0.0,0,0
537,0.0,0.05940594059405942,0.11096178792967841,1.0,-0.0,0,0
538,0.0,0.0,0.0,1.0,-0.0,0,0
539,0.0,0.0,0.0,1.0,-0.0,0,0
540,0.0,0.0,0.0,1.0,-0.0,0,0
541,0.0,0.0,0.0,1.0,-0.0,0,0
542,0.0,0.06732673267326733,0.1135467024699521,1.0,-0.0,0,0
543,0.2,0.16435643564356434,0.17887666995067272,0.4210283736511437,0.3756886355066156,0,0
544,0.2,0.21584158415841584,0.21189044117854158,1.0,-0.0,0,0
545,0.6,0.3346534653465346,0.23226633891066023,0.12663900418029667,0.8974325131859919,0,0
546,0.6,0.3346534653465346,0.23226633891066023,0.12663900418029667,0.8974325131859919,0,0
547,0.6,0.29108910891089107,0.20397000842484103,0.06495058477375801,1.1874169344620389,0,0
548,0.4,0.2336633663366336,0.1971465895390676,0.19941278400288182,0.7002470032764232,0,0
549,0.4,0.19603960396039602,0.19084013945594866,0.142591170968976,0.8459073645133395,0,0
550,0.8,0.2475247524752475,0.23739262686171417,0.009975616772106474,2.001060243266114,0,0
551,0.8,0.2475247524752475,0.23739262686171417,0.009975616772106474,2.001060243266114,0,0
552,2.2,0.45742574257425744,0.29829433754693935,2.5820724081132127e-09,8.588031583137342,0,0
553,2.2,0.4198019801980198,0.27647706007651707,6.018574906927944e-11,10.220506329892531,0,0
554,2.2,0.40594059405940597,0.2631950608109708,4.665470715235107e-12,11.331104532257022,0,0
555,1.4,0.27326732673267334,0.20628303593038283,2.3530534126196925e-08,7.628368214539781,0,0
556,1.4,0.27326732673267334,0.20628303593038283,2.3530534126196925e-08,7.628368214539781,0,0
557,0.0,0.04356435643564357,0.09164702150816742,1.0,-0.0,0,0
558,0.0,0.04950495049504951,0.09504950495049506,1.0,-0.0,0,0
559,0.0,0.05346534653465347,0.09704990696905226,1.0,-0.0,0,0
560,0.0,0.03564356435643565,0.08626938974571076,1.0,-0.0,0,0
561,0.0,0.03564356435643565,0.08626938974571076,1.0,-0.0,0,0
562,0.0,0.02970297029702971,0.08150144802873932,1.0,-0.0,0,0
563,0.0,0.05148514851485149,0.08744317689433512,1.0,-0.0,0,0
564,0.0,0.04950495049504951,0.08631483056516186,1.0,-0.0,0,0
565,0.0,0.02970297029702971,0.07112192077650681,1.0,-0.0,0,0
