,foreground,bg_means,bg_stdev,pvals,minus_logs,regs,active
2,0.0,0.09504950495049502,0.12457948087149172,1.0,-0.0,0,0
3,0.0,0.07524752475247526,0.10845991237726066,1.0,-0.0,0,0
4,0.0,0.04356435643564357,0.08255312311158745,1.0,-0.0,0,0
5,0.0,0.04356435643564357,0.08255312311158745,1.0,-0.0,0,0
6,0.0,0.057425742574257435,0.09476028605152792,1.0,-0.0,0,0
7,0.0,0.013861386138613863,0.05079507064705211,1.0,-0.0,0,0
8,0.0,0.02970297029702971,0.07112192077650681,1.0,-0.0,0,0
9,0.0,0.057425742574257435,0.09048443294095733,1.0,-0.0,0,0
10,0.0,0.057425742574257435,0.09048443294095733,1.0,-0.0,0,0
11,0.0,0.04356435643564357,0.08255312311158745,1.0,-0.0,0,0
12,0.0,0.04356435643564357,0.08255312311158745,1.0,-0.0,0,0
13,0.0,0.07326732673267328,0.1115960618107356,1.0,-0.0,0,0
14,0.0,0.06732673267326733,0.09451167971312256,1.0,-0.0,0,0
15,0.0,0.12079207920792079,0.1292145592164392,1.0,-0.0,0,0
16,0.2,0.1801980198019802,0.17463954503246998,0.454861586643846,0.3421207380722695,0,0
17,0.2,0.1801980198019802,0.17463954503246998,0.454861586643846,0.3421207380722695,0,0
18,0.2,0.16633663366336632,0.17591471140208167,0.42412104966371267,0.37251017242136986,0,0
19,0.2,0.1425742574257426,0.17874509459638427,0.3740022457568677,0.4271257900003565,0,0
20,0.2,0.10099009900990098,0.14521752172118105,0.24768141725313636,0.6061065759218801,0,0
21,0.0,0.041584158415841586,0.08116396646304633,1.0,-0.0,0,0
22,0.0,0.06930693069306931,0.10693069306930696,1.0,-0.0,0,0
23,0.0,0.03762376237623762,0.08307396817189319,1.0,-0.0,0,0
24,0.0,0.03762376237623762,0.08307396817189319,1.0,-0.0,0,0
25,0.0,0.05148514851485149,0.08744317689433512,1.0,-0.0,0,0
26,0.0,0.05148514851485149,0.08744317689433512,1.0,-0.0,0,0
27,0.0,0.023762376237623766,0.06471340450838889,1.0,-0.0,0,0
28,0.0,0.023762376237623766,0.06471340450838889,1.0,-0.0,0,0
29,0.0,0.023762376237623766,0.06471340450838889,1.0,-0.0,0,0
30,0.0,0.0,0.0,1.0,-0.0,0,0
31,0.0,0.033663366336633666,0.07482947971362845,1.0,-0.0,0,0
32,0.0,0.033663366336633666,0.07482947971362845,1.0,-0.0,0,0
33,0.0,0.033663366336633666,0.07482947971362845,1.0,-0.0,0,0
34,0.0,0.033663366336633666,0.07482947971362845,1.0,-0.0,0,0
35,0.0,0.033663366336633666,0.07482947971362845,1.0,-0.0,0,0
36,0.4,0.3,0.09950371902099893,0.15745141950589464,0.8028534196206535,0,0
37,0.4,0.3,0.09950371902099893,0.15745141950589464,0.8028534196206535,0,0
38,0.4,0.3,0.09950371902099893,0.15745141950589464,0.8028534196206535,0,0
39,0.6,0.3168316831683168,0.11351216354824961,0.006304822738600093,2.200327119198755,0,0
40,0.6,0.3168316831683168,0.11351216354824961,0.006304822738600093,2.200327119198755,0,0
41,0.4,0.057425742574257435,0.09885135821266286,0.0002645747299198912,3.577451638532637,0,0
42,0.4,0.057425742574257435,0.09885135821266286,0.0002645747299198912,3.577451638532637,0,0
43,0.4,0.057425742574257435,0.09885135821266286,0.0002645747299198912,3.577451638532637,0,0
44,0.2,0.041584158415841586,0.08116396646304633,0.025480968483881664,1.5937840693032386,0,0
45,0.2,0.041584158415841586,0.08116396646304633,0.025480968483881664,1.5937840693032386,0,0
46,0.0,0.0,0.0,1.0,-0.0,0,0
47,0.0,0.0,0.0,1.0,-0.0,0,0
48,0.0,0.033663366336633666,0.07994704648786674,1.0,-0.0,0,0
49,0.0,0.07326732673267328,0.11509022642946842,1.0,-0.0,0,0
50,0.2,0.16237623762376235,0.1609695163002105,0.4075964363175496,0.38976962175685087,0,0
51,0.2,0.16237623762376235,0.1609695163002105,0.4075964363175496,0.38976962175685087,0,0
52,0.2,0.16237623762376235,0.1609695163002105,0.4075964363175496,0.38976962175685087,0,0
53,0.4,0.16831683168316827,0.16345931947317976,0.07818664521725646,1.106867420901216,0,0
54,0.4,0.1603960396039604,0.15925520208224236,0.06622269453182321,1.1789931522385215,0,0
55,0.2,0.0712871287128713,0.11461224656227945,0.1307125990009052,0.8836825500410105,0,0
56,0.2,0.0712871287128713,0.11461224656227945,0.1307125990009052,0.8836825500410105,0,0
57,0.2,0.0712871287128713,0.11461224656227945,0.1307125990009052,0.8836825500410105,0,0
58,0.0,0.031683168316831684,0.08316831683168317,1.0,-0.0,0,0
59,0.0,0.0,0.0,1.0,-0.0,0,0
60,0.0,0.0,0.0,1.0,-0.0,0,0
61,0.0,0.0,0.0,1.0,-0.0,0,0
62,0.0,0.0,0.0,1.0,-0.0,0,0
63,0.0,0.0,0.0,1.0,-0.0,0,0
64,0.0,0.0,0.0,1.0,-0.0,0,0
65,0.0,0.0,0.0,1.0,-0.0,0,0
66,0.0,0.0,0.0,1.0,-0.0,0,0
67,0.0,0.0,0.0,1.0,-0.0,0,0
68,0.0,0.0,0.0,1.0,-0.0,0,0
69,0.0,0.0,0.0,1.0,-0.0,0,0
70,0.0,0.0,0.0,1.0,-0.0,0,0
71,0.0,0.0,0.0,1.0,-0.0,0,0
72,0.0,0.0,0.0,1.0,-0.0,0,0
73,0.0,0.023762376237623766,0.06471340450838887,1.0,-0.0,0,0
74,0.0,0.023762376237623766,0.06471340450838887,1.0,-0.0,0,0
75,0.0,0.023762376237623766,0.06471340450838887,1.0,-0.0,0,0
76,0.0,0.023762376237623766,0.06471340450838887,1.0,-0.0,0,0
77,0.0,0.023762376237623766,0.06471340450838887,1.0,-0.0,0,0
78,0.0,0.027722772277227727,0.06910862719451544,1.0,-0.0,0,0
79,0.0,0.027722772277227727,0.06910862719451544,1.0,-0.0,0,0
80,0.0,0.027722772277227727,0.06910862719451544,1.0,-0.0,0,0
81,0.0,0.05346534653465347,0.10104832334394513,1.0,-0.0,0,0
82,0.0,0.07920792079207921,0.12293186689242579,1.0,-0.0,0,0
83,0.0,0.05148514851485149,0.09607532254026299,1.0,-0.0,0,0
84,0.0,0.05148514851485149,0.09607532254026299,1.0,-0.0,0,0
85,0.0,0.08910891089108909,0.12420120222231065,1.0,-0.0,0,0
86,0.0,0.06336633663366337,0.09721138779115705,1.0,-0.0,0,0
87,0.0,0.03762376237623763,0.07816140339006158,1.0,-0.0,0,0
88,0.0,0.03762376237623763,0.07816140339006158,1.0,-0.0,0,0
89,0.0,0.03762376237623763,0.07816140339006158,1.0,-0.0,0,0
90,0.0,0.0,0.0,1.0,-0.0,0,0
91,0.0,0.0,0.0,1.0,-0.0,0,0
92,0.0,0.0,0.0,1.0,-0.0,0,0
93,0.0,0.0,0.0,1.0,-0.0,0,0
94,0.0,0.0,0.0,1.0,-0.0,0,0
95,0.0,0.019801980198019802,0.0597350618970232,1.0,-0.0,0,0
96,0.2,0.13465346534653463,0.14921288105967925,0.33071429276543235,0.480547035400709,0,0
97,0.2,0.15049504950495046,0.16266576457752754,0.38043618913126476,0.41971817734855865,0,0
98,0.2,0.15049504950495046,0.16266576457752754,0.38043618913126476,0.41971817734855865,0,0
99,0.2,0.15049504950495046,0.16266576457752754,0.38043618913126476,0.41971817734855865,0,0
100,0.2,0.1287128712871287,0.15307840071356585,0.3207185927345454,0.4938758623729076,0,0
101,0.0,0.015841584158415842,0.054012600780142014,1.0,-0.0,0,0
102,0.0,0.0,0.0,1.0,-0.0,0,0
103,0.0,0.0,0.0,1.0,-0.0,0,0
104,0.0,0.0,0.0,1.0,-0.0,0,0
105,0.0,0.0,0.0,1.0,-0.0,0,0
106,0.0,0.041584158415841586,0.0987719913927915,1.0,-0.0,0,0
107,0.0,0.041584158415841586,0.0987719913927915,1.0,-0.0,0,0
108,0.0,0.041584158415841586,0.0987719913927915,1.0,-0.0,0,0
109,0.0,0.0594059405940594,0.11447531431916541,1.0,-0.0,0,0
110,0.0,0.0594059405940594,0.11447531431916541,1.0,-0.0,0,0
111,0.0,0.017821782178217824,0.05698017651460656,1.0,-0.0,0,0
112,0.0,0.03960396039603961,0.07970143286137867,1.0,-0.0,0,0
113,0.0,0.06732673267326733,0.10255055347504201,1.0,-0.0,0,0
114,0.0,0.049504950495049514,0.08631483056516186,1.0,-0.0,0,0
115,0.0,0.06732673267326734,0.09861306612268306,1.0,-0.0,0,0
116,0.0,0.06732673267326734,0.09861306612268306,1.0,-0.0,0,0
117,0.0,0.04554455445544554,0.08846854615322249,1.0,-0.0,0,0
118,0.0,0.11881188118811879,0.11664694237642095,1.0,-0.0,0,0
119,0.0,0.11881188118811879,0.11664694237642095,1.0,-0.0,0,0
120,0.0,0.09999999999999999,0.09950371902099893,1.0,-0.0,0,0
121,0.0,0.09999999999999999,0.09950371902099893,1.0,-0.0,0,0
122,0.0,0.09999999999999999,0.09950371902099893,1.0,-0.0,0,0
123,0.0,0.0,0.0,1.0,-0.0,0,0
124,0.0,0.0,0.0,1.0,-0.0,0,0
125,0.0,0.0,0.0,1.0,-0.0,0,0
126,0.0,0.02970297029702971,0.07112192077650681,1.0,-0.0,0,0
127,0.0,0.05742574257425742,0.0947602860515279,1.0,-0.0,0,0
128,0.0,0.0712871287128713,0.11110305060677654,1.0,-0.0,0,0
129,0.0,0.0712871287128713,0.11110305060677654,1.0,-0.0,0,0
130,0.0,0.0712871287128713,0.11110305060677654,1.0,-0.0,0,0
131,0.0,0.041584158415841586,0.08590499787518362,1.0,-0.0,0,0
132,0.0,0.013861386138613863,0.05079507064705211,1.0,-0.0,0,0
133,0.0,0.03762376237623763,0.08307396817189319,1.0,-0.0,0,0
134,0.2,0.08514851485148513,0.10660014917778038,0.14064978742126838,0.8518609198929493,0,0
135,0.2,0.08514851485148513,0.10660014917778038,0.14064978742126838,0.8518609198929493,0,0
136,0.2,0.15445544554455445,0.14860723199440565,0.3796211139046775,0.42064964082512524,0,0
