,foreground,bg_means,bg_stdev,pvals,minus_logs,regs,active
2,1.4,0.6237623762376239,0.35408465588746924,0.014181184785862335,1.8482874839295786,0,0
3,1.4,0.5900990099009901,0.34050194471611367,0.008690433588348439,2.0609585549288303,0,0
4,1.2,0.7584158415841582,0.35523449979985633,0.10691956312835706,0.9709428244322554,0,17
5,1.0,0.7346534653465345,0.35163990457283345,0.225245311786209,0.6473442395789478,0,0
6,1.0,0.7207920792079208,0.3482109385976311,0.21132403636911384,0.6750511027168239,0,0
7,0.2,0.3247524752475249,0.23856250217577826,1.0,-0.0,0,0
8,0.2,0.3247524752475249,0.23856250217577826,1.0,-0.0,0,0
9,0.0,0.03960396039603961,0.07970143286137867,1.0,-0.0,0,0
10,0.0,0.08118811881188118,0.11664694237642095,1.0,-0.0,0,0
11,0.0,0.1801980198019802,0.17235687245139755,1.0,-0.0,0,0
12,0.0,0.18613861386138614,0.17407731466008644,1.0,-0.0,0,0
13,0.0,0.19801980198019803,0.18346510608951241,1.0,-0.0,0,0
14,0.0,0.19801980198019803,0.18346510608951241,1.0,-0.0,0,0
15,0.0,0.11485148514851484,0.15503825054307635,1.0,-0.0,0,0
16,0.0,0.017821782178217824,0.0635517090529949,1.0,-0.0,0,0
17,0.0,0.011881188118811883,0.047276579747775535,1.0,-0.0,0,0
18,0.0,0.05742574257425742,0.09885135821266286,1.0,-0.0,0,0
19,0.0,0.05742574257425742,0.09885135821266286,1.0,-0.0,0,0
20,0.2,0.14059405940594058,0.15036471688371983,0.3463922966247934,0.46043177476827185,0,0
21,0.2,0.14059405940594058,0.15036471688371983,0.3463922966247934,0.46043177476827185,0,0
22,0.2,0.26534653465346536,0.21819949250077403,1.0,-0.0,0,0
23,1.2,0.5485148514851484,0.30785552140031713,0.017163721929422854,1.7653885301155652,0,0
24,4.4,0.9247524752475247,0.41444366636840174,3.529150498919943e-17,16.452329820966526,0,0
25,4.2,0.9178217821782177,0.39711734545369604,7.984242146559707e-17,16.097766300212673,0,0
26,4.6,1.0158415841584159,0.4302273571785239,5.013290306037481e-17,16.29987714584383,0,0
27,4.8,0.9415841584158415,0.4062061435234244,1.0001062997171662e-17,16.999953837072916,0,0
28,3.8,0.60990099009901,0.342820263069873,1.0006670904615458e-17,16.999710382883293,0,0
29,0.6,0.35841584158415846,0.21307151531852703,0.12843560793194064,0.8913145542697843,0,0
30,0.6,0.47920792079207924,0.2685925294343723,0.32645530580414855,0.48617626851230333,0,0
31,0.4,0.4019801980198021,0.24934774239520308,1.0,-0.0,0,0
32,0.6,0.6772277227722773,0.3233124314658482,1.0,-0.0,0,0
33,0.6,0.6970297029702971,0.31668313349233745,1.0,-0.0,0,0
34,0.8,0.6613861386138613,0.3362490522728601,0.34008333864109686,0.46841464449621406,0,0
35,0.8,0.46336633663366333,0.2841428912169967,0.1180613736732455,0.9278921679618529,0,0
36,0.6,0.4435643564356435,0.2678908605850186,0.2796260021892479,0.5534224463661044,0,0
37,0.2,0.1782178217821782,0.18217821782178217,0.45241378725420794,0.3444641684742911,0,0
38,0.2,0.17425742574257425,0.1816609099592826,0.44365582780520557,0.35295380927178643,0,0
39,0.0,0.08514851485148514,0.1172170185104851,1.0,-0.0,0,0
40,0.2,0.32574257425742575,0.24480886274099944,1.0,-0.0,0,0
41,0.4,0.35049504950495053,0.2507903397859416,0.4217589224835886,0.37493572096314387,0,0
42,0.4,0.33861386138613864,0.2528922977540193,0.40410484559782506,0.3935059419261222,0,0
43,0.4,0.3326732673267327,0.25216249314426303,0.39473557746493315,0.4036937289366939,0,0
44,0.4,0.3326732673267327,0.25216249314426303,0.39473557746493315,0.4036937289366939,0,0
45,0.2,0.10891089108910891,0.13650445892763632,0.2522910036310732,0.5980982355824722,0,0
46,0.0,0.18217821782178217,0.17821782178217824,1.0,-0.0,0,0
47,0.2,0.26732673267326734,0.218504779788257,1.0,-0.0,0,0
48,0.6,0.5603960396039604,0.32943973078840844,0.45215598122362605,0.34471171983719595,0,0
49,0.6,0.5603960396039604,0.32943973078840844,0.45215598122362605,0.34471171983719595,0,0
50,0.6,0.5425742574257426,0.321305053734207,0.42907621191430556,0.36746556218772974,0,0
51,0.6,0.44554455445544555,0.3016537758592589,0.3043153981317216,0.5166760721096322,0,0
52,0.4,0.30891089108910896,0.2525509496292023,0.3591707709267633,0.4446990131565133,0,0
53,0.0,0.0,0.0,1.0,-0.0,0,0
54,0.0,0.0,0.0,1.0,-0.0,0,0
55,0.0,0.0,0.0,1.0,-0.0,0,0
56,0.0,0.04356435643564357,0.08721867542790195,1.0,-0.0,0,0
57,0.0,0.2336633663366336,0.22350813559639543,1.0,-0.0,0,0
58,0.0,0.2653465346534653,0.24228109178903423,1.0,-0.0,0,0
59,0.0,0.2653465346534653,0.24228109178903423,1.0,-0.0,0,0
60,0.0,0.30495049504950494,0.24791256747816617,1.0,-0.0,0,0
61,0.0,0.2613861386138614,0.23838162972850993,1.0,-0.0,0,0
62,0.2,0.25742574257425743,0.2292244931245589,1.0,-0.0,0,0
63,0.2,0.2435643564356436,0.21909618195522743,1.0,-0.0,0,0
64,0.2,0.25544554455445545,0.21639496687323803,1.0,-0.0,0,0
65,0.2,0.2158415841584158,0.1922934397831321,1.0,-0.0,0,0
66,0.2,0.2594059405940594,0.21349436787237316,1.0,-0.0,0,0
67,0.0,0.08712871287128712,0.13324834725751067,1.0,-0.0,0,0
68,0.2,0.19603960396039605,0.20677667298545127,0.4923595209697948,0.30771765952237856,0,0
69,0.2,0.21782178217821782,0.21452043665664702,1.0,-0.0,0,0
70,0.2,0.2633663366336633,0.23024858382176047,1.0,-0.0,0,0
71,0.2,0.2514851485148515,0.21369630592401925,1.0,-0.0,0,0
72,0.2,0.23762376237623759,0.20626402629702634,1.0,-0.0,0,0
73,0.0,0.19999999999999996,0.1779976637959939,1.0,-0.0,0,0
74,0.0,0.16633663366336632,0.1642729120947021,1.0,-0.0,0,0
75,0.0,0.17029702970297025,0.17662655937408125,1.0,-0.0,0,0
76,0.0,0.19207920792079203,0.1865174152763028,1.0,-0.0,0,0
77,0.0,0.19801980198019797,0.19395834911660803,1.0,-0.0,0,0
78,0.2,0.15445544554455445,0.17091758912506996,0.3949383049939253,0.403470742078293,0,0
79,0.2,0.24554455445544554,0.19676832257092539,1.0,-0.0,0,0
80,0.2,0.19603960396039602,0.18235032765499154,0.49133620846749126,0.3086212298440256,0,0
81,0.2,0.14257425742574256,0.1444323368618651,0.3454639456244574,0.46159727110715976,0,0
82,0.2,0.13663366336633662,0.1405243168254271,0.3260207532291759,0.486754753533166,0,0
83,0.0,0.09108910891089109,0.1243589581632284,1.0,-0.0,0,0
84,0.2,0.06930693069306931,0.11409790329416186,0.12601207675801535,0.8995878309298326,0,0
85,0.2,0.09108910891089109,0.13357165904190144,0.20742906007312073,0.6831304005732743,0,0
86,0.2,0.09108910891089109,0.13357165904190144,0.20742906007312073,0.6831304005732743,0,0
87,1.0,0.3346534653465348,0.25032084107818586,0.003930586346906409,2.4055426587259894,0,0
88,1.0,0.3346534653465348,0.25032084107818586,0.003930586346906409,2.4055426587259894,0,0
89,0.8,0.30693069306930687,0.2494577984676994,0.024045466726291483,1.618966788784154,0,0
90,0.8,0.5465346534653466,0.30297676819595265,0.20141337898657535,0.6959116845914435,0,0
91,0.8,0.6039603960396039,0.32939211701004323,0.27586969149665275,0.5592960107886662,0,0
92,0.0,0.4712871287128712,0.28643822746128295,1.0,-0.0,1,0
93,0.0,0.5326732673267327,0.3224623428443869,1.0,-0.0,0,0
94,0.0,0.6158415841584157,0.3078937303061673,1.0,-0.0,0,0
95,0.0,0.3663366336633664,0.24546469477451735,1.0,-0.0,0,0
96,0.0,0.4772277227722773,0.2799862755189487,1.0,-0.0,0,0
97,0.0,0.4435643564356436,0.2794676132369334,1.0,-0.0,0,0
98,0.0,0.40198019801980206,0.27789170838310306,1.0,-0.0,0,0
99,0.0,0.2910891089108911,0.23801947249610647,1.0,-0.0,0,0
100,0.0,0.28118811881188116,0.2323844847870194,1.0,-0.0,0,0
101,0.0,0.15841584158415842,0.14160838953490001,1.0,-0.0,0,0
102,0.0,0.11287128712871287,0.14736186103080443,1.0,-0.0,0,0
103,0.0,0.2495049504950495,0.1958094458508156,1.0,-0.0,0,0
104,0.0,0.27128712871287125,0.2098262523397957,1.0,-0.0,0,0
105,0.0,0.5346534653465347,0.2926274431897893,1.0,-0.0,0,0
106,0.0,0.5485148514851486,0.29336351301675606,1.0,-0.0,0,0
107,0.2,0.5841584158415841,0.3192604924401608,1.0,-0.0,0,0
108,0.2,0.5227722772277228,0.2910823734655518,1.0,-0.0,0,0
109,0.2,0.48316831683168315,0.278990154526839,1.0,-0.0,0,0
110,0.2,0.21980198019801975,0.21342088848011848,1.0,-0.0,0,0
111,0.2,0.16237623762376235,0.17283397009132112,0.4138363750779762,0.3831713387032824,0,0
112,0.0,0.10297029702970298,0.127780323207142,1.0,-0.0,0,0
113,0.0,0.027722772277227727,0.06910862719451544,1.0,-0.0,0,0
114,0.0,0.027722772277227727,0.06910862719451544,1.0,-0.0,0,0
115,0.0,0.28712871287128716,0.20375843119851977,1.0,-0.0,0,0
116,0.0,0.28712871287128716,0.20375843119851977,1.0,-0.0,0,0
117,0.0,0.2910891089108911,0.2078170415357492,1.0,-0.0,0,0
118,0.0,0.297029702970297,0.20022534114478477,1.0,-0.0,0,0
119,0.0,0.3247524752475248,0.2159051591356675,1.0,-0.0,0,0
120,0.0,0.08514851485148513,0.12694907267187808,1.0,-0.0,0,0
121,0.2,0.25544554455445545,0.2218175360782645,1.0,-0.0,0,0
122,0.2,0.2396039603960396,0.2162136859778244,1.0,-0.0,0,0
123,0.2,0.21782178217821782,0.20314168084328174,1.0,-0.0,0,0
124,0.2,0.1900990099009901,0.20172766196776312,0.4804273829054355,0.31837224709383655,0,0
125,0.2,0.17821782178217818,0.19478546736408614,0.4554804853281563,0.34153022526804067,0,0
126,0.0,0.007920792079207921,0.03900537743285587,1.0,-0.0,0,0
127,0.0,0.05346534653465348,0.10104832334394512,1.0,-0.0,0,0
128,0.0,0.05346534653465348,0.10104832334394512,1.0,-0.0,0,0
129,0.0,0.05346534653465348,0.10104832334394512,1.0,-0.0,0,0
130,0.0,0.04554455445544555,0.09283729243351321,1.0,-0.0,0,0
131,0.0,0.04554455445544555,0.09283729243351321,1.0,-0.0,0,0
132,0.0,0.0059405940594059415,0.03395332316729158,1.0,-0.0,0,0
133,0.0,0.0059405940594059415,0.03395332316729158,1.0,-0.0,0,0
134,0.0,0.0059405940594059415,0.03395332316729158,1.0,-0.0,0,0
135,0.0,0.0059405940594059415,0.03395332316729158,1.0,-0.0,0,0
136,0.0,0.0059405940594059415,0.03395332316729158,1.0,-0.0,0,0
137,0.0,0.0,0.0,1.0,-0.0,0,0
138,0.0,0.011881188118811883,0.047276579747775535,1.0,-0.0,0,0
139,0.0,0.011881188118811883,0.047276579747775535,1.0,-0.0,0,0
140,0.0,0.011881188118811883,0.047276579747775535,1.0,-0.0,0,0
141,0.0,0.06930693069306931,0.11751770396006173,1.0,-0.0,0,0
142,0.0,0.0811881188118812,0.1325402022232199,1.0,-0.0,0,0
143,0.0,0.08910891089108913,0.12734998170941406,1.0,-0.0,0,0
144,0.0,0.10693069306930691,0.1422989641443302,1.0,-0.0,0,0
145,0.0,0.14653465346534653,0.1564231101634178,1.0,-0.0,0,0
146,0.0,0.08712871287128714,0.11402914890208293,1.0,-0.0,0,0
147,0.0,0.12871287128712872,0.15564406822280066,1.0,-0.0,0,0
148,0.0,0.10891089108910891,0.13937555924568534,1.0,-0.0,0,0
149,0.0,0.10099009900990098,0.1367914141716479,1.0,-0.0,0,0
150,0.0,0.11287128712871286,0.13618810981425267,1.0,-0.0,0,0
151,0.0,0.1801980198019802,0.17004355992893858,1.0,-0.0,0,0
152,0.0,0.2198019801980198,0.19397856469320326,1.0,-0.0,0,0
153,0.2,0.24752475247524752,0.20900237310033676,1.0,-0.0,0,0
154,0.2,0.298019801980198,0.23461795277918826,1.0,-0.0,0,0
155,0.2,0.6415841584158416,0.3048347472244279,1.0,-0.0,0,0
156,0.2,0.5762376237623762,0.28878321543182794,1.0,-0.0,0,0
157,0.2,0.601980198019802,0.2849284078986922,1.0,-0.0,0,0
158,0.0,0.6455445544554455,0.2868486172234743,1.0,-0.0,0,0
159,0.0,0.6039603960396039,0.28836198101499555,1.0,-0.0,0,0
160,0.0,0.24158415841584152,0.21307151531852703,1.0,-0.0,1,0
161,0.0,0.24158415841584152,0.21307151531852703,1.0,-0.0,0,0
162,0.0,0.18217821782178212,0.19108654387033375,1.0,-0.0,0,0
163,0.0,0.11881188118811879,0.1596486682831396,1.0,-0.0,0,0
164,0.0,0.1089108910891089,0.16050601290423325,1.0,-0.0,0,0
165,0.0,0.1821782178217822,0.1931479910747968,1.0,-0.0,0,0
166,0.0,0.23564356435643566,0.21135309408516964,1.0,-0.0,0,0
167,0.0,0.1861386138613861,0.18723083807640103,1.0,-0.0,0,0
168,0.0,0.1762376237623762,0.17640441545600072,1.0,-0.0,0,0
169,0.0,0.5089108910891089,0.28910891089108914,1.0,-0.0,0,0
170,0.0,0.45742574257425744,0.2719007297931956,1.0,-0.0,0,0
171,0.0,0.796039603960396,0.3786167612466105,1.0,-0.0,0,0
172,0.0,0.8336633663366335,0.3723825425082457,1.0,-0.0,0,0
173,0.2,0.8475247524752473,0.37352854793173207,1.0,-0.0,0,0
174,0.2,0.5049504950495051,0.290570022788517,1.0,-0.0,0,0
175,0.2,0.5089108910891089,0.2750693917494707,1.0,-0.0,0,0
176,0.2,0.3722772277227722,0.23551872889356637,1.0,-0.0,0,0
177,0.2,0.33564356435643555,0.2336046242658404,1.0,-0.0,0,0
178,0.0,0.3207920792079208,0.2235256787176184,1.0,-0.0,0,0
179,0.0,0.3207920792079208,0.2235256787176184,1.0,-0.0,0,0
180,0.2,0.3227722772277228,0.22509896090774148,1.0,-0.0,0,0
181,0.4,0.1376237623762376,0.1609695163002105,0.05155342304860309,1.2877424931008439,0,0
182,0.4,0.16831683168316827,0.17515520306927512,0.09296247140910459,1.0316923390730495,0,0
183,0.4,0.23366336633663365,0.21812759810261126,0.2228612109998444,0.6519655139094047,0,0
184,0.6,0.3900990099009901,0.2847632160356047,0.23052860904967937,0.6372751701380712,0,0
185,0.4,0.3326732673267327,0.26740739523793733,0.40060715030667104,0.39728130339237294,0,0
186,0.6,0.291089108910891,0.23634971986318065,0.0956050572953558,1.0195191339019942,0,0
187,0.6,0.2495049504950495,0.20948960246238726,0.04715474740173932,1.326474577230178,0,0
188,0.6,0.18415841584158413,0.1881292336873445,0.013538573107866275,1.8684271055205093,0,0
189,0.4,0.02772277227722773,0.07461957893630405,3.0346011133483776e-07,6.5178983871774205,0,0
190,0.4,0.02772277227722773,0.07461957893630405,3.0346011133483776e-07,6.5178983871774205,0,0
191,0.0,0.0,0.0,1.0,-0.0,0,0
192,0.0,0.0,0.0,1.0,-0.0,0,0
193,0.0,0.0,0.0,1.0,-0.0,0,0
194,0.0,0.12277227722772276,0.15913204437912432,1.0,-0.0,0,0
195,0.0,0.1405940594059406,0.17013577444760863,1.0,-0.0,0,0
196,0.0,0.1405940594059406,0.17013577444760863,1.0,-0.0,0,0
197,0.0,0.1405940594059406,0.17013577444760863,1.0,-0.0,0,0
198,0.0,0.1405940594059406,0.17013577444760863,1.0,-0.0,0,0
199,0.0,0.017821782178217824,0.05698017651460656,1.0,-0.0,0,0
200,0.0,0.0,0.0,1.0,-0.0,0,0
201,0.0,0.0,0.0,1.0,-0.0,0,0
202,0.0,0.0,0.0,1.0,-0.0,0,0
203,0.0,0.0,0.0,1.0,-0.0,0,0
204,0.0,0.0,0.0,1.0,-0.0,0,0
205,0.0,0.0,0.0,1.0,-0.0,0,0
206,0.0,0.20396039603960395,0.18875348902641548,1.0,-0.0,0,0
207,0.0,0.20396039603960395,0.18875348902641548,1.0,-0.0,0,0
208,0.0,0.22574257425742572,0.20423897153668616,1.0,-0.0,0,0
209,0.0,0.22574257425742572,0.20423897153668616,1.0,-0.0,0,0
210,0.0,0.22574257425742572,0.20423897153668616,1.0,-0.0,0,0
211,0.0,0.06732673267326733,0.10634234916512914,1.0,-0.0,0,0
212,0.6,0.15247524752475244,0.15453158823862712,0.0018897123958901256,2.723604288092542,0,0
213,0.6,0.1900990099009901,0.19574936009912708,0.018129573722198034,1.7416124072819652,0,0
214,0.6,0.23564356435643566,0.22231195565443468,0.050612653647598566,1.2957408918100368,0,0
215,0.6,0.2930693069306931,0.26033391571556114,0.11920137734256438,0.9237187264009877,0,0
216,0.6,0.2792079207920792,0.25027384276608816,0.09996266891603246,1.0001621571070922,0,0
217,0.0,0.34059405940594056,0.2603037897054255,1.0,-0.0,0,0
218,0.0,0.2792079207920792,0.23560195988492433,1.0,-0.0,0,0
219,0.0,0.24752475247524752,0.2146118113835647,1.0,-0.0,0,0
220,0.0,0.2574257425742574,0.1996762402527609,1.0,-0.0,0,0
221,0.0,0.3089108910891089,0.24132432057951878,1.0,-0.0,0,0
222,0.0,0.16633663366336632,0.19512739059128736,1.0,-0.0,0,0
223,0.0,0.16633663366336632,0.19512739059128736,1.0,-0.0,0,0
224,0.0,0.18217821782178212,0.20118266149922803,1.0,-0.0,0,0
225,0.0,0.11287128712871286,0.14188502271424044,1.0,-0.0,0,0
226,0.0,0.09306930693069307,0.12762679639066948,1.0,-0.0,0,0
227,0.0,0.09306930693069307,0.12762679639066948,1.0,-0.0,0,0
228,0.0,0.14653465346534653,0.15127468716660813,1.0,-0.0,0,0
229,0.0,0.2673267326732673,0.1893756865901819,1.0,-0.0,0,0
230,0.2,0.36237623762376237,0.22987361363851808,1.0,-0.0,0,0
231,0.2,0.35841584158415846,0.2409828582427928,1.0,-0.0,0,0
232,0.2,0.3980198019801981,0.2509310181015997,1.0,-0.0,0,0
233,0.2,0.3465346534653465,0.23862823998418378,1.0,-0.0,0,0
234,0.2,0.19405940594059407,0.16758138686444113,0.4858608529338754,0.3134880917575408,0,0
235,0.0,0.09900990099009901,0.11814997140733703,1.0,-0.0,0,0
236,0.0,0.039603960396039604,0.07970143286137865,1.0,-0.0,0,0
237,0.0,0.0,0.0,1.0,-0.0,0,0
238,0.0,0.0,0.0,1.0,-0.0,0,0
239,0.0,0.021782178217821784,0.06230547612891991,1.0,-0.0,0,0
240,0.0,0.021782178217821784,0.06230547612891991,1.0,-0.0,0,0
241,0.0,0.16237623762376235,0.15080738823492887,1.0,-0.0,0,0
242,0.0,0.1881188118811881,0.17308335353197749,1.0,-0.0,0,0
243,0.0,0.1881188118811881,0.17308335353197749,1.0,-0.0,0,0
