,foreground,bg_means,bg_stdev,pvals,minus_logs,regs,active
2,0.0,0.0,0.0,1.0,-0.0,0,0
3,0.0,0.1861386138613861,0.13861386138613863,1.0,-0.0,0,0
4,0.0,0.1861386138613861,0.13861386138613863,1.0,-0.0,0,0
5,0.0,0.9504950495049503,0.3673894424867706,1.0,-0.0,0,0
6,0.0,0.9504950495049503,0.3673894424867706,1.0,-0.0,0,0
7,0.0,0.9504950495049503,0.3673894424867706,1.0,-0.0,0,0
8,0.0,0.7643564356435644,0.34052497572460944,1.0,-0.0,0,0
9,0.0,1.0277227722772275,0.4059261045470105,1.0,-0.0,0,0
10,0.0,0.26336633663366343,0.22678238894606587,1.0,-0.0,0,0
11,0.0,0.26336633663366343,0.22678238894606587,1.0,-0.0,0,0
12,0.0,0.26336633663366343,0.22678238894606587,1.0,-0.0,0,0
13,0.0,0.26336633663366343,0.22678238894606587,1.0,-0.0,0,0
14,0.0,0.2613861386138614,0.20244559079813165,1.0,-0.0,0,0
15,0.0,0.2613861386138614,0.20244559079813165,1.0,-0.0,0,0
16,0.0,0.2613861386138614,0.20244559079813165,1.0,-0.0,0,0
17,0.0,0.8554455445544553,0.3961386014882416,1.0,-0.0,0,0
18,0.0,0.8554455445544553,0.3961386014882416,1.0,-0.0,0,0
19,0.0,0.594059405940594,0.3382604837795509,1.0,-0.0,0,0
20,0.0,0.594059405940594,0.3382604837795509,1.0,-0.0,0,0
21,0.0,0.8415841584158414,0.3872388488848683,1.0,-0.0,0,0
22,0.0,0.24752475247524752,0.1848703369027138,1.0,-0.0,0,0
23,0.0,0.24752475247524752,0.1848703369027138,1.0,-0.0,0,0
24,0.0,0.24752475247524752,0.1848703369027138,1.0,-0.0,0,0
25,0.0,0.24752475247524752,0.1848703369027138,1.0,-0.0,0,0
26,0.0,0.2752475247524752,0.23352907703454365,1.0,-0.0,0,0
27,0.0,0.2752475247524752,0.23352907703454365,1.0,-0.0,0,0
28,0.0,0.2752475247524752,0.23352907703454365,1.0,-0.0,0,0
29,0.0,0.2752475247524752,0.23352907703454365,1.0,-0.0,0,0
30,0.0,0.2752475247524752,0.23352907703454365,1.0,-0.0,0,0
31,0.0,0.0,0.0,1.0,-0.0,0,0
32,0.0,0.0,0.0,1.0,-0.0,0,0
33,0.0,0.0,0.0,1.0,-0.0,0,0
34,0.0,0.0,0.0,1.0,-0.0,0,0
35,0.0,0.0,0.0,1.0,-0.0,0,0
36,0.0,0.0,0.0,1.0,-0.0,0,0
37,0.0,0.0,0.0,1.0,-0.0,0,0
38,0.0,0.17425742574257425,0.18382808657861668,1.0,-0.0,0,0
39,1.2,0.8336633663366337,0.34933521809083146,0.14716549383492344,0.8321940078913564,0,0
40,1.2,0.8336633663366337,0.34933521809083146,0.14716549383492344,0.8321940078913564,0,0
41,1.6,1.0475247524752476,0.3638610493700873,0.06446073223013038,1.1907047655053637,0,0
42,1.6,1.0475247524752476,0.3638610493700873,0.06446073223013038,1.1907047655053637,0,0
43,1.6,0.8732673267326732,0.33267326732673264,0.014461889837023454,1.8397749510136643,0,0
44,0.4,0.2138613861386138,0.1386138613861386,0.08965911802268774,1.0474055376067857,0,0
45,0.4,0.2138613861386138,0.1386138613861386,0.08965911802268774,1.0474055376067857,0,0
46,0.0,0.0,0.0,1.0,-0.0,0,0
47,0.0,0.0,0.0,1.0,-0.0,0,0
48,0.0,0.0,0.0,1.0,-0.0,0,0
49,0.0,0.0,0.0,1.0,-0.0,0,0
50,0.0,0.0,0.0,1.0,-0.0,0,0
51,0.0,0.0,0.0,1.0,-0.0,0,0
52,0.0,0.021782178217821784,0.06230547612891991,1.0,-0.0,0,0
53,0.0,0.021782178217821784,0.06230547612891991,1.0,-0.0,0,0
54,0.0,0.021782178217821784,0.06230547612891991,1.0,-0.0,0,0
55,0.0,0.021782178217821784,0.06230547612891991,1.0,-0.0,0,0
56,0.0,0.2079207920792079,0.16631305820670148,1.0,-0.0,0,0
57,0.0,0.18613861386138614,0.16711275790766056,1.0,-0.0,0,0
58,0.0,0.18613861386138614,0.16711275790766056,1.0,-0.0,0,0
59,0.0,0.18613861386138614,0.16711275790766056,1.0,-0.0,0,0
60,0.0,0.44950495049504957,0.2539290313173932,1.0,-0.0,0,0
61,0.0,0.26336633663366343,0.20475668839145453,1.0,-0.0,0,0
62,0.0,0.26336633663366343,0.20475668839145453,1.0,-0.0,0,0
63,0.0,0.26336633663366343,0.20475668839145453,1.0,-0.0,0,0
64,0.0,0.26336633663366343,0.20475668839145453,1.0,-0.0,0,0
65,0.0,0.0,0.0,1.0,-0.0,0,0
66,0.0,0.0,0.0,1.0,-0.0,0,0
67,0.0,0.0,0.0,1.0,-0.0,0,0
68,0.0,0.0,0.0,1.0,-0.0,0,0
69,0.0,0.21188118811881188,0.20454592488897796,1.0,-0.0,0,0
70,0.0,0.21188118811881188,0.20454592488897796,1.0,-0.0,0,0
71,0.0,0.21188118811881188,0.20454592488897796,1.0,-0.0,0,0
72,0.0,0.2455445544554455,0.2301634169670541,1.0,-0.0,0,0
73,0.0,0.25940594059405936,0.25100913865332003,1.0,-0.0,0,0
74,0.0,0.3237623762376237,0.23341991008917098,1.0,-0.0,0,0
75,0.0,0.3237623762376237,0.23341991008917098,1.0,-0.0,0,0
76,1.2,0.5920792079207922,0.25317124025928006,0.008170171081507962,2.087768849345559,0,0
77,1.2,0.5584158415841585,0.24746930071940063,0.004762940055920475,2.3221248842761026,0,0
78,1.2,0.5445544554455446,0.2487494455040349,0.004207324778316264,2.375993961958187,0,0
79,1.2,0.2673267326732673,0.218504779788257,9.842495299168575e-06,5.006894783959185,0,0
80,1.2,0.2673267326732673,0.218504779788257,9.842495299168575e-06,5.006894783959185,0,0
81,0.0,0.0,0.0,1.0,-0.0,0,0
82,0.0,0.0,0.0,1.0,-0.0,0,0
83,1.2,0.5405940594059406,0.3406976586625958,0.026467071241488862,1.5772941136299763,0,0
84,1.2,0.5405940594059406,0.3406976586625958,0.026467071241488862,1.5772941136299763,0,0
85,1.2,0.5405940594059406,0.3406976586625958,0.026467071241488862,1.5772941136299763,0,0
86,1.2,0.5405940594059406,0.3406976586625958,0.026467071241488862,1.5772941136299763,0,0
87,1.2,0.5405940594059406,0.3406976586625958,0.026467071241488862,1.5772941136299763,0,0
88,0.0,0.0,0.0,1.0,-0.0,0,0
89,0.0,0.0,0.0,1.0,-0.0,0,0
90,0.0,0.0,0.0,1.0,-0.0,0,0
91,0.0,0.5940594059405941,0.33472961814427693,1.0,-0.0,0,0
92,0.0,1.19009900990099,0.4444386715524392,1.0,-0.0,0,0
93,0.0,1.19009900990099,0.4444386715524392,1.0,-0.0,0,0
94,0.0,1.19009900990099,0.4444386715524392,1.0,-0.0,0,0
95,0.0,1.19009900990099,0.4444386715524392,1.0,-0.0,0,0
96,0.0,0.596039603960396,0.3412036911107,1.0,-0.0,0,0
97,0.0,0.0,0.0,1.0,-0.0,0,0
98,0.0,0.0,0.0,1.0,-0.0,0,0
99,0.0,0.0,0.0,1.0,-0.0,0,0
100,0.0,0.0,0.0,1.0,-0.0,0,0
101,0.0,0.0,0.0,1.0,-0.0,0,0
102,1.4,0.2574257425742575,0.22922449312455892,3.1057779438378667e-07,6.507829598579562,0,0
103,1.4,0.2574257425742575,0.22922449312455892,3.1057779438378667e-07,6.507829598579562,0,0
104,1.4,0.2574257425742575,0.22922449312455892,3.1057779438378667e-07,6.507829598579562,0,0
105,1.4,0.2574257425742575,0.22922449312455892,3.1057779438378667e-07,6.507829598579562,0,0
106,2.6,0.9465346534653466,0.387825712727512,1.0065911862591331e-05,4.997146876616985,0,0
107,1.2,0.6871287128712872,0.322632539757267,0.055957394632444535,1.2521425143927443,0,0
108,3.0,1.4376237623762378,0.3937259149065665,3.6211450442622915e-05,4.441154079253366,0,0
109,3.2,1.6673267326732675,0.4461294290933809,0.0002957414626214501,3.5290877836059003,0,0
110,3.2,1.6673267326732675,0.4461294290933809,0.0002957414626214501,3.5290877836059003,0,0
111,2.0,0.9801980198019801,0.3965244556852387,0.005057814866361198,2.2960370713912255,0,0
112,2.0,0.9801980198019801,0.3965244556852387,0.005057814866361198,2.2960370713912255,0,0
113,0.2,0.2554455445544554,0.18693740548445065,1.0,-0.0,0,0
114,0.0,0.025742574257425745,0.06697637435757531,1.0,-0.0,0,0
115,0.0,0.025742574257425745,0.06697637435757531,1.0,-0.0,0,0
116,0.0,0.025742574257425745,0.06697637435757531,1.0,-0.0,0,0
