,foreground,bg_means,bg_stdev,pvals,minus_logs,regs,active
2,0.0,0.13465346534653463,0.16436836411443273,1.0,-0.0,0,0
3,0.0,0.14257425742574256,0.15501295675866078,1.0,-0.0,0,0
4,0.0,0.2613861386138614,0.22819580658832372,1.0,-0.0,0,0
5,1.0,0.36633663366336633,0.26561239821159943,0.008524034799117206,2.069354785959979,0,0
6,1.0,0.34851485148514855,0.25586733156773217,0.005445397876813082,2.2639703823193273,0,0
7,1.0,0.34851485148514855,0.25586733156773217,0.005445397876813082,2.2639703823193273,0,0
8,1.4,0.5287128712871287,0.33011748093742105,0.00415357211556155,2.381578244782577,0,0
9,1.4,0.39009900990099017,0.2630758466452757,6.181334738572354e-05,4.208917737369423,0,0
10,0.4,0.20198019801980197,0.18773279832857556,0.1457593205772077,0.8363636647279463,0,0
11,0.4,0.19801980198019803,0.1877327983285756,0.14098780134612965,0.8508184620768642,0,0
12,0.4,0.19801980198019803,0.1877327983285756,0.14098780134612965,0.8508184620768642,0,0
13,0.0,0.09108910891089109,0.12750384183766536,1.0,-0.0,0,0
14,0.0,0.09108910891089109,0.12750384183766536,1.0,-0.0,0,0
15,0.0,0.09108910891089109,0.12750384183766536,1.0,-0.0,0,0
16,0.0,0.09108910891089109,0.12750384183766536,1.0,-0.0,0,0
17,0.0,0.17821782178217818,0.16626589726481847,1.0,-0.0,0,0
18,0.0,0.08514851485148513,0.10281786127324492,1.0,-0.0,0,0
19,0.0,0.08514851485148513,0.10281786127324492,1.0,-0.0,0,0
20,0.0,0.08514851485148513,0.10281786127324492,1.0,-0.0,0,0
21,0.0,0.08514851485148513,0.10281786127324492,1.0,-0.0,0,0
22,0.0,0.0,0.0,1.0,-0.0,0,0
23,0.2,0.06930693069306931,0.10693069306930696,0.11081180122969687,0.9554139856724337,0,0
24,0.2,0.3148514851485148,0.23605090012175206,1.0,-0.0,0,0
25,0.8,0.5564356435643564,0.29329667391151254,0.20314592834745188,0.692191877811873,0,0
26,1.2,0.7722772277227723,0.38075454318325697,0.13064323604379663,0.8839130706278024,0,0
27,1.2,1.00990099009901,0.42531408324314907,0.32745143813964045,0.4848530978455369,0,0
28,1.0,0.9405940594059404,0.41319288469758203,0.44283990034568876,0.35375325563595916,0,0
29,1.0,0.6930693069306929,0.387491916426084,0.21415242934471745,0.6692769946037594,0,0
30,0.4,0.45346534653465354,0.30297676819595276,1.0,-0.0,0,0
31,0.0,0.2732673267326733,0.23331069206418187,1.0,-0.0,0,0
32,0.0,0.03564356435643565,0.08154954567118415,1.0,-0.0,0,0
33,0.2,0.05940594059405942,0.10357779667819421,0.08733081746926054,1.0588324745635311,0,0
34,0.2,0.05940594059405942,0.10357779667819421,0.08733081746926054,1.0588324745635311,0,0
35,0.2,0.05940594059405942,0.10357779667819421,0.08733081746926054,1.0588324745635311,0,0
36,0.2,0.023762376237623766,0.06471340450838887,0.003231121245907738,2.4906467450338194,0,0
37,0.2,0.023762376237623766,0.06471340450838887,0.003231121245907738,2.4906467450338194,0,0
38,0.0,0.0,0.0,1.0,-0.0,0,0
39,0.0,0.11881188118811879,0.1467218499235066,1.0,-0.0,0,0
40,0.0,0.5306930693069307,0.2957596610098787,1.0,-0.0,0,0
41,0.0,0.5306930693069307,0.2957596610098787,1.0,-0.0,0,0
42,0.0,0.5306930693069307,0.2957596610098787,1.0,-0.0,0,0
43,0.0,0.5306930693069307,0.2957596610098787,1.0,-0.0,0,0
44,0.0,0.41188118811881197,0.27114978094315156,1.0,-0.0,0,0
45,0.0,0.0,0.0,1.0,-0.0,0,0
46,0.0,0.0,0.0,1.0,-0.0,0,0
47,0.0,0.027722772277227727,0.06910862719451544,1.0,-0.0,0,0
48,0.0,0.027722772277227727,0.06910862719451544,1.0,-0.0,0,0
49,0.0,0.041584158415841586,0.08116396646304633,1.0,-0.0,0,0
50,0.0,0.16237623762376235,0.17735766020493526,1.0,-0.0,0,0
51,0.0,0.16237623762376235,0.17735766020493526,1.0,-0.0,0,0
52,0.0,0.13267326732673265,0.15989409297573345,1.0,-0.0,0,0
53,0.0,0.16435643564356434,0.17210643633774866,1.0,-0.0,0,0
54,0.0,0.15049504950495046,0.16021258301915867,1.0,-0.0,0,0
55,0.0,0.02970297029702971,0.07112192077650681,1.0,-0.0,0,0
56,0.0,0.02970297029702971,0.07112192077650681,1.0,-0.0,0,0
57,0.0,0.02970297029702971,0.07112192077650681,1.0,-0.0,0,0
58,0.0,0.0,0.0,1.0,-0.0,0,0
59,0.0,0.0,0.0,1.0,-0.0,0,0
60,0.0,0.0,0.0,1.0,-0.0,0,0
61,0.0,0.0,0.0,1.0,-0.0,0,0
62,0.0,0.0891089108910891,0.13342479626077636,1.0,-0.0,0,0
63,0.0,0.0891089108910891,0.13342479626077636,1.0,-0.0,0,0
64,0.0,0.15643564356435644,0.1793364234865362,1.0,-0.0,0,0
65,0.0,0.20198019801980197,0.20391232731653072,1.0,-0.0,0,0
66,0.0,0.2633663366336634,0.23702895853378222,1.0,-0.0,0,0
67,0.0,0.17425742574257425,0.17272049494935865,1.0,-0.0,0,0
68,0.0,0.17425742574257425,0.17272049494935865,1.0,-0.0,0,0
69,0.0,0.10693069306930694,0.12762679639066948,1.0,-0.0,0,0
70,0.0,0.061386138613861385,0.10046456153636296,1.0,-0.0,0,0
71,0.0,0.0,0.0,1.0,-0.0,0,0
72,0.0,0.04554455445544555,0.08846854615322249,1.0,-0.0,0,0
73,0.0,0.04554455445544555,0.08846854615322249,1.0,-0.0,0,0
74,0.0,0.04554455445544555,0.08846854615322249,1.0,-0.0,0,0
75,0.0,0.07722772277227724,0.11593886073904516,1.0,-0.0,0,0
76,0.0,0.07722772277227724,0.11593886073904516,1.0,-0.0,0,0
77,0.0,0.031683168316831684,0.0730260947112308,1.0,-0.0,0,0
78,0.0,0.031683168316831684,0.0730260947112308,1.0,-0.0,0,0
79,0.0,0.031683168316831684,0.0730260947112308,1.0,-0.0,0,0
80,0.0,0.0,0.0,1.0,-0.0,0,0
81,0.0,0.0,0.0,1.0,-0.0,0,0
82,0.0,0.031683168316831684,0.07826167463512675,1.0,-0.0,0,0
83,0.0,0.21584158415841584,0.1860121753000773,1.0,-0.0,0,0
84,0.0,0.21584158415841584,0.1860121753000773,1.0,-0.0,0,0
85,0.0,0.21584158415841584,0.1860121753000773,1.0,-0.0,0,0
86,0.0,0.21584158415841584,0.1860121753000773,1.0,-0.0,0,0
87,0.0,0.18415841584158413,0.17045813240916707,1.0,-0.0,0,0
88,0.0,0.0,0.0,1.0,-0.0,0,0
89,0.0,0.0,0.0,1.0,-0.0,0,0
90,0.0,0.0,0.0,1.0,-0.0,0,0
91,0.0,0.0,0.0,1.0,-0.0,0,0
92,0.0,0.019801980198019802,0.059735061897023205,1.0,-0.0,0,0
93,0.0,0.019801980198019802,0.059735061897023205,1.0,-0.0,0,0
94,0.0,0.11683168316831684,0.13575553664160483,1.0,-0.0,0,0
95,0.0,0.11683168316831684,0.13575553664160483,1.0,-0.0,0,0
96,0.0,0.11683168316831684,0.13575553664160483,1.0,-0.0,0,0
97,0.0,0.09702970297029702,0.127780323207142,1.0,-0.0,0,0
98,0.0,0.14059405940594058,0.15297590428378585,1.0,-0.0,0,0
99,0.0,0.041584158415841586,0.08116396646304633,1.0,-0.0,0,0
100,0.0,0.15247524752475247,0.15453158823862712,1.0,-0.0,0,0
101,0.0,0.15247524752475247,0.15453158823862712,1.0,-0.0,0,0
102,0.0,0.21386138613861383,0.1807737511449854,1.0,-0.0,0,0
103,0.0,0.17227722772277226,0.15927982219556597,1.0,-0.0,0,0
104,0.0,0.17227722772277226,0.15927982219556597,1.0,-0.0,0,0
105,0.0,0.07326732673267326,0.10798889666879985,1.0,-0.0,0,0
106,0.0,0.07326732673267326,0.10798889666879985,1.0,-0.0,0,0
107,0.0,0.14554455445544554,0.16858452795083376,1.0,-0.0,0,0
108,0.0,0.14554455445544554,0.16858452795083376,1.0,-0.0,0,0
109,0.0,0.2514851485148515,0.2155416209772321,1.0,-0.0,0,0
110,0.0,0.27524752475247527,0.22133972839316557,1.0,-0.0,0,0
111,0.0,0.27524752475247527,0.22133972839316557,1.0,-0.0,0,0
112,0.0,0.22970297029702968,0.23103064579857804,1.0,-0.0,0,0
113,0.0,0.22970297029702968,0.23103064579857804,1.0,-0.0,0,0
114,0.0,0.12277227722772276,0.15662352422404113,1.0,-0.0,0,0
115,0.0,0.08712871287128712,0.12401163019288061,1.0,-0.0,0,0
116,0.6,0.6000000000000001,0.3070137224010911,1.0,-0.0,0,0
117,0.6,0.5108910891089109,0.2931228209103102,0.38056450005130915,0.4195717261669411,0,0
118,1.2,0.6891089108910892,0.3598407211170817,0.0778373142159541,1.1088121578542243,0,0
119,1.2,0.6891089108910892,0.3598407211170817,0.0778373142159541,1.1088121578542243,0,0
120,1.6,0.8594059405940596,0.39052597632235825,0.02895348479464128,1.5382991578086416,0,0
121,1.0,0.44752475247524753,0.29804447120028504,0.03189339661477495,1.4962992263669144,0,0
122,1.0,0.44752475247524753,0.29804447120028504,0.03189339661477495,1.4962992263669144,0,0
123,0.4,0.26930693069306927,0.22415631668191094,0.279931729422897,0.5529478727653749,0,0
124,0.4,0.26930693069306927,0.22415631668191094,0.279931729422897,0.5529478727653749,0,0
125,0.2,0.2099009900990099,0.18958263199843847,1.0,-0.0,0,0
126,0.2,0.1089108910891089,0.13937555924568532,0.2567003926389665,0.5905734670480498,0,0
127,0.2,0.1089108910891089,0.13937555924568532,0.2567003926389665,0.5905734670480498,0,0
128,0.2,0.1089108910891089,0.13937555924568532,0.2567003926389665,0.5905734670480498,0,0
129,0.2,0.1089108910891089,0.13937555924568532,0.2567003926389665,0.5905734670480498,0,0
130,0.0,0.0,0.0,1.0,-0.0,0,0
131,0.0,0.0,0.0,1.0,-0.0,0,0
132,0.4,0.18811881188118804,0.17308335353197749,0.11044651508670601,0.9568479828481424,0,0
133,0.4,0.18811881188118804,0.17308335353197749,0.11044651508670601,0.9568479828481424,0,0
134,0.4,0.41386138613861384,0.2613861386138614,1.0,-0.0,0,0
135,0.4,0.41386138613861384,0.2613861386138614,1.0,-0.0,0,0
136,0.4,0.41386138613861384,0.2613861386138614,1.0,-0.0,0,0
137,0.0,0.22574257425742575,0.20032323649173034,1.0,-0.0,0,0
138,0.0,0.22574257425742575,0.20032323649173034,1.0,-0.0,0,0
139,0.0,0.0,0.0,1.0,-0.0,0,0
140,0.0,0.0,0.0,1.0,-0.0,0,0
141,0.0,0.0,0.0,1.0,-0.0,0,0
142,0.0,0.11287128712871286,0.16023705603282304,1.0,-0.0,0,0
143,0.0,0.11287128712871286,0.16023705603282304,1.0,-0.0,0,0
144,0.0,0.11287128712871286,0.16023705603282304,1.0,-0.0,0,0
145,0.0,0.14752475247524752,0.1794347888418545,1.0,-0.0,0,0
146,0.0,0.14752475247524752,0.1794347888418545,1.0,-0.0,0,0
147,0.0,0.033663366336633666,0.07994704648786674,1.0,-0.0,0,0
148,0.2,0.2831683168316831,0.24578397781110978,1.0,-0.0,0,0
149,0.2,0.2831683168316831,0.24578397781110978,1.0,-0.0,0,0
150,0.2,0.2495049504950495,0.22761082052278833,1.0,-0.0,0,0
151,0.2,0.2495049504950495,0.22761082052278833,1.0,-0.0,0,0
152,0.2,0.2495049504950495,0.22761082052278833,1.0,-0.0,0,0
153,0.0,0.0,0.0,1.0,-0.0,0,0
154,0.0,0.0,0.0,1.0,-0.0,0,0
155,0.0,0.0,0.0,1.0,-0.0,0,0
156,0.0,0.0,0.0,1.0,-0.0,0,0
157,0.0,0.2158415841584158,0.19837591740781296,1.0,-0.0,0,0
158,0.0,0.2158415841584158,0.19837591740781296,1.0,-0.0,0,0
159,0.0,0.2158415841584158,0.19837591740781296,1.0,-0.0,0,0
160,0.0,0.2158415841584158,0.19837591740781296,1.0,-0.0,0,0
161,0.0,0.2158415841584158,0.19837591740781296,1.0,-0.0,0,0
162,0.0,0.015841584158415842,0.05401260078014202,1.0,-0.0,0,0
163,0.0,0.04554455445544555,0.08846854615322249,1.0,-0.0,0,0
164,0.2,0.14059405940594058,0.15036471688371983,0.3463922966247934,0.46043177476827185,0,0
165,0.4,0.15841584158415842,0.15749733722889644,0.06252791472771586,1.2039260545649273,0,0
166,0.4,0.15841584158415842,0.15749733722889644,0.06252791472771586,1.2039260545649273,0,0
167,0.4,0.14257425742574256,0.1575471230171571,0.051133594636087146,1.29129367577057,0,0
168,0.4,0.11089108910891088,0.14205074403533427,0.020912814716921475,1.6795875102832774,0,0
169,0.2,0.017821782178217824,0.05698017651460656,0.0006937928196726553,3.15877019915046,0,0
170,0.0,0.0,0.0,1.0,-0.0,0,0
171,0.0,0.3821782178217822,0.24226490680676638,1.0,-0.0,0,0
172,0.0,0.3821782178217822,0.24226490680676638,1.0,-0.0,0,0
173,0.0,0.40792079207920795,0.24360460103802914,1.0,-0.0,0,0
174,0.2,0.5841584158415842,0.2960909257146523,1.0,-0.0,0,0
175,0.2,0.5841584158415842,0.2960909257146523,1.0,-0.0,0,0
176,0.2,0.20198019801980194,0.1834651060895124,1.0,-0.0,0,0
177,0.2,0.20198019801980194,0.1834651060895124,1.0,-0.0,0,0
178,0.2,0.1762376237623762,0.17640441545600072,0.4464229645204053,0.35025347287879666,0,0
179,0.0,0.0,0.0,1.0,-0.0,0,0
180,0.0,0.20594059405940596,0.19590954781832298,1.0,-0.0,0,0
181,0.0,0.20594059405940596,0.19590954781832298,1.0,-0.0,0,0
182,0.0,0.20594059405940596,0.19590954781832298,1.0,-0.0,0,0
183,0.2,0.21782178217821782,0.201182661499228,1.0,-0.0,0,0
184,0.2,0.24554455445544554,0.2122602328057286,1.0,-0.0,0,0
185,0.6,0.13465346534653463,0.1619409766357297,0.002029392815536748,2.692633881449528,0,0
186,0.6,0.13465346534653463,0.1619409766357297,0.002029392815536748,2.692633881449528,0,0
187,0.6,0.30297029702970296,0.22622841587085502,0.09459758640805573,1.0241199441799729,0,0
188,0.4,0.2910891089108911,0.22254113421126812,0.3122804448800087,0.5054552106036376,0,0
189,0.4,0.2633663366336634,0.20858921318437537,0.2562219492522969,0.5913836691625869,0,0
190,1.0,0.29702970297029707,0.21362289599195816,0.0004996802404637134,3.3013078241160407,0,0
