,foreground,bg_means,bg_stdev,pvals,minus_logs,regs,active
2,4.4,4.427722772277227,0.2549000238420755,1.0,-0.0,0,0
3,5.4,5.215841584158417,0.16089642032294568,0.12619211718956524,0.8989677732059709,0,0
4,5.4,5.215841584158417,0.16089642032294568,0.12619211718956524,0.8989677732059709,0,0
5,5.4,5.215841584158417,0.16089642032294568,0.12619211718956524,0.8989677732059709,0,0
6,1.2,0.9821782178217822,0.29261404296341975,0.22831737462393015,0.6414610380665666,0,0
7,1.2,0.8831683168316831,0.2717997613746296,0.12187182248807889,0.9140966943201401,0,0
8,0.2,0.09504950495049502,0.09987738782509697,0.14667675509195882,0.8336387064374011,0,0
9,0.2,0.09504950495049502,0.09987738782509697,0.14667675509195882,0.8336387064374011,0,0
10,0.2,0.09504950495049502,0.09987738782509697,0.14667675509195882,0.8336387064374011,0,0
11,0.2,0.09504950495049502,0.09987738782509697,0.14667675509195882,0.8336387064374011,0,0
12,0.0,0.0,0.0,1.0,-0.0,0,0
13,0.0,0.0,0.0,1.0,-0.0,0,0
14,0.0,0.0,0.0,1.0,-0.0,0,0
15,0.0,0.0,0.0,1.0,-0.0,0,0
16,0.0,0.1287128712871287,0.13954426081146826,1.0,-0.0,0,0
17,0.0,0.1287128712871287,0.13954426081146826,1.0,-0.0,0,0
18,0.0,0.1287128712871287,0.13954426081146826,1.0,-0.0,0,0
19,0.0,0.1287128712871287,0.13954426081146826,1.0,-0.0,0,0
20,0.0,0.1841584158415841,0.16089642032294557,1.0,-0.0,0,0
21,0.0,0.05544554455445545,0.08952597667688965,1.0,-0.0,0,0
22,0.0,0.1603960396039604,0.14356094226052957,1.0,-0.0,0,0
23,0.0,0.1603960396039604,0.14356094226052957,1.0,-0.0,0,0
24,0.0,0.1603960396039604,0.14356094226052957,1.0,-0.0,0,0
25,0.0,0.10495049504950493,0.09987738782509697,1.0,-0.0,0,0
