,foreground,bg_means,bg_stdev,pvals,minus_logs,regs,active
2,0.0,0.1485148514851485,0.1749760161138576,1.0,-0.0,0,0
3,0.0,0.1485148514851485,0.1749760161138576,1.0,-0.0,0,0
4,0.0,0.1485148514851485,0.1749760161138576,1.0,-0.0,0,0
5,0.2,0.2118811881188119,0.20260048415728574,1.0,-0.0,0,0
6,0.2,0.1801980198019802,0.17463954503246998,0.454861586643846,0.3421207380722695,0,0
7,0.2,0.06336633663366337,0.11233152161332939,0.1119271380917808,0.9510646007408702,0,0
8,1.0,0.37425742574257426,0.2527682244985423,0.0066513948118423006,2.1770872726566743,0,0
9,1.0,0.37425742574257426,0.2527682244985423,0.0066513948118423006,2.1770872726566743,0,0
10,0.8,0.30891089108910896,0.2396775928101031,0.020233154330279897,1.6939364058379254,0,0
11,0.8,0.30891089108910896,0.2396775928101031,0.020233154330279897,1.6939364058379254,0,0
12,0.8,0.30891089108910896,0.2396775928101031,0.020233154330279897,1.6939364058379254,0,0
13,0.0,0.0,0.0,1.0,-0.0,0,0
14,0.0,0.0,0.0,1.0,-0.0,0,0
15,0.0,0.0,0.0,1.0,-0.0,0,0
16,0.0,0.0,0.0,1.0,-0.0,0,0
17,0.0,0.0,0.0,1.0,-0.0,0,0
18,0.0,0.0,0.0,1.0,-0.0,0,0
19,2.4,0.6415841584158416,0.3484810964751594,2.256446599606985e-07,6.64657493990605,0,0
20,3.0,0.8316831683168315,0.3927387192496846,1.685223494925909e-08,7.773342494687876,0,0
21,3.2,0.869306930693069,0.39142860311697214,1.3057379582880024e-09,8.884143970601585,0,0
22,5.2,1.19009900990099,0.4399606081590635,1.003961652556e-17,16.998282875240182,0,0
23,5.2,1.19009900990099,0.4399606081590635,1.003961652556e-17,16.998282875240182,0,0
24,2.8,0.5485148514851484,0.29201039632453435,6.286555641576339e-15,14.201587236203272,0,0
25,2.2,0.3584158415841584,0.2644880452604198,1.6675818491822796e-12,11.777912840604314,0,0
26,2.0,0.31980198019801975,0.25330285633166827,1.6428931007760016e-11,10.784390694175089,0,0
27,0.0,0.0,0.0,1.0,-0.0,0,0
28,0.2,0.1485148514851485,0.1703891070439521,0.3812642067119665,0.41877396461129573,0,0
29,1.8,0.6059405940594059,0.34521389041332123,0.0002711958015946078,3.5667170381029396,0,0
30,1.8,0.6059405940594059,0.34521389041332123,0.0002711958015946078,3.5667170381029396,0,0
31,2.0,0.7762376237623763,0.3932974373524659,0.0009305579228021346,3.031256588927174,0,0
32,2.0,0.7762376237623763,0.3932974373524659,0.0009305579228021346,3.031256588927174,0,0
33,1.8,0.6277227722772277,0.3582462264816673,0.0005334442558132969,3.272910957040942,0,0
34,0.2,0.17029702970297025,0.15767151871203475,0.42528737591810895,0.37131750854032636,0,0
35,0.2,0.3237623762376237,0.22122454649200016,1.0,-0.0,0,0
36,0.0,0.15445544554455443,0.15124876399151135,1.0,-0.0,0,0
37,0.2,0.37821782178217833,0.2909880608608748,1.0,-0.0,0,0
38,0.2,0.37821782178217833,0.2909880608608748,1.0,-0.0,0,0
39,0.2,0.37821782178217833,0.2909880608608748,1.0,-0.0,0,0
40,0.2,0.22574257425742572,0.22455829706669048,1.0,-0.0,0,0
41,0.2,0.3445544554455445,0.28019627050498275,1.0,-0.0,0,0
42,0.0,0.13861386138613863,0.16588812705842176,1.0,-0.0,0,0
43,0.0,0.13861386138613863,0.16588812705842176,1.0,-0.0,0,0
44,0.0,0.13861386138613863,0.16588812705842176,1.0,-0.0,0,0
45,0.0,0.13861386138613863,0.16588812705842176,1.0,-0.0,0,0
46,0.0,0.017821782178217824,0.056980176514606566,1.0,-0.0,0,0
47,0.0,0.0,0.0,1.0,-0.0,0,0
48,0.0,0.27524752475247527,0.19263978624974745,1.0,-0.0,0,0
49,0.0,0.5108910891089109,0.29581268829152574,1.0,-0.0,0,0
50,0.0,0.5108910891089109,0.29581268829152574,1.0,-0.0,0,0
51,0.0,0.5108910891089109,0.29581268829152574,1.0,-0.0,0,0
52,0.0,0.5108910891089109,0.29581268829152574,1.0,-0.0,0,0
53,0.0,0.24752475247524752,0.2146118113835647,1.0,-0.0,0,0
54,0.0,0.011881188118811881,0.047276579747775535,1.0,-0.0,0,0
55,0.0,0.03564356435643565,0.08154954567118415,1.0,-0.0,0,0
56,0.0,0.04752475247524753,0.09397077637785879,1.0,-0.0,0,0
57,0.0,0.04752475247524753,0.09397077637785879,1.0,-0.0,0,0
58,0.0,0.6178217821782179,0.3702811454209484,1.0,-0.0,0,0
59,0.0,0.6178217821782179,0.3702811454209484,1.0,-0.0,0,0
60,0.0,0.596039603960396,0.3603960396039604,1.0,-0.0,0,0
61,0.0,0.5841584158415841,0.35896790260751854,1.0,-0.0,0,0
62,0.0,0.5841584158415841,0.35896790260751854,1.0,-0.0,0,0
63,0.0,0.0019801980198019802,0.0198019801980198,1.0,-0.0,0,0
64,0.0,0.0019801980198019802,0.0198019801980198,1.0,-0.0,0,0
65,0.0,0.0,0.0,1.0,-0.0,0,0
66,0.0,0.34257425742574255,0.29696368903394,1.0,-0.0,0,0
67,0.0,0.34257425742574255,0.29696368903394,1.0,-0.0,0,0
68,0.0,0.36831683168316837,0.29881968902396244,1.0,-0.0,0,0
69,0.0,0.36831683168316837,0.29881968902396244,1.0,-0.0,0,0
70,0.0,0.6356435643564355,0.367378769231899,1.0,-0.0,0,0
71,0.0,0.5960396039603961,0.34581537799705947,1.0,-0.0,0,0
72,0.0,0.6514851485148515,0.3665773894455313,1.0,-0.0,0,0
73,0.2,0.708910891089109,0.3770912671261034,1.0,-0.0,0,0
74,0.2,0.708910891089109,0.3770912671261034,1.0,-0.0,0,0
75,0.6,0.501980198019802,0.31148961746115933,0.3765020118271094,0.4242326988176557,0,0
76,0.6,0.29504950495049503,0.25265961041958934,0.11372343021876798,0.9441500492399909,0,0
77,0.6,0.2396039603960396,0.23550207916544172,0.06296745804832382,1.2008838385046527,0,0
78,0.4,0.15643564356435644,0.18584345673901095,0.0949983594228724,1.022283894708477,0,0
79,0.4,0.15643564356435644,0.18584345673901095,0.0949983594228724,1.022283894708477,0,0
80,0.0,0.09504950495049505,0.12457948087149175,1.0,-0.0,0,0
81,0.0,0.0,0.0,1.0,-0.0,0,0
82,0.0,0.0,0.0,1.0,-0.0,0,0
83,0.0,0.017821782178217824,0.06950466841498709,1.0,-0.0,0,0
84,0.0,0.017821782178217824,0.06950466841498709,1.0,-0.0,0,0
85,0.0,0.017821782178217824,0.06950466841498709,1.0,-0.0,0,0
86,0.0,0.017821782178217824,0.06950466841498709,1.0,-0.0,0,0
87,0.0,0.017821782178217824,0.06950466841498709,1.0,-0.0,0,0
88,0.0,0.0,0.0,1.0,-0.0,0,0
89,0.0,0.0,0.0,1.0,-0.0,0,0
90,0.0,0.0,0.0,1.0,-0.0,0,0
91,0.0,0.0,0.0,1.0,-0.0,0,0
92,0.0,0.0,0.0,1.0,-0.0,0,0
93,0.0,0.0,0.0,1.0,-0.0,0,0
94,0.0,0.0039603960396039604,0.027863855998951064,1.0,-0.0,0,0
95,0.0,0.0039603960396039604,0.027863855998951064,1.0,-0.0,0,0
96,0.2,0.19801980198019797,0.21153854037344386,0.49626558273927895,0.30428584316801044,0,0
97,0.2,0.20792079207920788,0.20666286139643167,1.0,-0.0,0,0
98,0.2,0.2831683168316831,0.23082688508352958,1.0,-0.0,0,0
99,0.2,0.2792079207920792,0.22877929685601872,1.0,-0.0,0,0
100,0.2,0.3099009900990099,0.23272171393669647,1.0,-0.0,0,0
101,0.0,0.11485148514851484,0.13304219431477882,1.0,-0.0,0,0
102,0.8,0.46138613861386146,0.27824424665743047,0.11180852587126035,0.9515250784025161,0,0
103,0.8,0.3861386138613861,0.26737806621177423,0.06082909661617428,1.2158886332744407,0,0
104,0.8,0.3861386138613861,0.26737806621177423,0.06082909661617428,1.2158886332744407,0,0
105,0.8,0.3564356435643564,0.25267512957506116,0.039589221346004996,1.4024230400123545,0,0
106,1.0,0.6891089108910889,0.34177781854200057,0.18150904270670892,0.7411017337143819,0,0
107,0.8,0.6594059405940593,0.33483503188670494,0.33728271263092513,0.47200591793145763,0,0
108,1.4,0.9722772277227721,0.38179327045223244,0.13129309857598986,0.8817581020075409,0,0
109,1.4,0.9722772277227721,0.38179327045223244,0.13129309857598986,0.8817581020075409,0,0
110,1.4,0.9722772277227721,0.38179327045223244,0.13129309857598986,0.8817581020075409,0,0
111,1.2,0.6376237623762376,0.3466534449857638,0.0523694551324215,1.2809219446055544,0,0
112,0.6,0.3108910891089109,0.23289014539388764,0.10722973538703186,0.9696847657272936,0,0
113,0.0,0.007920792079207921,0.03900537743285587,1.0,-0.0,0,0
114,0.0,0.007920792079207921,0.03900537743285587,1.0,-0.0,0,0
115,0.0,0.03564356435643565,0.07653920035678292,1.0,-0.0,0,0
116,0.0,0.06930693069306931,0.10693069306930697,1.0,-0.0,0,0
117,0.0,0.06930693069306931,0.10693069306930697,1.0,-0.0,0,0
118,0.0,0.07722772277227724,0.1124710639300034,1.0,-0.0,0,0
119,0.0,0.07722772277227724,0.1124710639300034,1.0,-0.0,0,0
120,0.0,0.04950495049504951,0.09078727434730813,1.0,-0.0,0,0
121,0.0,0.049504950495049514,0.09504950495049505,1.0,-0.0,0,0
122,0.0,0.09108910891089109,0.12750384183766536,1.0,-0.0,0,0
123,0.0,0.07524752475247526,0.11553229422427584,1.0,-0.0,0,0
124,0.0,0.07524752475247526,0.11553229422427584,1.0,-0.0,0,0
125,0.0,0.07524752475247526,0.11553229422427584,1.0,-0.0,0,0
126,0.0,0.041584158415841586,0.09039772047931348,1.0,-0.0,0,0
127,0.0,0.0,0.0,1.0,-0.0,0,0
128,0.0,0.0,0.0,1.0,-0.0,0,0
129,0.0,0.0,0.0,1.0,-0.0,0,0
130,0.0,0.0,0.0,1.0,-0.0,0,0
131,0.0,0.0,0.0,1.0,-0.0,0,0
132,0.0,0.0,0.0,1.0,-0.0,0,0
133,0.0,0.09108910891089109,0.12750384183766536,1.0,-0.0,0,0
134,0.0,0.09108910891089109,0.12750384183766536,1.0,-0.0,0,0
135,0.0,0.09108910891089109,0.12750384183766536,1.0,-0.0,0,0
136,0.2,0.22376237623762377,0.18301572450512466,1.0,-0.0,0,0
137,0.2,0.22376237623762377,0.18301572450512466,1.0,-0.0,0,0
138,0.2,0.13267326732673265,0.1414975848312859,0.31710294183422544,0.49879972890812296,0,0
139,0.2,0.15049504950495052,0.13903754203201552,0.36089985395216284,0.44261329368940555,0,0
140,0.2,0.15049504950495052,0.13903754203201552,0.36089985395216284,0.44261329368940555,0,0
141,0.0,0.017821782178217824,0.05698017651460656,1.0,-0.0,0,0
142,0.0,0.021782178217821784,0.06230547612891991,1.0,-0.0,0,0
143,0.0,0.07524752475247526,0.11553229422427584,1.0,-0.0,0,0
144,0.0,0.057425742574257435,0.09885135821266285,1.0,-0.0,0,0
145,0.4,0.6435643564356436,0.34766999306248875,1.0,-0.0,0,0
146,0.4,0.6435643564356436,0.34766999306248875,1.0,-0.0,0,0
147,0.4,0.6396039603960395,0.3481433663717746,1.0,-0.0,0,0
148,0.8,1.0059405940594062,0.4382281566296413,1.0,-0.0,0,0
149,0.8,1.0059405940594062,0.4382281566296413,1.0,-0.0,0,0
150,0.4,0.4475247524752475,0.28996212091501333,1.0,-0.0,0,0
151,0.4,0.4475247524752475,0.28996212091501333,1.0,-0.0,0,0
152,0.4,0.45940594059405937,0.28913603561891454,1.0,-0.0,0,0
153,0.0,0.08712871287128712,0.12077584698595573,1.0,-0.0,0,0
154,0.0,0.09900990099009899,0.13679141417164786,1.0,-0.0,0,0
155,0.0,0.0712871287128713,0.1213265242141813,1.0,-0.0,0,0
156,0.0,0.0712871287128713,0.1213265242141813,1.0,-0.0,0,0
157,0.0,0.0594059405940594,0.10357779667819421,1.0,-0.0,0,0
158,0.0,0.011881188118811883,0.047276579747775535,1.0,-0.0,0,0
159,0.0,0.051485148514851496,0.08744317689433512,1.0,-0.0,0,0
160,0.0,0.051485148514851496,0.08744317689433512,1.0,-0.0,0,0
161,0.2,0.22376237623762374,0.17640441545600072,1.0,-0.0,0,0
162,0.2,0.22376237623762374,0.17640441545600072,1.0,-0.0,0,0
163,0.2,0.26138613861386134,0.19648913356682646,1.0,-0.0,0,0
164,0.2,0.2099009900990099,0.1697435167662324,1.0,-0.0,0,0
165,0.2,0.27524752475247527,0.1987116626424095,1.0,-0.0,0,0
166,0.0,0.10297029702970298,0.15054715096038185,1.0,-0.0,0,0
167,0.0,0.10297029702970298,0.15054715096038185,1.0,-0.0,0,0
168,0.0,0.06534653465346535,0.1129581045303102,1.0,-0.0,0,0
169,0.0,0.06534653465346535,0.1129581045303102,1.0,-0.0,0,0
170,0.0,0.0,0.0,1.0,-0.0,0,0
171,0.0,0.0,0.0,1.0,-0.0,0,0
172,0.0,0.0,0.0,1.0,-0.0,0,0
173,0.0,0.0,0.0,1.0,-0.0,0,0
174,0.0,0.0,0.0,1.0,-0.0,0,0
175,0.0,0.0,0.0,1.0,-0.0,0,32
176,0.0,0.0,0.0,1.0,-0.0,0,0
177,0.0,0.0,0.0,1.0,-0.0,0,0
178,0.0,0.04950495049504951,0.09504950495049506,1.0,-0.0,0,0
179,0.0,0.04950495049504951,0.09504950495049506,1.0,-0.0,0,0
180,0.0,0.04950495049504951,0.09504950495049506,1.0,-0.0,0,0
181,0.0,0.20594059405940596,0.1938774657314743,1.0,-0.0,0,0
182,0.0,0.20594059405940596,0.1938774657314743,1.0,-0.0,0,0
183,0.0,0.22772277227722773,0.18674852677785872,1.0,-0.0,0,0
184,0.0,0.22772277227722773,0.18674852677785872,1.0,-0.0,0,0
185,0.0,0.24158415841584158,0.20356589743994286,1.0,-0.0,0,0
186,0.0,0.09504950495049505,0.13670539084430267,1.0,-0.0,0,0
187,0.0,0.1386138613861386,0.15348770198080078,1.0,-0.0,0,0
188,0.0,0.06534653465346536,0.09793475658517417,1.0,-0.0,0,0
189,0.0,0.09108910891089109,0.11440678673785577,1.0,-0.0,0,0
190,0.0,0.07722772277227724,0.1124710639300034,1.0,-0.0,0,0
191,0.0,0.38811881188118813,0.24827608742427693,1.0,-0.0,0,0
192,0.0,0.3465346534653465,0.25930766787914217,1.0,-0.0,0,0
193,0.0,0.401980198019802,0.2617459269997356,1.0,-0.0,0,0
194,0.0,0.37623762376237624,0.24419944569454247,1.0,-0.0,0,0
195,0.0,0.37623762376237624,0.24419944569454247,1.0,-0.0,0,0
196,0.2,0.11287128712871287,0.14464936528910635,0.2734725071303193,0.5630863278378737,0,0
197,0.2,0.16237623762376235,0.16818865241652334,0.4114954635871043,0.3856349481794096,0,0
198,0.2,0.11485148514851483,0.14984225277142665,0.28493112915219754,0.5452601008465134,0,0
199,0.2,0.12673267326732673,0.15599637537608815,0.31929423625965986,0.49580892105722785,0,0
200,0.2,0.12673267326732673,0.15599637537608815,0.31929423625965986,0.49580892105722785,0,0
201,0.0,0.08118811881188118,0.13254020222321994,1.0,-0.0,0,0
202,0.0,0.033663366336633666,0.07482947971362847,1.0,-0.0,0,0
203,0.0,0.12871287128712872,0.15307840071356585,1.0,-0.0,0,0
204,0.0,0.11683168316831684,0.15225649732072147,1.0,-0.0,0,0
205,0.0,0.11683168316831684,0.15225649732072147,1.0,-0.0,0,0
206,0.0,0.10495049504950495,0.1423816080178024,1.0,-0.0,0,0
207,0.0,0.10495049504950495,0.1423816080178024,1.0,-0.0,0,0
208,0.0,0.0,0.0,1.0,-0.0,0,0
209,0.0,0.0,0.0,1.0,-0.0,0,0
210,0.0,0.0,0.0,1.0,-0.0,0,0
211,0.0,0.0,0.0,1.0,-0.0,0,0
212,0.2,0.19999999999999996,0.1823933297373379,0.4999999999999999,0.3010299956639813,0,0
213,0.2,0.19999999999999996,0.1823933297373379,0.4999999999999999,0.3010299956639813,0,0
214,0.2,0.19999999999999996,0.1823933297373379,0.4999999999999999,0.3010299956639813,0,0
215,0.2,0.19999999999999996,0.1823933297373379,0.4999999999999999,0.3010299956639813,0,0
216,0.2,0.19999999999999996,0.1823933297373379,0.4999999999999999,0.3010299956639813,0,0
217,0.0,0.033663366336633666,0.07994704648786674,1.0,-0.0,0,32
218,0.0,0.033663366336633666,0.07994704648786674,1.0,-0.0,0,0
219,0.0,0.033663366336633666,0.07994704648786674,1.0,-0.0,0,0
220,0.2,0.39207920792079215,0.28690329150534394,1.0,-0.0,0,0
221,0.2,0.39207920792079215,0.28690329150534394,1.0,-0.0,0,0
222,0.2,0.35841584158415846,0.27187188549992036,1.0,-0.0,0,0
223,0.4,0.7386138613861386,0.42003542920575165,1.0,-0.0,0,0
224,0.4,0.7782178217821784,0.43409264886795296,1.0,-0.0,0,0
225,0.2,0.5227722772277229,0.37014345308962476,1.0,-0.0,0,0
226,0.2,0.5643564356435644,0.36737876923189894,1.0,-0.0,0,0
227,0.2,0.5643564356435644,0.36737876923189894,1.0,-0.0,0,0
228,0.0,0.19207920792079206,0.1927822186435128,1.0,-0.0,0,0
229,0.0,0.15247524752475247,0.15957496727054085,1.0,-0.0,0,0
230,0.0,0.097029702970297,0.13084299831035082,1.0,-0.0,0,0
231,0.2,0.25346534653465347,0.21413623702460574,1.0,-0.0,0,0
232,0.2,0.295049504950495,0.22087864040437144,1.0,-0.0,0,0
233,0.2,0.2891089108910891,0.2188633961132372,1.0,-0.0,0,0
234,0.4,0.33069306930693076,0.2132922386325306,0.37261368362096264,0.42874120040070773,0,0
235,0.4,0.2792079207920791,0.18896111585084824,0.26133241657167927,0.5828067155501191,0,0
236,0.2,0.08118811881188118,0.1264228887090089,0.17366078882092117,0.7602982306092326,0,0
237,0.2,0.061386138613861385,0.09644194583672018,0.07531954647324092,1.1230923036946965,0,0
238,0.2,0.061386138613861385,0.09644194583672018,0.07531954647324092,1.1230923036946965,0,0
239,0.4,0.35445544554455455,0.2592925456940949,0.43028473384434884,0.36624406206239324,0,0
240,0.4,0.35445544554455455,0.2592925456940949,0.43028473384434884,0.36624406206239324,0,0
241,0.6,0.40990099009901004,0.26457698368537164,0.23622400313008068,0.6266759750658466,0,0
242,0.6,0.500990099009901,0.2708604000912905,0.35735474128149425,0.44690045142840756,0,0
243,0.6,0.500990099009901,0.2708604000912905,0.35735474128149425,0.44690045142840756,0,0
244,0.2,0.17029702970297025,0.172083651345746,0.4314798834544272,0.3650394472451601,0,0
245,0.2,0.17029702970297025,0.172083651345746,0.4314798834544272,0.3650394472451601,0,0
246,0.0,0.39009900990099017,0.2585201413127539,1.0,-0.0,0,0
247,0.0,0.27524752475247527,0.2195431532916467,1.0,-0.0,0,0
248,0.0,0.27524752475247527,0.2195431532916467,1.0,-0.0,0,0
249,0.0,0.306930693069307,0.23304162962257066,1.0,-0.0,0,0
250,0.0,0.3326732673267327,0.25216249314426303,1.0,-0.0,0,0
251,0.0,0.05544554455445545,0.09797478714338996,1.0,-0.0,0,0
252,0.0,0.08316831683168316,0.12978985828256587,1.0,-0.0,0,0
253,0.0,0.08316831683168316,0.12978985828256587,1.0,-0.0,0,0
254,0.0,0.051485148514851496,0.10773441987117183,1.0,-0.0,0,0
255,0.0,0.0594059405940594,0.10357779667819421,1.0,-0.0,0,0
256,0.0,0.0594059405940594,0.10357779667819421,1.0,-0.0,0,0
257,0.0,0.031683168316831684,0.07826167463512675,1.0,-0.0,0,0
258,0.4,0.6376237623762376,0.36986791464904684,1.0,-0.0,0,0
259,0.4,0.6376237623762376,0.36986791464904684,1.0,-0.0,0,0
260,0.4,0.6059405940594059,0.34750077489142694,1.0,-0.0,0,0
261,0.4,0.6059405940594059,0.34750077489142694,1.0,-0.0,0,0
262,0.6,1.196039603960396,0.47092089938866727,1.0,-0.0,0,0
263,0.2,0.5900990099009901,0.32135386574417096,1.0,-0.0,0,0
264,0.2,0.5900990099009901,0.32135386574417096,1.0,-0.0,0,0
265,0.2,0.5900990099009901,0.32135386574417096,1.0,-0.0,0,0
266,0.2,0.6336633663366337,0.35829000580805365,1.0,-0.0,0,0
267,0.2,0.44554455445544555,0.27123653499462536,1.0,-0.0,0,0
268,0.2,0.44554455445544555,0.27123653499462536,1.0,-0.0,0,0
269,0.2,0.44554455445544555,0.27123653499462536,1.0,-0.0,0,0
270,0.2,0.44554455445544555,0.27123653499462536,1.0,-0.0,0,0
271,0.2,0.4752475247524752,0.30811015793797875,1.0,-0.0,0,0
272,0.0,0.20198019801980197,0.20965799497134932,1.0,-0.0,0,0
273,0.0,0.20198019801980197,0.20965799497134932,1.0,-0.0,0,0
274,0.0,0.20198019801980197,0.20965799497134932,1.0,-0.0,0,0
275,0.0,0.20198019801980197,0.20965799497134932,1.0,-0.0,0,0
276,0.0,0.12673267326732673,0.175132814725978,1.0,-0.0,0,0
277,0.0,0.03762376237623763,0.08771182015980238,1.0,-0.0,0,0
278,0.0,0.16237623762376235,0.1584900816139702,1.0,-0.0,0,0
279,0.0,0.16435643564356434,0.1601881062665876,1.0,-0.0,0,0
280,0.0,0.16435643564356434,0.1601881062665876,1.0,-0.0,0,0
281,0.0,0.16435643564356434,0.1601881062665876,1.0,-0.0,0,0
282,0.0,0.1267326732673267,0.1454872925680942,1.0,-0.0,0,0
283,0.2,0.22970297029702968,0.1896033141162111,1.0,-0.0,0,0
284,0.2,0.22772277227722768,0.1909428466047948,1.0,-0.0,0,0
285,0.2,0.7841584158415842,0.438433908059247,1.0,-0.0,0,0
286,0.2,0.7841584158415842,0.438433908059247,1.0,-0.0,0,0
287,0.8,1.3564356435643565,0.5232071398641114,1.0,-0.0,0,0
288,0.6,1.1485148514851489,0.47064604037852886,1.0,-0.0,0,0
289,0.6,1.1485148514851489,0.47064604037852886,1.0,-0.0,0,0
290,0.6,0.5920792079207922,0.3069115292643993,0.4897052153286171,0.31006527074923407,0,0
291,0.6,0.5920792079207922,0.3069115292643993,0.4897052153286171,0.31006527074923407,0,0
292,0.0,0.017821782178217824,0.05698017651460656,1.0,-0.0,0,0
293,0.0,0.0,0.0,1.0,-0.0,0,0
294,0.0,0.0,0.0,1.0,-0.0,0,0
295,0.2,0.502970297029703,0.33135050555804973,1.0,-0.0,0,0
296,0.2,0.6831683168316832,0.3345069689311474,1.0,-0.0,0,0
297,0.2,0.6831683168316832,0.3345069689311474,1.0,-0.0,0,0
298,0.2,0.6831683168316832,0.3345069689311474,1.0,-0.0,0,0
299,0.2,0.8039603960396039,0.3690825639685323,1.0,-0.0,0,0
300,0.0,0.299009900990099,0.21548703735563077,1.0,-0.0,0,0
301,0.0,0.304950495049505,0.22266444034646485,1.0,-0.0,0,0
302,0.0,0.304950495049505,0.22266444034646485,1.0,-0.0,0,0
303,0.0,0.304950495049505,0.22266444034646485,1.0,-0.0,0,0
304,0.0,0.19801980198019803,0.1856112183041662,1.0,-0.0,0,0
305,0.0,0.19801980198019803,0.1856112183041662,1.0,-0.0,0,0
306,0.0,0.011881188118811883,0.047276579747775535,1.0,-0.0,0,0
307,0.0,0.011881188118811883,0.047276579747775535,1.0,-0.0,0,0
308,0.0,0.011881188118811883,0.047276579747775535,1.0,-0.0,0,0
309,0.0,0.0,0.0,1.0,-0.0,0,0
310,0.0,0.009900990099009901,0.04338396495090424,1.0,-0.0,0,0
311,0.0,0.009900990099009901,0.04338396495090424,1.0,-0.0,0,0
312,0.0,0.009900990099009901,0.04338396495090424,1.0,-0.0,0,0
313,0.0,0.021782178217821784,0.06836703565002801,1.0,-0.0,0,0
314,0.0,0.021782178217821784,0.06836703565002801,1.0,-0.0,0,0
315,0.0,0.011881188118811881,0.055019580156236855,1.0,-0.0,0,0
316,0.0,0.15247524752475244,0.15707352091130253,1.0,-0.0,0,0
317,0.0,0.15247524752475244,0.15707352091130253,1.0,-0.0,0,0
318,0.0,0.1584158415841584,0.14709552815265856,1.0,-0.0,0,0
319,0.0,0.1584158415841584,0.14709552815265856,1.0,-0.0,0,0
320,0.2,0.18415841584158413,0.1657462412502303,0.4619281330926708,0.33542558684451923,0,0
321,0.2,0.043564356435643575,0.08255312311158745,0.029048226759887566,1.5368803738382273,0,0
322,0.2,0.6178217821782178,0.33192986244829287,1.0,-0.0,0,0
323,0.2,0.6,0.3330031367853926,1.0,-0.0,0,0
324,0.2,0.6,0.3330031367853926,1.0,-0.0,0,0
325,0.0,0.7999999999999999,0.40784388393522136,1.0,-0.0,0,0
326,0.0,0.8178217821782178,0.4098770739662813,1.0,-0.0,0,0
327,0.0,0.24356435643564353,0.2244535020246298,1.0,-0.0,0,0
328,0.0,0.4178217821782179,0.28576665673201646,1.0,-0.0,0,0
329,0.0,0.45742574257425744,0.29293547921152235,1.0,-0.0,0,0
330,0.0,0.2514851485148515,0.22804110337598868,1.0,-0.0,0,0
331,0.2,0.29108910891089107,0.24295988745282038,1.0,-0.0,0,0
332,0.2,0.299009900990099,0.2479600133465113,1.0,-0.0,0,0
333,0.2,0.12475247524752475,0.15376846462033406,0.31229483136299685,0.5054352035030862,0,0
334,0.2,0.34851485148514855,0.26349286025089136,1.0,-0.0,0,0
335,0.2,0.3366336633663367,0.27565323756783494,1.0,-0.0,0,0
336,0.0,0.27920792079207923,0.24386200922083262,1.0,-0.0,0,0
337,0.0,0.2910891089108911,0.2413243205795188,1.0,-0.0,0,0
338,0.2,0.34851485148514855,0.26499163498328876,1.0,-0.0,0,0
339,0.4,0.1188118811881188,0.16928087345079215,0.048349256455228536,1.3156102003787933,0,0
340,0.4,0.11485148514851484,0.16006566636008887,0.03741972096093736,1.4268994553602468,0,0
341,0.8,0.3722772277227723,0.25177343731785756,0.044674672535041995,1.349938622185396,0,0
342,1.0,0.41584158415841593,0.25436104116168573,0.01082160200694841,1.9657084424386007,0,0
343,2.4,0.8435643564356438,0.3782230055111047,1.9348327622902208e-05,4.713356567365145,0,0
344,2.2,0.8118811881188119,0.3752984630647805,0.00010835056368956755,3.965168824938239,0,0
345,2.4,0.8237623762376239,0.3830953956246524,1.940281802469991e-05,4.712135189466792,0,0
346,2.0,0.5683168316831684,0.3314924825004606,7.840409829427655e-06,5.105661235528946,0,0
347,1.8,0.5069306930693069,0.2999199318044385,8.111878131941573e-06,5.090878582545116,0,0
348,0.2,0.021782178217821784,0.06230547612891991,0.002115616449879084,2.6745630648030154,0,0
349,0.2,0.06138613861386138,0.10433219700847123,0.09199298471617674,1.0362452902111776,0,0
350,0.0,0.11485148514851484,0.13304219431477882,1.0,-0.0,0,0
351,0.0,0.13663366336633662,0.1405243168254271,1.0,-0.0,0,0
