,foreground,bg_means,bg_stdev,pvals,minus_logs,regs,active
2,0.0,0.009900990099009901,0.04338396495090424,1.0,-0.0,0,0
3,0.0,0.30495049504950494,0.24791256747816615,1.0,-0.0,0,0
4,0.0,0.30495049504950494,0.24791256747816615,1.0,-0.0,0,0
5,0.0,0.29504950495049503,0.23813476408557305,1.0,-0.0,0,0
6,0.0,0.29504950495049503,0.23813476408557305,1.0,-0.0,0,0
7,0.2,0.36039603960396044,0.26997587274699825,1.0,-0.0,0,0
8,0.2,0.06930693069306931,0.1303024465454424,0.15793095749934505,0.8015327315917935,0,0
9,0.2,0.07524752475247524,0.13156027914354926,0.17150024704312533,0.7657352500271066,0,0
10,0.2,0.07524752475247524,0.13156027914354926,0.17150024704312533,0.7657352500271066,0,0
11,0.6,0.1485148514851485,0.17944571499737333,0.005934784516413663,2.226595045038186,0,0
12,0.4,0.09504950495049506,0.1337769960717191,0.011317385673310372,1.946253883994294,0,0
13,0.4,0.0891089108910891,0.13042276277287215,0.008569364695932549,2.0670513740252336,0,0
14,0.4,0.08316831683168317,0.12670172889541695,0.0061989711454489985,2.2076803851682594,0,0
15,0.4,0.08316831683168317,0.12670172889541695,0.0061989711454489985,2.2076803851682594,0,0
16,0.0,0.0712871287128713,0.11461224656227947,1.0,-0.0,0,0
17,0.0,0.0594059405940594,0.10733330877518932,1.0,-0.0,0,0
18,0.0,0.0594059405940594,0.10733330877518932,1.0,-0.0,0,0
19,0.0,0.0594059405940594,0.10733330877518932,1.0,-0.0,0,0
20,0.0,0.07722772277227724,0.12888031758632065,1.0,-0.0,0,0
21,0.4,0.11683168316831684,0.1598695674609062,0.038259909265233205,1.417256064252666,0,0
22,0.4,0.11683168316831684,0.1598695674609062,0.038259909265233205,1.417256064252666,0,0
23,0.4,0.11683168316831684,0.1598695674609062,0.038259909265233205,1.417256064252666,0,0
24,0.4,0.11683168316831684,0.1598695674609062,0.038259909265233205,1.417256064252666,0,0
25,0.4,0.14653465346534653,0.1755130281676066,0.07434982958385349,1.1287200225808551,0,0
26,0.0,0.04554455445544555,0.09283729243351321,1.0,-0.0,0,0
27,0.0,0.06732673267326733,0.10634234916512914,1.0,-0.0,0,0
28,0.0,0.06732673267326733,0.10634234916512914,1.0,-0.0,0,0
29,0.2,0.30297029702970296,0.269379722253361,1.0,-0.0,0,0
30,0.2,0.30891089108910896,0.2793553434269446,1.0,-0.0,0,0
31,0.8,0.5049504950495051,0.314147041822605,0.17381190760441517,0.759920473976286,0,0
32,1.0,0.5435643564356436,0.3234761201598887,0.07911736749330979,1.1017281716402678,0,0
33,1.0,0.5475247524752476,0.3277870775353967,0.08373271500202208,1.0771048267269718,0,0
34,0.8,0.3782178217821782,0.26536131183915623,0.05597786915224995,1.2519836373638324,0,0
35,0.8,0.3267326732673268,0.2481181007156766,0.028232615594159016,1.5492488850309278,0,0
36,0.2,0.17821782178217818,0.1821782178217822,0.4524137872542079,0.3444641684742912,0,0
37,0.0,0.12475247524752475,0.14583724862987696,1.0,-0.0,0,0
38,0.0,0.12673267326732673,0.15083338726765974,1.0,-0.0,0,0
39,0.0,0.061386138613861385,0.11166631429601336,1.0,-0.0,0,0
40,0.0,0.09504950495049505,0.1337769960717191,1.0,-0.0,0,0
41,0.0,0.09504950495049502,0.14513649268759363,1.0,-0.0,0,0
42,0.2,0.097029702970297,0.13962853515884507,0.23042168355485138,0.637476654566898,0,0
43,0.2,0.09108910891089106,0.13937555924568534,0.21727766822866523,0.6629849081178252,0,0
44,0.2,0.09900990099009899,0.14246420394934614,0.23919931221538082,0.6212400734356932,0,0
45,0.2,0.06534653465346535,0.10939585993610405,0.10918337986089162,0.9618434658808062,0,0
46,0.2,0.017821782178217824,0.056980176514606566,0.0006937928196726553,3.15877019915046,0,0
47,0.0,0.007920792079207921,0.03900537743285587,1.0,-0.0,0,0
48,0.0,0.007920792079207921,0.03900537743285587,1.0,-0.0,0,0
49,0.0,0.0,0.0,1.0,-0.0,0,0
50,0.0,0.0,0.0,1.0,-0.0,0,0
51,0.0,0.0,0.0,1.0,-0.0,0,0
52,0.0,0.0,0.0,1.0,-0.0,0,0
53,0.0,0.0,0.0,1.0,-0.0,0,0
54,0.0,0.0,0.0,1.0,-0.0,0,0
55,0.0,0.0,0.0,1.0,-0.0,0,0
56,0.0,0.0,0.0,1.0,-0.0,0,0
57,0.4,0.21782178217821782,0.22881357347571152,0.21296189821797384,0.671698090804799,0,0
58,0.4,0.22970297029702966,0.2394484398314426,0.23847847328376875,0.6225508172779962,0,0
59,0.4,0.22970297029702966,0.2394484398314426,0.23847847328376875,0.6225508172779962,0,0
60,1.0,0.4712871287128714,0.32528331403375954,0.052039537921920884,1.2836665683527826,0,0
61,1.0,0.4712871287128714,0.32528331403375954,0.052039537921920884,1.2836665683527826,0,0
62,0.8,0.29504950495049503,0.24630988998758352,0.020179200522545293,1.695096044022047,0,0
63,0.8,0.3089108910891089,0.24780182512412924,0.023751842265680525,1.6243026995216454,0,0
64,0.8,0.3148514851485148,0.2553918126004412,0.02874121492050072,1.5414948777425914,0,0
65,0.2,0.07326732673267328,0.10038647014365605,0.10339385835372795,0.9855052577827257,0,0
66,0.2,0.07326732673267328,0.10038647014365605,0.10339385835372795,0.9855052577827257,0,0
67,0.0,0.031683168316831684,0.0730260947112308,1.0,-0.0,0,0
68,0.0,0.011881188118811883,0.04727657974777555,1.0,-0.0,0,0
69,0.2,0.021782178217821784,0.06230547612891991,0.002115616449879084,2.6745630648030154,0,0
70,0.2,0.021782178217821784,0.06230547612891991,0.002115616449879084,2.6745630648030154,0,0
71,0.2,0.0297029702970297,0.07648795214189293,0.012991839772286904,1.8863293442020952,0,0
72,0.2,0.03564356435643565,0.08626938974571075,0.028380055950301408,1.5469867526811096,0,0
73,0.4,0.17029702970297028,0.1601636257733956,0.07576089545445655,1.1205549008391147,0,0
74,0.2,0.15445544554455443,0.15384494732320814,0.3835990317980801,0.4161224976569575,0,0
75,0.2,0.33069306930693065,0.2705852016243758,1.0,-0.0,0,0
76,0.2,0.33267326732673275,0.2775811043341819,1.0,-0.0,0,0
77,0.2,0.38811881188118813,0.3067837399724106,1.0,-0.0,0,0
78,0.0,0.2475247524752475,0.24070608156867707,1.0,-0.0,0,0
79,0.0,0.2475247524752475,0.24070608156867707,1.0,-0.0,0,0
80,0.0,0.12277227722772277,0.15662352422404113,1.0,-0.0,0,0
81,0.0,0.12970297029702968,0.14994689122885185,1.0,-0.0,0,0
82,0.2,0.11089108910891088,0.13042276277287215,0.2472303556096665,0.606898206461859,0,0
83,0.2,0.1178217821782178,0.1323033115920005,0.2672554002473079,0.5730735105385982,0,0
84,0.2,0.1178217821782178,0.1323033115920005,0.2672554002473079,0.5730735105385982,0,0
85,0.2,0.07524752475247526,0.10474480123119365,0.11682413710765467,0.9324674180996521,0,0
86,0.2,0.06732673267326733,0.10634234916512914,0.10608783743468066,0.9743344034481476,0,0
87,0.0,0.025742574257425748,0.06697637435757531,1.0,-0.0,0,0
88,0.0,0.13465346534653466,0.16436836411443276,1.0,-0.0,0,0
89,0.2,0.20396039603960395,0.19290421984883258,1.0,-0.0,0,0
90,0.4,0.27524752475247527,0.21033021684397976,0.2765481690659102,0.5582292125056245,0,0
91,0.4,0.26732673267326734,0.20734479386468796,0.26112925869475845,0.5831444641488227,0,0
92,0.4,0.3069306930693069,0.2135310980864724,0.33146976148651236,0.4795560842080363,0,0
93,0.4,0.2316831683168317,0.19444294287406302,0.1933448747702322,0.7136673358149042,0,0
94,0.2,0.2732673267326733,0.2264189969940339,1.0,-0.0,0,0
95,0.0,0.19405940594059407,0.18974802582007907,1.0,-0.0,0,0
96,0.0,0.20990099009900992,0.20943344153850715,1.0,-0.0,0,0
97,0.0,0.201980198019802,0.2019607833806434,1.0,-0.0,0,0
98,0.0,0.1762376237623762,0.17185563527720504,1.0,-0.0,0,0
99,0.2,0.13267326732673265,0.1414975848312859,0.31710294183422544,0.49879972890812296,0,0
100,0.4,0.20198019801980194,0.2019607833806434,0.16342303914125494,0.786686717285965,0,0
101,0.4,0.1861386138613861,0.1975241321114852,0.13946854482851567,0.8555237303673642,0,0
102,0.4,0.15643564356435644,0.18584345673901093,0.0949983594228724,1.022283894708477,0,0
103,0.4,0.14653465346534653,0.17775517507089314,0.07694515970770156,1.1138186945895145,0,0
104,0.2,0.08712871287128712,0.127165103825761,0.18737894802554306,0.7272792035758483,0,0
105,0.0,0.013861386138613863,0.050795070647052104,1.0,-0.0,0,0
106,0.0,0.013861386138613863,0.050795070647052104,1.0,-0.0,0,0
107,0.0,0.013861386138613863,0.050795070647052104,1.0,-0.0,0,0
108,0.0,0.023762376237623766,0.07056843438101174,1.0,-0.0,0,0
109,0.0,0.015841584158415842,0.054012600780142014,1.0,-0.0,0,0
110,0.0,0.015841584158415842,0.054012600780142014,1.0,-0.0,0,0
111,0.0,0.019801980198019802,0.059735061897023205,1.0,-0.0,0,0
112,0.0,0.019801980198019802,0.059735061897023205,1.0,-0.0,0,0
113,0.0,0.0039603960396039604,0.02786385599895107,1.0,-0.0,0,0
114,0.0,0.0039603960396039604,0.02786385599895107,1.0,-0.0,0,0
115,0.0,0.0039603960396039604,0.02786385599895107,1.0,-0.0,0,0
116,0.0,0.0,0.0,1.0,-0.0,0,0
117,0.0,0.0,0.0,1.0,-0.0,0,0
118,0.0,0.0,0.0,1.0,-0.0,0,0
119,0.0,0.0,0.0,1.0,-0.0,0,0
120,0.0,0.0,0.0,1.0,-0.0,0,0
121,0.0,0.0,0.0,1.0,-0.0,0,0
122,0.0,0.0,0.0,1.0,-0.0,0,0
123,0.0,0.0,0.0,1.0,-0.0,0,0
124,0.0,0.007920792079207921,0.03900537743285587,1.0,-0.0,0,0
125,0.0,0.007920792079207921,0.03900537743285587,1.0,-0.0,0,0
126,0.0,0.007920792079207921,0.03900537743285587,1.0,-0.0,0,0
127,0.0,0.007920792079207921,0.03900537743285587,1.0,-0.0,0,0
128,0.0,0.007920792079207921,0.03900537743285587,1.0,-0.0,0,0
129,0.0,0.0019801980198019802,0.019801980198019802,1.0,-0.0,0,0
130,0.0,0.0019801980198019802,0.019801980198019802,1.0,-0.0,0,0
131,0.0,0.013861386138613863,0.05079507064705211,1.0,-0.0,0,0
132,0.0,0.041584158415841586,0.10270338597932628,1.0,-0.0,0,0
133,0.0,0.05148514851485149,0.10773441987117183,1.0,-0.0,0,0
134,0.0,0.05148514851485149,0.10773441987117183,1.0,-0.0,0,0
135,0.0,0.05940594059405942,0.11447531431916541,1.0,-0.0,0,0
136,0.0,0.0594059405940594,0.1109617879296784,1.0,-0.0,0,0
137,0.2,0.049504950495049514,0.1104659459879711,0.08654120333495537,1.0627770703333004,0,0
138,0.2,0.04752475247524753,0.10953914206684617,0.0819656750723743,1.0863679799036905,0,0
139,0.2,0.051485148514851496,0.10773441987117183,0.08402025455510521,1.0756160070195209,0,0
140,0.4,0.05544554455445545,0.10575073206193021,0.0005606549752454359,3.2513043195704925,0,0
141,0.4,0.04356435643564357,0.0916470215081674,5.0282976284261656e-05,4.298579024033491,0,0
142,0.2,0.057425742574257435,0.09885135821266286,0.07460753442729876,1.127217312004932,0,0
143,0.4,0.08316831683168317,0.12353642740976017,0.005163516382656369,2.2870544407238294,0,0
144,0.4,0.07722772277227723,0.122580495370631,0.004229905136374424,2.3736693723911744,0,0
145,0.2,0.06534653465346535,0.1129581045303102,0.11661777127180513,0.9332352628086961,0,0
146,0.2,0.06534653465346535,0.1129581045303102,0.11661777127180513,0.9332352628086961,0,0
147,0.2,0.033663366336633666,0.07482947971362845,0.01311209067436901,1.882328056139666,0,0
148,0.0,0.0,0.0,1.0,-0.0,0,0
149,0.0,0.0,0.0,1.0,-0.0,0,0
150,0.2,0.009900990099009901,0.04338396495090424,5.885669548817485e-06,5.230204125035219,0,0
151,0.2,0.009900990099009901,0.04338396495090424,5.885669548817485e-06,5.230204125035219,0,0
152,0.2,0.009900990099009901,0.04338396495090424,5.885669548817485e-06,5.230204125035219,0,0
153,0.2,0.009900990099009901,0.04338396495090424,5.885669548817485e-06,5.230204125035219,0,0
154,0.2,0.0297029702970297,0.08150144802873932,0.018331504659791168,1.7368018864493864,0,0
155,0.0,0.019801980198019802,0.06603299802191315,1.0,-0.0,0,0
156,0.0,0.019801980198019802,0.06603299802191315,1.0,-0.0,0,0
157,0.0,0.019801980198019802,0.06603299802191315,1.0,-0.0,0,0
158,0.0,0.019801980198019802,0.06603299802191315,1.0,-0.0,0,0
159,0.0,0.06336633663366337,0.09721138779115705,1.0,-0.0,0,0
160,0.0,0.06336633663366337,0.09721138779115705,1.0,-0.0,0,0
161,0.0,0.06336633663366337,0.09721138779115705,1.0,-0.0,0,0
162,0.0,0.12277227722772277,0.12888031758632065,1.0,-0.0,0,0
163,0.0,0.12277227722772277,0.12888031758632065,1.0,-0.0,0,0
164,0.0,0.0712871287128713,0.11801714396634724,1.0,-0.0,0,0
165,0.0,0.08316831683168317,0.12028786177019754,1.0,-0.0,0,0
166,0.0,0.08316831683168317,0.12028786177019754,1.0,-0.0,0,0
167,0.0,0.03564356435643565,0.08154954567118416,1.0,-0.0,0,0
168,0.0,0.03564356435643565,0.08154954567118416,1.0,-0.0,0,0
169,0.0,0.0297029702970297,0.07112192077650681,1.0,-0.0,0,0
170,0.2,0.05742574257425742,0.11021718851545143,0.09790604061927329,1.0091905122143665,0,0
171,0.2,0.3405940594059405,0.26332911223571154,1.0,-0.0,0,0
172,0.2,0.3376237623762376,0.2605597497652424,1.0,-0.0,0,0
173,0.2,0.6534653465346534,0.30166677453531954,1.0,-0.0,0,0
174,0.2,0.6752475247524752,0.30682208234846037,1.0,-0.0,0,0
175,0.0,0.6356435643564355,0.2996975896313811,1.0,-0.0,0,0
176,0.0,0.3544554455445545,0.24677112997503972,1.0,-0.0,0,0
177,0.0,0.596039603960396,0.3353499109705592,1.0,-0.0,0,0
178,0.0,0.27920792079207923,0.23050389558064985,1.0,-0.0,0,0
179,0.0,0.2495049504950495,0.22410383129972447,1.0,-0.0,0,0
180,0.0,0.2495049504950495,0.22410383129972447,1.0,-0.0,0,0
181,0.0,0.5346534653465347,0.31353482714768066,1.0,-0.0,0,0
182,0.0,0.5405940594059406,0.31534303742406944,1.0,-0.0,0,0
183,0.0,0.5405940594059406,0.31534303742406944,1.0,-0.0,0,0
184,0.0,0.8495049504950495,0.3553338305926012,1.0,-0.0,0,0
185,0.0,0.8495049504950495,0.3553338305926012,1.0,-0.0,0,0
186,0.0,0.5881188118811882,0.29760999421392775,1.0,-0.0,0,0
187,0.0,0.33069306930693076,0.231115493076696,1.0,-0.0,0,0
188,0.0,0.401980198019802,0.2556220128808701,1.0,-0.0,0,0
189,0.0,0.34257425742574266,0.2719007297931956,1.0,-0.0,0,0
190,0.0,0.34257425742574266,0.2719007297931956,1.0,-0.0,0,0
191,0.0,0.3267326732673268,0.2710051291425432,1.0,-0.0,0,0
192,0.0,0.3594059405940595,0.28982009367430445,1.0,-0.0,0,0
193,0.0,0.299009900990099,0.24796001334651127,1.0,-0.0,0,0
194,0.0,0.08712871287128712,0.13024224675172555,1.0,-0.0,0,0
195,0.0,0.14059405940594058,0.15036471688371983,1.0,-0.0,0,0
196,0.0,0.13465346534653466,0.14921288105967925,1.0,-0.0,0,0
197,0.0,0.10099009900990098,0.12781100644043505,1.0,-0.0,0,0
198,0.0,0.0891089108910891,0.11765109526742927,1.0,-0.0,0,0
199,0.0,0.2653465346534653,0.22357829982213775,1.0,-0.0,0,0
200,0.0,0.21386138613861388,0.19347254159325525,1.0,-0.0,0,0
201,0.0,0.21386138613861388,0.19347254159325525,1.0,-0.0,0,0
202,0.0,0.21386138613861388,0.19347254159325525,1.0,-0.0,0,0
203,0.0,0.21386138613861388,0.19347254159325525,1.0,-0.0,0,0
204,0.0,0.0,0.0,1.0,-0.0,0,0
205,0.0,0.0059405940594059415,0.03395332316729158,1.0,-0.0,0,0
206,0.0,0.0059405940594059415,0.03395332316729158,1.0,-0.0,0,0
207,0.0,0.011881188118811881,0.047276579747775535,1.0,-0.0,0,0
208,0.0,0.011881188118811881,0.047276579747775535,1.0,-0.0,0,0
209,0.0,0.011881188118811881,0.047276579747775535,1.0,-0.0,0,0
210,0.0,0.0059405940594059415,0.033953323167291584,1.0,-0.0,0,0
211,0.0,0.013861386138613863,0.05079507064705211,1.0,-0.0,0,0
212,0.0,0.015841584158415842,0.054012600780142014,1.0,-0.0,0,0
213,0.0,0.02970297029702971,0.07112192077650681,1.0,-0.0,0,0
214,0.0,0.02970297029702971,0.07112192077650681,1.0,-0.0,0,0
215,0.0,0.02970297029702971,0.07112192077650681,1.0,-0.0,0,0
216,0.0,0.021782178217821784,0.06230547612891991,1.0,-0.0,0,0
217,0.0,0.013861386138613863,0.05079507064705211,1.0,-0.0,0,0
218,0.0,0.0059405940594059415,0.033953323167291584,1.0,-0.0,0,0
219,0.0,0.011881188118811883,0.04727657974777554,1.0,-0.0,0,0
220,0.0,0.027722772277227727,0.07461957893630407,1.0,-0.0,0,0
221,0.0,0.03564356435643565,0.08626938974571075,1.0,-0.0,0,0
222,0.0,0.03762376237623762,0.09211646217515253,1.0,-0.0,0,0
223,0.0,0.06930693069306931,0.11057238501634631,1.0,-0.0,0,0
224,0.0,0.06336633663366337,0.10504385908811757,1.0,-0.0,0,0
225,0.0,0.04752475247524753,0.08965727859541997,1.0,-0.0,0,0
226,0.0,0.04554455445544554,0.09283729243351323,1.0,-0.0,0,0
227,0.0,0.04356435643564357,0.09164702150816742,1.0,-0.0,0,0
228,0.0,0.023762376237623766,0.06471340450838887,1.0,-0.0,0,0
229,0.0,0.023762376237623766,0.06471340450838887,1.0,-0.0,0,0
230,0.0,0.023762376237623766,0.06471340450838887,1.0,-0.0,0,0
231,0.0,0.017821782178217824,0.05698017651460656,1.0,-0.0,0,0
232,0.0,0.0297029702970297,0.07112192077650681,1.0,-0.0,0,0
233,0.0,0.031683168316831684,0.07826167463512675,1.0,-0.0,0,0
234,0.0,0.04752475247524753,0.09397077637785879,1.0,-0.0,0,0
235,0.0,0.04752475247524753,0.09397077637785879,1.0,-0.0,0,0
236,0.0,0.04752475247524753,0.09397077637785879,1.0,-0.0,0,0
237,0.0,0.03564356435643565,0.07653920035678292,1.0,-0.0,0,0
238,0.0,0.015841584158415842,0.05401260078014202,1.0,-0.0,0,0
239,0.0,0.0,0.0,1.0,-0.0,0,0
240,0.0,0.0,0.0,1.0,-0.0,0,0
241,0.0,0.0,0.0,1.0,-0.0,0,0
242,0.0,0.013861386138613863,0.05079507064705211,1.0,-0.0,0,0
243,0.0,0.033663366336633666,0.09363635974286645,1.0,-0.0,0,0
244,0.0,0.033663366336633666,0.09363635974286645,1.0,-0.0,0,0
245,0.0,0.21386138613861388,0.22560357019605726,1.0,-0.0,0,0
246,0.0,0.402970297029703,0.3122754069900524,1.0,-0.0,0,0
247,0.0,0.3891089108910892,0.29447082596810603,1.0,-0.0,0,0
248,0.0,0.3693069306930693,0.27494106452450223,1.0,-0.0,0,0
249,0.0,0.394059405940594,0.2778352607472611,1.0,-0.0,0,0
250,0.0,0.3089108910891089,0.23297431545894154,1.0,-0.0,0,0
251,0.0,0.19999999999999998,0.15920595043359828,1.0,-0.0,0,0
252,0.0,0.23366336633663368,0.16666633990099655,1.0,-0.0,0,0
253,0.0,0.23366336633663368,0.16666633990099655,1.0,-0.0,0,0
254,0.0,0.2158415841584158,0.16333933170139625,1.0,-0.0,0,0
255,0.0,0.11881188118811879,0.14939672169394075,1.0,-0.0,0,0
256,0.0,0.039603960396039604,0.08452453849668534,1.0,-0.0,0,0
257,0.0,0.07920792079207921,0.11966689053257921,1.0,-0.0,0,0
258,0.0,0.07920792079207921,0.11966689053257921,1.0,-0.0,0,0
259,0.0,0.07326732673267328,0.11159606181073561,1.0,-0.0,0,0
260,0.0,0.07326732673267328,0.11159606181073561,1.0,-0.0,0,0
261,0.0,0.07326732673267328,0.11159606181073561,1.0,-0.0,0,0
262,0.0,0.0,0.0,1.0,-0.0,0,0
263,0.0,0.0,0.0,1.0,-0.0,0,0
264,0.0,0.0,0.0,1.0,-0.0,0,0
265,0.0,0.0039603960396039604,0.027863855998951064,1.0,-0.0,0,0
266,0.0,0.019801980198019802,0.059735061897023205,1.0,-0.0,0,0
267,0.0,0.019801980198019802,0.059735061897023205,1.0,-0.0,0,0
268,0.0,0.019801980198019802,0.059735061897023205,1.0,-0.0,0,0
269,0.0,0.019801980198019802,0.059735061897023205,1.0,-0.0,0,0
270,0.0,0.015841584158415842,0.05401260078014202,1.0,-0.0,0,0
271,0.0,0.0,0.0,1.0,-0.0,0,0
272,0.0,0.0,0.0,1.0,-0.0,0,0
273,0.0,0.0,0.0,1.0,-0.0,0,0
274,0.0,0.0039603960396039604,0.027863855998951068,1.0,-0.0,0,0
275,0.0,0.08712871287128714,0.13618810981425267,1.0,-0.0,0,0
276,0.0,0.08712871287128714,0.13618810981425267,1.0,-0.0,0,0
277,0.0,0.08712871287128714,0.13618810981425267,1.0,-0.0,0,0
278,0.0,0.11683168316831684,0.14696218071508493,1.0,-0.0,0,0
279,0.0,0.12574257425742574,0.14802559676063964,1.0,-0.0,0,0
280,0.0,0.08712871287128714,0.12077584698595571,1.0,-0.0,0,0
281,0.0,0.08712871287128714,0.12077584698595571,1.0,-0.0,0,0
282,0.0,0.11485148514851484,0.13304219431477882,1.0,-0.0,0,0
283,0.0,0.08514851485148513,0.11378818137472192,1.0,-0.0,0,0
284,0.0,0.07326732673267328,0.11159606181073561,1.0,-0.0,0,0
285,0.0,0.031683168316831684,0.07826167463512675,1.0,-0.0,0,0
286,0.0,0.031683168316831684,0.07826167463512675,1.0,-0.0,0,0
287,0.0,0.0039603960396039604,0.027863855998951068,1.0,-0.0,0,0
288,0.0,0.0039603960396039604,0.027863855998951068,1.0,-0.0,0,0
289,0.0,0.0039603960396039604,0.027863855998951068,1.0,-0.0,0,0
290,0.0,0.0,0.0,1.0,-0.0,0,0
291,0.0,0.08712871287128714,0.13024224675172555,1.0,-0.0,0,0
292,0.0,0.08712871287128714,0.13024224675172555,1.0,-0.0,0,0
293,0.0,0.08712871287128714,0.13024224675172555,1.0,-0.0,0,0
294,0.0,0.08712871287128714,0.13024224675172555,1.0,-0.0,0,0
295,0.0,0.08712871287128714,0.13024224675172555,1.0,-0.0,0,0
296,0.0,0.0,0.0,1.0,-0.0,0,0
297,0.0,0.0,0.0,1.0,-0.0,0,0
298,0.0,0.033663366336633666,0.07482947971362847,1.0,-0.0,0,0
299,0.0,0.033663366336633666,0.07482947971362847,1.0,-0.0,0,0
300,0.0,0.033663366336633666,0.07482947971362847,1.0,-0.0,0,0
301,0.0,0.033663366336633666,0.07482947971362847,1.0,-0.0,0,0
302,0.0,0.033663366336633666,0.07482947971362847,1.0,-0.0,0,0
303,0.0,0.0,0.0,1.0,-0.0,0,0
304,0.0,0.0,0.0,1.0,-0.0,0,0
305,0.0,0.0,0.0,1.0,-0.0,0,0
306,0.0,0.0,0.0,1.0,-0.0,0,0
307,0.0,0.0,0.0,1.0,-0.0,0,0
308,0.0,0.023762376237623766,0.06471340450838889,1.0,-0.0,0,0
309,0.0,0.023762376237623766,0.06471340450838889,1.0,-0.0,0,0
310,0.0,0.2059405940594059,0.21146438137366325,1.0,-0.0,0,0
311,0.0,0.2059405940594059,0.21146438137366325,1.0,-0.0,0,0
312,0.0,0.22574257425742572,0.2155598124463093,1.0,-0.0,0,0
313,0.0,0.2514851485148515,0.2297712428413511,1.0,-0.0,0,0
314,0.0,0.2514851485148515,0.2297712428413511,1.0,-0.0,0,0
315,0.0,0.06930693069306931,0.10693069306930696,1.0,-0.0,0,0
316,0.0,0.06930693069306931,0.10693069306930696,1.0,-0.0,0,0
317,0.0,0.2673267326732673,0.23255316048955563,1.0,-0.0,0,0
318,0.0,0.22574257425742575,0.21920353819619254,1.0,-0.0,0,0
319,0.0,0.22574257425742575,0.21920353819619254,1.0,-0.0,0,0
320,0.0,0.22574257425742575,0.21920353819619254,1.0,-0.0,0,0
321,0.0,0.22574257425742575,0.21920353819619254,1.0,-0.0,0,0
322,0.0,0.007920792079207921,0.03900537743285587,1.0,-0.0,0,0
323,0.0,0.013861386138613863,0.05079507064705211,1.0,-0.0,0,0
324,0.0,0.2514851485148515,0.23319301544579057,1.0,-0.0,0,0
325,0.0,0.45148514851485155,0.3116909682368475,1.0,-0.0,0,0
326,0.0,0.45148514851485155,0.3116909682368475,1.0,-0.0,0,0
327,0.0,0.45148514851485155,0.3116909682368475,1.0,-0.0,0,0
328,0.0,0.4376237623762377,0.3040490727551562,1.0,-0.0,0,0
329,0.0,0.2099009900990099,0.19166025556535227,1.0,-0.0,0,0
330,0.0,0.009900990099009901,0.04338396495090424,1.0,-0.0,0,0
331,0.0,0.009900990099009901,0.04338396495090424,1.0,-0.0,0,0
332,0.0,0.009900990099009901,0.04338396495090424,1.0,-0.0,0,0
333,0.0,0.009900990099009901,0.04338396495090424,1.0,-0.0,0,0
334,0.0,0.0,0.0,1.0,-0.0,0,0
335,0.0,0.0,0.0,1.0,-0.0,0,0
336,0.0,0.0,0.0,1.0,-0.0,0,0
337,0.0,0.019801980198019802,0.0597350618970232,1.0,-0.0,0,0
338,0.0,0.019801980198019802,0.0597350618970232,1.0,-0.0,0,0
339,0.0,0.023762376237623766,0.06471340450838887,1.0,-0.0,0,0
340,0.0,0.023762376237623766,0.06471340450838887,1.0,-0.0,0,0
341,0.0,0.023762376237623766,0.06471340450838887,1.0,-0.0,0,0
342,0.0,0.0039603960396039604,0.027863855998951068,1.0,-0.0,0,0
343,0.0,0.0039603960396039604,0.027863855998951068,1.0,-0.0,0,0
344,0.0,0.0,0.0,1.0,-0.0,0,0
345,0.0,0.0,0.0,1.0,-0.0,0,0
346,0.0,0.0059405940594059415,0.033953323167291584,1.0,-0.0,0,0
347,0.0,0.0059405940594059415,0.033953323167291584,1.0,-0.0,0,0
348,0.0,0.06534653465346535,0.10571364605971598,1.0,-0.0,0,0
349,0.0,0.06930693069306931,0.10693069306930694,1.0,-0.0,0,0
350,0.2,0.10297029702970298,0.13084299831035082,0.22917288574708766,0.6398367665781116,0,0
351,0.4,0.1306930693069307,0.1447035715361989,0.031365460507025815,1.5035483317774674,0,0
352,0.4,0.1762376237623762,0.17185563527720504,0.09645188823811109,1.0156892657560734,0,0
353,0.4,0.11683168316831684,0.1548357845728682,0.03371254499776676,1.4722084608647843,0,0
354,0.4,0.11683168316831684,0.15225649732072147,0.031456131410889966,1.5022946895389184,0,0
355,0.2,0.08316831683168316,0.12978985828256587,0.1840174638895371,0.7351409589961647,0,0
356,0.0,0.05148514851485149,0.10399339410297727,1.0,-0.0,0,0
357,0.0,0.02970297029702971,0.07648795214189293,1.0,-0.0,0,0
358,0.4,0.21386138613861383,0.1914145896807061,0.1654166162974663,0.7814208671907223,0,0
359,0.4,0.20990099009900987,0.18748198619476633,0.15530120578607587,0.8088251723190514,0,0
360,0.4,0.20990099009900987,0.18748198619476633,0.15530120578607587,0.8088251723190514,0,0
361,0.4,0.2158415841584158,0.1922934397831321,0.16910835492850557,0.771834935218871,0,0
362,0.4,0.19207920792079206,0.1755800391893932,0.11816817987544471,0.9274994537843755,0,0
363,0.0,0.0059405940594059415,0.03395332316729158,1.0,-0.0,0,0
364,0.0,0.0059405940594059415,0.03395332316729158,1.0,-0.0,0,0
365,0.0,0.009900990099009901,0.04338396495090424,1.0,-0.0,0,0
366,0.0,0.0039603960396039604,0.027863855998951064,1.0,-0.0,0,0
367,0.0,0.0039603960396039604,0.027863855998951064,1.0,-0.0,0,0
368,0.0,0.0039603960396039604,0.027863855998951064,1.0,-0.0,0,0
369,0.0,0.0039603960396039604,0.027863855998951064,1.0,-0.0,0,0
370,0.0,0.0,0.0,1.0,-0.0,0,0
371,0.0,0.0,0.0,1.0,-0.0,0,0
372,0.0,0.0,0.0,1.0,-0.0,0,0
373,0.0,0.0,0.0,1.0,-0.0,0,0
374,0.0,0.07524752475247526,0.10845991237726066,1.0,-0.0,0,0
375,0.0,0.07524752475247526,0.10845991237726066,1.0,-0.0,0,0
376,0.0,0.1089108910891089,0.13357165904190144,1.0,-0.0,0,0
377,0.0,0.3306930693069308,0.25861113215547743,1.0,-0.0,0,0
378,0.0,0.3405940594059407,0.25724289012364326,1.0,-0.0,0,0
379,0.0,0.27524752475247516,0.22312183795648752,1.0,-0.0,0,0
380,0.0,0.27524752475247516,0.22312183795648752,1.0,-0.0,0,0
381,0.0,0.24158415841584152,0.21307151531852705,1.0,-0.0,0,0
382,0.0,0.031683168316831684,0.08316831683168317,1.0,-0.0,0,0
383,0.0,0.023762376237623766,0.07056843438101175,1.0,-0.0,0,0
384,0.0,0.011881188118811883,0.047276579747775535,1.0,-0.0,0,0
385,0.0,0.013861386138613863,0.05079507064705211,1.0,-0.0,0,0
386,0.0,0.013861386138613863,0.05079507064705211,1.0,-0.0,0,0
387,0.0,0.0019801980198019802,0.019801980198019802,1.0,-0.0,0,0
388,0.0,0.009900990099009901,0.04338396495090425,1.0,-0.0,0,0
389,0.0,0.009900990099009901,0.04338396495090425,1.0,-0.0,0,0
390,0.0,0.007920792079207921,0.03900537743285587,1.0,-0.0,0,0
391,0.0,0.007920792079207921,0.03900537743285587,1.0,-0.0,0,0
392,0.0,0.0712871287128713,0.11461224656227947,1.0,-0.0,0,0
393,0.0,0.06336633663366338,0.10874875419996817,1.0,-0.0,0,0
394,0.0,0.06336633663366338,0.10874875419996817,1.0,-0.0,0,0
395,0.0,0.06336633663366338,0.10874875419996817,1.0,-0.0,0,0
396,0.0,0.06336633663366338,0.10874875419996817,1.0,-0.0,0,0
397,0.0,0.0,0.0,1.0,-0.0,0,0
398,0.0,0.0,0.0,1.0,-0.0,0,0
399,0.0,0.0039603960396039604,0.027863855998951068,1.0,-0.0,0,0
400,0.0,0.0039603960396039604,0.027863855998951068,1.0,-0.0,0,0
401,0.0,0.0059405940594059415,0.033953323167291584,1.0,-0.0,0,0
402,0.0,0.0059405940594059415,0.033953323167291584,1.0,-0.0,0,0
403,0.0,0.0059405940594059415,0.033953323167291584,1.0,-0.0,0,0
404,0.0,0.0019801980198019802,0.0198019801980198,1.0,-0.0,0,0
405,0.0,0.0039603960396039604,0.02786385599895107,1.0,-0.0,0,0
406,0.0,0.0019801980198019802,0.0198019801980198,1.0,-0.0,0,0
407,0.0,0.0059405940594059415,0.033953323167291584,1.0,-0.0,0,0
408,0.0,0.0059405940594059415,0.033953323167291584,1.0,-0.0,0,0
409,0.0,0.0059405940594059415,0.033953323167291584,1.0,-0.0,0,0
410,0.0,0.007920792079207921,0.03900537743285587,1.0,-0.0,0,0
411,0.0,0.0613861386138614,0.0964419458367202,1.0,-0.0,0,0
412,0.0,0.06336633663366337,0.09721138779115705,1.0,-0.0,0,0
413,0.0,0.06336633663366337,0.09721138779115705,1.0,-0.0,0,0
414,0.0,0.06336633663366337,0.09721138779115705,1.0,-0.0,0,0
415,0.0,0.0594059405940594,0.0956253185556407,1.0,-0.0,0,0
416,0.0,0.0059405940594059415,0.033953323167291584,1.0,-0.0,0,0
417,0.0,0.0,0.0,1.0,-0.0,0,0
418,0.0,0.0,0.0,1.0,-0.0,0,0
419,0.0,0.0,0.0,1.0,-0.0,0,0
420,0.0,0.0,0.0,1.0,-0.0,0,0
421,0.0,0.0,0.0,1.0,-0.0,0,0
422,0.0,0.0,0.0,1.0,-0.0,0,0
423,0.0,0.0,0.0,1.0,-0.0,0,0
424,0.0,0.0,0.0,1.0,-0.0,0,0
425,0.0,0.0,0.0,1.0,-0.0,0,0
426,0.0,0.0,0.0,1.0,-0.0,0,0
427,0.0,0.0,0.0,1.0,-0.0,0,0
428,0.0,0.0,0.0,1.0,-0.0,0,0
429,0.0,0.009900990099009901,0.04338396495090424,1.0,-0.0,0,0
430,0.0,0.019801980198019802,0.059735061897023205,1.0,-0.0,0,0
431,0.0,0.019801980198019802,0.059735061897023205,1.0,-0.0,0,0
432,0.0,0.019801980198019802,0.059735061897023205,1.0,-0.0,0,0
433,0.0,0.019801980198019802,0.059735061897023205,1.0,-0.0,0,0
434,0.0,0.017821782178217824,0.05698017651460656,1.0,-0.0,0,0
435,0.0,0.007920792079207921,0.03900537743285587,1.0,-0.0,0,0
436,0.2,0.011881188118811881,0.05501958015623685,0.00031411450971006826,3.502912002024055,0,0
437,0.2,0.011881188118811881,0.05501958015623685,0.00031411450971006826,3.502912002024055,0,0
438,0.4,0.06732673267326733,0.11698261772468857,0.0022290647018759187,2.65187732530179,0,0
439,0.4,0.05940594059405942,0.0996808946427978,0.0003167579367343702,3.4992724945605174,0,0
440,0.4,0.0613861386138614,0.10433219700847123,0.0005861494943187688,3.231991605351054,0,0
441,0.2,0.057425742574257435,0.09476028605152792,0.06621628156331662,1.1790352111084907,0,0
442,0.2,0.057425742574257435,0.09476028605152792,0.06621628156331662,1.1790352111084907,0,0
443,0.0,0.0019801980198019802,0.0198019801980198,1.0,-0.0,0,0
444,0.0,0.0019801980198019802,0.0198019801980198,1.0,-0.0,0,0
445,0.0,0.0,0.0,1.0,-0.0,0,0
446,0.0,0.0,0.0,1.0,-0.0,0,0
447,0.0,0.0,0.0,1.0,-0.0,0,0
448,0.0,0.0,0.0,1.0,-0.0,0,0
449,0.0,0.0,0.0,1.0,-0.0,0,0
450,0.0,0.0,0.0,1.0,-0.0,0,0
451,0.0,0.0,0.0,1.0,-0.0,0,0
452,0.0,0.0,0.0,1.0,-0.0,0,0
453,0.0,0.0,0.0,1.0,-0.0,0,0
454,0.0,0.0,0.0,1.0,-0.0,0,0
455,0.0,0.0,0.0,1.0,-0.0,0,0
456,0.0,0.0,0.0,1.0,-0.0,0,0
457,0.0,0.0,0.0,1.0,-0.0,0,0
458,0.0,0.0,0.0,1.0,-0.0,0,0
459,0.0,0.0,0.0,1.0,-0.0,0,0
460,0.0,0.0,0.0,1.0,-0.0,0,0
461,0.0,0.0,0.0,1.0,-0.0,0,0
462,0.0,0.03564356435643565,0.07653920035678292,1.0,-0.0,0,0
463,0.0,0.04356435643564357,0.08255312311158745,1.0,-0.0,0,0
464,0.0,0.05544554455445545,0.09384550979067555,1.0,-0.0,0,0
465,0.0,0.05544554455445545,0.09384550979067555,1.0,-0.0,0,0
466,0.0,0.06534653465346536,0.09793475658517417,1.0,-0.0,0,0
467,0.0,0.04554455445544555,0.08846854615322249,1.0,-0.0,0,0
468,1.0,0.2574257425742574,0.23094576734837932,0.0006514004615663495,3.186151938040646,0,0
469,2.0,0.4475247524752475,0.28164792972434227,1.77275461880163e-08,7.751351374424757,0,0
470,2.0,0.45544554455445546,0.27877925101589013,1.508725507812252e-08,7.821389767040958,0,0
471,3.2,0.6,0.30572102730210343,1.9120145704536816e-17,16.71850880251833,0,0
472,4.2,0.7861386138613861,0.3495484223939204,1.0000078394571997e-17,16.999996595380342,0,0
473,3.2,0.5702970297029704,0.3322722712902854,1.2532243442606568e-15,14.90197117740717,0,0
474,2.4,0.4910891089108912,0.29453739862420675,4.554398301769542e-11,10.34156899113491,0,0
475,2.4,0.49900990099009906,0.28924450909323113,2.4778634316392442e-11,10.605922633601569,0,0
476,1.2,0.3465346534653466,0.2159777933375997,3.8809578260244356e-05,4.411061076668484,0,0
477,0.2,0.14455445544554454,0.1569986110329885,0.3619844495191884,0.44131008591177023,0,0
478,0.2,0.3722772277227724,0.23719433144061852,1.0,-0.0,0,0
479,0.0,0.24752475247524752,0.20128009124076135,1.0,-0.0,0,0
480,0.0,0.2316831683168317,0.18611754673281874,1.0,-0.0,0,0
481,0.0,0.2316831683168317,0.18611754673281874,1.0,-0.0,0,0
482,0.0,0.2316831683168317,0.18611754673281874,1.0,-0.0,0,0
483,0.0,0.19207920792079206,0.1822212605200371,1.0,-0.0,0,0
484,0.0,0.19207920792079206,0.1822212605200371,1.0,-0.0,0,0
485,0.0,0.19207920792079206,0.1822212605200371,1.0,-0.0,0,0
486,0.0,0.19207920792079206,0.1822212605200371,1.0,-0.0,0,0
487,0.0,0.19207920792079206,0.1822212605200371,1.0,-0.0,0,0
488,0.0,0.04356435643564357,0.10380469245212799,1.0,-0.0,0,0
489,0.0,0.04356435643564357,0.10380469245212799,1.0,-0.0,0,0
490,0.0,0.04356435643564357,0.10380469245212799,1.0,-0.0,0,0
491,0.0,0.04356435643564357,0.10380469245212799,1.0,-0.0,0,0
492,0.0,0.049504950495049514,0.1104659459879711,1.0,-0.0,0,0
493,0.0,0.0059405940594059415,0.033953323167291584,1.0,-0.0,0,0
494,0.0,0.0059405940594059415,0.033953323167291584,1.0,-0.0,0,0
495,0.0,0.0059405940594059415,0.033953323167291584,1.0,-0.0,0,0
496,0.0,0.0059405940594059415,0.033953323167291584,1.0,-0.0,0,0
497,0.0,0.0,0.0,1.0,-0.0,0,0
498,0.0,0.0,0.0,1.0,-0.0,0,0
499,0.0,0.0,0.0,1.0,-0.0,0,0
500,0.0,0.0,0.0,1.0,-0.0,0,0
501,0.0,0.009900990099009901,0.04338396495090424,1.0,-0.0,0,0
502,0.0,0.015841584158415842,0.05401260078014202,1.0,-0.0,0,0
503,0.0,0.015841584158415842,0.05401260078014202,1.0,-0.0,0,0
504,0.0,0.015841584158415842,0.05401260078014202,1.0,-0.0,0,0
505,0.0,0.039603960396039604,0.07970143286137865,1.0,-0.0,0,0
506,0.0,0.047524752475247525,0.09809478080396704,1.0,-0.0,0,0
507,0.0,0.041584158415841586,0.09467748980500532,1.0,-0.0,0,0
508,0.0,0.041584158415841586,0.09467748980500532,1.0,-0.0,0,0
509,0.0,0.041584158415841586,0.09467748980500532,1.0,-0.0,0,0
510,0.0,0.017821782178217824,0.05698017651460656,1.0,-0.0,0,0
511,0.0,0.009900990099009901,0.04338396495090424,1.0,-0.0,0,0
512,0.0,0.019801980198019802,0.0597350618970232,1.0,-0.0,0,0
513,0.0,0.023762376237623766,0.06471340450838887,1.0,-0.0,0,0
514,0.0,0.023762376237623766,0.06471340450838887,1.0,-0.0,0,0
515,0.0,0.023762376237623766,0.06471340450838887,1.0,-0.0,0,0
516,0.0,0.03762376237623763,0.08307396817189318,1.0,-0.0,0,0
517,0.2,0.09702970297029703,0.14243667729389659,0.2348645731342126,0.6291824870650918,0,0
518,0.2,0.09306930693069305,0.1422989641443302,0.22619065212212897,0.6455253473135912,0,0
519,0.4,0.3089108910891089,0.23634971986318065,0.349970655882435,0.4559683685714238,0,0
520,0.4,0.3435643564356436,0.24712839553165716,0.40968098480148335,0.3875541932043772,0,0
521,0.6,0.36633663366336633,0.26561239821159943,0.18950670213184595,0.7223754260789859,0,0
522,0.4,0.295049504950495,0.22966882641422537,0.3238482894134217,0.489658392574188,0,0
523,0.4,0.295049504950495,0.22966882641422537,0.3238482894134217,0.489658392574188,0,0
524,0.2,0.0871287128712871,0.13618810981425267,0.20361174109044727,0.6911971824071224,0,0
525,0.2,0.05346534653465347,0.10860442931328386,0.08862815178171936,1.0524283072157032,0,0
526,0.0,0.03762376237623763,0.08771182015980238,1.0,-0.0,0,0
527,0.0,0.03762376237623763,0.08771182015980238,1.0,-0.0,0,0
528,0.0,0.08316831683168317,0.12028786177019754,1.0,-0.0,0,0
529,0.0,0.07524752475247526,0.11553229422427584,1.0,-0.0,0,0
530,0.0,0.07524752475247526,0.11553229422427584,1.0,-0.0,0,0
531,0.0,0.04554455445544555,0.08846854615322249,1.0,-0.0,0,0
532,0.0,0.04554455445544555,0.08846854615322249,1.0,-0.0,0,0
533,0.0,0.0,0.0,1.0,-0.0,0,0
534,0.0,0.007920792079207921,0.03900537743285587,1.0,-0.0,0,0
535,0.0,0.11287128712871289,0.15774610904280742,1.0,-0.0,0,0
536,0.0,0.11287128712871289,0.15774610904280742,1.0,-0.0,0,0
537,0.0,0.11287128712871289,0.15774610904280742,1.0,-0.0,0,0
538,0.0,0.11287128712871289,0.15774610904280742,1.0,-0.0,0,0
539,0.0,0.15643564356435644,0.1725842262930766,1.0,-0.0,0,0
540,0.0,0.1584158415841584,0.1787012146166888,1.0,-0.0,0,0
541,0.0,0.17227722772277224,0.18245781385805057,1.0,-0.0,0,0
542,0.0,0.21782178217821782,0.22178217821782176,1.0,-0.0,0,0
543,0.0,0.21782178217821782,0.22178217821782176,1.0,-0.0,0,0
544,0.0,0.4356435643564356,0.3189041130961964,1.0,-0.0,0,0
545,0.0,0.3277227722772277,0.2707228358263466,1.0,-0.0,0,0
546,0.0,0.3128712871287128,0.2676126084202163,1.0,-0.0,0,0
547,0.0,0.2673267326732673,0.23926823710088263,1.0,-0.0,0,0
548,0.0,0.2673267326732673,0.23926823710088263,1.0,-0.0,0,0
549,0.0,0.015841584158415842,0.05401260078014202,1.0,-0.0,0,0
550,0.0,0.023762376237623766,0.06471340450838887,1.0,-0.0,0,0
551,0.0,0.023762376237623766,0.06471340450838887,1.0,-0.0,0,0
552,0.0,0.023762376237623766,0.06471340450838887,1.0,-0.0,0,0
553,0.0,0.023762376237623766,0.06471340450838887,1.0,-0.0,0,0
554,0.0,0.007920792079207921,0.03900537743285587,1.0,-0.0,0,0
555,0.0,0.0,0.0,1.0,-0.0,0,0
556,0.0,0.0,0.0,1.0,-0.0,0,0
557,0.0,0.011881188118811883,0.047276579747775535,1.0,-0.0,0,0
558,0.0,0.19603960396039602,0.19696750100290228,1.0,-0.0,0,0
559,0.0,0.21782178217821782,0.201182661499228,1.0,-0.0,0,0
560,0.0,0.22574257425742575,0.20616895183873857,1.0,-0.0,0,0
561,0.0,0.22574257425742575,0.20616895183873857,1.0,-0.0,0,0
562,0.0,0.23366336633663365,0.2050246194937787,1.0,-0.0,0,0
563,0.0,0.07524752475247526,0.12219602867755656,1.0,-0.0,0,0
564,0.0,0.15247524752475247,0.1760929431716096,1.0,-0.0,0,0
565,0.0,0.14851485148514848,0.1749760161138576,1.0,-0.0,0,0
566,0.0,0.18019801980198016,0.19600959866383083,1.0,-0.0,0,0
567,0.0,0.1603960396039604,0.18883656715060818,1.0,-0.0,0,0
568,0.0,0.19207920792079203,0.19482572477225887,1.0,-0.0,0,0
569,0.2,0.1168316831683168,0.1469621807150849,0.2857252863524995,0.5440513233645135,0,0
570,0.2,0.11287128712871286,0.14188502271424044,0.2695813293766277,0.5693101893974304,0,0
571,0.2,0.08118811881188118,0.12325042629382527,0.16752607431728717,0.7759175883237079,0,0
572,0.2,0.08316831683168316,0.12353642740976016,0.17214403052095056,0.7641080328301242,0,0
573,0.2,0.0594059405940594,0.11096178792967841,0.10256882529016816,0.9889846183837064,0,0
574,0.0,0.13267326732673265,0.15228224894835946,1.0,-0.0,0,0
575,0.0,0.13267326732673265,0.15228224894835946,1.0,-0.0,0,0
576,0.0,0.13267326732673265,0.15228224894835946,1.0,-0.0,0,0
577,0.0,0.13465346534653463,0.15184387732816487,1.0,-0.0,0,0
578,0.0,0.09900990099009899,0.12467387119760154,1.0,-0.0,0,0
579,0.0,0.0039603960396039604,0.02786385599895107,1.0,-0.0,0,0
580,0.0,0.013861386138613863,0.05079507064705211,1.0,-0.0,0,0
581,0.0,0.031683168316831684,0.07826167463512675,1.0,-0.0,0,0
582,0.0,0.027722772277227727,0.06910862719451544,1.0,-0.0,0,0
583,0.0,0.03564356435643565,0.08626938974571075,1.0,-0.0,0,0
584,0.0,0.08316831683168317,0.13575553664160483,1.0,-0.0,0,0
585,0.0,0.07326732673267326,0.13117223890438964,1.0,-0.0,0,0
586,0.0,0.05544554455445545,0.11979788880993403,1.0,-0.0,0,0
587,0.2,0.0594059405940594,0.12119717820276717,0.12301544611383526,0.9100403540822164,0,0
588,1.4,0.2435643564356436,0.23480172447970915,4.2146060797121867e-07,6.375243010695698,0,0
589,1.4,0.19603960396039605,0.21977521913622974,2.149046045493644e-08,7.667754279208616,0,0
590,1.4,0.19603960396039605,0.21977521913622974,2.149046045493644e-08,7.667754279208616,0,0
591,1.6,0.20198019801980197,0.23121726871160778,7.408347613367615e-10,9.130278647947947,0,0
592,1.4,0.19801980198019803,0.22426125059575644,4.1672752884303925e-08,7.380147809286603,0,0
593,0.2,0.0059405940594059415,0.033953323167291584,5.469865928325272e-09,8.262023318511561,0,0
594,0.2,0.0059405940594059415,0.033953323167291584,5.469865928325272e-09,8.262023318511561,0,0
595,0.2,0.0059405940594059415,0.033953323167291584,5.469865928325272e-09,8.262023318511561,0,0
596,0.0,0.0,0.0,1.0,-0.0,0,0
597,0.0,0.0,0.0,1.0,-0.0,0,0
598,0.0,0.009900990099009901,0.04338396495090424,1.0,-0.0,0,0
599,0.0,0.0297029702970297,0.07112192077650681,1.0,-0.0,0,0
600,0.0,0.041584158415841586,0.09039772047931348,1.0,-0.0,0,0
601,0.0,0.041584158415841586,0.09039772047931348,1.0,-0.0,0,0
602,0.0,0.041584158415841586,0.09039772047931348,1.0,-0.0,0,0
603,0.0,0.031683168316831684,0.07826167463512675,1.0,-0.0,0,0
604,0.0,0.011881188118811881,0.047276579747775535,1.0,-0.0,0,0
605,0.0,0.2455445544554455,0.2046609137062056,1.0,-0.0,0,0
606,0.0,0.2455445544554455,0.2046609137062056,1.0,-0.0,0,0
607,0.0,0.2455445544554455,0.2046609137062056,1.0,-0.0,0,0
608,0.0,0.2455445544554455,0.2046609137062056,1.0,-0.0,0,0
609,0.0,0.2455445544554455,0.2046609137062056,1.0,-0.0,0,0
610,0.0,0.015841584158415842,0.05401260078014202,1.0,-0.0,0,0
611,0.0,0.015841584158415842,0.05401260078014202,1.0,-0.0,0,0
612,0.0,0.015841584158415842,0.05401260078014202,1.0,-0.0,0,0
613,0.0,0.025742574257425745,0.06697637435757531,1.0,-0.0,0,0
614,0.0,0.025742574257425745,0.06697637435757531,1.0,-0.0,0,0
615,0.0,0.015841584158415842,0.054012600780142014,1.0,-0.0,0,0
616,0.0,0.015841584158415842,0.054012600780142014,1.0,-0.0,0,0
617,0.0,0.24158415841584152,0.2112046198174001,1.0,-0.0,0,0
618,0.0,0.23168316831683164,0.21198294956154665,1.0,-0.0,0,0
619,0.0,0.40396039603960393,0.28000028008444544,1.0,-0.0,0,0
620,0.0,0.398019801980198,0.2750266226608581,1.0,-0.0,0,0
621,0.0,0.398019801980198,0.2750266226608581,1.0,-0.0,0,0
622,0.0,0.17227722772277224,0.19094284660479482,1.0,-0.0,0,0
623,0.0,0.17227722772277224,0.19094284660479482,1.0,-0.0,0,0
624,0.0,0.0,0.0,1.0,-0.0,0,0
625,0.0,0.0,0.0,1.0,-0.0,0,0
626,0.0,0.011881188118811883,0.047276579747775535,1.0,-0.0,0,0
627,0.0,0.04752475247524753,0.08965727859541997,1.0,-0.0,0,0
628,0.0,0.04752475247524753,0.08965727859541997,1.0,-0.0,0,0
629,0.0,0.05544554455445545,0.1019369320889802,1.0,-0.0,0,0
630,0.0,0.06732673267326733,0.1135467024699521,1.0,-0.0,0,0
631,0.0,0.05544554455445545,0.1019369320889802,1.0,-0.0,0,0
632,0.0,0.04356435643564357,0.0916470215081674,1.0,-0.0,0,0
633,0.0,0.04356435643564357,0.0916470215081674,1.0,-0.0,0,0
634,0.0,0.03564356435643565,0.08154954567118415,1.0,-0.0,0,0
