,foreground,bg_means,bg_stdev,pvals,minus_logs,regs,active
2,0.0,0.8138613861386137,0.34383673968683837,1.0,-0.0,0,0
3,0.0,0.699009900990099,0.3384574938592661,1.0,-0.0,0,0
4,0.0,0.6633663366336632,0.318325685478088,1.0,-0.0,1,0
5,0.0,0.7207920792079207,0.33309732520101826,1.0,-0.0,0,0
6,0.0,0.8376237623762376,0.3578957990808301,1.0,-0.0,0,0
7,0.0,0.4316831683168318,0.2753685893738139,1.0,-0.0,0,0
8,0.2,0.5623762376237623,0.29073191528289827,1.0,-0.0,0,0
9,0.2,0.5623762376237623,0.29073191528289827,1.0,-0.0,0,0
10,0.2,0.503960396039604,0.27787054186344895,1.0,-0.0,0,0
11,0.2,0.38811881188118824,0.23516883705827363,1.0,-0.0,0,0
12,0.2,0.4138613861386139,0.27755285036654453,1.0,-0.0,0,0
13,0.0,0.4257425742574257,0.2679786696648698,1.0,-0.0,0,0
14,0.0,0.4851485148514851,0.2929488647345804,1.0,-0.0,0,0
15,0.0,0.5782178217821783,0.29234590944888045,1.0,-0.0,0,0
16,0.0,0.7108910891089109,0.3127333948545145,1.0,-0.0,0,0
17,0.0,0.4514851485148515,0.23656529937533588,1.0,-0.0,0,0
18,0.0,0.30891089108910885,0.20590250980682706,1.0,-0.0,0,0
19,0.0,0.5227722772277228,0.2924397841441205,1.0,-0.0,0,0
20,0.0,0.4811881188118812,0.28028022444559475,1.0,-0.0,0,0
21,0.0,0.3504950495049505,0.2570293978548586,1.0,-0.0,0,0
22,0.0,0.32277227722772284,0.2516799744287924,1.0,-0.0,0,0
23,0.0,0.6475247524752474,0.3173510594465842,1.0,-0.0,0,0
24,0.0,0.3762376237623763,0.2376237623762376,1.0,-0.0,0,0
25,0.0,0.3247524752475248,0.21954315329164675,1.0,-0.0,0,0
26,0.0,0.6297029702970297,0.32382141345649074,1.0,-0.0,0,0
27,0.0,0.811881188118812,0.37635224934455647,1.0,-0.0,0,0
28,0.0,0.4871287128712872,0.322632539757267,1.0,-0.0,0,0
29,0.0,0.4871287128712872,0.322632539757267,1.0,-0.0,0,0
30,0.0,0.5118811881188119,0.3285995271604534,1.0,-0.0,0,0
31,0.0,0.20594059405940596,0.21701018919283135,1.0,-0.0,0,0
32,0.0,0.04752475247524753,0.08965727859541997,1.0,-0.0,0,0
33,0.0,0.06336633663366337,0.11233152161332939,1.0,-0.0,0,0
34,0.0,0.10099009900990097,0.13679141417164786,1.0,-0.0,0,0
35,0.0,0.07722772277227724,0.10889288780093087,1.0,-0.0,0,0
36,0.0,0.07722772277227724,0.10889288780093087,1.0,-0.0,0,0
37,0.0,0.11287128712871286,0.13618810981425267,1.0,-0.0,0,0
38,0.0,0.3108910891089109,0.2170463244339765,1.0,-0.0,0,0
39,0.0,0.43564356435643564,0.2554685690751705,1.0,-0.0,0,0
40,0.0,0.5108910891089109,0.2806996175044253,1.0,-0.0,0,0
41,0.0,0.5900990099009901,0.32135386574417096,1.0,-0.0,0,0
42,0.0,0.5287128712871287,0.32161000725260874,1.0,-0.0,0,0
43,0.0,0.5188118811881188,0.25513066785594307,1.0,-0.0,0,0
44,0.0,0.3544554455445545,0.21778577560186174,1.0,-0.0,0,0
45,0.0,0.30297029702970296,0.20607383351679517,1.0,-0.0,0,0
46,0.0,0.2237623762376237,0.17863537443713126,1.0,-0.0,0,0
47,0.0,0.2237623762376237,0.17863537443713126,1.0,-0.0,0,0
48,0.0,0.023762376237623766,0.06471340450838887,1.0,-0.0,0,0
49,0.0,0.4594059405940593,0.29989378245770376,1.0,-0.0,0,0
50,0.0,0.699009900990099,0.3488297407343335,1.0,-0.0,0,0
51,0.0,0.699009900990099,0.3488297407343335,1.0,-0.0,0,0
52,0.0,0.699009900990099,0.3488297407343335,1.0,-0.0,0,0
53,0.0,0.699009900990099,0.3488297407343335,1.0,-0.0,0,0
54,0.2,0.7722772277227723,0.32703856068435216,1.0,-0.0,0,0
55,0.2,0.5267326732673268,0.3092280676836252,1.0,-0.0,0,0
56,0.2,0.5663366336633663,0.31973913492181244,1.0,-0.0,0,0
57,0.2,0.5663366336633663,0.31973913492181244,1.0,-0.0,0,0
58,0.2,0.5663366336633663,0.31973913492181244,1.0,-0.0,0,0
59,0.0,0.05544554455445545,0.1019369320889802,1.0,-0.0,0,0
60,0.0,0.03762376237623763,0.07816140339006158,1.0,-0.0,0,0
61,0.0,0.0,0.0,1.0,-0.0,0,0
62,0.0,0.0,0.0,1.0,-0.0,0,0
63,0.0,0.0,0.0,1.0,-0.0,0,0
64,0.0,0.017821782178217824,0.056980176514606566,1.0,-0.0,0,0
65,0.0,0.017821782178217824,0.056980176514606566,1.0,-0.0,0,0
66,0.2,0.09108910891089109,0.11781762202489916,0.17763842606826635,0.7504630834655708,0,0
67,0.2,0.09108910891089109,0.11781762202489916,0.17763842606826635,0.7504630834655708,0,0
68,0.2,0.4257425742574257,0.24961493725397105,1.0,-0.0,0,0
69,0.2,0.4079207920792079,0.2531712402592801,1.0,-0.0,0,0
70,0.2,0.4079207920792079,0.2531712402592801,1.0,-0.0,0,0
71,0.0,0.3346534653465347,0.23898947471101076,1.0,-0.0,0,0
72,0.0,0.3346534653465347,0.23898947471101076,1.0,-0.0,0,0
73,0.0,0.0,0.0,1.0,-0.0,0,0
74,0.0,0.0,0.0,1.0,-0.0,0,0
75,0.0,0.0,0.0,1.0,-0.0,0,0
76,0.0,0.0,0.0,1.0,-0.0,0,0
77,0.0,0.0,0.0,1.0,-0.0,0,0
78,0.0,0.15841584158415842,0.1497637259500122,1.0,-0.0,0,0
79,0.0,0.15841584158415842,0.1497637259500122,1.0,-0.0,0,0
80,4.0,1.667326732673267,0.4119763789467991,7.474274728584086e-09,8.12643094302434,0,0
81,4.0,1.667326732673267,0.4119763789467991,7.474274728584086e-09,8.12643094302434,0,0
82,9.0,3.1227722772277224,0.5663643280634252,1.000000015757774e-17,16.999999993156486,1,0
83,9.0,2.9663366336633668,0.5781974769240532,1.0000000085537452e-17,16.999999996285155,0,0
84,9.2,2.976237623762377,0.5776614711213791,1.0000000002281972e-17,16.999999999900893,1,0
85,5.2,1.4653465346534653,0.5074564105680459,9.227202110693397e-14,13.034929966589672,0,0
86,5.2,1.5306930693069312,0.5131426324513432,4.3182787150293677e-13,12.364689330391574,0,0
87,1.8,0.4435643564356436,0.2557906947518137,5.698481401620934e-08,7.244240864812882,0,0
88,1.8,0.5643564356435643,0.31263307136332785,3.868945413751054e-05,4.412407397617587,0,0
89,1.8,0.8653465346534652,0.38291111177098835,0.0073250518455706525,2.135189297094595,0,0
90,1.8,0.8653465346534652,0.38291111177098835,0.0073250518455706525,2.135189297094595,0,0
91,1.8,0.7999999999999999,0.38176245789420643,0.0044038435359551415,2.356168119463775,0,0
92,0.2,0.48316831683168315,0.27756697770986505,1.0,-0.0,0,0
93,0.2,0.36435643564356435,0.2539135888001947,1.0,-0.0,0,0
94,0.0,0.05148514851485149,0.08744317689433512,1.0,-0.0,0,0
95,0.0,0.05148514851485149,0.08744317689433512,1.0,-0.0,0,0
96,0.0,0.10891089108910891,0.12750384183766536,1.0,-0.0,0,0
97,0.0,0.057425742574257435,0.09476028605152792,1.0,-0.0,0,0
98,0.0,0.057425742574257435,0.09476028605152792,1.0,-0.0,0,0
99,0.0,0.20792079207920788,0.18438185104134303,1.0,-0.0,0,0
100,0.0,0.20792079207920788,0.18438185104134303,1.0,-0.0,0,0
101,0.0,0.3861386138613861,0.2220648834673455,1.0,-0.0,0,0
102,0.0,0.398019801980198,0.22776581599224732,1.0,-0.0,0,0
103,0.0,0.398019801980198,0.22776581599224732,1.0,-0.0,0,0
104,0.0,0.33663366336633654,0.21420947103393714,1.0,-0.0,0,0
105,0.0,0.33663366336633654,0.21420947103393714,1.0,-0.0,0,0
106,0.0,0.09900990099009901,0.12145573247679728,1.0,-0.0,0,0
107,0.0,0.08712871287128712,0.11745095149573798,1.0,-0.0,0,0
108,0.0,0.08712871287128712,0.11745095149573798,1.0,-0.0,0,0
109,0.0,0.0,0.0,1.0,-0.0,0,0
110,0.0,0.0,0.0,1.0,-0.0,0,0
111,0.0,0.0,0.0,1.0,-0.0,0,0
112,0.0,0.0,0.0,1.0,-0.0,0,0
113,0.0,0.0,0.0,1.0,-0.0,0,0
114,0.0,0.15643564356435644,0.18584345673901095,1.0,-0.0,0,0
115,0.0,0.18415841584158413,0.21189044117854158,1.0,-0.0,0,0
116,0.0,0.2455445544554455,0.24026583976394725,1.0,-0.0,0,0
117,0.0,0.2871287128712871,0.239497562498865,1.0,-0.0,0,0
118,0.0,0.31980198019801975,0.2564107943157295,1.0,-0.0,0,0
119,0.0,0.18415841584158413,0.17276589394999795,1.0,-0.0,0,0
120,0.0,0.1564356435643564,0.16555687101844338,1.0,-0.0,0,0
121,0.0,0.09306930693069305,0.1306930693069307,1.0,-0.0,0,0
122,0.0,0.1188118811881188,0.14939672169394075,1.0,-0.0,0,0
123,0.0,0.08712871287128714,0.11745095149573798,1.0,-0.0,0,0
124,0.0,0.12673267326732673,0.13117223890438964,1.0,-0.0,0,0
125,0.0,0.14653465346534655,0.14041265664345215,1.0,-0.0,0,0
126,0.0,0.14653465346534655,0.14041265664345215,1.0,-0.0,0,0
127,0.0,0.3702970297029704,0.2394484398314426,1.0,-0.0,0,0
128,0.0,0.3702970297029704,0.2394484398314426,1.0,-0.0,0,0
129,0.0,0.6831683168316832,0.30477042388231274,1.0,-0.0,0,0
130,0.0,0.6633663366336634,0.3056312319706327,1.0,-0.0,0,0
