,foreground,bg_means,bg_stdev,pvals,minus_logs,regs,active
2,0.0,0.05148514851485149,0.09186070102766891,1.0,-0.0,0,0
3,0.0,0.05148514851485149,0.09186070102766891,1.0,-0.0,0,0
4,0.0,0.08316831683168316,0.10996786833199856,1.0,-0.0,0,0
5,0.0,0.08316831683168316,0.10996786833199856,1.0,-0.0,0,0
6,0.0,0.2198019801980198,0.20198019801980197,1.0,-0.0,0,0
7,0.0,0.2316831683168317,0.21198294956154667,1.0,-0.0,0,0
8,0.0,0.2316831683168317,0.21198294956154667,1.0,-0.0,0,0
9,0.0,0.20594059405940596,0.1979207673143487,1.0,-0.0,0,0
10,0.0,0.22178217821782176,0.19881030333482985,1.0,-0.0,0,0
11,0.0,0.033663366336633666,0.07994704648786673,1.0,-0.0,0,0
12,0.0,0.2752475247524752,0.21773175457272811,1.0,-0.0,0,0
13,0.0,0.3237623762376237,0.21394387847963298,1.0,-0.0,0,0
14,0.0,0.31683168316831684,0.21111177037350679,1.0,-0.0,0,0
15,0.0,0.30099009900990104,0.20990099009900984,1.0,-0.0,0,0
16,0.0,0.35841584158415846,0.23262059652417283,1.0,-0.0,0,0
17,0.2,0.20198019801980197,0.165296132710568,1.0,-0.0,0,0
18,0.2,0.15445544554455443,0.14860723199440565,0.37962111390467745,0.42064964082512535,0,0
19,0.4,0.26732673267326734,0.19955837920545144,0.25307822156614956,0.5967452260807624,0,0
20,0.4,0.26732673267326734,0.19955837920545144,0.25307822156614956,0.5967452260807624,0,0
21,0.6,0.297029702970297,0.22447097126246798,0.0885548101925976,1.0527878434703615,0,0
22,0.6,0.2336633663366337,0.2144655931336603,0.04380545432156023,1.3584718110877114,0,0
23,0.8,0.2792079207920792,0.22877929685601867,0.011411185188432246,1.9426692465488975,0,0
24,0.6,0.22178217821782176,0.19067569294591244,0.02365212125172636,1.6261299032725978,0,0
25,0.8,0.26930693069306927,0.2223824972889736,0.008507171278702002,2.0702148232611233,0,0
26,0.6,0.22376237623762374,0.19556899208121015,0.027189188579053076,1.5656037530928257,0,0
27,0.4,0.19009900990099005,0.18103385739626768,0.12313495810999271,0.9096186330235445,0,0
28,0.2,0.14455445544554454,0.1492391578726081,0.35512460070634777,0.4496192415791163,0,0
29,0.2,0.08712871287128712,0.11745095149573798,0.16827410880590205,0.7739827008259124,0,0
30,0.0,0.039603960396039604,0.08452453849668534,1.0,-0.0,0,0
31,0.0,0.0,0.0,1.0,-0.0,0,0
32,0.0,0.0,0.0,1.0,-0.0,0,0
33,0.0,0.03762376237623763,0.09211646217515253,1.0,-0.0,0,0
34,0.0,0.05544554455445546,0.10575073206193021,1.0,-0.0,0,0
35,0.0,0.05544554455445546,0.10575073206193021,1.0,-0.0,0,0
36,0.0,0.0613861386138614,0.10806149425459212,1.0,-0.0,0,0
37,0.0,0.06534653465346535,0.11641139371642828,1.0,-0.0,0,0
38,0.0,0.02772277227722772,0.06910862719451544,1.0,-0.0,0,0
39,0.0,0.009900990099009901,0.04338396495090424,1.0,-0.0,0,0
40,0.0,0.009900990099009901,0.04338396495090424,1.0,-0.0,0,0
41,0.0,0.0039603960396039604,0.027863855998951064,1.0,-0.0,0,0
42,0.0,0.0,0.0,1.0,-0.0,0,0
43,0.0,0.0,0.0,1.0,-0.0,0,0
44,0.0,0.0,0.0,1.0,-0.0,0,0
45,0.0,0.013861386138613863,0.05079507064705211,1.0,-0.0,0,0
46,0.0,0.013861386138613863,0.05079507064705211,1.0,-0.0,0,0
47,0.0,0.013861386138613863,0.05079507064705211,1.0,-0.0,0,0
48,0.2,0.08316831683168316,0.13575553664160483,0.19472824262570337,0.7105710555319672,0,0
49,0.4,0.13663366336633664,0.17103226044902325,0.061796813713808886,1.2090339168559163,0,0
50,0.4,0.12277227722772276,0.1687937332366423,0.05025301821621528,1.2988378492252193,0,0
51,0.4,0.12277227722772276,0.1687937332366423,0.05025301821621528,1.2988378492252193,0,0
52,0.6,0.1603960396039604,0.2162136859778244,0.021016558942615095,1.6774383898572423,0,0
53,0.6,0.1881188118811881,0.19865245471658538,0.019068660617420432,1.7196798107238849,0,0
54,0.4,0.16237623762376235,0.18176880383941263,0.09555784537750074,1.01973365121194,0,0
55,0.6,0.22574257425742575,0.2173893096493221,0.042571005665149354,1.3708860902582363,0,0
56,0.6,0.2376237623762376,0.2210915697344128,0.05060326009097,1.2958215030433946,0,0
57,0.6,0.3643564356435644,0.3023289659405815,0.2178639119918125,0.6618147023870958,0,0
58,0.4,0.26732673267326734,0.25058699834749953,0.29824668664566406,0.5254243724002785,0,0
59,0.4,0.2396039603960396,0.23040180482687977,0.24316497076732618,0.6140989873687134,0,0
60,0.2,0.18217821782178217,0.18260818825185748,0.4611266516818228,0.33617977618906675,0,0
61,0.2,0.17029702970297028,0.17662655937408128,0.4332254792677098,0.36328600915667697,0,0
62,0.0,0.0059405940594059415,0.033953323167291584,1.0,-0.0,0,0
63,0.0,0.0059405940594059415,0.033953323167291584,1.0,-0.0,0,0
64,0.0,0.04554455445544555,0.08387254884969257,1.0,-0.0,0,0
65,0.0,0.08712871287128714,0.1390657415135005,1.0,-0.0,0,0
66,0.0,0.13465346534653463,0.15697363312955576,1.0,-0.0,0,0
67,0.0,0.13465346534653463,0.15697363312955576,1.0,-0.0,0,0
68,0.0,0.13465346534653463,0.15697363312955576,1.0,-0.0,0,0
69,0.0,0.09306930693069305,0.11795067415315191,1.0,-0.0,0,0
70,0.0,0.10297029702970298,0.12464241569787102,1.0,-0.0,0,0
71,0.0,0.07326732673267328,0.10798889666879986,1.0,-0.0,0,0
72,0.0,0.08316831683168316,0.11351216354824961,1.0,-0.0,0,0
73,0.0,0.08316831683168316,0.11351216354824961,1.0,-0.0,0,0
74,0.0,0.09504950495049502,0.12457948087149173,1.0,-0.0,0,0
75,0.6,0.10891089108910891,0.13650445892763632,0.00016058049790468036,3.794307199821167,0,0
76,0.6,0.09504950495049505,0.1277189346265117,3.849088055894949e-05,4.414642153402204,0,0
77,0.8,0.13267326732673265,0.1573977184098032,1.1188520156372082e-05,4.9512273514003535,0,0
78,0.8,0.13267326732673265,0.1573977184098032,1.1188520156372082e-05,4.9512273514003535,0,0
79,0.8,0.14653465346534653,0.1709405295438197,6.598196589854339e-05,4.180574749018467,0,0
80,0.6,0.21386138613861383,0.22027422287104986,0.03980182131238141,1.4000970543630151,0,0
81,0.6,0.21188118811881188,0.22128657496552862,0.03972216135149069,1.400967128819953,0,0
82,0.6,0.1900990099009901,0.19371559764587087,0.017172670401439213,1.7651621655010938,0,0
83,0.6,0.1900990099009901,0.19371559764587087,0.017172670401439213,1.7651621655010938,0,0
84,0.6,0.16633663366336635,0.19102497256412113,0.011597967805775787,1.9356181011226654,0,0
85,0.2,0.025742574257425748,0.06697637435757531,0.004637140001348011,2.3337497919853583,0,0
86,0.2,0.025742574257425748,0.06697637435757531,0.004637140001348011,2.3337497919853583,0,0
87,0.0,0.0,0.0,1.0,-0.0,0,0
88,0.0,0.0,0.0,1.0,-0.0,0,0
89,0.8,0.1584158415841584,0.16244866773856387,3.9164208554807064e-05,4.407110645420443,0,0
90,0.8,0.1762376237623762,0.16718313599370643,9.535586614099452e-05,4.020652584691398,0,0
91,1.0,0.28316831683168314,0.23082688508352958,0.000949804917665,3.0223655861656193,0,0
92,1.0,0.3108910891089109,0.24772269313260994,0.002703121419231911,2.5681344461554763,0,0
93,1.0,0.3297029702970296,0.2630907513701762,0.005420559921763201,2.2659558502932846,0,0
94,0.2,0.18019801980198016,0.20000980272026075,0.4605671308799643,0.33670705939571144,0,0
95,0.4,0.1861386138613861,0.2014942708422178,0.14425930094542072,0.8408561766536604,0,0
96,0.2,0.07722772277227724,0.11593886073904514,0.1448135921514157,0.8391906735026715,0,0
97,0.2,0.05544554455445545,0.09384550979067556,0.06173814835066577,1.209446400010181,0,0
98,0.2,0.03762376237623763,0.07816140339006158,0.01888012292982573,1.723995182306426,0,0
99,0.2,0.0297029702970297,0.07112192077650681,0.008322928729312118,2.079723824290396,0,0
100,0.0,0.0059405940594059415,0.033953323167291584,1.0,-0.0,0,0
101,0.0,0.015841584158415842,0.05401260078014202,1.0,-0.0,0,0
102,0.0,0.009900990099009901,0.04338396495090424,1.0,-0.0,0,0
103,0.0,0.06336633663366337,0.10504385908811757,1.0,-0.0,0,0
104,0.0,0.06336633663366337,0.10504385908811757,1.0,-0.0,0,0
105,0.0,0.06534653465346535,0.10571364605971598,1.0,-0.0,0,0
106,0.0,0.057425742574257435,0.09885135821266286,1.0,-0.0,0,0
107,0.0,0.10693069306930691,0.1306930693069307,1.0,-0.0,0,0
108,0.0,0.09504950495049502,0.12771893462651168,1.0,-0.0,0,0
109,0.0,0.09900990099009899,0.1308729634998678,1.0,-0.0,0,0
110,0.0,0.09702970297029702,0.127780323207142,1.0,-0.0,0,0
111,0.0,0.09504950495049505,0.12457948087149175,1.0,-0.0,0,0
112,0.0,0.04554455445544554,0.08846854615322249,1.0,-0.0,0,0
113,0.0,0.0039603960396039604,0.02786385599895107,1.0,-0.0,0,0
114,0.0,0.015841584158415842,0.06090517425437506,1.0,-0.0,0,0
115,0.0,0.015841584158415842,0.06090517425437506,1.0,-0.0,0,0
116,0.0,0.015841584158415842,0.06090517425437506,1.0,-0.0,0,0
117,0.0,0.015841584158415842,0.06090517425437506,1.0,-0.0,0,0
118,0.0,0.03564356435643565,0.09908907725304397,1.0,-0.0,0,0
119,0.0,0.04158415841584159,0.0946774898050053,1.0,-0.0,0,0
120,0.0,0.07722772277227724,0.13191745702927898,1.0,-0.0,0,0
121,0.0,0.1405940594059406,0.17920518569106958,1.0,-0.0,0,0
122,0.0,0.1405940594059406,0.17920518569106958,1.0,-0.0,0,0
123,0.0,0.12079207920792079,0.16429678029854689,1.0,-0.0,0,0
124,0.0,0.09900990099009901,0.14521752172118102,1.0,-0.0,0,0
125,0.0,0.07722772277227723,0.11593886073904516,1.0,-0.0,0,0
126,0.0,0.049504950495049514,0.09912864166957489,1.0,-0.0,0,0
127,0.0,0.049504950495049514,0.09912864166957489,1.0,-0.0,0,0
128,0.0,0.11485148514851483,0.14717547862227365,1.0,-0.0,0,0
129,0.0,0.1386138613861386,0.17290201942925204,1.0,-0.0,0,0
130,0.0,0.12475247524752472,0.16851473513974877,1.0,-0.0,0,0
131,0.0,0.08910891089108908,0.13923481846532232,1.0,-0.0,0,0
132,0.0,0.08910891089108908,0.13923481846532232,1.0,-0.0,0,0
133,0.0,0.023762376237623766,0.0759735686861421,1.0,-0.0,0,0
134,0.0,0.0,0.0,1.0,-0.0,0,0
135,0.0,0.0,0.0,1.0,-0.0,0,0
136,0.0,0.0,0.0,1.0,-0.0,0,0
137,0.0,0.0,0.0,1.0,-0.0,0,0
138,0.0,0.0,0.0,1.0,-0.0,0,0
139,0.0,0.0,0.0,1.0,-0.0,0,0
140,0.0,0.0,0.0,1.0,-0.0,0,0
141,0.0,0.0,0.0,1.0,-0.0,0,0
142,0.0,0.0,0.0,1.0,-0.0,0,0
143,0.0,0.0,0.0,1.0,-0.0,0,0
144,0.0,0.0,0.0,1.0,-0.0,0,0
145,0.0,0.009900990099009901,0.04338396495090424,1.0,-0.0,0,0
146,0.0,0.009900990099009901,0.04338396495090424,1.0,-0.0,0,0
147,0.0,0.009900990099009901,0.04338396495090424,1.0,-0.0,0,0
148,0.0,0.015841584158415842,0.054012600780142014,1.0,-0.0,0,0
149,0.0,0.015841584158415842,0.054012600780142014,1.0,-0.0,0,0
150,0.0,0.0059405940594059415,0.03395332316729158,1.0,-0.0,0,0
151,0.0,0.0059405940594059415,0.03395332316729158,1.0,-0.0,0,0
152,0.0,0.0059405940594059415,0.03395332316729158,1.0,-0.0,0,0
153,0.0,0.0,0.0,1.0,-0.0,0,0
154,0.0,0.0,0.0,1.0,-0.0,0,0
155,0.0,0.0,0.0,1.0,-0.0,0,0
156,0.0,0.0,0.0,1.0,-0.0,0,0
157,0.0,0.0,0.0,1.0,-0.0,0,0
158,0.0,0.0,0.0,1.0,-0.0,0,0
159,0.0,0.0059405940594059415,0.03395332316729158,1.0,-0.0,0,0
160,0.0,0.0059405940594059415,0.03395332316729158,1.0,-0.0,0,0
161,0.0,0.007920792079207921,0.03900537743285587,1.0,-0.0,0,0
162,0.0,0.021782178217821784,0.06230547612891991,1.0,-0.0,0,0
163,0.0,0.021782178217821784,0.06230547612891991,1.0,-0.0,0,0
164,0.0,0.015841584158415842,0.05401260078014202,1.0,-0.0,0,0
165,0.0,0.015841584158415842,0.05401260078014202,1.0,-0.0,0,0
166,0.0,0.1089108910891089,0.14218869759220787,1.0,-0.0,0,0
167,0.0,0.097029702970297,0.13084299831035082,1.0,-0.0,0,0
168,0.2,0.16633663366336632,0.18036114909680317,0.42596979593880824,0.3706211941417709,0,0
169,0.2,0.16633663366336632,0.18036114909680317,0.42596979593880824,0.3706211941417709,0,0
170,0.2,0.2732673267326733,0.2174975083999363,1.0,-0.0,0,0
171,0.2,0.19207920792079206,0.17782134115361303,0.4822355731220383,0.3167407561303413,0,0
172,0.2,0.23366336633663368,0.19308707712077475,1.0,-0.0,0,0
173,0.0,0.18415841584158418,0.17276589394999795,1.0,-0.0,0,0
174,0.2,0.41980198019801984,0.2945107713675756,1.0,-0.0,0,0
175,0.2,0.5386138613861386,0.33030747662563237,1.0,-0.0,0,0
176,0.4,0.803960396039604,0.3775692952147355,1.0,-0.0,1,0
177,0.8,1.0158415841584156,0.37725760646684703,1.0,-0.0,0,0
178,0.8,0.9980198019801978,0.3833102814758682,1.0,-0.0,0,0
179,0.6,0.762376237623762,0.34665344498576384,1.0,-0.0,0,0
180,0.6,0.5356435643564357,0.29637551722613276,0.41404770703059846,0.38294961610986467,0,0
181,0.6,0.405940594059406,0.26914671996324574,0.2354494758630995,0.6281022720083346,0,0
182,0.4,0.194059405940594,0.1675813868644411,0.10955484345962792,0.9603684173612306,0,0
183,0.6,0.40198019801980195,0.2509310181015997,0.21501497817674897,0.6675312856056262,1,0
184,0.8,0.5663366336633664,0.3234336903050011,0.23501016603864844,0.6289133506687168,0,0
185,0.8,0.5663366336633664,0.3234336903050011,0.23501016603864844,0.6289133506687168,0,0
186,0.6,0.4158415841584158,0.27957983796316616,0.2550451623221026,0.5933829097204889,0,0
187,0.4,0.3722772277227723,0.27722772277227725,0.460172162722971,0.3370796567266235,0,0
188,0.2,0.16435643564356434,0.2037199390037494,0.43055413611371496,0.36597223436756976,0,0
189,0.0,0.0,0.0,1.0,-0.0,0,0
190,0.0,0.1306930693069307,0.1577958163416755,1.0,-0.0,0,0
191,0.6,0.2099009900990099,0.19975477565019395,0.025416343308929997,1.5948869319483419,0,0
192,0.6,0.23960396039603957,0.22164069037042733,0.05197085564410743,1.284240132927856,0,0
193,0.6,0.23960396039603957,0.22164069037042733,0.05197085564410743,1.284240132927856,1,0
194,0.6,0.27722772277227725,0.23709512153815077,0.08669966705545935,1.0619825703006573,0,0
195,0.6,0.1465346534653465,0.1662423117767553,0.0031885190371046344,2.4964109857067363,0,0
196,0.0,0.06732673267326733,0.11000352009767247,1.0,-0.0,0,0
197,0.0,0.039603960396039604,0.08908690597387718,1.0,-0.0,0,0
198,0.0,0.039603960396039604,0.08908690597387718,1.0,-0.0,0,0
199,0.0,0.039603960396039604,0.08452453849668534,1.0,-0.0,0,0
200,0.0,0.039603960396039604,0.08452453849668534,1.0,-0.0,0,0
201,0.0,0.039603960396039604,0.08452453849668534,1.0,-0.0,0,0
202,0.4,0.09504950495049505,0.13377699607171914,0.011317385673310372,1.946253883994294,0,0
203,1.6,0.2792079207920792,0.22877929685601872,3.8886539523737e-09,8.410200702586998,0,0
204,2.6,0.43564356435643564,0.3062336383718544,7.878279021618357e-13,12.103568642033691,0,0
205,3.0,0.48316831683168315,0.2982023058827691,2.586496160868689e-17,16.58728816187689,0,0
206,3.0,0.5405940594059406,0.31534303742406944,3.126411184418881e-15,14.504953904314085,0,0
207,3.0,0.6059405940594059,0.32145146752796866,4.75171954887739e-14,13.323149199754399,0,0
208,1.8,0.4772277227722773,0.2937909232059094,3.3590867268249263e-06,5.47377878314992,0,0
209,0.8,0.3188118811881188,0.24075494763209412,0.02282238905830198,1.64163889538977,0,0
210,0.4,0.27722772277227725,0.21975737661790232,0.28819282064063867,0.5403168423804285,0,0
211,0.4,0.22178217821782176,0.21599594807165748,0.20465798146546843,0.68897131361916,0,0
212,0.0,0.14455445544554454,0.15445544554455445,1.0,-0.0,0,0
213,0.0,0.08712871287128714,0.127165103825761,1.0,-0.0,0,0
214,0.0,0.051485148514851496,0.10399339410297731,1.0,-0.0,0,0
215,0.0,0.07920792079207921,0.10928827506175547,1.0,-0.0,0,0
216,0.0,0.13267326732673265,0.15228224894835946,1.0,-0.0,0,0
217,0.0,0.08514851485148514,0.12379009590564582,1.0,-0.0,0,0
218,0.0,0.08514851485148514,0.12379009590564582,1.0,-0.0,0,0
219,0.0,0.08514851485148514,0.12379009590564582,1.0,-0.0,0,0
220,0.0,0.05148514851485149,0.10399339410297728,1.0,-0.0,0,0
221,0.2,0.021782178217821784,0.06836703565002801,0.0045699030283054085,2.3400930154046975,0,0
222,0.4,0.0712871287128713,0.11461224656227946,0.002065095850295611,2.685059785998668,0,0
223,0.4,0.15049504950495046,0.17212921831366915,0.0735960426201354,1.1331455377609383,0,0
224,0.4,0.15049504950495046,0.17212921831366915,0.0735960426201354,1.1331455377609383,0,0
225,0.4,0.1584158415841584,0.17421241542909127,0.0827633016460816,1.082162192510009,0,0
226,0.2,0.13465346534653466,0.16436836411443276,0.34547671951240166,0.46158121291482235,0,0
227,0.0,0.08514851485148514,0.13886822488939993,1.0,-0.0,0,0
228,0.0,0.007920792079207921,0.03900537743285587,1.0,-0.0,0,0
229,0.0,0.04356435643564357,0.08721867542790195,1.0,-0.0,0,0
230,0.0,0.07920792079207921,0.12293186689242579,1.0,-0.0,0,0
231,0.0,0.07920792079207921,0.12293186689242579,1.0,-0.0,0,0
232,0.0,0.12475247524752477,0.16131019290626772,1.0,-0.0,0,0
233,0.0,0.15247524752475247,0.17609294317160962,1.0,-0.0,0,0
234,0.0,0.11485148514851487,0.15246238855382302,1.0,-0.0,0,0
235,0.0,0.10099009900990098,0.13386490123687583,1.0,-0.0,0,0
236,0.0,0.10099009900990098,0.13386490123687583,1.0,-0.0,0,0
237,0.0,0.05544554455445545,0.09384550979067555,1.0,-0.0,0,0
238,0.0,0.029702970297029712,0.07648795214189294,1.0,-0.0,0,0
239,0.0,0.029702970297029712,0.07648795214189294,1.0,-0.0,0,0
240,0.2,0.16633663366336632,0.16666633990099655,0.41996594762129563,0.37678592236332387,0,0
241,0.4,0.4217821782178218,0.27846963693064464,1.0,-0.0,0,0
242,0.4,0.4217821782178218,0.27846963693064464,1.0,-0.0,0,0
243,0.4,0.4217821782178218,0.27846963693064464,1.0,-0.0,0,0
244,0.4,0.4217821782178218,0.27846963693064464,1.0,-0.0,0,0
245,0.2,0.2554455445544554,0.21821746239930154,1.0,-0.0,0,0
246,0.0,0.04356435643564357,0.10380469245212799,1.0,-0.0,0,0
247,0.0,0.04356435643564357,0.10380469245212799,1.0,-0.0,0,0
248,0.0,0.04356435643564357,0.10380469245212799,1.0,-0.0,0,0
249,0.0,0.04356435643564357,0.10380469245212799,1.0,-0.0,0,0
250,0.0,0.04950495049504951,0.10682062541989053,1.0,-0.0,0,0
251,0.0,0.05346534653465347,0.10104832334394513,1.0,-0.0,0,0
252,0.4,0.1881188118811881,0.17308335353197749,0.11044651508670601,0.9568479828481424,0,0
253,0.6,0.20396039603960395,0.18875348902641548,0.017944434749967566,1.746070217399637,0,0
254,0.8,0.2871287128712871,0.23108155790390067,0.013228456240014615,1.8784908349933034,1,0
255,1.0,0.38613861386138615,0.2536972948611411,0.007767496412690637,2.109718938645762,0,0
256,1.4,0.4356435643564357,0.2847907546668799,0.0003543477219494802,3.4505703549102265,0,0
257,1.0,0.32871287128712867,0.24629396975423548,0.003209698969112139,2.49353569724747,0,0
258,0.8,0.3108910891089109,0.2493162888797963,0.024892836543649686,1.6039256126294656,0,0
259,0.6,0.2712871287128713,0.24468069055276814,0.0895654029711306,1.0478597157878313,0,0
260,0.4,0.2237623762376237,0.2111489150505556,0.20195449085855788,0.6947464849876521,0,0
261,0.0,0.12475247524752475,0.1588360762784592,1.0,-0.0,0,0
262,0.0,0.1168316831683168,0.12670172889541695,1.0,-0.0,0,0
263,0.0,0.18811881188118812,0.16844491341098405,1.0,-0.0,0,0
264,0.0,0.24950495049504953,0.19377631402336742,1.0,-0.0,0,0
265,0.0,0.3346534653465348,0.21268469833025827,1.0,-0.0,0,0
266,0.0,0.6455445544554456,0.35025443438588993,1.0,-0.0,0,0
267,0.0,0.6297029702970297,0.34283170089665305,1.0,-0.0,0,0
268,0.0,0.5821782178217821,0.3343076307845578,1.0,-0.0,0,0
269,0.0,0.5861386138613861,0.33211882132644444,1.0,-0.0,0,0
270,0.0,0.4455445544554455,0.29635567087279574,1.0,-0.0,0,0
271,0.0,0.1346534653465346,0.14653465346534655,1.0,-0.0,0,0
272,0.0,0.1346534653465346,0.14653465346534655,1.0,-0.0,0,0
273,0.0,0.1089108910891089,0.1335716590419014,1.0,-0.0,0,0
274,0.0,0.0,0.0,1.0,-0.0,0,0
275,0.0,0.0,0.0,1.0,-0.0,0,0
276,0.0,0.16435643564356434,0.15259092949947317,1.0,-0.0,0,0
277,0.0,0.16435643564356434,0.15259092949947317,1.0,-0.0,0,0
278,0.0,0.16435643564356434,0.15259092949947317,1.0,-0.0,0,0
279,0.0,0.17425742574257425,0.16329131190564997,1.0,-0.0,0,0
280,0.0,0.398019801980198,0.25716666323065385,1.0,-0.0,0,0
281,0.0,0.2336633663366336,0.2069472730105172,1.0,-0.0,0,0
282,0.0,0.2336633663366336,0.2069472730105172,1.0,-0.0,0,0
283,0.0,0.2336633663366336,0.2069472730105172,1.0,-0.0,0,0
284,0.0,0.2237623762376237,0.2054449481084029,1.0,-0.0,0,0
285,0.0,0.0,0.0,1.0,-0.0,0,0
286,0.0,0.0,0.0,1.0,-0.0,0,0
287,0.0,0.0,0.0,1.0,-0.0,0,0
288,0.0,0.0,0.0,1.0,-0.0,0,0
289,0.0,0.39009900990099017,0.25543786925302336,1.0,-0.0,0,0
290,0.0,0.5564356435643565,0.33372065201455764,1.0,-0.0,0,0
291,0.0,0.5564356435643565,0.33372065201455764,1.0,-0.0,0,0
292,0.0,0.5920792079207922,0.34803071684079717,1.0,-0.0,0,0
293,0.0,0.6514851485148515,0.3465855691025327,1.0,-0.0,0,0
294,0.0,0.2910891089108911,0.21895295841846044,1.0,-0.0,0,0
295,0.0,0.12673267326732673,0.139937106883602,1.0,-0.0,0,0
296,0.0,0.12673267326732673,0.139937106883602,1.0,-0.0,0,0
297,0.0,0.08910891089108909,0.12097048989545554,1.0,-0.0,0,0
298,0.0,0.0297029702970297,0.07112192077650681,1.0,-0.0,0,0
299,0.0,0.04752475247524753,0.08512548617902843,1.0,-0.0,0,0
300,0.0,0.09900990099009899,0.1308729634998678,1.0,-0.0,0,0
301,0.0,0.19603960396039602,0.19896802672602726,1.0,-0.0,0,0
302,0.0,0.19603960396039602,0.19896802672602726,1.0,-0.0,0,0
303,0.0,0.502970297029703,0.34193840147731625,1.0,-0.0,0,0
304,0.0,0.45544554455445546,0.318559644391132,1.0,-0.0,0,0
305,0.0,0.42574257425742573,0.30786825822915936,1.0,-0.0,0,0
306,0.0,0.514851485148515,0.3213172574318674,1.0,-0.0,0,0
307,0.0,0.514851485148515,0.3213172574318674,1.0,-0.0,0,0
308,0.0,0.2079207920792079,0.1886288032334235,1.0,-0.0,0,0
309,0.0,0.3861386138613862,0.27468423021854,1.0,-0.0,0,0
310,0.0,0.4158415841584158,0.2809928201990774,1.0,-0.0,0,0
311,0.0,0.22970297029702968,0.20563572254648982,1.0,-0.0,0,0
312,0.0,0.22970297029702968,0.20563572254648982,1.0,-0.0,0,0
313,0.0,0.24158415841584158,0.20932107448675996,1.0,-0.0,0,0
314,0.0,0.12673267326732673,0.15343659903216253,1.0,-0.0,0,0
315,0.0,0.07524752475247526,0.1189108498693262,1.0,-0.0,0,0
316,0.0,0.11485148514851484,0.1416914361980065,1.0,-0.0,0,0
317,0.0,0.31188118811881194,0.236009367456678,1.0,-0.0,0,0
318,0.0,0.299009900990099,0.22798951231087927,1.0,-0.0,0,0
319,0.0,0.33069306930693065,0.2444401865558334,1.0,-0.0,0,0
320,0.0,0.33069306930693065,0.2444401865558334,1.0,-0.0,0,0
321,0.0,0.2891089108910891,0.2294638564256788,1.0,-0.0,0,0
322,0.0,0.09306930693069305,0.13661931335176505,1.0,-0.0,0,0
323,0.0,0.14059405940594058,0.16055486574752068,1.0,-0.0,0,0
324,0.0,0.05544554455445545,0.08952597667688965,1.0,-0.0,0,0
325,0.0,0.08118811881188118,0.1096464807913436,1.0,-0.0,0,0
326,0.0,0.08118811881188118,0.1096464807913436,1.0,-0.0,0,0
327,0.0,0.08118811881188118,0.1096464807913436,1.0,-0.0,0,0
328,0.0,0.03564356435643565,0.08154954567118416,1.0,-0.0,0,0
329,0.0,0.025742574257425745,0.06697637435757531,1.0,-0.0,0,0
330,0.0,0.0,0.0,1.0,-0.0,0,0
331,0.0,0.0059405940594059415,0.03395332316729158,1.0,-0.0,0,0
332,0.0,0.0891089108910891,0.12734998170941406,1.0,-0.0,0,0
333,0.0,0.0891089108910891,0.12734998170941406,1.0,-0.0,0,0
334,0.0,0.0891089108910891,0.12734998170941406,1.0,-0.0,0,0
335,0.0,0.0891089108910891,0.12734998170941406,1.0,-0.0,0,0
336,0.0,0.08316831683168316,0.12028786177019754,1.0,-0.0,0,0
337,0.0,0.0,0.0,1.0,-0.0,0,0
338,0.0,0.0,0.0,1.0,-0.0,0,0
339,0.0,0.061386138613861385,0.10433219700847123,1.0,-0.0,0,0
340,0.0,0.09900990099009901,0.14246420394934614,1.0,-0.0,0,0
341,0.0,0.09900990099009901,0.14246420394934614,1.0,-0.0,0,0
342,0.0,0.09900990099009901,0.14246420394934614,1.0,-0.0,0,0
343,0.0,0.25346534653465347,0.22319212362147123,1.0,-0.0,0,0
344,0.0,0.23762376237623767,0.21380637356249121,1.0,-0.0,0,0
345,0.0,0.19999999999999998,0.2048906977385796,1.0,-0.0,0,0
346,0.0,0.2217821782178218,0.2085328097726854,1.0,-0.0,0,0
347,0.0,0.2217821782178218,0.2085328097726854,1.0,-0.0,0,0
348,0.0,0.27128712871287125,0.23136984822144205,1.0,-0.0,0,0
349,0.0,0.22574257425742575,0.2118534265147639,1.0,-0.0,0,0
350,0.0,0.25742574257425743,0.22220610121355308,1.0,-0.0,0,0
351,0.0,0.23762376237623759,0.2228756635784794,1.0,-0.0,0,0
352,0.0,0.23762376237623759,0.2228756635784794,1.0,-0.0,0,0
353,0.0,0.033663366336633666,0.07482947971362847,1.0,-0.0,0,0
354,0.0,0.09900990099009899,0.1147490154015875,1.0,-0.0,0,0
355,0.0,0.06732673267326733,0.102550553475042,1.0,-0.0,0,0
356,0.0,0.16435643564356434,0.16264165701687977,1.0,-0.0,0,0
357,0.0,0.16831683168316827,0.16345931947317976,1.0,-0.0,0,0
358,0.0,0.2752475247524752,0.20460342737567513,1.0,-0.0,0,0
359,0.0,0.22574257425742575,0.20229057883757837,1.0,-0.0,0,0
360,0.0,0.39603960396039606,0.2978207288795362,1.0,-0.0,0,0
361,0.0,0.297029702970297,0.27084592293261256,1.0,-0.0,0,0
362,0.0,0.37425742574257437,0.2947237220616088,1.0,-0.0,0,0
363,0.0,0.3564356435643564,0.2603941572796477,1.0,-0.0,0,0
364,0.0,0.3841584158415843,0.25591330264129997,1.0,-0.0,0,0
365,0.0,0.21386138613861383,0.17633771771004506,1.0,-0.0,0,0
366,0.0,0.21386138613861383,0.17633771771004506,1.0,-0.0,0,0
367,0.0,0.13465346534653463,0.14921288105967925,1.0,-0.0,0,0
368,0.0,0.043564356435643575,0.08721867542790195,1.0,-0.0,0,0
369,0.0,0.0,0.0,1.0,-0.0,0,0
370,0.0,0.0,0.0,1.0,-0.0,0,0
371,0.0,0.0,0.0,1.0,-0.0,0,0
372,0.0,0.04158415841584159,0.08116396646304633,1.0,-0.0,0,0
373,0.0,0.04158415841584159,0.08116396646304633,1.0,-0.0,0,0
374,0.0,0.0613861386138614,0.09224407682259105,1.0,-0.0,0,0
375,0.0,0.35445544554455444,0.2467711299750397,1.0,-0.0,0,0
376,0.0,0.35445544554455444,0.2467711299750397,1.0,-0.0,0,0
377,0.0,0.3287128712871287,0.22792070605842626,1.0,-0.0,0,0
378,0.0,0.3287128712871287,0.22792070605842626,1.0,-0.0,0,0
379,0.0,0.30693069306930687,0.23133595036055812,1.0,-0.0,0,0
380,0.0,0.05544554455445545,0.1094316980566186,1.0,-0.0,0,0
381,0.0,0.05544554455445545,0.1094316980566186,1.0,-0.0,0,0
382,0.0,0.10495049504950493,0.14513649268759363,1.0,-0.0,0,0
383,0.0,0.15049504950495046,0.14999918308440097,1.0,-0.0,0,0
384,0.0,0.15049504950495046,0.14999918308440097,1.0,-0.0,0,0
385,0.0,0.10891089108910891,0.13650445892763632,1.0,-0.0,0,0
386,0.0,0.10891089108910891,0.13650445892763632,1.0,-0.0,0,0
387,0.0,0.04356435643564357,0.08721867542790195,1.0,-0.0,0,0
388,0.0,0.0,0.0,1.0,-0.0,0,0
389,0.0,0.0,0.0,1.0,-0.0,0,0
390,0.0,0.0,0.0,1.0,-0.0,0,0
391,0.0,0.011881188118811881,0.047276579747775535,1.0,-0.0,0,0
392,0.0,0.1069306930693069,0.1306930693069307,1.0,-0.0,0,0
