,foreground,bg_means,bg_stdev,pvals,minus_logs,regs,active
2,0.0,0.013861386138613863,0.05079507064705212,1.0,-0.0,0,0
3,0.0,0.013861386138613863,0.05079507064705212,1.0,-0.0,0,0
4,0.0,0.013861386138613863,0.05079507064705212,1.0,-0.0,0,0
5,0.0,0.0039603960396039604,0.027863855998951064,1.0,-0.0,0,0
6,0.0,0.0,0.0,1.0,-0.0,0,0
7,0.0,0.011881188118811881,0.047276579747775535,1.0,-0.0,0,0
8,0.0,0.027722772277227727,0.06910862719451544,1.0,-0.0,0,0
9,0.0,0.027722772277227727,0.06910862719451544,1.0,-0.0,0,0
10,0.0,0.03762376237623763,0.07816140339006158,1.0,-0.0,0,0
11,0.0,0.03762376237623763,0.07816140339006158,1.0,-0.0,0,0
12,0.0,0.025742574257425748,0.06697637435757531,1.0,-0.0,0,0
13,0.0,0.009900990099009901,0.04338396495090425,1.0,-0.0,0,0
14,0.0,0.009900990099009901,0.04338396495090425,1.0,-0.0,0,0
15,0.0,0.0,0.0,1.0,-0.0,0,0
16,0.0,0.0,0.0,1.0,-0.0,0,0
17,0.0,0.0,0.0,1.0,-0.0,0,0
18,0.0,0.017821782178217824,0.05698017651460656,1.0,-0.0,0,0
19,0.0,0.017821782178217824,0.05698017651460656,1.0,-0.0,0,0
20,0.0,0.017821782178217824,0.05698017651460656,1.0,-0.0,0,0
21,0.0,0.017821782178217824,0.05698017651460656,1.0,-0.0,0,0
22,0.0,0.017821782178217824,0.05698017651460656,1.0,-0.0,0,0
23,0.0,0.009900990099009901,0.04338396495090424,1.0,-0.0,0,0
24,0.0,0.009900990099009901,0.04338396495090424,1.0,-0.0,0,0
25,0.0,0.015841584158415842,0.05401260078014202,1.0,-0.0,0,0
26,0.0,0.015841584158415842,0.05401260078014202,1.0,-0.0,0,0
27,0.0,0.023762376237623766,0.06471340450838889,1.0,-0.0,0,0
28,0.0,0.03564356435643565,0.08154954567118415,1.0,-0.0,0,0
29,0.0,0.047524752475247525,0.08965727859542,1.0,-0.0,0,0
30,0.0,0.0712871287128713,0.10372911567294095,1.0,-0.0,0,0
31,0.0,0.0712871287128713,0.10372911567294095,1.0,-0.0,0,0
32,0.0,0.09108910891089109,0.12113245340338316,1.0,-0.0,0,0
33,0.0,0.06930693069306931,0.11057238501634628,1.0,-0.0,0,0
34,0.0,0.1841584158415841,0.19434208548729184,1.0,-0.0,0,0
35,0.0,0.15445544554455443,0.179947600995427,1.0,-0.0,0,0
36,0.0,0.15445544554455443,0.179947600995427,1.0,-0.0,0,0
37,0.0,0.12475247524752472,0.16131019290626772,1.0,-0.0,0,0
38,0.0,0.12475247524752472,0.16131019290626772,1.0,-0.0,0,0
39,0.0,0.031683168316831684,0.07826167463512675,1.0,-0.0,0,0
40,0.0,0.031683168316831684,0.07826167463512675,1.0,-0.0,0,0
41,0.0,0.031683168316831684,0.07826167463512675,1.0,-0.0,0,0
42,0.0,0.031683168316831684,0.07826167463512675,1.0,-0.0,0,0
43,0.0,0.031683168316831684,0.07826167463512675,1.0,-0.0,0,0
44,0.0,0.15049504950495046,0.1744148703671667,1.0,-0.0,0,0
45,0.0,0.19207920792079203,0.19684801812808977,1.0,-0.0,0,0
46,0.0,0.19207920792079203,0.19684801812808977,1.0,-0.0,0,0
47,0.0,0.2158415841584158,0.2062069868822941,1.0,-0.0,0,0
48,0.0,0.2871287128712871,0.2427822910731739,1.0,-0.0,0,0
49,0.0,0.20198019801980197,0.18983066869238602,1.0,-0.0,0,0
50,0.0,0.33861386138613864,0.2560052200232431,1.0,-0.0,0,0
51,0.0,0.3663366336633664,0.26709927984110715,1.0,-0.0,0,0
52,0.0,0.4316831683168316,0.29347042392155026,1.0,-0.0,0,0
53,0.0,0.4039603960396041,0.30698817730620137,1.0,-0.0,0,0
54,0.0,0.3386138613861387,0.29617037411080005,1.0,-0.0,0,0
55,0.0,0.22376237623762374,0.22913894563394208,1.0,-0.0,0,0
56,0.0,0.27722772277227725,0.23709512153815077,1.0,-0.0,0,0
57,0.0,0.30099009900990104,0.24474478503731287,1.0,-0.0,0,0
58,0.0,0.3009900990099009,0.24474478503731287,1.0,-0.0,0,0
59,0.0,0.3009900990099009,0.24474478503731287,1.0,-0.0,0,0
60,0.0,0.23960396039603957,0.21064690925896556,1.0,-0.0,0,0
61,0.0,0.20198019801980194,0.19190560696373413,1.0,-0.0,0,0
62,0.0,0.12673267326732673,0.15083338726765974,1.0,-0.0,0,0
63,0.0,0.08316831683168317,0.12353642740976017,1.0,-0.0,0,0
64,0.0,0.08316831683168317,0.12353642740976017,1.0,-0.0,0,0
65,0.0,0.2039603960396039,0.19494644711665693,1.0,-0.0,0,0
66,0.0,0.16039603960396034,0.18243632168365972,1.0,-0.0,0,0
67,0.0,0.14158415841584157,0.1719240718506791,1.0,-0.0,0,0
68,0.0,0.22574257425742572,0.22805829780416584,1.0,-0.0,0,0
69,0.0,0.2871287128712871,0.2508059746065538,1.0,-0.0,0,0
70,0.0,0.32574257425742575,0.24318573163041599,1.0,-0.0,0,0
71,0.0,0.3940594059405941,0.23956304372018394,1.0,-0.0,0,0
72,0.0,0.45544554455445546,0.24715219487320772,1.0,-0.0,0,0
73,0.0,0.3722772277227723,0.24378159836059238,1.0,-0.0,0,0
74,0.0,0.30891089108910885,0.23967759281010306,1.0,-0.0,0,0
75,0.0,0.15247524752475242,0.16685445095398732,1.0,-0.0,0,0
76,0.0,0.1089108910891089,0.12750384183766533,1.0,-0.0,0,0
77,0.0,0.025742574257425745,0.0669763743575753,1.0,-0.0,0,0
78,0.0,0.06930693069306931,0.11057238501634628,1.0,-0.0,0,0
79,0.0,0.06930693069306931,0.11057238501634628,1.0,-0.0,0,0
80,0.0,0.09900990099009901,0.13965661530697393,1.0,-0.0,0,0
81,0.0,0.07326732673267328,0.12498799079651089,1.0,-0.0,0,0
82,0.0,0.08712871287128714,0.127165103825761,1.0,-0.0,0,0
83,0.0,0.04356435643564357,0.08255312311158745,1.0,-0.0,0,0
84,0.0,0.1089108910891089,0.1529246303073887,1.0,-0.0,0,0
85,0.0,0.0891089108910891,0.1420507440353343,1.0,-0.0,0,0
86,0.0,0.15445544554455443,0.17549068547409524,1.0,-0.0,0,0
87,0.0,0.1396039603960396,0.16773340936730113,1.0,-0.0,0,0
88,0.0,0.1396039603960396,0.16773340936730113,1.0,-0.0,0,0
89,0.0,0.07326732673267328,0.11848138852793338,1.0,-0.0,0,0
90,0.0,0.06336633663366338,0.10504385908811757,1.0,-0.0,0,0
91,0.0,0.0,0.0,1.0,-0.0,0,0
92,0.0,0.0,0.0,1.0,-0.0,0,0
93,0.0,0.0,0.0,1.0,-0.0,0,0
94,0.0,0.0,0.0,1.0,-0.0,0,0
95,0.0,0.04356435643564357,0.09587103712404123,1.0,-0.0,0,0
96,0.0,0.07722772277227724,0.12258049537063101,1.0,-0.0,0,0
97,0.0,0.10297029702970298,0.1451905170679078,1.0,-0.0,0,0
98,0.0,0.14653465346534655,0.1686077858012515,1.0,-0.0,0,0
99,0.0,0.17623762376237617,0.16718313599370643,1.0,-0.0,0,0
100,0.0,0.16633663366336632,0.15687368174525435,1.0,-0.0,0,0
101,0.0,0.13267326732673265,0.14698885988036148,1.0,-0.0,0,0
102,0.0,0.10495049504950493,0.12771893462651165,1.0,-0.0,0,0
103,0.0,0.10297029702970295,0.13383560593042218,1.0,-0.0,0,0
104,0.0,0.07326732673267328,0.11509022642946842,1.0,-0.0,0,0
105,0.0,0.039603960396039604,0.08452453849668534,1.0,-0.0,0,0
106,0.0,0.039603960396039604,0.08452453849668534,1.0,-0.0,0,0
107,0.0,0.039603960396039604,0.08452453849668534,1.0,-0.0,0,0
108,0.0,0.0,0.0,1.0,-0.0,0,0
109,0.0,0.0,0.0,1.0,-0.0,0,0
110,0.0,0.033663366336633666,0.07994704648786674,1.0,-0.0,0,0
111,0.0,0.04752475247524753,0.09809478080396702,1.0,-0.0,0,0
112,0.0,0.04752475247524753,0.09809478080396702,1.0,-0.0,0,0
113,0.0,0.0594059405940594,0.1073333087751893,1.0,-0.0,0,0
114,0.0,0.0594059405940594,0.1073333087751893,1.0,-0.0,0,0
115,0.2,0.22376237623762374,0.2035081017928858,1.0,-0.0,0,0
116,0.2,0.2099009900990099,0.1977622086930122,1.0,-0.0,0,0
117,0.2,0.25544554455445545,0.22359583743834088,1.0,-0.0,0,0
118,0.2,0.24356435643564353,0.2190961819552274,1.0,-0.0,0,0
119,0.2,0.30297029702970296,0.22797231269467202,1.0,-0.0,0,0
120,0.0,0.15643564356435644,0.160701335170483,1.0,-0.0,0,0
121,0.0,0.17029702970297028,0.1674175159433525,1.0,-0.0,0,0
122,0.0,0.13267326732673265,0.14698885988036148,1.0,-0.0,0,0
123,0.0,0.16831683168316833,0.1610182285168802,1.0,-0.0,0,0
124,0.0,0.1485148514851485,0.16082329112274815,1.0,-0.0,0,0
125,0.0,0.13366336633663364,0.15687368174525432,1.0,-0.0,0,0
126,0.0,0.17029702970297025,0.16976661583645788,1.0,-0.0,0,0
127,0.0,0.19801980198019797,0.17461709057464242,1.0,-0.0,0,0
128,0.0,0.22574257425742572,0.18382808657861666,1.0,-0.0,0,0
129,0.0,0.1861386138613861,0.1785695099817108,1.0,-0.0,0,0
130,0.0,0.15049504950495046,0.15772124951873168,1.0,-0.0,0,0
131,0.0,0.09900990099009901,0.14246420394934614,1.0,-0.0,0,0
132,0.0,0.06336633663366337,0.11917436454123627,1.0,-0.0,0,0
133,0.0,0.049504950495049514,0.09078727434730813,1.0,-0.0,0,0
134,0.0,0.049504950495049514,0.09078727434730813,1.0,-0.0,0,0
135,0.0,0.049504950495049514,0.09078727434730813,1.0,-0.0,0,0
136,0.2,0.24554455445544549,0.210386138380886,1.0,-0.0,0,0
137,0.4,0.4277227722772276,0.2564490229316765,1.0,-0.0,0,0
138,0.6,0.6554455445544554,0.3084535838197347,1.0,-0.0,0,0
139,1.2,0.8990099009900988,0.3643779588993733,0.20439122243459468,0.6895377588801476,0,0
140,1.2,0.9544554455445544,0.3908672136518613,0.2649349813882221,0.5768606947006649,0,0
141,1.0,0.786138613861386,0.3380285602118121,0.2634737543726186,0.579262640029585,0,0
142,0.8,0.6811881188118809,0.32478869636208085,0.3572523624020739,0.44702489066913353,0,0
143,0.6,0.403960396039604,0.278582263684261,0.24080839594957593,0.6183283751758211,0,0
144,0.0,0.1782178217821782,0.19067569294591244,1.0,-0.0,0,0
145,0.0,0.12277227722772276,0.16160162980675774,1.0,-0.0,0,0
146,0.0,0.1386138613861386,0.14554118673277588,1.0,-0.0,0,0
147,0.0,0.12673267326732673,0.1534365990321625,1.0,-0.0,0,0
148,0.0,0.12673267326732673,0.1534365990321625,1.0,-0.0,0,0
149,0.0,0.26534653465346536,0.23055492400519423,1.0,-0.0,0,0
150,0.0,0.3445544554455445,0.2715832740751476,1.0,-0.0,0,0
151,0.0,0.31980198019801975,0.25486156288013023,1.0,-0.0,0,0
152,0.0,0.297029702970297,0.2331257449942406,1.0,-0.0,0,0
153,0.0,0.38811881188118824,0.2652430713022225,1.0,-0.0,0,0
154,0.0,0.23168316831683167,0.2004602096608913,1.0,-0.0,0,0
155,0.0,0.15445544554455443,0.17549068547409524,1.0,-0.0,0,0
156,0.0,0.13465346534653463,0.17600384984783346,1.0,-0.0,0,0
157,0.0,0.0891089108910891,0.14481192315867106,1.0,-0.0,0,0
158,0.0,0.0,0.0,1.0,-0.0,0,0
159,0.0,0.0,0.0,1.0,-0.0,0,0
160,0.0,0.0,0.0,1.0,-0.0,0,0
161,0.0,0.009900990099009901,0.04338396495090425,1.0,-0.0,0,0
162,0.0,0.009900990099009901,0.04338396495090425,1.0,-0.0,0,0
163,0.0,0.04554455445544555,0.08846854615322249,1.0,-0.0,0,0
164,0.0,0.04554455445544555,0.08846854615322249,1.0,-0.0,0,0
165,0.0,0.13861386138613863,0.15088537189345536,1.0,-0.0,0,0
166,0.0,0.12673267326732673,0.14818445096134422,1.0,-0.0,0,0
167,0.2,0.16633663366336632,0.1642729120947021,0.418815979973769,0.37797675611920145,0,0
168,0.2,0.13069306930693067,0.13624568246946198,0.3054844719288998,0.5150108604688454,0,0
169,0.4,0.16831683168316827,0.1534621526336441,0.06555886740684057,1.1833685578960504,0,0
170,0.4,0.13465346534653463,0.15184387732816487,0.04027568825231457,1.394957029390968,0,0
171,0.6,0.3801980198019802,0.26176090745057046,0.20053686485822653,0.6978057789897881,0,0
172,0.8,0.5069306930693069,0.29052953556933503,0.15654922299053742,0.8053490835996653,0,0
173,0.8,0.5524752475247525,0.29937031586478036,0.20417012569404297,0.6900078038523486,0,0
174,0.6,0.5297029702970297,0.2875449356034241,0.40343217896836564,0.39422946410285253,0,0
175,0.8,0.5405940594059406,0.2918626483626567,0.18705674407300016,0.7280266292947528,0,0
176,0.6,0.30297029702970296,0.22970297029702968,0.09798764134016054,1.0088286961057922,0,0
177,0.2,0.13762376237623758,0.16581719933036293,0.35339350604271313,0.4517414353491417,0,0
178,0.2,0.09306930693069305,0.13661931335176508,0.21690432421099842,0.663731789791914,0,0
179,0.4,0.1722772277227723,0.20687146814606538,0.13549326562570818,0.8680822898395792,0,0
180,1.0,0.407920792079208,0.24522495968970642,0.007879862964067482,2.103481335107755,0,0
181,3.8,0.9089108910891087,0.36966642975434594,2.6343272100804465e-15,14.579330282257104,0,0
182,3.8,0.9089108910891087,0.36966642975434594,2.6343272100804465e-15,14.579330282257104,0,0
183,3.8,0.9089108910891087,0.36966642975434594,2.6343272100804465e-15,14.579330282257104,0,0
184,3.6,0.8158415841584158,0.38350459825746436,1.9387243382197097e-13,12.712483937646853,0,0
185,2.8,0.5445544554455446,0.3198004475333411,8.776230171564209e-13,12.056691995172477,0,0
186,0.0,0.033663366336633666,0.07482947971362847,1.0,-0.0,0,0
187,0.0,0.033663366336633666,0.07482947971362847,1.0,-0.0,0,0
188,0.0,0.033663366336633666,0.07482947971362847,1.0,-0.0,0,0
189,0.0,0.033663366336633666,0.07482947971362847,1.0,-0.0,0,0
190,0.4,0.4534653465346534,0.2909745851361884,1.0,-0.0,0,0
191,0.4,0.5366336633663367,0.3352914418024798,1.0,-0.0,0,0
192,0.4,0.5366336633663367,0.3352914418024798,1.0,-0.0,0,0
193,0.4,0.5643564356435644,0.34052497572460944,1.0,-0.0,0,0
194,0.4,0.5643564356435644,0.34052497572460944,1.0,-0.0,0,0
195,0.0,0.15445544554455443,0.1842967648111355,1.0,-0.0,0,0
196,0.0,0.13267326732673265,0.15486110729518537,1.0,-0.0,0,0
197,0.0,0.2693069306930693,0.22591620906062038,1.0,-0.0,0,0
198,0.0,0.2435643564356436,0.21545064059203106,1.0,-0.0,0,0
199,0.0,0.2435643564356436,0.21545064059203106,1.0,-0.0,0,0
200,0.0,0.22574257425742578,0.20032323649173034,1.0,-0.0,0,0
201,0.0,0.16435643564356436,0.16264165701687974,1.0,-0.0,0,0
202,0.0,0.06336633663366337,0.09721138779115705,1.0,-0.0,0,0
203,0.0,0.09306930693069305,0.11454380090280847,1.0,-0.0,0,0
204,0.2,0.19405940594059404,0.15531621030596104,0.48474482210558645,0.3144868212239486,0,0
205,0.2,0.19603960396039602,0.164057941997687,0.49037037788707877,0.30947577239816465,0,0
206,0.2,0.2158415841584158,0.16811869526171186,1.0,-0.0,0,0
207,0.2,0.19801980198019797,0.17002049848448067,0.49535369640105636,0.3050845918909883,0,0
208,0.2,0.16831683168316833,0.1585395556534503,0.4208013204251023,0.37592290608712153,0,0
209,0.0,0.08316831683168316,0.13280619910579972,1.0,-0.0,0,0
210,0.0,0.05346534653465347,0.10104832334394513,1.0,-0.0,0,0
211,0.0,0.033663366336633666,0.08930671115865095,1.0,-0.0,0,0
212,0.0,0.015841584158415842,0.05401260078014202,1.0,-0.0,0,0
213,0.0,0.015841584158415842,0.05401260078014202,1.0,-0.0,0,0
214,0.0,0.0,0.0,1.0,-0.0,0,0
215,0.0,0.0,0.0,1.0,-0.0,0,0
216,0.0,0.0,0.0,1.0,-0.0,0,0
217,0.0,0.0,0.0,1.0,-0.0,0,0
218,0.0,0.0,0.0,1.0,-0.0,0,0
219,0.0,0.021782178217821784,0.06230547612891991,1.0,-0.0,0,0
220,0.0,0.021782178217821784,0.06230547612891991,1.0,-0.0,0,0
221,0.0,0.021782178217821784,0.06230547612891991,1.0,-0.0,0,0
222,0.0,0.021782178217821784,0.06230547612891991,1.0,-0.0,0,0
223,0.0,0.021782178217821784,0.06230547612891991,1.0,-0.0,0,0
224,0.0,0.0,0.0,1.0,-0.0,0,0
225,0.0,0.0,0.0,1.0,-0.0,0,0
226,0.0,0.0,0.0,1.0,-0.0,0,0
227,0.0,0.0,0.0,1.0,-0.0,0,0
228,0.0,0.0,0.0,1.0,-0.0,0,0
229,0.0,0.0,0.0,1.0,-0.0,0,0
230,0.0,0.0,0.0,1.0,-0.0,0,0
231,0.0,0.0,0.0,1.0,-0.0,0,0
232,0.0,0.0,0.0,1.0,-0.0,0,0
233,0.0,0.0,0.0,1.0,-0.0,0,0
234,0.0,0.0,0.0,1.0,-0.0,0,0
235,0.0,0.0,0.0,1.0,-0.0,0,0
236,0.0,0.0,0.0,1.0,-0.0,0,0
237,0.0,0.08316831683168316,0.12670172889541695,1.0,-0.0,0,0
238,0.0,0.1465346534653465,0.17775517507089314,1.0,-0.0,0,0
239,0.0,0.2574257425742575,0.23094576734837932,1.0,-0.0,0,0
240,0.0,0.31089108910891095,0.26019832120180864,1.0,-0.0,0,0
241,0.2,0.500990099009901,0.33016499010956574,1.0,-0.0,0,0
242,0.2,0.4514851485148515,0.32046187625967154,1.0,-0.0,0,0
243,0.2,0.39009900990099017,0.2805598894767,1.0,-0.0,0,0
244,0.2,0.27722772277227725,0.23031669463047466,1.0,-0.0,0,0
245,0.2,0.2237623762376237,0.20736370442096455,1.0,-0.0,0,0
246,0.0,0.033663366336633666,0.07994704648786674,1.0,-0.0,0,0
247,0.0,0.0,0.0,1.0,-0.0,0,0
248,0.0,0.0,0.0,1.0,-0.0,0,0
249,0.0,0.13069306930693064,0.13330718954223236,1.0,-0.0,0,0
250,0.0,0.1861386138613861,0.17407731466008644,1.0,-0.0,0,0
251,0.0,0.23366336633663365,0.18894036343566833,1.0,-0.0,0,0
252,0.0,0.23366336633663365,0.18894036343566833,1.0,-0.0,0,0
253,0.0,0.23366336633663365,0.18894036343566833,1.0,-0.0,0,0
254,0.0,0.10297029702970294,0.1396285351588451,1.0,-0.0,0,0
255,0.0,0.04752475247524753,0.10586191211583096,1.0,-0.0,0,0
256,0.0,0.0,0.0,1.0,-0.0,0,0
257,0.0,0.0,0.0,1.0,-0.0,0,0
258,0.0,0.0019801980198019802,0.0198019801980198,1.0,-0.0,0,0
259,0.0,0.0019801980198019802,0.0198019801980198,1.0,-0.0,0,0
260,0.0,0.0019801980198019802,0.0198019801980198,1.0,-0.0,0,0
261,0.0,0.0019801980198019802,0.0198019801980198,1.0,-0.0,0,0
262,0.0,0.0019801980198019802,0.0198019801980198,1.0,-0.0,0,0
263,0.0,0.0,0.0,1.0,-0.0,0,0
264,0.0,0.0,0.0,1.0,-0.0,0,0
265,0.0,0.0,0.0,1.0,-0.0,0,0
266,0.0,0.0,0.0,1.0,-0.0,0,0
267,0.0,0.0,0.0,1.0,-0.0,0,0
268,0.0,0.0,0.0,1.0,-0.0,0,0
269,0.0,0.0,0.0,1.0,-0.0,0,0
270,0.0,0.0,0.0,1.0,-0.0,0,0
271,0.0,0.0,0.0,1.0,-0.0,0,0
272,0.0,0.0,0.0,1.0,-0.0,0,0
273,0.0,0.023762376237623763,0.07056843438101175,1.0,-0.0,0,0
274,0.0,0.023762376237623763,0.07056843438101175,1.0,-0.0,0,0
275,0.2,0.21782178217821782,0.201182661499228,1.0,-0.0,0,0
276,0.2,0.2613861386138614,0.22114477003269256,1.0,-0.0,0,0
277,0.4,0.3465346534653467,0.2623444778087793,0.4192555786417169,0.3775211499330983,0,0
278,0.4,0.32277227722772284,0.24368507030360648,0.375653631578465,0.4252124083233202,0,0
279,1.2,0.4910891089108911,0.3064000523165784,0.010342710926537069,1.9853656134542483,0,0
280,1.2,0.3960396039603961,0.28000028008444544,0.0020440386465352973,2.6895108972758983,0,0
281,1.2,0.35247524752475257,0.24234582090902132,0.0002351102466714298,3.6287284428619344,0,0
282,1.0,0.26534653465346536,0.22357829982213773,0.0005083053989212363,3.2938752774520297,0,0
283,1.2,0.3267326732673267,0.2528612851476418,0.0002766370230155859,3.5580896976345695,0,0
284,0.4,0.1584158415841584,0.18090385101871284,0.0908680710560761,1.04158869103622,0,0
285,0.2,0.1782178217821782,0.18647536422960084,0.4535053288644175,0.3434176054444276,0,0
286,0.8,0.4594059405940595,0.30382975229649734,0.13114329580263417,0.8822539061437182,0,0
287,0.8,0.4594059405940595,0.30382975229649734,0.13114329580263417,0.8822539061437182,0,0
288,2.0,0.9504950495049507,0.4610843359158689,0.01141800805325921,1.9424096550160759,0,0
289,2.0,0.9504950495049507,0.4610843359158689,0.01141800805325921,1.9424096550160759,0,0
290,2.0,0.8316831683168319,0.4375744786549598,0.003792743721545262,2.4210465019001517,0,0
291,1.4,0.5485148514851487,0.35672155749465656,0.008493842072380107,2.07089581819011,0,0
292,1.4,0.5485148514851487,0.35672155749465656,0.008493842072380107,2.07089581819011,0,0
293,0.0,0.027722772277227727,0.07461957893630407,1.0,-0.0,0,0
294,0.0,0.027722772277227727,0.07461957893630407,1.0,-0.0,0,0
295,0.0,0.05940594059405942,0.0996808946427978,1.0,-0.0,0,0
296,0.0,0.12574257425742572,0.14532549015373283,1.0,-0.0,0,0
297,0.0,0.12574257425742572,0.14532549015373283,1.0,-0.0,0,0
298,0.0,0.097029702970297,0.11471483847889298,1.0,-0.0,0,0
299,0.0,0.097029702970297,0.11471483847889298,1.0,-0.0,0,0
300,0.0,0.06534653465346535,0.10571364605971598,1.0,-0.0,0,0
301,0.0,0.0,0.0,1.0,-0.0,0,0
302,0.0,0.0,0.0,1.0,-0.0,0,0
303,0.0,0.20990099009900987,0.20561665306784294,1.0,-0.0,0,0
304,0.0,0.27722772277227725,0.21612298850918424,1.0,-0.0,0,0
305,0.0,0.27722772277227725,0.21612298850918424,1.0,-0.0,0,0
306,0.0,0.27722772277227725,0.21612298850918424,1.0,-0.0,0,0
307,0.0,0.27722772277227725,0.21612298850918424,1.0,-0.0,0,0
308,0.0,0.08712871287128712,0.12401163019288063,1.0,-0.0,0,0
309,0.0,0.019801980198019802,0.0597350618970232,1.0,-0.0,0,0
310,0.0,0.019801980198019802,0.0597350618970232,1.0,-0.0,0,0
311,0.0,0.2099009900990099,0.18958263199843847,1.0,-0.0,0,0
312,0.0,0.22970297029702968,0.20563572254648982,1.0,-0.0,0,0
313,0.0,0.25742574257425743,0.22220610121355305,1.0,-0.0,0,0
314,0.0,0.25742574257425743,0.22220610121355305,1.0,-0.0,0,0
315,0.0,0.25742574257425743,0.22220610121355305,1.0,-0.0,0,0
316,0.0,0.06732673267326733,0.102550553475042,1.0,-0.0,0,0
317,0.0,0.04752475247524753,0.08512548617902843,1.0,-0.0,0,0
