,foreground,bg_means,bg_stdev,pvals,minus_logs,regs,active
2,0.0,0.007920792079207921,0.03900537743285587,1.0,-0.0,0,0
3,0.0,0.007920792079207921,0.03900537743285587,1.0,-0.0,0,0
4,0.0,0.0,0.0,1.0,-0.0,0,0
5,0.0,0.0059405940594059415,0.03395332316729158,1.0,-0.0,0,0
6,0.0,0.0059405940594059415,0.03395332316729158,1.0,-0.0,0,0
7,0.0,0.009900990099009901,0.04338396495090424,1.0,-0.0,0,0
8,0.0,0.0198019801980198,0.05973506189702319,1.0,-0.0,0,0
9,0.0,0.10297029702970298,0.14789308791950762,1.0,-0.0,0,0
10,0.0,0.15841584158415842,0.16486858056632595,1.0,-0.0,0,0
11,0.0,0.15841584158415842,0.16486858056632595,1.0,-0.0,0,0
12,0.0,0.15445544554455445,0.1613831014717559,1.0,-0.0,0,0
13,0.0,0.19999999999999996,0.17349066228760007,1.0,-0.0,0,0
14,0.0,0.14455445544554452,0.14923915787260814,1.0,-0.0,0,0
15,0.0,0.08316831683168316,0.11694909354640316,1.0,-0.0,0,0
16,0.0,0.08316831683168316,0.11694909354640316,1.0,-0.0,0,0
17,0.0,0.08316831683168316,0.11694909354640316,1.0,-0.0,0,0
18,0.0,0.027722772277227727,0.06910862719451544,1.0,-0.0,0,0
19,0.0,0.0,0.0,1.0,-0.0,0,0
20,0.0,0.0,0.0,1.0,-0.0,0,0
21,0.0,0.02772277227722773,0.06910862719451544,1.0,-0.0,0,0
22,0.0,0.02772277227722773,0.06910862719451544,1.0,-0.0,0,0
23,0.0,0.02772277227722773,0.06910862719451544,1.0,-0.0,0,0
24,0.0,0.02772277227722773,0.06910862719451544,1.0,-0.0,0,0
25,0.0,0.02772277227722773,0.06910862719451544,1.0,-0.0,0,0
26,0.0,0.0,0.0,1.0,-0.0,0,0
27,0.0,0.0,0.0,1.0,-0.0,0,0
28,0.0,0.007920792079207921,0.03900537743285587,1.0,-0.0,0,0
29,0.0,0.007920792079207921,0.03900537743285587,1.0,-0.0,0,0
30,0.0,0.03762376237623763,0.08307396817189318,1.0,-0.0,0,0
31,0.0,0.03762376237623763,0.08307396817189318,1.0,-0.0,0,0
32,0.0,0.03762376237623763,0.08307396817189318,1.0,-0.0,0,0
33,0.0,0.057425742574257435,0.09885135821266286,1.0,-0.0,0,0
34,0.0,0.057425742574257435,0.09885135821266286,1.0,-0.0,0,0
35,0.0,0.027722772277227727,0.06910862719451544,1.0,-0.0,0,0
36,0.0,0.027722772277227727,0.06910862719451544,1.0,-0.0,0,0
37,0.0,0.027722772277227727,0.06910862719451544,1.0,-0.0,0,0
38,0.0,0.07920792079207921,0.11966689053257921,1.0,-0.0,0,0
39,0.0,0.07920792079207921,0.11966689053257921,1.0,-0.0,0,0
40,0.0,0.07920792079207921,0.11966689053257921,1.0,-0.0,0,0
41,0.0,0.07920792079207921,0.11966689053257921,1.0,-0.0,0,0
42,0.0,0.07920792079207921,0.11966689053257921,1.0,-0.0,0,0
43,0.0,0.0,0.0,1.0,-0.0,0,0
44,0.0,0.021782178217821784,0.06230547612891991,1.0,-0.0,0,0
45,0.0,0.04554455445544554,0.08387254884969257,1.0,-0.0,0,0
46,0.0,0.04554455445544554,0.08387254884969257,1.0,-0.0,0,0
47,0.0,0.10495049504950495,0.1337769960717191,1.0,-0.0,0,0
48,0.0,0.10495049504950495,0.1337769960717191,1.0,-0.0,0,0
49,0.0,0.08316831683168317,0.12353642740976016,1.0,-0.0,0,0
50,0.0,0.10495049504950495,0.14784005112815915,1.0,-0.0,0,0
51,0.0,0.10495049504950495,0.14784005112815915,1.0,-0.0,0,0
52,0.0,0.05544554455445545,0.1094316980566186,1.0,-0.0,0,0
53,0.0,0.05544554455445545,0.1094316980566186,1.0,-0.0,0,0
54,0.0,0.05544554455445545,0.1094316980566186,1.0,-0.0,0,0
55,0.0,0.07722772277227724,0.13191745702927898,1.0,-0.0,0,0
56,0.0,0.15049504950495052,0.16981280455064035,1.0,-0.0,0,0
57,0.0,0.25148514851485143,0.21554162097723217,1.0,-0.0,0,0
58,0.0,0.25148514851485143,0.21554162097723217,1.0,-0.0,0,0
59,0.0,0.25148514851485143,0.21554162097723217,1.0,-0.0,0,0
60,0.0,0.194059405940594,0.19387746573147427,1.0,-0.0,0,0
61,0.0,0.12079207920792079,0.1517663861889879,1.0,-0.0,0,0
62,0.0,0.009900990099009901,0.04338396495090424,1.0,-0.0,0,0
63,0.0,0.023762376237623766,0.06471340450838889,1.0,-0.0,0,0
64,0.0,0.04356435643564357,0.08721867542790195,1.0,-0.0,0,0
65,0.0,0.039603960396039604,0.08908690597387718,1.0,-0.0,0,0
66,0.0,0.039603960396039604,0.08908690597387718,1.0,-0.0,0,0
67,0.0,0.039603960396039604,0.08908690597387718,1.0,-0.0,0,0
68,0.0,0.025742574257425745,0.07264925278354115,1.0,-0.0,0,0
69,0.0,0.011881188118811883,0.047276579747775535,1.0,-0.0,0,0
70,0.0,0.0059405940594059415,0.03395332316729158,1.0,-0.0,0,0
71,0.0,0.0059405940594059415,0.03395332316729158,1.0,-0.0,0,0
72,0.0,0.019801980198019802,0.0597350618970232,1.0,-0.0,0,0
73,0.0,0.019801980198019802,0.0597350618970232,1.0,-0.0,0,0
74,0.0,0.01386138613861386,0.05079507064705211,1.0,-0.0,0,0
75,0.0,0.019801980198019802,0.059735061897023205,1.0,-0.0,0,0
76,0.0,0.033663366336633666,0.07482947971362845,1.0,-0.0,0,0
77,0.0,0.027722772277227727,0.06910862719451544,1.0,-0.0,0,0
78,0.0,0.05544554455445544,0.10575073206193021,1.0,-0.0,0,0
79,0.0,0.05544554455445544,0.10575073206193021,1.0,-0.0,0,0
80,0.0,0.05544554455445545,0.10575073206193021,1.0,-0.0,0,0
81,0.0,0.04752475247524753,0.09809478080396702,1.0,-0.0,0,0
82,0.0,0.039603960396039604,0.09342674148186496,1.0,-0.0,0,0
83,0.0,0.011881188118811883,0.047276579747775535,1.0,-0.0,0,0
84,0.0,0.011881188118811883,0.047276579747775535,1.0,-0.0,0,0
85,0.0,0.0059405940594059415,0.03395332316729157,1.0,-0.0,0,0
86,0.0,0.0,0.0,1.0,-0.0,0,0
87,0.0,0.009900990099009901,0.04338396495090424,1.0,-0.0,0,0
88,0.0,0.009900990099009901,0.04338396495090424,1.0,-0.0,0,0
89,0.0,0.021782178217821784,0.06230547612891991,1.0,-0.0,0,0
90,0.0,0.021782178217821784,0.06230547612891991,1.0,-0.0,0,0
91,0.0,0.021782178217821784,0.06230547612891991,1.0,-0.0,0,0
92,0.0,0.011881188118811883,0.047276579747775535,1.0,-0.0,0,0
93,0.0,0.011881188118811883,0.047276579747775535,1.0,-0.0,0,0
94,0.0,0.0,0.0,1.0,-0.0,0,0
95,0.0,0.021782178217821784,0.06230547612891991,1.0,-0.0,0,0
96,0.0,0.021782178217821784,0.06230547612891991,1.0,-0.0,0,0
97,0.0,0.021782178217821784,0.06230547612891991,1.0,-0.0,0,0
98,0.0,0.033663366336633666,0.07994704648786674,1.0,-0.0,0,0
99,0.0,0.03564356435643565,0.08154954567118415,1.0,-0.0,0,0
100,0.0,0.05346534653465347,0.09287951999650358,1.0,-0.0,0,0
101,0.0,0.05346534653465347,0.09287951999650358,1.0,-0.0,0,0
102,0.0,0.06336633663366337,0.10874875419996817,1.0,-0.0,0,0
103,0.0,0.08514851485148513,0.13886822488939993,1.0,-0.0,0,0
104,0.0,0.08316831683168316,0.13280619910579974,1.0,-0.0,0,0
105,0.0,0.04356435643564357,0.10380469245212799,1.0,-0.0,0,0
106,0.0,0.04356435643564357,0.10380469245212799,1.0,-0.0,0,0
107,0.0,0.033663366336633666,0.08930671115865095,1.0,-0.0,0,0
108,0.0,0.0,0.0,1.0,-0.0,0,0
109,0.0,0.025742574257425745,0.07264925278354116,1.0,-0.0,0,0
110,0.0,0.09108910891089109,0.13937555924568534,1.0,-0.0,0,0
111,0.0,0.09504950495049505,0.1423816080178024,1.0,-0.0,0,0
112,0.0,0.09504950495049505,0.1423816080178024,1.0,-0.0,0,0
113,0.0,0.09504950495049505,0.1423816080178024,1.0,-0.0,0,0
114,0.0,0.06930693069306931,0.11057238501634631,1.0,-0.0,0,0
115,0.0,0.0039603960396039604,0.027863855998951064,1.0,-0.0,0,0
116,0.0,0.0,0.0,1.0,-0.0,0,0
117,0.0,0.025742574257425748,0.0669763743575753,1.0,-0.0,0,0
118,0.0,0.04950495049504951,0.08631483056516186,1.0,-0.0,0,0
119,0.0,0.04950495049504951,0.08631483056516186,1.0,-0.0,0,0
120,0.0,0.04950495049504951,0.08631483056516186,1.0,-0.0,0,0
121,0.0,0.0712871287128713,0.10747934055534188,1.0,-0.0,0,0
122,0.0,0.04554455445544555,0.09283729243351321,1.0,-0.0,0,0
123,0.0,0.021782178217821784,0.062305476128919915,1.0,-0.0,0,0
124,0.0,0.021782178217821784,0.062305476128919915,1.0,-0.0,0,0
125,0.0,0.04356435643564357,0.08721867542790195,1.0,-0.0,0,0
126,0.0,0.1495049504950495,0.18754472067408437,1.0,-0.0,0,0
127,0.0,0.15148514851485148,0.18911668637791354,1.0,-0.0,0,0
128,0.0,0.1623762376237624,0.1944026061984139,1.0,-0.0,0,19
129,0.0,0.2059405940594059,0.19991175388711227,1.0,-0.0,0,0
130,0.0,0.18415841584158413,0.19022273201620324,1.0,-0.0,0,0
131,0.0,0.05544554455445546,0.10943169805661862,1.0,-0.0,0,0
132,0.0,0.05346534653465347,0.10860442931328386,1.0,-0.0,0,0
133,0.0,0.04356435643564357,0.09164702150816742,1.0,-0.0,0,0
134,0.0,0.0,0.0,1.0,-0.0,0,0
135,0.0,0.023762376237623766,0.07056843438101174,1.0,-0.0,0,0
136,0.0,0.023762376237623766,0.07056843438101174,1.0,-0.0,0,0
137,0.0,0.05346534653465347,0.10860442931328386,1.0,-0.0,0,0
138,0.0,0.05346534653465347,0.10860442931328386,1.0,-0.0,0,0
139,0.0,0.07524752475247526,0.1345369326848557,1.0,-0.0,0,0
140,0.0,0.05148514851485149,0.10011267057239238,1.0,-0.0,0,0
141,0.2,0.08316831683168317,0.13280619910579972,0.18950670213184595,0.7223754260789859,0,0
142,0.2,0.06336633663366337,0.10120342446875752,0.08849366552547523,1.0530878154692966,0,0
143,0.2,0.07524752475247524,0.11553229422427584,0.140114268670204,0.8535176356692988,0,0
144,0.2,0.05346534653465347,0.09287951999650358,0.05731896239780438,1.2417016799108866,0,0
145,0.4,0.08712871287128714,0.11402914890208293,0.0030367797879652125,2.5175866997969227,0,0
146,0.2,0.05544554455445545,0.1019369320889802,0.07808409030039497,1.1074374449781044,0,0
147,0.2,0.04554455445544555,0.08846854615322249,0.040415922396446834,1.3934475050229045,0,0
148,0.2,0.033663366336633666,0.07994704648786674,0.018735949469970602,1.7273242935431963,0,0
149,0.2,0.033663366336633666,0.07994704648786674,0.018735949469970602,1.7273242935431963,0,0
150,0.0,0.0,0.0,1.0,-0.0,0,0
151,0.0,0.0,0.0,1.0,-0.0,0,0
152,0.0,0.0,0.0,1.0,-0.0,0,0
153,0.0,0.0,0.0,1.0,-0.0,0,0
154,0.0,0.0,0.0,1.0,-0.0,0,0
155,0.0,0.0,0.0,1.0,-0.0,0,0
156,0.0,0.0,0.0,1.0,-0.0,0,0
157,0.2,0.049504950495049514,0.09912864166957489,0.06448460512601868,1.1905439552382786,0,0
158,0.2,0.049504950495049514,0.09912864166957489,0.06448460512601868,1.1905439552382786,0,0
159,0.2,0.05742574257425742,0.11021718851545144,0.09790604061927334,1.009190512214366,0,0
160,0.2,0.05742574257425742,0.11021718851545144,0.09790604061927334,1.009190512214366,0,0
161,0.2,0.05742574257425742,0.11021718851545144,0.09790604061927334,1.009190512214366,0,0
162,0.0,0.023762376237623766,0.06471340450838887,1.0,-0.0,0,0
163,0.0,0.023762376237623766,0.06471340450838887,1.0,-0.0,0,0
164,0.0,0.015841584158415842,0.054012600780142014,1.0,-0.0,0,0
165,0.0,0.057425742574257435,0.09476028605152792,1.0,-0.0,0,0
166,0.0,0.057425742574257435,0.09476028605152792,1.0,-0.0,0,0
167,0.0,0.08316831683168316,0.13280619910579972,1.0,-0.0,0,0
168,0.0,0.08316831683168316,0.13280619910579972,1.0,-0.0,0,0
169,0.0,0.08316831683168316,0.13280619910579972,1.0,-0.0,0,0
170,0.0,0.04158415841584159,0.09039772047931348,1.0,-0.0,0,0
171,0.0,0.11089108910891088,0.1420507440353343,1.0,-0.0,0,0
172,0.0,0.06930693069306931,0.11751770396006173,1.0,-0.0,0,0
173,0.0,0.06930693069306931,0.11751770396006173,1.0,-0.0,0,0
174,0.0,0.06930693069306931,0.11751770396006173,1.0,-0.0,0,0
175,0.0,0.06930693069306931,0.11751770396006173,1.0,-0.0,0,0
176,0.0,0.04554455445544555,0.08846854615322249,1.0,-0.0,0,0
177,0.0,0.04554455445544555,0.08846854615322249,1.0,-0.0,0,0
178,0.0,0.07920792079207921,0.12293186689242577,1.0,-0.0,0,0
179,0.0,0.07920792079207921,0.12293186689242577,1.0,-0.0,0,0
180,0.0,0.07920792079207921,0.12293186689242577,1.0,-0.0,0,0
181,0.0,0.033663366336633666,0.07994704648786674,1.0,-0.0,0,0
182,0.0,0.033663366336633666,0.07994704648786674,1.0,-0.0,0,0
183,0.0,0.0,0.0,1.0,-0.0,0,0
184,0.0,0.04356435643564357,0.08721867542790195,1.0,-0.0,0,0
185,0.0,0.04356435643564357,0.08721867542790195,1.0,-0.0,0,0
186,0.2,0.06336633663366337,0.10874875419996816,0.10448261079208833,0.9809559838634979,0,0
187,0.2,0.12079207920792079,0.14372473118118065,0.2907796499938946,0.5364359905386117,0,0
188,0.2,0.12079207920792079,0.14372473118118065,0.2907796499938946,0.5364359905386117,0,0
189,0.2,0.07722772277227724,0.1193059036149867,0.15172703225002876,0.8189370368062708,0,0
190,0.2,0.07722772277227724,0.1193059036149867,0.15172703225002876,0.8189370368062708,0,0
191,0.0,0.06534653465346535,0.10571364605971598,1.0,-0.0,0,0
192,0.0,0.007920792079207921,0.03900537743285587,1.0,-0.0,0,0
193,0.0,0.007920792079207921,0.03900537743285587,1.0,-0.0,0,0
194,0.0,0.007920792079207921,0.03900537743285587,1.0,-0.0,0,0
195,0.0,0.007920792079207921,0.03900537743285587,1.0,-0.0,0,0
196,0.0,0.007920792079207921,0.03900537743285587,1.0,-0.0,0,0
197,0.0,0.017821782178217824,0.056980176514606566,1.0,-0.0,0,0
198,0.0,0.02970297029702971,0.07112192077650681,1.0,-0.0,0,0
199,0.2,0.0811881188118812,0.12325042629382525,0.16752607431728717,0.7759175883237079,0,0
200,0.2,0.0811881188118812,0.12325042629382525,0.16752607431728717,0.7759175883237079,0,0
201,0.2,0.07326732673267328,0.11509022642946842,0.13541366575877595,0.8683375050442039,0,0
202,0.2,0.06336633663366337,0.10874875419996817,0.10448261079208833,0.9809559838634979,0,0
203,0.2,0.05148514851485149,0.09186070102766894,0.0529672293593788,1.275992743798466,0,0
204,0.0,0.0,0.0,1.0,-0.0,0,0
205,0.0,0.009900990099009901,0.04338396495090424,1.0,-0.0,0,0
206,0.0,0.009900990099009901,0.04338396495090424,1.0,-0.0,0,0
207,0.0,0.009900990099009901,0.04338396495090424,1.0,-0.0,0,0
208,0.0,0.04356435643564357,0.09164702150816742,1.0,-0.0,0,0
209,0.0,0.04356435643564357,0.09164702150816742,1.0,-0.0,0,0
210,0.0,0.033663366336633666,0.08475617647141663,1.0,-0.0,0,0
211,0.0,0.033663366336633666,0.08475617647141663,1.0,-0.0,0,0
212,0.0,0.033663366336633666,0.08475617647141663,1.0,-0.0,0,0
213,0.0,0.05742574257425742,0.12051583409665695,1.0,-0.0,0,0
214,0.2,0.08712871287128712,0.13618810981425267,0.20361174109044727,0.6911971824071224,0,0
215,0.2,0.08712871287128712,0.13618810981425267,0.20361174109044727,0.6911971824071224,0,0
216,0.4,0.14059405940594058,0.16779184288566223,0.061052462753437946,1.2142968126583948,0,0
217,0.4,0.1623762376237624,0.19028456290748869,0.10587257754383973,0.9752165135809909,0,0
218,0.4,0.11485148514851483,0.1416914361980065,0.02208567245422131,1.6558893730090944,0,0
219,0.2,0.1089108910891089,0.13650445892763632,0.2522910036310732,0.5980982355824722,0,0
220,0.2,0.15247524752475247,0.1644637607354148,0.3863029596859729,0.4130719644662017,0,0
221,0.0,0.09900990099009901,0.1308729634998678,1.0,-0.0,0,0
222,0.0,0.08316831683168316,0.11694909354640316,1.0,-0.0,0,0
223,0.0,0.15841584158415842,0.16960485628010977,1.0,-0.0,0,0
224,0.0,0.14455445544554454,0.16439221845954266,1.0,-0.0,0,0
225,0.0,0.10099009900990098,0.1338649012368758,1.0,-0.0,0,0
226,0.0,0.12277227722772276,0.14884451859775158,1.0,-0.0,0,0
227,0.0,0.14257425742574256,0.15243666735776418,1.0,-0.0,0,0
228,0.0,0.0712871287128713,0.11110305060677654,1.0,-0.0,0,0
229,0.0,0.10099009900990098,0.14246420394934614,1.0,-0.0,0,0
230,0.0,0.11089108910891088,0.15279637008998356,1.0,-0.0,0,0
231,0.0,0.08910891089108909,0.13342479626077636,1.0,-0.0,0,0
232,0.0,0.06534653465346535,0.1197651526735639,1.0,-0.0,0,0
233,0.2,0.06534653465346535,0.11295810453031022,0.11661777127180524,0.9332352628086957,0,0
234,0.2,0.049504950495049514,0.09912864166957489,0.06448460512601868,1.1905439552382786,0,0
235,0.2,0.03960396039603961,0.09342674148186494,0.04300687269944547,1.36646213658456,0,0
236,0.4,0.04950495049504951,0.10304643034659554,0.0003352925125692628,3.474576144710637,0,0
237,0.6,0.08316831683168316,0.12670172889541695,2.260315208636424e-05,4.64583099278805,0,0
238,0.4,0.06732673267326733,0.11000352009767247,0.0012464345936461629,2.904330506060191,0,0
239,0.4,0.04356435643564357,0.08721867542790195,2.18786067554328e-05,4.659980337626219,0,0
240,0.4,0.04356435643564357,0.08721867542790195,2.18786067554328e-05,4.659980337626219,0,0
241,0.2,0.033663366336633666,0.07994704648786674,0.018735949469970602,1.7273242935431963,0,0
242,0.0,0.0,0.0,1.0,-0.0,0,0
243,0.0,0.025742574257425745,0.0669763743575753,1.0,-0.0,0,0
244,0.2,0.09702970297029703,0.13084299831035082,0.2156479632222777,0.6662546393752192,0,0
245,0.2,0.09702970297029703,0.13084299831035082,0.2156479632222777,0.6662546393752192,0,0
246,0.4,0.15247524752475247,0.15957496727054085,0.06043283908516385,1.2187270024740784,0,0
247,0.4,0.15247524752475247,0.15957496727054085,0.06043283908516385,1.2187270024740784,0,0
248,0.6,0.1584158415841584,0.16244866773856387,0.003280918990207588,2.4840044927289067,0,0
249,0.4,0.1465346534653465,0.1638426898490107,0.060931103784657055,1.2151609544334858,0,0
250,0.6,0.15643564356435638,0.1702740025877676,0.004593667352637044,2.3378404571481246,0,0
251,0.6,0.11287128712871283,0.14188502271424044,0.0002981807743874315,3.52552036171005,0,0
252,0.6,0.11287128712871283,0.14188502271424044,0.0002981807743874315,3.52552036171005,0,0
253,0.4,0.14257425742574253,0.15754712301715712,0.051133594636087146,1.29129367577057,0,0
254,0.4,0.08118811881188118,0.11664694237642095,0.00313672736016238,2.5035232279145325,0,0
255,0.2,0.08712871287128714,0.12401163019288061,0.18136723570535118,0.7414411662151198,0,0
256,0.0,0.09900990099009901,0.12467387119760154,1.0,-0.0,0,0
257,0.0,0.1306930693069307,0.1447035715361989,1.0,-0.0,0,0
258,0.2,0.08316831683168317,0.13280619910579974,0.189506702131846,0.7223754260789857,0,0
259,0.2,0.08316831683168317,0.13280619910579974,0.189506702131846,0.7223754260789857,0,0
260,0.2,0.06732673267326733,0.11698261772468856,0.12837042097948387,0.8915350345635852,0,0
261,0.2,0.04356435643564357,0.09164702150816742,0.043916930442951946,1.3573680223438191,0,0
262,0.2,0.031683168316831684,0.0730260947112308,0.01058647624307391,1.9752485727397298,0,0
263,0.0,0.025742574257425745,0.06697637435757531,1.0,-0.0,0,0
264,0.0,0.03168316831683169,0.0730260947112308,1.0,-0.0,0,0
265,0.0,0.03762376237623763,0.07816140339006158,1.0,-0.0,0,0
266,0.0,0.04752475247524753,0.08965727859541997,1.0,-0.0,0,0
267,0.0,0.03762376237623763,0.08307396817189318,1.0,-0.0,0,0
268,0.2,0.039603960396039604,0.07970143286137867,0.022085672454221338,1.6558893730090938,0,0
269,0.2,0.04752475247524753,0.08965727859541997,0.044504787234598886,1.3515932708674616,0,0
270,0.2,0.08316831683168316,0.13280619910579972,0.1895067021318459,0.7223754260789861,0,0
271,0.2,0.08118811881188118,0.1467218499235066,0.2090343694436939,0.6797823012929155,0,0
272,0.2,0.08118811881188118,0.14122019271030048,0.20008333597838118,0.6987890802493413,0,0
273,0.0,0.0712871287128713,0.12768822926854262,1.0,-0.0,0,0
274,0.0,0.07920792079207921,0.1322440226302099,1.0,-0.0,0,0
275,0.0,0.04356435643564356,0.09587103712404123,1.0,-0.0,0,0
276,0.0,0.07524752475247526,0.1374491377352735,1.0,-0.0,0,0
277,0.0,0.07722772277227724,0.12888031758632065,1.0,-0.0,0,0
278,0.0,0.08316831683168317,0.14146987009498416,1.0,-0.0,0,0
279,0.0,0.0613861386138614,0.1281786323380773,1.0,-0.0,0,0
280,0.0,0.05544554455445545,0.11979788880993404,1.0,-0.0,0,0
281,0.0,0.015841584158415842,0.06090517425437506,1.0,-0.0,0,0
282,0.0,0.0059405940594059415,0.03395332316729158,1.0,-0.0,0,0
283,0.0,0.0,0.0,1.0,-0.0,0,0
284,0.0,0.007920792079207921,0.04809884277818266,1.0,-0.0,0,0
285,0.0,0.007920792079207921,0.04809884277818266,1.0,-0.0,0,0
286,0.0,0.007920792079207921,0.04809884277818266,1.0,-0.0,0,0
287,0.0,0.007920792079207921,0.04809884277818266,1.0,-0.0,0,0
288,0.0,0.023762376237623763,0.08101890117021301,1.0,-0.0,0,0
289,0.0,0.03564356435643565,0.08626938974571075,1.0,-0.0,0,0
290,0.0,0.04158415841584159,0.0946774898050053,1.0,-0.0,0,0
291,0.0,0.061386138613861385,0.12505072003047085,1.0,-0.0,0,0
292,0.0,0.09504950495049502,0.15049504950495052,1.0,-0.0,0,0
293,0.0,0.07920792079207921,0.1322440226302099,1.0,-0.0,0,0
294,0.0,0.08316831683168316,0.12028786177019754,1.0,-0.0,0,0
295,0.0,0.08514851485148513,0.12054836637801526,1.0,-0.0,0,0
296,0.0,0.1089108910891089,0.13937555924568534,1.0,-0.0,0,0
297,0.0,0.09306930693069305,0.1306930693069307,1.0,-0.0,0,0
298,0.0,0.09306930693069305,0.1306930693069307,1.0,-0.0,0,0
299,0.0,0.06930693069306931,0.11057238501634628,1.0,-0.0,0,0
300,0.0,0.09900990099009901,0.13386490123687583,1.0,-0.0,0,0
301,0.0,0.08514851485148513,0.13304219431477882,1.0,-0.0,0,0
302,0.0,0.08910891089108909,0.1420507440353343,1.0,-0.0,0,0
303,0.0,0.08910891089108909,0.1420507440353343,1.0,-0.0,0,0
304,0.0,0.08910891089108909,0.1420507440353343,1.0,-0.0,0,0
305,0.0,0.061386138613861385,0.11166631429601336,1.0,-0.0,0,0
306,0.0,0.049504950495049514,0.10304643034659554,1.0,-0.0,0,0
307,0.0,0.03762376237623763,0.08307396817189318,1.0,-0.0,0,0
308,0.6,0.10891089108910891,0.1421886975922079,0.0002763895298775447,3.5584784128265383,0,0
309,0.6,0.10891089108910891,0.1421886975922079,0.0002763895298775447,3.5584784128265383,0,0
310,0.6,0.1425742574257426,0.16491614109827338,0.002771249522104254,2.5573243687705554,0,0
311,1.0,0.21188118811881188,0.20647303600375572,6.752719863871657e-05,4.170521266583423,0,0
312,1.0,0.2059405940594059,0.20188310615339294,4.190018380710454e-05,4.377784071872938,0,0
313,0.6,0.1504950495049505,0.1602125830191587,0.002510540510304476,2.600232766418792,0,0
314,0.8,0.1900990099009901,0.16501122103762103,0.00010946050614981043,3.96074254799361,0,0
315,0.8,0.23366336633663365,0.19512739059128734,0.0018516103056063714,2.7324504107065066,0,0
316,0.4,0.1465346534653465,0.15893479355105833,0.05538120151727916,1.2566376262960466,0,0
317,0.4,0.15445544554455443,0.16381875548472422,0.06695246345667406,1.1742334388766573,0,0
318,0.2,0.1861386138613861,0.1694660823392845,0.46740508209797504,0.3303065698318793,0,0
319,0.0,0.1465346534653465,0.15127468716660813,1.0,-0.0,0,0
320,0.0,0.0594059405940594,0.09968089464279778,1.0,-0.0,0,0
321,0.2,0.06732673267326733,0.11000352009767247,0.11389293410569636,0.9435032186258506,0,0
322,0.2,0.08118811881188118,0.1264228887090089,0.17366078882092117,0.7602982306092326,0,0
323,0.2,0.041584158415841586,0.09039772047931348,0.03984979219979861,1.3995739389282478,0,0
324,0.2,0.041584158415841586,0.09039772047931348,0.03984979219979861,1.3995739389282478,0,0
325,0.2,0.12079207920792076,0.15176638618898788,0.3008675846233132,0.5216246004871262,0,0
326,0.0,0.11287128712871286,0.14736186103080443,1.0,-0.0,0,0
327,0.0,0.13465346534653463,0.17144444215376922,1.0,-0.0,0,0
328,0.0,0.1881188118811881,0.19462435446028695,1.0,-0.0,0,0
329,0.2,0.23366336633663365,0.21073996351506546,1.0,-0.0,0,0
330,0.2,0.16831683168316827,0.18181194346357277,0.4308292289144678,0.3656948403655715,0,0
331,0.4,0.23762376237623759,0.18607540532013475,0.1914305504479717,0.7179887518663619,0,0
332,0.4,0.19999999999999996,0.175758610340748,0.12757603915605892,0.8942308854852139,0,0
333,0.4,0.19207920792079206,0.1968480181280898,0.14542692177694955,0.837355188409017,0,0
334,0.4,0.19603960396039602,0.2029099161576158,0.15740579595782123,0.8029792801970588,0,0
335,0.4,0.18217821782178212,0.2031416808432818,0.14180043635535106,0.8483224327183293,0,0
336,0.2,0.16435643564356434,0.1896239939782038,0.4254502037027648,0.3711512640698009,0,0
337,0.2,0.16831683168316827,0.18397734097959503,0.4316352986206674,0.36488304645130687,0,0
338,0.2,0.12079207920792079,0.14645435316515326,0.2943099975322995,0.5311949849293931,0,0
339,0.0,0.08712871287128714,0.13024224675172555,1.0,-0.0,0,0
340,0.0,0.08712871287128714,0.13024224675172555,1.0,-0.0,0,0
341,0.0,0.03564356435643565,0.09074407316744236,1.0,-0.0,0,0
342,0.0,0.041584158415841586,0.09039772047931348,1.0,-0.0,0,0
343,0.0,0.04554455445544555,0.09283729243351323,1.0,-0.0,0,0
344,0.0,0.0297029702970297,0.07112192077650681,1.0,-0.0,0,0
345,0.0,0.0297029702970297,0.07112192077650681,1.0,-0.0,0,0
346,0.0,0.0297029702970297,0.07112192077650681,1.0,-0.0,0,0
347,0.0,0.025742574257425748,0.06697637435757531,1.0,-0.0,0,0
348,0.0,0.015841584158415842,0.054012600780142014,1.0,-0.0,0,0
349,0.0,0.019801980198019802,0.0597350618970232,1.0,-0.0,0,0
350,0.0,0.019801980198019802,0.0597350618970232,1.0,-0.0,0,0
351,0.0,0.019801980198019802,0.0597350618970232,1.0,-0.0,0,0
352,0.0,0.0039603960396039604,0.02786385599895107,1.0,-0.0,0,0
353,0.0,0.0039603960396039604,0.02786385599895107,1.0,-0.0,0,0
354,0.0,0.015841584158415842,0.05401260078014202,1.0,-0.0,0,0
355,0.0,0.023762376237623766,0.06471340450838887,1.0,-0.0,0,0
356,0.0,0.04158415841584159,0.08116396646304633,1.0,-0.0,0,0
357,0.2,0.06732673267326733,0.102550553475042,0.09787844017657178,1.009312960326638,0,0
358,0.4,0.07920792079207921,0.10928827506175545,0.0016662149175581589,2.7782689816268777,0,0
359,0.4,0.06336633663366337,0.09721138779115705,0.000267189920081547,3.573179929937271,0,0
360,0.4,0.05544554455445544,0.08952597667688962,5.9384454031489176e-05,4.2263272319883,0,0
361,0.4,0.03762376237623762,0.07816140339006157,1.7738868410560555e-06,5.751074087927289,0,0
362,0.2,0.011881188118811883,0.04727657974777555,3.458655652090612e-05,4.461092674713382,0,0
363,0.0,0.0,0.0,1.0,-0.0,0,0
364,0.0,0.0,0.0,1.0,-0.0,0,0
365,0.0,0.07326732673267328,0.10798889666879986,1.0,-0.0,0,0
366,0.0,0.07326732673267328,0.10798889666879986,1.0,-0.0,0,0
367,0.0,0.07326732673267328,0.10798889666879986,1.0,-0.0,0,0
368,0.0,0.1485148514851485,0.1749760161138576,1.0,-0.0,0,0
369,0.0,0.17029702970297025,0.18750290002005254,1.0,-0.0,0,0
370,0.0,0.09504950495049506,0.14784005112815915,1.0,-0.0,0,0
371,0.0,0.10495049504950495,0.15310401409962543,1.0,-0.0,0,0
372,0.0,0.1188118811881188,0.15460769343321298,1.0,-0.0,0,0
373,0.0,0.04554455445544554,0.08387254884969257,1.0,-0.0,0,0
374,0.0,0.023762376237623766,0.06471340450838889,1.0,-0.0,0,0
375,0.0,0.03564356435643565,0.07653920035678292,1.0,-0.0,0,0
376,0.0,0.025742574257425748,0.0669763743575753,1.0,-0.0,0,0
377,0.0,0.011881188118811881,0.047276579747775535,1.0,-0.0,0,0
378,0.0,0.039603960396039604,0.07970143286137865,1.0,-0.0,0,0
379,0.0,0.039603960396039604,0.07970143286137865,1.0,-0.0,0,0
380,0.0,0.06930693069306931,0.11057238501634631,1.0,-0.0,0,0
381,0.0,0.06930693069306931,0.11057238501634631,1.0,-0.0,0,0
382,0.2,0.14455445544554454,0.14656141045515514,0.3526004188666671,0.45271717612241963,0,0
383,0.2,0.12079207920792079,0.14094225464771679,0.28706194045118183,0.5420243837756052,0,0
384,0.2,0.12277227722772276,0.1406358883529878,0.291457296145806,0.5354250683726676,0,0
385,0.2,0.08118811881188118,0.11664694237642095,0.1542060090621744,0.8118987024738039,0,0
386,0.2,0.10693069306930691,0.13368903310588712,0.24316349850456426,0.6141016168491317,0,0
387,0.0,0.033663366336633666,0.07482947971362847,1.0,-0.0,0,0
388,0.0,0.09702970297029702,0.12778032320714203,1.0,-0.0,0,0
389,0.0,0.09504950495049502,0.12771893462651168,1.0,-0.0,0,0
390,0.0,0.10099009900990097,0.12781100644043508,1.0,-0.0,0,0
391,0.0,0.07524752475247526,0.1189108498693262,1.0,-0.0,0,0
392,0.0,0.07524752475247526,0.1189108498693262,1.0,-0.0,0,0
393,0.0,0.0059405940594059415,0.03395332316729157,1.0,-0.0,0,0
394,0.0,0.0059405940594059415,0.03395332316729157,1.0,-0.0,0,0
395,0.0,0.027722772277227727,0.06910862719451544,1.0,-0.0,0,0
396,0.0,0.027722772277227727,0.06910862719451544,1.0,-0.0,0,0
397,0.0,0.027722772277227727,0.06910862719451544,1.0,-0.0,0,0
398,0.0,0.027722772277227727,0.06910862719451544,1.0,-0.0,0,0
399,0.0,0.0297029702970297,0.07112192077650681,1.0,-0.0,0,0
400,0.0,0.03762376237623763,0.08307396817189318,1.0,-0.0,0,0
401,0.0,0.03762376237623763,0.08307396817189318,1.0,-0.0,0,0
402,0.0,0.03762376237623763,0.08307396817189318,1.0,-0.0,0,0
403,0.0,0.04554455445544555,0.09283729243351321,1.0,-0.0,0,0
404,0.0,0.04950495049504951,0.09504950495049506,1.0,-0.0,0,1
405,0.0,0.01386138613861386,0.05079507064705211,1.0,-0.0,0,0
406,0.0,0.05544554455445545,0.08952597667688963,1.0,-0.0,0,0
407,0.0,0.05544554455445545,0.08952597667688963,1.0,-0.0,0,0
408,0.0,0.05148514851485149,0.09186070102766894,1.0,-0.0,0,0
409,0.0,0.04554455445544555,0.08846854615322249,1.0,-0.0,0,0
410,0.0,0.04554455445544555,0.08846854615322249,1.0,-0.0,0,0
411,0.0,0.0039603960396039604,0.027863855998951068,1.0,-0.0,0,0
412,0.0,0.0039603960396039604,0.027863855998951068,1.0,-0.0,0,0
413,0.0,0.0,0.0,1.0,-0.0,0,0
414,0.0,0.0019801980198019802,0.0198019801980198,1.0,-0.0,0,0
415,0.0,0.027722772277227727,0.06910862719451544,1.0,-0.0,0,0
416,0.0,0.027722772277227727,0.06910862719451544,1.0,-0.0,0,0
417,0.0,0.049504950495049514,0.08631483056516186,1.0,-0.0,0,0
418,0.0,0.049504950495049514,0.08631483056516186,1.0,-0.0,0,0
419,0.0,0.10099009900990098,0.12781100644043505,1.0,-0.0,0,0
420,0.0,0.11485148514851484,0.14445948324625327,1.0,-0.0,0,0
421,0.0,0.14356435643564355,0.16910705589447975,1.0,-0.0,0,0
422,0.0,0.12673267326732673,0.16343532896604632,1.0,-0.0,0,0
423,0.0,0.12673267326732673,0.16343532896604632,1.0,-0.0,0,0
424,0.0,0.07326732673267328,0.12498799079651089,1.0,-0.0,0,0
425,0.0,0.08514851485148513,0.12054836637801526,1.0,-0.0,0,0
426,0.0,0.06732673267326733,0.10255055347504201,1.0,-0.0,0,0
427,0.0,0.0613861386138614,0.10046456153636296,1.0,-0.0,0,0
428,0.0,0.0613861386138614,0.10046456153636296,1.0,-0.0,0,0
429,0.0,0.0613861386138614,0.10046456153636296,1.0,-0.0,0,0
430,0.0,0.009900990099009901,0.04338396495090425,1.0,-0.0,0,0
431,0.0,0.025742574257425748,0.06697637435757531,1.0,-0.0,0,0
432,0.0,0.07326732673267328,0.12811743461086583,1.0,-0.0,0,0
433,0.0,0.08712871287128712,0.14188502271424047,1.0,-0.0,0,0
434,0.2,0.12871287128712872,0.17481907686608508,0.34171884740482605,0.4663310671532992,0,0
435,0.2,0.12871287128712872,0.17481907686608508,0.34171884740482605,0.4663310671532992,0,14
436,0.2,0.1386138613861386,0.19648913356682646,0.37736260322686255,0.42324114078195935,0,0
437,0.2,0.09108910891089109,0.15292463030738873,0.23817457921267354,0.6231045933855902,0,0
438,0.2,0.097029702970297,0.1531552280211446,0.2506879758821586,0.6008664962502468,0,0
439,0.0,0.09900990099009901,0.14246420394934614,1.0,-0.0,0,2
440,0.0,0.09900990099009901,0.14246420394934614,1.0,-0.0,0,0
441,0.0,0.12277227722772274,0.13488622864100122,1.0,-0.0,0,0
442,0.0,0.12277227722772274,0.13488622864100122,1.0,-0.0,0,0
443,0.0,0.10099009900990098,0.12145573247679727,1.0,-0.0,0,0
444,0.0,0.07722772277227724,0.1124710639300034,1.0,-0.0,0,0
445,0.0,0.07722772277227724,0.1124710639300034,1.0,-0.0,0,0
446,0.0,0.019801980198019802,0.059735061897023205,1.0,-0.0,0,0
447,0.0,0.019801980198019802,0.059735061897023205,1.0,-0.0,0,0
448,0.0,0.019801980198019802,0.059735061897023205,1.0,-0.0,0,0
449,0.0,0.0,0.0,1.0,-0.0,0,0
450,0.0,0.0,0.0,1.0,-0.0,0,0
451,0.0,0.0039603960396039604,0.027863855998951068,1.0,-0.0,0,1
452,0.0,0.039603960396039604,0.07970143286137865,1.0,-0.0,0,0
453,0.0,0.039603960396039604,0.07970143286137865,1.0,-0.0,0,0
454,0.0,0.057425742574257435,0.10656335878870264,1.0,-0.0,0,0
455,0.0,0.057425742574257435,0.10656335878870264,1.0,-0.0,0,0
456,0.0,0.0811881188118812,0.13549532985786936,1.0,-0.0,0,0
457,0.0,0.0594059405940594,0.1109617879296784,1.0,-0.0,0,0
458,0.0,0.0594059405940594,0.1109617879296784,1.0,-0.0,0,0
459,0.0,0.041584158415841586,0.09039772047931348,1.0,-0.0,0,0
460,0.0,0.11287128712871286,0.14188502271424044,1.0,-0.0,0,0
461,0.0,0.12277227722772276,0.14615954128511632,1.0,-0.0,0,0
462,0.0,0.10891089108910891,0.13650445892763632,1.0,-0.0,0,0
463,0.0,0.12277227722772276,0.14615954128511632,1.0,-0.0,0,0
464,0.0,0.12277227722772276,0.14615954128511632,1.0,-0.0,0,0
465,0.0,0.05148514851485149,0.09186070102766894,1.0,-0.0,0,0
466,0.0,0.023762376237623766,0.07056843438101176,1.0,-0.0,0,0
467,0.0,0.0891089108910891,0.1363607548569253,1.0,-0.0,0,0
468,0.0,0.07524752475247526,0.12219602867755655,1.0,-0.0,0,0
469,0.0,0.07524752475247526,0.12219602867755655,1.0,-0.0,0,0
470,0.0,0.11881188118811879,0.14399729871443837,1.0,-0.0,0,0
471,0.0,0.11485148514851484,0.13886822488939993,1.0,-0.0,0,0
472,0.0,0.049504950495049514,0.09912864166957487,1.0,-0.0,0,0
473,0.0,0.049504950495049514,0.09912864166957487,1.0,-0.0,0,0
474,0.0,0.06336633663366338,0.10874875419996817,1.0,-0.0,0,17
475,0.0,0.061386138613861385,0.10433219700847121,1.0,-0.0,0,0
476,0.0,0.05544554455445544,0.09797478714338996,1.0,-0.0,0,0
477,0.0,0.05544554455445544,0.09797478714338996,1.0,-0.0,0,1
478,0.0,0.05544554455445544,0.09797478714338996,1.0,-0.0,0,0
479,0.0,0.08118811881188118,0.10216747199615393,1.0,-0.0,0,0
