,foreground,bg_means,bg_stdev,pvals,minus_logs,regs,active
2,0.4,0.1564356435643564,0.160701335170483,0.06480600256107845,1.188384766376,0,0
3,0.4,0.1564356435643564,0.160701335170483,0.06480600256107845,1.188384766376,0,0
4,0.6,0.17227722772277226,0.1689330594949795,0.005672206029684591,2.2462480028020573,0,0
5,0.4,0.0712871287128713,0.10747934055534188,0.0011126788254175093,2.953630176615907,0,0
6,0.2,0.10891089108910891,0.14218869759220787,0.2608843772656953,0.5835519273024177,0,0
7,0.2,0.10891089108910891,0.14218869759220787,0.2608843772656953,0.5835519273024177,0,0
8,0.2,0.10891089108910891,0.14218869759220787,0.2608843772656953,0.5835519273024177,0,0
9,0.0,0.11683168316831684,0.13864214704328154,1.0,-0.0,0,0
10,0.0,0.21584158415841584,0.17276589394999792,1.0,-0.0,0,0
11,0.0,0.12277227722772276,0.12576985749069639,1.0,-0.0,0,0
12,0.0,0.12277227722772276,0.12576985749069639,1.0,-0.0,0,0
13,0.0,0.14257425742574256,0.14166375938629638,1.0,-0.0,0,0
14,0.0,0.11683168316831682,0.13575553664160483,1.0,-0.0,0,0
15,0.0,0.019801980198019802,0.059735061897023205,1.0,-0.0,0,0
16,0.0,0.019801980198019802,0.059735061897023205,1.0,-0.0,0,0
17,0.0,0.019801980198019802,0.059735061897023205,1.0,-0.0,0,0
18,0.0,0.0,0.0,1.0,-0.0,0,0
19,0.0,0.0,0.0,1.0,-0.0,0,0
20,0.0,0.0,0.0,1.0,-0.0,0,0
21,0.2,0.031683168316831684,0.0730260947112308,0.01058647624307391,1.9752485727397298,0,0
22,0.2,0.05148514851485149,0.096075322540263,0.0610744044260142,1.2141407594058027,0,0
23,0.2,0.05148514851485149,0.096075322540263,0.0610744044260142,1.2141407594058027,0,0
24,0.2,0.05148514851485149,0.096075322540263,0.0610744044260142,1.2141407594058027,0,0
25,0.2,0.05148514851485149,0.096075322540263,0.0610744044260142,1.2141407594058027,0,0
26,0.0,0.10891089108910887,0.13357165904190144,1.0,-0.0,0,0
27,0.0,0.08910891089108908,0.12420120222231065,1.0,-0.0,0,0
28,0.4,0.4594059405940593,0.2945640234738543,1.0,-0.0,0,0
29,0.4,0.4594059405940593,0.2945640234738543,1.0,-0.0,0,0
30,0.4,0.4594059405940593,0.2945640234738543,1.0,-0.0,1,0
31,0.4,0.37029702970297035,0.25853530867709634,0.45426638768438793,0.342689396540512,0,0
32,0.4,0.37029702970297035,0.25853530867709634,0.45426638768438793,0.342689396540512,0,0
33,0.0,0.0,0.0,1.0,-0.0,0,0
34,0.0,0.0,0.0,1.0,-0.0,0,0
35,0.0,0.0,0.0,1.0,-0.0,0,0
36,0.0,0.13465346534653463,0.14102569358229589,1.0,-0.0,0,0
37,0.0,0.13465346534653463,0.14102569358229589,1.0,-0.0,0,0
38,0.0,0.17029702970297025,0.15767151871203472,1.0,-0.0,0,3
39,0.0,0.17029702970297025,0.15767151871203472,1.0,-0.0,0,0
40,0.0,0.17029702970297025,0.15767151871203472,1.0,-0.0,0,0
41,0.0,0.03564356435643565,0.07653920035678292,1.0,-0.0,0,0
42,0.0,0.19603960396039605,0.17571398456617046,1.0,-0.0,0,0
43,0.0,0.1603960396039604,0.15161128508951263,1.0,-0.0,0,0
44,0.0,0.1603960396039604,0.15161128508951263,1.0,-0.0,0,0
45,0.0,0.1603960396039604,0.15161128508951263,1.0,-0.0,0,0
46,0.0,0.1603960396039604,0.15161128508951263,1.0,-0.0,0,0
47,0.0,0.0,0.0,1.0,-0.0,0,0
48,0.0,0.0,0.0,1.0,-0.0,0,0
49,0.0,0.0,0.0,1.0,-0.0,0,0
50,0.0,0.0,0.0,1.0,-0.0,0,0
51,0.0,0.0,0.0,1.0,-0.0,0,0
52,0.0,0.0,0.0,1.0,-0.0,0,0
53,0.0,0.0,0.0,1.0,-0.0,0,0
54,0.0,0.0,0.0,1.0,-0.0,0,0
55,0.0,0.0,0.0,1.0,-0.0,0,0
56,0.0,0.0,0.0,1.0,-0.0,0,0
57,0.0,0.023762376237623766,0.06471340450838889,1.0,-0.0,0,0
58,0.0,0.07326732673267328,0.1115960618107356,1.0,-0.0,0,0
59,0.0,0.07326732673267328,0.1115960618107356,1.0,-0.0,0,0
60,0.0,0.07326732673267328,0.1115960618107356,1.0,-0.0,0,0
61,0.0,0.07326732673267328,0.1115960618107356,1.0,-0.0,0,0
62,0.0,0.10495049504950495,0.1245794808714917,1.0,-0.0,0,0
63,0.0,0.14059405940594058,0.13656189821438944,1.0,-0.0,0,25
64,0.0,0.14059405940594058,0.13656189821438944,1.0,-0.0,0,0
65,0.0,0.14059405940594058,0.13656189821438944,1.0,-0.0,0,0
66,0.0,0.14059405940594058,0.13656189821438944,1.0,-0.0,0,0
67,0.0,0.08316831683168316,0.10996786833199856,1.0,-0.0,0,0
68,0.0,0.0,0.0,1.0,-0.0,0,0
69,0.0,0.0,0.0,1.0,-0.0,0,0
70,0.0,0.0,0.0,1.0,-0.0,0,0
71,0.0,0.0,0.0,1.0,-0.0,0,0
72,0.0,0.05544554455445546,0.09384550979067553,1.0,-0.0,0,0
73,0.0,0.05544554455445546,0.09384550979067553,1.0,-0.0,0,0
74,0.0,0.05544554455445546,0.09384550979067553,1.0,-0.0,0,0
75,0.0,0.41188118811881197,0.3041909017305055,1.0,-0.0,0,0
76,0.0,0.43762376237623773,0.31805457067993687,1.0,-0.0,0,0
77,0.0,0.5782178217821782,0.3068859756629842,1.0,-0.0,0,0
78,0.0,0.5782178217821782,0.3068859756629842,1.0,-0.0,0,0
79,0.0,0.5782178217821782,0.3068859756629842,1.0,-0.0,0,0
80,0.0,0.24752475247524752,0.18700032265866195,1.0,-0.0,0,0
81,0.0,0.22178217821782173,0.18217821782178217,1.0,-0.0,0,0
82,0.0,0.025742574257425745,0.06697637435757531,1.0,-0.0,0,0
83,0.0,0.025742574257425745,0.06697637435757531,1.0,-0.0,0,0
84,0.0,0.025742574257425745,0.06697637435757531,1.0,-0.0,0,0
85,0.0,0.0,0.0,1.0,-0.0,0,0
86,0.0,0.0,0.0,1.0,-0.0,0,0
87,0.0,0.0,0.0,1.0,-0.0,0,0
88,0.0,0.0,0.0,1.0,-0.0,0,0
89,0.0,0.0,0.0,1.0,-0.0,0,0
90,0.0,0.0,0.0,1.0,-0.0,0,0
91,0.0,0.0,0.0,1.0,-0.0,0,0
92,0.2,0.5980198019801981,0.31275847069906865,1.0,-0.0,0,0
93,0.2,0.5980198019801981,0.31275847069906865,1.0,-0.0,0,0
94,0.2,0.6574257425742575,0.30873312986450574,1.0,-0.0,0,0
95,0.2,1.0336633663366335,0.40693912448204383,1.0,-0.0,0,0
96,0.2,1.0772277227722773,0.41455718666261976,1.0,-0.0,0,0
97,0.0,0.4910891089108911,0.2945373986242067,1.0,-0.0,0,0
98,0.0,0.7722772277227723,0.33422551581532106,1.0,-0.0,0,0
99,0.0,0.7108910891089107,0.3287844369190853,1.0,-0.0,0,0
100,0.0,0.33663366336633666,0.20858921318437537,1.0,-0.0,0,0
101,0.0,0.29108910891089107,0.2000490087978147,1.0,-0.0,0,0
102,0.0,0.2792079207920792,0.19310738390708748,1.0,-0.0,0,0
103,0.0,0.0,0.0,1.0,-0.0,0,0
104,0.0,0.0,0.0,1.0,-0.0,0,0
105,0.2,0.017821782178217824,0.056980176514606566,0.0006937928196726553,3.15877019915046,0,0
106,0.2,0.017821782178217824,0.056980176514606566,0.0006937928196726553,3.15877019915046,0,0
107,0.2,0.017821782178217824,0.056980176514606566,0.0006937928196726553,3.15877019915046,1,0
108,0.4,0.1485148514851485,0.15065129981473455,0.04752704145418252,1.3230592195809807,0,0
109,0.6,0.17425742574257425,0.16084767121704766,0.004062051360563609,2.391254589678542,0,0
110,0.4,0.15643564356435644,0.14786657190173835,0.049759486892841584,1.3031241066282597,0,0
111,0.4,0.15643564356435644,0.14786657190173835,0.049759486892841584,1.3031241066282597,0,0
112,0.4,0.15643564356435644,0.14786657190173835,0.049759486892841584,1.3031241066282597,0,0
113,0.2,0.025742574257425748,0.06697637435757531,0.004637140001348011,2.3337497919853583,0,0
114,0.0,0.015841584158415842,0.05401260078014202,1.0,-0.0,0,0
115,0.0,0.015841584158415842,0.05401260078014202,1.0,-0.0,0,0
116,0.0,0.09108910891089109,0.1243589581632284,1.0,-0.0,0,0
117,1.8,0.4633663366336634,0.26390921491729485,2.04470494481346e-07,6.689369352734596,0,0
118,1.8,0.4633663366336634,0.26390921491729485,2.04470494481346e-07,6.689369352734596,0,0
119,1.8,0.44752475247524753,0.2566324410189689,6.817961892025119e-08,7.16634543052418,0,0
120,1.8,0.44752475247524753,0.2566324410189689,6.817961892025119e-08,7.16634543052418,0,0
121,1.8,0.3722772277227724,0.23213124142131242,3.861997939339358e-10,9.413187962284688,0,0
122,0.0,0.0,0.0,1.0,-0.0,0,0
123,0.0,0.0,0.0,1.0,-0.0,0,0
124,0.0,0.1386138613861386,0.15604664003838054,1.0,-0.0,0,0
125,0.0,0.1386138613861386,0.15604664003838054,1.0,-0.0,0,0
126,0.0,0.16831683168316827,0.16823527435849067,1.0,-0.0,0,0
127,0.4,0.4435643564356437,0.28088116002371716,1.0,-0.0,0,0
128,0.4,0.4435643564356437,0.28088116002371716,1.0,-0.0,0,0
129,0.6,0.44752475247524753,0.28859305666909596,0.2986316964319938,0.524864098637272,0,0
130,0.6,0.44752475247524753,0.28859305666909596,0.2986316964319938,0.524864098637272,0,0
131,0.6,0.508910891089109,0.29986763083066836,0.3806536978831926,0.41946994687036854,0,0
132,0.2,0.2594059405940594,0.19809899406573941,1.0,-0.0,0,0
133,0.4,0.34059405940594073,0.21349436787237316,0.39040819132422244,0.4084810787881612,0,0
134,0.2,0.19801980198019797,0.17002049848448067,0.49535369640105636,0.3050845918909883,0,0
135,0.2,0.19801980198019797,0.17002049848448067,0.49535369640105636,0.3050845918909883,0,0
136,0.2,0.10495049504950495,0.12771893462651168,0.22837520121158456,0.6413510570010156,0,0
137,0.2,0.07920792079207921,0.10178294871997146,0.1176608654921339,0.9293679613448376,0,0
138,0.0,0.0,0.0,1.0,-0.0,0,0
139,0.0,0.0,0.0,1.0,-0.0,0,0
140,0.0,0.0,0.0,1.0,-0.0,0,0
141,0.0,0.0,0.0,1.0,-0.0,0,0
142,0.0,0.0,0.0,1.0,-0.0,0,0
143,0.2,0.015841584158415842,0.05401260078014202,0.00032535620257014524,3.4876409094885674,0,0
144,0.2,0.015841584158415842,0.05401260078014202,0.00032535620257014524,3.4876409094885674,0,0
145,0.2,0.015841584158415842,0.05401260078014202,0.00032535620257014524,3.4876409094885674,0,0
146,0.2,0.015841584158415842,0.05401260078014202,0.00032535620257014524,3.4876409094885674,0,0
147,0.2,0.015841584158415842,0.05401260078014202,0.00032535620257014524,3.4876409094885674,0,0
148,0.0,0.0,0.0,1.0,-0.0,0,0
149,0.0,0.0,0.0,1.0,-0.0,0,0
150,0.0,0.0,0.0,1.0,-0.0,0,0
151,0.0,0.0,0.0,1.0,-0.0,0,0
152,0.0,0.0,0.0,1.0,-0.0,0,0
153,0.0,0.031683168316831684,0.0730260947112308,1.0,-0.0,0,0
154,0.0,0.06930693069306931,0.10316052497133552,1.0,-0.0,0,0
155,0.0,0.06930693069306931,0.10316052497133552,1.0,-0.0,0,0
156,0.2,0.17623762376237617,0.16479721403218364,0.44267458148925803,0.3539154146280691,0,0
157,0.2,0.2158415841584158,0.1817040751992786,1.0,-0.0,0,0
158,0.2,0.1841584158415841,0.1704581324091671,0.4629774657601429,0.33444014663687677,0,0
159,0.4,0.1742574257425742,0.1680720409815679,0.089614966660388,1.0476194524449158,0,0
160,0.4,0.1742574257425742,0.1680720409815679,0.089614966660388,1.0476194524449158,0,0
161,0.2,0.06732673267326733,0.11698261772468857,0.12837042097948392,0.8915350345635851,0,0
162,0.2,0.027722772277227727,0.06910862719451544,0.0063361735559086295,2.1981729353735644,0,0
163,0.2,0.027722772277227727,0.06910862719451544,0.0063361735559086295,2.1981729353735644,0,0
164,0.0,0.0,0.0,1.0,-0.0,0,0
165,0.2,0.023762376237623766,0.06471340450838889,0.0032311212459077425,2.490646745033819,0,0
166,0.2,0.023762376237623766,0.06471340450838889,0.0032311212459077425,2.490646745033819,0,0
167,0.2,0.023762376237623766,0.06471340450838889,0.0032311212459077425,2.490646745033819,0,0
168,0.2,0.023762376237623766,0.06471340450838889,0.0032311212459077425,2.490646745033819,0,0
169,0.2,0.023762376237623766,0.06471340450838889,0.0032311212459077425,2.490646745033819,0,0
170,0.0,0.0,0.0,1.0,-0.0,0,0
171,0.0,0.04554455445544554,0.09700949476369024,1.0,-0.0,0,0
172,0.0,0.04554455445544554,0.09700949476369024,1.0,-0.0,0,0
173,0.0,0.19999999999999996,0.19088122894710324,1.0,-0.0,0,0
