,foreground,bg_means,bg_stdev,pvals,minus_logs,regs,active
2,0.4,0.33069306930693065,0.2276624974040361,0.3804007654681836,0.41975861781697454,0,0
3,0.4,0.25148514851485143,0.2003036612499294,0.2292107698923857,0.6397649800949349,0,0
4,0.4,0.25148514851485143,0.2003036612499294,0.2292107698923857,0.6397649800949349,0,0
5,0.2,0.3762376237623763,0.26444356483093345,1.0,-0.0,0,0
6,0.0,0.19603960396039602,0.1845094068165728,1.0,-0.0,0,0
7,0.0,0.22574257425742572,0.1983363806027551,1.0,-0.0,0,0
8,0.0,0.22574257425742572,0.1983363806027551,1.0,-0.0,0,0
9,0.0,0.2336633663366336,0.2030837644683788,1.0,-0.0,0,0
10,0.0,0.07524752475247526,0.12219602867755655,1.0,-0.0,0,0
11,0.0,0.03762376237623763,0.09631989312487373,1.0,-0.0,0,0
12,0.0,0.019801980198019802,0.059735061897023205,1.0,-0.0,0,0
13,0.0,0.0712871287128713,0.1213265242141813,1.0,-0.0,0,0
14,0.0,0.06336633663366337,0.10874875419996817,1.0,-0.0,0,0
15,0.0,0.06336633663366337,0.10874875419996817,1.0,-0.0,0,0
16,0.0,0.12673267326732673,0.1508333872676597,1.0,-0.0,0,0
17,0.0,0.11485148514851484,0.14717547862227365,1.0,-0.0,0,0
18,0.0,0.14059405940594058,0.15806892707703055,1.0,-0.0,0,0
19,0.0,0.14059405940594058,0.15806892707703055,1.0,-0.0,0,0
20,0.0,0.14059405940594058,0.15806892707703055,1.0,-0.0,0,0
21,0.0,0.29504950495049503,0.21907828413369235,1.0,-0.0,0,0
22,0.0,0.3069306930693069,0.22614173499259316,1.0,-0.0,0,0
23,0.0,0.23168316831683167,0.20821290183120658,1.0,-0.0,0,0
24,0.0,0.23168316831683167,0.20821290183120658,1.0,-0.0,0,0
25,0.0,0.23168316831683167,0.20821290183120658,1.0,-0.0,0,0
26,0.0,0.011881188118811883,0.047276579747775535,1.0,-0.0,0,0
27,0.0,0.0,0.0,1.0,-0.0,0,0
28,0.0,0.007920792079207921,0.03900537743285587,1.0,-0.0,0,0
29,0.0,0.015841584158415842,0.05401260078014202,1.0,-0.0,0,0
30,0.0,0.015841584158415842,0.05401260078014202,1.0,-0.0,0,0
31,0.0,0.015841584158415842,0.05401260078014202,1.0,-0.0,0,0
32,0.0,0.015841584158415842,0.05401260078014202,1.0,-0.0,0,0
33,0.0,0.007920792079207921,0.03900537743285587,1.0,-0.0,0,0
34,0.0,0.06732673267326733,0.12673267326732676,1.0,-0.0,0,0
35,0.0,0.06732673267326733,0.12673267326732676,1.0,-0.0,0,0
36,0.0,0.1742574257425742,0.18382808657861666,1.0,-0.0,0,0
37,0.0,0.1742574257425742,0.18382808657861666,1.0,-0.0,0,0
38,0.0,0.1742574257425742,0.18382808657861666,1.0,-0.0,0,0
39,0.0,0.10495049504950495,0.1423816080178024,1.0,-0.0,0,0
40,0.0,0.10495049504950495,0.1423816080178024,1.0,-0.0,0,0
41,0.0,0.0,0.0,1.0,-0.0,0,0
42,0.0,0.0,0.0,1.0,-0.0,0,0
43,0.0,0.0,0.0,1.0,-0.0,0,0
44,0.0,0.0,0.0,1.0,-0.0,0,0
45,0.0,0.0,0.0,1.0,-0.0,0,0
46,0.0,0.0,0.0,1.0,-0.0,0,0
47,0.0,0.0,0.0,1.0,-0.0,0,0
48,0.0,0.07326732673267328,0.11509022642946842,1.0,-0.0,0,0
49,0.0,0.0871287128712871,0.127165103825761,1.0,-0.0,0,0
50,0.0,0.15643564356435644,0.1702740025877676,1.0,-0.0,0,0
51,0.0,0.15643564356435644,0.1702740025877676,1.0,-0.0,0,0
52,0.0,0.15643564356435644,0.1702740025877676,1.0,-0.0,0,0
53,0.0,0.08118811881188118,0.12951766673875514,1.0,-0.0,0,0
54,0.0,0.06732673267326733,0.1135467024699521,1.0,-0.0,0,0
55,0.0,0.08514851485148514,0.13304219431477882,1.0,-0.0,0,0
56,0.0,0.08514851485148514,0.13304219431477882,1.0,-0.0,0,0
57,0.0,0.08514851485148514,0.13304219431477882,1.0,-0.0,0,0
58,0.0,0.08514851485148514,0.13304219431477882,1.0,-0.0,0,0
59,0.0,0.08514851485148514,0.13304219431477882,1.0,-0.0,0,0
60,0.0,0.025742574257425745,0.07264925278354115,1.0,-0.0,0,0
61,0.0,0.025742574257425745,0.07264925278354115,1.0,-0.0,0,0
62,0.0,0.025742574257425745,0.07264925278354115,1.0,-0.0,0,0
63,0.0,0.1485148514851485,0.16804870898437327,1.0,-0.0,0,0
64,0.0,0.1485148514851485,0.16804870898437327,1.0,-0.0,0,0
65,0.0,0.36831683168316826,0.2528767919262506,1.0,-0.0,0,0
66,0.0,0.36831683168316826,0.2528767919262506,1.0,-0.0,0,0
67,0.0,0.4732673267326733,0.28245426830715953,1.0,-0.0,0,0
68,0.0,0.3524752475247525,0.24234582090902132,1.0,-0.0,0,0
69,0.0,0.3524752475247525,0.24234582090902132,1.0,-0.0,0,0
70,0.0,0.20594059405940596,0.18974802582007907,1.0,-0.0,0,0
71,0.0,0.39999999999999997,0.25014847076434943,1.0,-0.0,0,0
72,0.0,0.3940594059405941,0.23956304372018392,1.0,-0.0,0,0
73,0.0,0.403960396039604,0.2532641528222927,1.0,-0.0,0,0
74,0.0,0.4178217821782179,0.2596250302979662,1.0,-0.0,0,0
75,0.0,0.36633663366336633,0.2595797165651317,1.0,-0.0,0,0
76,0.0,0.18415841584158413,0.1963693596248423,1.0,-0.0,0,0
77,0.0,0.08316831683168317,0.12670172889541695,1.0,-0.0,0,0
78,0.0,0.07326732673267328,0.12177815335858849,1.0,-0.0,0,0
79,0.0,0.06534653465346535,0.11295810453031022,1.0,-0.0,0,0
80,0.0,0.07722772277227724,0.12888031758632068,1.0,-0.0,0,0
81,0.0,0.11485148514851484,0.1550382505430763,1.0,-0.0,0,0
82,0.0,0.1762376237623762,0.20544494810840294,1.0,-0.0,0,0
83,0.0,0.27128712871287125,0.2603640382398986,1.0,-0.0,0,0
84,0.2,0.3207920792079208,0.2912305172791594,1.0,-0.0,0,0
85,0.2,0.3940594059405941,0.30371357734713417,1.0,-0.0,0,0
86,0.2,0.36831683168316837,0.282468150511395,1.0,-0.0,0,0
87,0.4,0.39009900990099017,0.2615660946686474,0.4849025520100222,0.3143455302153606,0,0
88,0.4,0.29306930693069305,0.2135310980864724,0.30826530559421406,0.5110753511634094,0,0
89,0.2,0.2712871287128713,0.21356782198356852,1.0,-0.0,0,0
90,0.2,0.14059405940594058,0.16779184288566223,0.36165240644726226,0.44170864074717786,0,0
91,0.2,0.11485148514851484,0.1550382505430763,0.2914307658307523,0.535464602445127,0,0
92,0.0,0.033663366336633666,0.07994704648786673,1.0,-0.0,0,0
93,0.2,0.041584158415841586,0.08590499787518362,0.03258561123651815,1.4869741281544258,0,0
94,0.2,0.007920792079207921,0.03900537743285587,4.2303541670263104e-07,6.3736232717865695,0,0
95,0.2,0.007920792079207921,0.03900537743285587,4.2303541670263104e-07,6.3736232717865695,0,0
96,0.2,0.007920792079207921,0.03900537743285587,4.2303541670263104e-07,6.3736232717865695,0,0
97,0.2,0.04158415841584159,0.08590499787518362,0.03258561123651815,1.4869741281544258,0,0
98,0.0,0.05346534653465347,0.09287951999650358,1.0,-0.0,0,0
99,0.0,0.05346534653465347,0.09287951999650358,1.0,-0.0,0,0
100,0.0,0.12079207920792076,0.13224402263020987,1.0,-0.0,0,0
101,0.2,0.17029702970297025,0.1626175458823589,0.4275342125418262,0.3690291260267839,0,0
102,0.4,0.16633663366336632,0.15687368174525435,0.06817786209723911,1.166356621381244,0,0
103,0.4,0.14653465346534653,0.15387043310940524,0.049751815970527996,1.303191062625069,0,0
104,0.4,0.16633663366336632,0.17364880212589112,0.08921434670490815,1.0495653004023058,0,0
105,0.4,0.09900990099009901,0.1367914141716479,0.013890748332252295,1.8572743570115982,0,0
106,0.2,0.04950495049504951,0.09912864166957489,0.06448460512601864,1.190543955238279,0,0
107,0.0,0.019801980198019802,0.06603299802191315,1.0,-0.0,0,0
108,0.0,0.021782178217821784,0.06836703565002801,1.0,-0.0,0,0
109,0.0,0.0019801980198019802,0.0198019801980198,1.0,-0.0,0,0
110,0.0,0.16831683168316827,0.1903257723422778,1.0,-0.0,0,0
111,0.0,0.16831683168316827,0.1903257723422778,1.0,-0.0,0,0
112,0.0,0.17425742574257425,0.18808754299792682,1.0,-0.0,0,0
113,0.0,0.17227722772277226,0.18674852677785872,1.0,-0.0,0,0
114,0.0,0.17425742574257425,0.18597001000988353,1.0,-0.0,0,0
115,0.0,0.007920792079207921,0.03900537743285587,1.0,-0.0,0,0
116,0.0,0.21386138613861383,0.19347254159325522,1.0,-0.0,0,0
117,0.0,0.2079207920792079,0.19482572477225887,1.0,-0.0,0,0
118,0.0,0.21386138613861388,0.19752413211148517,1.0,-0.0,0,0
119,0.0,0.22178217821782176,0.20469922895763287,1.0,-0.0,0,0
120,0.2,0.2495049504950495,0.2113716460355311,1.0,-0.0,0,0
121,0.2,0.04356435643564357,0.08721867542790195,0.036438310127516485,1.438441772185106,0,0
122,1.2,0.2099009900990099,0.1977622086930122,2.7712502850046493e-07,6.557324249213156,0,0
123,1.2,0.32673267326732675,0.24651675946035362,0.00019823247799872953,3.7028251901125997,0,0
124,1.2,0.3267326732673267,0.24328245781188634,0.00016564350146230195,3.780825597719986,0,0
125,1.0,0.297029702970297,0.23649898814785927,0.0014773928993550576,2.830503992615917,0,0
126,1.0,0.297029702970297,0.23649898814785927,0.0014773928993550576,2.830503992615917,0,0
127,0.0,0.1306930693069307,0.16753458295712845,1.0,-0.0,0,0
128,0.0,0.021782178217821784,0.06230547612891991,1.0,-0.0,0,0
129,0.2,0.04950495049504951,0.09078727434730813,0.0486923704021295,1.312539082970909,0,0
130,0.2,0.04950495049504951,0.09078727434730813,0.0486923704021295,1.312539082970909,0,0
131,0.2,0.04950495049504951,0.09078727434730813,0.0486923704021295,1.312539082970909,0,0
132,0.2,0.04950495049504951,0.09078727434730813,0.0486923704021295,1.312539082970909,0,0
133,0.2,0.03762376237623763,0.07816140339006158,0.01888012292982573,1.723995182306426,0,0
134,0.0,0.0019801980198019802,0.0198019801980198,1.0,-0.0,0,0
135,0.0,0.0019801980198019802,0.0198019801980198,1.0,-0.0,0,0
136,0.0,0.013861386138613863,0.05079507064705211,1.0,-0.0,0,0
137,0.0,0.013861386138613863,0.05079507064705211,1.0,-0.0,0,0
138,0.0,0.013861386138613863,0.05079507064705211,1.0,-0.0,0,0
139,0.0,0.011881188118811881,0.047276579747775535,1.0,-0.0,0,0
140,0.0,0.011881188118811881,0.047276579747775535,1.0,-0.0,0,0
141,0.2,0.011881188118811881,0.047276579747775535,3.4586556520905853e-05,4.461092674713385,0,0
142,0.2,0.011881188118811881,0.047276579747775535,3.4586556520905853e-05,4.461092674713385,0,0
143,0.2,0.011881188118811881,0.047276579747775535,3.4586556520905853e-05,4.461092674713385,0,0
144,0.2,0.025742574257425748,0.06697637435757531,0.004637140001348011,2.3337497919853583,0,0
145,0.2,0.025742574257425748,0.06697637435757531,0.004637140001348011,2.3337497919853583,0,0
146,0.0,0.07920792079207921,0.12611234319279727,1.0,-0.0,0,0
147,0.0,0.07920792079207921,0.12611234319279727,1.0,-0.0,0,0
148,0.0,0.07920792079207921,0.12611234319279727,1.0,-0.0,0,0
149,0.0,0.10693069306930694,0.14505541839059363,1.0,-0.0,0,0
150,0.0,0.10693069306930694,0.14505541839059363,1.0,-0.0,0,0
151,0.0,0.04158415841584159,0.0946774898050053,1.0,-0.0,0,0
152,0.0,0.0594059405940594,0.10357779667819421,1.0,-0.0,0,0
153,0.0,0.08712871287128712,0.12077584698595571,1.0,-0.0,0,0
154,0.0,0.04554455445544555,0.09283729243351323,1.0,-0.0,0,0
155,0.0,0.04554455445544555,0.09283729243351323,1.0,-0.0,0,0
156,0.0,0.04554455445544555,0.09283729243351323,1.0,-0.0,0,0
157,0.0,0.027722772277227727,0.07461957893630407,1.0,-0.0,0,0
158,0.0,0.0,0.0,1.0,-0.0,0,0
159,0.0,0.0,0.0,1.0,-0.0,0,0
160,0.0,0.0,0.0,1.0,-0.0,0,0
161,0.0,0.0,0.0,1.0,-0.0,0,0
162,0.0,0.0,0.0,1.0,-0.0,0,0
163,0.0,0.0,0.0,1.0,-0.0,0,0
164,0.0,0.0,0.0,1.0,-0.0,0,0
165,0.0,0.0,0.0,1.0,-0.0,0,0
166,0.0,0.0,0.0,1.0,-0.0,0,0
167,0.2,0.031683168316831684,0.07302609471123078,0.010586476243073911,1.9752485727397298,0,0
168,0.2,0.031683168316831684,0.07302609471123078,0.010586476243073911,1.9752485727397298,0,0
169,0.2,0.031683168316831684,0.07302609471123078,0.010586476243073911,1.9752485727397298,0,0
170,0.2,0.031683168316831684,0.07302609471123078,0.010586476243073911,1.9752485727397298,0,0
171,0.2,0.031683168316831684,0.07302609471123078,0.010586476243073911,1.9752485727397298,0,0
172,0.0,0.0,0.0,1.0,-0.0,0,0
173,0.0,0.0,0.0,1.0,-0.0,0,0
174,0.0,0.0,0.0,1.0,-0.0,0,0
175,0.0,0.0,0.0,1.0,-0.0,0,0
176,0.0,0.0,0.0,1.0,-0.0,0,0
177,0.0,0.0,0.0,1.0,-0.0,0,0
178,0.0,0.09504950495049505,0.13670539084430267,1.0,-0.0,0,0
179,0.0,0.1603960396039604,0.17804171717219025,1.0,-0.0,0,0
180,0.0,0.1603960396039604,0.17804171717219025,1.0,-0.0,0,0
181,0.0,0.20396039603960395,0.20677667298545127,1.0,-0.0,0,0
182,0.2,0.29702970297029707,0.2398247898170722,1.0,-0.0,0,0
183,0.4,0.2435643564356436,0.20217424187089456,0.2195344607052775,0.6584972981122645,0,0
184,0.4,0.18019801980198016,0.1700435599289386,0.09807098089922607,1.0084594808946177,0,0
185,0.4,0.19999999999999996,0.19088122894710324,0.14737184139193915,0.831585489993558,0,0
186,0.4,0.2396039603960396,0.21437415608276214,0.22716794249620115,0.6436529554403682,0,0
187,0.2,0.1465346534653465,0.1709405295438197,0.3772270887470444,0.42339712804778523,0,0
188,0.0,0.3504950495049505,0.21508633420933884,1.0,-0.0,0,0
189,0.0,0.37821782178217817,0.23530219053485857,1.0,-0.0,0,0
190,0.0,0.3722772277227723,0.23551872889356637,1.0,-0.0,0,0
191,0.0,0.2871287128712871,0.2223472292691992,1.0,-0.0,0,0
192,0.0,0.2871287128712871,0.2223472292691992,1.0,-0.0,0,0
193,0.0,0.051485148514851496,0.096075322540263,1.0,-0.0,0,0
194,0.0,0.023762376237623766,0.06471340450838889,1.0,-0.0,0,0
195,0.0,0.009900990099009901,0.04338396495090425,1.0,-0.0,0,0
196,0.0,0.009900990099009901,0.04338396495090425,1.0,-0.0,0,0
197,0.0,0.039603960396039604,0.08908690597387718,1.0,-0.0,0,0
198,0.0,0.0297029702970297,0.08150144802873932,1.0,-0.0,0,0
199,0.0,0.0297029702970297,0.08150144802873932,1.0,-0.0,0,0
200,0.0,0.0297029702970297,0.08150144802873932,1.0,-0.0,0,0
201,0.0,0.0297029702970297,0.08150144802873932,1.0,-0.0,0,0
202,0.0,0.0,0.0,1.0,-0.0,0,0
203,0.0,0.11089108910891088,0.14752142995793407,1.0,-0.0,0,0
204,0.0,0.12673267326732673,0.15599637537608815,1.0,-0.0,0,0
205,0.0,0.12673267326732673,0.15599637537608815,1.0,-0.0,0,0
206,0.0,0.13465346534653466,0.1619409766357297,1.0,-0.0,0,0
207,0.0,0.13465346534653466,0.1619409766357297,1.0,-0.0,0,0
208,0.0,0.023762376237623766,0.06471340450838887,1.0,-0.0,0,0
209,0.0,0.007920792079207921,0.03900537743285587,1.0,-0.0,0,0
210,0.0,0.007920792079207921,0.03900537743285587,1.0,-0.0,0,0
211,0.0,0.0,0.0,1.0,-0.0,0,0
212,0.0,0.0,0.0,1.0,-0.0,0,0
213,0.0,0.0,0.0,1.0,-0.0,0,0
214,0.0,0.015841584158415842,0.05401260078014202,1.0,-0.0,0,0
215,0.0,0.023762376237623766,0.0759735686861421,1.0,-0.0,0,0
216,0.0,0.023762376237623766,0.0759735686861421,1.0,-0.0,0,0
217,0.0,0.023762376237623766,0.0759735686861421,1.0,-0.0,0,0
218,0.2,0.07326732673267328,0.12498799079651088,0.15530120578607598,0.808825172319051,0,0
219,0.2,0.07326732673267328,0.12498799079651089,0.15530120578607598,0.808825172319051,0,0
220,0.2,0.07524752475247526,0.12219602867755654,0.15364596650640783,0.8134788362992573,0,0
221,0.2,0.07524752475247526,0.12219602867755654,0.15364596650640783,0.8134788362992573,0,0
222,0.2,0.08910891089108909,0.13042276277287218,0.19759489744115794,0.7042242745346299,0,0
223,0.0,0.039603960396039604,0.07970143286137867,1.0,-0.0,0,0
224,0.0,0.041584158415841586,0.08590499787518362,1.0,-0.0,0,0
225,0.0,0.06534653465346535,0.10571364605971598,1.0,-0.0,0,0
226,0.0,0.0712871287128713,0.11110305060677653,1.0,-0.0,0,0
227,0.0,0.05742574257425742,0.10277971700879983,1.0,-0.0,0,0
228,0.0,0.05742574257425742,0.10277971700879983,1.0,-0.0,0,0
229,0.0,0.03960396039603961,0.08452453849668534,1.0,-0.0,0,0
230,0.0,0.0059405940594059415,0.03395332316729158,1.0,-0.0,0,0
231,0.0,0.0,0.0,1.0,-0.0,0,0
232,0.0,0.0,0.0,1.0,-0.0,0,0
233,0.0,0.08514851485148517,0.130031327995105,1.0,-0.0,0,0
234,0.0,0.17821782178217818,0.18647536422960084,1.0,-0.0,0,0
235,0.0,0.17821782178217818,0.18647536422960084,1.0,-0.0,0,0
236,0.0,0.17821782178217818,0.18647536422960084,1.0,-0.0,0,0
237,0.0,0.1881188118811881,0.1884208102236084,1.0,-0.0,0,0
238,0.0,0.10099009900990098,0.1367914141716479,1.0,-0.0,0,0
239,0.0,0.009900990099009901,0.04338396495090424,1.0,-0.0,0,0
240,0.0,0.07920792079207921,0.14645435316515326,1.0,-0.0,0,0
241,0.0,0.07920792079207921,0.14645435316515326,1.0,-0.0,0,0
242,0.0,0.06930693069306931,0.13912212332871524,1.0,-0.0,0,0
243,0.0,0.08514851485148514,0.1444594832462533,1.0,-0.0,0,0
244,0.0,0.08514851485148514,0.1444594832462533,1.0,-0.0,0,0
245,0.0,0.015841584158415842,0.054012600780142014,1.0,-0.0,0,0
246,0.0,0.015841584158415842,0.054012600780142014,1.0,-0.0,0,0
247,0.0,0.0297029702970297,0.07648795214189293,1.0,-0.0,0,0
248,0.0,0.01386138613861386,0.05079507064705211,1.0,-0.0,0,0
249,0.0,0.01386138613861386,0.05079507064705211,1.0,-0.0,0,0
250,0.0,0.01386138613861386,0.05079507064705211,1.0,-0.0,0,0
251,0.0,0.01386138613861386,0.05079507064705211,1.0,-0.0,0,0
252,0.0,0.025742574257425748,0.0669763743575753,1.0,-0.0,0,0
253,0.0,0.025742574257425748,0.0669763743575753,1.0,-0.0,0,0
254,0.0,0.025742574257425748,0.0669763743575753,1.0,-0.0,0,0
255,0.0,0.025742574257425748,0.0669763743575753,1.0,-0.0,0,0
256,0.0,0.025742574257425748,0.0669763743575753,1.0,-0.0,0,0
257,0.0,0.009900990099009901,0.04338396495090425,1.0,-0.0,0,0
258,0.0,0.009900990099009901,0.04338396495090425,1.0,-0.0,0,0
259,0.2,0.04158415841584159,0.08116396646304633,0.025480968483881664,1.5937840693032386,0,0
260,0.4,0.10495049504950493,0.12771893462651165,0.010440010451749134,1.981299066550739,0,0
261,0.4,0.10495049504950493,0.12771893462651165,0.010440010451749134,1.981299066550739,0,0
262,0.4,0.09504950495049505,0.12457948087149176,0.007185795601515844,2.143525140373267,0,0
263,0.4,0.09504950495049505,0.12457948087149176,0.007185795601515844,2.143525140373267,0,0
264,0.2,0.06336633663366337,0.10120342446875752,0.08849366552547523,1.0530878154692966,0,0
265,0.0,0.0039603960396039604,0.02786385599895107,1.0,-0.0,0,0
266,0.0,0.0039603960396039604,0.02786385599895107,1.0,-0.0,0,0
267,0.0,0.007920792079207921,0.03900537743285587,1.0,-0.0,0,0
268,0.0,0.013861386138613863,0.05079507064705211,1.0,-0.0,0,0
269,0.0,0.017821782178217824,0.05698017651460656,1.0,-0.0,0,0
270,0.0,0.013861386138613863,0.05079507064705211,1.0,-0.0,0,0
271,0.0,0.013861386138613863,0.05079507064705211,1.0,-0.0,0,0
272,0.0,0.009900990099009901,0.04338396495090425,1.0,-0.0,0,0
273,0.0,0.0039603960396039604,0.027863855998951068,1.0,-0.0,0,0
274,0.0,0.0,0.0,1.0,-0.0,0,0
275,0.0,0.0,0.0,1.0,-0.0,0,0
276,0.0,0.0,0.0,1.0,-0.0,0,0
277,0.0,0.0,0.0,1.0,-0.0,0,0
278,0.0,0.0,0.0,1.0,-0.0,0,0
279,0.0,0.0,0.0,1.0,-0.0,0,0
280,0.0,0.0,0.0,1.0,-0.0,0,0
281,0.0,0.007920792079207921,0.03900537743285587,1.0,-0.0,0,0
282,0.0,0.017821782178217824,0.05698017651460656,1.0,-0.0,0,0
283,0.0,0.017821782178217824,0.05698017651460656,1.0,-0.0,0,0
284,0.0,0.017821782178217824,0.05698017651460656,1.0,-0.0,0,0
285,0.0,0.017821782178217824,0.05698017651460656,1.0,-0.0,0,0
286,0.0,0.009900990099009901,0.04338396495090424,1.0,-0.0,0,0
287,0.2,0.021782178217821784,0.06230547612891991,0.002115616449879084,2.6745630648030154,0,0
288,0.2,0.021782178217821784,0.06230547612891991,0.002115616449879084,2.6745630648030154,0,0
289,0.2,0.021782178217821784,0.06230547612891991,0.002115616449879084,2.6745630648030154,0,0
290,0.2,0.06930693069306931,0.0951731868570132,0.08484305035126001,1.0713837257412195,0,0
291,0.2,0.10495049504950495,0.1367053908443026,0.2434376750920733,0.6136122082817695,0,0
292,0.0,0.08316831683168317,0.12978985828256587,1.0,-0.0,0,0
293,0.0,0.08316831683168317,0.12978985828256587,1.0,-0.0,0,0
294,0.0,0.08316831683168317,0.12978985828256587,1.0,-0.0,0,0
295,0.0,0.03564356435643565,0.08154954567118416,1.0,-0.0,0,0
296,0.0,0.05544554455445545,0.1094316980566186,1.0,-0.0,0,0
297,0.0,0.05544554455445545,0.1094316980566186,1.0,-0.0,0,0
298,0.2,0.06732673267326733,0.11698261772468857,0.12837042097948392,0.8915350345635851,0,0
299,0.2,0.07920792079207921,0.12293186689242579,0.16290372061051445,0.7880689965867439,0,0
300,0.2,0.09108910891089109,0.12750384183766536,0.19650337127395107,0.7066299943312295,0,0
301,0.2,0.04752475247524753,0.09809478080396702,0.06004850186537829,1.2214978232271951,0,0
302,1.0,0.12871287128712872,0.15046899201198313,3.5093555799150437e-09,8.454772625352216,0,0
303,0.8,0.11683168316831684,0.14146987009498416,6.858509150211274e-07,6.1637702776171945,0,0
304,0.8,0.10495049504950493,0.13670539084430264,1.8450435390539217e-07,6.733993380969549,0,0
305,0.8,0.09306930693069305,0.12762679639066946,1.520619011673682e-08,7.817979584010152,0,0
306,0.8,0.11485148514851484,0.13598641357140118,2.3476876407041744e-07,6.629359686360813,0,0
307,0.0,0.033663366336633666,0.07994704648786674,1.0,-0.0,0,0
308,0.2,0.13564356435643563,0.15643564356435644,0.34039241104386797,0.4680201309567541,0,0
309,0.4,0.19603960396039602,0.18235032765499154,0.13167493377800227,0.8804968913859395,0,0
310,0.4,0.19603960396039602,0.18235032765499154,0.13167493377800227,0.8804968913859395,0,0
311,0.4,0.16237623762376235,0.1584900816139702,0.06689825231231424,1.1745852278380418,0,0
312,0.4,0.17029702970297025,0.15767151871203472,0.07257957969401682,1.1391855511133864,0,0
313,0.2,0.07722772277227724,0.1124710639300034,0.13750669912875174,0.8616761431153293,0,0
314,0.0,0.021782178217821784,0.06230547612891991,1.0,-0.0,0,0
315,0.0,0.021782178217821784,0.06230547612891991,1.0,-0.0,0,0
316,0.0,0.021782178217821784,0.06230547612891991,1.0,-0.0,0,0
317,0.0,0.013861386138613863,0.05079507064705211,1.0,-0.0,0,0
318,0.0,0.0039603960396039604,0.027863855998951068,1.0,-0.0,0,0
319,0.0,0.0,0.0,1.0,-0.0,0,0
320,0.0,0.0,0.0,1.0,-0.0,0,0
321,0.0,0.0,0.0,1.0,-0.0,0,0
322,0.0,0.0,0.0,1.0,-0.0,0,0
323,0.0,0.0,0.0,1.0,-0.0,0,0
324,0.0,0.009900990099009901,0.04338396495090424,1.0,-0.0,0,0
325,0.2,0.08118811881188118,0.11664694237642095,0.1542060090621744,0.8118987024738039,0,0
326,0.4,0.09108910891089109,0.1243589581632284,0.006495315309207856,2.187399761646339,0,0
327,0.4,0.11089108910891088,0.14481192315867106,0.02294280184033969,1.6393535459162385,0,0
328,0.4,0.11089108910891088,0.14481192315867106,0.02294280184033969,1.6393535459162385,0,0
329,0.4,0.10891089108910891,0.14494724878689189,0.02230880702517923,1.6515236532138924,0,0
330,0.2,0.03762376237623763,0.08307396817189319,0.025315250600093635,1.5966177690988212,0,0
331,0.0,0.027722772277227727,0.06910862719451544,1.0,-0.0,0,0
332,0.2,0.019801980198019802,0.059735061897023205,0.001278047474114718,2.8934530136556162,0,0
333,0.6,0.07524752475247526,0.11553229422427584,2.785603469279752e-06,5.555080705342154,0,0
334,0.6,0.08514851485148513,0.12054836637801526,9.73375352701698e-06,5.0117196549295455,0,0
335,0.6,0.08514851485148513,0.12054836637801526,9.73375352701698e-06,5.0117196549295455,0,0
336,0.6,0.08514851485148513,0.12054836637801526,9.73375352701698e-06,5.0117196549295455,0,0
337,0.4,0.07326732673267326,0.1115960618107356,0.0017067629990529696,2.7678267807888814,0,0
338,0.0,0.017821782178217824,0.05698017651460656,1.0,-0.0,0,0
339,0.0,0.0,0.0,1.0,-0.0,0,0
340,0.0,0.0,0.0,1.0,-0.0,0,0
341,0.0,0.0,0.0,1.0,-0.0,0,0
342,0.0,0.0,0.0,1.0,-0.0,0,0
343,0.0,0.0,0.0,1.0,-0.0,0,0
344,0.0,0.0039603960396039604,0.027863855998951068,1.0,-0.0,0,0
345,0.0,0.007920792079207921,0.03900537743285587,1.0,-0.0,0,0
346,0.0,0.007920792079207921,0.03900537743285587,1.0,-0.0,0,0
347,0.2,0.10693069306930691,0.15302716108009237,0.27153134450195493,0.5661800299480396,0,0
348,0.2,0.11089108910891088,0.15279637008998356,0.2798835913936494,0.5530225619699969,0,0
349,0.2,0.10693069306930691,0.15302716108009237,0.27153134450195493,0.5661800299480396,0,0
350,0.4,0.11485148514851483,0.16732380336061473,0.04417449367028289,1.3548284196924465,0,0
351,0.6,0.13267326732673265,0.1741223598968761,0.003638460234012358,2.4390823672708724,0,0
352,0.4,0.033663366336633666,0.07994704648786674,2.3000965330509323e-06,5.638253936638243,0,0
353,0.4,0.02970297029702971,0.07648795214189293,6.451360324816492e-07,6.19034870098158,0,0
354,0.6,0.06534653465346535,0.1197651526735639,4.0187570147050115e-06,5.395908251673844,0,0
355,0.4,0.05346534653465347,0.10860442931328386,0.0007094054168481006,3.1491054996838423,0,0
356,0.4,0.04554455445544555,0.10100951085035129,0.00022478804701096518,3.6482267858751967,0,0
357,0.4,0.04554455445544555,0.10100951085035129,0.00022478804701096518,3.6482267858751967,0,0
358,0.4,0.04554455445544555,0.10100951085035129,0.00022478804701096518,3.6482267858751967,0,0
359,0.2,0.009900990099009901,0.04338396495090425,5.885669548817499e-06,5.230204125035218,0,0
360,0.2,0.009900990099009901,0.04338396495090425,5.885669548817499e-06,5.230204125035218,0,0
361,0.0,0.0,0.0,1.0,-0.0,0,0
362,0.0,0.0,0.0,1.0,-0.0,0,0
363,0.0,0.0,0.0,1.0,-0.0,0,0
364,0.0,0.031683168316831684,0.08316831683168317,1.0,-0.0,0,0
365,0.0,0.031683168316831684,0.08316831683168317,1.0,-0.0,0,0
366,0.0,0.06732673267326733,0.11698261772468856,1.0,-0.0,0,0
367,0.0,0.06732673267326733,0.11698261772468856,1.0,-0.0,0,0
368,0.0,0.06732673267326733,0.11698261772468856,1.0,-0.0,0,0
369,0.0,0.03564356435643565,0.09074407316744237,1.0,-0.0,0,0
370,0.0,0.039603960396039604,0.09342674148186496,1.0,-0.0,0,0
371,0.0,0.017821782178217824,0.0635517090529949,1.0,-0.0,0,0
372,0.0,0.017821782178217824,0.0635517090529949,1.0,-0.0,0,0
373,0.2,0.061386138613861385,0.10433219700847123,0.09199298471617674,1.0362452902111776,0,0
374,0.2,0.06732673267326733,0.11000352009767247,0.11389293410569636,0.9435032186258506,0,0
375,0.2,0.06534653465346535,0.10571364605971598,0.10137482685028305,0.9940698745616096,0,0
376,0.4,0.07524752475247526,0.10089298378500594,0.0006436825812580765,3.1913282431871015,0,0
377,0.6,0.09306930693069305,0.11454380090280848,4.807631192712152e-06,5.318068855712769,0,0
378,0.4,0.0891089108910891,0.12420120222231065,0.006155109217616707,2.210764236447136,0,0
379,0.4,0.16039603960396034,0.18883656715060818,0.10224852884065684,0.9903429319365726,0,0
380,0.4,0.1584158415841584,0.18945849187904942,0.10113166139111458,0.9951128581102344,0,0
381,0.2,0.1603960396039604,0.18883656715060818,0.4169407193382114,0.37992568865800125,0,0
382,0.0,0.1485148514851485,0.1726977909735853,1.0,-0.0,0,0
383,0.0,0.10693069306930691,0.13661931335176508,1.0,-0.0,0,0
384,0.0,0.031683168316831684,0.0730260947112308,1.0,-0.0,0,0
385,0.0,0.039603960396039604,0.07970143286137865,1.0,-0.0,0,0
386,0.0,0.06336633663366337,0.1158034971660471,1.0,-0.0,0,0
387,0.0,0.057425742574257435,0.11021718851545144,1.0,-0.0,0,0
388,0.0,0.057425742574257435,0.11021718851545144,1.0,-0.0,0,0
389,0.0,0.057425742574257435,0.11021718851545144,1.0,-0.0,0,0
390,0.0,0.061386138613861385,0.11166631429601336,1.0,-0.0,0,0
391,0.0,0.011881188118811883,0.047276579747775535,1.0,-0.0,0,0
392,0.0,0.011881188118811883,0.047276579747775535,1.0,-0.0,0,0
393,0.0,0.14653465346534655,0.14863361587956597,1.0,-0.0,0,0
394,0.0,0.16435643564356434,0.15769638607575875,1.0,-0.0,0,0
395,0.0,0.2158415841584159,0.19434208548729184,1.0,-0.0,0,0
396,0.0,0.2594059405940594,0.2207898592438234,1.0,-0.0,0,0
397,0.0,0.30099009900990104,0.24955209361318303,1.0,-0.0,0,0
398,0.0,0.17623762376237626,0.19353333422369295,1.0,-0.0,0,0
399,0.0,0.15841584158415842,0.17647108799335676,1.0,-0.0,0,0
400,0.0,0.09306930693069305,0.1422989641443302,1.0,-0.0,0,0
401,0.0,0.0871287128712871,0.14464936528910635,1.0,-0.0,0,0
402,0.0,0.04554455445544556,0.10485704788018795,1.0,-0.0,0,0
403,0.0,0.041584158415841586,0.09039772047931348,1.0,-0.0,0,0
404,0.0,0.041584158415841586,0.09039772047931348,1.0,-0.0,0,0
405,0.0,0.041584158415841586,0.09039772047931348,1.0,-0.0,0,0
406,0.0,0.04554455445544554,0.08846854615322249,1.0,-0.0,0,0
407,0.0,0.10693069306930691,0.1306930693069307,1.0,-0.0,0,0
408,0.0,0.2316831683168317,0.2101063818566501,1.0,-0.0,0,0
409,0.0,0.3663366336633664,0.28985391599626653,1.0,-0.0,0,0
410,0.0,0.3663366336633664,0.28985391599626653,1.0,-0.0,0,0
411,0.0,0.3326732673267327,0.28323062390050113,1.0,-0.0,0,0
412,0.0,0.34950495049504954,0.2916744972597539,1.0,-0.0,0,0
413,0.0,0.2396039603960396,0.22164069037042733,1.0,-0.0,0,0
414,0.0,0.10297029702970295,0.14243667729389656,1.0,-0.0,0,0
415,0.0,0.10297029702970295,0.14243667729389656,1.0,-0.0,0,0
416,0.0,0.09504950495049505,0.13078304733432375,1.0,-0.0,0,0
417,0.0,0.023762376237623766,0.06471340450838889,1.0,-0.0,0,0
418,0.0,0.0059405940594059415,0.033953323167291584,1.0,-0.0,0,0
419,0.0,0.015841584158415842,0.05401260078014202,1.0,-0.0,0,0
420,0.0,0.015841584158415842,0.05401260078014202,1.0,-0.0,0,0
421,0.0,0.015841584158415842,0.05401260078014202,1.0,-0.0,0,0
422,0.0,0.009900990099009901,0.04338396495090424,1.0,-0.0,0,0
423,0.0,0.009900990099009901,0.04338396495090424,1.0,-0.0,0,0
424,0.0,0.0,0.0,1.0,-0.0,0,0
425,0.0,0.0,0.0,1.0,-0.0,0,0
426,0.0,0.0,0.0,1.0,-0.0,0,0
427,0.0,0.0,0.0,1.0,-0.0,0,0
428,0.0,0.007920792079207921,0.03900537743285587,1.0,-0.0,0,0
429,0.0,0.12277227722772276,0.15407416763506465,1.0,-0.0,0,0
430,0.0,0.1465346534653465,0.1638426898490107,1.0,-0.0,0,0
431,0.0,0.1564356435643564,0.16555687101844338,1.0,-0.0,0,0
432,0.0,0.17029702970297025,0.16503498246348225,1.0,-0.0,0,0
433,0.0,0.16237623762376233,0.16581719933036296,1.0,-0.0,0,0
434,0.0,0.09504950495049505,0.12457948087149175,1.0,-0.0,0,0
435,0.0,0.07326732673267328,0.10798889666879984,1.0,-0.0,0,0
436,0.0,0.10099009900990098,0.1308729634998678,1.0,-0.0,0,0
437,0.0,0.08712871287128714,0.1207758469859557,1.0,-0.0,0,0
438,0.0,0.17029702970297025,0.1626175458823589,1.0,-0.0,0,0
439,0.0,0.1564356435643564,0.15821769786485684,1.0,-0.0,0,0
440,0.0,0.20792079207920788,0.18222126052003704,1.0,-0.0,0,0
441,0.0,0.17227722772277224,0.17355845414780538,1.0,-0.0,0,0
442,0.0,0.22574257425742567,0.19833638060275507,1.0,-0.0,0,0
