,foreground,bg_means,bg_stdev,pvals,minus_logs,regs,active
2,0.0,0.0039603960396039604,0.02786385599895106,1.0,-0.0,0,0
3,0.0,0.0039603960396039604,0.02786385599895106,1.0,-0.0,0,0
4,0.2,0.08514851485148513,0.12054836637801526,0.170360417514063,0.7686313042414474,0,0
5,0.2,0.08514851485148513,0.12054836637801526,0.170360417514063,0.7686313042414474,0,0
6,0.2,0.08514851485148513,0.12054836637801526,0.170360417514063,0.7686313042414474,0,0
7,0.2,0.08514851485148513,0.12054836637801526,0.170360417514063,0.7686313042414474,0,0
8,0.4,0.22772277227722768,0.20687146814606536,0.20248603537385135,0.6936049229145183,0,0
9,0.2,0.14158415841584157,0.1648685805663259,0.36155043556153155,0.441831110933158,0,0
10,0.2,0.14158415841584157,0.1648685805663259,0.36155043556153155,0.441831110933158,0,0
11,0.2,0.14158415841584157,0.1648685805663259,0.36155043556153155,0.441831110933158,0,0
12,0.2,0.14158415841584157,0.1648685805663259,0.36155043556153155,0.441831110933158,0,0
13,0.0,0.009900990099009901,0.04338396495090424,1.0,-0.0,0,0
14,1.2,0.27128712871287125,0.2154142376787709,8.11530798158901e-06,5.090694993746984,0,0
15,1.2,0.27128712871287125,0.2154142376787709,8.11530798158901e-06,5.090694993746984,0,0
16,1.2,0.27128712871287125,0.2154142376787709,8.11530798158901e-06,5.090694993746984,0,0
17,1.4,0.4732673267326732,0.27963593343683724,0.00045974468682085675,3.3374832811170014,0,0
18,1.6,0.5603960396039604,0.3031449700318354,0.0003024637961133197,3.5193266014715943,0,0
19,0.4,0.297029702970297,0.25425310751707636,0.34274195228262133,0.4650327338259248,0,0
20,0.4,0.297029702970297,0.25425310751707636,0.34274195228262133,0.4650327338259248,0,0
21,0.4,0.30495049504950494,0.25731909443556855,0.35592083557977605,0.44864658768465804,0,0
22,0.2,0.14653465346534653,0.1709405295438197,0.37722708874704447,0.4233971280477852,0,0
23,0.0,0.0712871287128713,0.11801714396634724,1.0,-0.0,0,0
24,0.2,0.20594059405940587,0.19590954781832295,1.0,-0.0,0,0
25,0.2,0.20594059405940587,0.19590954781832295,1.0,-0.0,0,0
26,0.2,0.27128712871287125,0.23811829727615705,1.0,-0.0,0,0
27,0.2,0.2396039603960396,0.21984657472873856,1.0,-0.0,0,0
28,0.2,0.22376237623762374,0.22032762052595836,1.0,-0.0,0,0
29,0.0,0.11089108910891088,0.15018206119491914,1.0,-0.0,0,0
30,0.0,0.11089108910891088,0.15018206119491914,1.0,-0.0,0,0
31,0.0,0.03762376237623763,0.07816140339006158,1.0,-0.0,0,0
32,0.0,0.02772277227722773,0.06910862719451544,1.0,-0.0,0,0
33,0.0,0.021782178217821784,0.06230547612891991,1.0,-0.0,0,0
34,0.0,0.0,0.0,1.0,-0.0,0,0
35,0.0,0.0,0.0,1.0,-0.0,0,0
36,0.0,0.0,0.0,1.0,-0.0,0,0
37,0.0,0.0,0.0,1.0,-0.0,0,0
38,0.0,0.0,0.0,1.0,-0.0,0,0
39,0.0,0.0,0.0,1.0,-0.0,0,0
40,0.0,0.0,0.0,1.0,-0.0,0,0
41,0.0,0.0,0.0,1.0,-0.0,0,0
42,0.0,0.0,0.0,1.0,-0.0,0,0
43,0.0,0.0,0.0,1.0,-0.0,0,0
44,0.0,0.06930693069306931,0.10693069306930696,1.0,-0.0,0,0
45,0.0,0.06930693069306931,0.10693069306930696,1.0,-0.0,0,0
46,0.0,0.07722772277227723,0.11247106393000339,1.0,-0.0,0,0
47,0.0,0.13465346534653463,0.14921288105967925,1.0,-0.0,0,0
48,0.0,0.13861386138613857,0.15348770198080078,1.0,-0.0,0,0
49,0.0,0.06732673267326733,0.11000352009767247,1.0,-0.0,0,0
50,0.0,0.19999999999999996,0.20294856198525082,1.0,-0.0,0,0
51,0.0,0.3564356435643564,0.23140374111669773,1.0,-0.0,0,0
52,0.0,0.3108910891089109,0.224226278080831,1.0,-0.0,0,0
53,0.0,0.3366336633663367,0.23535217860833296,1.0,-0.0,0,0
54,0.0,0.39999999999999997,0.22864213899185837,1.0,-0.0,0,0
55,0.0,0.28118811881188116,0.2201317658001291,1.0,-0.0,0,0
56,0.0,0.2376237623762376,0.18607540532013478,1.0,-0.0,0,0
57,0.0,0.22574257425742572,0.1880875429979268,1.0,-0.0,0,0
58,0.0,0.3445544554455446,0.22884784496148383,1.0,-0.0,0,0
59,0.0,0.2792079207920792,0.21075856943604074,1.0,-0.0,0,0
60,0.0,0.3445544554455446,0.2288478449614838,1.0,-0.0,0,0
61,0.0,0.2237623762376237,0.20926486833462027,1.0,-0.0,0,0
62,0.0,0.2237623762376237,0.20926486833462027,1.0,-0.0,0,0
63,0.0,0.21386138613861383,0.20920864708209408,1.0,-0.0,0,0
64,0.0,0.3584158415841585,0.2629864005566772,1.0,-0.0,0,0
65,0.0,0.300990099009901,0.2173171472208942,1.0,-0.0,0,0
66,0.0,0.300990099009901,0.2173171472208942,1.0,-0.0,0,0
67,0.0,0.300990099009901,0.2173171472208942,1.0,-0.0,0,0
68,0.0,0.16633663366336632,0.16184409300358454,1.0,-0.0,0,0
69,0.0,0.021782178217821784,0.06230547612891991,1.0,-0.0,0,0
70,0.0,0.16237623762376235,0.17735766020493526,1.0,-0.0,0,0
71,0.0,0.16237623762376235,0.17735766020493526,1.0,-0.0,0,0
72,0.0,0.16237623762376235,0.17735766020493526,1.0,-0.0,0,0
73,0.0,0.16237623762376235,0.17735766020493526,1.0,-0.0,0,0
74,0.0,0.17821782178217818,0.1821782178217822,1.0,-0.0,0,0
75,0.0,0.07326732673267328,0.11848138852793338,1.0,-0.0,0,0
76,0.0,0.09504950495049506,0.12457948087149175,1.0,-0.0,0,0
77,0.0,0.10693069306930691,0.12762679639066946,1.0,-0.0,0,0
78,0.0,0.13267326732673265,0.15486110729518537,1.0,-0.0,0,0
79,0.0,0.21386138613861383,0.20345028972738724,1.0,-0.0,0,0
80,0.0,0.15643564356435644,0.17711429524750805,1.0,-0.0,0,0
81,0.0,0.13267326732673265,0.17183281702904266,1.0,-0.0,0,0
82,0.0,0.12079207920792076,0.15435386352400063,1.0,-0.0,0,0
83,0.0,0.09702970297029702,0.14243667729389659,1.0,-0.0,0,0
84,0.0,0.0059405940594059415,0.033953323167291584,1.0,-0.0,0,0
85,0.0,0.0059405940594059415,0.033953323167291584,1.0,-0.0,0,0
86,0.0,0.039603960396039604,0.08452453849668534,1.0,-0.0,0,0
87,0.0,0.05544554455445545,0.09797478714338996,1.0,-0.0,0,0
88,0.0,0.05544554455445545,0.09797478714338996,1.0,-0.0,0,0
89,0.0,0.049504950495049514,0.09078727434730813,1.0,-0.0,0,0
90,0.0,0.049504950495049514,0.09078727434730813,1.0,-0.0,0,0
91,0.0,0.015841584158415842,0.05401260078014202,1.0,-0.0,0,0
92,0.0,0.0,0.0,1.0,-0.0,0,0
93,0.0,0.0,0.0,1.0,-0.0,0,0
94,0.0,0.0,0.0,1.0,-0.0,0,0
95,0.0,0.0,0.0,1.0,-0.0,0,0
96,0.0,0.0,0.0,1.0,-0.0,0,0
97,0.0,0.0,0.0,1.0,-0.0,0,0
98,0.0,0.041584158415841586,0.08590499787518362,1.0,-0.0,0,0
99,0.0,0.041584158415841586,0.08590499787518362,1.0,-0.0,0,0
100,0.0,0.041584158415841586,0.08590499787518362,1.0,-0.0,0,0
101,0.0,0.041584158415841586,0.08590499787518362,1.0,-0.0,0,0
102,0.0,0.041584158415841586,0.08590499787518362,1.0,-0.0,0,0
103,0.0,0.06732673267326733,0.12673267326732676,1.0,-0.0,0,0
104,0.0,0.12475247524752477,0.16131019290626772,1.0,-0.0,0,0
105,0.0,0.12475247524752477,0.16131019290626772,1.0,-0.0,0,0
106,0.0,0.12475247524752477,0.16131019290626772,1.0,-0.0,0,0
107,0.0,0.12475247524752477,0.16131019290626772,1.0,-0.0,0,0
108,0.0,0.06732673267326733,0.11698261772468857,1.0,-0.0,0,0
109,0.0,0.015841584158415842,0.054012600780142014,1.0,-0.0,0,0
110,0.0,0.033663366336633666,0.07482947971362847,1.0,-0.0,0,0
111,0.0,0.033663366336633666,0.07482947971362847,1.0,-0.0,0,0
112,0.0,0.14059405940594058,0.15036471688371983,1.0,-0.0,0,0
113,0.0,0.1465346534653465,0.1614073970084343,1.0,-0.0,0,0
114,0.0,0.14059405940594058,0.1605548657475207,1.0,-0.0,0,0
115,0.0,0.12079207920792079,0.14645435316515326,1.0,-0.0,0,0
116,0.0,0.12079207920792079,0.14645435316515326,1.0,-0.0,0,0
117,0.0,0.015841584158415842,0.05401260078014202,1.0,-0.0,0,0
118,0.0,0.0,0.0,1.0,-0.0,0,0
119,0.0,0.0,0.0,1.0,-0.0,0,0
120,0.0,0.0,0.0,1.0,-0.0,0,0
121,0.0,0.0,0.0,1.0,-0.0,0,0
122,0.0,0.0,0.0,1.0,-0.0,0,0
123,0.0,0.05940594059405942,0.1178841668604928,1.0,-0.0,0,0
124,0.0,0.09108910891089109,0.1529246303073887,1.0,-0.0,0,0
125,0.0,0.12277227722772277,0.16643090209465897,1.0,-0.0,0,0
126,0.0,0.12277227722772277,0.16643090209465897,1.0,-0.0,0,0
127,0.0,0.12277227722772277,0.16643090209465897,1.0,-0.0,0,0
128,0.0,0.08316831683168317,0.10996786833199856,1.0,-0.0,0,0
129,0.0,0.05148514851485149,0.09186070102766893,1.0,-0.0,0,0
130,0.0,0.019801980198019802,0.059735061897023205,1.0,-0.0,0,0
131,0.0,0.019801980198019802,0.059735061897023205,1.0,-0.0,0,0
132,0.0,0.019801980198019802,0.059735061897023205,1.0,-0.0,0,0
133,0.0,0.0,0.0,1.0,-0.0,0,0
134,0.0,0.0,0.0,1.0,-0.0,0,0
135,0.0,0.0,0.0,1.0,-0.0,0,0
136,0.0,0.05346534653465347,0.09704990696905226,1.0,-0.0,0,0
137,0.0,0.05346534653465347,0.09704990696905226,1.0,-0.0,0,0
138,0.0,0.05346534653465347,0.09704990696905226,1.0,-0.0,0,0
139,0.0,0.05346534653465347,0.09704990696905226,1.0,-0.0,0,0
140,0.0,0.05346534653465347,0.09704990696905226,1.0,-0.0,0,0
141,0.0,0.0,0.0,1.0,-0.0,0,0
142,0.0,0.013861386138613863,0.05079507064705211,1.0,-0.0,0,0
143,0.0,0.013861386138613863,0.05079507064705211,1.0,-0.0,0,0
144,0.0,0.02772277227722772,0.06910862719451544,1.0,-0.0,0,0
145,0.0,0.02772277227722772,0.06910862719451544,1.0,-0.0,0,0
146,0.0,0.02772277227722772,0.06910862719451544,1.0,-0.0,0,0
147,0.0,0.013861386138613863,0.05079507064705211,1.0,-0.0,0,0
148,0.0,0.03564356435643565,0.08154954567118415,1.0,-0.0,0,0
149,0.0,0.021782178217821784,0.06230547612891991,1.0,-0.0,0,0
150,0.0,0.05544554455445545,0.1019369320889802,1.0,-0.0,0,0
151,0.0,0.05544554455445545,0.1019369320889802,1.0,-0.0,0,0
152,0.0,0.05544554455445545,0.1019369320889802,1.0,-0.0,0,0
153,0.0,0.033663366336633666,0.07482947971362847,1.0,-0.0,0,0
154,0.0,0.033663366336633666,0.07482947971362847,1.0,-0.0,0,0
155,0.0,0.0,0.0,1.0,-0.0,0,0
156,0.0,0.0,0.0,1.0,-0.0,0,0
157,0.0,0.04554455445544554,0.09700949476369024,1.0,-0.0,0,0
158,0.0,0.04554455445544554,0.09700949476369024,1.0,-0.0,0,0
159,0.0,0.1504950495049505,0.15261662469701143,1.0,-0.0,0,0
160,0.0,0.1504950495049505,0.15261662469701143,1.0,-0.0,0,0
161,0.0,0.16435643564356434,0.16744093589393827,1.0,-0.0,0,0
162,0.0,0.11683168316831682,0.1442421691205886,1.0,-0.0,0,0
163,0.0,0.11683168316831682,0.1442421691205886,1.0,-0.0,0,0
164,0.0,0.013861386138613863,0.05079507064705211,1.0,-0.0,0,0
165,0.0,0.013861386138613863,0.05079507064705211,1.0,-0.0,0,0
166,0.0,0.0,0.0,1.0,-0.0,0,0
167,0.0,0.14851485148514848,0.16804870898437327,1.0,-0.0,0,0
168,0.0,0.17227722772277224,0.17355845414780538,1.0,-0.0,0,0
169,0.0,0.17227722772277224,0.17355845414780538,1.0,-0.0,0,0
170,0.0,0.17227722772277224,0.17355845414780538,1.0,-0.0,0,0
171,0.0,0.17227722772277224,0.17355845414780538,1.0,-0.0,0,0
172,0.0,0.023762376237623766,0.07056843438101175,1.0,-0.0,0,0
173,0.0,0.0,0.0,1.0,-0.0,0,0
174,0.0,0.0,0.0,1.0,-0.0,0,0
175,0.0,0.0,0.0,1.0,-0.0,0,0
176,0.0,0.07326732673267328,0.12498799079651089,1.0,-0.0,0,0
177,0.0,0.07722772277227724,0.13191745702927898,1.0,-0.0,0,0
178,0.0,0.16435643564356434,0.19170116927177744,1.0,-0.0,0,0
179,0.0,0.16435643564356434,0.19170116927177744,1.0,-0.0,0,0
180,0.0,0.16435643564356434,0.19170116927177744,1.0,-0.0,0,0
181,0.0,0.09108910891089109,0.14494724878689189,1.0,-0.0,0,0
182,0.0,0.11485148514851484,0.16252106557372825,1.0,-0.0,0,0
183,0.0,0.06534653465346535,0.10571364605971598,1.0,-0.0,0,0
184,0.0,0.08514851485148513,0.1269490726718781,1.0,-0.0,0,0
185,0.0,0.18613861386138614,0.18933427036517264,1.0,-0.0,0,0
186,0.0,0.18415841584158418,0.1881292336873445,1.0,-0.0,0,0
187,0.0,0.1564356435643564,0.17711429524750807,1.0,-0.0,0,0
188,0.0,0.2158415841584158,0.20427736592964435,1.0,-0.0,0,0
189,0.0,0.19603960396039602,0.19896802672602729,1.0,-0.0,0,0
190,0.0,0.11881188118811883,0.1467218499235066,1.0,-0.0,0,0
191,0.0,0.11881188118811883,0.1467218499235066,1.0,-0.0,0,0
192,0.0,0.11881188118811883,0.1467218499235066,1.0,-0.0,0,0
193,0.0,0.023762376237623766,0.06471340450838889,1.0,-0.0,0,0
194,0.0,0.023762376237623766,0.06471340450838889,1.0,-0.0,0,0
195,0.0,0.05346534653465347,0.10489443673781407,1.0,-0.0,0,0
196,0.0,0.057425742574257435,0.11375371577303027,1.0,-0.0,0,0
197,0.0,0.10297029702970298,0.14789308791950767,1.0,-0.0,0,0
198,0.0,0.10693069306930694,0.14776046024695155,1.0,-0.0,0,0
199,0.0,0.10693069306930694,0.14776046024695155,1.0,-0.0,0,0
200,0.0,0.1465346534653465,0.15127468716660816,1.0,-0.0,0,0
201,0.0,0.14257425742574256,0.15243666735776418,1.0,-0.0,0,0
202,0.0,0.09504950495049506,0.13078304733432372,1.0,-0.0,0,0
203,0.0,0.09108910891089109,0.1243589581632284,1.0,-0.0,0,0
204,0.0,0.09108910891089109,0.1243589581632284,1.0,-0.0,0,0
205,0.0,0.013861386138613863,0.05079507064705211,1.0,-0.0,0,0
206,0.0,0.013861386138613863,0.05079507064705211,1.0,-0.0,0,0
207,0.0,0.2356435643564356,0.20176653424136176,1.0,-0.0,0,0
208,0.0,0.2356435643564356,0.20176653424136176,1.0,-0.0,0,0
209,0.0,0.2356435643564356,0.20176653424136176,1.0,-0.0,0,0
210,0.0,0.2613861386138614,0.2316408525289467,1.0,-0.0,0,0
211,0.0,0.2613861386138614,0.2316408525289467,1.0,-0.0,0,0
212,0.0,0.04950495049504951,0.10304643034659555,1.0,-0.0,0,0
213,0.0,0.04950495049504951,0.10304643034659555,1.0,-0.0,0,0
214,0.0,0.04950495049504951,0.10304643034659555,1.0,-0.0,0,0
215,0.0,0.009900990099009901,0.04338396495090425,1.0,-0.0,0,0
216,0.0,0.11881188118811879,0.157148395081398,1.0,-0.0,0,0
217,0.0,0.1089108910891089,0.13937555924568534,1.0,-0.0,0,0
218,0.0,0.1089108910891089,0.13937555924568534,1.0,-0.0,0,0
219,0.0,0.1089108910891089,0.13937555924568534,1.0,-0.0,0,0
220,0.0,0.36831683168316837,0.2636118858290684,1.0,-0.0,0,0
221,0.0,0.26534653465346536,0.22000704019534495,1.0,-0.0,0,0
222,0.0,0.2831683168316832,0.22385873680891216,1.0,-0.0,0,0
223,0.0,0.2831683168316832,0.22385873680891216,1.0,-0.0,0,0
224,0.0,0.2831683168316832,0.22385873680891216,1.0,-0.0,0,0
225,0.0,0.025742574257425748,0.0669763743575753,1.0,-0.0,0,0
226,0.0,0.03564356435643565,0.07653920035678292,1.0,-0.0,0,0
227,0.0,0.017821782178217824,0.05698017651460657,1.0,-0.0,0,0
228,0.0,0.017821782178217824,0.05698017651460657,1.0,-0.0,0,0
229,0.0,0.017821782178217824,0.05698017651460657,1.0,-0.0,0,0
230,0.0,0.017821782178217824,0.05698017651460657,1.0,-0.0,0,0
231,0.0,0.061386138613861385,0.09644194583672018,1.0,-0.0,0,0
232,0.0,0.25346534653465347,0.21227870547734493,1.0,-0.0,0,0
233,0.0,0.41188118811881197,0.27114978094315156,1.0,-0.0,0,0
234,0.0,0.41188118811881197,0.27114978094315156,1.0,-0.0,0,0
235,0.0,0.41188118811881197,0.27114978094315156,1.0,-0.0,0,0
236,0.0,0.3495049504950495,0.24276613950537684,1.0,-0.0,0,0
237,0.0,0.18811881188118812,0.17308335353197749,1.0,-0.0,0,0
238,0.0,0.30099009900990104,0.2588990588516065,1.0,-0.0,0,0
239,0.0,0.30099009900990104,0.2588990588516065,1.0,-0.0,0,0
240,0.0,0.30099009900990104,0.2588990588516065,1.0,-0.0,0,0
241,0.0,0.30099009900990104,0.2588990588516065,1.0,-0.0,0,0
242,0.0,0.2712871287128713,0.23811829727615705,1.0,-0.0,0,0
243,0.0,0.02772277227722772,0.07461957893630407,1.0,-0.0,0,0
244,0.0,0.02772277227722772,0.07461957893630407,1.0,-0.0,0,0
245,0.0,0.02772277227722772,0.07461957893630407,1.0,-0.0,0,0
246,0.0,0.02772277227722772,0.07461957893630407,1.0,-0.0,0,0
247,0.0,0.02772277227722772,0.07461957893630407,1.0,-0.0,0,0
248,0.0,0.0,0.0,1.0,-0.0,0,0
249,0.2,0.007920792079207921,0.03900537743285587,4.2303541670263104e-07,6.3736232717865695,0,0
250,0.2,0.007920792079207921,0.03900537743285587,4.2303541670263104e-07,6.3736232717865695,0,0
251,0.2,0.007920792079207921,0.03900537743285587,4.2303541670263104e-07,6.3736232717865695,0,0
252,0.2,0.007920792079207921,0.03900537743285587,4.2303541670263104e-07,6.3736232717865695,0,0
253,0.2,0.007920792079207921,0.03900537743285587,4.2303541670263104e-07,6.3736232717865695,0,0
254,2.8,0.2772277227722772,0.23373048205432875,1.000000000184703e-17,16.999999999919783,0,0
255,3.6,0.4217821782178218,0.25314026182658417,1e-17,17.0,0,0
256,3.6,0.4217821782178218,0.25314026182658417,1e-17,17.0,0,0
257,3.6,0.4217821782178218,0.25314026182658417,1e-17,17.0,0,0
258,3.6,0.4217821782178218,0.25314026182658417,1e-17,17.0,0,0
259,0.8,0.14455445544554454,0.1492391578726081,5.617857606070147e-06,5.250429272909755,0,0
260,0.0,0.0,0.0,1.0,-0.0,0,0
261,0.0,0.013861386138613863,0.05079507064705211,1.0,-0.0,0,0
262,0.4,0.13267326732673265,0.1496589594272569,0.03703025058992249,1.4314433489969436,0,0
263,0.4,0.15247524752475247,0.16203780234042603,0.06330915635285934,1.198533473774992,0,0
264,0.4,0.15247524752475247,0.16203780234042603,0.06330915635285934,1.198533473774992,0,0
265,0.4,0.15247524752475247,0.16203780234042603,0.06330915635285934,1.198533473774992,0,0
