,foreground,bg_means,bg_stdev,pvals,minus_logs,regs,active
2,0.0,0.013861386138613863,0.05079507064705211,1.0,-0.0,0,0
3,0.0,0.009900990099009901,0.04338396495090424,1.0,-0.0,0,0
4,0.0,0.009900990099009901,0.04338396495090424,1.0,-0.0,0,0
5,0.0,0.0,0.0,1.0,-0.0,0,0
6,0.0,0.0,0.0,1.0,-0.0,0,0
7,0.0,0.0,0.0,1.0,-0.0,0,0
8,0.0,0.0,0.0,1.0,-0.0,0,0
9,0.0,0.0,0.0,1.0,-0.0,0,0
10,0.0,0.0,0.0,1.0,-0.0,0,0
11,0.0,0.0,0.0,1.0,-0.0,0,0
12,0.0,0.0,0.0,1.0,-0.0,0,0
13,0.0,0.0,0.0,1.0,-0.0,0,0
14,0.0,0.0,0.0,1.0,-0.0,0,0
15,0.0,0.011881188118811883,0.047276579747775535,1.0,-0.0,0,0
16,0.0,0.011881188118811883,0.047276579747775535,1.0,-0.0,0,0
17,0.0,0.04356435643564357,0.10755228209109126,1.0,-0.0,0,0
18,0.0,0.06336633663366337,0.12875856005551573,1.0,-0.0,0,0
19,0.0,0.06336633663366337,0.12875856005551573,1.0,-0.0,0,0
20,0.0,0.057425742574257435,0.12051583409665695,1.0,-0.0,0,0
21,0.0,0.057425742574257435,0.12051583409665695,1.0,-0.0,0,0
22,0.0,0.12673267326732673,0.17959861138016997,1.0,-0.0,0,0
23,0.0,0.2198019801980198,0.24455245118832367,1.0,-0.0,0,0
24,0.0,0.2198019801980198,0.24455245118832367,1.0,-0.0,0,0
25,0.0,0.21386138613861388,0.24088520867104826,1.0,-0.0,0,0
26,0.0,0.22574257425742578,0.254330207651522,1.0,-0.0,0,0
27,0.0,0.12277227722772276,0.19492633191801528,1.0,-0.0,0,0
28,0.0,0.011881188118811883,0.047276579747775535,1.0,-0.0,0,0
29,0.0,0.011881188118811883,0.047276579747775535,1.0,-0.0,0,0
30,0.0,0.011881188118811883,0.047276579747775535,1.0,-0.0,0,0
31,0.0,0.0,0.0,1.0,-0.0,0,0
32,0.0,0.06336633663366337,0.1158034971660471,1.0,-0.0,0,0
33,0.0,0.06336633663366337,0.1158034971660471,1.0,-0.0,0,0
34,0.0,0.06336633663366337,0.1158034971660471,1.0,-0.0,0,0
35,0.0,0.06336633663366337,0.1158034971660471,1.0,-0.0,0,0
36,0.0,0.06534653465346535,0.1164113937164283,1.0,-0.0,0,0
37,0.0,0.0019801980198019802,0.0198019801980198,1.0,-0.0,0,0
38,0.0,0.0019801980198019802,0.0198019801980198,1.0,-0.0,0,0
39,0.0,0.0019801980198019802,0.0198019801980198,1.0,-0.0,0,0
40,0.0,0.0019801980198019802,0.0198019801980198,1.0,-0.0,0,0
41,0.0,0.13069306930693064,0.14470357153619887,1.0,-0.0,0,0
42,0.0,0.27326732673267323,0.21566892903767937,1.0,-0.0,0,0
43,0.0,0.27326732673267323,0.21566892903767937,1.0,-0.0,0,0
44,0.0,0.27326732673267323,0.21566892903767937,1.0,-0.0,0,0
45,0.0,0.27326732673267323,0.21566892903767937,1.0,-0.0,0,0
46,0.0,0.14851485148514848,0.15834156674616875,1.0,-0.0,0,0
47,0.0,0.0039603960396039604,0.027863855998951068,1.0,-0.0,0,0
48,0.0,0.015841584158415842,0.05401260078014202,1.0,-0.0,0,0
49,0.0,0.015841584158415842,0.05401260078014202,1.0,-0.0,0,0
50,0.0,0.1267326732673267,0.15083338726765974,1.0,-0.0,0,0
51,0.0,0.12277227722772276,0.14884451859775158,1.0,-0.0,0,0
52,0.0,0.12277227722772276,0.14884451859775158,1.0,-0.0,0,0
53,0.0,0.11485148514851483,0.14717547862227362,1.0,-0.0,0,0
54,0.0,0.11485148514851483,0.14717547862227362,1.0,-0.0,0,0
55,0.0,0.017821782178217824,0.05698017651460656,1.0,-0.0,0,0
56,0.0,0.017821782178217824,0.05698017651460656,1.0,-0.0,0,0
57,0.0,0.017821782178217824,0.05698017651460656,1.0,-0.0,0,0
58,0.0,0.019801980198019802,0.059735061897023205,1.0,-0.0,0,0
59,0.0,0.02772277227722772,0.07461957893630407,1.0,-0.0,0,0
60,0.0,0.013861386138613863,0.05807080514303041,1.0,-0.0,0,0
61,0.0,0.013861386138613863,0.05807080514303041,1.0,-0.0,0,0
62,0.0,0.013861386138613863,0.05807080514303041,1.0,-0.0,0,0
63,0.0,0.007920792079207921,0.03900537743285587,1.0,-0.0,0,0
64,0.0,0.0,0.0,1.0,-0.0,0,0
65,0.0,0.0,0.0,1.0,-0.0,0,0
66,0.0,0.0,0.0,1.0,-0.0,0,0
67,0.0,0.0,0.0,1.0,-0.0,0,0
68,0.0,0.0,0.0,1.0,-0.0,0,0
69,0.0,0.0,0.0,1.0,-0.0,0,0
70,0.0,0.015841584158415842,0.06090517425437505,1.0,-0.0,0,0
71,0.0,0.015841584158415842,0.06090517425437505,1.0,-0.0,0,0
72,0.0,0.015841584158415842,0.06090517425437505,1.0,-0.0,0,0
73,0.0,0.015841584158415842,0.06090517425437505,1.0,-0.0,0,0
74,0.0,0.015841584158415842,0.06090517425437505,1.0,-0.0,0,0
75,0.0,0.0,0.0,1.0,-0.0,0,0
76,0.0,0.0059405940594059415,0.03395332316729158,1.0,-0.0,0,0
77,0.0,0.0059405940594059415,0.03395332316729158,1.0,-0.0,0,0
78,0.0,0.0059405940594059415,0.03395332316729158,1.0,-0.0,0,0
79,0.0,0.0059405940594059415,0.03395332316729158,1.0,-0.0,0,0
80,0.0,0.0059405940594059415,0.03395332316729158,1.0,-0.0,0,0
81,0.0,0.0,0.0,1.0,-0.0,0,0
82,0.0,0.0,0.0,1.0,-0.0,0,0
83,0.0,0.0039603960396039604,0.027863855998951064,1.0,-0.0,0,0
84,0.0,0.0039603960396039604,0.027863855998951064,1.0,-0.0,0,0
85,0.0,0.0059405940594059415,0.03395332316729158,1.0,-0.0,0,0
86,0.0,0.0059405940594059415,0.03395332316729158,1.0,-0.0,0,0
87,0.0,0.0059405940594059415,0.03395332316729158,1.0,-0.0,0,0
88,0.0,0.0019801980198019802,0.019801980198019802,1.0,-0.0,0,0
89,0.0,0.0019801980198019802,0.019801980198019802,1.0,-0.0,0,0
90,0.0,0.0039603960396039604,0.027863855998951068,1.0,-0.0,0,0
91,0.0,0.015841584158415842,0.05401260078014202,1.0,-0.0,0,0
92,0.0,0.015841584158415842,0.05401260078014202,1.0,-0.0,0,0
93,1.0,0.09504950495049502,0.13377699607171908,6.6830035528671705e-12,11.17502830799344,0,0
94,1.0,0.09504950495049502,0.13377699607171908,6.6830035528671705e-12,11.17502830799344,0,0
95,1.0,0.09108910891089109,0.13357165904190144,5.064111115345956e-12,11.295496773714994,0,0
96,1.8,0.20990099009900987,0.18320845158368915,1.1993173283015453e-17,16.921065891382757,0,0
97,1.8,0.20990099009900987,0.18320845158368915,1.1993173283015453e-17,16.921065891382757,0,0
98,0.8,0.14455445544554454,0.15950123220279022,1.9839171437372186e-05,4.702476469666278,0,0
99,0.8,0.14455445544554454,0.15950123220279022,1.9839171437372186e-05,4.702476469666278,0,0
100,0.8,0.15445544554455445,0.1613831014717559,3.1661168901809355e-05,4.499473055416979,0,0
101,0.0,0.023762376237623766,0.06471340450838889,1.0,-0.0,0,0
102,0.0,0.049504950495049514,0.09912864166957489,1.0,-0.0,0,0
103,0.0,0.03564356435643565,0.08154954567118415,1.0,-0.0,0,0
104,0.0,0.03564356435643565,0.08154954567118415,1.0,-0.0,0,0
105,0.0,0.025742574257425748,0.0669763743575753,1.0,-0.0,0,0
106,0.0,0.0297029702970297,0.07112192077650681,1.0,-0.0,0,0
107,0.0,0.0039603960396039604,0.027863855998951064,1.0,-0.0,0,0
108,0.0,0.0039603960396039604,0.027863855998951064,1.0,-0.0,0,0
109,0.0,0.0039603960396039604,0.027863855998951064,1.0,-0.0,0,0
110,0.0,0.009900990099009901,0.04338396495090425,1.0,-0.0,0,0
111,0.0,0.0059405940594059415,0.03395332316729158,1.0,-0.0,0,0
112,0.0,0.0059405940594059415,0.03395332316729158,1.0,-0.0,0,0
113,0.0,0.0059405940594059415,0.03395332316729158,1.0,-0.0,0,0
114,0.0,0.023762376237623766,0.06471340450838887,1.0,-0.0,0,0
115,0.0,0.05148514851485149,0.10011267057239238,1.0,-0.0,0,0
116,0.0,0.05148514851485149,0.10011267057239238,1.0,-0.0,0,0
117,0.0,0.05148514851485149,0.10011267057239238,1.0,-0.0,0,0
118,0.0,0.05148514851485149,0.10011267057239238,1.0,-0.0,0,0
119,0.0,0.04554455445544554,0.09283729243351323,1.0,-0.0,0,0
120,0.0,0.011881188118811883,0.04727657974777554,1.0,-0.0,0,0
121,0.0,0.013861386138613863,0.05079507064705211,1.0,-0.0,0,0
122,0.0,0.013861386138613863,0.05079507064705211,1.0,-0.0,0,0
123,0.0,0.017821782178217824,0.05698017651460656,1.0,-0.0,0,0
124,0.0,0.013861386138613863,0.05079507064705211,1.0,-0.0,0,0
125,0.0,0.013861386138613863,0.05079507064705211,1.0,-0.0,0,0
126,0.0,0.033663366336633666,0.07482947971362845,1.0,-0.0,0,0
127,0.0,0.033663366336633666,0.07482947971362845,1.0,-0.0,0,0
128,0.0,0.0297029702970297,0.07112192077650681,1.0,-0.0,0,0
129,0.0,0.021782178217821784,0.06230547612891991,1.0,-0.0,0,0
130,0.0,0.021782178217821784,0.06230547612891991,1.0,-0.0,0,0
131,0.0,0.0,0.0,1.0,-0.0,0,0
132,0.0,0.0,0.0,1.0,-0.0,0,0
133,0.0,0.0059405940594059415,0.03395332316729158,1.0,-0.0,0,0
134,0.0,0.11287128712871287,0.16268986856589093,1.0,-0.0,0,0
135,0.0,0.11287128712871287,0.16268986856589093,1.0,-0.0,0,0
136,0.0,0.11287128712871287,0.16268986856589093,1.0,-0.0,0,0
137,0.0,0.11287128712871287,0.16268986856589093,1.0,-0.0,0,0
138,0.0,0.11287128712871286,0.16268986856589093,1.0,-0.0,0,0
139,0.0,0.007920792079207921,0.03900537743285587,1.0,-0.0,0,0
140,0.0,0.007920792079207921,0.03900537743285587,1.0,-0.0,0,0
141,0.0,0.007920792079207921,0.03900537743285587,1.0,-0.0,0,0
142,0.0,0.007920792079207921,0.03900537743285587,1.0,-0.0,0,0
143,0.0,0.0019801980198019802,0.0198019801980198,1.0,-0.0,0,0
144,0.0,0.0,0.0,1.0,-0.0,0,0
145,0.0,0.0,0.0,1.0,-0.0,0,0
146,0.0,0.011881188118811881,0.04727657974777555,1.0,-0.0,0,0
147,0.0,0.019801980198019802,0.059735061897023205,1.0,-0.0,0,0
148,0.0,0.019801980198019802,0.059735061897023205,1.0,-0.0,0,0
149,0.0,0.019801980198019802,0.059735061897023205,1.0,-0.0,0,0
150,0.0,0.023762376237623766,0.06471340450838887,1.0,-0.0,0,0
151,0.0,0.011881188118811883,0.047276579747775535,1.0,-0.0,0,0
152,0.0,0.0039603960396039604,0.027863855998951064,1.0,-0.0,0,0
153,0.0,0.0039603960396039604,0.027863855998951064,1.0,-0.0,0,0
154,0.0,0.007920792079207921,0.03900537743285587,1.0,-0.0,0,0
155,0.0,0.0039603960396039604,0.027863855998951064,1.0,-0.0,0,0
156,0.0,0.0039603960396039604,0.027863855998951064,1.0,-0.0,0,0
157,0.0,0.009900990099009901,0.04338396495090425,1.0,-0.0,0,0
158,0.0,0.009900990099009901,0.04338396495090425,1.0,-0.0,0,0
159,0.0,0.0059405940594059415,0.033953323167291584,1.0,-0.0,0,0
160,0.0,0.0059405940594059415,0.033953323167291584,1.0,-0.0,0,0
161,0.0,0.013861386138613863,0.050795070647052104,1.0,-0.0,0,0
162,0.0,0.007920792079207921,0.03900537743285587,1.0,-0.0,0,0
163,0.0,0.017821782178217824,0.05698017651460656,1.0,-0.0,0,0
164,0.0,0.017821782178217824,0.05698017651460656,1.0,-0.0,0,0
165,0.0,0.021782178217821784,0.06230547612891991,1.0,-0.0,0,0
166,0.0,0.023762376237623766,0.06471340450838887,1.0,-0.0,0,0
167,0.0,0.03564356435643565,0.07653920035678292,1.0,-0.0,0,0
168,0.0,0.025742574257425748,0.06697637435757531,1.0,-0.0,0,0
169,0.0,0.03564356435643565,0.08626938974571076,1.0,-0.0,0,0
170,0.0,0.031683168316831684,0.08316831683168317,1.0,-0.0,0,0
171,0.0,0.021782178217821784,0.06836703565002801,1.0,-0.0,0,0
172,0.0,0.009900990099009901,0.04338396495090424,1.0,-0.0,0,0
173,0.0,0.009900990099009901,0.04338396495090424,1.0,-0.0,0,0
174,0.0,0.0,0.0,1.0,-0.0,0,0
175,0.0,0.0,0.0,1.0,-0.0,0,0
176,0.0,0.0,0.0,1.0,-0.0,0,0
177,0.0,0.0,0.0,1.0,-0.0,0,0
178,0.0,0.10297029702970298,0.14243667729389659,1.0,-0.0,0,0
179,0.0,0.10297029702970298,0.14243667729389659,1.0,-0.0,0,0
180,0.0,0.10297029702970298,0.14243667729389659,1.0,-0.0,0,0
181,0.0,0.11287128712871286,0.15264231556912292,1.0,-0.0,0,0
182,0.0,0.11287128712871286,0.15264231556912292,1.0,-0.0,0,0
183,0.0,0.009900990099009901,0.04338396495090425,1.0,-0.0,0,0
184,0.0,0.009900990099009901,0.04338396495090425,1.0,-0.0,0,0
185,0.0,0.009900990099009901,0.04338396495090425,1.0,-0.0,0,0
186,0.0,0.0,0.0,1.0,-0.0,0,0
187,0.0,0.0,0.0,1.0,-0.0,0,0
188,0.0,0.0,0.0,1.0,-0.0,0,0
189,0.0,0.0,0.0,1.0,-0.0,0,0
190,0.0,0.0019801980198019802,0.0198019801980198,1.0,-0.0,0,0
191,0.0,0.0019801980198019802,0.0198019801980198,1.0,-0.0,0,0
192,0.0,0.0019801980198019802,0.0198019801980198,1.0,-0.0,0,0
193,0.0,0.0019801980198019802,0.0198019801980198,1.0,-0.0,0,0
194,0.0,0.01386138613861386,0.05807080514303042,1.0,-0.0,0,0
195,0.0,0.011881188118811883,0.04727657974777554,1.0,-0.0,0,0
196,0.0,0.011881188118811883,0.04727657974777554,1.0,-0.0,0,0
197,0.0,0.019801980198019802,0.06603299802191316,1.0,-0.0,0,0
198,0.0,0.019801980198019802,0.06603299802191316,1.0,-0.0,0,0
199,0.0,0.007920792079207921,0.03900537743285587,1.0,-0.0,0,0
200,0.0,0.007920792079207921,0.03900537743285587,1.0,-0.0,0,0
201,0.0,0.007920792079207921,0.03900537743285587,1.0,-0.0,0,0
202,0.0,0.0,0.0,1.0,-0.0,0,0
203,0.0,0.0,0.0,1.0,-0.0,0,0
204,0.0,0.0,0.0,1.0,-0.0,0,0
205,0.0,0.0,0.0,1.0,-0.0,0,0
206,0.0,0.10495049504950493,0.1367053908443026,1.0,-0.0,0,0
207,0.0,0.10495049504950493,0.1367053908443026,1.0,-0.0,0,0
208,0.0,0.10495049504950493,0.1367053908443026,1.0,-0.0,0,0
209,0.0,0.10495049504950493,0.1367053908443026,1.0,-0.0,0,0
210,0.0,0.10495049504950493,0.1367053908443026,1.0,-0.0,0,0
211,0.0,0.09900990099009901,0.13386490123687583,1.0,-0.0,0,0
212,0.0,0.09900990099009901,0.13386490123687583,1.0,-0.0,0,0
213,0.0,0.10297029702970295,0.13383560593042218,1.0,-0.0,0,0
214,0.0,0.13267326732673265,0.1414975848312859,1.0,-0.0,0,0
215,0.0,0.13267326732673265,0.1414975848312859,1.0,-0.0,0,0
216,0.0,0.031683168316831684,0.0730260947112308,1.0,-0.0,0,0
217,0.0,0.12871287128712872,0.1630990913423683,1.0,-0.0,0,0
218,0.0,0.12475247524752475,0.1588360762784592,1.0,-0.0,0,0
219,0.0,0.09702970297029702,0.1367627457412436,1.0,-0.0,0,0
220,0.0,0.09702970297029702,0.1367627457412436,1.0,-0.0,0,0
221,0.0,0.09702970297029702,0.1367627457412436,1.0,-0.0,0,0
222,0.0,0.0,0.0,1.0,-0.0,0,0
223,0.0,0.0,0.0,1.0,-0.0,0,0
224,0.0,0.0,0.0,1.0,-0.0,0,0
225,0.0,0.0,0.0,1.0,-0.0,0,0
226,0.0,0.027722772277227727,0.07461957893630407,1.0,-0.0,0,0
227,0.0,0.027722772277227727,0.07461957893630407,1.0,-0.0,0,0
228,0.0,0.03564356435643564,0.08154954567118416,1.0,-0.0,0,0
229,0.0,0.039603960396039604,0.08452453849668534,1.0,-0.0,0,0
230,0.0,0.039603960396039604,0.08452453849668534,1.0,-0.0,0,0
231,0.0,0.07524752475247524,0.11553229422427586,1.0,-0.0,0,0
232,0.0,0.10495049504950493,0.12771893462651168,1.0,-0.0,0,0
233,0.0,0.097029702970297,0.124642415697871,1.0,-0.0,0,0
234,0.0,0.09306930693069305,0.12126186845461277,1.0,-0.0,0,0
235,0.0,0.09306930693069305,0.12126186845461277,1.0,-0.0,0,0
236,0.0,0.0297029702970297,0.07648795214189293,1.0,-0.0,0,0
237,0.0,0.0,0.0,1.0,-0.0,0,0
238,0.0,0.0039603960396039604,0.02786385599895107,1.0,-0.0,0,0
239,0.0,0.0039603960396039604,0.02786385599895107,1.0,-0.0,0,0
240,0.0,0.0039603960396039604,0.02786385599895107,1.0,-0.0,0,0
241,0.0,0.0039603960396039604,0.02786385599895107,1.0,-0.0,0,0
242,0.0,0.0039603960396039604,0.02786385599895107,1.0,-0.0,0,0
243,0.0,0.0059405940594059415,0.03395332316729158,1.0,-0.0,0,0
244,0.0,0.0059405940594059415,0.03395332316729158,1.0,-0.0,0,0
245,0.0,0.0059405940594059415,0.03395332316729158,1.0,-0.0,0,0
246,0.0,0.0059405940594059415,0.03395332316729158,1.0,-0.0,0,0
247,0.0,0.0059405940594059415,0.03395332316729158,1.0,-0.0,0,0
248,0.0,0.0,0.0,1.0,-0.0,0,0
249,0.0,0.0,0.0,1.0,-0.0,0,0
250,0.0,0.0,0.0,1.0,-0.0,0,0
251,0.0,0.0,0.0,1.0,-0.0,0,0
252,0.0,0.0,0.0,1.0,-0.0,0,0
253,0.0,0.0,0.0,1.0,-0.0,0,0
254,0.0,0.13663366336633662,0.14605218942246156,1.0,-0.0,0,0
255,0.0,0.27920792079207923,0.2181455739234917,1.0,-0.0,0,0
256,0.0,0.27920792079207923,0.2181455739234917,1.0,-0.0,0,0
257,0.0,0.27920792079207923,0.2181455739234917,1.0,-0.0,0,0
258,0.0,0.27920792079207923,0.2181455739234917,1.0,-0.0,0,0
259,0.0,0.27722772277227725,0.19894831814029953,1.0,-0.0,0,0
260,0.0,0.14059405940594058,0.13656189821438944,1.0,-0.0,0,0
261,0.0,0.14059405940594058,0.13656189821438944,1.0,-0.0,0,0
262,0.0,0.14059405940594058,0.13656189821438944,1.0,-0.0,0,0
263,0.0,0.14059405940594058,0.13656189821438944,1.0,-0.0,0,0
264,0.0,0.0059405940594059415,0.03395332316729158,1.0,-0.0,0,0
265,0.0,0.0,0.0,1.0,-0.0,0,0
266,0.0,0.0,0.0,1.0,-0.0,0,0
267,0.0,0.0,0.0,1.0,-0.0,0,0
268,0.0,0.0,0.0,1.0,-0.0,0,0
269,0.0,0.0,0.0,1.0,-0.0,0,0
270,0.0,0.0,0.0,1.0,-0.0,0,0
271,0.0,0.0059405940594059415,0.03395332316729158,1.0,-0.0,0,0
272,0.0,0.0059405940594059415,0.03395332316729158,1.0,-0.0,0,0
273,0.0,0.0059405940594059415,0.03395332316729158,1.0,-0.0,0,0
274,0.0,0.023762376237623766,0.07056843438101175,1.0,-0.0,0,0
275,0.0,0.023762376237623766,0.07056843438101175,1.0,-0.0,0,0
276,0.0,0.017821782178217824,0.056980176514606566,1.0,-0.0,0,0
277,0.0,0.017821782178217824,0.056980176514606566,1.0,-0.0,0,0
278,0.0,0.017821782178217824,0.056980176514606566,1.0,-0.0,0,0
279,0.0,0.0,0.0,1.0,-0.0,0,0
280,0.0,0.0,0.0,1.0,-0.0,0,0
281,0.0,0.0,0.0,1.0,-0.0,0,0
282,0.0,0.0,0.0,1.0,-0.0,0,0
283,0.0,0.0,0.0,1.0,-0.0,0,0
284,0.0,0.0,0.0,1.0,-0.0,0,0
285,0.0,0.0059405940594059415,0.03395332316729158,1.0,-0.0,0,0
286,0.0,0.019801980198019802,0.06603299802191315,1.0,-0.0,0,0
287,0.0,0.019801980198019802,0.06603299802191315,1.0,-0.0,0,0
288,0.0,0.019801980198019802,0.06603299802191315,1.0,-0.0,0,0
289,0.0,0.019801980198019802,0.06603299802191315,1.0,-0.0,0,0
290,0.0,0.013861386138613863,0.05807080514303042,1.0,-0.0,0,0
291,0.0,0.009900990099009901,0.04338396495090424,1.0,-0.0,0,0
292,0.0,0.009900990099009901,0.04338396495090424,1.0,-0.0,0,0
293,0.0,0.009900990099009901,0.04338396495090424,1.0,-0.0,0,0
294,0.0,0.009900990099009901,0.04338396495090424,1.0,-0.0,0,0
295,0.0,0.011881188118811881,0.047276579747775535,1.0,-0.0,0,0
296,0.0,0.0019801980198019802,0.019801980198019802,1.0,-0.0,0,0
297,0.0,0.0019801980198019802,0.019801980198019802,1.0,-0.0,0,0
298,0.0,0.0019801980198019802,0.019801980198019802,1.0,-0.0,0,0
299,0.0,0.0019801980198019802,0.019801980198019802,1.0,-0.0,0,0
300,0.0,0.0,0.0,1.0,-0.0,0,0
301,0.0,0.0,0.0,1.0,-0.0,0,0
302,0.0,0.0,0.0,1.0,-0.0,0,0
303,0.0,0.0,0.0,1.0,-0.0,0,0
304,0.0,0.0,0.0,1.0,-0.0,0,0
305,0.0,0.0,0.0,1.0,-0.0,0,0
306,0.0,0.13069306930693064,0.1419402846531281,1.0,-0.0,0,0
307,0.0,0.13069306930693064,0.1419402846531281,1.0,-0.0,0,0
308,0.0,0.2633663366336633,0.2419895964858238,1.0,-0.0,0,0
309,0.0,0.2633663366336633,0.2419895964858238,1.0,-0.0,0,0
310,0.0,0.2633663366336633,0.2419895964858238,1.0,-0.0,0,0
311,0.0,0.13861386138613863,0.17964227215907685,1.0,-0.0,0,0
312,0.0,0.13861386138613863,0.17964227215907685,1.0,-0.0,0,35
313,0.0,0.0059405940594059415,0.03395332316729158,1.0,-0.0,0,0
314,0.0,0.0059405940594059415,0.03395332316729158,1.0,-0.0,0,19
315,0.0,0.0059405940594059415,0.03395332316729158,1.0,-0.0,0,0
316,0.0,0.0,0.0,1.0,-0.0,0,0
317,0.0,0.0,0.0,1.0,-0.0,0,0
318,0.0,0.0,0.0,1.0,-0.0,0,0
319,0.0,0.0,0.0,1.0,-0.0,0,0
320,0.0,0.0,0.0,1.0,-0.0,0,0
321,0.0,0.0,0.0,1.0,-0.0,0,0
322,0.0,0.0,0.0,1.0,-0.0,0,0
323,0.0,0.0,0.0,1.0,-0.0,0,0
324,0.0,0.0019801980198019802,0.0198019801980198,1.0,-0.0,0,0
325,0.0,0.0019801980198019802,0.0198019801980198,1.0,-0.0,0,0
326,0.0,0.0019801980198019802,0.0198019801980198,1.0,-0.0,0,0
327,0.0,0.0019801980198019802,0.0198019801980198,1.0,-0.0,0,0
328,0.0,0.0019801980198019802,0.0198019801980198,1.0,-0.0,0,0
329,0.0,0.0,0.0,1.0,-0.0,0,0
330,0.0,0.09702970297029702,0.127780323207142,1.0,-0.0,0,0
331,0.0,0.10099009900990098,0.1308729634998678,1.0,-0.0,0,0
332,0.0,0.10099009900990098,0.1308729634998678,1.0,-0.0,0,0
333,0.0,0.10099009900990098,0.1308729634998678,1.0,-0.0,0,0
334,0.0,0.10099009900990098,0.1308729634998678,1.0,-0.0,0,0
335,0.0,0.0039603960396039604,0.027863855998951064,1.0,-0.0,0,0
336,0.0,0.0,0.0,1.0,-0.0,0,0
337,0.0,0.0,0.0,1.0,-0.0,0,0
338,0.0,0.0,0.0,1.0,-0.0,0,0
339,0.0,0.0,0.0,1.0,-0.0,0,0
340,0.0,0.0,0.0,1.0,-0.0,0,0
341,0.0,0.0,0.0,1.0,-0.0,0,0
342,0.0,0.0,0.0,1.0,-0.0,0,0
343,0.0,0.0,0.0,1.0,-0.0,0,0
344,0.0,0.0,0.0,1.0,-0.0,0,0
345,0.0,0.0,0.0,1.0,-0.0,0,0
346,0.0,0.0,0.0,1.0,-0.0,0,0
347,0.0,0.007920792079207921,0.03900537743285587,1.0,-0.0,0,0
348,0.0,0.1188118811881188,0.14939672169394075,1.0,-0.0,0,0
349,0.2,0.1485148514851485,0.16326729671147555,0.3762507376661025,0.42452263993230954,0,0
350,0.2,0.1485148514851485,0.16326729671147555,0.3762507376661025,0.42452263993230954,0,0
351,0.2,0.1485148514851485,0.16326729671147555,0.3762507376661025,0.42452263993230954,0,0
352,0.2,0.1396039603960396,0.16049379736991787,0.3533417901022414,0.4518049950658727,0,0
353,0.4,0.033663366336633666,0.07482947971362847,4.899834749491712e-07,6.3098185666233375,0,0
354,0.2,0.0059405940594059415,0.03395332316729158,5.469865928325192e-09,8.262023318511567,0,0
355,0.2,0.0059405940594059415,0.03395332316729158,5.469865928325192e-09,8.262023318511567,0,0
356,0.2,0.0059405940594059415,0.03395332316729158,5.469865928325192e-09,8.262023318511567,0,0
357,0.2,0.02772277227722773,0.07461957893630405,0.010478998804251368,1.9796802091996202,0,0
358,0.0,0.021782178217821784,0.06230547612891992,1.0,-0.0,0,0
359,0.0,0.021782178217821784,0.06230547612891992,1.0,-0.0,0,0
360,0.0,0.02772277227722773,0.06910862719451544,1.0,-0.0,0,0
361,0.0,0.1584158415841584,0.16960485628010977,1.0,-0.0,0,0
362,0.0,0.13663366336633662,0.16150454260676184,1.0,-0.0,0,0
363,0.0,0.13663366336633662,0.16150454260676184,1.0,-0.0,0,0
364,0.0,0.13663366336633662,0.16150454260676184,1.0,-0.0,0,0
365,0.0,0.12871287128712872,0.16065252686710352,1.0,-0.0,0,0
366,0.0,0.0,0.0,1.0,-0.0,0,0
367,0.0,0.12673267326732673,0.15851482056387722,1.0,-0.0,0,0
368,0.0,0.12673267326732673,0.15851482056387722,1.0,-0.0,0,0
369,0.0,0.12673267326732673,0.15851482056387722,1.0,-0.0,0,0
370,0.0,0.12673267326732673,0.15851482056387722,1.0,-0.0,0,0
371,0.0,0.12673267326732673,0.15851482056387722,1.0,-0.0,0,0
372,0.0,0.0059405940594059415,0.03395332316729158,1.0,-0.0,0,0
373,0.0,0.10495049504950495,0.13670539084430264,1.0,-0.0,0,0
374,0.0,0.10495049504950495,0.13670539084430264,1.0,-0.0,0,0
375,0.0,0.12673267326732673,0.14818445096134422,1.0,-0.0,0,0
376,0.0,0.12673267326732673,0.14818445096134422,1.0,-0.0,0,0
377,0.0,0.1386138613861386,0.14554118673277588,1.0,-0.0,0,0
378,0.0,0.03762376237623763,0.08307396817189318,1.0,-0.0,0,0
379,0.0,0.03762376237623763,0.08307396817189318,1.0,-0.0,0,0
380,0.0,0.015841584158415842,0.06090517425437506,1.0,-0.0,0,0
381,0.0,0.015841584158415842,0.06090517425437506,1.0,-0.0,0,0
382,0.0,0.08910891089108909,0.1420507440353343,1.0,-0.0,0,0
383,0.0,0.08910891089108909,0.1420507440353343,1.0,-0.0,0,0
384,0.0,0.08910891089108909,0.1420507440353343,1.0,-0.0,0,0
385,0.0,0.08910891089108909,0.1420507440353343,1.0,-0.0,0,0
386,0.0,0.08910891089108909,0.1420507440353343,1.0,-0.0,0,0
387,0.0,0.0,0.0,1.0,-0.0,0,0
388,0.0,0.0,0.0,1.0,-0.0,0,0
389,0.0,0.0,0.0,1.0,-0.0,0,0
390,0.0,0.0,0.0,1.0,-0.0,0,0
391,0.0,0.0,0.0,1.0,-0.0,0,0
392,0.0,0.0,0.0,1.0,-0.0,0,0
393,0.0,0.0,0.0,1.0,-0.0,0,0
394,0.0,0.0,0.0,1.0,-0.0,0,0
395,2.0,0.12673267326732673,0.15599637537608815,1.0000000000000002e-17,17.0,0,0
396,2.0,0.12673267326732673,0.15599637537608815,1.0000000000000002e-17,17.0,0,0
397,2.0,0.12673267326732673,0.15599637537608815,1.0000000000000002e-17,17.0,0,0
398,2.0,0.12673267326732673,0.15599637537608815,1.0000000000000002e-17,17.0,0,0
399,2.0,0.12673267326732673,0.15599637537608815,1.0000000000000002e-17,17.0,0,0
400,0.0,0.0,0.0,1.0,-0.0,0,0
401,0.0,0.0,0.0,1.0,-0.0,0,0
402,0.0,0.0,0.0,1.0,-0.0,0,0
403,0.0,0.0,0.0,1.0,-0.0,0,0
404,0.0,0.0,0.0,1.0,-0.0,0,0
405,0.0,0.0,0.0,1.0,-0.0,0,0
406,0.0,0.0,0.0,1.0,-0.0,0,0
407,0.0,0.0,0.0,1.0,-0.0,0,0
408,0.0,0.0,0.0,1.0,-0.0,0,0
409,0.0,0.0297029702970297,0.08150144802873932,1.0,-0.0,0,0
410,0.0,0.13564356435643563,0.16385465572011298,1.0,-0.0,0,0
411,0.0,0.1584158415841584,0.1830799894071481,1.0,-0.0,0,0
412,0.0,0.1584158415841584,0.1830799894071481,1.0,-0.0,0,0
413,0.0,0.1584158415841584,0.1830799894071481,1.0,-0.0,0,6
414,0.0,0.12673267326732673,0.15599637537608815,1.0,-0.0,0,10
415,0.2,0.047524752475247525,0.08965727859542,0.044504787234598886,1.3515932708674616,0,0
416,0.2,0.025742574257425748,0.07264925278354116,0.008228653963589683,2.084671200510097,0,0
417,0.2,0.025742574257425748,0.07264925278354116,0.008228653963589683,2.084671200510097,0,0
418,0.2,0.025742574257425748,0.07264925278354116,0.008228653963589683,2.084671200510097,0,0
419,0.2,0.025742574257425748,0.07264925278354116,0.008228653963589683,2.084671200510097,0,0
420,0.0,0.0,0.0,1.0,-0.0,0,0
421,0.0,0.0,0.0,1.0,-0.0,0,0
422,0.0,0.0,0.0,1.0,-0.0,0,0
423,0.0,0.0,0.0,1.0,-0.0,0,0
424,0.0,0.0,0.0,1.0,-0.0,0,0
425,0.0,0.0,0.0,1.0,-0.0,0,0
426,0.0,0.0,0.0,1.0,-0.0,0,0
427,0.0,0.013861386138613863,0.05807080514303041,1.0,-0.0,0,0
428,0.0,0.013861386138613863,0.05807080514303041,1.0,-0.0,0,0
429,0.0,0.04554455445544555,0.09700949476369022,1.0,-0.0,0,0
430,0.0,0.04554455445544555,0.09700949476369022,1.0,-0.0,0,0
431,0.0,0.04554455445544555,0.09700949476369022,1.0,-0.0,0,0
432,0.0,0.031683168316831684,0.08316831683168317,1.0,-0.0,0,0
433,0.0,0.041584158415841586,0.09039772047931348,1.0,-0.0,0,0
434,0.0,0.009900990099009901,0.04338396495090424,1.0,-0.0,0,0
435,0.0,0.009900990099009901,0.04338396495090424,1.0,-0.0,0,0
436,0.0,0.009900990099009901,0.04338396495090424,1.0,-0.0,0,0
437,0.0,0.13267326732673265,0.13283572143563108,1.0,-0.0,0,0
438,0.0,0.12277227722772276,0.13191745702927898,1.0,-0.0,0,0
439,0.2,0.21782178217821782,0.1868954489346046,1.0,-0.0,0,0
440,0.2,0.21782178217821782,0.1868954489346046,1.0,-0.0,0,0
441,0.2,0.21782178217821782,0.1868954489346046,1.0,-0.0,0,0
442,0.2,0.09504950495049502,0.12771893462651168,0.20561525732768127,0.686944662403549,0,0
443,0.2,0.09504950495049502,0.12771893462651168,0.20561525732768127,0.686944662403549,0,0
444,0.0,0.0,0.0,1.0,-0.0,0,0
445,0.0,0.16633663366336632,0.18254375725135072,1.0,-0.0,0,0
446,0.0,0.16633663366336632,0.18254375725135072,1.0,-0.0,0,0
447,0.0,0.16633663366336632,0.18254375725135072,1.0,-0.0,0,0
448,0.0,0.16633663366336632,0.18254375725135072,1.0,-0.0,0,0
449,0.0,0.17227722772277226,0.1802741651760957,1.0,-0.0,0,0
450,0.0,0.0059405940594059415,0.03395332316729158,1.0,-0.0,0,0
451,0.0,0.0059405940594059415,0.03395332316729158,1.0,-0.0,0,0
452,0.0,0.0059405940594059415,0.03395332316729158,1.0,-0.0,0,0
453,0.0,0.0059405940594059415,0.03395332316729158,1.0,-0.0,0,0
454,0.0,0.0,0.0,1.0,-0.0,0,0
455,0.0,0.0,0.0,1.0,-0.0,0,0
456,0.0,0.0,0.0,1.0,-0.0,0,0
457,0.0,0.0,0.0,1.0,-0.0,0,0
458,0.0,0.0,0.0,1.0,-0.0,0,0
459,0.0,0.0,0.0,1.0,-0.0,0,0
460,0.0,0.1287128712871287,0.1423540653909816,1.0,-0.0,0,0
461,0.0,0.1287128712871287,0.1423540653909816,1.0,-0.0,0,0
462,0.0,0.1287128712871287,0.1423540653909816,1.0,-0.0,0,0
463,0.0,0.14059405940594058,0.15036471688371983,1.0,-0.0,0,0
464,0.0,0.14059405940594058,0.15036471688371983,1.0,-0.0,0,0
465,0.0,0.011881188118811883,0.047276579747775535,1.0,-0.0,0,0
466,0.0,0.011881188118811883,0.047276579747775535,1.0,-0.0,0,0
467,0.0,0.019801980198019802,0.05973506189702322,1.0,-0.0,0,0
468,0.0,0.1306930693069307,0.16028599085028167,1.0,-0.0,0,0
469,0.0,0.1306930693069307,0.16028599085028167,1.0,-0.0,0,0
470,0.0,0.16237623762376235,0.17735766020493526,1.0,-0.0,0,0
471,0.0,0.17227722772277226,0.1846156359731749,1.0,-0.0,0,0
472,0.0,0.16435643564356436,0.1766487584013007,1.0,-0.0,0,0
473,0.0,0.039603960396039604,0.09342674148186497,1.0,-0.0,0,0
474,0.0,0.05544554455445545,0.1019369320889802,1.0,-0.0,0,0
475,0.0,0.025742574257425748,0.0669763743575753,1.0,-0.0,0,0
476,0.0,0.015841584158415842,0.05401260078014202,1.0,-0.0,0,0
477,0.0,0.015841584158415842,0.05401260078014202,1.0,-0.0,0,0
478,0.0,0.03762376237623762,0.08771182015980238,1.0,-0.0,0,0
479,0.0,0.025742574257425748,0.08283762638951242,1.0,-0.0,0,0
480,0.0,0.025742574257425748,0.08283762638951242,1.0,-0.0,0,0
481,0.0,0.025742574257425748,0.08283762638951242,1.0,-0.0,0,0
482,0.0,0.025742574257425748,0.08283762638951242,1.0,-0.0,0,0
483,0.0,0.0039603960396039604,0.027863855998951068,1.0,-0.0,0,0
484,0.0,0.0,0.0,1.0,-0.0,0,0
485,0.0,0.0,0.0,1.0,-0.0,0,0
486,0.0,0.0,0.0,1.0,-0.0,0,0
487,0.0,0.007920792079207921,0.03900537743285587,1.0,-0.0,0,0
488,0.0,0.007920792079207921,0.03900537743285587,1.0,-0.0,0,0
489,0.2,0.10495049504950493,0.14513649268759363,0.256266922155892,0.5913074470824353,0,0
490,0.2,0.10495049504950493,0.14513649268759363,0.256266922155892,0.5913074470824353,0,0
491,0.2,0.10495049504950493,0.14513649268759363,0.256266922155892,0.5913074470824353,0,0
492,0.2,0.097029702970297,0.1396285351588451,0.23042168355485154,0.6374766545668977,0,0
493,0.2,0.097029702970297,0.1396285351588451,0.23042168355485154,0.6374766545668977,0,0
494,0.0,0.0,0.0,1.0,-0.0,0,0
495,0.0,0.0,0.0,1.0,-0.0,0,0
496,0.0,0.0,0.0,1.0,-0.0,0,0
497,0.0,0.007920792079207921,0.03900537743285587,1.0,-0.0,0,0
498,0.0,0.007920792079207921,0.03900537743285587,1.0,-0.0,0,0
