,foreground,bg_means,bg_stdev,pvals,minus_logs,regs,active
2,0.0,0.11683168316831682,0.15737280385192495,1.0,-0.0,0,0
3,0.2,0.3841584158415843,0.2724050105190914,1.0,-0.0,0,0
4,0.2,0.27326732673267323,0.2081940684087239,1.0,-0.0,0,0
5,0.2,0.2693069306930693,0.20379691612306708,1.0,-0.0,0,0
6,0.2,0.2693069306930693,0.20379691612306708,1.0,-0.0,0,0
7,0.2,0.2693069306930693,0.20379691612306708,1.0,-0.0,0,0
8,0.0,0.009900990099009901,0.04338396495090425,1.0,-0.0,0,0
9,0.0,0.0059405940594059415,0.033953323167291584,1.0,-0.0,0,0
10,0.0,0.009900990099009901,0.04338396495090424,1.0,-0.0,0,0
11,0.0,0.009900990099009901,0.04338396495090424,1.0,-0.0,0,0
12,0.0,0.023762376237623766,0.06471340450838887,1.0,-0.0,0,0
13,0.6,1.0495049504950495,0.4206604336879595,1.0,-0.0,0,0
14,0.6,1.0495049504950495,0.4206604336879595,1.0,-0.0,0,0
15,0.6,1.0455445544554456,0.41637871957379186,1.0,-0.0,0,0
16,0.6,1.0455445544554456,0.41637871957379186,1.0,-0.0,0,0
17,0.8,1.603960396039604,0.5332361117804887,1.0,-0.0,0,0
18,0.2,0.6574257425742573,0.3673147231897645,1.0,-0.0,0,0
19,0.2,0.6574257425742573,0.3673147231897645,1.0,-0.0,0,0
20,0.2,0.6574257425742573,0.3673147231897645,1.0,-0.0,0,0
21,0.2,0.8118811881188119,0.39282856682456263,1.0,-0.0,0,0
22,0.0,0.2594059405940594,0.23805241864790053,1.0,-0.0,0,0
23,0.0,0.17425742574257425,0.21371465446704224,1.0,-0.0,0,0
24,0.0,0.21188118811881188,0.22659211346323793,1.0,-0.0,0,0
25,0.0,0.29504950495049503,0.2603790981952711,1.0,-0.0,0,0
26,0.0,0.14257425742574256,0.14981608173764543,1.0,-0.0,0,0
27,0.2,0.21782178217821782,0.1931479910747968,1.0,-0.0,0,0
28,0.6,0.2495049504950495,0.20948960246238726,0.04715474740173932,1.326474577230178,0,0
29,0.6,0.22574257425742572,0.1859700100098835,0.02208567245422131,1.6558893730090944,0,0
30,0.6,0.14257425742574256,0.14981608173764543,0.0011318915526320986,2.9461951812304648,0,0
31,1.0,0.19999999999999998,0.17349066228760007,2.0017634766136725e-06,5.698587238979528,0,0
32,0.8,0.10297029702970295,0.14243667729389656,4.950119527610506e-07,6.305384314287654,0,0
33,4.2,0.689108910891089,0.31900246440558044,1.0000000000179075e-17,16.999999999992223,0,0
34,4.2,0.6831683168316832,0.30735837338398014,1.0000000000001289e-17,16.999999999999943,0,0
35,4.8,0.9465346534653465,0.37747581561392085,1.00000009081698e-17,16.99999996055869,1,0
36,4.4,0.8891089108910889,0.3598407211170817,1.0000086263126074e-17,16.999996253656192,0,0
37,4.4,0.8891089108910889,0.3598407211170817,1.0000086263126074e-17,16.999996253656192,0,0
38,0.6,0.27524752475247527,0.22838474598108227,0.0775198838908868,1.1105868864421327,0,0
39,0.6,0.299009900990099,0.23314256442682219,0.09834957185714994,1.0072275263443595,0,0
40,0.2,0.09900990099009901,0.15057319492752777,0.2512044409654827,0.5999726871093836,0,0
41,0.4,0.14653465346534655,0.17551302816760664,0.07434982958385354,1.128720022580855,0,0
42,0.4,0.14653465346534655,0.17551302816760664,0.07434982958385354,1.128720022580855,0,0
43,0.4,0.14257425742574256,0.17425742574257425,0.06980127278086992,1.1561366582268557,0,0
44,0.4,0.1089108910891089,0.15549283508436104,0.030600400595916087,1.5142728880459675,0,0
45,0.2,0.04554455445544554,0.10485704788018795,0.0703742141105956,1.1525864420068488,0,0
46,0.0,0.0,0.0,1.0,-0.0,0,0
47,0.0,0.0,0.0,1.0,-0.0,0,0
48,0.0,0.0,0.0,1.0,-0.0,0,0
49,0.0,0.0,0.0,1.0,-0.0,0,0
50,0.0,0.0,0.0,1.0,-0.0,0,0
51,0.0,0.0,0.0,1.0,-0.0,0,0
52,0.0,0.0,0.0,1.0,-0.0,0,0
53,0.0,0.0,0.0,1.0,-0.0,0,0
54,0.0,0.0,0.0,1.0,-0.0,0,0
55,0.0,0.025742574257425748,0.07264925278354116,1.0,-0.0,0,0
56,0.2,0.05346534653465347,0.10489443673781407,0.08121090620767592,1.0903856433234342,0,0
57,0.2,0.05346534653465347,0.10489443673781407,0.08121090620767592,1.0903856433234342,0,0
58,0.4,0.07722772277227724,0.1193059036149867,0.0034109297447418837,2.4671272257069816,0,0
59,0.4,0.07722772277227724,0.1193059036149867,0.0034109297447418837,2.4671272257069816,0,0
60,0.4,0.051485148514851496,0.096075322540263,0.000143080052081759,3.844420910437966,0,0
61,0.2,0.0297029702970297,0.08150144802873932,0.018331504659791168,1.7368018864493864,0,0
62,0.2,0.04554455445544555,0.09283729243351323,0.04808399917069303,1.3179994190099724,0,0
63,0.2,0.06930693069306931,0.10316052497133553,0.1025972572716999,0.9888642490457177,0,0
64,0.2,0.06930693069306931,0.10316052497133553,0.1025972572716999,0.9888642490457177,0,0
65,0.2,0.06930693069306931,0.10316052497133553,0.1025972572716999,0.9888642490457177,0,0
66,0.6,0.2415841584158416,0.21307151531852705,0.04627097385368852,1.334691359915873,0,0
67,0.6,0.22574257425742572,0.20997570125642082,0.03734327940408646,1.4277875459327194,0,0
68,0.4,0.18217821782178217,0.19108654387033375,0.12716155040000254,0.8956441856482595,0,0
69,0.4,0.18217821782178217,0.19108654387033375,0.12716155040000254,0.8956441856482595,0,0
70,0.4,0.18217821782178217,0.19108654387033375,0.12716155040000254,0.8956441856482595,0,0
71,0.0,0.0039603960396039604,0.02786385599895107,1.0,-0.0,0,0
72,0.0,0.0039603960396039604,0.02786385599895107,1.0,-0.0,0,0
73,0.0,0.0,0.0,1.0,-0.0,0,0
74,0.0,0.0,0.0,1.0,-0.0,0,0
75,0.4,0.057425742574257435,0.11021718851545144,0.0009412343369528337,3.026302237810157,0,0
76,0.4,0.057425742574257435,0.11021718851545144,0.0009412343369528337,3.026302237810157,0,0
77,0.4,0.057425742574257435,0.11021718851545144,0.0009412343369528337,3.026302237810157,0,0
78,0.4,0.057425742574257435,0.11021718851545144,0.0009412343369528337,3.026302237810157,1,0
79,0.4,0.057425742574257435,0.11021718851545144,0.0009412343369528337,3.026302237810157,0,0
80,0.0,0.0,0.0,1.0,-0.0,0,0
81,0.0,0.017821782178217824,0.05698017651460656,1.0,-0.0,0,0
82,0.0,0.017821782178217824,0.05698017651460656,1.0,-0.0,0,0
83,0.0,0.017821782178217824,0.05698017651460656,1.0,-0.0,0,0
84,0.0,0.017821782178217824,0.05698017651460656,1.0,-0.0,0,0
85,0.0,0.027722772277227727,0.06910862719451544,1.0,-0.0,0,0
86,0.0,0.009900990099009901,0.04338396495090424,1.0,-0.0,0,0
87,0.0,0.009900990099009901,0.04338396495090424,1.0,-0.0,0,0
88,0.0,0.011881188118811881,0.047276579747775535,1.0,-0.0,0,0
89,0.2,0.015841584158415842,0.05401260078014202,0.00032535620257014524,3.4876409094885674,0,0
90,0.2,0.0059405940594059415,0.033953323167291584,5.469865928325272e-09,8.262023318511561,0,0
91,0.2,0.12079207920792079,0.1666898653919601,0.31732884767233505,0.49849044534229325,0,0
92,0.2,0.12079207920792079,0.1666898653919601,0.31732884767233505,0.49849044534229325,0,0
93,0.2,0.304950495049505,0.263403555771034,1.0,-0.0,0,0
94,0.0,0.30099009900990104,0.2558213522331669,1.0,-0.0,0,0
95,0.0,0.31881188118811893,0.26577473946194563,1.0,-0.0,0,0
96,0.4,0.2693069306930693,0.22059441491696827,0.27677175106204144,0.5578782385792385,0,0
97,0.4,0.3237623762376237,0.23678896266903623,0.3737398202114835,0.42743062766065976,0,0
98,0.6,0.36831683168316837,0.2974913903635815,0.21805186478793354,0.6614401948715617,0,0
99,1.0,0.5386138613861386,0.33506916591425695,0.08425801681144791,1.0743887671173216,0,0
100,1.0,0.5188118811881188,0.3284264528145416,0.07144244833296375,1.1460436705910078,0,0
101,0.6,0.4980198019801979,0.317783224581952,0.37413884057733154,0.42696720393009036,0,0
102,0.8,0.5445544554455446,0.33195348819033843,0.22079171575056472,0.6560172256498658,0,0
103,0.6,0.31386138613861386,0.23590134830630385,0.11257278843926728,0.948566576259829,0,0
104,0.2,0.16831683168316827,0.16101822851688022,0.4220047084456208,0.3746827034446203,0,0
105,0.2,0.20198019801980194,0.179095747399525,1.0,-0.0,0,0
106,0.2,0.16831683168316827,0.17287933929280913,0.42729405778134905,0.36927314671173983,0,0
107,0.6,0.2396039603960396,0.22867643617032957,0.057511905807876615,1.2402422406768268,0,0
108,0.6,0.2396039603960396,0.22867643617032957,0.057511905807876615,1.2402422406768268,0,0
109,0.6,0.2158415841584158,0.2210383566316963,0.04110789728428379,1.3860747373083808,0,0
110,0.6,0.18217821782178217,0.19108654387033375,0.014387408667590541,1.842017420289161,0,0
111,0.6,0.17227722772277226,0.18885733097134835,0.011762690795983303,1.9294933190613337,0,0
112,0.0,0.19801980198019797,0.19999019679924906,1.0,-0.0,0,0
113,0.0,0.19801980198019797,0.19999019679924906,1.0,-0.0,0,0
114,0.2,0.2891089108910891,0.2328901453938876,1.0,-0.0,0,0
115,0.2,0.2891089108910891,0.2328901453938876,1.0,-0.0,0,0
116,2.4,0.5188118811881188,0.3173881252300646,1.541745991214866e-09,8.811987172135014,0,0
117,2.4,0.3534653465346535,0.26683489775612834,8.632211917660098e-15,14.063877906422842,0,0
118,2.4,0.3534653465346535,0.26683489775612834,8.632211917660098e-15,14.063877906422842,0,0
119,3.8,0.8811881188118809,0.38811881188118813,2.7312749329253092e-14,13.563634581133574,0,0
120,3.8,0.9029702970297029,0.3895809999902165,5.17938218465304e-14,13.285722041374092,0,0
121,1.6,0.673267326732673,0.3772991798436294,0.007020209358589527,2.153649936029114,0,0
122,1.6,0.6415841584158416,0.3563476238955086,0.0035773886101584888,2.4464338800689958,0,0
123,2.4,0.7683168316831682,0.3773095724720891,7.643182256782237e-06,5.116725784249766,0,0
124,0.8,0.17821782178217818,0.1799911771193242,0.00027564201858647913,3.5596545783127143,0,0
125,1.2,0.2891089108910891,0.2328901453938876,4.5910235587894244e-05,4.338090478650665,1,0
126,1.2,0.2891089108910891,0.2328901453938876,4.5910235587894244e-05,4.338090478650665,0,0
127,1.4,0.3940594059405941,0.2691467199632457,9.292305428985635e-05,4.031876523802595,0,0
128,0.6,0.2772277227722772,0.2469140982299618,0.09556815696980565,1.0196867892717851,0,0
129,2.0,1.0811881188118813,0.37882383671672243,0.0076450663088836876,2.116618743416161,0,0
130,1.6,0.9465346534653466,0.3580929566897686,0.03401195750317736,1.4683683722318248,0,0
131,4.2,1.504950495049505,0.5070544403415199,5.329681635756325e-08,7.273298732430035,0,0
132,4.0,1.401980198019802,0.49191084236434995,6.407044038208597e-08,7.1933422909160125,0,0
133,4.0,1.403960396039604,0.49230128263795114,6.700559015108856e-08,7.173888963411178,0,0
134,2.6,0.5900990099009901,0.3586291143816798,1.0448883063559328e-08,7.980930131108741,0,0
135,2.6,0.6118811881188118,0.36241410828462084,2.0584136209307815e-08,7.686467352975564,0,0
136,0.2,0.12574257425742574,0.14257425742574256,0.3012414400664398,0.5210852849472924,0,0
137,0.2,0.12574257425742574,0.14257425742574256,0.3012414400664398,0.5210852849472924,0,0
138,0.2,0.11287128712871287,0.13024224675172555,0.2517559433799804,0.5990202679574177,0,0
139,0.2,0.09306930693069307,0.12126186845461279,0.188938075772638,0.7236805120007752,0,0
140,0.2,0.0712871287128713,0.11110305060677654,0.12333004940280475,0.9089310945328979,0,0
141,0.0,0.0,0.0,1.0,-0.0,0,0
142,0.0,0.03762376237623762,0.08771182015980238,1.0,-0.0,0,0
143,0.0,0.06930693069306931,0.11409790329416189,1.0,-0.0,0,0
144,0.0,0.15841584158415842,0.15238521194115637,1.0,-0.0,0,0
145,0.0,0.15841584158415842,0.15238521194115637,1.0,-0.0,0,0
146,0.0,0.15841584158415842,0.15238521194115637,1.0,-0.0,0,0
147,0.0,0.9920792079207921,0.4554799814789729,1.0,-0.0,0,0
148,0.0,1.005940594059406,0.4704793810105632,1.0,-0.0,0,0
149,0.0,0.9168316831683166,0.4540400180667755,1.0,-0.0,0,0
150,0.0,0.9168316831683166,0.4540400180667755,1.0,-0.0,0,0
151,0.0,0.9168316831683166,0.4540400180667755,1.0,-0.0,0,0
152,0.0,0.04554455445544554,0.08846854615322249,1.0,-0.0,0,0
153,0.0,0.04356435643564356,0.08721867542790196,1.0,-0.0,0,0
154,0.0,0.04356435643564356,0.08721867542790196,1.0,-0.0,0,0
155,0.0,0.05544554455445544,0.09384550979067553,1.0,-0.0,0,0
156,0.0,0.12277227722772276,0.14615954128511635,1.0,-0.0,0,0
157,0.0,0.12277227722772276,0.14615954128511635,1.0,-0.0,0,0
158,0.0,0.07920792079207921,0.12921455921643918,1.0,-0.0,0,0
159,0.0,0.08118811881188118,0.12951766673875514,1.0,-0.0,0,0
160,0.0,0.06930693069306931,0.11751770396006173,1.0,-0.0,0,0
161,0.0,0.0019801980198019802,0.0198019801980198,1.0,-0.0,0,0
162,0.0,0.009900990099009901,0.04338396495090424,1.0,-0.0,0,0
163,0.0,0.009900990099009901,0.04338396495090424,1.0,-0.0,0,0
164,0.8,0.19999999999999998,0.19498667128857303,0.0010450087019708142,2.9808800930915194,0,0
165,0.8,0.19999999999999998,0.19498667128857303,0.0010450087019708142,2.9808800930915194,0,0
166,1.2,0.25940594059405936,0.21349436787237316,5.271921527029722e-06,5.278031062873761,0,0
167,1.2,0.25742574257425743,0.20935853687175557,3.362663308224286e-06,5.473316614903761,0,0
168,1.2,0.2653465346534653,0.21637684561818196,7.81691570300806e-06,5.106964571414487,0,0
169,0.4,0.07326732673267328,0.12177815335858849,0.0036480804115842447,2.4379355974482175,0,0
170,0.4,0.08910891089108913,0.13342479626077638,0.009900834933667288,2.0043281799686348,0,0
171,0.2,0.3564356435643564,0.2634184419535191,1.0,-0.0,0,0
172,0.2,0.3504950495049505,0.2539290313173932,1.0,-0.0,0,0
173,0.2,0.3544554455445545,0.2577606351726413,1.0,-0.0,0,0
174,0.2,0.3544554455445545,0.2577606351726413,1.0,-0.0,0,0
175,0.2,0.36633663366336633,0.2611009545366598,1.0,-0.0,0,0
176,0.0,0.039603960396039604,0.08908690597387718,1.0,-0.0,0,0
177,0.0,0.06930693069306931,0.11409790329416186,1.0,-0.0,0,0
178,0.0,0.09504950495049505,0.14238160801780242,1.0,-0.0,0,0
179,0.0,0.12673267326732673,0.17285665618055598,1.0,-0.0,0,0
180,0.0,0.09900990099009901,0.15318082856090073,1.0,-0.0,0,0
181,0.0,0.10891089108910891,0.16295477712032463,1.0,-0.0,0,0
182,0.0,0.07920792079207921,0.13520562388207177,1.0,-0.0,0,0
183,0.0,0.1801980198019802,0.17004355992893858,1.0,-0.0,0,0
184,0.0,0.1564356435643564,0.160701335170483,1.0,-0.0,0,0
185,0.0,0.1564356435643564,0.160701335170483,1.0,-0.0,0,0
186,0.0,0.1465346534653465,0.1564231101634178,1.0,-0.0,0,0
187,0.0,0.1465346534653465,0.1564231101634178,1.0,-0.0,0,0
188,0.0,0.007920792079207921,0.03900537743285587,1.0,-0.0,0,0
189,0.0,0.0,0.0,1.0,-0.0,0,0
190,0.0,0.1287128712871287,0.15307840071356582,1.0,-0.0,0,0
191,0.0,0.13663366336633662,0.15397233406965347,1.0,-0.0,0,0
192,0.0,0.15049504950495052,0.15261662469701143,1.0,-0.0,0,0
193,0.0,0.15049504950495052,0.15261662469701143,1.0,-0.0,0,0
194,0.0,0.16237623762376235,0.1609695163002105,1.0,-0.0,0,0
195,0.0,0.031683168316831684,0.08316831683168317,1.0,-0.0,0,0
196,0.0,0.025742574257425745,0.07791016068477624,1.0,-0.0,0,0
197,0.0,0.011881188118811883,0.047276579747775535,1.0,-0.0,0,0
198,0.0,0.011881188118811883,0.047276579747775535,1.0,-0.0,0,0
199,0.0,0.0,0.0,1.0,-0.0,0,0
200,0.0,0.0,0.0,1.0,-0.0,0,0
201,0.0,0.09504950495049505,0.12457948087149175,1.0,-0.0,0,0
202,0.0,0.09504950495049505,0.12457948087149175,1.0,-0.0,0,0
203,0.0,0.44752475247524753,0.28859305666909596,1.0,-0.0,0,0
204,0.0,0.44752475247524753,0.28859305666909596,1.0,-0.0,0,0
205,0.0,0.44752475247524753,0.28859305666909596,1.0,-0.0,0,0
206,0.0,0.37425742574257426,0.2635077413883528,1.0,-0.0,0,0
207,0.0,0.37425742574257426,0.2635077413883528,1.0,-0.0,0,0
208,0.0,0.021782178217821784,0.06230547612891991,1.0,-0.0,0,0
209,0.0,0.021782178217821784,0.06230547612891991,1.0,-0.0,0,0
210,0.0,0.021782178217821784,0.06230547612891991,1.0,-0.0,0,0
211,0.4,0.8613861386138614,0.4673435137111266,1.0,-0.0,0,0
212,0.4,0.8732673267326733,0.46647850525308315,1.0,-0.0,0,0
213,0.4,0.891089108910891,0.46800588341503485,1.0,-0.0,0,0
214,0.4,0.891089108910891,0.46800588341503485,1.0,-0.0,0,0
215,0.4,0.891089108910891,0.46800588341503485,1.0,-0.0,0,0
216,0.0,0.02970297029702971,0.07648795214189293,1.0,-0.0,0,0
217,0.0,0.01782178217821782,0.06355170905299491,1.0,-0.0,0,0
218,0.0,0.0,0.0,1.0,-0.0,0,0
219,2.6,0.9742574257425741,0.4429097007731009,0.00012099278268006847,3.917240534937307,0,0
220,2.6,0.9742574257425741,0.4429097007731009,0.00012099278268006847,3.917240534937307,0,0
221,2.6,0.9742574257425741,0.4429097007731009,0.00012099278268006847,3.917240534937307,0,0
222,3.0,1.1564356435643564,0.47395864831617396,5.0180881485122624e-05,4.299461714070387,0,0
223,3.0,1.1564356435643564,0.47395864831617396,5.0180881485122624e-05,4.299461714070387,0,0
224,0.4,0.18415841584158413,0.18170407519927864,0.11744148654350768,0.930178460207666,0,0
225,0.4,0.18415841584158413,0.18170407519927864,0.11744148654350768,0.930178460207666,0,0
226,0.4,0.2613861386138614,0.22992478194491442,0.2732988777891012,0.5633621515894522,0,0
227,0.0,0.11683168316831682,0.15737280385192495,1.0,-0.0,0,0
228,0.0,0.14851485148514848,0.1726977909735853,1.0,-0.0,0,0
229,0.0,0.14851485148514848,0.1726977909735853,1.0,-0.0,0,0
230,0.0,0.14851485148514848,0.1726977909735853,1.0,-0.0,0,0
231,0.0,0.08316831683168317,0.12978985828256587,1.0,-0.0,0,0
232,0.0,0.04356435643564357,0.09991664009142864,1.0,-0.0,0,0
233,0.0,0.0712871287128713,0.1213265242141813,1.0,-0.0,0,0
234,0.0,0.08712871287128714,0.13618810981425267,1.0,-0.0,0,0
235,0.0,0.08712871287128714,0.13618810981425267,1.0,-0.0,0,0
236,0.0,0.07326732673267328,0.12811743461086583,1.0,-0.0,0,0
237,0.0,0.08514851485148517,0.13304219431477882,1.0,-0.0,0,0
238,0.0,0.02772277227722772,0.07461957893630407,1.0,-0.0,0,0
239,0.0,0.011881188118811881,0.05501958015623684,1.0,-0.0,0,0
240,0.0,0.18217821782178217,0.17142156917092394,1.0,-0.0,0,0
241,0.0,0.18217821782178217,0.17142156917092394,1.0,-0.0,0,0
242,0.0,0.17029702970297025,0.16503498246348225,1.0,-0.0,0,0
243,0.0,0.19999999999999998,0.17119267125980983,1.0,-0.0,0,0
244,0.0,0.19999999999999998,0.17119267125980983,1.0,-0.0,0,0
245,0.0,0.10891089108910891,0.1529246303073887,1.0,-0.0,0,0
246,0.0,0.10891089108910891,0.1529246303073887,1.0,-0.0,0,0
247,0.0,0.10891089108910891,0.1529246303073887,1.0,-0.0,1,0
248,0.0,0.3108910891089109,0.22773138167109017,1.0,-0.0,0,0
249,0.0,0.3108910891089109,0.22773138167109017,1.0,-0.0,0,0
250,0.0,0.2693069306930693,0.22059441491696832,1.0,-0.0,0,0
251,0.0,0.2693069306930693,0.22059441491696832,1.0,-0.0,0,0
252,0.0,0.2693069306930693,0.22059441491696832,1.0,-0.0,0,0
253,0.0,0.03762376237623763,0.08307396817189318,1.0,-0.0,0,0
254,0.0,0.03762376237623763,0.08307396817189318,1.0,-0.0,0,0
255,0.0,0.0,0.0,1.0,-0.0,0,0
256,0.0,0.0,0.0,1.0,-0.0,0,0
257,0.0,0.0,0.0,1.0,-0.0,0,0
258,0.0,0.0,0.0,1.0,-0.0,0,0
259,0.0,0.0,0.0,1.0,-0.0,0,0
260,0.0,0.011881188118811881,0.047276579747775535,1.0,-0.0,0,0
261,0.0,0.011881188118811881,0.047276579747775535,1.0,-0.0,0,0
262,0.0,0.011881188118811881,0.047276579747775535,1.0,-0.0,0,0
263,0.0,0.025742574257425745,0.07264925278354116,1.0,-0.0,0,0
264,0.0,0.025742574257425745,0.07264925278354116,1.0,-0.0,0,0
265,0.0,0.18613861386138614,0.1717871714399709,1.0,-0.0,0,0
266,0.0,0.2099009900990099,0.19574936009912708,1.0,-0.0,0,0
267,0.0,0.2099009900990099,0.19574936009912708,1.0,-0.0,0,0
268,0.0,0.19603960396039602,0.1866435115714563,1.0,-0.0,0,0
269,0.0,0.19603960396039602,0.1866435115714563,1.0,-0.0,0,0
270,0.0,0.023762376237623766,0.06471340450838889,1.0,-0.0,0,0
271,0.0,0.0,0.0,1.0,-0.0,0,0
272,0.0,0.0,0.0,1.0,-0.0,0,0
273,0.0,0.0,0.0,1.0,-0.0,0,0
274,0.0,0.021782178217821784,0.06836703565002801,1.0,-0.0,0,0
275,0.0,0.05940594059405942,0.10357779667819422,1.0,-0.0,0,0
276,0.2,0.08712871287128712,0.11745095149573799,0.16827410880590205,0.7739827008259124,0,0
277,0.2,0.08712871287128712,0.11745095149573799,0.16827410880590205,0.7739827008259124,0,0
278,0.2,0.08712871287128712,0.11745095149573799,0.16827410880590205,0.7739827008259124,0,0
279,0.2,0.0712871287128713,0.10372911567294095,0.10732951799335329,0.9692808210103285,0,0
280,0.2,0.033663366336633666,0.07994704648786674,0.018735949469970602,1.7273242935431963,0,0
281,0.0,0.0059405940594059415,0.033953323167291584,1.0,-0.0,0,0
282,0.0,0.0059405940594059415,0.033953323167291584,1.0,-0.0,0,0
283,0.0,0.02970297029702971,0.07648795214189293,1.0,-0.0,0,0
284,0.0,0.023762376237623766,0.07056843438101174,1.0,-0.0,0,0
285,0.0,0.10693069306930694,0.13069306930693073,1.0,-0.0,0,0
286,0.0,0.10693069306930694,0.13069306930693073,1.0,-0.0,0,0
287,0.0,0.1900990099009901,0.18748198619476633,1.0,-0.0,0,0
288,0.0,0.17227722772277224,0.17806373977319875,1.0,-0.0,0,0
289,0.0,0.17227722772277224,0.17806373977319875,1.0,-0.0,0,0
290,0.0,0.19405940594059404,0.18120705414231045,1.0,-0.0,0,0
291,0.0,0.3386138613861387,0.2544535192745982,1.0,-0.0,0,0
292,0.0,0.2831683168316832,0.21848683352073975,1.0,-0.0,0,0
293,0.0,0.27722772277227725,0.21428268001455505,1.0,-0.0,0,0
294,0.2,1.0455445544554456,0.44931735955676017,1.0,-0.0,0,0
295,0.2,0.9405940594059405,0.4189043270392824,1.0,-0.0,0,0
296,0.2,0.8198019801980198,0.40638951270386253,1.0,-0.0,0,0
297,0.2,0.794059405940594,0.3984678036307829,1.0,-0.0,0,0
298,0.2,0.794059405940594,0.3984678036307829,1.0,-0.0,0,0
299,0.0,0.03564356435643565,0.08626938974571076,1.0,-0.0,0,0
300,0.0,0.03564356435643565,0.08626938974571076,1.0,-0.0,0,0
301,0.0,0.009900990099009901,0.04338396495090424,1.0,-0.0,0,0
302,0.0,0.009900990099009901,0.04338396495090424,1.0,-0.0,0,0
303,0.0,0.009900990099009901,0.04338396495090424,1.0,-0.0,0,0
304,0.0,0.023762376237623766,0.06471340450838887,1.0,-0.0,0,0
305,0.6,0.5722772277227722,0.34357434287994176,0.46784452431286105,0.3298984491723743,0,0
306,0.6,0.6653465346534653,0.37454543897146575,1.0,-0.0,0,0
307,0.6,0.6653465346534653,0.37454543897146575,1.0,-0.0,0,0
308,0.6,0.6732673267326731,0.37307687448968513,1.0,-0.0,0,0
309,0.6,0.6633663366336632,0.37541337540254766,1.0,-0.0,0,0
310,0.0,0.11485148514851483,0.15246238855382302,1.0,-0.0,0,0
311,0.0,0.021782178217821784,0.06836703565002801,1.0,-0.0,0,0
312,0.0,0.021782178217821784,0.06836703565002801,1.0,-0.0,0,0
313,0.0,0.09900990099009897,0.1308729634998678,1.0,-0.0,0,0
314,0.0,0.15247524752475247,0.1466416521312762,1.0,-0.0,0,0
315,0.0,0.15247524752475247,0.1466416521312762,1.0,-0.0,0,0
316,0.0,0.291089108910891,0.2078170415357492,1.0,-0.0,0,0
317,0.0,0.291089108910891,0.2078170415357492,1.0,-0.0,0,0
318,0.0,0.20594059405940596,0.1938774657314743,1.0,-0.0,0,0
319,0.0,0.1396039603960396,0.1653554275192013,1.0,-0.0,0,0
320,0.0,0.1396039603960396,0.1653554275192013,1.0,-0.0,0,0
321,0.0,0.019801980198019806,0.059735061897023184,1.0,-0.0,0,0
322,0.0,0.0297029702970297,0.07648795214189293,1.0,-0.0,0,0
323,0.2,0.7504950495049505,0.35866191432513955,1.0,-0.0,0,0
324,0.4,1.3564356435643565,0.493605815711073,1.0,-0.0,0,0
325,0.4,1.3643564356435645,0.49424092381693185,1.0,-0.0,0,0
326,1.4,2.281188118811881,0.6535073493851631,1.0,-0.0,0,0
327,1.4,2.3554455445544558,0.6567961914731345,1.0,-0.0,0,0
328,1.2,1.6356435643564358,0.5131120655037388,1.0,-0.0,0,0
329,1.0,1.0277227722772277,0.44412976693469103,1.0,-0.0,0,0
330,1.0,1.0316831683168317,0.44653355579325477,1.0,-0.0,0,0
331,0.0,0.11089108910891088,0.13636075485692528,1.0,-0.0,0,0
332,0.0,0.0613861386138614,0.10806149425459212,1.0,-0.0,0,0
333,0.0,0.1584158415841584,0.18945849187904937,1.0,-0.0,0,0
334,1.6,1.0237623762376238,0.46098227341865844,0.10564589792637381,0.9761473612953064,0,0
335,1.6,1.0118811881188117,0.4588593539155719,0.0999744197766624,1.00011110770982,0,0
336,1.6,1.2673267326732673,0.4876918583401867,0.24757577033831007,0.606291860957553,0,0
337,1.6,1.2514851485148515,0.4863714632608321,0.23682248931474825,0.6255770581926466,0,0
338,1.8,1.2534653465346535,0.49623620143135316,0.1353700252127008,0.8684774901994676,0,0
339,0.2,0.3900990099009901,0.2861506044286143,1.0,-0.0,0,0
340,0.2,0.7603960396039605,0.42029673815427965,1.0,-0.0,0,0
341,0.2,0.48712871287128706,0.33230767275762807,1.0,-0.0,0,0
342,0.2,0.4693069306930692,0.3164601782332352,1.0,-0.0,0,0
343,0.0,0.37029702970297035,0.2861643073188138,1.0,-0.0,0,0
344,0.0,0.38019801980198026,0.28908178361813325,1.0,-0.0,0,0
345,0.2,0.04356435643564357,0.09587103712404124,0.05136819286808971,1.289305712477369,0,0
346,0.2,0.04356435643564357,0.09587103712404124,0.05136819286808971,1.289305712477369,0,0
347,0.2,0.04356435643564357,0.09587103712404124,0.05136819286808971,1.289305712477369,0,0
348,0.2,0.04356435643564357,0.09587103712404124,0.05136819286808971,1.289305712477369,0,0
349,0.2,0.033663366336633666,0.07994704648786674,0.018735949469970602,1.7273242935431963,0,0
350,0.0,0.14653465346534653,0.17324186517306459,1.0,-0.0,0,0
351,0.0,0.16831683168316827,0.17287933929280913,1.0,-0.0,0,0
352,0.0,0.16831683168316827,0.17287933929280913,1.0,-0.0,0,0
353,0.2,0.5722772277227722,0.3018486972244155,1.0,-0.0,0,0
354,0.2,0.5801980198019802,0.31022821429807745,1.0,-0.0,0,0
355,0.2,0.4673267326732674,0.281828861380708,1.0,-0.0,0,0
356,0.2,1.388118811881188,0.4749751694839543,1.0,-0.0,0,0
357,0.2,1.388118811881188,0.4749751694839543,1.0,-0.0,0,0
358,0.0,1.0158415841584156,0.39167896362708254,1.0,-0.0,0,0
359,0.0,1.1257425742574256,0.42558136482748243,1.0,-0.0,0,0
360,0.0,1.0920792079207917,0.4216148043309862,1.0,-0.0,0,0
361,0.6,0.5158415841584157,0.2886406081046036,0.38530840496666396,0.4141915173539077,0,0
362,0.6,0.5782178217821782,0.321999926325568,0.4730335066411028,0.3251080955540492,0,0
363,1.6,1.3247524752475246,0.46828229207191957,0.27833958425600086,0.5554250257843092,0,0
364,1.6,1.2079207920792079,0.4666465935063233,0.2003964833652096,0.6981099039050149,0,0
365,1.6,1.2079207920792079,0.4666465935063233,0.2003964833652096,0.6981099039050149,1,0
366,1.0,0.8415841584158414,0.40620614352342443,0.3482724188659695,0.4580809177571197,0,0
367,1.0,0.7792079207920791,0.38339722484189814,0.28234701433368037,0.5492168003310798,0,0
368,0.0,0.009900990099009901,0.04338396495090424,1.0,-0.0,0,0
369,0.0,0.009900990099009901,0.04338396495090424,1.0,-0.0,0,0
370,0.0,0.08316831683168316,0.13280619910579972,1.0,-0.0,0,0
371,0.0,0.09504950495049505,0.13957235791450376,1.0,-0.0,0,0
372,0.0,0.09504950495049505,0.13957235791450376,1.0,-0.0,0,0
373,0.0,0.08514851485148514,0.13304219431477882,1.0,-0.0,0,0
374,0.0,0.09702970297029702,0.14519051706790778,1.0,-0.0,0,0
375,0.0,0.023762376237623766,0.07056843438101174,1.0,-0.0,0,0
376,0.0,0.011881188118811883,0.047276579747775535,1.0,-0.0,0,0
377,0.0,0.011881188118811883,0.047276579747775535,1.0,-0.0,0,0
378,0.0,0.10495049504950493,0.13670539084430264,1.0,-0.0,0,0
379,0.0,0.09306930693069305,0.13368903310588712,1.0,-0.0,0,0
380,0.0,0.33663366336633666,0.23535217860833296,1.0,-0.0,0,0
381,0.0,0.33663366336633666,0.23535217860833296,1.0,-0.0,0,0
382,0.0,0.34851485148514855,0.23488520953993997,1.0,-0.0,0,0
383,0.0,0.25346534653465347,0.21780377963410025,1.0,-0.0,0,0
384,0.0,0.25346534653465347,0.21780377963410025,1.0,-0.0,0,0
385,0.0,0.011881188118811881,0.047276579747775535,1.0,-0.0,0,0
386,0.0,0.11683168316831682,0.149632756335149,1.0,-0.0,0,0
387,0.0,0.12079207920792079,0.14913402284168503,1.0,-0.0,0,0
388,0.0,0.12079207920792079,0.14913402284168503,1.0,-0.0,0,0
389,0.0,0.2059405940594059,0.18974802582007907,1.0,-0.0,0,0
390,0.0,0.20792079207920788,0.1927822186435128,1.0,-0.0,0,0
391,0.0,0.100990099009901,0.13386490123687583,1.0,-0.0,0,0
392,0.0,0.08514851485148514,0.1269490726718781,1.0,-0.0,0,0
393,0.0,0.1188118811881188,0.15202453637757812,1.0,-0.0,0,0
394,0.0,0.11089108910891088,0.1420507440353343,1.0,-0.0,0,0
395,0.0,0.10891089108910891,0.14218869759220787,1.0,-0.0,0,0
396,0.0,0.12277227722772277,0.15913204437912432,1.0,-0.0,0,0
397,0.0,0.12277227722772277,0.15913204437912432,1.0,-0.0,0,0
398,0.0,0.10297029702970295,0.14519051706790778,1.0,-0.0,0,0
399,0.0,0.027722772277227727,0.07461957893630407,1.0,-0.0,0,0
400,0.0,0.027722772277227727,0.07461957893630407,1.0,-0.0,0,0
401,0.0,0.013861386138613863,0.05079507064705211,1.0,-0.0,0,0
402,0.0,0.013861386138613863,0.05079507064705211,1.0,-0.0,0,0
403,0.0,0.0,0.0,1.0,-0.0,0,0
404,0.0,0.0,0.0,1.0,-0.0,0,0
405,0.0,0.0,0.0,1.0,-0.0,0,0
406,0.0,0.0,0.0,1.0,-0.0,0,0
407,0.0,0.4435643564356435,0.25733433258999144,1.0,-0.0,0,0
408,0.0,0.4435643564356435,0.25733433258999144,1.0,-0.0,0,0
409,0.0,0.8871287128712869,0.40238481319309544,1.0,-0.0,0,0
410,0.0,0.8871287128712869,0.40238481319309544,1.0,-0.0,0,0
411,0.0,0.8871287128712869,0.40238481319309544,1.0,-0.0,0,0
412,0.0,0.4435643564356435,0.3039071775903334,1.0,-0.0,0,0
413,0.0,0.4435643564356435,0.3039071775903334,1.0,-0.0,0,0
414,0.2,0.021782178217821784,0.06836703565002801,0.0045699030283054085,2.3400930154046975,0,0
415,0.2,0.021782178217821784,0.06836703565002801,0.0045699030283054085,2.3400930154046975,0,0
416,0.2,0.021782178217821784,0.06836703565002801,0.0045699030283054085,2.3400930154046975,0,0
417,0.2,0.021782178217821784,0.06836703565002801,0.0045699030283054085,2.3400930154046975,0,0
418,0.2,0.021782178217821784,0.06836703565002801,0.0045699030283054085,2.3400930154046975,0,0
419,1.6,0.5148514851485149,0.29429766658470174,0.00011334615296210161,3.945593215508207,0,0
420,1.6,0.5524752475247525,0.32230422237934236,0.0005767982603784698,3.238976058117286,0,0
421,2.0,0.689108910891089,0.3417778185420006,6.265286284840759e-05,4.203059079644141,0,0
422,2.0,0.7178217821782178,0.3516287532605889,0.0001329712277461891,3.876242321310087,0,0
423,2.0,0.7178217821782178,0.3516287532605889,0.0001329712277461891,3.876242321310087,0,0
424,0.4,0.20198019801980197,0.18561121830416616,0.14301921170685106,0.844605620032446,0,0
425,0.4,0.20000000000000004,0.1866855247428543,0.14201270842187713,0.8476727897680927,0,0
426,0.0,0.061386138613861385,0.10046456153636296,1.0,-0.0,0,0
427,0.0,0.033663366336633666,0.07994704648786674,1.0,-0.0,0,0
428,0.0,0.10495049504950496,0.1423816080178024,1.0,-0.0,0,0
429,0.0,0.10495049504950496,0.1423816080178024,1.0,-0.0,0,0
430,0.0,0.0712871287128713,0.11461224656227947,1.0,-0.0,0,0
431,0.0,0.0712871287128713,0.11461224656227947,1.0,-0.0,0,0
432,0.0,0.0712871287128713,0.11461224656227947,1.0,-0.0,1,0
433,0.0,0.031683168316831684,0.08316831683168317,1.0,-0.0,0,0
434,0.0,0.031683168316831684,0.08316831683168317,1.0,-0.0,0,0
435,0.0,0.039603960396039604,0.09342674148186496,1.0,-0.0,0,0
436,0.0,0.039603960396039604,0.09342674148186496,1.0,-0.0,0,0
437,0.0,0.047524752475247525,0.09809478080396704,1.0,-0.0,0,0
438,0.0,0.015841584158415842,0.05401260078014202,1.0,-0.0,0,0
439,0.0,0.061386138613861385,0.11166631429601336,1.0,-0.0,0,0
440,0.0,0.1108910891089109,0.16038381569359672,1.0,-0.0,0,0
441,0.0,0.1108910891089109,0.16038381569359672,1.0,-0.0,0,0
442,0.0,0.13663366336633662,0.18005652153139493,1.0,-0.0,0,0
443,0.2,0.38019801980198026,0.24777017536027013,1.0,-0.0,0,0
444,0.2,0.36831683168316826,0.25443810858995364,1.0,-0.0,0,0
445,0.2,0.3603960396039604,0.2595041760936765,1.0,-0.0,0,0
446,0.2,0.3722772277227723,0.2579887217894075,1.0,-0.0,0,0
447,0.2,0.3643564356435644,0.2660991248402758,1.0,-0.0,0,0
448,0.0,0.12178217821782175,0.13759170507754623,1.0,-0.0,0,0
449,0.0,0.09900990099009899,0.12467387119760155,1.0,-0.0,0,0
450,0.2,0.3564356435643564,0.2794676132369334,1.0,-0.0,0,0
451,0.2,0.37425742574257426,0.2906644710350511,1.0,-0.0,0,0
452,0.2,0.3643564356435644,0.2791728086903304,1.0,-0.0,0,0
453,0.2,0.3643564356435644,0.2791728086903304,1.0,-0.0,0,0
454,0.2,0.3524752475247525,0.2701646213971061,1.0,-0.0,0,0
455,0.0,0.06732673267326732,0.13867042693078493,1.0,-0.0,0,0
456,0.0,0.03762376237623762,0.10034740165797963,1.0,-0.0,0,0
457,0.0,0.021782178217821784,0.06836703565002801,1.0,-0.0,0,0
458,0.0,0.04356435643564357,0.09587103712404124,1.0,-0.0,0,0
459,0.0,0.06732673267326733,0.12032045569079852,1.0,-0.0,0,0
460,0.0,0.04554455445544555,0.10856831811384396,1.0,-0.0,0,0
461,0.0,0.04554455445544555,0.10856831811384396,1.0,-0.0,0,0
462,0.0,0.04554455445544555,0.10856831811384396,1.0,-0.0,0,0
463,0.0,0.8594059405940594,0.3781607960742118,1.0,-0.0,0,0
464,0.0,0.8594059405940594,0.3718240342419474,1.0,-0.0,0,0
465,0.0,0.8594059405940594,0.3718240342419474,1.0,-0.0,0,0
466,0.0,0.8594059405940594,0.3718240342419474,1.0,-0.0,0,0
467,0.0,1.0079207920792077,0.38580843969766504,1.0,-0.0,0,0
468,0.0,0.23366336633663365,0.18683249644342295,1.0,-0.0,0,0
469,0.4,0.9485148514851485,0.501604131985551,1.0,-0.0,0,0
470,0.4,0.9485148514851485,0.501604131985551,1.0,-0.0,0,0
471,0.4,0.9485148514851485,0.501604131985551,1.0,-0.0,1,0
472,0.4,0.7999999999999998,0.4650135737399245,1.0,-0.0,0,0
473,0.4,0.7366336633663364,0.4341197471969937,1.0,-0.0,0,0
474,0.2,0.025742574257425748,0.07264925278354116,0.008228653963589683,2.084671200510097,0,0
475,0.2,0.3722772277227724,0.27145329882287195,1.0,-0.0,0,0
476,0.6,0.887128712871287,0.437287626833314,1.0,-0.0,0,0
477,0.6,0.887128712871287,0.437287626833314,1.0,-0.0,0,0
478,0.6,0.8970297029702972,0.4410732737098224,1.0,-0.0,0,0
479,0.4,0.8712871287128713,0.4328895850036438,1.0,-0.0,1,0
480,0.4,0.5247524752475248,0.3340142703402099,1.0,-0.0,0,0
481,1.0,0.8574257425742575,0.3913284140643912,0.35780429632591837,0.446354448957476,0,0
482,1.2,0.8673267326732675,0.38821982924628873,0.1957445983295346,0.7083102136789295,0,0
483,1.4,0.8801980198019804,0.3970235302352182,0.0952252993868259,1.0212476532499297,0,0
484,1.4,0.8801980198019804,0.3970235302352182,0.0952252993868259,1.0212476532499297,0,0
485,1.4,0.8801980198019804,0.3970235302352182,0.0952252993868259,1.0212476532499297,0,0
486,0.4,0.031683168316831684,0.07826167463512675,1.2617472219627355e-06,5.899027642796046,0,0
487,0.2,0.021782178217821784,0.06230547612891991,0.002115616449879084,2.6745630648030154,0,0
488,0.0,0.0,0.0,1.0,-0.0,0,0
489,0.0,0.0,0.0,1.0,-0.0,0,0
490,0.0,0.05346534653465347,0.10489443673781407,1.0,-0.0,0,0
491,0.0,0.07722772277227724,0.12576985749069639,1.0,-0.0,0,0
492,0.4,0.14455445544554454,0.16439221845954266,0.06010669275608674,1.221077167511275,0,0
493,0.6,0.17029702970297025,0.1916807135101792,0.01248830656441086,1.903496448703021,0,0
494,0.6,0.17029702970297025,0.1916807135101792,0.01248830656441086,1.903496448703021,0,0
495,0.6,0.11485148514851487,0.15503825054307632,0.0008763605127481947,3.0573171992102743,0,0
496,0.6,0.09108910891089109,0.13937555924568534,0.00013042564146007788,3.884637018650923,0,0
497,0.4,0.0712871287128713,0.11461224656227947,0.0020650958502956155,2.6850597859986665,0,0
498,0.2,0.04554455445544555,0.09283729243351321,0.04808399917069303,1.3179994190099724,0,0
499,1.0,0.4940594059405941,0.32021706195636096,0.05705427851329051,1.2437117821828374,0,0
500,1.0,0.4940594059405941,0.32021706195636096,0.05705427851329051,1.2437117821828374,0,0
501,1.8,1.0415841584158416,0.4032706205668974,0.030008937458643324,1.5227493815833912,0,0
502,1.8,1.1544554455445546,0.42671314650598596,0.06516139191187709,1.1860096473041188,0,0
503,2.0,1.5603960396039607,0.4923331416434941,0.18595552769993157,0.7305909073082526,0,0
504,1.4,1.5326732673267325,0.536418063445215,1.0,-0.0,0,0
505,2.0,1.6653465346534653,0.5699462617649778,0.27854587752013116,0.5551032647166815,0,0
506,1.2,1.117821782178218,0.45996040285964185,0.4291008950540167,0.3674405795791551,0,0
507,1.2,1.2574257425742577,0.4567093957962842,1.0,-0.0,0,0
508,1.0,1.376237623762376,0.485257615536261,1.0,-0.0,0,0
509,0.8,0.9564356435643564,0.4093984579152658,1.0,-0.0,0,0
510,0.2,0.8217821782178216,0.3603089874192113,1.0,-0.0,0,0
511,0.4,0.9386138613861386,0.3666736474963233,1.0,-0.0,0,0
512,0.2,0.6396039603960395,0.33421378345846564,1.0,-0.0,0,0
513,0.2,0.11485148514851484,0.15246238855382302,0.288255373496372,0.5402225880815854,0,0
514,0.2,0.11485148514851484,0.15246238855382302,0.288255373496372,0.5402225880815854,0,0
515,0.6,0.35445544554455455,0.2726927522392398,0.18394200528889576,0.735319083257531,0,0
516,0.4,0.2376237623762376,0.2119459510536183,0.22180216328147934,0.6540342224040467,0,0
517,0.4,0.2891089108910891,0.23458452427538118,0.31820907431854994,0.49728743980483214,0,0
518,0.4,0.5277227722772277,0.2998741689512381,1.0,-0.0,0,0
519,0.4,0.5663366336633664,0.31094784119704616,1.0,-0.0,0,0
520,0.0,0.3267326732673268,0.26509519646701135,1.0,-0.0,0,0
521,0.0,0.3267326732673268,0.26509519646701135,1.0,-0.0,0,0
522,0.0,0.40594059405940597,0.27640613760656213,1.0,-0.0,0,0
523,0.4,0.298019801980198,0.24291146495359453,0.337306812205447,0.47197488776614915,0,0
524,0.4,0.2594059405940594,0.22610705333684253,0.2670356844418584,0.5734306992322034,0,0
525,0.4,0.2594059405940594,0.22610705333684253,0.2670356844418584,0.5734306992322034,0,0
526,0.4,0.2594059405940594,0.22610705333684253,0.2670356844418584,0.5734306992322034,0,0
527,0.4,0.12970297029702968,0.14994689122885188,0.0357240802598056,1.4470389435932012,0,0
528,0.0,0.06336633663366337,0.10504385908811757,1.0,-0.0,0,0
529,0.0,0.06336633663366337,0.10504385908811757,1.0,-0.0,0,0
530,0.2,0.1485148514851485,0.16326729671147558,0.3762507376661025,0.42452263993230954,0,0
531,0.2,0.15445544554455443,0.166218722942046,0.39204086748793565,0.40666865849130684,0,0
532,0.2,0.15445544554455443,0.166218722942046,0.39204086748793565,0.40666865849130684,0,0
533,0.2,0.09702970297029702,0.1367627457412436,0.22575143212025228,0.6463694859316208,0,0
534,0.2,0.27128712871287125,0.19208941485588554,1.0,-0.0,0,0
535,0.0,0.20792079207920788,0.20083152306547483,1.0,-0.0,0,0
536,0.0,0.20198019801980197,0.19190560696373415,1.0,-0.0,0,0
537,0.0,0.48514851485148514,0.3035715253653508,1.0,-0.0,0,0
538,0.0,0.49504950495049505,0.3012765702916269,1.0,-0.0,0,0
539,0.0,0.3217821782178218,0.24357240588807852,1.0,-0.0,0,0
540,0.0,0.30099009900990104,0.23314256442682219,1.0,-0.0,0,0
541,0.0,0.30099009900990104,0.23314256442682219,1.0,-0.0,0,0
542,0.0,0.017821782178217824,0.05698017651460656,1.0,-0.0,0,0
543,0.0,0.041584158415841586,0.09877199139279148,1.0,-0.0,0,0
544,0.0,0.0891089108910891,0.13042276277287215,1.0,-0.0,0,0
545,0.0,0.11089108910891088,0.1420507440353343,1.0,-0.0,0,0
546,0.0,0.11089108910891088,0.1420507440353343,1.0,-0.0,0,0
547,0.0,0.11089108910891088,0.1420507440353343,1.0,-0.0,0,0
548,0.0,0.08514851485148514,0.12379009590564582,1.0,-0.0,0,0
549,0.0,0.03762376237623763,0.08307396817189318,1.0,-0.0,0,0
550,0.0,0.3643564356435644,0.2539135888001947,1.0,-0.0,0,0
551,0.0,0.7524752475247524,0.38398485412734207,1.0,-0.0,0,0
552,0.0,0.7524752475247524,0.38398485412734207,1.0,-0.0,0,0
553,0.0,0.7366336633663365,0.3732975274701034,1.0,-0.0,0,0
554,0.0,1.2772277227722773,0.48336305116490647,1.0,-0.0,0,0
555,0.0,1.8356435643564357,0.5372434517227536,1.0,-0.0,0,0
556,0.0,1.447524752475247,0.5152321517329778,1.0,-0.0,0,0
557,0.0,1.447524752475247,0.5152321517329778,1.0,-0.0,0,0
558,0.0,2.0930693069306927,0.5751035078153321,1.0,-0.0,0,0
559,0.0,1.5524752475247523,0.5414673974087654,1.0,-0.0,0,0
560,0.0,0.6455445544554456,0.36247902021235434,1.0,-0.0,0,0
561,0.0,0.9237623762376237,0.42383177001909833,1.0,-0.0,0,0
562,0.0,0.9237623762376237,0.42383177001909833,1.0,-0.0,0,0
563,0.0,0.5762376237623763,0.3297609439709483,1.0,-0.0,0,0
564,0.0,0.9049504950495049,0.436542726436606,1.0,-0.0,0,0
565,0.0,0.9049504950495049,0.436542726436606,1.0,-0.0,0,0
566,0.0,0.7722772277227723,0.40002940780045876,1.0,-0.0,0,0
567,0.0,1.2237623762376237,0.49734911436007356,1.0,-0.0,0,0
568,0.0,0.9465346534653466,0.41543591716940514,1.0,-0.0,0,0
569,0.0,0.6158415841584158,0.31551707467167545,1.0,-0.0,0,0
570,0.0,0.6831683168316832,0.3629006647300655,1.0,-0.0,0,0
571,0.0,0.5405940594059405,0.31534303742406944,1.0,-0.0,0,0
572,0.0,0.12277227722772277,0.15913204437912432,1.0,-0.0,0,0
573,0.0,0.10297029702970294,0.14519051706790778,1.0,-0.0,0,0
574,0.0,0.3722772277227724,0.2729083594354343,1.0,-0.0,0,0
575,0.0,0.33267326732673275,0.25836841869782323,1.0,-0.0,0,0
576,0.0,0.38613861386138615,0.27755285036654453,1.0,-0.0,0,0
577,0.0,0.34851485148514855,0.26648198028954484,1.0,-0.0,0,0
578,0.0,0.6613861386138613,0.3385964907825216,1.0,-0.0,0,0
579,0.0,0.405940594059406,0.2903810341358156,1.0,-0.0,0,0
580,0.0,0.4099009900990098,0.28615060442861423,1.0,-0.0,0,0
581,0.0,0.3584158415841584,0.25064958251389674,1.0,-0.0,0,0
582,0.0,0.3742574257425743,0.24480886274099947,1.0,-0.0,0,0
583,0.2,0.15247524752475242,0.13830233734838987,0.3655624969299007,0.4370383649399328,0,0
584,0.4,0.16237623762376235,0.14546033799767885,0.05117161142461623,1.2909709066198383,0,0
585,0.4,0.13069306930693067,0.13912212332871524,0.02644859980820538,1.57759731461806,0,0
586,0.4,0.2633663366336633,0.2008510468610846,0.2481656208129755,0.605258382891148,0,0
587,0.4,0.24752475247524752,0.19930277449641393,0.2221228877282399,0.6534066890789614,0,0
588,0.2,0.1584158415841584,0.15238521194115637,0.39246949743956416,0.40619409078738367,0,0
589,0.0,0.13663366336633662,0.13179850528549494,1.0,-0.0,0,0
590,0.0,0.1346534653465346,0.13233294611171187,1.0,-0.0,0,0
591,0.0,0.009900990099009901,0.04338396495090425,1.0,-0.0,0,0
592,0.0,0.009900990099009901,0.04338396495090425,1.0,-0.0,0,0
593,0.0,0.009900990099009901,0.04338396495090425,1.0,-0.0,0,0
594,0.0,0.009900990099009901,0.04338396495090425,1.0,-0.0,0,0
595,0.0,0.009900990099009901,0.04338396495090425,1.0,-0.0,0,0
596,0.0,0.0,0.0,1.0,-0.0,0,0
597,0.0,0.0,0.0,1.0,-0.0,0,0
598,0.0,0.0,0.0,1.0,-0.0,0,0
599,0.0,0.0,0.0,1.0,-0.0,0,0
600,0.0,0.17227722772277224,0.1665722047113908,1.0,-0.0,0,0
601,0.0,0.17227722772277224,0.1665722047113908,1.0,-0.0,0,0
602,0.0,0.18019801980198016,0.16769833948309013,1.0,-0.0,0,0
603,0.0,0.2178217821782178,0.1951876678075502,1.0,-0.0,0,0
604,0.0,0.22574257425742572,0.20423897153668616,1.0,-0.0,0,0
605,0.0,0.10297029702970295,0.15315522802114465,1.0,-0.0,0,0
606,0.4,0.4000000000000001,0.2800282871142814,1.0,-0.0,0,0
607,0.4,0.3920792079207921,0.2727502641564118,0.48841616243385216,0.31120997302425607,0,0
608,0.4,0.46534653465346537,0.3247041741428852,1.0,-0.0,0,0
609,0.6,0.5366336633663366,0.34575867858561815,0.4272940577813491,0.36927314671173983,0,0
610,0.6,0.5435643564356436,0.3482390898219661,0.4356292837108256,0.36088293395171367,0,0
611,0.4,0.27326732673267323,0.23160699433209417,0.2921246336691555,0.5344318192143991,0,0
612,0.4,0.36831683168316837,0.26955434179779214,0.4532164401581652,0.343694344747577,0,0
613,0.6,0.504950495049505,0.3012765702916269,0.3761951239032426,0.4245868379074875,0,0
614,0.4,0.4396039603960396,0.2925068190525411,1.0,-0.0,0,0
615,0.6,0.41386138613861384,0.28180103330249845,0.25445622947024693,0.5943869124800686,0,0
616,0.4,0.39999999999999997,0.27431282279994723,0.49999999999999994,0.30102999566398125,0,0
617,0.4,0.30495049504950494,0.2364658255608424,0.34385719644477886,0.46362188205759425,0,0
618,0.2,0.05544554455445546,0.09384550979067553,0.06173814835066573,1.2094464000101814,0,0
619,0.2,0.041584158415841586,0.08116396646304633,0.025480968483881664,1.5937840693032386,0,0
620,0.0,0.011881188118811881,0.047276579747775535,1.0,-0.0,0,0
621,0.0,0.03762376237623763,0.08771182015980238,1.0,-0.0,0,0
622,0.0,0.03762376237623763,0.08771182015980238,1.0,-0.0,0,0
623,0.0,0.03762376237623763,0.08771182015980238,1.0,-0.0,0,0
624,0.4,0.11485148514851483,0.1416914361980065,0.02208567245422131,1.6558893730090944,0,0
625,0.4,0.1762376237623762,0.16718313599370643,0.09037868685233026,1.0439339729951898,0,0
626,0.4,0.16237623762376235,0.1634113349368535,0.0729530661168451,1.1369564505882992,0,0
627,0.4,0.41584158415841593,0.27240501051909144,1.0,-0.0,0,0
628,1.0,0.6455445544554456,0.33286180418931793,0.14346677206192043,0.8432486730146732,0,0
629,0.6,0.6198019801980198,0.33831843982962573,1.0,-0.0,0,0
630,0.6,0.6099009900990099,0.3126079854598681,1.0,-0.0,0,0
631,0.8,0.6396039603960395,0.3121560944640484,0.3036844473264494,0.5175774491527174,0,0
632,0.8,0.3861386138613862,0.24737421164741002,0.047161925108609525,1.326408475693525,0,0
