,foreground,bg_means,bg_stdev,pvals,minus_logs,regs,active
2,0.0,0.0712871287128713,0.10747934055534188,1.0,-0.0,0,0
3,0.0,0.0712871287128713,0.10747934055534188,1.0,-0.0,0,0
4,0.0,0.06336633663366337,0.10504385908811757,1.0,-0.0,0,0
5,0.0,0.06336633663366337,0.10504385908811757,1.0,-0.0,0,0
6,0.0,0.0,0.0,1.0,-0.0,0,0
7,0.0,0.0,0.0,1.0,-0.0,0,0
8,0.0,0.061386138613861385,0.10046456153636296,1.0,-0.0,0,0
9,0.0,0.061386138613861385,0.10046456153636296,1.0,-0.0,0,0
10,0.0,0.13069306930693067,0.1577958163416755,1.0,-0.0,0,0
11,0.0,0.13069306930693067,0.1577958163416755,1.0,-0.0,0,0
12,0.0,0.13069306930693067,0.1577958163416755,1.0,-0.0,0,0
13,0.0,0.06930693069306931,0.12084076279122662,1.0,-0.0,0,0
14,0.0,0.06930693069306931,0.12084076279122662,1.0,-0.0,0,0
15,0.0,0.0,0.0,1.0,-0.0,0,0
16,0.0,0.0,0.0,1.0,-0.0,0,0
17,0.0,0.0,0.0,1.0,-0.0,0,0
18,0.0,0.09306930693069305,0.12448501897427097,1.0,-0.0,0,0
19,0.0,0.09306930693069305,0.12448501897427097,1.0,-0.0,0,0
20,0.0,0.09306930693069305,0.12448501897427097,1.0,-0.0,0,0
21,0.0,0.09306930693069305,0.12448501897427097,1.0,-0.0,0,0
22,0.0,0.09306930693069305,0.12448501897427097,1.0,-0.0,0,0
23,0.0,0.0,0.0,1.0,-0.0,0,0
24,0.0,0.0,0.0,1.0,-0.0,0,0
25,0.0,0.041584158415841586,0.08590499787518362,1.0,-0.0,0,0
26,0.0,0.061386138613861385,0.11166631429601336,1.0,-0.0,0,0
27,0.0,0.061386138613861385,0.11166631429601336,1.0,-0.0,0,0
28,0.0,0.061386138613861385,0.11166631429601336,1.0,-0.0,0,0
29,0.0,0.0891089108910891,0.1420507440353343,1.0,-0.0,0,0
30,0.0,0.04752475247524753,0.10205226714237724,1.0,-0.0,0,0
31,0.0,0.04356435643564357,0.08721867542790195,1.0,-0.0,0,0
32,0.0,0.04356435643564357,0.08721867542790195,1.0,-0.0,0,0
33,0.0,0.04356435643564357,0.08721867542790195,1.0,-0.0,0,0
34,0.0,0.015841584158415842,0.05401260078014202,1.0,-0.0,0,0
35,0.0,0.015841584158415842,0.05401260078014202,1.0,-0.0,0,0
36,0.0,0.0,0.0,1.0,-0.0,0,0
37,0.0,0.0,0.0,1.0,-0.0,0,0
38,0.0,0.0,0.0,1.0,-0.0,0,0
39,0.0,0.0,0.0,1.0,-0.0,0,0
40,0.0,0.0,0.0,1.0,-0.0,0,0
41,0.0,0.0,0.0,1.0,-0.0,0,0
42,0.0,0.0,0.0,1.0,-0.0,0,0
43,0.0,0.015841584158415842,0.054012600780142014,1.0,-0.0,0,0
44,0.0,0.015841584158415842,0.054012600780142014,1.0,-0.0,0,0
45,0.0,0.05346534653465346,0.10104832334394512,1.0,-0.0,0,0
46,0.0,0.05346534653465346,0.10104832334394512,1.0,-0.0,0,0
47,0.0,0.07326732673267328,0.11848138852793338,1.0,-0.0,0,0
48,0.0,0.13267326732673265,0.15228224894835946,1.0,-0.0,0,0
49,0.0,0.16435643564356434,0.1551646576171068,1.0,-0.0,0,0
50,0.0,0.1465346534653465,0.15893479355105836,1.0,-0.0,0,0
51,0.0,0.18415841584158413,0.19229343978313213,1.0,-0.0,0,0
52,0.0,0.16435643564356436,0.18325125229717662,1.0,-0.0,0,0
53,0.0,0.0891089108910891,0.13342479626077636,1.0,-0.0,0,0
54,0.0,0.05742574257425742,0.10656335878870264,1.0,-0.0,0,0
55,0.0,0.03762376237623762,0.07816140339006157,1.0,-0.0,0,0
56,0.0,0.0,0.0,1.0,-0.0,0,0
57,0.2,0.15643564356435644,0.15569444662458046,0.38981288800990216,0.4091438063188209,0,0
58,0.2,0.16435643564356436,0.1551646576171068,0.4091568319045696,0.3881101927863468,0,0
59,0.2,0.16435643564356436,0.1551646576171068,0.4091568319045696,0.3881101927863468,0,0
60,0.2,0.16435643564356436,0.1551646576171068,0.4091568319045696,0.3881101927863468,0,0
61,0.4,0.17821782178217818,0.1538959146750531,0.07477566955963265,1.12623968950023,0,0
62,0.2,0.021782178217821784,0.06230547612891991,0.002115616449879084,2.6745630648030154,0,0
63,0.2,0.06336633663366337,0.11233152161332939,0.1119271380917808,0.9510646007408702,0,0
64,0.2,0.1188118811881188,0.14122019271030048,0.2826779562766138,0.5487080572363221,0,0
65,0.2,0.1188118811881188,0.14122019271030048,0.2826779562766138,0.5487080572363221,0,0
66,0.0,0.10495049504950495,0.1245794808714917,1.0,-0.0,0,0
67,0.0,0.10495049504950495,0.1245794808714917,1.0,-0.0,0,0
68,0.0,0.05544554455445544,0.1019369320889802,1.0,-0.0,0,0
69,0.0,0.0,0.0,1.0,-0.0,0,0
70,0.0,0.0,0.0,1.0,-0.0,0,0
71,0.0,0.007920792079207921,0.03900537743285587,1.0,-0.0,0,0
72,0.0,0.015841584158415842,0.05401260078014202,1.0,-0.0,0,0
73,0.0,0.0594059405940594,0.10357779667819421,1.0,-0.0,0,0
74,0.0,0.07722772277227721,0.1257698574906964,1.0,-0.0,0,0
75,0.0,0.07722772277227721,0.1257698574906964,1.0,-0.0,0,0
76,0.0,0.06930693069306931,0.11409790329416186,1.0,-0.0,0,0
77,0.0,0.3445544554455445,0.26419136760646206,1.0,-0.0,0,0
78,0.0,0.299009900990099,0.2558213522331669,1.0,-0.0,0,0
79,0.0,0.28118811881188116,0.25043046950572356,1.0,-0.0,0,0
80,0.0,0.30297029702970296,0.2495363802300731,1.0,-0.0,0,0
81,0.0,0.30297029702970296,0.2495363802300731,1.0,-0.0,0,0
82,0.0,0.021782178217821784,0.06836703565002801,1.0,-0.0,0,0
83,0.0,0.18811881188118812,0.20063618061766883,1.0,-0.0,0,0
84,0.0,0.20594059405940596,0.20576915941409615,1.0,-0.0,0,0
85,0.0,0.20396039603960395,0.1908401394559487,1.0,-0.0,0,0
86,0.0,0.20396039603960395,0.1908401394559487,1.0,-0.0,0,0
87,0.0,0.20396039603960395,0.1908401394559487,1.0,-0.0,0,0
88,0.0,0.03762376237623763,0.08307396817189319,1.0,-0.0,0,0
89,0.0,0.019801980198019802,0.0597350618970232,1.0,-0.0,0,0
90,0.0,0.0,0.0,1.0,-0.0,0,0
91,0.0,0.0,0.0,1.0,-0.0,0,0
92,0.0,0.017821782178217824,0.05698017651460656,1.0,-0.0,0,0
93,0.0,0.017821782178217824,0.05698017651460656,1.0,-0.0,0,0
94,0.0,0.043564356435643575,0.09587103712404123,1.0,-0.0,0,0
95,0.0,0.043564356435643575,0.09587103712404123,1.0,-0.0,0,0
96,0.0,0.043564356435643575,0.09587103712404123,1.0,-0.0,0,0
97,0.0,0.025742574257425748,0.07264925278354116,1.0,-0.0,0,0
98,0.0,0.025742574257425748,0.07264925278354116,1.0,-0.0,0,0
99,0.0,0.07524752475247526,0.11205191564986228,1.0,-0.0,0,0
100,0.0,0.07524752475247526,0.11205191564986228,1.0,-0.0,0,0
101,0.0,0.20396039603960395,0.20485241829915377,1.0,-0.0,0,0
102,0.0,0.2198019801980198,0.21526856446672366,1.0,-0.0,0,0
103,0.0,0.2198019801980198,0.21526856446672366,1.0,-0.0,0,0
104,0.0,0.14257425742574256,0.18094719685640656,1.0,-0.0,0,0
105,0.0,0.17029702970297028,0.20174709904079258,1.0,-0.0,0,0
106,0.0,0.061386138613861385,0.10433219700847123,1.0,-0.0,0,0
107,0.0,0.04554455445544555,0.08846854615322249,1.0,-0.0,0,0
108,0.0,0.12475247524752475,0.15376846462033406,1.0,-0.0,0,0
109,0.0,0.1584158415841584,0.16960485628010977,1.0,-0.0,0,0
110,0.0,0.13168316831683166,0.1521663323044604,1.0,-0.0,0,0
111,0.0,0.11089108910891086,0.13636075485692528,1.0,-0.0,0,0
112,0.0,0.18415841584158413,0.1704581324091671,1.0,-0.0,0,0
113,0.0,0.1881188118811881,0.16844491341098408,1.0,-0.0,0,0
114,0.0,0.15643564356435644,0.15312962320143525,1.0,-0.0,0,0
115,0.0,0.15643564356435644,0.15312962320143525,1.0,-0.0,0,0
116,0.0,0.15643564356435644,0.15312962320143525,1.0,-0.0,0,0
117,0.0,0.12178217821782175,0.13759170507754623,1.0,-0.0,0,0
118,0.0,0.03762376237623762,0.08307396817189318,1.0,-0.0,0,0
119,0.0,0.09306930693069305,0.13368903310588712,1.0,-0.0,0,0
120,0.0,0.09306930693069305,0.13368903310588712,1.0,-0.0,0,0
121,0.0,0.09306930693069305,0.13368903310588712,1.0,-0.0,0,0
122,0.0,0.05544554455445545,0.10943169805661863,1.0,-0.0,0,0
123,0.0,0.07722772277227724,0.13191745702927898,1.0,-0.0,0,0
124,0.0,0.08910891089108909,0.12420120222231065,1.0,-0.0,0,0
125,0.0,0.08910891089108909,0.12420120222231065,1.0,-0.0,0,0
126,0.0,0.08910891089108909,0.12420120222231065,1.0,-0.0,0,0
127,0.0,0.08910891089108909,0.12420120222231065,1.0,-0.0,0,0
128,0.0,0.06930693069306931,0.11057238501634628,1.0,-0.0,0,0
129,0.0,0.0019801980198019802,0.019801980198019802,1.0,-0.0,0,0
130,0.0,0.0019801980198019802,0.019801980198019802,1.0,-0.0,0,0
131,0.0,0.03564356435643565,0.08626938974571076,1.0,-0.0,0,0
132,0.0,0.03564356435643565,0.08626938974571076,1.0,-0.0,0,0
133,0.0,0.033663366336633666,0.07994704648786674,1.0,-0.0,0,0
134,0.0,0.033663366336633666,0.07994704648786674,1.0,-0.0,0,0
135,0.0,0.033663366336633666,0.07994704648786674,1.0,-0.0,0,0
136,0.4,0.12079207920792079,0.16429678029854689,0.04462079080797462,1.350462737044198,0,0
137,0.4,0.12079207920792079,0.16429678029854689,0.04462079080797462,1.350462737044198,0,0
138,0.4,0.1603960396039604,0.18243632168365972,0.09453139505486592,1.0244239329223788,0,0
139,0.4,0.1603960396039604,0.18243632168365972,0.09453139505486592,1.0244239329223788,0,0
140,2.2,0.35841584158415846,0.2674660436420284,2.883288189593231e-12,11.540111946964918,0,0
141,1.8,0.2356435643564356,0.1917011692717774,1.7697133840913498e-16,15.752097064591194,0,0
142,2.2,0.2792079207920792,0.22529049747846167,1.7584850986766748e-17,16.754861307523274,0,0
143,2.2,0.25940594059405936,0.19608960258498426,1.0000021562284052e-17,16.99999906356291,0,0
144,2.2,0.25940594059405936,0.19608960258498426,1.0000021562284052e-17,16.99999906356291,0,0
145,0.4,0.09702970297029702,0.127780323207142,0.008869423821936553,2.0521045920150787,0,0
146,0.4,0.09702970297029702,0.127780323207142,0.008869423821936553,2.0521045920150787,0,0
147,0.0,0.06732673267326733,0.10634234916512914,1.0,-0.0,0,0
148,0.0,0.04950495049504951,0.09078727434730813,1.0,-0.0,0,0
149,0.0,0.12376237623762375,0.1401191253095801,1.0,-0.0,0,0
150,0.0,0.3801980198019803,0.26326954225140997,1.0,-0.0,0,0
151,0.0,0.47326732673267335,0.2866298158055007,1.0,-0.0,0,0
152,0.0,0.4594059405940595,0.28079738575331764,1.0,-0.0,0,0
153,0.0,0.4594059405940595,0.28079738575331764,1.0,-0.0,0,0
154,0.0,0.3861386138613862,0.2552535927813389,1.0,-0.0,0,0
155,0.0,0.09306930693069305,0.1306930693069307,1.0,-0.0,0,0
156,0.0,0.0,0.0,1.0,-0.0,0,0
157,0.0,0.015841584158415842,0.05401260078014202,1.0,-0.0,0,0
158,0.0,0.015841584158415842,0.05401260078014202,1.0,-0.0,0,0
159,0.0,0.015841584158415842,0.05401260078014202,1.0,-0.0,0,0
160,0.0,0.015841584158415842,0.05401260078014202,1.0,-0.0,0,0
161,0.0,0.015841584158415842,0.05401260078014202,1.0,-0.0,0,0
162,0.0,0.0,0.0,1.0,-0.0,0,0
163,0.0,0.0,0.0,1.0,-0.0,0,0
164,0.0,0.031683168316831684,0.08316831683168317,1.0,-0.0,0,0
165,0.0,0.031683168316831684,0.08316831683168317,1.0,-0.0,0,0
166,0.0,0.04356435643564357,0.09587103712404124,1.0,-0.0,0,0
167,0.0,0.13465346534653466,0.1594766462708981,1.0,-0.0,0,0
168,0.0,0.13465346534653466,0.1594766462708981,1.0,-0.0,0,0
169,0.0,0.1762376237623762,0.1764044154560007,1.0,-0.0,0,0
170,0.0,0.1762376237623762,0.1764044154560007,1.0,-0.0,0,0
171,0.0,0.17821782178217827,0.17096346688435152,1.0,-0.0,0,0
172,0.0,0.19603960396039607,0.17795359951414633,1.0,-0.0,0,0
173,0.0,0.201980198019802,0.17687059543257513,1.0,-0.0,0,0
174,0.0,0.1306930693069307,0.1419402846531281,1.0,-0.0,0,0
175,0.0,0.1306930693069307,0.1419402846531281,1.0,-0.0,0,0
176,0.0,0.11683168316831682,0.12353642740976015,1.0,-0.0,0,0
177,0.0,0.0059405940594059415,0.033953323167291584,1.0,-0.0,0,0
178,0.0,0.0,0.0,1.0,-0.0,0,0
179,0.0,0.0,0.0,1.0,-0.0,0,0
180,0.0,0.0,0.0,1.0,-0.0,0,0
181,0.4,0.12079207920792079,0.1618683193480064,0.042272048079830905,1.3739467101028167,0,0
182,0.4,0.36831683168316837,0.2497248755712387,0.4495207370276011,0.34725026884971616,0,0
183,0.4,0.36831683168316837,0.2497248755712387,0.4495207370276011,0.34725026884971616,0,0
184,0.4,0.36831683168316837,0.2497248755712387,0.4495207370276011,0.34725026884971616,0,0
185,0.4,0.3920792079207921,0.2593530291438781,0.48781796492962937,0.3117422099137597,0,0
186,0.0,0.2792079207920792,0.21632247274494804,1.0,-0.0,0,0
187,0.0,0.06534653465346535,0.12302752132284413,1.0,-0.0,0,0
188,0.0,0.06534653465346535,0.12302752132284413,1.0,-0.0,0,0
189,0.0,0.11485148514851483,0.1550382505430763,1.0,-0.0,0,0
190,0.0,0.09108910891089109,0.13937555924568534,1.0,-0.0,0,0
191,0.0,0.08118811881188118,0.1325402022232199,1.0,-0.0,0,0
192,0.0,0.04950495049504951,0.09912864166957489,1.0,-0.0,0,0
193,0.0,0.04950495049504951,0.09912864166957489,1.0,-0.0,0,0
194,0.0,0.0,0.0,1.0,-0.0,0,0
195,0.0,0.0,0.0,1.0,-0.0,0,0
196,0.0,0.0,0.0,1.0,-0.0,0,0
197,0.0,0.2693069306930693,0.23282278743285653,1.0,-0.0,0,0
198,0.0,0.2693069306930693,0.23282278743285653,1.0,-0.0,0,0
199,0.0,0.3267326732673268,0.26658496281261657,1.0,-0.0,0,0
200,0.0,0.3267326732673268,0.26658496281261657,1.0,-0.0,0,0
201,0.0,0.36039603960396044,0.2714388532863786,1.0,-0.0,0,0
202,0.0,0.11485148514851484,0.16006566636008887,1.0,-0.0,0,0
203,0.0,0.11485148514851484,0.16006566636008887,1.0,-0.0,0,0
204,0.0,0.12475247524752475,0.1511709677939985,1.0,-0.0,0,0
205,0.0,0.2653465346534653,0.22357829982213775,1.0,-0.0,0,0
206,0.0,0.23168316831683167,0.20046020966089131,1.0,-0.0,0,0
207,0.0,0.22970297029702968,0.19373583855263382,1.0,-0.0,0,0
208,0.0,0.2871287128712871,0.21510456418218252,1.0,-0.0,0,0
209,0.0,0.2198019801980198,0.2134208884801185,1.0,-0.0,0,0
210,0.0,0.07920792079207921,0.1352056238820718,1.0,-0.0,0,0
211,0.0,0.07920792079207921,0.1352056238820718,1.0,-0.0,0,0
212,0.2,0.08712871287128712,0.1500253221772342,0.22592083233323879,0.6460437206058627,0,0
213,0.2,0.0297029702970297,0.07112192077650681,0.008322928729312118,2.079723824290396,0,0
214,0.2,0.07524752475247526,0.11205191564986228,0.13278007588509982,0.8768670874855233,0,0
215,0.2,0.07524752475247526,0.11205191564986228,0.13278007588509982,0.8768670874855233,0,0
216,0.6,0.11485148514851483,0.14984225277142665,0.000602427299685109,3.2200953558080863,0,0
217,0.8,0.11683168316831682,0.13280619910579972,1.344034449680855e-07,6.871589599500529,0,0
218,1.0,0.18217821782178217,0.15694865125096522,9.403421549759173e-08,7.026714094293409,0,0
219,1.0,0.13663366336633662,0.1433149079027503,8.49422883360012e-10,9.070876043341674,0,0
220,1.2,0.15643564356435638,0.16314716771521567,7.951016596408774e-11,10.09957734002469,0,0
221,0.8,0.14257425742574253,0.16004116713803365,1.9967623527236794e-05,4.6996736201780065,0,0
222,0.4,0.10891089108910887,0.13650445892763635,0.016484882575862263,1.782914142050503,0,0
223,0.2,0.04554455445544555,0.09283729243351323,0.04808399917069303,1.3179994190099724,0,0
224,0.2,0.04554455445544555,0.09283729243351323,0.04808399917069303,1.3179994190099724,0,0
225,0.0,0.025742574257425745,0.07264925278354115,1.0,-0.0,0,0
226,0.0,0.0,0.0,1.0,-0.0,0,0
227,0.0,0.017821782178217824,0.05698017651460656,1.0,-0.0,0,0
228,0.0,0.10693069306930691,0.12762679639066946,1.0,-0.0,0,0
229,0.0,0.16831683168316827,0.17287933929280913,1.0,-0.0,0,0
230,0.2,0.1841584158415841,0.19229343978313213,0.46717133818701273,0.33052380983627644,0,0
231,0.2,0.1841584158415841,0.19229343978313213,0.46717133818701273,0.33052380983627644,0,0
232,0.2,0.16633663366336632,0.17591471140208167,0.42412104966371267,0.37251017242136986,0,0
233,0.2,0.11485148514851484,0.15757201001249713,0.2944680412363125,0.5309618325164925,0,0
234,0.2,0.08712871287128712,0.127165103825761,0.18737894802554306,0.7272792035758483,0,0
235,0.0,0.0712871287128713,0.11461224656227946,1.0,-0.0,0,0
236,0.0,0.08118811881188118,0.12325042629382527,1.0,-0.0,0,0
237,0.0,0.08118811881188118,0.12325042629382527,1.0,-0.0,0,0
238,0.0,0.041584158415841586,0.08590499787518362,1.0,-0.0,0,0
239,0.0,0.009900990099009901,0.04338396495090424,1.0,-0.0,0,0
240,0.0,0.05742574257425742,0.10277971700879983,1.0,-0.0,0,0
241,0.0,0.047524752475247525,0.09397077637785882,1.0,-0.0,0,0
242,0.0,0.047524752475247525,0.09397077637785882,1.0,-0.0,0,0
243,0.4,0.10693069306930691,0.1306930693069307,0.012466983232904145,1.9042386246134682,0,0
244,0.4,0.12475247524752475,0.13744913773527348,0.02261329257036894,1.6456361983342034,0,0
