,foreground,bg_means,bg_stdev,pvals,minus_logs,regs,active
2,0.2,0.027722772277227727,0.06910862719451542,0.006336173555908623,2.198172935373565,0,0
3,0.2,0.023762376237623766,0.06471340450838889,0.0032311212459077425,2.490646745033819,0,0
4,0.0,0.0297029702970297,0.07112192077650681,1.0,-0.0,0,0
5,0.0,0.023762376237623766,0.06471340450838889,1.0,-0.0,0,0
6,0.0,0.025742574257425748,0.0669763743575753,1.0,-0.0,0,0
7,0.0,0.031683168316831684,0.07826167463512675,1.0,-0.0,0,0
8,0.2,0.08316831683168316,0.12028786177019754,0.16570755996746261,0.7806576775960139,0,0
9,0.2,0.09900990099009901,0.12467387119760155,0.20896026115900335,0.6799362976224628,0,0
10,0.2,0.09702970297029702,0.12464241569787099,0.20436640857029564,0.6895904870669047,0,0
11,0.2,0.10891089108910891,0.13057300215314485,0.24271037887342684,0.6149116518053507,0,0
12,0.2,0.10891089108910892,0.13057300215314485,0.2427103788734269,0.6149116518053506,0,0
13,0.0,0.057425742574257435,0.10277971700879981,1.0,-0.0,0,0
14,0.0,0.027722772277227727,0.07461957893630405,1.0,-0.0,0,0
15,0.0,0.027722772277227727,0.07461957893630405,1.0,-0.0,0,0
16,0.0,0.013861386138613863,0.05079507064705211,1.0,-0.0,0,0
17,0.0,0.025742574257425745,0.07264925278354116,1.0,-0.0,0,0
18,0.0,0.025742574257425745,0.07264925278354116,1.0,-0.0,0,0
19,0.0,0.031683168316831684,0.07826167463512675,1.0,-0.0,0,0
20,0.0,0.05544554455445544,0.10575073206193022,1.0,-0.0,0,0
21,0.0,0.06732673267326733,0.12032045569079852,1.0,-0.0,0,0
22,0.0,0.07326732673267328,0.10798889666879984,1.0,-0.0,0,0
23,0.2,0.11485148514851484,0.14169143619800648,0.2739388863041897,0.5623463141913831,0,0
24,0.2,0.11287128712871287,0.13618810981425267,0.26116191493532087,0.5830901556488499,0,0
25,0.2,0.0891089108910891,0.12420120222231065,0.18597296685049775,0.7305501805181491,0,0
26,0.4,0.11089108910891088,0.15279637008998356,0.029237565455812287,1.5340587929017726,0,0
27,0.4,0.09504950495049505,0.14238160801780242,0.016105477556676698,1.793026393032768,0,0
28,0.2,0.06732673267326732,0.11000352009767247,0.11389293410569636,0.9435032186258506,0,0
29,0.2,0.06336633663366337,0.10874875419996817,0.10448261079208833,0.9809559838634979,0,0
30,0.2,0.06336633663366337,0.10874875419996817,0.10448261079208833,0.9809559838634979,0,0
31,0.0,0.0297029702970297,0.07648795214189293,1.0,-0.0,0,0
32,0.0,0.023762376237623766,0.0759735686861421,1.0,-0.0,0,0
33,0.0,0.009900990099009901,0.04338396495090424,1.0,-0.0,0,0
34,0.2,0.023762376237623763,0.07056843438101175,0.00625538335613176,2.203746069767374,0,0
35,0.4,0.03564356435643565,0.08154954567118416,3.949284449990814e-06,5.403481584771323,0,0
36,0.4,0.03762376237623762,0.08307396817189318,6.4412529434457805e-06,5.19102964607219,0,0
37,0.4,0.04554455445544555,0.09283729243351323,6.726114370462085e-05,4.172235752240194,0,0
38,0.4,0.06930693069306931,0.12084076279122662,0.0031038676436218036,2.508096806379782,0,0
39,0.2,0.06336633663366337,0.10874875419996817,0.10448261079208833,0.9809559838634979,0,0
40,0.0,0.051485148514851496,0.10399339410297728,1.0,-0.0,0,0
41,0.0,0.07524752475247526,0.1189108498693262,1.0,-0.0,0,0
42,0.0,0.057425742574257435,0.10656335878870264,1.0,-0.0,0,0
43,0.2,0.06534653465346535,0.1129581045303102,0.11661777127180513,0.9332352628086961,0,0
44,0.2,0.06930693069306931,0.11751770396006173,0.13304459555834885,0.8760027623516582,0,0
45,0.2,0.06930693069306931,0.11751770396006173,0.13304459555834885,0.8760027623516582,0,0
46,0.4,0.08316831683168317,0.13280619910579972,0.008524034799117206,2.069354785959979,0,0
47,0.6,0.11089108910891088,0.14752142995793405,0.00045737884721455994,3.3397239244481574,0,0
48,0.6,0.09306930693069305,0.13948804962658473,0.00013940975740629014,3.855706828537795,0,0
49,0.6,0.10891089108910891,0.14494724878689189,0.0003519519967549503,3.4535165665391627,0,0
50,0.6,0.10891089108910891,0.14494724878689189,0.0003519519967549503,3.4535165665391627,0,0
51,0.4,0.06930693069306931,0.10693069306930694,0.0009920816231311156,3.0034525949656357,0,0
52,0.2,0.04554455445544555,0.08387254884969257,0.03277054107653563,1.4845163878939818,0,0
53,0.0,0.031683168316831684,0.0730260947112308,1.0,-0.0,0,0
54,0.0,0.03564356435643565,0.07653920035678292,1.0,-0.0,0,0
55,0.0,0.03564356435643565,0.07653920035678292,1.0,-0.0,0,0
56,0.0,0.07524752475247526,0.11553229422427584,1.0,-0.0,0,0
57,0.0,0.09306930693069307,0.13368903310588712,1.0,-0.0,0,0
58,0.0,0.12079207920792079,0.15689867556071532,1.0,-0.0,0,0
59,0.0,0.08910891089108909,0.1420507440353343,1.0,-0.0,0,0
60,0.0,0.09900990099009899,0.15057319492752777,1.0,-0.0,0,0
61,0.0,0.08316831683168317,0.12670172889541698,1.0,-0.0,0,0
62,0.2,0.10891089108910892,0.14765427233510695,0.2686476890928793,0.5708168908798665,0,0
63,0.2,0.08514851485148514,0.12379009590564582,0.17675768599419261,0.7526216925958915,0,0
64,0.2,0.1188118811881188,0.14399729871443837,0.28643935507266005,0.5429673127723916,0,0
65,0.2,0.10891089108910891,0.14494724878689189,0.26486134954069185,0.5769814124309087,0,0
66,0.4,0.0930693069306931,0.12126186845461279,0.005684632670363483,2.245297593313678,0,0
67,0.2,0.04554455445544555,0.08387254884969256,0.032770541076535604,1.484516387893982,0,0
68,0.2,0.08514851485148513,0.12054836637801526,0.170360417514063,0.7686313042414474,0,0
69,0.2,0.05148514851485149,0.08744317689433512,0.04471467951449677,1.3495498776386112,0,0
70,0.2,0.05148514851485149,0.08744317689433512,0.04471467951449677,1.3495498776386112,0,0
71,0.0,0.05148514851485149,0.09186070102766894,1.0,-0.0,0,0
72,0.0,0.06930693069306931,0.10316052497133552,1.0,-0.0,0,0
73,0.0,0.025742574257425748,0.06697637435757531,1.0,-0.0,0,0
74,0.0,0.025742574257425748,0.06697637435757531,1.0,-0.0,0,0
75,0.0,0.025742574257425748,0.06697637435757531,1.0,-0.0,0,0
76,0.0,0.017821782178217824,0.05698017651460656,1.0,-0.0,0,0
77,0.0,0.0059405940594059415,0.033953323167291584,1.0,-0.0,0,0
78,0.0,0.013861386138613863,0.05079507064705211,1.0,-0.0,0,0
79,0.0,0.019801980198019802,0.0597350618970232,1.0,-0.0,0,0
80,0.0,0.019801980198019802,0.0597350618970232,1.0,-0.0,0,0
81,0.0,0.031683168316831684,0.0730260947112308,1.0,-0.0,0,0
82,0.0,0.025742574257425748,0.0669763743575753,1.0,-0.0,0,0
83,0.0,0.039603960396039604,0.09342674148186494,1.0,-0.0,0,0
84,0.0,0.10693069306930691,0.13948804962658473,1.0,-0.0,0,0
85,0.0,0.12673267326732673,0.1534365990321625,1.0,-0.0,0,0
86,0.0,0.11485148514851484,0.14445948324625327,1.0,-0.0,0,0
87,0.0,0.12475247524752475,0.14583724862987696,1.0,-0.0,0,0
88,0.0,0.15049504950495046,0.16021258301915867,1.0,-0.0,0,0
89,0.0,0.07524752475247526,0.12219602867755655,1.0,-0.0,0,0
90,0.0,0.05544554455445545,0.10943169805661862,1.0,-0.0,0,0
91,0.0,0.05544554455445545,0.10943169805661862,1.0,-0.0,0,0
92,0.0,0.04554455445544555,0.09283729243351323,1.0,-0.0,0,0
93,0.0,0.0,0.0,1.0,-0.0,0,0
94,0.0,0.0,0.0,1.0,-0.0,0,0
95,0.0,0.0,0.0,1.0,-0.0,0,0
96,0.0,0.007920792079207921,0.03900537743285587,1.0,-0.0,0,0
97,0.0,0.007920792079207921,0.03900537743285587,1.0,-0.0,0,0
98,0.0,0.007920792079207921,0.03900537743285587,1.0,-0.0,0,0
99,0.0,0.06534653465346536,0.10571364605971598,1.0,-0.0,0,0
100,0.0,0.07326732673267328,0.11159606181073561,1.0,-0.0,0,0
101,0.0,0.06534653465346536,0.10571364605971599,1.0,-0.0,0,0
102,0.0,0.06732673267326733,0.10634234916512914,1.0,-0.0,0,0
103,0.0,0.06732673267326733,0.10634234916512914,1.0,-0.0,0,0
104,0.0,0.009900990099009901,0.04338396495090424,1.0,-0.0,0,0
105,0.0,0.019801980198019802,0.0597350618970232,1.0,-0.0,0,0
106,0.0,0.019801980198019802,0.0597350618970232,1.0,-0.0,0,0
107,0.0,0.017821782178217824,0.05698017651460656,1.0,-0.0,0,0
108,0.0,0.017821782178217824,0.05698017651460656,1.0,-0.0,0,0
109,0.0,0.017821782178217824,0.05698017651460656,1.0,-0.0,0,0
110,0.0,0.013861386138613863,0.05079507064705211,1.0,-0.0,0,0
111,0.2,0.023762376237623763,0.06471340450838887,0.003231121245907738,2.4906467450338194,0,0
112,0.2,0.031683168316831684,0.07826167463512675,0.015750221703151112,1.8027133286186672,0,0
113,0.2,0.031683168316831684,0.07826167463512675,0.015750221703151112,1.8027133286186672,0,0
114,0.2,0.06930693069306931,0.10316052497133552,0.10259725727169978,0.9888642490457182,0,0
115,0.2,0.05544554455445546,0.09384550979067553,0.06173814835066573,1.2094464000101814,0,0
116,0.0,0.07524752475247526,0.09688815701168371,1.0,-0.0,0,0
117,0.0,0.06732673267326733,0.09451167971312258,1.0,-0.0,0,0
118,0.0,0.09108910891089109,0.12113245340338318,1.0,-0.0,0,0
119,0.0,0.06336633663366337,0.11233152161332939,1.0,-0.0,0,0
120,0.0,0.06336633663366337,0.11233152161332939,1.0,-0.0,0,0
121,0.0,0.05544554455445545,0.09384550979067553,1.0,-0.0,0,0
122,0.0,0.06930693069306931,0.10693069306930696,1.0,-0.0,0,0
123,0.0,0.0792079207920792,0.11285391563386142,1.0,-0.0,0,0
124,0.0,0.09900990099009899,0.12467387119760154,1.0,-0.0,0,0
125,0.0,0.14653465346534653,0.15893479355105833,1.0,-0.0,0,0
126,0.0,0.13465346534653466,0.1619409766357297,1.0,-0.0,0,0
127,0.0,0.13663366336633662,0.16870078513860487,1.0,-0.0,0,0
128,0.0,0.15445544554455445,0.166218722942046,1.0,-0.0,0,0
129,0.0,0.1386138613861386,0.14554118673277588,1.0,-0.0,0,0
130,0.0,0.09900990099009897,0.1308729634998678,1.0,-0.0,0,0
131,0.0,0.10099009900990098,0.1308729634998678,1.0,-0.0,0,0
132,0.0,0.09108910891089109,0.1243589581632284,1.0,-0.0,0,0
133,0.0,0.041584158415841586,0.08116396646304633,1.0,-0.0,0,0
134,0.2,0.03564356435643565,0.07653920035678292,0.015882722457572503,1.7990750531077893,0,0
135,0.4,0.05346534653465348,0.09287951999650357,9.535586614099452e-05,4.020652584691398,0,0
136,0.4,0.049504950495049514,0.09078727434730813,5.655013932087107e-05,4.247566320779003,0,0
137,0.4,0.04356435643564357,0.08721867542790195,2.18786067554328e-05,4.659980337626219,0,0
138,0.4,0.04356435643564357,0.08721867542790195,2.18786067554328e-05,4.659980337626219,0,0
139,0.2,0.05940594059405942,0.09562531855564071,0.07074570539322604,1.1502999187808278,0,0
140,0.0,0.033663366336633666,0.07482947971362848,1.0,-0.0,0,0
141,0.0,0.023762376237623766,0.06471340450838889,1.0,-0.0,0,0
142,0.0,0.023762376237623766,0.06471340450838889,1.0,-0.0,0,0
143,0.0,0.023762376237623766,0.06471340450838889,1.0,-0.0,0,0
144,0.0,0.0,0.0,1.0,-0.0,0,0
145,0.0,0.0,0.0,1.0,-0.0,0,0
146,0.0,0.0,0.0,1.0,-0.0,0,0
147,0.0,0.0,0.0,1.0,-0.0,0,0
148,0.0,0.025742574257425748,0.06697637435757531,1.0,-0.0,0,0
149,0.0,0.031683168316831684,0.07826167463512675,1.0,-0.0,0,0
150,0.0,0.039603960396039604,0.08452453849668534,1.0,-0.0,0,0
151,0.0,0.04752475247524753,0.09397077637785879,1.0,-0.0,0,0
152,0.0,0.0613861386138614,0.10046456153636296,1.0,-0.0,0,0
153,0.0,0.05544554455445546,0.09797478714338995,1.0,-0.0,0,0
154,0.0,0.0712871287128713,0.11110305060677654,1.0,-0.0,0,0
155,0.0,0.097029702970297,0.14243667729389656,1.0,-0.0,0,0
156,0.0,0.10099009900990098,0.15057319492752774,1.0,-0.0,0,0
157,0.0,0.10099009900990098,0.1557448087305797,1.0,-0.0,0,0
158,0.0,0.08514851485148517,0.1416914361980065,1.0,-0.0,0,0
159,0.0,0.06336633663366337,0.10504385908811757,1.0,-0.0,0,0
160,0.0,0.03564356435643565,0.07653920035678292,1.0,-0.0,0,0
161,0.0,0.023762376237623766,0.06471340450838887,1.0,-0.0,0,0
162,0.0,0.02970297029702971,0.08150144802873932,1.0,-0.0,0,0
163,0.0,0.031683168316831684,0.08316831683168317,1.0,-0.0,0,0
164,0.0,0.031683168316831684,0.08316831683168317,1.0,-0.0,0,0
165,0.0,0.025742574257425748,0.07264925278354116,1.0,-0.0,0,0
166,0.0,0.05148514851485149,0.10773441987117183,1.0,-0.0,0,0
167,0.0,0.03762376237623763,0.08307396817189318,1.0,-0.0,0,0
168,0.0,0.031683168316831684,0.07826167463512675,1.0,-0.0,0,0
169,0.0,0.033663366336633666,0.07994704648786674,1.0,-0.0,0,0
170,0.0,0.04752475247524753,0.09397077637785879,1.0,-0.0,0,0
171,0.0,0.021782178217821784,0.06230547612891991,1.0,-0.0,0,0
172,0.2,0.07326732673267326,0.1115960618107356,0.12805415268855674,0.8926063331621106,0,0
173,0.2,0.07722772277227723,0.11930590361498672,0.15172703225002876,0.8189370368062708,0,0
174,0.2,0.07524752475247526,0.1189108498693262,0.1470600443380226,0.8325053074261874,0,0
175,0.2,0.0613861386138614,0.10046456153636296,0.08383506191077846,1.0765743106091494,0,0
176,0.2,0.0613861386138614,0.10046456153636296,0.08383506191077846,1.0765743106091494,0,0
177,0.0,0.0039603960396039604,0.02786385599895107,1.0,-0.0,0,0
178,0.0,0.0,0.0,1.0,-0.0,0,0
179,0.0,0.0,0.0,1.0,-0.0,0,0
180,0.0,0.0,0.0,1.0,-0.0,0,0
181,0.0,0.017821782178217824,0.0635517090529949,1.0,-0.0,0,0
182,0.0,0.041584158415841586,0.08590499787518362,1.0,-0.0,0,0
183,0.0,0.041584158415841586,0.08590499787518362,1.0,-0.0,0,0
184,0.2,0.05544554455445545,0.09384550979067555,0.06173814835066573,1.2094464000101814,0,0
185,0.2,0.05544554455445545,0.09384550979067555,0.06173814835066573,1.2094464000101814,0,0
186,0.2,0.03762376237623763,0.07816140339006158,0.01888012292982573,1.723995182306426,0,0
187,0.2,0.031683168316831684,0.07826167463512675,0.015750221703151112,1.8027133286186672,0,0
188,0.2,0.031683168316831684,0.07826167463512675,0.015750221703151112,1.8027133286186672,0,0
189,0.0,0.017821782178217824,0.056980176514606566,1.0,-0.0,0,0
190,0.0,0.017821782178217824,0.056980176514606566,1.0,-0.0,0,0
191,0.0,0.06534653465346535,0.1164113937164283,1.0,-0.0,0,0
192,0.0,0.04752475247524753,0.10953914206684617,1.0,-0.0,0,0
193,0.0,0.04752475247524753,0.10953914206684617,1.0,-0.0,0,0
194,0.0,0.09900990099009901,0.14246420394934614,1.0,-0.0,0,0
195,0.0,0.09900990099009901,0.14246420394934614,1.0,-0.0,0,0
196,0.0,0.05148514851485149,0.11134982906542217,1.0,-0.0,0,0
197,0.0,0.05148514851485149,0.11134982906542217,1.0,-0.0,0,0
198,0.0,0.05544554455445545,0.11299281281336322,1.0,-0.0,0,0
199,0.2,0.033663366336633666,0.08475617647141663,0.024850340762334614,1.6046676515911364,0,0
200,0.2,0.033663366336633666,0.08475617647141663,0.024850340762334614,1.6046676515911364,0,0
201,0.2,0.061386138613861385,0.10433219700847123,0.09199298471617674,1.0362452902111776,0,0
202,0.2,0.10099009900990098,0.15057319492752774,0.25541260604362737,0.5927576716768348,0,0
203,0.2,0.12079207920792079,0.1666898653919601,0.31732884767233505,0.49849044534229325,0,0
204,0.0,0.15643564356435644,0.1793364234865362,1.0,-0.0,0,0
205,0.0,0.17425742574257427,0.19225265211912826,1.0,-0.0,0,0
206,0.0,0.14653465346534653,0.1614073970084343,1.0,-0.0,0,0
207,0.0,0.11089108910891088,0.13636075485692528,1.0,-0.0,0,0
208,0.0,0.08712871287128714,0.12401163019288061,1.0,-0.0,0,0
209,0.0,0.023762376237623766,0.06471340450838889,1.0,-0.0,0,0
210,0.0,0.0059405940594059415,0.03395332316729158,1.0,-0.0,0,0
211,0.0,0.0059405940594059415,0.03395332316729158,1.0,-0.0,0,0
212,0.0,0.027722772277227727,0.06910862719451544,1.0,-0.0,0,0
213,0.0,0.027722772277227727,0.06910862719451544,1.0,-0.0,0,0
214,0.0,0.027722772277227727,0.06910862719451544,1.0,-0.0,0,0
215,0.0,0.027722772277227727,0.06910862719451544,1.0,-0.0,0,0
216,0.0,0.027722772277227727,0.06910862719451544,1.0,-0.0,0,0
217,0.0,0.0,0.0,1.0,-0.0,0,0
218,0.0,0.0,0.0,1.0,-0.0,0,0
219,0.0,0.0,0.0,1.0,-0.0,0,0
220,0.0,0.011881188118811883,0.04727657974777555,1.0,-0.0,0,0
221,0.0,0.017821782178217824,0.0635517090529949,1.0,-0.0,0,0
222,0.0,0.017821782178217824,0.0635517090529949,1.0,-0.0,0,0
223,0.0,0.017821782178217824,0.0635517090529949,1.0,-0.0,0,0
224,0.0,0.03564356435643565,0.09074407316744237,1.0,-0.0,0,0
225,0.0,0.023762376237623766,0.0759735686861421,1.0,-0.0,0,0
226,0.0,0.033663366336633666,0.09777447046042384,1.0,-0.0,0,0
227,0.0,0.05544554455445544,0.11299281281336322,1.0,-0.0,0,0
228,0.0,0.07722772277227723,0.12576985749069639,1.0,-0.0,0,0
229,0.0,0.06732673267326733,0.10634234916512914,1.0,-0.0,0,0
230,0.0,0.06732673267326733,0.10634234916512914,1.0,-0.0,0,0
231,0.0,0.05148514851485149,0.10011267057239237,1.0,-0.0,0,0
232,0.0,0.02970297029702971,0.07648795214189293,1.0,-0.0,0,0
233,0.0,0.047524752475247525,0.10586191211583096,1.0,-0.0,0,0
234,0.0,0.039603960396039604,0.09342674148186496,1.0,-0.0,0,0
235,0.0,0.041584158415841586,0.09467748980500532,1.0,-0.0,0,0
236,0.0,0.05742574257425742,0.11375371577303027,1.0,-0.0,0,0
237,0.0,0.05742574257425742,0.11375371577303027,1.0,-0.0,0,0
238,0.0,0.017821782178217824,0.05698017651460656,1.0,-0.0,0,0
239,0.0,0.033663366336633666,0.07994704648786674,1.0,-0.0,0,0
240,0.0,0.031683168316831684,0.07826167463512675,1.0,-0.0,0,0
241,0.0,0.03762376237623763,0.08771182015980238,1.0,-0.0,0,0
242,0.0,0.03762376237623763,0.08771182015980238,1.0,-0.0,0,0
243,0.0,0.03762376237623763,0.08771182015980238,1.0,-0.0,0,0
244,0.0,0.021782178217821784,0.06230547612891991,1.0,-0.0,0,0
245,0.0,0.021782178217821784,0.06230547612891991,1.0,-0.0,0,0
246,0.0,0.0,0.0,1.0,-0.0,0,0
247,0.0,0.0019801980198019802,0.0198019801980198,1.0,-0.0,0,0
248,0.0,0.009900990099009901,0.051713128147329084,1.0,-0.0,0,0
249,0.0,0.01386138613861386,0.058070805143030424,1.0,-0.0,0,0
250,0.0,0.019801980198019802,0.06603299802191315,1.0,-0.0,0,0
251,0.2,0.023762376237623763,0.07056843438101176,0.006255383356131765,2.2037460697673734,0,0
252,0.2,0.021782178217821784,0.06230547612891991,0.002115616449879084,2.6745630648030154,0,0
253,0.2,0.013861386138613863,0.050795070647052104,0.00012391038159364294,3.90689230556944,0,0
254,0.2,0.009900990099009901,0.04338396495090425,5.885669548817499e-06,5.230204125035218,0,0
255,0.4,0.041584158415841586,0.08590499787518362,1.5081313231807476e-05,4.821560839865747,0,0
256,0.2,0.03762376237623763,0.08307396817189318,0.025315250600093615,1.5966177690988217,0,0
257,0.2,0.03762376237623763,0.08307396817189318,0.025315250600093615,1.5966177690988217,0,0
258,0.2,0.03762376237623763,0.08307396817189318,0.025315250600093615,1.5966177690988217,0,0
259,0.2,0.03762376237623763,0.08307396817189318,0.025315250600093615,1.5966177690988217,0,0
260,0.0,0.0,0.0,1.0,-0.0,0,0
261,0.0,0.0,0.0,1.0,-0.0,0,0
262,0.0,0.033663366336633666,0.08930671115865095,1.0,-0.0,0,0
263,0.0,0.033663366336633666,0.08930671115865095,1.0,-0.0,0,0
264,0.0,0.033663366336633666,0.08930671115865095,1.0,-0.0,0,0
265,0.0,0.061386138613861385,0.11166631429601334,1.0,-0.0,0,0
266,0.0,0.061386138613861385,0.11166631429601334,1.0,-0.0,0,0
267,0.0,0.07326732673267328,0.12811743461086583,1.0,-0.0,0,0
268,0.0,0.07326732673267328,0.12811743461086583,1.0,-0.0,0,0
269,0.0,0.07326732673267328,0.12811743461086583,1.0,-0.0,0,0
270,0.0,0.09900990099009901,0.14521752172118105,1.0,-0.0,0,0
271,0.0,0.09900990099009901,0.14521752172118105,1.0,-0.0,0,0
272,0.0,0.05346534653465347,0.10489443673781407,1.0,-0.0,0,0
273,0.0,0.0891089108910891,0.13923481846532235,1.0,-0.0,0,0
274,0.0,0.09900990099009899,0.15057319492752777,1.0,-0.0,0,0
275,0.0,0.051485148514851496,0.1001126705723924,1.0,-0.0,0,0
276,0.0,0.05940594059405942,0.11447531431916541,1.0,-0.0,0,0
277,0.0,0.05940594059405942,0.11447531431916541,1.0,-0.0,0,0
278,0.0,0.023762376237623766,0.0759735686861421,1.0,-0.0,0,0
279,0.0,0.02970297029702971,0.08150144802873932,1.0,-0.0,0,0
280,0.0,0.0297029702970297,0.07648795214189293,1.0,-0.0,0,0
281,0.0,0.02772277227722772,0.06910862719451544,1.0,-0.0,0,0
282,0.0,0.1287128712871287,0.15307840071356582,1.0,-0.0,0,0
283,0.0,0.1287128712871287,0.15307840071356582,1.0,-0.0,0,0
284,0.0,0.1881188118811881,0.20454592488897796,1.0,-0.0,0,0
285,0.0,0.19999999999999998,0.20872076187012056,1.0,-0.0,0,0
286,0.0,0.2079207920792079,0.21233411384966644,1.0,-0.0,0,0
287,0.0,0.10495049504950495,0.1556692594616519,1.0,-0.0,0,25
288,0.0,0.10495049504950495,0.1556692594616519,1.0,-0.0,0,0
289,0.0,0.03564356435643565,0.09500824186847648,1.0,-0.0,0,0
290,0.0,0.017821782178217824,0.05698017651460655,1.0,-0.0,0,0
291,0.0,0.04356435643564357,0.08721867542790195,1.0,-0.0,0,0
292,0.0,0.04356435643564357,0.08721867542790195,1.0,-0.0,0,0
293,0.2,0.08712871287128714,0.12401163019288061,0.18136723570535118,0.7414411662151198,0,0
294,0.2,0.097029702970297,0.127780323207142,0.2101680035868297,0.6774334011688357,0,0
295,0.2,0.097029702970297,0.127780323207142,0.2101680035868297,0.6774334011688357,0,0
296,0.2,0.06336633663366337,0.11233152161332939,0.1119271380917808,0.9510646007408702,0,0
297,0.2,0.06336633663366337,0.11233152161332939,0.1119271380917808,0.9510646007408702,0,0
298,0.0,0.03564356435643565,0.08154954567118415,1.0,-0.0,0,0
299,0.0,0.031683168316831684,0.0730260947112308,1.0,-0.0,0,0
300,0.0,0.041584158415841586,0.08116396646304633,1.0,-0.0,0,0
301,0.0,0.049504950495049514,0.09078727434730813,1.0,-0.0,0,0
302,0.0,0.049504950495049514,0.09078727434730813,1.0,-0.0,0,0
303,0.0,0.04356435643564357,0.09587103712404124,1.0,-0.0,0,0
304,0.0,0.0594059405940594,0.1178841668604928,1.0,-0.0,0,0
305,0.0,0.05544554455445545,0.1094316980566186,1.0,-0.0,0,0
306,0.0,0.041584158415841586,0.09039772047931348,1.0,-0.0,0,0
307,0.0,0.041584158415841586,0.09039772047931348,1.0,-0.0,0,0
308,0.0,0.031683168316831684,0.07826167463512675,1.0,-0.0,0,0
309,0.0,0.009900990099009901,0.04338396495090424,1.0,-0.0,0,0
310,0.0,0.0039603960396039604,0.02786385599895106,1.0,-0.0,0,0
311,0.0,0.0039603960396039604,0.02786385599895106,1.0,-0.0,0,0
312,0.0,0.0039603960396039604,0.02786385599895106,1.0,-0.0,0,0
313,0.0,0.0039603960396039604,0.02786385599895106,1.0,-0.0,0,0
314,0.0,0.0,0.0,1.0,-0.0,0,0
315,0.0,0.017821782178217824,0.056980176514606566,1.0,-0.0,0,0
316,0.0,0.017821782178217824,0.056980176514606566,1.0,-0.0,0,0
317,0.0,0.017821782178217824,0.056980176514606566,1.0,-0.0,0,0
318,0.0,0.017821782178217824,0.056980176514606566,1.0,-0.0,0,0
319,0.0,0.017821782178217824,0.056980176514606566,1.0,-0.0,0,0
320,0.0,0.0,0.0,1.0,-0.0,0,0
321,0.0,0.0059405940594059415,0.03395332316729157,1.0,-0.0,0,0
322,0.0,0.0059405940594059415,0.03395332316729157,1.0,-0.0,0,0
323,0.0,0.0059405940594059415,0.03395332316729157,1.0,-0.0,0,0
324,0.0,0.0059405940594059415,0.03395332316729157,1.0,-0.0,0,0
325,0.0,0.0059405940594059415,0.03395332316729157,1.0,-0.0,0,0
326,0.0,0.0059405940594059415,0.03395332316729158,1.0,-0.0,0,0
327,0.0,0.025742574257425745,0.07264925278354116,1.0,-0.0,0,0
328,0.0,0.041584158415841586,0.09039772047931348,1.0,-0.0,0,0
329,0.0,0.041584158415841586,0.09039772047931348,1.0,-0.0,0,0
330,0.0,0.07722772277227723,0.11593886073904514,1.0,-0.0,0,0
331,0.0,0.10297029702970295,0.14243667729389659,1.0,-0.0,0,0
332,0.0,0.08316831683168319,0.13280619910579972,1.0,-0.0,0,0
333,0.0,0.07722772277227723,0.12888031758632065,1.0,-0.0,0,0
334,0.0,0.09702970297029703,0.1531552280211446,1.0,-0.0,0,0
335,0.0,0.07326732673267328,0.13707776871189528,1.0,-0.0,0,0
336,0.0,0.08514851485148513,0.13304219431477884,1.0,-0.0,0,0
337,0.0,0.09702970297029702,0.1396285351588451,1.0,-0.0,0,0
338,0.0,0.08712871287128712,0.11745095149573798,1.0,-0.0,0,0
339,0.0,0.06732673267326733,0.09861306612268303,1.0,-0.0,0,0
340,0.0,0.05544554455445545,0.08952597667688965,1.0,-0.0,0,0
341,0.0,0.011881188118811883,0.04727657974777555,1.0,-0.0,0,0
342,0.0,0.0,0.0,1.0,-0.0,0,0
343,0.0,0.033663366336633666,0.07482947971362845,1.0,-0.0,0,0
344,0.0,0.04356435643564357,0.08255312311158745,1.0,-0.0,0,0
345,0.0,0.057425742574257435,0.10277971700879983,1.0,-0.0,0,0
346,0.0,0.10891089108910891,0.13650445892763635,1.0,-0.0,0,0
347,0.0,0.10891089108910891,0.13650445892763635,1.0,-0.0,0,0
348,0.0,0.10693069306930694,0.13069306930693073,1.0,-0.0,0,0
349,0.0,0.19207920792079206,0.18651741527630283,1.0,-0.0,0,0
350,0.0,0.1782178217821782,0.1755353680172698,1.0,-0.0,0,0
351,0.0,0.13465346534653466,0.15184387732816487,1.0,-0.0,0,0
352,0.0,0.1504950495049505,0.1551899266764091,1.0,-0.0,0,0
353,0.0,0.11683168316831684,0.14146987009498416,1.0,-0.0,0,0
354,0.0,0.05544554455445544,0.10575073206193021,1.0,-0.0,0,0
355,0.0,0.06732673267326733,0.11698261772468857,1.0,-0.0,0,0
356,0.0,0.08316831683168316,0.13280619910579974,1.0,-0.0,0,0
357,0.0,0.0712871287128713,0.11801714396634724,1.0,-0.0,0,0
358,0.0,0.09702970297029703,0.1367627457412436,1.0,-0.0,0,0
359,0.0,0.0712871287128713,0.11801714396634726,1.0,-0.0,0,0
360,0.0,0.0594059405940594,0.10357779667819421,1.0,-0.0,0,0
361,0.0,0.03564356435643565,0.08154954567118415,1.0,-0.0,0,0
362,0.0,0.031683168316831684,0.0730260947112308,1.0,-0.0,0,0
363,0.0,0.011881188118811883,0.047276579747775535,1.0,-0.0,0,0
364,0.0,0.0059405940594059415,0.03395332316729158,1.0,-0.0,0,0
365,0.0,0.0059405940594059415,0.03395332316729158,1.0,-0.0,0,0
366,0.0,0.009900990099009901,0.04338396495090424,1.0,-0.0,0,0
367,0.0,0.015841584158415842,0.05401260078014202,1.0,-0.0,0,0
368,0.0,0.019801980198019802,0.059735061897023205,1.0,-0.0,0,0
369,0.0,0.019801980198019802,0.059735061897023205,1.0,-0.0,0,0
370,0.0,0.025742574257425748,0.06697637435757531,1.0,-0.0,0,0
371,0.0,0.021782178217821784,0.062305476128919915,1.0,-0.0,0,0
372,0.0,0.021782178217821784,0.06230547612891991,1.0,-0.0,0,0
373,0.0,0.011881188118811881,0.04727657974777554,1.0,-0.0,0,0
374,0.0,0.011881188118811881,0.04727657974777554,1.0,-0.0,0,0
375,0.0,0.013861386138613863,0.05079507064705211,1.0,-0.0,0,0
376,0.0,0.013861386138613863,0.05079507064705211,1.0,-0.0,0,0
377,0.0,0.009900990099009901,0.04338396495090424,1.0,-0.0,0,0
378,0.0,0.025742574257425748,0.07791016068477624,1.0,-0.0,0,0
379,0.0,0.025742574257425748,0.07791016068477624,1.0,-0.0,0,0
380,0.0,0.017821782178217824,0.0695046684149871,1.0,-0.0,0,0
381,0.0,0.033663366336633666,0.08930671115865095,1.0,-0.0,0,0
382,0.0,0.03564356435643565,0.08626938974571076,1.0,-0.0,0,0
383,0.0,0.019801980198019802,0.0597350618970232,1.0,-0.0,0,0
384,0.0,0.019801980198019802,0.0597350618970232,1.0,-0.0,0,0
385,0.2,0.043564356435643575,0.08721867542790195,0.036438310127516485,1.438441772185106,0,0
386,0.2,0.04356435643564357,0.08255312311158745,0.029048226759887566,1.5368803738382273,0,0
387,0.2,0.05940594059405942,0.09138994660763826,0.061975734571012166,1.2077783170289342,0,0
388,0.2,0.100990099009901,0.12467387119760155,0.21355371500123171,0.6704928691423239,0,0
389,0.2,0.100990099009901,0.12467387119760155,0.21355371500123171,0.6704928691423239,0,0
390,0.0,0.07722772277227724,0.11593886073904515,1.0,-0.0,0,0
391,0.0,0.0871287128712871,0.127165103825761,1.0,-0.0,0,0
392,0.2,0.10495049504950495,0.15049504950495052,0.2638310233953919,0.5786741379130496,0,0
393,0.2,0.06336633663366338,0.10120342446875752,0.08849366552547523,1.0530878154692966,0,0
394,0.2,0.06336633663366338,0.10120342446875752,0.08849366552547523,1.0530878154692966,0,0
395,0.2,0.06336633663366338,0.10120342446875752,0.08849366552547523,1.0530878154692966,0,0
396,0.2,0.03762376237623763,0.07816140339006158,0.01888012292982573,1.723995182306426,0,0
397,0.0,0.0,0.0,1.0,-0.0,0,0
398,0.0,0.0,0.0,1.0,-0.0,0,0
399,0.0,0.011881188118811883,0.047276579747775535,1.0,-0.0,0,0
400,0.0,0.011881188118811883,0.047276579747775535,1.0,-0.0,0,0
401,0.0,0.011881188118811883,0.047276579747775535,1.0,-0.0,0,0
402,0.0,0.011881188118811883,0.047276579747775535,1.0,-0.0,0,0
403,0.0,0.011881188118811883,0.047276579747775535,1.0,-0.0,0,0
404,0.0,0.011881188118811883,0.047276579747775535,1.0,-0.0,0,0
405,0.0,0.0297029702970297,0.07648795214189293,1.0,-0.0,0,0
406,0.0,0.0297029702970297,0.07648795214189293,1.0,-0.0,0,0
407,0.0,0.04356435643564357,0.08721867542790196,1.0,-0.0,0,0
408,0.0,0.04356435643564357,0.08721867542790196,1.0,-0.0,0,0
409,0.0,0.03762376237623763,0.08307396817189319,1.0,-0.0,0,0
410,0.0,0.03762376237623762,0.10034740165797965,1.0,-0.0,0,0
411,0.0,0.03762376237623762,0.10034740165797965,1.0,-0.0,0,0
412,0.0,0.023762376237623766,0.08576795179290185,1.0,-0.0,0,0
413,0.0,0.04554455445544555,0.11563406986658561,1.0,-0.0,0,0
414,0.0,0.039603960396039604,0.09757374253271223,1.0,-0.0,0,0
415,0.0,0.025742574257425748,0.06697637435757531,1.0,-0.0,0,0
416,0.0,0.039603960396039604,0.08452453849668534,1.0,-0.0,0,0
417,0.0,0.08118811881188118,0.11999411807954947,1.0,-0.0,0,0
418,0.0,0.06732673267326733,0.102550553475042,1.0,-0.0,0,0
419,0.0,0.0891089108910891,0.12734998170941406,1.0,-0.0,0,0
420,0.0,0.09306930693069307,0.12762679639066948,1.0,-0.0,0,0
421,0.0,0.0891089108910891,0.12734998170941406,1.0,-0.0,0,0
422,0.0,0.04752475247524753,0.09809478080396702,1.0,-0.0,0,0
423,0.0,0.039603960396039604,0.08908690597387718,1.0,-0.0,0,0
424,0.0,0.01782178217821782,0.05698017651460657,1.0,-0.0,0,0
425,0.0,0.017821782178217824,0.0635517090529949,1.0,-0.0,0,0
426,0.0,0.04356435643564357,0.09164702150816742,1.0,-0.0,0,0
427,0.0,0.04356435643564357,0.09164702150816742,1.0,-0.0,0,0
428,0.0,0.04356435643564357,0.09164702150816742,1.0,-0.0,0,0
429,0.0,0.04356435643564357,0.09164702150816742,1.0,-0.0,0,0
430,0.0,0.041584158415841586,0.08590499787518362,1.0,-0.0,0,0
431,0.0,0.011881188118811881,0.047276579747775535,1.0,-0.0,0,0
432,0.0,0.03762376237623763,0.08307396817189318,1.0,-0.0,0,0
433,0.0,0.03762376237623763,0.08307396817189318,1.0,-0.0,0,0
434,0.0,0.03762376237623763,0.08307396817189318,1.0,-0.0,0,0
435,0.0,0.039603960396039604,0.09342674148186496,1.0,-0.0,0,0
436,0.0,0.049504950495049514,0.09912864166957487,1.0,-0.0,0,0
437,0.0,0.061386138613861385,0.11854756076907538,1.0,-0.0,0,0
438,0.0,0.061386138613861385,0.11854756076907538,1.0,-0.0,0,0
439,0.0,0.06732673267326733,0.12032045569079852,1.0,-0.0,0,0
440,0.0,0.0594059405940594,0.1109617879296784,1.0,-0.0,0,0
441,0.0,0.05940594059405942,0.10733330877518932,1.0,-0.0,0,0
442,0.0,0.021782178217821784,0.06230547612891991,1.0,-0.0,0,0
443,0.0,0.06930693069306931,0.1031605249713355,1.0,-0.0,0,0
444,0.0,0.06336633663366338,0.10120342446875752,1.0,-0.0,0,0
445,0.0,0.06336633663366338,0.10120342446875752,1.0,-0.0,0,0
446,0.0,0.04752475247524753,0.09397077637785879,1.0,-0.0,0,0
447,0.0,0.04752475247524753,0.09397077637785879,1.0,-0.0,0,0
448,0.0,0.0,0.0,1.0,-0.0,0,0
449,0.0,0.0,0.0,1.0,-0.0,0,0
450,0.0,0.0,0.0,1.0,-0.0,0,0
451,0.0,0.0,0.0,1.0,-0.0,0,0
452,0.0,0.033663366336633666,0.08475617647141663,1.0,-0.0,0,0
453,0.0,0.04356435643564357,0.09991664009142864,1.0,-0.0,0,0
454,0.0,0.05346534653465347,0.10489443673781408,1.0,-0.0,0,0
455,0.0,0.05346534653465347,0.10489443673781408,1.0,-0.0,0,0
456,0.0,0.06732673267326733,0.12032045569079852,1.0,-0.0,0,0
457,0.0,0.047524752475247525,0.09397077637785882,1.0,-0.0,0,0
458,0.0,0.03762376237623763,0.08771182015980238,1.0,-0.0,0,0
459,0.0,0.03564356435643565,0.07653920035678292,1.0,-0.0,0,0
460,0.0,0.03564356435643565,0.07653920035678292,1.0,-0.0,0,0
461,0.0,0.02970297029702971,0.07112192077650682,1.0,-0.0,0,0
462,0.0,0.015841584158415842,0.054012600780142014,1.0,-0.0,0,0
463,0.0,0.027722772277227727,0.07461957893630405,1.0,-0.0,0,0
464,0.0,0.021782178217821784,0.06836703565002801,1.0,-0.0,0,0
465,0.0,0.033663366336633666,0.08475617647141663,1.0,-0.0,0,0
466,0.0,0.049504950495049514,0.09504950495049506,1.0,-0.0,0,0
467,0.0,0.049504950495049514,0.09504950495049506,1.0,-0.0,0,0
468,0.0,0.03762376237623763,0.07816140339006158,1.0,-0.0,0,0
469,0.0,0.05148514851485149,0.096075322540263,1.0,-0.0,0,0
470,0.0,0.047524752475247525,0.08965727859541998,1.0,-0.0,0,0
471,0.0,0.03564356435643565,0.08154954567118416,1.0,-0.0,0,0
472,0.0,0.07326732673267328,0.12811743461086583,1.0,-0.0,0,0
473,0.0,0.07920792079207921,0.14372473118118065,1.0,-0.0,0,0
474,0.0,0.06336633663366337,0.13476989724493904,1.0,-0.0,0,0
475,0.0,0.07722772277227724,0.14615954128511632,1.0,-0.0,0,0
476,0.0,0.07722772277227724,0.13779105154150342,1.0,-0.0,0,0
477,0.2,0.06534653465346535,0.1230275213228441,0.13686815291931304,0.8636975936513454,0,0
478,0.2,0.06336633663366337,0.1256450857759628,0.138417384010884,0.8588093628714047,0,0
479,0.2,0.06534653465346535,0.1262055870822035,0.1430000445571732,0.8446638272137393,0,0
480,0.2,0.09504950495049506,0.13377699607171914,0.2163680383709739,0.6648068922914053,0,0
481,0.2,0.08316831683168317,0.12028786177019754,0.16570755996746267,0.7806576775960137,0,0
482,0.0,0.057425742574257435,0.10277971700879983,1.0,-0.0,0,0
483,0.0,0.06930693069306931,0.11057238501634628,1.0,-0.0,0,0
484,0.0,0.08118811881188118,0.11664694237642095,1.0,-0.0,0,0
485,0.0,0.02970297029702971,0.07648795214189293,1.0,-0.0,0,0
486,0.0,0.02970297029702971,0.07648795214189293,1.0,-0.0,0,0
487,0.0,0.041584158415841586,0.09039772047931348,1.0,-0.0,0,0
488,0.2,0.05346534653465347,0.09704990696905226,0.0655357875709919,1.1835214771048093,0,0
489,0.6,0.06732673267326733,0.102550553475042,1.0277309278026058e-07,6.988120573926782,0,0
490,0.6,0.06732673267326733,0.102550553475042,1.0277309278026058e-07,6.988120573926782,0,0
491,0.6,0.06732673267326733,0.102550553475042,1.0277309278026058e-07,6.988120573926782,0,0
492,0.6,0.05544554455445545,0.09797478714338996,1.3635725730303905e-08,7.865321742777078,0,0
493,0.4,0.027722772277227727,0.07461957893630407,3.0346011133483887e-07,6.517898387177419,0,0
494,0.0,0.007920792079207921,0.03900537743285587,1.0,-0.0,0,0
495,0.0,0.007920792079207921,0.03900537743285587,1.0,-0.0,0,0
496,0.0,0.039603960396039604,0.07970143286137867,1.0,-0.0,0,0
497,0.0,0.039603960396039604,0.07970143286137867,1.0,-0.0,0,0
498,0.0,0.039603960396039604,0.07970143286137867,1.0,-0.0,0,0
499,0.0,0.041584158415841586,0.09039772047931348,1.0,-0.0,0,0
500,0.0,0.08316831683168316,0.12028786177019754,1.0,-0.0,0,0
501,0.0,0.051485148514851496,0.09186070102766894,1.0,-0.0,0,0
502,0.0,0.051485148514851496,0.09186070102766894,1.0,-0.0,0,0
503,0.0,0.051485148514851496,0.09186070102766894,1.0,-0.0,0,0
504,0.0,0.04554455445544555,0.08846854615322249,1.0,-0.0,0,0
505,0.0,0.0039603960396039604,0.027863855998951064,1.0,-0.0,0,0
506,0.0,0.0039603960396039604,0.027863855998951064,1.0,-0.0,0,0
507,0.0,0.0039603960396039604,0.027863855998951064,1.0,-0.0,0,0
508,0.0,0.0039603960396039604,0.027863855998951064,1.0,-0.0,0,0
509,0.0,0.0,0.0,1.0,-0.0,0,0
510,0.0,0.0712871287128713,0.11110305060677654,1.0,-0.0,0,0
511,0.0,0.0712871287128713,0.11110305060677654,1.0,-0.0,0,0
512,0.0,0.0712871287128713,0.11110305060677654,1.0,-0.0,0,0
513,0.0,0.08712871287128712,0.11745095149573798,1.0,-0.0,0,0
514,0.0,0.08712871287128712,0.11745095149573798,1.0,-0.0,0,0
515,0.0,0.015841584158415842,0.054012600780142014,1.0,-0.0,0,0
516,0.0,0.025742574257425748,0.07264925278354116,1.0,-0.0,0,0
517,0.0,0.03564356435643565,0.08154954567118415,1.0,-0.0,0,0
518,0.0,0.019801980198019802,0.059735061897023205,1.0,-0.0,0,0
519,0.0,0.019801980198019802,0.059735061897023205,1.0,-0.0,0,0
520,0.0,0.019801980198019802,0.059735061897023205,1.0,-0.0,0,0
521,0.0,0.041584158415841586,0.0946774898050053,1.0,-0.0,0,0
522,0.0,0.05148514851485149,0.09607532254026299,1.0,-0.0,0,0
523,0.0,0.05148514851485149,0.09607532254026299,1.0,-0.0,0,0
524,0.0,0.05742574257425742,0.10656335878870264,1.0,-0.0,0,0
525,0.0,0.06930693069306931,0.11409790329416189,1.0,-0.0,0,0
526,0.0,0.0613861386138614,0.10806149425459212,1.0,-0.0,0,0
527,0.0,0.041584158415841586,0.09039772047931349,1.0,-0.0,0,0
