,foreground,bg_means,bg_stdev,pvals,minus_logs,regs,active
2,0.0,0.6534653465346534,0.3668340214513736,1.0,-0.0,0,0
3,0.0,0.08712871287128714,0.12401163019288061,1.0,-0.0,0,0
4,0.0,0.08712871287128714,0.12401163019288061,1.0,-0.0,0,0
5,0.0,0.04356435643564357,0.08721867542790195,1.0,-0.0,0,0
6,0.0,0.04356435643564357,0.08721867542790195,1.0,-0.0,0,0
7,0.0,0.04356435643564357,0.08721867542790195,1.0,-0.0,0,0
8,0.0,0.09306930693069305,0.13368903310588712,1.0,-0.0,0,0
9,0.0,0.09306930693069305,0.13368903310588712,1.0,-0.0,0,0
10,0.0,0.15643564356435638,0.15569444662458046,1.0,-0.0,0,0
11,0.0,0.15643564356435638,0.15569444662458046,1.0,-0.0,0,0
12,0.0,0.15643564356435638,0.15569444662458046,1.0,-0.0,0,0
13,0.0,0.15247524752475247,0.1519471373722842,1.0,-0.0,0,0
14,0.0,0.4495049504950495,0.2791868540609373,1.0,-0.0,0,0
15,0.0,0.607920792079208,0.30170576720329534,1.0,-0.0,0,0
16,0.0,0.7267326732673265,0.3230090852135237,1.0,-0.0,0,0
17,0.0,0.7267326732673265,0.3230090852135237,1.0,-0.0,0,0
18,0.0,0.681188118811881,0.31488261879820173,1.0,-0.0,0,0
19,0.0,0.4970297029702971,0.2973331783029162,1.0,-0.0,0,0
20,0.0,0.23366336633663368,0.19512739059128734,1.0,-0.0,0,0
21,0.0,0.11386138613861384,0.1235046822139618,1.0,-0.0,0,0
22,0.0,0.11386138613861384,0.1235046822139618,1.0,-0.0,0,0
23,0.0,0.25346534653465347,0.1885664294196818,1.0,-0.0,0,0
24,0.0,0.33069306930693065,0.2570751611237791,1.0,-0.0,0,0
25,0.0,0.33069306930693065,0.2570751611237791,1.0,-0.0,0,0
26,0.0,0.46138613861386135,0.27824424665743047,1.0,-0.0,0,0
27,0.0,0.5306930693069308,0.30628485229283653,1.0,-0.0,0,0
28,0.0,0.3900990099009901,0.2569836264364822,1.0,-0.0,0,0
29,0.0,0.19999999999999998,0.1734906622876001,1.0,-0.0,0,0
30,0.0,0.19999999999999998,0.1734906622876001,1.0,-0.0,0,0
31,0.0,0.19999999999999996,0.1515595494507125,1.0,-0.0,0,0
32,0.0,0.13267326732673265,0.13867042693078493,1.0,-0.0,0,0
33,0.0,0.13267326732673265,0.13867042693078493,1.0,-0.0,0,0
34,0.0,0.13267326732673265,0.13867042693078493,1.0,-0.0,0,0
35,0.0,0.13267326732673265,0.13867042693078493,1.0,-0.0,0,0
36,0.0,0.0,0.0,1.0,-0.0,0,0
37,0.0,0.0,0.0,1.0,-0.0,0,0
38,0.0,0.0,0.0,1.0,-0.0,0,0
39,0.0,0.9782178217821782,0.38269600178391466,1.0,-0.0,0,0
40,0.0,1.003960396039604,0.3754655966571511,1.0,-0.0,0,0
41,0.0,1.0594059405940595,0.3802495839620646,1.0,-0.0,0,0
42,0.0,1.095049504950495,0.3864989433269181,1.0,-0.0,0,0
43,0.0,1.095049504950495,0.3864989433269181,1.0,-0.0,0,0
44,0.0,0.11683168316831682,0.14146987009498416,1.0,-0.0,0,0
45,0.0,0.13663366336633662,0.1487391046195162,1.0,-0.0,0,0
46,0.0,0.07920792079207921,0.11285391563386142,1.0,-0.0,0,0
47,0.0,0.04356435643564357,0.08255312311158745,1.0,-0.0,0,0
48,0.0,0.04356435643564357,0.08255312311158745,1.0,-0.0,0,0
49,0.0,0.04356435643564357,0.08255312311158745,1.0,-0.0,0,0
50,0.0,0.1267326732673267,0.13117223890438967,1.0,-0.0,0,0
51,0.0,0.1267326732673267,0.13117223890438967,1.0,-0.0,0,0
52,0.0,0.5069306930693069,0.27799046416531337,1.0,-0.0,0,0
53,0.0,1.2237623762376237,0.42336429900684996,1.0,-0.0,0,0
54,0.0,1.5524752475247525,0.4777409835958361,1.0,-0.0,0,0
55,0.0,1.4257425742574257,0.454385335086739,1.0,-0.0,0,0
56,0.0,1.4257425742574257,0.454385335086739,1.0,-0.0,0,0
57,0.0,1.0435643564356434,0.3895709347281723,1.0,-0.0,0,0
58,0.0,0.3267326732673268,0.2620902607386275,1.0,-0.0,0,0
59,0.0,0.039603960396039604,0.07970143286137867,1.0,-0.0,0,0
60,0.0,0.039603960396039604,0.07970143286137867,1.0,-0.0,0,0
61,0.0,0.06930693069306931,0.0951731868570132,1.0,-0.0,0,0
62,0.0,0.06930693069306931,0.0951731868570132,1.0,-0.0,0,0
63,0.0,0.06930693069306931,0.0951731868570132,1.0,-0.0,0,0
64,0.0,0.02970297029702971,0.07112192077650681,1.0,-0.0,0,0
65,0.0,0.14059405940594058,0.15036471688371983,1.0,-0.0,0,0
66,0.0,0.1089108910891089,0.13057300215314482,1.0,-0.0,0,0
67,0.0,0.14257425742574256,0.14714883329235087,1.0,-0.0,0,0
68,0.0,0.14257425742574256,0.14714883329235087,1.0,-0.0,0,0
69,0.2,0.7999999999999998,0.3744302602648191,1.0,-0.0,0,0
70,0.2,0.9168316831683168,0.38203968145219896,1.0,-0.0,0,0
71,0.2,0.9168316831683168,0.38203968145219896,1.0,-0.0,0,0
72,0.2,0.8841584158415842,0.3829879074862008,1.0,-0.0,0,0
73,0.2,0.8841584158415842,0.3829879074862008,1.0,-0.0,0,0
74,0.0,0.22574257425742572,0.1816609099592826,1.0,-0.0,0,0
75,0.0,0.0,0.0,1.0,-0.0,0,0
76,0.0,0.0,0.0,1.0,-0.0,0,0
77,0.0,0.0,0.0,1.0,-0.0,0,0
78,0.0,0.0,0.0,1.0,-0.0,0,0
79,0.0,0.0,0.0,1.0,-0.0,0,0
80,0.0,0.0,0.0,1.0,-0.0,0,0
81,0.0,0.0,0.0,1.0,-0.0,0,0
82,0.0,0.0,0.0,1.0,-0.0,0,0
83,0.0,0.0,0.0,1.0,-0.0,0,0
84,0.0,0.0,0.0,1.0,-0.0,0,0
85,0.0,0.0,0.0,1.0,-0.0,0,0
86,0.0,0.0,0.0,1.0,-0.0,0,0
87,0.0,0.0,0.0,1.0,-0.0,0,0
88,0.0,0.0,0.0,1.0,-0.0,0,0
89,0.0,0.0,0.0,1.0,-0.0,0,0
90,0.0,0.0,0.0,1.0,-0.0,0,0
91,0.0,0.0,0.0,1.0,-0.0,0,0
92,0.0,0.17029702970297028,0.1525652299743226,1.0,-0.0,0,0
93,0.0,0.17029702970297028,0.1525652299743226,1.0,-0.0,0,0
94,0.0,0.17029702970297028,0.1525652299743226,1.0,-0.0,0,0
95,0.0,0.17029702970297028,0.1525652299743226,1.0,-0.0,0,0
96,0.0,0.17029702970297028,0.1525652299743226,1.0,-0.0,0,0
97,0.0,0.0,0.0,1.0,-0.0,0,0
98,0.4,0.12277227722772274,0.12888031758632065,0.015736213763734155,1.8030997535094353,0,0
99,0.4,0.12277227722772274,0.12888031758632065,0.015736213763734155,1.8030997535094353,0,0
100,0.4,0.12277227722772274,0.12888031758632065,0.015736213763734155,1.8030997535094353,0,0
101,0.4,0.12277227722772274,0.12888031758632065,0.015736213763734155,1.8030997535094353,0,0
102,0.8,0.7920792079207919,0.3220242805914823,0.4901882546023484,0.30963709908659165,0,0
103,0.8,0.8059405940594059,0.32021706195636096,1.0,-0.0,0,0
104,1.4,1.0475247524752476,0.3135848486583927,0.13050253726664596,0.8843810445694438,0,0
105,4.4,1.9029702970297029,0.40940803571961426,5.332620690861617e-10,9.273059306571067,0,0
106,4.8,2.1306930693069304,0.43366788731311307,3.749448708007262e-10,9.426032583117887,0,0
107,6.6,2.283168316831683,0.4965363809531364,1.1751214798028696e-17,16.929917235280765,0,0
108,7.0,2.3762376237623766,0.5229672603673539,1.0472635845491123e-17,16.979943997491972,0,0
109,7.8,2.66930693069307,0.5045814998114433,1.0000001374503495e-17,16.999999940306076,1,0
110,5.4,2.059405940594059,0.470554385030721,6.270840950023256e-13,12.202674214278584,1,0
111,5.0,1.831683168316832,0.4553163828905958,1.7196431757423338e-12,11.76456165941962,0,0
112,2.8,1.007920792079208,0.39893004630500967,3.5243242373728466e-06,5.452924143385927,0,0
113,2.0,0.7801980198019802,0.3739062735261571,0.0005525212844810452,3.2576509872272497,0,0
114,0.6,0.2435643564356435,0.2002057563312059,0.03750962514642241,1.4258572759626797,0,0
115,0.0,0.0,0.0,1.0,-0.0,0,0
