,foreground,bg_means,bg_stdev,pvals,minus_logs,regs,active
2,0.0,0.1603960396039604,0.16890984643276136,1.0,-0.0,0,0
3,0.2,0.20198019801980197,0.189830668692386,1.0,-0.0,0,0
4,0.2,0.11287128712871286,0.13024224675172555,0.25175594337998036,0.5990202679574179,0,0
5,0.2,0.2613861386138614,0.19034637371402638,1.0,-0.0,0,0
6,0.4,0.3782178217821782,0.22497698909661432,0.4614348360956005,0.33588962144694057,0,0
7,0.4,0.32871287128712867,0.2244185594694208,0.3753742521952442,0.4255355199752535,0,0
8,0.2,0.2851485148514851,0.2112603098961049,1.0,-0.0,0,0
9,0.4,0.44950495049504957,0.29571988430860136,1.0,-0.0,0,0
10,0.4,0.44158415841584164,0.32128064494823083,1.0,-0.0,0,0
11,0.2,0.3247524752475249,0.2682565421287303,1.0,-0.0,0,0
12,0.4,0.3207920792079208,0.2534189313937422,0.3773085359478223,0.4233033695323646,0,0
13,0.4,0.3207920792079208,0.2534189313937422,0.3773085359478223,0.4233033695323646,0,0
14,0.2,0.1584158415841584,0.1672534844655737,0.4018236746354015,0.3959644790844853,0,0
15,0.2,0.017821782178217824,0.05698017651460656,0.0006937928196726553,3.15877019915046,0,0
16,0.2,0.017821782178217824,0.05698017651460656,0.0006937928196726553,3.15877019915046,0,0
17,0.0,0.023762376237623766,0.07056843438101175,1.0,-0.0,0,0
18,0.0,0.0297029702970297,0.07648795214189293,1.0,-0.0,0,0
19,0.2,0.17029702970297028,0.15767151871203475,0.425287375918109,0.3713175085403263,0,0
20,0.4,0.39009900990099017,0.23441731025151355,0.48315504311438556,0.3159134829872607,0,0
21,0.4,0.44554455445544555,0.2653317566447851,1.0,-0.0,0,0
22,1.0,0.5247524752475249,0.29363071729203927,0.052775166829468104,1.2775703851543108,0,0
23,1.0,0.5643564356435645,0.30623363837185436,0.07742816033550282,1.111101059290402,0,0
24,1.2,0.6099009900990099,0.300990099009901,0.02496715261728576,1.6026309840047694,0,0
25,1.4,0.5564356435643564,0.30907586353936733,0.003173334601848213,2.4984841327294416,0,0
26,1.6,0.6811881188118811,0.36171014906696397,0.00553964038429766,2.2565184273626073,0,0
27,1.0,0.5801980198019802,0.3190393383299611,0.09411531831429039,1.0263396845648594,0,0
28,1.2,0.5702970297029704,0.3213660675882224,0.025029649185993274,1.6015452373935746,0,0
29,1.0,0.43564356435643564,0.27198724431936855,0.018996180368252586,1.7213337154553108,0,0
30,0.8,0.35841584158415846,0.24906451775889302,0.038116759090679984,1.4188840327154963,0,0
31,0.6,0.17821782178217818,0.1885872229831149,0.012658329687239714,1.8976235972786029,0,0
32,0.6,0.17821782178217818,0.1885872229831149,0.012658329687239714,1.8976235972786029,0,0
33,0.4,0.3049504950495049,0.22266444034646488,0.33473580605569886,0.47529782949856547,0,0
34,0.4,0.4415841584158416,0.2629864005566772,1.0,-0.0,0,0
35,0.4,0.4653465346534654,0.27447001804354343,1.0,-0.0,0,0
36,0.6,0.5504950495049505,0.28341054515350245,0.4306672104132741,0.3658581927339669,0,0
37,0.6,0.6950495049504951,0.3228512325225646,1.0,-0.0,0,0
38,0.6,0.5306930693069307,0.2705852016243758,0.39892245662937487,0.3991115151674567,0,0
39,0.4,0.34257425742574266,0.24589562893109523,0.40767219712830227,0.3896889060251293,0,0
40,0.2,0.3,0.2277744237591479,1.0,-0.0,0,0
41,0.0,0.26732673267326734,0.24579993107616477,1.0,-0.0,0,0
42,0.0,0.16831683168316833,0.194442942874063,1.0,-0.0,0,0
43,0.0,0.19603960396039605,0.19696750100290228,1.0,-0.0,0,0
44,0.0,0.2415841584158416,0.21307151531852703,1.0,-0.0,0,0
45,0.0,0.17029702970297025,0.1674175159433525,1.0,-0.0,0,0
46,0.0,0.39207920792079215,0.27563901213949016,1.0,-0.0,0,0
47,0.0,0.5742574257425742,0.32293623971320695,1.0,-0.0,0,0
48,0.0,0.6039603960396039,0.34466824114114186,1.0,-0.0,0,0
49,0.0,0.5584158415841584,0.3188057314455146,1.0,-0.0,0,0
50,0.0,0.5702970297029704,0.32746991531547115,1.0,-0.0,0,0
51,0.0,0.3148514851485148,0.22924159879176859,1.0,-0.0,0,0
52,0.0,0.1504950495049505,0.1473352494078279,1.0,-0.0,0,0
53,0.0,0.12178217821782175,0.14044058001185858,1.0,-0.0,0,0
54,0.0,0.12178217821782175,0.14044058001185858,1.0,-0.0,0,0
55,0.0,0.1089108910891089,0.13650445892763632,1.0,-0.0,0,0
56,0.0,0.09108910891089109,0.13057300215314485,1.0,-0.0,0,0
57,0.0,0.0297029702970297,0.07112192077650681,1.0,-0.0,0,0
58,0.0,0.0,0.0,1.0,-0.0,0,0
59,0.0,0.0,0.0,1.0,-0.0,0,0
60,0.0,0.0,0.0,1.0,-0.0,0,0
61,0.0,0.0,0.0,1.0,-0.0,0,0
62,0.0,0.0,0.0,1.0,-0.0,0,0
63,0.0,0.023762376237623766,0.06471340450838887,1.0,-0.0,0,0
64,0.0,0.023762376237623766,0.06471340450838887,1.0,-0.0,0,0
65,0.0,0.03762376237623762,0.08771182015980238,1.0,-0.0,0,0
66,0.0,0.03762376237623762,0.08771182015980238,1.0,-0.0,0,0
67,0.0,0.03762376237623762,0.08771182015980238,1.0,-0.0,0,0
68,0.0,0.0297029702970297,0.07648795214189293,1.0,-0.0,0,0
69,0.0,0.0297029702970297,0.07648795214189293,1.0,-0.0,0,0
70,0.0,0.015841584158415842,0.06090517425437506,1.0,-0.0,0,0
71,0.0,0.015841584158415842,0.06090517425437506,1.0,-0.0,0,0
72,0.0,0.015841584158415842,0.06090517425437506,1.0,-0.0,0,0
73,0.0,0.0,0.0,1.0,-0.0,0,0
74,0.0,0.0,0.0,1.0,-0.0,0,0
75,0.0,0.0,0.0,1.0,-0.0,0,0
76,0.0,0.0,0.0,1.0,-0.0,0,0
77,0.0,0.0,0.0,1.0,-0.0,0,0
78,0.0,0.0,0.0,1.0,-0.0,0,0
79,0.0,0.0,0.0,1.0,-0.0,0,0
80,0.0,0.057425742574257435,0.09476028605152792,1.0,-0.0,0,0
81,0.0,0.057425742574257435,0.09476028605152792,1.0,-0.0,0,0
82,0.0,0.057425742574257435,0.09476028605152792,1.0,-0.0,0,0
83,0.0,0.057425742574257435,0.09476028605152792,1.0,-0.0,0,0
84,0.2,0.07920792079207921,0.11631029826208643,0.1495109975624142,0.8253268608177716,0,0
85,0.2,0.021782178217821784,0.06230547612891991,0.002115616449879084,2.6745630648030154,0,0
86,0.2,0.021782178217821784,0.06230547612891991,0.002115616449879084,2.6745630648030154,0,0
87,0.2,0.021782178217821784,0.06230547612891991,0.002115616449879084,2.6745630648030154,0,0
88,0.2,0.021782178217821784,0.06230547612891991,0.002115616449879084,2.6745630648030154,0,0
89,0.0,0.0,0.0,1.0,-0.0,0,0
90,0.0,0.0,0.0,1.0,-0.0,0,0
91,0.0,0.0,0.0,1.0,-0.0,0,0
92,0.0,0.0,0.0,1.0,-0.0,0,0
93,0.0,0.0,0.0,1.0,-0.0,0,0
94,0.2,0.033663366336633666,0.07482947971362847,0.013112090674369026,1.8823280561396656,0,0
95,0.6,0.09702970297029702,0.13084299831035082,6.050400165238197e-05,4.218215900751239,0,0
96,0.6,0.09702970297029702,0.13084299831035082,6.050400165238197e-05,4.218215900751239,0,0
97,0.6,0.09702970297029702,0.13084299831035082,6.050400165238197e-05,4.218215900751239,0,0
98,0.6,0.12772277227722773,0.14496077440151442,0.0005610698860853906,3.250983040257349,0,0
99,0.4,0.09306930693069307,0.12448501897427099,0.006839133419822932,2.1649989238400535,0,0
100,0.2,0.11287128712871287,0.1390657415135005,0.26548402751583466,0.5759616025312937,0,0
101,0.2,0.11287128712871287,0.1390657415135005,0.26548402751583466,0.5759616025312937,0,0
102,1.4,0.4455445544554456,0.30165377585925895,0.0007778810587950472,3.109086803341867,0,0
103,1.4,0.41584158415841593,0.28518976599309,0.00027937097125220684,3.5538187223447535,0,0
104,1.4,0.5742574257425743,0.36224095294349695,0.01131750623911375,1.946249257414824,0,0
105,1.2,0.5069306930693069,0.33009372378716634,0.01788141802800328,1.7475980438556662,0,0
106,1.2,0.5405940594059406,0.3360157403850175,0.024856468765410953,1.6045605693639766,0,0
107,0.0,0.2613861386138614,0.21753356269084295,1.0,-0.0,0,0
108,0.0,0.3217821782178218,0.25469996341882817,1.0,-0.0,0,0
109,0.2,0.31485148514851485,0.2600023376185323,1.0,-0.0,0,0
110,0.2,0.3445544554455446,0.26117603316907,1.0,-0.0,0,0
111,0.4,0.491089108910891,0.28910891089108903,1.0,-0.0,0,0
112,0.4,0.4712871287128713,0.2794395500131606,1.0,-0.0,0,0
113,0.4,0.43564356435643564,0.25077470399055957,1.0,-0.0,0,0
114,0.4,0.7960396039603961,0.4193159899426987,1.0,-0.0,0,0
115,0.6,1.0910891089108912,0.5046514354160928,1.0,-0.0,0,0
116,0.6,1.0435643564356434,0.44641938315918744,1.0,-0.0,0,0
117,0.6,1.3821782178217819,0.48100473219795237,1.0,-0.0,0,0
118,0.6,1.4158415841584162,0.47235090858917084,1.0,-0.0,0,0
119,0.4,0.9920792079207921,0.37855461651722244,1.0,-0.0,0,0
120,0.2,0.772277227722772,0.3365870672468849,1.0,-0.0,0,0
121,0.0,0.6415841584158416,0.29826804568337,1.0,-0.0,0,0
122,0.0,0.297029702970297,0.1962295309598019,1.0,-0.0,0,0
123,0.2,0.3782178217821782,0.23019748749006905,1.0,-0.0,0,0
124,0.2,0.3099009900990099,0.19776220869301223,1.0,-0.0,0,0
125,0.2,0.18613861386138614,0.17407731466008644,0.4682666591432675,0.32950676313522076,0,0
126,0.2,0.2792079207920792,0.2199535647138513,1.0,-0.0,0,0
127,0.6,0.3524752475247524,0.25817104599717483,0.16883916816673916,0.7725267961852732,0,0
128,0.4,0.25346534653465347,0.21040477559032858,0.2430761370829363,0.614257673990408,0,0
129,0.4,0.2653465346534653,0.22357829982213775,0.273498757321896,0.5630446426010054,0,0
130,0.4,0.2653465346534653,0.22357829982213775,0.273498757321896,0.5630446426010054,0,0
131,0.4,0.17227722772277224,0.1758255277657276,0.0976319496059156,1.0104080382047471,0,0
132,0.0,0.07128712871287128,0.10747934055534186,1.0,-0.0,0,0
133,0.0,0.03168316831683169,0.0730260947112308,1.0,-0.0,0,0
134,0.0,0.0,0.0,1.0,-0.0,0,0
135,0.0,0.009900990099009901,0.04338396495090425,1.0,-0.0,0,0
136,0.0,0.3287128712871287,0.24789675017075366,1.0,-0.0,0,0
137,0.0,0.40198019801980206,0.27646287703805517,1.0,-0.0,0,0
138,0.0,0.40198019801980206,0.27646287703805517,1.0,-0.0,0,0
139,0.0,0.40198019801980206,0.27646287703805517,1.0,-0.0,0,0
140,0.0,0.3920792079207921,0.26983059163399326,1.0,-0.0,0,0
141,0.0,0.0712871287128713,0.11110305060677654,1.0,-0.0,0,0
142,0.0,0.0,0.0,1.0,-0.0,0,0
143,0.0,0.0,0.0,1.0,-0.0,0,0
144,0.0,0.0,0.0,1.0,-0.0,0,0
145,0.0,0.06336633663366337,0.10120342446875752,1.0,-0.0,0,0
146,0.0,0.06336633663366337,0.10120342446875752,1.0,-0.0,0,0
147,0.0,0.06336633663366337,0.10120342446875752,1.0,-0.0,0,0
148,0.4,0.27722772277227714,0.22685154046130196,0.29418452920064286,0.5313801700158891,0,0
149,0.4,0.31089108910891083,0.23626675228949945,0.35302964407376347,0.4521888251586007,0,0
150,0.4,0.24752475247524752,0.2146118113835647,0.2387063728964725,0.6221359862013489,0,0
151,0.4,0.24752475247524752,0.2146118113835647,0.2387063728964725,0.6221359862013489,0,0
152,0.4,0.24752475247524752,0.2146118113835647,0.2387063728964725,0.6221359862013489,0,0
153,0.6,0.5564356435643565,0.33960251709995526,0.4489635264368198,0.34778893942125283,0,0
154,1.8,1.0495049504950493,0.4354635091454562,0.04240453081428848,1.3725877376875024,0,0
155,1.8,1.075247524752475,0.4421831394688256,0.05060326009096994,1.295821503043395,0,0
156,1.8,1.075247524752475,0.4421831394688256,0.05060326009096994,1.295821503043395,0,0
157,2.0,1.095049504950495,0.4401566412498948,0.019892523820320217,1.7013101132202606,0,0
158,1.4,0.5722772277227723,0.29116318852614337,0.002235858321384572,2.6505557196542737,0,0
159,0.2,0.04554455445544555,0.09283729243351321,0.04808399917069303,1.3179994190099724,0,0
160,0.2,0.019801980198019806,0.05973506189702319,0.0012780474741147156,2.893453013655617,0,0
161,0.2,0.019801980198019806,0.05973506189702319,0.0012780474741147156,2.893453013655617,0,0
162,0.0,0.0,0.0,1.0,-0.0,0,0
163,0.0,0.0,0.0,1.0,-0.0,0,0
164,0.0,0.0,0.0,1.0,-0.0,0,0
165,0.0,0.0,0.0,1.0,-0.0,0,0
166,0.0,0.0,0.0,1.0,-0.0,0,0
167,0.0,0.0,0.0,1.0,-0.0,0,0
168,0.0,0.0,0.0,1.0,-0.0,0,0
169,0.0,0.0,0.0,1.0,-0.0,0,0
170,0.2,0.021782178217821784,0.06230547612891991,0.002115616449879084,2.6745630648030154,0,0
171,0.2,0.021782178217821784,0.06230547612891991,0.002115616449879084,2.6745630648030154,0,0
172,0.2,0.021782178217821784,0.06230547612891991,0.002115616449879084,2.6745630648030154,0,0
173,0.4,0.04752475247524753,0.08512548617902843,1.7315794957970473e-05,4.7615575654523905,0,0
174,0.4,0.04752475247524753,0.08512548617902843,1.7315794957970473e-05,4.7615575654523905,0,0
175,0.2,0.025742574257425748,0.06697637435757531,0.004637140001348011,2.3337497919853583,0,0
176,0.2,0.025742574257425748,0.06697637435757531,0.004637140001348011,2.3337497919853583,0,0
177,0.2,0.025742574257425748,0.06697637435757531,0.004637140001348011,2.3337497919853583,0,0
178,0.0,0.0,0.0,1.0,-0.0,0,0
179,0.0,0.0,0.0,1.0,-0.0,0,0
180,0.0,0.049504950495049514,0.08631483056516186,1.0,-0.0,0,0
181,0.0,0.0712871287128713,0.11110305060677654,1.0,-0.0,0,0
182,0.0,0.0712871287128713,0.11110305060677654,1.0,-0.0,0,0
183,0.0,0.09702970297029703,0.13383560593042218,1.0,-0.0,0,0
184,0.0,0.11683168316831684,0.1598695674609062,1.0,-0.0,0,0
185,0.0,0.07722772277227723,0.122580495370631,1.0,-0.0,0,0
186,0.0,0.05544554455445545,0.1019369320889802,1.0,-0.0,0,0
187,0.0,0.07524752475247526,0.11205191564986226,1.0,-0.0,0,0
188,0.0,0.04950495049504951,0.08631483056516186,1.0,-0.0,0,0
189,0.0,0.05742574257425742,0.09048443294095733,1.0,-0.0,0,0
190,0.0,0.04752475247524753,0.08512548617902843,1.0,-0.0,0,0
191,0.0,0.06930693069306931,0.11057238501634631,1.0,-0.0,0,0
192,0.0,0.1504950495049505,0.1577212495187317,1.0,-0.0,0,0
193,0.0,0.1504950495049505,0.1577212495187317,1.0,-0.0,0,0
194,0.0,0.1207920792079208,0.14372473118118065,1.0,-0.0,0,0
195,0.0,0.1207920792079208,0.14372473118118065,1.0,-0.0,0,0
196,0.0,0.09900990099009901,0.12145573247679728,1.0,-0.0,0,0
197,0.0,0.0,0.0,1.0,-0.0,0,0
198,0.0,0.0,0.0,1.0,-0.0,0,0
199,0.0,0.0,0.0,1.0,-0.0,0,0
200,0.0,0.0,0.0,1.0,-0.0,0,0
201,0.0,0.0,0.0,1.0,-0.0,0,0
202,0.0,0.0,0.0,1.0,-0.0,0,0
203,0.0,0.0,0.0,1.0,-0.0,0,0
204,0.0,0.0,0.0,1.0,-0.0,0,0
205,0.0,0.0,0.0,1.0,-0.0,0,0
206,0.0,0.0,0.0,1.0,-0.0,0,0
207,0.0,0.0,0.0,1.0,-0.0,0,0
208,0.0,0.23960396039603957,0.1970471160025168,1.0,-0.0,0,0
209,0.0,0.35841584158415846,0.24906451775889302,1.0,-0.0,0,0
210,0.0,0.7009900990099011,0.363289440699496,1.0,-0.0,0,0
211,0.0,0.7009900990099011,0.363289440699496,1.0,-0.0,0,0
212,0.0,0.8019801980198021,0.3674854878308767,1.0,-0.0,0,0
213,0.0,0.5623762376237624,0.3092153868664259,1.0,-0.0,0,0
214,0.0,0.48514851485148514,0.29023245671950254,1.0,-0.0,0,0
215,0.0,0.16831683168316827,0.1534621526336441,1.0,-0.0,0,0
216,0.0,0.16831683168316827,0.1534621526336441,1.0,-0.0,0,0
217,0.0,0.08712871287128712,0.127165103825761,1.0,-0.0,0,0
218,0.0,0.11485148514851487,0.15246238855382305,1.0,-0.0,0,0
219,0.0,0.07326732673267328,0.11509022642946842,1.0,-0.0,0,0
220,0.0,0.04752475247524753,0.09397077637785879,1.0,-0.0,0,0
221,0.0,0.04752475247524753,0.09397077637785879,1.0,-0.0,0,0
222,0.2,0.06336633663366337,0.10504385908811757,0.09667550266855758,1.014683561115634,0,0
223,0.2,0.05544554455445545,0.09797478714338995,0.07004915208881976,1.154597117271503,0,0
224,0.2,0.11089108910891088,0.13042276277287218,0.24723035560966655,0.6068982064618589,0,0
225,0.2,0.23960396039603957,0.2029872004552792,1.0,-0.0,0,0
226,0.2,0.23960396039603957,0.2029872004552792,1.0,-0.0,0,0
227,0.0,0.2039603960396039,0.18235032765499154,1.0,-0.0,0,0
228,0.0,0.1841584158415841,0.1772913210740546,1.0,-0.0,0,0
229,0.0,0.12673267326732673,0.1534365990321625,1.0,-0.0,0,0
230,0.0,0.0,0.0,1.0,-0.0,0,0
231,0.0,0.0,0.0,1.0,-0.0,0,0
232,0.0,0.0,0.0,1.0,-0.0,0,0
233,0.0,0.0,0.0,1.0,-0.0,0,0
234,0.0,0.023762376237623766,0.06471340450838889,1.0,-0.0,0,0
235,0.0,0.023762376237623766,0.06471340450838889,1.0,-0.0,0,0
236,0.0,0.08514851485148514,0.13886822488939993,1.0,-0.0,0,0
237,0.0,0.08514851485148514,0.13886822488939993,1.0,-0.0,0,0
238,0.0,0.38217821782178224,0.27009204137231707,1.0,-0.0,0,0
239,0.0,0.3584158415841585,0.26147613212267823,1.0,-0.0,0,0
240,0.0,0.3584158415841585,0.26147613212267823,1.0,-0.0,0,0
241,0.0,0.29504950495049503,0.24307283577120234,1.0,-0.0,0,0
242,1.8,0.6138613861386139,0.32731421394064686,0.00014512327385169424,3.8382629328770905,0,0
243,1.8,0.31881188118811876,0.2566782750614869,3.949446229267574e-09,8.403463794609829,0,0
244,2.2,0.4811881188118812,0.2967523457536983,3.476101446742408e-09,8.45890755756355,0,0
245,2.2,0.918811881188119,0.4232624051592743,0.0012352321873988067,2.908251400114266,0,0
246,2.4,1.1465346534653464,0.4708459537528957,0.003882095122108763,2.4109338273966974,0,0
247,0.6,0.8455445544554454,0.3948993486189271,1.0,-0.0,0,0
248,0.6,1.40990099009901,0.47041270073088026,1.0,-0.0,0,0
249,0.4,1.3405940594059407,0.4525348228648304,1.0,-0.0,0,0
250,0.4,0.9603960396039604,0.4068909426274269,1.0,-0.0,0,0
251,0.2,0.7326732673267327,0.39126828831861654,1.0,-0.0,0,0
252,0.2,0.7465346534653463,0.40383418723448283,1.0,-0.0,0,0
253,0.2,0.39009900990099017,0.2569836264364822,1.0,-0.0,0,0
254,0.0,0.29504950495049503,0.22443603142705315,1.0,-0.0,0,0
255,0.0,0.23762376237623759,0.2023874752261582,1.0,-0.0,0,0
256,0.0,0.4415841584158416,0.2747698683282492,1.0,-0.0,0,0
257,0.0,0.40990099009901004,0.26606965160267754,1.0,-0.0,0,0
258,0.0,0.20396039603960395,0.18016537621852308,1.0,-0.0,0,0
259,0.0,0.33663366336633666,0.24524094931967091,1.0,-0.0,0,0
260,0.0,0.33663366336633666,0.24524094931967091,1.0,-0.0,0,0
