,foreground,bg_means,bg_stdev,pvals,minus_logs,regs,active
2,0.0,0.015841584158415842,0.05401260078014202,1.0,-0.0,0,0
3,0.0,0.02970297029702971,0.07112192077650681,1.0,-0.0,0,0
4,0.0,0.02970297029702971,0.07112192077650681,1.0,-0.0,0,0
5,0.0,0.02970297029702971,0.07112192077650681,1.0,-0.0,0,0
6,0.0,0.013861386138613863,0.05079507064705211,1.0,-0.0,0,0
7,0.0,0.013861386138613863,0.05079507064705211,1.0,-0.0,0,0
8,0.0,0.0,0.0,1.0,-0.0,0,0
9,0.0,0.0,0.0,1.0,-0.0,0,0
10,0.0,0.0,0.0,1.0,-0.0,0,0
11,0.0,0.0,0.0,1.0,-0.0,0,0
12,0.0,0.0,0.0,1.0,-0.0,0,0
13,0.0,0.0,0.0,1.0,-0.0,0,0
14,0.0,0.0,0.0,1.0,-0.0,0,0
15,0.0,0.03564356435643565,0.07653920035678292,1.0,-0.0,0,0
16,0.0,0.03564356435643565,0.07653920035678292,1.0,-0.0,0,0
17,0.0,0.03564356435643565,0.07653920035678292,1.0,-0.0,0,0
18,0.0,0.049504950495049514,0.09912864166957489,1.0,-0.0,0,0
19,0.0,0.08316831683168316,0.11694909354640316,1.0,-0.0,0,0
20,0.0,0.04752475247524753,0.08965727859541997,1.0,-0.0,0,0
21,0.0,0.04752475247524753,0.08965727859541997,1.0,-0.0,0,0
22,0.0,0.04752475247524753,0.08965727859541997,1.0,-0.0,0,0
23,0.0,0.033663366336633666,0.07482947971362847,1.0,-0.0,0,0
24,0.0,0.0,0.0,1.0,-0.0,0,0
25,0.0,0.0,0.0,1.0,-0.0,0,0
26,0.0,0.0,0.0,1.0,-0.0,0,0
27,0.0,0.0,0.0,1.0,-0.0,0,0
28,0.0,0.011881188118811881,0.047276579747775535,1.0,-0.0,0,0
29,0.0,0.011881188118811881,0.047276579747775535,1.0,-0.0,0,0
30,0.0,0.011881188118811881,0.047276579747775535,1.0,-0.0,0,0
31,0.0,0.04950495049504951,0.10304643034659554,1.0,-0.0,0,0
32,0.0,0.04950495049504951,0.10304643034659554,1.0,-0.0,0,0
33,0.0,0.03762376237623762,0.08771182015980238,1.0,-0.0,0,0
34,0.6,0.35841584158415846,0.25534574764063156,0.17204724741668354,0.7643522712633831,0,0
35,0.6,0.35841584158415846,0.25534574764063156,0.17204724741668354,0.7643522712633831,0,0
36,0.6,0.3188118811881188,0.24884400906780205,0.12924286326171364,0.8885934291363801,0,0
37,0.6,0.3188118811881188,0.24884400906780205,0.12924286326171364,0.8885934291363801,0,0
38,0.6,0.35643564356435653,0.28088116002371716,0.19293161225931665,0.7145966064413681,0,0
39,0.0,0.03762376237623762,0.07816140339006158,1.0,-0.0,0,0
40,0.0,0.03762376237623762,0.07816140339006158,1.0,-0.0,0,0
41,0.0,0.03762376237623762,0.07816140339006158,1.0,-0.0,0,0
42,0.0,0.03762376237623762,0.07816140339006158,1.0,-0.0,0,0
43,0.0,0.0,0.0,1.0,-0.0,0,0
44,0.2,0.0039603960396039604,0.027863855998951064,9.918686161641043e-13,12.003545851085576,0,0
45,0.2,0.0039603960396039604,0.027863855998951064,9.918686161641043e-13,12.003545851085576,0,0
46,0.2,0.0039603960396039604,0.027863855998951064,9.918686161641043e-13,12.003545851085576,0,0
47,0.2,0.0039603960396039604,0.027863855998951064,9.918686161641043e-13,12.003545851085576,0,0
48,0.2,0.0039603960396039604,0.027863855998951064,9.918686161641043e-13,12.003545851085576,0,0
49,0.0,0.0,0.0,1.0,-0.0,0,0
50,0.0,0.0,0.0,1.0,-0.0,0,0
51,0.0,0.0,0.0,1.0,-0.0,0,0
52,0.0,0.0,0.0,1.0,-0.0,0,0
53,0.2,0.33663366336633666,0.19686793697642088,1.0,-0.0,0,0
54,0.2,0.33663366336633666,0.19686793697642088,1.0,-0.0,0,0
55,0.2,0.33663366336633666,0.19686793697642088,1.0,-0.0,0,0
56,0.2,0.33663366336633666,0.19686793697642088,1.0,-0.0,0,0
57,0.2,0.3742574257425743,0.20997570125642082,1.0,-0.0,0,0
58,0.0,0.03762376237623763,0.07816140339006158,1.0,-0.0,0,0
59,0.2,0.33861386138613864,0.23671443171910667,1.0,-0.0,0,0
60,0.2,0.33861386138613864,0.23671443171910667,1.0,-0.0,0,0
61,0.2,0.37623762376237624,0.25838359496842855,1.0,-0.0,0,0
62,0.2,0.33762376237623765,0.23498535246051624,1.0,-0.0,0,0
63,0.2,0.33762376237623765,0.23498535246051624,1.0,-0.0,0,0
64,0.0,0.03564356435643565,0.07653920035678292,1.0,-0.0,0,0
65,0.2,0.2910891089108911,0.23801947249610647,1.0,-0.0,0,0
66,0.2,0.2554455445544555,0.220024862467657,1.0,-0.0,0,0
67,0.2,0.2554455445544555,0.220024862467657,1.0,-0.0,0,0
68,0.2,0.5366336633663366,0.2713088088467953,1.0,-0.0,0,0
69,0.2,0.5366336633663366,0.2713088088467953,1.0,-0.0,0,0
70,0.4,0.3346534653465347,0.24873368141482086,0.39638440588511714,0.40188343938166365,0,0
71,0.4,0.3346534653465347,0.24873368141482086,0.39638440588511714,0.40188343938166365,0,0
72,0.4,0.3346534653465347,0.24873368141482086,0.39638440588511714,0.40188343938166365,0,0
73,0.4,0.05346534653465346,0.09704990696905226,0.00017802439318403976,3.7495204858967237,0,0
74,0.4,0.34059405940594056,0.24299216375817073,0.40343079352190364,0.39423095553764115,0,0
75,0.0,0.2851485148514852,0.2168113377135999,1.0,-0.0,0,0
76,0.0,0.2851485148514852,0.2168113377135999,1.0,-0.0,0,0
77,0.0,0.2851485148514852,0.2168113377135999,1.0,-0.0,0,0
78,0.0,0.2851485148514852,0.2168113377135999,1.0,-0.0,0,0
79,0.0,0.0,0.0,1.0,-0.0,0,0
80,0.0,0.0,0.0,1.0,-0.0,0,0
81,0.0,0.0,0.0,1.0,-0.0,0,0
82,0.0,0.0,0.0,1.0,-0.0,0,0
83,0.0,0.0,0.0,1.0,-0.0,0,0
84,0.0,0.0,0.0,1.0,-0.0,0,0
85,0.0,0.10297029702970295,0.13962853515884507,1.0,-0.0,0,0
86,0.0,0.10297029702970295,0.13962853515884507,1.0,-0.0,0,0
87,0.0,0.10297029702970295,0.13962853515884507,1.0,-0.0,0,0
88,0.0,0.10297029702970295,0.13962853515884507,1.0,-0.0,0,0
89,0.0,0.10297029702970295,0.13962853515884507,1.0,-0.0,0,0
90,0.0,0.0,0.0,1.0,-0.0,0,0
91,0.0,0.0,0.0,1.0,-0.0,0,0
92,0.0,0.0,0.0,1.0,-0.0,0,0
93,0.0,0.0,0.0,1.0,-0.0,0,0
94,0.0,0.015841584158415842,0.05401260078014202,1.0,-0.0,0,0
95,0.0,0.015841584158415842,0.05401260078014202,1.0,-0.0,0,0
96,0.0,0.015841584158415842,0.05401260078014202,1.0,-0.0,0,0
97,0.0,0.015841584158415842,0.05401260078014202,1.0,-0.0,0,0
98,0.0,0.015841584158415842,0.05401260078014202,1.0,-0.0,0,0
99,0.0,0.0,0.0,1.0,-0.0,0,0
100,0.0,0.0,0.0,1.0,-0.0,0,0
101,0.0,0.0,0.0,1.0,-0.0,0,0
102,0.0,0.0,0.0,1.0,-0.0,0,0
103,0.0,0.0,0.0,1.0,-0.0,0,0
104,0.0,0.0,0.0,1.0,-0.0,0,0
105,0.0,0.0,0.0,1.0,-0.0,0,0
106,0.0,0.0,0.0,1.0,-0.0,0,0
107,0.0,0.0,0.0,1.0,-0.0,0,0
108,0.0,0.0,0.0,1.0,-0.0,0,0
109,0.0,0.0,0.0,1.0,-0.0,0,0
110,0.0,0.0,0.0,1.0,-0.0,0,0
111,0.0,0.0,0.0,1.0,-0.0,0,0
112,0.0,0.0,0.0,1.0,-0.0,0,0
113,0.0,0.10693069306930691,0.12762679639066946,1.0,-0.0,0,0
114,0.0,0.10693069306930691,0.12762679639066946,1.0,-0.0,0,0
115,0.0,0.10693069306930691,0.12762679639066946,1.0,-0.0,0,0
116,0.0,0.10693069306930691,0.12762679639066946,1.0,-0.0,0,0
117,0.0,0.14653465346534653,0.14041265664345218,1.0,-0.0,0,0
118,0.0,0.03762376237623763,0.07816140339006158,1.0,-0.0,0,0
119,0.0,0.03762376237623763,0.07816140339006158,1.0,-0.0,0,0
120,0.0,0.03762376237623763,0.07816140339006158,1.0,-0.0,0,0
121,0.0,0.03762376237623763,0.07816140339006158,1.0,-0.0,0,0
122,0.0,0.0,0.0,1.0,-0.0,0,0
123,0.0,0.0,0.0,1.0,-0.0,0,0
124,0.0,0.0,0.0,1.0,-0.0,0,0
125,0.0,0.0,0.0,1.0,-0.0,0,0
126,0.0,0.0,0.0,1.0,-0.0,0,0
127,0.0,0.0,0.0,1.0,-0.0,0,0
128,0.0,0.0,0.0,1.0,-0.0,0,0
129,0.0,0.0,0.0,1.0,-0.0,0,0
130,0.0,0.03564356435643565,0.07653920035678292,1.0,-0.0,0,0
131,0.0,0.03564356435643565,0.07653920035678292,1.0,-0.0,0,0
132,0.0,0.03564356435643565,0.07653920035678292,1.0,-0.0,0,0
133,0.0,0.03564356435643565,0.07653920035678292,1.0,-0.0,0,0
134,0.0,0.03564356435643565,0.07653920035678292,1.0,-0.0,0,0
135,0.0,0.0,0.0,1.0,-0.0,0,0
136,0.0,0.07722772277227724,0.11593886073904515,1.0,-0.0,0,0
137,0.0,0.10099009900990098,0.12781100644043505,1.0,-0.0,0,0
138,0.0,0.10099009900990098,0.12781100644043505,1.0,-0.0,0,0
139,0.0,0.1900990099009901,0.16739409271610342,1.0,-0.0,0,0
140,0.0,0.1900990099009901,0.16739409271610342,1.0,-0.0,0,0
141,0.0,0.1108910891089109,0.14481192315867106,1.0,-0.0,0,0
142,0.0,0.08712871287128714,0.13024224675172555,1.0,-0.0,0,0
143,0.0,0.08712871287128714,0.13024224675172555,1.0,-0.0,0,0
144,0.0,0.0,0.0,1.0,-0.0,0,0
145,0.0,0.0,0.0,1.0,-0.0,0,0
146,0.0,0.0,0.0,1.0,-0.0,0,0
147,0.0,0.0,0.0,1.0,-0.0,0,0
148,0.0,0.0,0.0,1.0,-0.0,0,0
149,0.0,0.0,0.0,1.0,-0.0,0,0
150,0.0,0.0,0.0,1.0,-0.0,0,0
151,0.0,0.0,0.0,1.0,-0.0,0,0
152,0.0,0.0,0.0,1.0,-0.0,0,0
153,0.0,0.0,0.0,1.0,-0.0,0,0
154,0.0,0.041584158415841586,0.09039772047931348,1.0,-0.0,0,0
155,0.0,0.041584158415841586,0.09039772047931348,1.0,-0.0,0,0
156,0.0,0.05346534653465347,0.10489443673781407,1.0,-0.0,0,0
157,1.0,0.4574257425742575,0.2538209139669598,0.016273543318772274,1.7885178756895552,0,0
158,1.0,0.4574257425742575,0.2538209139669598,0.016273543318772274,1.7885178756895552,0,0
159,1.0,0.41584158415841593,0.22634971333360096,0.0049288940543535265,2.3072505168227857,0,0
160,1.0,0.41584158415841593,0.22634971333360096,0.0049288940543535265,2.3072505168227857,0,0
161,1.6,0.7643564356435645,0.3474330645459217,0.008081964013637484,2.0924830876614307,0,0
162,0.6,0.36039603960396044,0.2714388532863786,0.18869432844420864,0.7242411531599257,0,0
163,0.6,0.36039603960396044,0.2714388532863786,0.18869432844420864,0.7242411531599257,0,0
164,0.6,0.36039603960396044,0.2714388532863786,0.18869432844420864,0.7242411531599257,0,0
165,0.6,0.36039603960396044,0.2714388532863786,0.18869432844420864,0.7242411531599257,0,0
166,0.0,0.0,0.0,1.0,-0.0,0,0
167,0.0,0.009900990099009901,0.04338396495090424,1.0,-0.0,0,0
168,0.0,0.009900990099009901,0.04338396495090424,1.0,-0.0,0,0
169,0.0,0.019801980198019802,0.059735061897023205,1.0,-0.0,0,0
170,0.0,0.019801980198019802,0.059735061897023205,1.0,-0.0,0,0
171,0.2,0.06930693069306931,0.11409790329416189,0.12601207675801535,0.8995878309298326,0,0
172,0.2,0.10297029702970295,0.13084299831035082,0.2291728857470876,0.6398367665781117,0,0
173,0.2,0.10297029702970295,0.13084299831035082,0.2291728857470876,0.6398367665781117,0,0
174,0.2,0.09306930693069305,0.12448501897427097,0.19517455309290543,0.7095768064016368,0,0
175,0.2,0.09306930693069305,0.12448501897427097,0.19517455309290543,0.7095768064016368,0,0
176,0.0,0.04356435643564357,0.08255312311158745,1.0,-0.0,0,0
177,0.0,0.0,0.0,1.0,-0.0,0,0
178,0.0,0.013861386138613863,0.05079507064705211,1.0,-0.0,0,0
179,0.0,0.013861386138613863,0.05079507064705211,1.0,-0.0,0,0
180,0.0,0.11683168316831682,0.14146987009498416,1.0,-0.0,0,0
181,0.0,0.1564356435643564,0.15821769786485684,1.0,-0.0,0,0
182,0.4,0.19207920792079203,0.16867754011126218,0.10885271971782602,0.9631607155095359,0,0
183,0.4,0.17821782178217815,0.1614316888886243,0.08474484640402559,1.0718867031112818,0,0
184,0.4,0.19999999999999996,0.17349066228760007,0.12449628418730725,0.9048436106648772,0,0
185,0.4,0.09504950495049506,0.1277189346265117,0.008477810817850356,2.071716278930851,0,0
186,0.4,0.07326732673267328,0.1115960618107356,0.0017067629990529696,2.7678267807888814,0,0
187,0.0,0.03762376237623762,0.07816140339006157,1.0,-0.0,0,0
188,0.0,0.06534653465346535,0.09793475658517417,1.0,-0.0,0,0
189,0.0,0.04356435643564357,0.08255312311158745,1.0,-0.0,0,0
190,0.0,0.04356435643564357,0.08255312311158745,1.0,-0.0,0,0
191,0.0,0.027722772277227727,0.06910862719451544,1.0,-0.0,0,0
192,0.0,0.027722772277227727,0.06910862719451544,1.0,-0.0,0,0
193,0.0,0.0,0.0,1.0,-0.0,0,0
194,0.0,0.0,0.0,1.0,-0.0,0,0
195,0.0,0.0,0.0,1.0,-0.0,0,0
196,0.0,0.23366336633663365,0.19512739059128736,1.0,-0.0,0,0
197,0.0,0.23366336633663365,0.19512739059128736,1.0,-0.0,0,0
198,0.0,0.23366336633663365,0.19512739059128736,1.0,-0.0,0,0
199,0.0,0.23366336633663365,0.19512739059128736,1.0,-0.0,0,0
200,0.0,0.23366336633663365,0.19512739059128736,1.0,-0.0,0,0
201,0.0,0.0,0.0,1.0,-0.0,0,0
202,0.0,0.0,0.0,1.0,-0.0,0,0
203,0.0,0.0,0.0,1.0,-0.0,0,0
204,0.0,0.0,0.0,1.0,-0.0,0,0
205,0.0,0.0,0.0,1.0,-0.0,0,0
206,0.0,0.0,0.0,1.0,-0.0,0,0
207,0.0,0.0,0.0,1.0,-0.0,0,0
208,0.0,0.0,0.0,1.0,-0.0,0,0
209,0.0,0.0,0.0,1.0,-0.0,0,0
210,0.0,0.0,0.0,1.0,-0.0,0,0
211,0.0,0.0,0.0,1.0,-0.0,0,0
212,0.0,0.0,0.0,1.0,-0.0,0,0
213,0.0,0.0,0.0,1.0,-0.0,0,0
214,0.0,0.0,0.0,1.0,-0.0,0,0
215,0.0,0.0,0.0,1.0,-0.0,0,0
216,0.0,0.0,0.0,1.0,-0.0,0,0
217,0.0,0.0,0.0,1.0,-0.0,0,0
218,0.0,0.04356435643564357,0.08255312311158745,1.0,-0.0,0,0
219,0.0,0.04356435643564357,0.08255312311158745,1.0,-0.0,0,0
220,0.0,0.0712871287128713,0.10372911567294095,1.0,-0.0,0,0
221,0.0,0.0712871287128713,0.10372911567294095,1.0,-0.0,0,0
222,0.0,0.12277227722772276,0.1488445185977516,1.0,-0.0,0,0
223,0.0,0.07920792079207921,0.11631029826208643,1.0,-0.0,0,0
224,0.0,0.13069306930693064,0.152693684345798,1.0,-0.0,0,0
225,0.0,0.10297029702970295,0.13676274574124359,1.0,-0.0,0,0
226,0.0,0.10297029702970295,0.13676274574124359,1.0,-0.0,0,0
227,0.0,0.12475247524752475,0.13744913773527348,1.0,-0.0,0,0
228,0.0,0.14059405940594058,0.15036471688371983,1.0,-0.0,0,0
229,0.0,0.08712871287128712,0.11745095149573798,1.0,-0.0,0,0
230,0.0,0.08712871287128712,0.11745095149573798,1.0,-0.0,0,0
231,0.0,0.08712871287128712,0.11745095149573798,1.0,-0.0,0,0
232,0.0,0.015841584158415842,0.05401260078014202,1.0,-0.0,0,0
233,0.2,0.043564356435643575,0.09164702150816742,0.043916930442951946,1.3573680223438191,0,0
234,0.2,0.043564356435643575,0.09164702150816742,0.043916930442951946,1.3573680223438191,0,0
235,0.4,0.10495049504950495,0.12457948087149173,0.008933484139188727,2.0489791293179596,0,0
