,foreground,bg_means,bg_stdev,pvals,minus_logs,regs,active
2,0.0,0.13465346534653463,0.12302752132284411,1.0,-0.0,0,0
3,0.0,0.11485148514851483,0.1172170185104851,1.0,-0.0,0,0
4,0.0,0.13465346534653466,0.12302752132284411,1.0,-0.0,0,0
5,0.0,0.07524752475247524,0.10474480123119363,1.0,-0.0,0,0
6,0.0,0.019801980198019802,0.059735061897023205,1.0,-0.0,0,0
7,0.0,0.019801980198019802,0.059735061897023205,1.0,-0.0,0,0
8,0.0,0.019801980198019802,0.059735061897023205,1.0,-0.0,0,0
9,0.0,0.0,0.0,1.0,-0.0,0,0
10,0.0,0.0,0.0,1.0,-0.0,0,0
11,0.0,0.019801980198019802,0.0597350618970232,1.0,-0.0,0,0
12,0.0,0.019801980198019802,0.0597350618970232,1.0,-0.0,0,0
13,0.0,0.019801980198019802,0.0597350618970232,1.0,-0.0,0,0
14,0.0,0.019801980198019802,0.0597350618970232,1.0,-0.0,0,0
15,0.0,0.019801980198019802,0.0597350618970232,1.0,-0.0,0,0
16,0.0,0.0,0.0,1.0,-0.0,0,0
17,0.0,0.08316831683168316,0.10996786833199856,1.0,-0.0,0,0
18,0.0,0.12475247524752472,0.13156027914354926,1.0,-0.0,0,0
19,0.0,0.12475247524752472,0.13156027914354926,1.0,-0.0,0,0
20,0.0,0.1504950495049505,0.1473352494078279,1.0,-0.0,0,0
21,0.0,0.1504950495049505,0.1473352494078279,1.0,-0.0,0,0
22,0.0,0.06534653465346535,0.10571364605971598,1.0,-0.0,0,0
23,0.0,0.025742574257425745,0.0669763743575753,1.0,-0.0,0,0
24,0.0,0.025742574257425745,0.0669763743575753,1.0,-0.0,0,0
25,0.0,0.0,0.0,1.0,-0.0,0,0
26,0.0,0.0,0.0,1.0,-0.0,0,0
27,0.0,0.0,0.0,1.0,-0.0,0,0
28,0.0,0.0,0.0,1.0,-0.0,0,0
29,0.0,0.0,0.0,1.0,-0.0,0,0
30,0.0,0.0,0.0,1.0,-0.0,0,0
31,0.0,0.0,0.0,1.0,-0.0,0,0
32,0.0,0.0,0.0,1.0,-0.0,0,0
33,0.0,0.0,0.0,1.0,-0.0,0,0
34,0.0,0.0,0.0,1.0,-0.0,0,0
35,0.0,0.0,0.0,1.0,-0.0,0,0
36,0.0,0.0,0.0,1.0,-0.0,0,0
37,0.0,0.0,0.0,1.0,-0.0,0,0
38,0.0,0.0,0.0,1.0,-0.0,0,0
39,0.0,0.0,0.0,1.0,-0.0,0,0
40,0.0,0.02772277227722773,0.06910862719451544,1.0,-0.0,0,0
41,0.0,0.02772277227722773,0.06910862719451544,1.0,-0.0,0,0
42,0.2,0.05940594059405942,0.10357779667819422,0.08733081746926048,1.0588324745635314,0,0
43,0.2,0.05940594059405942,0.10357779667819422,0.08733081746926048,1.0588324745635314,0,0
44,0.2,0.05940594059405942,0.10357779667819422,0.08733081746926048,1.0588324745635314,0,0
45,0.2,0.031683168316831684,0.07826167463512675,0.015750221703151112,1.8027133286186672,0,0
46,0.2,0.031683168316831684,0.07826167463512675,0.015750221703151112,1.8027133286186672,0,0
47,0.0,0.0,0.0,1.0,-0.0,0,0
48,0.0,0.017821782178217824,0.05698017651460656,1.0,-0.0,0,0
49,0.0,0.03564356435643565,0.08626938974571075,1.0,-0.0,0,0
50,0.0,0.10099009900990097,0.1367914141716479,1.0,-0.0,0,0
51,0.0,0.10099009900990097,0.1367914141716479,1.0,-0.0,1,0
52,0.0,0.10099009900990097,0.1367914141716479,1.0,-0.0,0,0
53,0.0,0.1405940594059406,0.15036471688371983,1.0,-0.0,0,0
54,0.0,0.1207920792079208,0.13810372890425898,1.0,-0.0,0,0
55,0.0,0.05544554455445546,0.1019369320889802,1.0,-0.0,0,0
56,0.0,0.05544554455445546,0.1019369320889802,1.0,-0.0,0,0
57,0.0,0.05544554455445546,0.1019369320889802,1.0,-0.0,0,0
58,0.0,0.0,0.0,1.0,-0.0,0,0
59,0.0,0.017821782178217824,0.056980176514606566,1.0,-0.0,0,0
60,0.0,0.017821782178217824,0.056980176514606566,1.0,-0.0,0,0
61,0.2,0.06336633663366337,0.09304823860966917,0.0709954233253661,1.1487696468950523,0,0
62,0.4,0.0871287128712871,0.10685732723352112,0.001706107951925008,2.767993492839023,0,0
63,0.4,0.0871287128712871,0.10685732723352112,0.001706107951925008,2.767993492839023,0,0
64,0.4,0.06930693069306931,0.09924724028627063,0.0004311015412453391,3.3654204244828096,0,0
65,1.2,0.3861386138613862,0.24897003794854192,0.0005398075153210317,3.2677610733924447,0,0
66,1.0,0.3405940594059407,0.2446165792741744,0.0035123453139635414,2.4544027932851127,0,0
67,0.8,0.31683168316831684,0.22385873680891216,0.015449827026337131,1.811076378499847,0,0
68,0.8,0.31683168316831684,0.22385873680891216,0.015449827026337131,1.811076378499847,0,0
69,0.8,0.31683168316831684,0.22385873680891216,0.015449827026337131,1.811076378499847,0,0
70,0.0,0.0,0.0,1.0,-0.0,0,0
71,0.0,0.0,0.0,1.0,-0.0,0,0
72,0.2,0.19999999999999996,5.551115123125783e-17,0.15865525393145707,0.7995455414919704,0,0
73,0.2,0.19999999999999996,5.551115123125783e-17,0.15865525393145707,0.7995455414919704,0,0
74,0.2,0.19999999999999996,5.551115123125783e-17,0.15865525393145707,0.7995455414919704,2,0
75,0.4,0.594059405940594,0.20576915941409615,1.0,-0.0,0,0
76,0.4,0.9485148514851486,0.23656529937533588,1.0,-0.0,0,0
77,0.4,0.8534653465346534,0.2623444778087793,1.0,-0.0,0,0
