,foreground,bg_means,bg_stdev,pvals,minus_logs,regs,active
2,0.4,0.6277227722772277,0.26104087608337107,1.0,-0.0,0,0
3,0.4,0.6277227722772277,0.26104087608337107,1.0,-0.0,0,0
4,0.4,0.7346534653465344,0.26863632288493655,1.0,-0.0,0,0
5,0.4,0.7069306930693067,0.2603339157155611,1.0,-0.0,0,0
6,0.4,0.8752475247524751,0.3231668608004474,1.0,-0.0,0,0
7,0.2,0.6752475247524752,0.3231668608004474,1.0,-0.0,0,0
8,0.2,0.6752475247524752,0.3231668608004474,1.0,-0.0,0,0
9,0.4,0.703960396039604,0.3323843630018717,1.0,-0.0,0,0
10,0.6,1.3485148514851484,0.4084779430733723,1.0,-0.0,0,0
11,0.4,0.7782178217821781,0.3016797726512975,1.0,-0.0,0,0
12,0.4,0.7782178217821781,0.3016797726512975,1.0,-0.0,0,0
13,0.6,1.3435643564356436,0.4184875742703064,1.0,-0.0,0,0
14,0.4,1.2099009900990099,0.39739372462994094,1.0,-0.0,0,0
15,0.2,0.5663366336633664,0.28985391599626653,1.0,-0.0,0,0
16,0.2,0.5663366336633664,0.28985391599626653,1.0,-0.0,0,0
17,0.2,0.5663366336633664,0.28985391599626653,1.0,-0.0,0,0
18,0.0,0.0,0.0,1.0,-0.0,0,0
19,0.2,0.0297029702970297,0.07112192077650681,0.008322928729312118,2.079723824290396,0,0
20,0.2,0.0297029702970297,0.07112192077650681,0.008322928729312118,2.079723824290396,0,0
21,1.2,0.8297029702970296,0.3769456599899205,0.16296081102475446,0.7879168226020316,0,0
22,1.2,0.8297029702970296,0.3769456599899205,0.16296081102475446,0.7879168226020316,0,0
23,1.2,0.8297029702970296,0.3769456599899205,0.16296081102475446,0.7879168226020316,0,0
24,1.0,0.7999999999999999,0.36369936447947265,0.2911923606835696,0.5358200227535412,0,0
25,1.0,0.7999999999999999,0.36369936447947265,0.2911923606835696,0.5358200227535412,0,0
26,0.0,0.0,0.0,1.0,-0.0,0,0
27,0.2,0.4455445544554456,0.30296382572523206,1.0,-0.0,0,0
28,0.2,0.4455445544554456,0.30296382572523206,1.0,-0.0,0,0
29,0.2,0.4455445544554456,0.30296382572523206,1.0,-0.0,0,0
30,0.2,0.4455445544554456,0.30296382572523206,1.0,-0.0,0,0
31,0.2,0.4455445544554456,0.30296382572523206,1.0,-0.0,0,0
32,0.2,0.30297029702970296,0.22622841587085502,1.0,-0.0,0,0
33,0.2,0.30297029702970296,0.22622841587085502,1.0,-0.0,0,0
34,0.2,0.43366336633663366,0.27151107328320967,1.0,-0.0,0,0
35,0.2,0.6217821782178218,0.29904268392839334,1.0,-0.0,0,0
36,0.2,0.6217821782178218,0.29904268392839334,1.0,-0.0,0,0
37,0.0,0.31683168316831684,0.22208254059642107,1.0,-0.0,0,0
38,0.0,0.31683168316831684,0.22208254059642107,1.0,-0.0,0,0
39,0.2,0.32673267326732675,0.22289325647929042,1.0,-0.0,0,0
40,0.2,0.1386138613861386,0.1427941099193659,0.33363686539697923,0.47672596776479237,0,0
41,0.2,0.17029702970297025,0.15767151871203472,0.42528737591810895,0.37131750854032636,0,0
42,0.2,0.17029702970297025,0.15767151871203472,0.42528737591810895,0.37131750854032636,0,0
43,0.2,0.2118811881188119,0.17308335353197749,1.0,-0.0,0,0
44,0.0,0.07326732673267328,0.10798889666879984,1.0,-0.0,0,0
45,0.0,0.07326732673267328,0.10798889666879984,1.0,-0.0,0,0
46,0.0,0.041584158415841586,0.08116396646304633,1.0,-0.0,0,0
47,0.0,0.041584158415841586,0.08116396646304633,1.0,-0.0,0,0
48,0.0,0.0,0.0,1.0,-0.0,0,0
49,0.0,0.0,0.0,1.0,-0.0,0,0
50,0.0,0.0,0.0,1.0,-0.0,0,0
51,0.0,0.14455445544554457,0.14656141045515514,1.0,-0.0,0,0
52,0.0,0.14455445544554457,0.14656141045515514,1.0,-0.0,0,0
53,0.0,0.14455445544554457,0.14656141045515514,1.0,-0.0,0,0
54,0.0,0.14455445544554457,0.14656141045515514,1.0,-0.0,0,0
55,0.0,0.14455445544554457,0.14656141045515514,1.0,-0.0,0,0
56,0.0,0.0,0.0,1.0,-0.0,0,0
57,0.0,0.08316831683168316,0.12353642740976017,1.0,-0.0,0,0
58,0.0,0.08316831683168316,0.12353642740976017,1.0,-0.0,0,0
59,0.0,0.16633663366336632,0.19102497256412113,1.0,-0.0,0,0
60,0.0,0.16633663366336632,0.19102497256412113,1.0,-0.0,0,0
61,0.0,0.16633663366336632,0.19102497256412113,1.0,-0.0,0,0
62,0.0,0.08118811881188118,0.13549532985786936,1.0,-0.0,0,0
63,0.0,0.08118811881188118,0.13549532985786936,1.0,-0.0,0,0
64,2.0,0.796039603960396,0.37440931487503043,0.0006508012925961006,3.18655159315559,0,0
65,3.0,1.4475247524752477,0.4504330280448489,0.00028381442329277314,3.546965537711194,0,0
66,5.0,2.146534653465346,0.5936236025230168,7.665976926932177e-07,6.115432492219824,0,0
67,5.0,2.146534653465346,0.5936236025230168,7.665976926932177e-07,6.115432492219824,0,0
68,5.0,2.146534653465346,0.5936236025230168,7.665976926932177e-07,6.115432492219824,0,0
69,3.2,1.41980198019802,0.526903865577427,0.0003642780906037395,3.4385669484836794,0,0
70,2.2,0.7683168316831681,0.3568094849195795,3.0044852000995355e-05,4.522229930952102,0,0
71,0.2,0.06930693069306931,0.0951731868570132,0.08484305035126001,1.0713837257412195,0,0
72,0.2,0.06930693069306931,0.0951731868570132,0.08484305035126001,1.0713837257412195,0,0
73,0.2,0.06930693069306931,0.0951731868570132,0.08484305035126001,1.0713837257412195,0,0
74,0.4,0.26534653465346536,0.22883070986019358,0.27811802508987093,0.5557708631912706,0,0
75,0.6,0.297029702970297,0.24147051376663706,0.10479591575410348,0.9796556429250013,0,0
76,1.0,0.502970297029703,0.2919566784439613,0.044339353707287726,1.3532106414742198,0,0
77,1.0,0.5346534653465346,0.30456449789671886,0.06326769009575257,1.1988180213489938,0,0
78,2.2,1.1207920792079207,0.4512505904514759,0.008387708201659167,2.0763566865297216,0,0
79,2.0,1.1267326732673268,0.43118328764728237,0.021419258384254077,1.669195570161581,0,0
80,2.2,1.302970297029703,0.43927380341338174,0.020572085572473413,1.6867216778384202,0,0
81,2.0,1.2594059405940594,0.4122332843873582,0.036204247049748804,1.441240480238093,0,0
82,2.2,1.3356435643564357,0.45545845870627694,0.028863043433385232,1.5396578771012315,0,0
83,1.0,0.7485148514851483,0.3302006175028075,0.22314544750369847,0.6514119689811512,0,0
84,0.8,0.5227722772277228,0.29913445704208624,0.1770239525628724,0.7519679666207445,0,0
85,0.8,0.6198019801980198,0.2617609074505705,0.2455982839840712,0.609774671972451,0,0
86,1.0,0.7069306930693069,0.3407206764418109,0.19485446147841567,0.7102896459489155,0,0
87,0.8,0.6019801980198021,0.29982839911324655,0.25448454181953134,0.5943385929200324,0,0
88,0.8,0.6633663366336631,0.31956739702763076,0.334486399357106,0.47562153650376415,0,0
89,0.8,0.6198019801980198,0.31403468370601395,0.28304627469569443,0.5481425566944205,0,0
90,0.4,0.3108910891089109,0.26322485591615613,0.36748276985442546,0.4347630188452807,0,0
91,0.0,0.0613861386138614,0.10433219700847124,1.0,-0.0,0,0
92,0.4,0.33069306930693065,0.2293954923972211,0.3812770292140556,0.4187593588650366,0,0
93,0.4,0.3346534653465346,0.22709340493990418,0.3867683700718377,0.4125490497517623,0,0
94,0.4,0.39207920792079204,0.24360460103802914,0.4870306959039432,0.31244366580469873,0,0
95,0.4,0.5465346534653467,0.27845555538342165,1.0,-0.0,0,0
96,0.4,0.697029702970297,0.31417200483601987,1.0,-0.0,0,0
97,0.0,0.4297029702970297,0.24273383314559505,1.0,-0.0,0,0
98,0.4,0.801980198019802,0.35654563759368796,1.0,-0.0,0,0
99,0.4,0.8138613861386137,0.37575790156452815,1.0,-0.0,0,0
100,0.4,0.6594059405940594,0.3642918582462574,1.0,-0.0,0,0
101,0.8,0.681188118811881,0.3660635856920604,0.3727546912333606,0.4285768821098672,0,0
102,0.8,0.7128712871287127,0.37486984311168714,0.40810439179315805,0.3892287315651968,0,0
103,0.4,0.32079207920792085,0.24868638315151845,0.37505085317792963,0.4259098422530182,0,0
104,0.4,0.2514851485148515,0.21369630592401923,0.2435336350202682,0.6134410488439428,0,0
105,0.4,0.2514851485148515,0.21369630592401923,0.2435336350202682,0.6134410488439428,0,0
106,0.0,0.07722772277227724,0.10889288780093088,1.0,-0.0,0,0
107,0.0,0.04554455445544555,0.08387254884969257,1.0,-0.0,0,0
108,0.0,0.0,0.0,1.0,-0.0,0,0
109,0.2,1.0594059405940595,0.36968764386183545,1.0,-0.0,0,0
110,0.2,1.3287128712871288,0.3966035588640588,1.0,-0.0,0,0
111,0.2,1.3287128712871288,0.3966035588640588,1.0,-0.0,0,0
112,0.2,1.3683168316831684,0.4152848701554884,1.0,-0.0,0,0
113,0.2,1.4376237623762378,0.4265569002352673,1.0,-0.0,0,0
114,0.0,0.8198019801980199,0.37496397238953266,1.0,-0.0,0,0
115,0.0,0.5524752475247524,0.29804447120028504,1.0,-0.0,0,0
116,0.0,0.5524752475247524,0.29804447120028504,1.0,-0.0,0,0
117,0.0,0.5742574257425743,0.31043038324380867,1.0,-0.0,0,0
118,0.0,0.6891089108910889,0.3520522548125716,1.0,-0.0,0,0
119,0.0,0.4435643564356437,0.27083144500006545,1.0,-0.0,0,0
120,0.0,0.4435643564356437,0.27083144500006545,1.0,-0.0,0,0
121,0.0,0.4435643564356437,0.27083144500006545,1.0,-0.0,0,0
