,foreground,bg_means,bg_stdev,pvals,minus_logs,regs,active
2,0.0,0.3524752475247525,0.2271624617774255,1.0,-0.0,0,0
3,0.0,0.3524752475247525,0.2271624617774255,1.0,-0.0,0,0
4,0.0,0.6752475247524753,0.3169801632279404,1.0,-0.0,0,0
5,0.0,0.6752475247524753,0.3169801632279404,1.0,-0.0,0,0
6,0.0,0.3237623762376238,0.226531537747735,1.0,-0.0,0,0
7,0.0,0.3237623762376238,0.226531537747735,1.0,-0.0,0,0
8,0.0,0.3237623762376238,0.226531537747735,1.0,-0.0,0,0
9,0.0,0.05940594059405942,0.11096178792967841,1.0,-0.0,0,0
10,0.0,0.05940594059405942,0.11096178792967841,1.0,-0.0,0,0
11,0.0,0.23564356435643566,0.1896239939782038,1.0,-0.0,0,0
12,0.0,0.23564356435643566,0.1896239939782038,1.0,-0.0,0,0
13,0.0,0.23564356435643566,0.1896239939782038,1.0,-0.0,0,0
14,0.0,0.1762376237623762,0.16718313599370643,1.0,-0.0,0,0
15,0.0,0.1762376237623762,0.16718313599370643,1.0,-0.0,0,0
16,0.0,0.0,0.0,1.0,-0.0,0,0
17,0.0,0.1465346534653465,0.15387043310940524,1.0,-0.0,0,0
18,0.0,0.1465346534653465,0.15387043310940524,1.0,-0.0,0,0
19,0.0,0.1465346534653465,0.15387043310940524,1.0,-0.0,0,0
20,0.0,0.1465346534653465,0.15387043310940524,1.0,-0.0,0,0
21,0.0,0.1465346534653465,0.15387043310940524,1.0,-0.0,0,0
22,0.0,0.0,0.0,1.0,-0.0,0,0
23,0.0,0.0,0.0,1.0,-0.0,0,0
24,0.0,0.0,0.0,1.0,-0.0,0,0
25,0.0,0.0,0.0,1.0,-0.0,0,0
26,0.0,0.021782178217821784,0.06230547612891991,1.0,-0.0,0,0
27,0.0,0.021782178217821784,0.06230547612891991,1.0,-0.0,0,0
28,0.0,0.021782178217821784,0.06230547612891991,1.0,-0.0,0,0
29,0.0,0.021782178217821784,0.06230547612891991,1.0,-0.0,0,0
30,0.0,0.033663366336633666,0.07994704648786674,1.0,-0.0,0,0
31,0.2,0.05940594059405942,0.10357779667819424,0.08733081746926048,1.0588324745635314,0,0
32,0.2,0.05940594059405942,0.10357779667819424,0.08733081746926048,1.0588324745635314,0,0
33,0.4,0.2158415841584158,0.21923931192767449,0.20045752582621518,0.6979776342827906,0,0
34,0.4,0.2158415841584158,0.21923931192767449,0.20045752582621518,0.6979776342827906,0,0
35,0.4,0.20396039603960395,0.2179657490030418,0.18421834252587516,0.7346671295074085,0,0
36,0.2,0.22376237623762374,0.2054449481084029,1.0,-0.0,0,0
37,0.2,0.49504950495049505,0.29863592113281356,1.0,-0.0,0,0
38,0.0,0.3386138613861387,0.2528922977540193,1.0,-0.0,0,0
39,0.0,0.36633663366336633,0.25651017686671324,1.0,-0.0,0,0
40,0.0,0.3841584158415841,0.2650360234313485,1.0,-0.0,0,0
41,0.0,0.31485148514851485,0.2522713212545122,1.0,-0.0,0,0
42,0.0,0.04356435643564357,0.0916470215081674,1.0,-0.0,0,0
43,0.0,0.10495049504950493,0.13957235791450373,1.0,-0.0,0,0
44,0.0,0.07722772277227723,0.122580495370631,1.0,-0.0,0,0
45,0.0,0.06138613861386138,0.11166631429601336,1.0,-0.0,0,0
46,0.0,0.14653465346534655,0.17551302816760664,1.0,-0.0,0,0
47,0.0,0.14653465346534655,0.17551302816760664,1.0,-0.0,0,0
48,0.0,0.08514851485148514,0.12379009590564582,1.0,-0.0,0,0
49,0.0,0.08514851485148514,0.12379009590564582,1.0,-0.0,0,0
50,0.0,0.08514851485148514,0.12379009590564582,1.0,-0.0,0,0
51,0.0,0.06732673267326733,0.1135467024699521,1.0,-0.0,0,0
52,0.0,0.06732673267326733,0.1135467024699521,1.0,-0.0,0,0
53,0.0,0.06732673267326733,0.1135467024699521,1.0,-0.0,0,0
54,0.0,0.06732673267326733,0.1135467024699521,1.0,-0.0,0,0
55,0.0,0.06732673267326733,0.1135467024699521,1.0,-0.0,0,0
56,0.0,0.0,0.0,1.0,-0.0,0,0
57,0.0,0.0,0.0,1.0,-0.0,0,0
58,0.0,0.0,0.0,1.0,-0.0,0,0
59,0.0,0.0,0.0,1.0,-0.0,0,0
60,1.2,0.2693069306930693,0.1938370113824201,7.87718864130792e-07,6.103628754010421,0,0
61,1.2,0.2693069306930693,0.1938370113824201,7.87718864130792e-07,6.103628754010421,0,0
62,1.4,0.3188118811881188,0.20905864982525393,1.1598838872534864e-07,6.935585484608482,0,0
63,1.4,0.3188118811881188,0.20905864982525393,1.1598838872534864e-07,6.935585484608482,0,0
64,1.4,0.499009900990099,0.2851072577414014,0.0007883599561296366,3.1032754433393213,0,0
65,0.2,0.22970297029702966,0.21504986962753755,1.0,-0.0,0,0
66,0.2,0.2495049504950495,0.21508633420933893,1.0,-0.0,0,0
67,0.2,0.5445544554455446,0.3331444094227817,1.0,-0.0,0,0
68,0.2,0.5445544554455446,0.3331444094227817,1.0,-0.0,0,0
69,0.2,0.3663366336633664,0.2502581747006666,1.0,-0.0,0,0
70,0.2,0.3663366336633664,0.2502581747006666,1.0,-0.0,0,0
71,0.2,0.5089108910891089,0.3115273806445994,1.0,-0.0,0,0
72,0.0,0.16435643564356434,0.1766487584013007,1.0,-0.0,0,0
73,0.0,0.16435643564356434,0.1766487584013007,1.0,-0.0,0,0
74,0.0,0.16435643564356434,0.1766487584013007,1.0,-0.0,0,0
75,0.0,0.16435643564356434,0.1766487584013007,1.0,-0.0,0,0
76,0.0,0.0,0.0,1.0,-0.0,0,0
77,0.0,0.0,0.0,1.0,-0.0,0,0
78,0.0,0.0,0.0,1.0,-0.0,0,0
79,0.0,0.0,0.0,1.0,-0.0,0,0
80,0.0,0.0,0.0,1.0,-0.0,0,0
81,0.0,0.0,0.0,1.0,-0.0,0,0
82,0.0,0.0,0.0,1.0,-0.0,0,0
83,0.0,0.0,0.0,1.0,-0.0,0,0
84,0.0,0.0,0.0,1.0,-0.0,0,0
85,0.0,0.0,0.0,1.0,-0.0,0,0
86,0.0,0.0,0.0,1.0,-0.0,0,0
87,0.0,0.0,0.0,1.0,-0.0,0,0
88,0.0,0.0,0.0,1.0,-0.0,0,0
89,0.0,0.0,0.0,1.0,-0.0,0,0
90,0.0,0.0,0.0,1.0,-0.0,0,0
91,0.0,0.0,0.0,1.0,-0.0,0,0
92,0.0,0.0,0.0,1.0,-0.0,0,0
93,0.0,0.0,0.0,1.0,-0.0,0,0
94,0.0,0.0,0.0,1.0,-0.0,0,0
95,0.0,0.0,0.0,1.0,-0.0,0,0
96,0.0,0.10495049504950493,0.1213588391765906,1.0,-0.0,0,0
97,0.0,0.18217821782178212,0.14377928602511958,1.0,-0.0,0,0
98,0.0,0.18217821782178212,0.14377928602511958,1.0,-0.0,0,0
99,0.0,0.18217821782178212,0.14377928602511958,1.0,-0.0,0,0
100,0.0,0.18217821782178212,0.14377928602511958,1.0,-0.0,0,0
101,0.0,0.07524752475247526,0.11205191564986228,1.0,-0.0,0,0
102,0.0,0.08514851485148514,0.13598641357140115,1.0,-0.0,0,0
103,0.0,0.08514851485148514,0.13598641357140115,1.0,-0.0,0,0
104,0.0,0.08514851485148514,0.13598641357140115,1.0,-0.0,0,0
105,0.0,0.08514851485148514,0.13598641357140115,1.0,-0.0,0,0
106,0.0,0.08514851485148514,0.13598641357140115,1.0,-0.0,0,0
107,0.0,0.0,0.0,1.0,-0.0,0,0
108,0.0,0.0,0.0,1.0,-0.0,0,0
109,0.0,0.0,0.0,1.0,-0.0,0,0
110,0.0,0.0,0.0,1.0,-0.0,0,0
111,0.0,0.0,0.0,1.0,-0.0,0,0
112,0.0,0.0,0.0,1.0,-0.0,0,0
113,0.0,0.0,0.0,1.0,-0.0,0,0
114,0.0,0.0,0.0,1.0,-0.0,0,0
115,0.0,0.0,0.0,1.0,-0.0,0,0
116,0.0,0.0,0.0,1.0,-0.0,0,0
117,0.0,0.0,0.0,1.0,-0.0,0,0
118,0.0,0.0,0.0,1.0,-0.0,0,0
119,0.0,0.0,0.0,1.0,-0.0,0,0
120,0.0,0.0,0.0,1.0,-0.0,0,0
121,0.0,0.0,0.0,1.0,-0.0,0,0
122,0.0,0.0,0.0,1.0,-0.0,0,0
123,0.0,0.0,0.0,1.0,-0.0,0,0
124,0.0,0.0,0.0,1.0,-0.0,0,0
125,0.0,0.0,0.0,1.0,-0.0,0,0
126,0.0,0.0,0.0,1.0,-0.0,0,0
127,0.8,0.10297029702970295,0.14519051706790778,7.901905037888864e-07,6.102268193810314,0,0
128,0.8,0.10297029702970295,0.14519051706790778,7.901905037888864e-07,6.102268193810314,0,0
129,0.8,0.2851485148514852,0.24266920752327137,0.016934892901836526,1.7712175455377148,0,0
130,0.8,0.2851485148514852,0.24266920752327137,0.016934892901836526,1.7712175455377148,0,0
131,0.8,0.2851485148514852,0.24266920752327137,0.016934892901836526,1.7712175455377148,0,0
132,0.0,0.19603960396039602,0.19494644711665693,1.0,-0.0,0,0
133,0.0,0.19603960396039602,0.19494644711665693,1.0,-0.0,0,0
134,0.0,0.01386138613861386,0.05079507064705211,1.0,-0.0,0,0
135,0.0,0.01386138613861386,0.05079507064705211,1.0,-0.0,0,0
136,0.0,0.01386138613861386,0.05079507064705211,1.0,-0.0,0,0
137,0.0,0.015841584158415842,0.054012600780142014,1.0,-0.0,0,0
138,0.0,0.015841584158415842,0.054012600780142014,1.0,-0.0,0,0
139,0.4,0.36039603960396044,0.2371777993387382,0.4336928738188916,0.3628177138589824,0,0
140,0.4,0.38613861386138615,0.25055570040216446,0.4779407393455768,0.3206259489332871,0,0
141,0.4,0.38613861386138615,0.25055570040216446,0.4779407393455768,0.3206259489332871,0,0
142,0.4,0.37029702970297035,0.24273383314559505,0.4513035999495489,0.3455312021944817,0,0
143,0.4,0.37029702970297035,0.24273383314559505,0.4513035999495489,0.3455312021944817,0,0
144,0.0,0.025742574257425745,0.0669763743575753,1.0,-0.0,0,0
145,0.0,0.0,0.0,1.0,-0.0,0,0
146,0.0,0.20198019801980194,0.20584537021649227,1.0,-0.0,0,0
147,0.0,0.20198019801980194,0.20584537021649227,1.0,-0.0,0,0
148,0.0,0.3663366336633664,0.2729658259257397,1.0,-0.0,0,0
149,0.0,0.3663366336633664,0.2729658259257397,1.0,-0.0,0,0
150,0.2,0.42772277227722777,0.27579545149545487,1.0,-0.0,0,0
151,0.2,0.22574257425742572,0.20808103207694084,1.0,-0.0,0,0
152,0.4,0.3465346534653466,0.25930766787914217,0.41832320967241654,0.3784880389502703,0,0
153,1.2,0.33267326732673275,0.24255607125200096,0.00017459375131448313,3.757971303690021,0,0
154,1.2,0.33267326732673275,0.24255607125200096,0.00017459375131448313,3.757971303690021,0,0
155,1.0,0.2712871287128713,0.2226468293652734,0.0005321486424824759,3.2739670414019177,0,0
156,1.0,0.2712871287128713,0.2226468293652734,0.0005321486424824759,3.2739670414019177,0,0
157,0.8,0.15247524752475244,0.17382935720677026,9.763445902410724e-05,4.010396875747455,0,0
158,0.0,0.0,0.0,1.0,-0.0,0,0
159,0.0,0.04752475247524753,0.09397077637785879,1.0,-0.0,0,0
160,0.6,0.20594059405940596,0.20188310615339294,0.02547393009787879,1.5939040472565686,0,0
161,0.6,0.20594059405940596,0.20188310615339294,0.02547393009787879,1.5939040472565686,0,0
162,0.6,0.20594059405940596,0.20188310615339294,0.02547393009787879,1.5939040472565686,0,0
163,0.6,0.21980198019801975,0.20777930122098492,0.033638681948701676,1.4731610293313218,0,0
164,0.6,0.1861386138613861,0.18933427036517264,0.01441231056401976,1.8412663880435811,0,0
165,0.0,0.02772277227722773,0.06910862719451544,1.0,-0.0,0,0
166,0.0,0.02772277227722773,0.06910862719451544,1.0,-0.0,0,0
167,0.0,0.02772277227722773,0.06910862719451544,1.0,-0.0,0,0
168,0.0,0.1188118811881188,0.14122019271030048,1.0,-0.0,0,0
169,0.0,0.12475247524752472,0.14030090759539288,1.0,-0.0,0,0
170,0.0,0.12475247524752472,0.14030090759539288,1.0,-0.0,0,0
171,0.0,0.12475247524752472,0.14030090759539288,1.0,-0.0,0,0
172,0.0,0.15049504950495046,0.15772124951873168,1.0,-0.0,0,0
173,0.0,0.06732673267326733,0.09861306612268303,1.0,-0.0,0,0
174,0.0,0.049504950495049514,0.08631483056516186,1.0,-0.0,0,0
175,0.0,0.049504950495049514,0.08631483056516186,1.0,-0.0,0,0
176,0.0,0.05544554455445545,0.09384550979067556,1.0,-0.0,0,0
177,0.0,0.0297029702970297,0.07648795214189293,1.0,-0.0,0,0
178,0.0,0.019801980198019802,0.059735061897023205,1.0,-0.0,0,0
179,0.0,0.033663366336633666,0.07482947971362848,1.0,-0.0,0,0
180,0.2,0.10495049504950493,0.12771893462651168,0.22837520121158456,0.6413510570010156,0,0
181,0.2,0.09900990099009897,0.12467387119760155,0.20896026115900324,0.679936297622463,0,0
182,0.2,0.11287128712871286,0.13024224675172555,0.25175594337998036,0.5990202679574179,0,0
183,0.2,0.11089108910891088,0.14205074403533427,0.26523019637673795,0.5763770331585044,0,0
184,0.2,0.09702970297029703,0.13084299831035082,0.2156479632222777,0.6662546393752192,0,0
185,0.0,0.025742574257425745,0.07264925278354115,1.0,-0.0,0,0
186,0.0,0.025742574257425745,0.07264925278354115,1.0,-0.0,0,0
187,0.2,0.013861386138613863,0.050795070647052104,0.00012391038159364294,3.90689230556944,0,0
188,0.2,0.0019801980198019802,0.019801980198019802,1.0000007619853025e-17,16.999999669074114,0,0
189,0.2,0.0019801980198019802,0.019801980198019802,1.0000007619853025e-17,16.999999669074114,0,0
190,0.2,0.0019801980198019802,0.019801980198019802,1.0000007619853025e-17,16.999999669074114,0,0
191,0.2,0.0019801980198019802,0.019801980198019802,1.0000007619853025e-17,16.999999669074114,0,0
192,0.0,0.0,0.0,1.0,-0.0,0,0
193,0.0,0.0,0.0,1.0,-0.0,0,0
194,0.0,0.0,0.0,1.0,-0.0,0,0
195,0.0,0.0,0.0,1.0,-0.0,0,0
196,0.0,0.0,0.0,1.0,-0.0,0,0
197,0.0,0.0,0.0,1.0,-0.0,0,0
198,0.0,0.0,0.0,1.0,-0.0,0,0
199,0.0,0.0,0.0,1.0,-0.0,0,0
200,0.0,0.0,0.0,1.0,-0.0,0,0
201,0.0,0.019801980198019802,0.059735061897023205,1.0,-0.0,0,0
202,0.0,0.019801980198019802,0.059735061897023205,1.0,-0.0,0,0
203,0.0,0.019801980198019802,0.059735061897023205,1.0,-0.0,0,0
204,0.0,0.019801980198019802,0.059735061897023205,1.0,-0.0,0,0
205,0.0,0.019801980198019802,0.059735061897023205,1.0,-0.0,0,0
206,0.2,0.025742574257425748,0.06697637435757531,0.004637140001348011,2.3337497919853583,0,0
207,0.2,0.025742574257425748,0.06697637435757531,0.004637140001348011,2.3337497919853583,0,0
208,0.2,0.041584158415841586,0.08590499787518362,0.03258561123651815,1.4869741281544258,0,0
209,0.2,0.041584158415841586,0.08590499787518362,0.03258561123651815,1.4869741281544258,0,0
210,0.2,0.041584158415841586,0.08590499787518362,0.03258561123651815,1.4869741281544258,0,0
211,0.0,0.015841584158415842,0.05401260078014202,1.0,-0.0,0,0
212,0.0,0.015841584158415842,0.05401260078014202,1.0,-0.0,0,0
213,0.0,0.0,0.0,1.0,-0.0,0,0
214,0.0,0.0,0.0,1.0,-0.0,0,0
215,0.0,0.0,0.0,1.0,-0.0,0,0
216,0.0,0.0,0.0,1.0,-0.0,0,0
217,0.2,0.11881188118811879,0.14399729871443837,0.28643935507266,0.5429673127723917,0,0
218,0.4,0.15445544554455443,0.17321922953369534,0.07816308719626741,1.1069982956835338,0,0
219,0.6,0.22376237623762377,0.19556899208121015,0.027189188579053076,1.5656037530928257,0,0
220,0.6,0.24554455445544554,0.19270084159529288,0.032927608354338604,1.482439812447336,0,0
221,0.8,0.6792079207920791,0.35940457681873106,0.36840171462901466,0.4336783571608926,0,0
222,0.6,0.6910891089108909,0.3509813709481905,1.0,-0.0,0,0
223,0.4,0.6574257425742573,0.3427745079461364,1.0,-0.0,0,0
224,0.2,0.594059405940594,0.31016500947817693,1.0,-0.0,0,0
225,0.2,0.5722772277227722,0.2978865528893751,1.0,-0.0,0,0
226,0.0,0.14554455445544554,0.17091758912506996,1.0,-0.0,0,0
227,0.0,0.10891089108910887,0.1335716590419014,1.0,-0.0,0,0
228,0.0,0.10891089108910887,0.1335716590419014,1.0,-0.0,0,0
229,0.0,0.11485148514851483,0.13598641357140118,1.0,-0.0,0,0
230,0.0,0.1782178217821782,0.17777723316802724,1.0,-0.0,0,0
231,0.0,0.17029702970297028,0.17885474744676658,1.0,-0.0,0,0
232,0.2,0.11287128712871289,0.1390657415135005,0.26548402751583466,0.5759616025312937,0,0
233,0.2,0.13663366336633664,0.1539723340696535,0.34033696996690255,0.46809087200164434,0,0
234,0.2,0.17227722772277226,0.17126137275595765,0.4357025185904342,0.360809929605751,0,0
235,0.2,0.1603960396039604,0.17353585980361697,0.40973848838876054,0.3874932390984468,0,0
236,0.4,0.19207920792079206,0.1948257247722589,0.14293754688821514,0.8448536755862833,0,0
237,0.2,0.15247524752475247,0.1715359035858037,0.39086922215113845,0.40796852546483753,0,0
238,0.2,0.12871287128712872,0.15307840071356585,0.3207185927345455,0.4938758623729074,0,0
239,0.8,0.16633663366336626,0.16184409300358454,4.515149586694478e-05,4.345327856956272,0,0
240,0.8,0.11485148514851483,0.130031327995105,6.854585721655778e-08,7.164018788027748,0,0
241,0.6,0.08316831683168316,0.11694909354640316,4.951338789875803e-06,5.305277356532642,0,0
242,0.6,0.20396039603960395,0.20485241829915377,0.026600099611481125,1.5751167370292494,0,0
243,0.6,0.22772277227722773,0.21805568000039185,0.04388708698915873,1.3576632445484853,0,0
244,0.0,0.14356435643564355,0.17143300604381725,1.0,-0.0,0,0
245,0.0,0.14356435643564355,0.17143300604381725,1.0,-0.0,0,0
246,0.0,0.14356435643564355,0.17143300604381725,1.0,-0.0,0,0
247,0.0,0.023762376237623766,0.06471340450838889,1.0,-0.0,0,0
248,0.0,0.017821782178217824,0.05698017651460656,1.0,-0.0,0,0
249,0.0,0.11485148514851483,0.14169143619800648,1.0,-0.0,0,0
250,0.6,0.3920792079207921,0.2827317828841285,0.2310481343370559,0.6362975339636834,0,0
251,0.6,0.3920792079207921,0.2827317828841285,0.2310481343370559,0.6362975339636834,0,0
252,0.6,0.3920792079207921,0.2827317828841285,0.2310481343370559,0.6362975339636834,0,0
253,0.6,0.37425742574257426,0.27091830098979097,0.20235197854480907,0.693892544833611,0,0
254,0.6,0.27524752475247527,0.22838474598108224,0.07751988389088676,1.1105868864421329,0,0
255,0.0,0.0,0.0,1.0,-0.0,0,0
256,0.0,0.0,0.0,1.0,-0.0,0,0
257,0.0,0.0,0.0,1.0,-0.0,0,0
258,0.0,0.0,0.0,1.0,-0.0,0,0
259,0.0,0.0,0.0,1.0,-0.0,0,0
260,0.0,0.0,0.0,1.0,-0.0,0,0
261,0.0,0.0,0.0,1.0,-0.0,0,0
262,0.0,0.35445544554455455,0.245160990741262,1.0,-0.0,0,0
263,0.0,0.7504950495049503,0.3684658487006101,1.0,-0.0,0,0
264,0.0,0.7504950495049503,0.3684658487006101,1.0,-0.0,0,0
265,0.0,0.7504950495049503,0.3684658487006101,1.0,-0.0,0,0
266,0.0,0.7504950495049503,0.3684658487006101,1.0,-0.0,0,0
267,0.0,0.3960396039603961,0.29648795480156936,1.0,-0.0,0,0
268,0.0,0.10891089108910891,0.14494724878689189,1.0,-0.0,0,0
269,0.0,0.10891089108910891,0.14494724878689189,1.0,-0.0,0,0
270,0.0,0.10891089108910891,0.14494724878689189,1.0,-0.0,0,0
271,0.0,0.25742574257425743,0.2426530484283626,1.0,-0.0,0,0
272,0.0,0.25742574257425743,0.2426530484283626,1.0,-0.0,0,0
273,0.0,0.14752475247524752,0.18379608772376654,1.0,-0.0,0,0
274,0.0,0.14752475247524752,0.18379608772376654,1.0,-0.0,0,0
275,0.0,0.14752475247524752,0.18379608772376654,1.0,-0.0,0,0
276,0.0,0.0,0.0,1.0,-0.0,0,0
