,foreground,bg_means,bg_stdev,pvals,minus_logs,regs,active
2,0.0,0.05346534653465347,0.10489443673781407,1.0,-0.0,0,0
3,0.0,0.06336633663366337,0.11917436454123627,1.0,-0.0,0,0
4,0.0,0.06336633663366337,0.11917436454123627,1.0,-0.0,0,0
5,0.0,0.015841584158415842,0.054012600780142014,1.0,-0.0,0,0
6,0.0,0.009900990099009901,0.04338396495090424,1.0,-0.0,0,0
7,0.0,0.009900990099009901,0.04338396495090424,1.0,-0.0,0,0
8,0.0,0.0,0.0,1.0,-0.0,0,0
9,0.0,0.1584158415841584,0.16486858056632595,1.0,-0.0,0,0
10,0.0,0.16831683168316827,0.1705731126127369,1.0,-0.0,0,0
11,0.0,0.18613861386138614,0.18077375114498542,1.0,-0.0,0,0
12,0.0,0.18613861386138614,0.18077375114498542,1.0,-0.0,0,0
13,0.0,0.18613861386138614,0.18077375114498542,1.0,-0.0,0,0
14,0.4,0.14455445544554454,0.1518696989212991,0.04628396606634862,1.3345694334944862,0,0
15,0.4,0.1861386138613861,0.16472581657889443,0.09709436603488232,1.012805969586836,0,0
16,0.4,0.16831683168316827,0.15602150973142348,0.06877936048315002,1.1625418666054599,0,0
17,0.4,0.2099009900990099,0.19371559764587087,0.16321491170600433,0.7872401655834462,0,0
18,0.4,0.2099009900990099,0.19371559764587087,0.16321491170600433,0.7872401655834462,0,0
19,0.0,0.09306930693069305,0.12762679639066946,1.0,-0.0,0,0
20,0.0,0.04158415841584159,0.09039772047931348,1.0,-0.0,0,0
21,0.0,0.04158415841584159,0.09039772047931348,1.0,-0.0,0,0
22,0.0,0.0,0.0,1.0,-0.0,0,0
23,0.0,0.0,0.0,1.0,-0.0,0,0
24,0.0,0.0,0.0,1.0,-0.0,0,0
25,0.0,0.0,0.0,1.0,-0.0,0,0
26,0.0,0.0,0.0,1.0,-0.0,0,0
27,0.0,0.08712871287128712,0.11402914890208296,1.0,-0.0,0,0
28,0.0,0.08712871287128712,0.11402914890208296,1.0,-0.0,0,0
29,0.0,0.19009900990099005,0.1576466474257041,1.0,-0.0,0,0
30,0.0,0.19009900990099005,0.1576466474257041,1.0,-0.0,0,0
31,0.0,0.19009900990099005,0.1576466474257041,1.0,-0.0,0,0
32,0.0,0.10099009900990098,0.1308729634998678,1.0,-0.0,0,0
33,0.0,0.10099009900990098,0.1308729634998678,1.0,-0.0,0,0
34,0.0,0.0,0.0,1.0,-0.0,0,0
35,0.0,0.0,0.0,1.0,-0.0,0,0
36,0.0,0.0,0.0,1.0,-0.0,0,0
37,0.0,0.0,0.0,1.0,-0.0,0,0
38,0.0,0.017821782178217824,0.05698017651460656,1.0,-0.0,0,0
39,0.0,0.12079207920792079,0.14372473118118065,1.0,-0.0,0,0
40,0.0,0.12079207920792079,0.14372473118118065,1.0,-0.0,0,0
41,0.0,0.12079207920792079,0.14372473118118065,1.0,-0.0,0,0
42,0.0,0.12079207920792079,0.14372473118118065,1.0,-0.0,0,0
43,0.0,0.10891089108910891,0.13650445892763632,1.0,-0.0,0,0
44,0.0,0.0059405940594059415,0.03395332316729158,1.0,-0.0,0,0
45,0.0,0.0059405940594059415,0.03395332316729158,1.0,-0.0,0,0
46,0.0,0.0059405940594059415,0.03395332316729158,1.0,-0.0,0,0
47,0.0,0.0059405940594059415,0.03395332316729158,1.0,-0.0,0,0
48,0.0,0.0,0.0,1.0,-0.0,0,0
49,0.0,0.09702970297029703,0.1367627457412436,1.0,-0.0,0,0
50,0.0,0.09702970297029703,0.1367627457412436,1.0,-0.0,0,0
51,0.0,0.09702970297029703,0.1367627457412436,1.0,-0.0,0,0
52,0.0,0.09702970297029703,0.1367627457412436,1.0,-0.0,0,0
53,0.0,0.1306930693069307,0.16753458295712848,1.0,-0.0,0,0
54,0.0,0.10495049504950493,0.14784005112815915,1.0,-0.0,0,0
55,0.0,0.10495049504950493,0.14784005112815915,1.0,-0.0,0,0
56,0.0,0.10495049504950493,0.14784005112815915,1.0,-0.0,0,0
57,0.0,0.10495049504950493,0.14784005112815915,1.0,-0.0,0,0
58,0.0,0.0712871287128713,0.11801714396634726,1.0,-0.0,0,0
59,0.0,0.0,0.0,1.0,-0.0,0,0
60,0.0,0.09108910891089109,0.13057300215314485,1.0,-0.0,0,0
61,0.0,0.09108910891089109,0.13057300215314485,1.0,-0.0,0,0
62,0.0,0.09504950495049505,0.13078304733432375,1.0,-0.0,0,0
63,0.0,0.09504950495049505,0.13078304733432375,1.0,-0.0,0,0
64,0.0,0.14257425742574256,0.16249693654596944,1.0,-0.0,0,0
65,0.0,0.049504950495049514,0.09078727434730813,1.0,-0.0,0,0
66,0.0,0.06930693069306931,0.11057238501634628,1.0,-0.0,0,0
67,0.0,0.06534653465346535,0.10939585993610405,1.0,-0.0,0,0
68,0.0,0.06534653465346535,0.10939585993610405,1.0,-0.0,0,0
69,0.0,0.019801980198019802,0.059735061897023205,1.0,-0.0,0,0
70,0.0,0.019801980198019802,0.059735061897023205,1.0,-0.0,0,0
71,0.0,0.011881188118811881,0.047276579747775535,1.0,-0.0,0,0
72,0.0,0.011881188118811881,0.047276579747775535,1.0,-0.0,0,0
73,0.0,0.011881188118811881,0.047276579747775535,1.0,-0.0,0,0
74,0.0,0.011881188118811881,0.047276579747775535,1.0,-0.0,0,0
75,0.0,0.011881188118811881,0.047276579747775535,1.0,-0.0,0,0
76,0.0,0.007920792079207921,0.03900537743285587,1.0,-0.0,0,0
77,0.0,0.007920792079207921,0.03900537743285587,1.0,-0.0,0,0
78,0.0,0.007920792079207921,0.03900537743285587,1.0,-0.0,0,0
79,0.0,0.02970297029702971,0.07648795214189293,1.0,-0.0,0,0
80,0.0,0.02970297029702971,0.07648795214189293,1.0,-0.0,0,0
81,0.0,0.021782178217821784,0.06230547612891991,1.0,-0.0,0,0
82,0.0,0.09702970297029702,0.14243667729389656,1.0,-0.0,0,0
83,0.0,0.18217821782178212,0.16909546170462725,1.0,-0.0,0,0
84,0.0,0.16039603960396034,0.15161128508951263,1.0,-0.0,0,0
85,0.0,0.16039603960396034,0.15161128508951263,1.0,-0.0,0,0
86,0.0,0.16039603960396034,0.15161128508951263,1.0,-0.0,0,0
87,0.0,0.08316831683168316,0.12353642740976015,1.0,-0.0,0,0
88,0.0,0.0,0.0,1.0,-0.0,0,0
89,0.0,0.039603960396039604,0.07970143286137867,1.0,-0.0,0,0
90,0.0,0.039603960396039604,0.07970143286137867,1.0,-0.0,0,0
91,0.0,0.20792079207920788,0.18003474269593195,1.0,-0.0,0,0
92,0.0,0.21188118811881182,0.17981680926331076,1.0,-0.0,0,0
93,0.0,0.21188118811881182,0.17981680926331076,1.0,-0.0,0,0
94,0.0,0.17227722772277226,0.16174715133989812,1.0,-0.0,0,0
95,0.0,0.2475247524752475,0.19930277449641393,1.0,-0.0,0,0
96,0.0,0.10891089108910891,0.1529246303073887,1.0,-0.0,0,0
97,0.0,0.33663366336633666,0.2178757808855329,1.0,-0.0,0,0
98,0.0,0.398019801980198,0.24291146495359456,1.0,-0.0,0,0
99,0.0,0.398019801980198,0.24291146495359456,1.0,-0.0,0,0
100,0.0,0.3227722772277227,0.23875966130213722,1.0,-0.0,0,0
101,0.0,0.291089108910891,0.23126813973317123,1.0,-0.0,0,0
102,0.0,0.061386138613861385,0.1080614942545921,1.0,-0.0,0,0
103,0.0,0.013861386138613863,0.05079507064705211,1.0,-0.0,0,0
104,0.0,0.013861386138613863,0.05079507064705211,1.0,-0.0,0,0
105,0.0,0.09504950495049505,0.13377699607171914,1.0,-0.0,0,0
106,0.0,0.09504950495049505,0.13377699607171914,1.0,-0.0,0,0
107,0.0,0.09504950495049505,0.13377699607171914,1.0,-0.0,0,0
108,0.0,0.08118811881188118,0.12325042629382525,1.0,-0.0,0,0
109,0.0,0.08118811881188118,0.12325042629382525,1.0,-0.0,0,0
110,0.0,0.06534653465346535,0.10571364605971598,1.0,-0.0,0,0
111,0.0,0.11089108910891088,0.15279637008998356,1.0,-0.0,0,0
112,0.0,0.11089108910891088,0.15279637008998356,1.0,-0.0,0,0
113,0.0,0.11089108910891088,0.15279637008998356,1.0,-0.0,0,0
114,0.0,0.11485148514851483,0.15246238855382305,1.0,-0.0,0,0
115,0.0,0.049504950495049514,0.09504950495049506,1.0,-0.0,0,0
116,0.0,0.06534653465346535,0.0938037170877387,1.0,-0.0,0,0
117,0.0,0.1504950495049505,0.149999183084401,1.0,-0.0,0,0
118,0.0,0.16831683168316833,0.1658644878524509,1.0,-0.0,0,0
119,0.0,0.16435643564356434,0.16744093589393824,1.0,-0.0,0,0
120,0.0,0.30891089108910896,0.2525509496292023,1.0,-0.0,0,0
121,0.0,0.24752475247524752,0.2271624617774255,1.0,-0.0,0,0
122,0.0,0.16435643564356434,0.1896239939782038,1.0,-0.0,0,0
123,0.0,0.14653465346534653,0.18645433514983512,1.0,-0.0,0,0
124,0.0,0.14653465346534653,0.18645433514983512,1.0,-0.0,0,0
125,0.0,0.0,0.0,1.0,-0.0,0,0
126,0.0,0.009900990099009901,0.051713128147329084,1.0,-0.0,0,0
127,0.0,0.009900990099009901,0.051713128147329084,1.0,-0.0,0,0
128,0.0,0.0712871287128713,0.10372911567294095,1.0,-0.0,0,0
129,0.0,0.0712871287128713,0.10372911567294095,1.0,-0.0,0,0
130,0.0,0.0712871287128713,0.10372911567294095,1.0,-0.0,0,0
131,0.0,0.06732673267326733,0.10255055347504201,1.0,-0.0,0,0
132,0.0,0.06732673267326733,0.10255055347504201,1.0,-0.0,0,0
133,0.0,0.007920792079207921,0.03900537743285587,1.0,-0.0,0,0
134,0.0,0.007920792079207921,0.03900537743285587,1.0,-0.0,0,0
135,0.0,0.007920792079207921,0.03900537743285587,1.0,-0.0,0,0
136,0.0,0.0019801980198019802,0.0198019801980198,1.0,-0.0,0,0
137,0.0,0.0019801980198019802,0.0198019801980198,1.0,-0.0,0,0
138,0.0,0.0,0.0,1.0,-0.0,0,0
139,0.0,0.0,0.0,1.0,-0.0,0,0
140,0.0,0.0,0.0,1.0,-0.0,0,0
141,0.0,0.0,0.0,1.0,-0.0,0,0
142,0.0,0.0,0.0,1.0,-0.0,0,0
143,0.2,0.041584158415841586,0.08590499787518362,0.03258561123651815,1.4869741281544258,0,0
144,0.2,0.041584158415841586,0.08590499787518362,0.03258561123651815,1.4869741281544258,0,0
145,0.2,0.06336633663366337,0.10504385908811757,0.09667550266855758,1.014683561115634,0,0
146,0.2,0.06336633663366337,0.10504385908811757,0.09667550266855758,1.014683561115634,0,0
147,0.2,0.12277227722772276,0.14615954128511632,0.2986179401332735,0.5248841046255923,0,0
148,0.0,0.08118811881188118,0.11999411807954947,1.0,-0.0,0,0
149,0.0,0.10693069306930691,0.1422989641443302,1.0,-0.0,0,0
150,0.0,0.09504950495049502,0.13078304733432372,1.0,-0.0,0,0
151,0.0,0.19405940594059404,0.18337959449964716,1.0,-0.0,0,0
152,0.0,0.13465346534653463,0.1619409766357297,1.0,-0.0,0,0
153,0.0,0.1881188118811881,0.2006361806176688,1.0,-0.0,0,0
154,0.0,0.16831683168316827,0.18823342001292906,1.0,-0.0,0,0
155,0.0,0.1584158415841584,0.18523056370168028,1.0,-0.0,0,0
156,0.0,0.059405940594059396,0.1178841668604928,1.0,-0.0,0,0
157,0.0,0.059405940594059396,0.1178841668604928,1.0,-0.0,0,0
158,0.0,0.0059405940594059415,0.033953323167291584,1.0,-0.0,0,0
159,0.0,0.0,0.0,1.0,-0.0,0,0
160,0.0,0.0,0.0,1.0,-0.0,0,0
161,0.0,0.0,0.0,1.0,-0.0,0,0
162,0.0,0.007920792079207921,0.03900537743285587,1.0,-0.0,0,0
163,0.0,0.04950495049504951,0.09504950495049506,1.0,-0.0,0,0
164,0.0,0.04950495049504951,0.09504950495049506,1.0,-0.0,0,0
165,0.0,0.04950495049504951,0.09504950495049506,1.0,-0.0,0,0
166,0.0,0.057425742574257435,0.09885135821266286,1.0,-0.0,0,0
167,0.0,0.13564356435643563,0.15643564356435644,1.0,-0.0,0,0
168,0.0,0.11881188118811879,0.157148395081398,1.0,-0.0,0,0
169,0.0,0.11881188118811879,0.157148395081398,1.0,-0.0,0,0
170,0.0,0.11881188118811879,0.157148395081398,1.0,-0.0,0,0
171,0.0,0.11089108910891088,0.15018206119491914,1.0,-0.0,0,0
172,0.0,0.025742574257425748,0.06697637435757531,1.0,-0.0,0,0
173,0.0,0.0,0.0,1.0,-0.0,0,0
174,0.0,0.0,0.0,1.0,-0.0,0,0
175,0.0,0.0,0.0,1.0,-0.0,0,0
176,0.0,0.0,0.0,1.0,-0.0,0,0
177,0.0,0.0,0.0,1.0,-0.0,0,0
178,0.0,0.0,0.0,1.0,-0.0,0,0
179,0.0,0.0,0.0,1.0,-0.0,0,0
180,0.0,0.0,0.0,1.0,-0.0,0,0
181,0.0,0.0,0.0,1.0,-0.0,0,0
182,0.0,0.0,0.0,1.0,-0.0,0,0
183,0.0,0.0,0.0,1.0,-0.0,0,0
184,0.0,0.0,0.0,1.0,-0.0,0,0
185,0.0,0.0,0.0,1.0,-0.0,0,0
186,0.0,0.007920792079207921,0.03900537743285587,1.0,-0.0,0,0
187,0.0,0.007920792079207921,0.03900537743285587,1.0,-0.0,0,0
188,0.0,0.007920792079207921,0.03900537743285587,1.0,-0.0,0,0
189,0.0,0.011881188118811883,0.047276579747775535,1.0,-0.0,0,0
190,0.0,0.011881188118811883,0.047276579747775535,1.0,-0.0,0,0
191,0.0,0.0039603960396039604,0.027863855998951064,1.0,-0.0,0,0
192,0.0,0.0039603960396039604,0.027863855998951064,1.0,-0.0,0,0
193,0.0,0.0039603960396039604,0.027863855998951064,1.0,-0.0,0,0
194,0.0,0.0,0.0,1.0,-0.0,0,0
195,0.0,0.13267326732673265,0.13578441772620808,1.0,-0.0,0,0
196,0.0,0.13267326732673265,0.13578441772620808,1.0,-0.0,0,0
197,0.0,0.13267326732673265,0.13578441772620808,1.0,-0.0,0,0
198,0.0,0.13267326732673265,0.13578441772620808,1.0,-0.0,0,0
199,0.0,0.13663366336633662,0.14052431682542707,1.0,-0.0,0,0
200,0.0,0.0039603960396039604,0.027863855998951068,1.0,-0.0,0,0
201,0.0,0.015841584158415842,0.05401260078014202,1.0,-0.0,0,0
202,0.0,0.015841584158415842,0.05401260078014202,1.0,-0.0,0,0
203,0.0,0.015841584158415842,0.05401260078014202,1.0,-0.0,0,0
204,0.0,0.019801980198019802,0.059735061897023205,1.0,-0.0,0,0
205,0.0,0.019801980198019802,0.059735061897023205,1.0,-0.0,0,0
206,0.0,0.007920792079207921,0.03900537743285587,1.0,-0.0,0,0
207,0.0,0.007920792079207921,0.03900537743285587,1.0,-0.0,0,0
208,0.0,0.007920792079207921,0.03900537743285587,1.0,-0.0,0,0
209,0.0,0.0,0.0,1.0,-0.0,0,0
210,0.0,0.0,0.0,1.0,-0.0,0,0
211,0.0,0.0,0.0,1.0,-0.0,0,0
212,0.0,0.0,0.0,1.0,-0.0,0,0
213,0.0,0.0,0.0,1.0,-0.0,0,0
214,0.0,0.0,0.0,1.0,-0.0,0,0
215,0.0,0.0,0.0,1.0,-0.0,0,0
216,0.0,0.0,0.0,1.0,-0.0,0,0
217,0.0,0.0,0.0,1.0,-0.0,0,0
218,0.0,0.0,0.0,1.0,-0.0,0,0
219,0.0,0.0,0.0,1.0,-0.0,0,0
220,0.0,0.0,0.0,1.0,-0.0,0,0
221,0.0,0.0,0.0,1.0,-0.0,0,0
222,0.0,0.025742574257425745,0.0669763743575753,1.0,-0.0,0,0
223,0.0,0.07920792079207921,0.10928827506175545,1.0,-0.0,0,0
224,0.0,0.20396039603960395,0.17114685494124282,1.0,-0.0,0,0
225,0.0,0.20396039603960395,0.17114685494124282,1.0,-0.0,0,0
226,0.0,0.20396039603960395,0.17114685494124282,1.0,-0.0,0,0
227,0.0,0.17821782178217818,0.1755353680172698,1.0,-0.0,0,0
228,0.0,0.18811881188118812,0.17535656953133036,1.0,-0.0,0,0
229,0.0,0.06336633663366337,0.10120342446875752,1.0,-0.0,0,0
230,0.0,0.07326732673267326,0.1115960618107356,1.0,-0.0,0,0
231,0.0,0.07326732673267326,0.1115960618107356,1.0,-0.0,0,0
232,0.0,0.07326732673267326,0.1115960618107356,1.0,-0.0,0,0
233,0.0,0.009900990099009901,0.04338396495090424,1.0,-0.0,0,0
234,0.2,0.013861386138613863,0.05079507064705211,0.00012391038159364294,3.90689230556944,0,0
235,0.2,0.0039603960396039604,0.027863855998951064,9.918686161641043e-13,12.003545851085576,0,0
236,0.2,0.0039603960396039604,0.027863855998951064,9.918686161641043e-13,12.003545851085576,0,0
237,0.2,0.0039603960396039604,0.027863855998951064,9.918686161641043e-13,12.003545851085576,0,0
238,0.2,0.027722772277227727,0.07461957893630407,0.010478998804251384,1.9796802091996195,0,0
239,0.2,0.12574257425742574,0.14532549015373286,0.30468492353471954,0.516149035070633,0,0
240,0.2,0.12574257425742574,0.14532549015373286,0.30468492353471954,0.516149035070633,0,0
241,0.2,0.12574257425742574,0.14532549015373286,0.30468492353471954,0.516149035070633,0,0
242,0.4,0.36435643564356435,0.2539135888001947,0.44418116341073965,0.3524398627173759,0,0
243,0.4,0.40198019801980206,0.27067213663115686,1.0,-0.0,0,0
244,0.4,0.5207920792079208,0.2979523623572915,1.0,-0.0,0,0
245,0.4,0.5287128712871287,0.3077663488393335,1.0,-0.0,0,0
246,0.4,0.5287128712871287,0.3077663488393335,1.0,-0.0,0,0
247,0.2,0.30495049504950494,0.22966882641422534,1.0,-0.0,0,0
248,0.2,0.2435643564356436,0.19821772287116352,1.0,-0.0,0,0
249,0.0,0.021782178217821784,0.06836703565002801,1.0,-0.0,0,0
250,0.0,0.18613861386138614,0.1740773146600864,1.0,-0.0,0,0
251,0.2,0.23366336633663368,0.20502461949377873,1.0,-0.0,0,0
252,0.2,0.21980198019801983,0.20586441850878456,1.0,-0.0,0,0
253,0.2,0.21980198019801983,0.20586441850878456,1.0,-0.0,0,0
254,0.2,0.21980198019801983,0.20586441850878456,1.0,-0.0,0,0
255,0.4,0.21584158415841578,0.20427736592964435,0.1836581834155216,0.7359897156550698,0,0
256,0.2,0.16831683168316827,0.17740187251029738,0.42912768135453033,0.36741346991903134,0,0
257,4.0,0.40396039603960393,0.3017837374248331,1.0000000000000005e-17,17.0,0,0
258,4.0,0.40396039603960393,0.3017837374248331,1.0000000000000005e-17,17.0,0,0
259,4.2,0.4297029702970297,0.31639821833479836,1.0000000000000005e-17,17.0,0,0
260,4.0,0.2613861386138614,0.23503540792012342,1e-17,17.0,0,0
261,4.0,0.2613861386138614,0.23503540792012342,1e-17,17.0,0,0
262,0.2,0.025742574257425745,0.0669763743575753,0.0046371400013480064,2.3337497919853587,0,0
263,0.2,0.025742574257425745,0.0669763743575753,0.0046371400013480064,2.3337497919853587,0,0
264,0.0,0.0,0.0,1.0,-0.0,0,0
265,0.0,0.0,0.0,1.0,-0.0,0,0
266,0.0,0.0,0.0,1.0,-0.0,0,0
267,0.0,0.015841584158415842,0.054012600780142014,1.0,-0.0,0,0
268,0.0,0.015841584158415842,0.054012600780142014,1.0,-0.0,0,0
269,0.0,0.015841584158415842,0.054012600780142014,1.0,-0.0,0,0
270,0.0,0.015841584158415842,0.054012600780142014,1.0,-0.0,0,0
271,0.0,0.08316831683168316,0.12028786177019754,1.0,-0.0,0,0
272,0.0,0.07524752475247526,0.12539516989297084,1.0,-0.0,0,0
273,0.0,0.07524752475247526,0.12539516989297084,1.0,-0.0,0,0
274,0.0,0.12277227722772277,0.166430902094659,1.0,-0.0,0,0
275,0.0,0.1386138613861386,0.1774239745315019,1.0,-0.0,0,0
276,0.0,0.1485148514851485,0.16804870898437327,1.0,-0.0,0,0
277,0.0,0.14059405940594058,0.16541470107292752,1.0,-0.0,0,0
278,0.0,0.14059405940594058,0.16541470107292752,1.0,-0.0,0,0
279,0.0,0.09108910891089109,0.13650445892763632,1.0,-0.0,0,0
280,0.0,0.07524752475247526,0.1253951698929708,1.0,-0.0,0,0
281,0.0,0.0,0.0,1.0,-0.0,0,0
282,0.0,0.0,0.0,1.0,-0.0,0,0
283,0.0,0.0,0.0,1.0,-0.0,0,0
284,0.0,0.013861386138613863,0.05079507064705211,1.0,-0.0,0,0
285,0.0,0.013861386138613863,0.05079507064705211,1.0,-0.0,0,0
286,0.0,0.019801980198019802,0.059735061897023205,1.0,-0.0,0,0
287,0.0,0.019801980198019802,0.059735061897023205,1.0,-0.0,0,0
288,0.0,0.019801980198019802,0.059735061897023205,1.0,-0.0,0,0
289,0.0,0.0059405940594059415,0.033953323167291584,1.0,-0.0,0,0
290,0.0,0.10297029702970295,0.1367627457412436,1.0,-0.0,0,0
291,0.0,0.09702970297029702,0.13383560593042218,1.0,-0.0,0,0
292,0.0,0.09702970297029702,0.13383560593042218,1.0,-0.0,0,0
293,0.0,0.09702970297029702,0.13383560593042218,1.0,-0.0,0,0
294,0.2,0.20792079207920797,0.208570413741934,1.0,-0.0,0,0
295,0.2,0.1089108910891089,0.13937555924568532,0.2567003926389665,0.5905734670480498,0,0
296,0.2,0.1089108910891089,0.13937555924568532,0.2567003926389665,0.5905734670480498,0,0
297,0.2,0.1089108910891089,0.13937555924568532,0.2567003926389665,0.5905734670480498,0,0
298,0.2,0.17227722772277226,0.16657220471139084,0.43390890477593236,0.3626014370905,0,0
299,0.0,0.08118811881188118,0.11664694237642095,1.0,-0.0,0,0
300,0.0,0.08118811881188118,0.11664694237642095,1.0,-0.0,0,0
301,0.0,0.08118811881188118,0.11664694237642095,1.0,-0.0,0,0
302,0.0,0.08118811881188118,0.11664694237642095,1.0,-0.0,0,0
303,0.0,0.019801980198019802,0.0597350618970232,1.0,-0.0,0,0
304,0.0,0.0,0.0,1.0,-0.0,0,0
305,0.0,0.0,0.0,1.0,-0.0,0,0
306,0.0,0.0,0.0,1.0,-0.0,0,0
307,0.0,0.0,0.0,1.0,-0.0,0,0
308,0.0,0.0,0.0,1.0,-0.0,0,0
309,0.0,0.0,0.0,1.0,-0.0,0,0
310,0.0,0.017821782178217824,0.056980176514606566,1.0,-0.0,0,0
311,0.0,0.017821782178217824,0.056980176514606566,1.0,-0.0,0,0
312,0.0,0.017821782178217824,0.056980176514606566,1.0,-0.0,0,0
313,0.0,0.017821782178217824,0.056980176514606566,1.0,-0.0,0,0
314,0.0,0.017821782178217824,0.056980176514606566,1.0,-0.0,0,0
315,0.0,0.0,0.0,1.0,-0.0,0,0
316,0.0,0.0,0.0,1.0,-0.0,0,0
317,0.0,0.0,0.0,1.0,-0.0,0,0
318,0.0,0.0019801980198019802,0.019801980198019802,1.0,-0.0,0,0
319,0.0,0.033663366336633666,0.07994704648786674,1.0,-0.0,0,0
320,0.0,0.033663366336633666,0.07994704648786674,1.0,-0.0,0,0
321,0.0,0.04752475247524753,0.09397077637785879,1.0,-0.0,0,0
322,0.0,0.04752475247524753,0.09397077637785879,1.0,-0.0,0,0
323,0.0,0.04554455445544555,0.08846854615322249,1.0,-0.0,0,0
324,0.0,0.013861386138613863,0.050795070647052104,1.0,-0.0,0,0
325,0.0,0.057425742574257435,0.09476028605152792,1.0,-0.0,0,0
326,0.0,0.04356435643564357,0.08255312311158745,1.0,-0.0,0,0
327,0.0,0.07722772277227724,0.122580495370631,1.0,-0.0,0,0
328,0.0,0.1198019801980198,0.13202145188739237,1.0,-0.0,0,0
329,0.0,0.1198019801980198,0.13202145188739237,1.0,-0.0,0,0
330,0.0,0.07524752475247526,0.10845991237726064,1.0,-0.0,0,0
331,0.0,0.07524752475247526,0.10845991237726064,1.0,-0.0,0,0
332,0.0,0.04752475247524754,0.08512548617902843,1.0,-0.0,0,0
333,0.0,0.017821782178217824,0.05698017651460656,1.0,-0.0,0,0
334,0.0,0.03564356435643565,0.07653920035678292,1.0,-0.0,0,0
335,0.0,0.03564356435643565,0.07653920035678292,1.0,-0.0,0,0
336,0.0,0.03564356435643565,0.07653920035678292,1.0,-0.0,0,0
337,0.0,0.0297029702970297,0.07112192077650681,1.0,-0.0,0,0
338,0.0,0.023762376237623766,0.06471340450838889,1.0,-0.0,0,0
339,0.0,0.031683168316831684,0.07826167463512675,1.0,-0.0,0,0
340,0.0,0.031683168316831684,0.07826167463512675,1.0,-0.0,0,0
341,0.0,0.07524752475247524,0.12219602867755656,1.0,-0.0,0,0
342,0.0,0.2079207920792079,0.1927822186435128,1.0,-0.0,0,0
343,0.0,0.20198019801980197,0.1877327983285756,1.0,-0.0,0,0
344,0.0,0.17623762376237626,0.18301572450512466,1.0,-0.0,0,0
345,0.0,0.17623762376237626,0.18301572450512466,1.0,-0.0,0,0
346,0.0,0.1306930693069307,0.17219754615690822,1.0,-0.0,0,0
347,0.0,0.0,0.0,1.0,-0.0,0,0
348,0.0,0.0,0.0,1.0,-0.0,0,0
349,0.0,0.013861386138613863,0.05079507064705211,1.0,-0.0,0,0
350,0.0,0.013861386138613863,0.05079507064705211,1.0,-0.0,0,0
351,0.0,0.021782178217821784,0.06230547612891991,1.0,-0.0,0,0
352,0.0,0.021782178217821784,0.06230547612891991,1.0,-0.0,0,0
353,0.0,0.1297029702970297,0.15256522997432254,1.0,-0.0,0,0
354,0.0,0.11485148514851483,0.14445948324625327,1.0,-0.0,0,0
355,0.0,0.19801980198019803,0.18129359046727286,1.0,-0.0,0,0
356,0.0,0.19009900990099013,0.18320845158368915,1.0,-0.0,0,0
357,0.0,0.19009900990099013,0.18320845158368915,1.0,-0.0,0,0
358,0.0,0.08118811881188118,0.12325042629382525,1.0,-0.0,0,0
359,0.0,0.08118811881188118,0.12325042629382525,1.0,-0.0,0,0
