,foreground,bg_means,bg_stdev,pvals,minus_logs,regs,active
2,0.0,0.04356435643564357,0.08255312311158745,1.0,-0.0,0,0
3,0.0,0.0,0.0,1.0,-0.0,0,0
4,0.0,0.0,0.0,1.0,-0.0,0,0
5,0.0,0.0,0.0,1.0,-0.0,0,0
6,0.0,0.0,0.0,1.0,-0.0,0,0
7,0.2,0.033663366336633666,0.07482947971362845,0.01311209067436901,1.882328056139666,0,0
8,0.2,0.033663366336633666,0.07482947971362845,0.01311209067436901,1.882328056139666,0,0
9,0.2,0.033663366336633666,0.07482947971362845,0.01311209067436901,1.882328056139666,0,0
10,0.2,0.033663366336633666,0.07482947971362845,0.01311209067436901,1.882328056139666,0,0
11,0.2,0.033663366336633666,0.07482947971362845,0.01311209067436901,1.882328056139666,0,0
12,0.0,0.04356435643564357,0.08255312311158747,1.0,-0.0,0,0
13,0.0,0.04356435643564357,0.08255312311158747,1.0,-0.0,0,0
14,0.0,0.04356435643564357,0.08255312311158747,1.0,-0.0,0,0
15,0.0,0.04356435643564357,0.08255312311158747,1.0,-0.0,0,0
16,0.0,0.11287128712871283,0.14464936528910635,1.0,-0.0,0,0
17,0.0,0.06930693069306931,0.10693069306930694,1.0,-0.0,0,0
18,0.0,0.06930693069306931,0.10693069306930694,1.0,-0.0,0,0
19,0.0,0.06930693069306931,0.10693069306930694,1.0,-0.0,0,0
20,0.0,0.06930693069306931,0.10693069306930694,1.0,-0.0,0,0
21,0.0,0.0,0.0,1.0,-0.0,0,0
22,0.0,0.06732673267326733,0.11000352009767247,1.0,-0.0,0,0
23,0.0,0.16435643564356434,0.1601881062665876,1.0,-0.0,0,0
24,0.0,0.16435643564356434,0.1601881062665876,1.0,-0.0,0,0
25,0.0,0.16435643564356434,0.1601881062665876,1.0,-0.0,0,0
26,0.0,0.16435643564356434,0.1601881062665876,1.0,-0.0,0,0
27,0.0,0.2356435643564356,0.2037199390037494,1.0,-0.0,0,0
28,0.0,0.13861386138613863,0.16348330645980427,1.0,-0.0,0,0
29,0.0,0.20594059405940596,0.1767818940250744,1.0,-0.0,0,0
30,0.0,0.20594059405940596,0.1767818940250744,1.0,-0.0,0,0
31,0.0,0.24752475247524752,0.20517756589288896,1.0,-0.0,0,0
32,0.0,0.10693069306930694,0.13368903310588712,1.0,-0.0,0,0
33,0.0,0.10693069306930694,0.13368903310588712,1.0,-0.0,0,0
34,0.0,0.041584158415841586,0.08116396646304633,1.0,-0.0,0,0
35,0.0,0.041584158415841586,0.08116396646304633,1.0,-0.0,0,0
36,0.0,0.0,0.0,1.0,-0.0,0,0
37,0.0,0.0,0.0,1.0,-0.0,0,0
38,0.0,0.0,0.0,1.0,-0.0,0,0
39,0.0,0.0,0.0,1.0,-0.0,0,0
40,0.0,0.05940594059405942,0.09138994660763826,1.0,-0.0,0,0
41,0.0,0.05940594059405942,0.09138994660763826,1.0,-0.0,0,0
42,0.0,0.05940594059405942,0.09138994660763826,1.0,-0.0,0,0
43,0.0,0.05940594059405942,0.09138994660763826,1.0,-0.0,0,0
44,0.2,0.18415841584158413,0.1426292523197553,0.4557811053616058,0.3412436826819232,0,0
45,0.4,0.3247524752475248,0.13453693268485567,0.2879759153184052,0.5406438326633526,0,0
46,0.4,0.3247524752475248,0.13453693268485567,0.2879759153184052,0.5406438326633526,0,0
47,0.4,0.3247524752475248,0.13453693268485567,0.2879759153184052,0.5406438326633526,0,0
48,0.4,0.3247524752475248,0.13453693268485567,0.2879759153184052,0.5406438326633526,0,0
49,0.2,0.19999999999999996,5.551115123125783e-17,0.15865525393145707,0.7995455414919704,0,0
50,0.0,0.0,0.0,1.0,-0.0,0,0
51,0.0,0.0,0.0,1.0,-0.0,0,0
52,0.0,0.0,0.0,1.0,-0.0,0,0
53,0.0,0.0,0.0,1.0,-0.0,0,0
54,0.0,0.0,0.0,1.0,-0.0,0,0
55,0.0,0.0,0.0,1.0,-0.0,0,0
56,0.0,0.0,0.0,1.0,-0.0,0,0
57,0.2,0.10495049504950496,0.13957235791450376,0.2479340922704255,0.6056637513002844,0,0
58,0.6,0.32673267326732675,0.20819406840872393,0.09466553041729216,1.0238081273817257,0,0
59,0.6,0.32673267326732675,0.20819406840872393,0.09466553041729216,1.0238081273817257,0,0
60,0.6,0.32673267326732675,0.20819406840872393,0.09466553041729216,1.0238081273817257,0,0
61,0.6,0.36435643564356435,0.20947088382745171,0.13030582582688066,0.885036167035639,0,0
62,0.4,0.2574257425742574,0.16491614109827335,0.19364955914677823,0.7129834873705888,0,0
63,0.0,0.03762376237623762,0.07816140339006157,1.0,-0.0,0,0
64,0.0,0.03762376237623762,0.07816140339006157,1.0,-0.0,0,0
65,0.0,0.03762376237623762,0.07816140339006157,1.0,-0.0,0,0
66,0.2,0.047524752475247525,0.08512548617902845,0.03663203844700429,1.4361389136681444,0,0
67,0.2,0.047524752475247525,0.08512548617902845,0.03663203844700429,1.4361389136681444,0,0
68,0.2,0.047524752475247525,0.08512548617902845,0.03663203844700429,1.4361389136681444,0,0
