,foreground,bg_means,bg_stdev,pvals,minus_logs,regs,active
2,0.0,0.4594059405940595,0.224348658031977,1.0,-0.0,0,0
3,0.0,0.4594059405940595,0.224348658031977,1.0,-0.0,0,0
4,0.0,0.4594059405940595,0.224348658031977,1.0,-0.0,0,0
5,0.0,0.5663366336633664,0.24057572354039505,1.0,-0.0,0,0
6,0.0,0.5663366336633664,0.24057572354039505,1.0,-0.0,0,0
7,0.0,0.10693069306930691,0.09975953835889106,1.0,-0.0,0,0
8,0.0,0.10693069306930691,0.09975953835889106,1.0,-0.0,0,0
9,0.0,0.2693069306930693,0.17673752662720535,1.0,-0.0,0,0
10,0.0,0.16435643564356434,0.14997303943573456,1.0,-0.0,0,0
11,0.0,0.2594059405940594,0.20400845343666582,1.0,-0.0,0,0
12,0.0,0.2594059405940594,0.20400845343666582,1.0,-0.0,0,0
13,0.0,0.2594059405940594,0.20400845343666582,1.0,-0.0,1,0
14,0.0,0.09504950495049505,0.13957235791450373,1.0,-0.0,0,0
15,0.0,0.09504950495049505,0.13957235791450373,1.0,-0.0,0,0
16,2.0,0.5900990099009901,0.2675539921434382,6.836281032966734e-08,7.165180092154058,0,0
17,2.0,0.5900990099009901,0.2675539921434382,6.836281032966734e-08,7.165180092154058,0,0
18,2.0,0.5900990099009901,0.2675539921434382,6.836281032966734e-08,7.165180092154058,0,0
19,2.0,0.5900990099009901,0.2675539921434382,6.836281032966734e-08,7.165180092154058,0,0
20,2.0,0.5900990099009901,0.2675539921434382,6.836281032966734e-08,7.165180092154058,0,0
21,0.0,0.0,0.0,1.0,-0.0,0,0
22,0.0,0.0,0.0,1.0,-0.0,0,0
23,0.2,0.17227722772277226,0.1567736666367484,0.42981974734092465,0.3667136354611781,0,0
24,0.2,0.17227722772277226,0.1567736666367484,0.42981974734092465,0.3667136354611781,0,0
25,0.6,0.8019801980198018,0.30893627720010125,1.0,-0.0,0,0
26,0.6,0.8019801980198018,0.30893627720010125,1.0,-0.0,0,0
27,0.6,0.8019801980198018,0.30893627720010125,1.0,-0.0,1,0
28,0.4,0.6297029702970297,0.2705127344435523,1.0,-0.0,0,0
29,0.4,0.6297029702970297,0.2705127344435523,1.0,-0.0,0,0
30,0.2,0.17821782178217818,0.1614316888886243,0.4463331190923305,0.3503408861700306,0,0
31,0.2,0.17821782178217818,0.1614316888886243,0.4463331190923305,0.3503408861700306,0,0
32,0.2,0.3782178217821782,0.14323280253485246,1.0,-0.0,0,0
33,0.8,0.9643564356435644,0.2631056552507359,1.0,-0.0,0,0
34,0.8,0.9643564356435644,0.2631056552507359,1.0,-0.0,0,0
35,0.8,0.8495049504950495,0.31390979418677534,1.0,-0.0,0,0
36,0.8,0.8495049504950495,0.31390979418677534,1.0,-0.0,0,0
37,1.8,1.6910891089108908,0.2692486832757788,0.34292281377199707,0.46480362143008636,0,0
38,1.4,1.2455445544554458,0.24354020648204344,0.2629721440834817,0.5800902526948283,0,0
39,1.4,1.2455445544554458,0.24354020648204344,0.2629721440834817,0.5800902526948283,0,0
40,1.4,1.2762376237623765,0.2513915784451925,0.3112504036257141,0.5068900767080732,0,0
41,1.4,1.2762376237623765,0.2513915784451925,0.3112504036257141,0.5068900767080732,0,0
42,0.4,0.7306930693069307,0.29035402571515206,1.0,-0.0,1,0
43,0.6,0.9722772277227721,0.26255364822126287,1.0,-0.0,0,0
