,foreground,bg_means,bg_stdev,pvals,minus_logs,regs,active
2,0.0,0.05544554455445545,0.1019369320889802,1.0,-0.0,0,0
3,0.2,0.05148514851485149,0.096075322540263,0.0610744044260142,1.2141407594058027,0,0
4,0.2,0.11485148514851484,0.15246238855382305,0.28825537349637204,0.5402225880815854,0,0
5,0.2,0.07524752475247526,0.1253951698929708,0.15989861775260455,0.7961552905064928,0,0
6,0.2,0.09306930693069305,0.14776046024695155,0.23463234733385618,0.6296121145556179,0,0
7,0.2,0.09306930693069305,0.14776046024695155,0.23463234733385618,0.6296121145556179,0,0
8,0.0,0.08514851485148513,0.1444594832462533,1.0,-0.0,0,0
9,0.0,0.021782178217821784,0.06230547612891991,1.0,-0.0,0,0
10,0.0,0.017821782178217824,0.05698017651460656,1.0,-0.0,0,0
11,0.0,0.0,0.0,1.0,-0.0,0,0
12,0.0,0.009900990099009901,0.04338396495090425,1.0,-0.0,0,0
13,0.0,0.025742574257425745,0.07264925278354115,1.0,-0.0,0,0
14,0.0,0.031683168316831684,0.07826167463512676,1.0,-0.0,0,0
15,0.0,0.031683168316831684,0.07826167463512676,1.0,-0.0,0,0
16,0.0,0.031683168316831684,0.07826167463512676,1.0,-0.0,0,0
17,0.0,0.021782178217821784,0.06836703565002801,1.0,-0.0,0,0
18,0.0,0.0059405940594059415,0.033953323167291584,1.0,-0.0,0,0
19,0.0,0.009900990099009901,0.04338396495090424,1.0,-0.0,0,0
20,0.0,0.0297029702970297,0.07648795214189293,1.0,-0.0,0,0
21,0.0,0.0297029702970297,0.07648795214189293,1.0,-0.0,0,0
22,0.0,0.0297029702970297,0.07648795214189293,1.0,-0.0,0,0
23,0.0,0.041584158415841586,0.09039772047931349,1.0,-0.0,0,0
24,0.0,0.031683168316831684,0.0730260947112308,1.0,-0.0,0,0
25,0.0,0.011881188118811883,0.047276579747775535,1.0,-0.0,0,0
26,0.0,0.07326732673267328,0.11848138852793338,1.0,-0.0,0,0
27,0.0,0.1603960396039604,0.18243632168365972,1.0,-0.0,0,0
28,0.0,0.14653465346534655,0.17996939037626555,1.0,-0.0,0,0
29,0.0,0.1495049504950495,0.17889858976816211,1.0,-0.0,0,0
30,0.0,0.21386138613861388,0.19951907671778216,1.0,-0.0,0,0
31,0.0,0.15247524752475247,0.16203780234042603,1.0,-0.0,0,0
32,0.0,0.06534653465346535,0.10189845806153354,1.0,-0.0,0,0
33,0.0,0.08118811881188118,0.11999411807954947,1.0,-0.0,0,0
34,0.0,0.07920792079207921,0.11631029826208643,1.0,-0.0,0,0
35,0.0,0.015841584158415842,0.06090517425437506,1.0,-0.0,0,0
36,0.0,0.05346534653465347,0.10489443673781407,1.0,-0.0,0,0
37,0.0,0.05346534653465347,0.10489443673781407,1.0,-0.0,0,0
38,0.0,0.03762376237623763,0.09211646217515253,1.0,-0.0,0,0
39,0.0,0.04752475247524753,0.10205226714237721,1.0,-0.0,0,0
40,0.0,0.04752475247524753,0.10205226714237721,1.0,-0.0,0,0
41,0.0,0.009900990099009901,0.04338396495090424,1.0,-0.0,0,0
42,0.0,0.011881188118811883,0.047276579747775535,1.0,-0.0,0,0
43,0.0,0.011881188118811883,0.047276579747775535,1.0,-0.0,0,0
44,0.0,0.0019801980198019802,0.0198019801980198,1.0,-0.0,0,0
45,0.0,0.021782178217821784,0.062305476128919915,1.0,-0.0,0,0
46,0.0,0.021782178217821784,0.062305476128919915,1.0,-0.0,0,0
47,0.0,0.027722772277227727,0.06910862719451544,1.0,-0.0,0,0
48,0.0,0.11287128712871286,0.13024224675172555,1.0,-0.0,0,0
49,0.0,0.1267326732673267,0.13707776871189528,1.0,-0.0,0,0
50,0.0,0.11287128712871287,0.1390657415135005,1.0,-0.0,0,0
51,0.0,0.11287128712871287,0.1390657415135005,1.0,-0.0,0,0
52,0.0,0.10495049504950495,0.1337769960717191,1.0,-0.0,0,0
53,0.0,0.019801980198019802,0.059735061897023205,1.0,-0.0,0,0
54,0.0,0.007920792079207921,0.03900537743285587,1.0,-0.0,0,0
55,0.0,0.0,0.0,1.0,-0.0,0,0
56,0.0,0.0,0.0,1.0,-0.0,0,0
57,0.0,0.0,0.0,1.0,-0.0,0,0
58,0.0,0.0,0.0,1.0,-0.0,0,0
59,0.0,0.0,0.0,1.0,-0.0,0,0
60,0.0,0.0,0.0,1.0,-0.0,0,0
61,0.0,0.0059405940594059415,0.03395332316729158,1.0,-0.0,0,0
62,0.0,0.02970297029702971,0.07648795214189293,1.0,-0.0,0,0
63,0.2,0.047524752475247525,0.0939707763778588,0.05233944412570533,1.2811708941229774,0,0
64,0.2,0.057425742574257435,0.10277971700879983,0.08269301175340939,1.0825311903890302,0,0
65,0.2,0.057425742574257435,0.10277971700879983,0.08269301175340939,1.0825311903890302,0,0
66,0.2,0.05148514851485149,0.1001126705723924,0.0689738517569684,1.1613155207112393,0,0
67,0.2,0.027722772277227727,0.06910862719451544,0.0063361735559086295,2.1981729353735644,0,0
68,0.0,0.009900990099009901,0.04338396495090424,1.0,-0.0,0,0
69,0.0,0.0,0.0,1.0,-0.0,0,0
70,0.0,0.0,0.0,1.0,-0.0,0,0
71,0.0,0.0,0.0,1.0,-0.0,0,0
72,0.0,0.0,0.0,1.0,-0.0,0,0
73,0.0,0.0,0.0,1.0,-0.0,0,0
74,0.0,0.0,0.0,1.0,-0.0,0,0
75,0.0,0.0,0.0,1.0,-0.0,0,0
76,0.0,0.0,0.0,1.0,-0.0,0,0
77,0.0,0.0,0.0,1.0,-0.0,0,0
78,0.0,0.0,0.0,1.0,-0.0,0,0
79,0.0,0.0,0.0,1.0,-0.0,0,0
80,0.0,0.0,0.0,1.0,-0.0,0,0
81,0.0,0.0,0.0,1.0,-0.0,0,0
82,0.0,0.0,0.0,1.0,-0.0,0,0
83,0.0,0.0,0.0,1.0,-0.0,0,0
84,0.0,0.0,0.0,1.0,-0.0,0,0
85,0.0,0.0,0.0,1.0,-0.0,0,0
86,0.0,0.0,0.0,1.0,-0.0,0,0
87,0.0,0.0,0.0,1.0,-0.0,0,0
88,0.0,0.0,0.0,1.0,-0.0,0,0
89,0.0,0.0,0.0,1.0,-0.0,0,0
90,0.0,0.0,0.0,1.0,-0.0,0,0
91,0.0,0.0,0.0,1.0,-0.0,0,0
92,0.0,0.0,0.0,1.0,-0.0,0,0
93,0.0,0.0,0.0,1.0,-0.0,0,0
94,0.0,0.0,0.0,1.0,-0.0,0,0
95,0.0,0.0,0.0,1.0,-0.0,0,0
96,0.0,0.0,0.0,1.0,-0.0,0,0
97,0.0,0.0,0.0,1.0,-0.0,0,0
98,0.0,0.0,0.0,1.0,-0.0,0,0
99,0.0,0.0,0.0,1.0,-0.0,0,0
100,0.0,0.0,0.0,1.0,-0.0,0,0
101,0.0,0.0,0.0,1.0,-0.0,0,0
102,0.0,0.0,0.0,1.0,-0.0,0,0
103,0.0,0.0,0.0,1.0,-0.0,0,0
104,0.0,0.0,0.0,1.0,-0.0,0,0
105,0.0,0.0,0.0,1.0,-0.0,0,0
106,0.0,0.0,0.0,1.0,-0.0,0,0
107,0.0,0.0,0.0,1.0,-0.0,0,0
108,0.0,0.007920792079207921,0.03900537743285587,1.0,-0.0,0,0
109,0.0,0.017821782178217824,0.0635517090529949,1.0,-0.0,0,0
110,0.0,0.017821782178217824,0.0635517090529949,1.0,-0.0,0,0
111,0.0,0.017821782178217824,0.0635517090529949,1.0,-0.0,0,0
112,0.0,0.017821782178217824,0.0635517090529949,1.0,-0.0,0,0
113,0.0,0.009900990099009901,0.04338396495090424,1.0,-0.0,0,0
114,0.0,0.019801980198019802,0.0597350618970232,1.0,-0.0,0,0
115,0.0,0.025742574257425748,0.0669763743575753,1.0,-0.0,0,0
116,0.0,0.025742574257425748,0.0669763743575753,1.0,-0.0,0,0
117,0.0,0.025742574257425748,0.0669763743575753,1.0,-0.0,0,0
118,0.0,0.033663366336633666,0.07482947971362847,1.0,-0.0,0,0
119,0.0,0.013861386138613863,0.05079507064705211,1.0,-0.0,0,0
120,0.0,0.007920792079207921,0.03900537743285587,1.0,-0.0,0,0
121,0.0,0.025742574257425745,0.07264925278354116,1.0,-0.0,0,0
122,0.0,0.057425742574257435,0.10656335878870266,1.0,-0.0,0,0
123,0.0,0.049504950495049514,0.09912864166957489,1.0,-0.0,0,0
124,0.0,0.049504950495049514,0.09912864166957489,1.0,-0.0,0,0
125,0.0,0.049504950495049514,0.09912864166957489,1.0,-0.0,0,0
126,0.0,0.031683168316831684,0.08316831683168317,1.0,-0.0,0,0
127,0.0,0.0,0.0,1.0,-0.0,0,0
128,0.0,0.0,0.0,1.0,-0.0,0,0
129,0.0,0.0,0.0,1.0,-0.0,0,0
130,0.0,0.0,0.0,1.0,-0.0,0,0
131,0.0,0.0019801980198019802,0.019801980198019802,1.0,-0.0,0,0
132,0.0,0.017821782178217824,0.056980176514606566,1.0,-0.0,0,0
133,0.0,0.017821782178217824,0.056980176514606566,1.0,-0.0,0,0
134,0.0,0.031683168316831684,0.07826167463512675,1.0,-0.0,0,0
135,0.0,0.06732673267326733,0.11354670246995209,1.0,-0.0,0,0
136,0.0,0.08118811881188118,0.1264228887090089,1.0,-0.0,0,0
137,0.0,0.08118811881188118,0.12325042629382527,1.0,-0.0,0,0
138,0.0,0.08118811881188118,0.12325042629382527,1.0,-0.0,0,0
139,0.0,0.06732673267326733,0.1135467024699521,1.0,-0.0,0,0
140,0.0,0.05346534653465347,0.09704990696905226,1.0,-0.0,0,0
141,0.0,0.06336633663366337,0.10120342446875752,1.0,-0.0,0,0
142,0.0,0.047524752475247525,0.0939707763778588,1.0,-0.0,0,0
143,0.0,0.061386138613861385,0.10433219700847123,1.0,-0.0,0,0
144,0.0,0.07326732673267328,0.1115960618107356,1.0,-0.0,0,0
145,0.0,0.05148514851485149,0.09186070102766894,1.0,-0.0,0,0
146,0.0,0.025742574257425748,0.06697637435757531,1.0,-0.0,0,0
147,0.0,0.039603960396039604,0.07970143286137867,1.0,-0.0,0,0
148,0.0,0.03762376237623762,0.07816140339006157,1.0,-0.0,0,0
149,0.0,0.025742574257425748,0.0669763743575753,1.0,-0.0,0,0
150,0.0,0.025742574257425748,0.0669763743575753,1.0,-0.0,0,0
151,0.0,0.025742574257425748,0.0669763743575753,1.0,-0.0,0,0
152,0.0,0.011881188118811883,0.04727657974777555,1.0,-0.0,0,0
153,0.0,0.0019801980198019802,0.019801980198019802,1.0,-0.0,0,0
154,0.0,0.0019801980198019802,0.019801980198019802,1.0,-0.0,0,0
155,0.2,0.015841584158415842,0.054012600780142014,0.00032535620257014524,3.4876409094885674,0,0
156,0.2,0.023762376237623766,0.06471340450838889,0.0032311212459077425,2.490646745033819,0,0
157,0.2,0.039603960396039604,0.08452453849668534,0.028872622852877186,1.5395137620565469,0,0
158,0.4,0.05544554455445545,0.11299281281336322,0.0011466916564030001,2.940553347508887,0,0
159,0.4,0.05544554455445545,0.11299281281336322,0.0011466916564030001,2.940553347508887,0,0
160,0.2,0.041584158415841586,0.10270338597932628,0.06148095284459771,1.211259410333903,0,0
161,0.2,0.033663366336633666,0.09777447046042384,0.04445012282621416,1.3521270346336247,0,0
162,0.2,0.017821782178217824,0.05698017651460656,0.0006937928196726553,3.15877019915046,0,0
163,0.2,0.011881188118811881,0.047276579747775535,3.4586556520905853e-05,4.461092674713385,0,0
164,0.2,0.011881188118811881,0.047276579747775535,3.4586556520905853e-05,4.461092674713385,0,0
165,0.2,0.011881188118811881,0.047276579747775535,3.4586556520905853e-05,4.461092674713385,0,0
166,0.2,0.011881188118811881,0.047276579747775535,3.4586556520905853e-05,4.461092674713385,0,0
167,0.2,0.011881188118811881,0.047276579747775535,3.4586556520905853e-05,4.461092674713385,0,0
168,0.2,0.027722772277227727,0.07461957893630405,0.010478998804251368,1.9796802091996202,0,0
169,0.2,0.05544554455445545,0.10575073206193021,0.0858227237563678,1.0663977063776964,0,0
170,0.2,0.0712871287128713,0.11461224656227946,0.1307125990009052,0.8836825500410105,0,0
171,0.2,0.0712871287128713,0.11461224656227946,0.1307125990009052,0.8836825500410105,0,0
172,0.2,0.0712871287128713,0.11461224656227946,0.1307125990009052,0.8836825500410105,0,0
173,0.0,0.05346534653465347,0.11219180573635876,1.0,-0.0,0,0
174,0.0,0.025742574257425745,0.07264925278354116,1.0,-0.0,0,0
175,0.0,0.009900990099009901,0.04338396495090424,1.0,-0.0,0,0
176,0.0,0.011881188118811883,0.047276579747775535,1.0,-0.0,0,0
177,0.0,0.03762376237623763,0.10795257956783375,1.0,-0.0,0,0
178,0.0,0.02772277227722772,0.08913091037565861,1.0,-0.0,0,0
179,0.0,0.039603960396039604,0.09757374253271223,1.0,-0.0,0,0
180,0.0,0.039603960396039604,0.09757374253271223,1.0,-0.0,0,0
181,0.2,0.051485148514851496,0.11134982906542217,0.09113993201541233,1.0402912997094873,0,0
182,0.2,0.025742574257425748,0.06697637435757531,0.004637140001348011,2.3337497919853583,0,0
183,0.2,0.025742574257425748,0.06697637435757531,0.004637140001348011,2.3337497919853583,0,0
184,0.2,0.013861386138613863,0.05079507064705211,0.00012391038159364294,3.90689230556944,0,0
185,0.2,0.013861386138613863,0.05079507064705211,0.00012391038159364294,3.90689230556944,0,0
186,0.0,0.0059405940594059415,0.033953323167291584,1.0,-0.0,0,0
187,0.2,0.06336633663366337,0.09721138779115704,0.07993165121597702,1.0972812153476486,0,0
188,0.2,0.06336633663366337,0.09721138779115704,0.07993165121597702,1.0972812153476486,0,0
189,0.4,0.07920792079207921,0.10560230990870005,0.0011918081174191713,2.9237936609163104,0,0
190,0.4,0.07920792079207921,0.10560230990870005,0.0011918081174191713,2.9237936609163104,0,0
191,0.4,0.07326732673267328,0.10425700262248065,0.000862451564620406,3.0642652855981614,0,0
192,0.2,0.015841584158415842,0.054012600780142014,0.00032535620257014524,3.4876409094885674,0,0
193,0.2,0.03564356435643565,0.07653920035678292,0.015882722457572503,1.7990750531077893,0,0
194,0.0,0.019801980198019802,0.059735061897023205,1.0,-0.0,0,0
195,0.0,0.019801980198019802,0.059735061897023205,1.0,-0.0,0,0
196,0.0,0.02772277227722772,0.06910862719451542,1.0,-0.0,0,0
197,0.2,0.08712871287128712,0.127165103825761,0.18737894802554306,0.7272792035758483,0,0
198,0.2,0.06732673267326733,0.11698261772468857,0.12837042097948392,0.8915350345635851,0,0
199,0.4,0.13267326732673265,0.1386704269307849,0.026940953407846264,1.5695870391831888,0,0
200,0.6,0.16237623762376235,0.1609695163002105,0.0032772009867950355,2.484496923042602,0,0
201,0.6,0.15445544554455443,0.15639804034834157,0.0021943191474620614,2.6587002072527675,0,0
202,0.4,0.09306930693069307,0.12448501897427099,0.006839133419822932,2.1649989238400535,0,0
203,0.4,0.09504950495049505,0.12457948087149176,0.007185795601515844,2.143525140373267,0,0
204,0.2,0.031683168316831684,0.07826167463512675,0.015750221703151112,1.8027133286186672,0,0
205,0.0,0.0019801980198019802,0.019801980198019802,1.0,-0.0,0,0
206,0.0,0.007920792079207921,0.03900537743285587,1.0,-0.0,0,0
207,0.0,0.007920792079207921,0.03900537743285587,1.0,-0.0,0,0
208,0.0,0.0059405940594059415,0.03395332316729158,1.0,-0.0,0,0
209,0.0,0.0059405940594059415,0.03395332316729158,1.0,-0.0,0,0
210,0.0,0.033663366336633666,0.07994704648786674,1.0,-0.0,0,0
211,0.0,0.06930693069306931,0.10693069306930696,1.0,-0.0,0,0
212,0.0,0.06930693069306931,0.10693069306930696,1.0,-0.0,0,0
213,0.0,0.06930693069306931,0.10693069306930696,1.0,-0.0,0,0
214,0.0,0.07920792079207921,0.11285391563386142,1.0,-0.0,0,0
215,0.0,0.05148514851485149,0.096075322540263,1.0,-0.0,0,0
216,0.0,0.033663366336633666,0.07482947971362848,1.0,-0.0,0,0
217,0.0,0.03564356435643565,0.07653920035678292,1.0,-0.0,0,0
218,0.0,0.03564356435643565,0.07653920035678292,1.0,-0.0,0,0
219,0.0,0.025742574257425745,0.0669763743575753,1.0,-0.0,0,0
220,0.0,0.025742574257425745,0.0669763743575753,1.0,-0.0,0,0
221,0.0,0.0019801980198019802,0.019801980198019802,1.0,-0.0,0,0
222,0.0,0.011881188118811883,0.047276579747775535,1.0,-0.0,0,0
223,0.0,0.011881188118811883,0.047276579747775535,1.0,-0.0,0,0
224,0.0,0.011881188118811883,0.047276579747775535,1.0,-0.0,0,0
225,0.0,0.041584158415841586,0.08590499787518362,1.0,-0.0,0,0
226,0.0,0.041584158415841586,0.08590499787518362,1.0,-0.0,0,0
227,0.0,0.029702970297029712,0.07112192077650681,1.0,-0.0,0,0
228,0.0,0.029702970297029712,0.07112192077650681,1.0,-0.0,0,0
229,0.0,0.049504950495049514,0.09912864166957487,1.0,-0.0,0,0
230,0.0,0.019801980198019802,0.0597350618970232,1.0,-0.0,0,0
231,0.0,0.029702970297029712,0.07112192077650682,1.0,-0.0,0,0
232,0.0,0.035643564356435654,0.07653920035678292,1.0,-0.0,0,0
233,0.0,0.04356435643564357,0.08721867542790196,1.0,-0.0,0,0
234,0.0,0.0297029702970297,0.07648795214189293,1.0,-0.0,0,0
235,0.0,0.0297029702970297,0.07648795214189293,1.0,-0.0,0,0
236,0.0,0.06336633663366338,0.1158034971660471,1.0,-0.0,0,0
237,0.0,0.05742574257425744,0.10656335878870266,1.0,-0.0,0,0
238,0.0,0.07524752475247526,0.1253951698929708,1.0,-0.0,0,0
239,0.0,0.06930693069306931,0.11751770396006173,1.0,-0.0,0,0
240,0.0,0.14059405940594058,0.14770737583343774,1.0,-0.0,0,0
241,0.0,0.10891089108910891,0.14218869759220787,1.0,-0.0,0,0
242,0.0,0.12871287128712872,0.1630990913423683,1.0,-0.0,0,0
243,0.0,0.11683168316831684,0.15483578457286823,1.0,-0.0,0,0
244,0.0,0.11683168316831684,0.15483578457286823,1.0,-0.0,0,0
245,0.0,0.04752475247524753,0.09809478080396702,1.0,-0.0,0,0
246,0.0,0.033663366336633666,0.08475617647141663,1.0,-0.0,0,0
247,0.0,0.013861386138613863,0.050795070647052104,1.0,-0.0,0,0
248,0.0,0.0,0.0,1.0,-0.0,0,0
249,0.0,0.0,0.0,1.0,-0.0,0,0
250,0.0,0.0,0.0,1.0,-0.0,0,0
251,0.0,0.0,0.0,1.0,-0.0,0,0
252,0.0,0.019801980198019802,0.059735061897023205,1.0,-0.0,0,0
253,0.0,0.019801980198019802,0.059735061897023205,1.0,-0.0,0,0
254,0.0,0.019801980198019802,0.059735061897023205,1.0,-0.0,0,0
255,0.2,0.023762376237623766,0.06471340450838889,0.0032311212459077425,2.490646745033819,0,0
256,0.2,0.033663366336633666,0.07482947971362847,0.013112090674369026,1.8823280561396656,0,0
257,0.2,0.013861386138613863,0.05079507064705211,0.00012391038159364294,3.90689230556944,0,0
258,0.2,0.021782178217821784,0.062305476128919915,0.0021156164498790874,2.6745630648030145,0,0
259,0.2,0.021782178217821784,0.062305476128919915,0.0021156164498790874,2.6745630648030145,0,0
260,0.0,0.031683168316831684,0.0730260947112308,1.0,-0.0,0,0
261,0.0,0.03168316831683169,0.07826167463512675,1.0,-0.0,0,0
262,0.0,0.03168316831683169,0.07826167463512675,1.0,-0.0,0,0
263,0.0,0.0613861386138614,0.10046456153636296,1.0,-0.0,0,0
264,0.0,0.06732673267326733,0.10634234916512914,1.0,-0.0,0,0
265,0.0,0.05346534653465347,0.09287951999650358,1.0,-0.0,0,0
266,0.0,0.04356435643564357,0.08721867542790195,1.0,-0.0,0,0
267,0.0,0.04356435643564357,0.08721867542790195,1.0,-0.0,0,0
268,0.0,0.017821782178217824,0.05698017651460656,1.0,-0.0,0,0
269,0.0,0.04356435643564357,0.08721867542790195,1.0,-0.0,0,0
270,0.0,0.04356435643564357,0.08721867542790195,1.0,-0.0,0,0
271,0.0,0.05346534653465347,0.10104832334394513,1.0,-0.0,0,0
272,0.0,0.05346534653465347,0.10104832334394513,1.0,-0.0,0,0
273,0.0,0.057425742574257435,0.10656335878870264,1.0,-0.0,0,0
274,0.0,0.025742574257425748,0.06697637435757531,1.0,-0.0,0,0
275,0.0,0.025742574257425748,0.06697637435757531,1.0,-0.0,0,0
276,0.0,0.027722772277227727,0.06910862719451544,1.0,-0.0,0,0
277,0.0,0.0297029702970297,0.07112192077650681,1.0,-0.0,0,0
278,0.0,0.013861386138613863,0.05079507064705211,1.0,-0.0,0,0
279,0.0,0.013861386138613863,0.05079507064705211,1.0,-0.0,0,0
280,0.0,0.013861386138613863,0.05079507064705211,1.0,-0.0,0,0
281,0.0,0.0019801980198019802,0.019801980198019802,1.0,-0.0,0,0
282,0.0,0.0,0.0,1.0,-0.0,0,0
283,0.0,0.0,0.0,1.0,-0.0,0,0
284,0.0,0.0,0.0,1.0,-0.0,0,0
285,0.0,0.0,0.0,1.0,-0.0,0,0
286,0.0,0.0,0.0,1.0,-0.0,0,0
287,0.0,0.017821782178217824,0.05698017651460656,1.0,-0.0,0,0
288,0.0,0.017821782178217824,0.05698017651460656,1.0,-0.0,0,0
289,0.0,0.017821782178217824,0.05698017651460656,1.0,-0.0,0,0
290,0.0,0.04950495049504951,0.09078727434730813,1.0,-0.0,0,0
291,0.0,0.07326732673267326,0.11509022642946842,1.0,-0.0,0,0
292,0.0,0.05544554455445545,0.1019369320889802,1.0,-0.0,0,0
293,0.0,0.05544554455445545,0.1019369320889802,1.0,-0.0,0,0
294,0.0,0.05544554455445545,0.1019369320889802,1.0,-0.0,0,0
295,0.0,0.023762376237623763,0.06471340450838887,1.0,-0.0,0,0
296,0.0,0.0,0.0,1.0,-0.0,0,0
297,0.0,0.041584158415841586,0.0987719913927915,1.0,-0.0,0,0
298,0.0,0.041584158415841586,0.0987719913927915,1.0,-0.0,0,0
299,0.0,0.041584158415841586,0.0987719913927915,1.0,-0.0,0,0
300,0.0,0.0891089108910891,0.14481192315867106,1.0,-0.0,0,0
301,0.0,0.0891089108910891,0.14481192315867106,1.0,-0.0,0,0
302,0.0,0.04752475247524753,0.10205226714237721,1.0,-0.0,0,0
303,0.0,0.04752475247524753,0.10205226714237721,1.0,-0.0,0,0
304,0.0,0.04752475247524753,0.10205226714237721,1.0,-0.0,0,0
305,0.0,0.0,0.0,1.0,-0.0,0,0
306,0.0,0.0,0.0,1.0,-0.0,0,0
307,0.0,0.0,0.0,1.0,-0.0,0,0
308,0.0,0.0,0.0,1.0,-0.0,0,0
309,0.0,0.0,0.0,1.0,-0.0,0,0
310,0.0,0.01386138613861386,0.05079507064705211,1.0,-0.0,0,0
311,0.0,0.019801980198019802,0.059735061897023205,1.0,-0.0,0,0
312,0.0,0.019801980198019802,0.059735061897023205,1.0,-0.0,0,0
313,0.0,0.0297029702970297,0.07112192077650681,1.0,-0.0,0,0
314,0.0,0.0297029702970297,0.07112192077650681,1.0,-0.0,0,0
315,0.0,0.02772277227722772,0.06910862719451542,1.0,-0.0,0,0
316,0.0,0.021782178217821784,0.06230547612891991,1.0,-0.0,0,0
317,0.0,0.023762376237623766,0.06471340450838889,1.0,-0.0,0,0
318,0.0,0.013861386138613863,0.05079507064705211,1.0,-0.0,0,0
319,0.0,0.033663366336633666,0.07482947971362847,1.0,-0.0,0,0
320,0.0,0.03564356435643565,0.08626938974571076,1.0,-0.0,0,0
321,0.0,0.03564356435643565,0.08626938974571076,1.0,-0.0,0,0
322,0.0,0.033663366336633666,0.07994704648786674,1.0,-0.0,0,0
323,0.0,0.03762376237623763,0.08771182015980238,1.0,-0.0,0,0
324,0.0,0.02772277227722772,0.07461957893630405,1.0,-0.0,0,0
325,0.0,0.01386138613861386,0.05079507064705211,1.0,-0.0,0,0
326,0.0,0.01386138613861386,0.05079507064705211,1.0,-0.0,0,0
327,0.0,0.023762376237623766,0.0759735686861421,1.0,-0.0,0,0
328,0.0,0.023762376237623766,0.07056843438101175,1.0,-0.0,0,0
329,0.0,0.017821782178217824,0.05698017651460656,1.0,-0.0,0,0
330,0.0,0.017821782178217824,0.05698017651460656,1.0,-0.0,0,0
331,0.0,0.039603960396039604,0.09757374253271224,1.0,-0.0,0,0
332,0.0,0.02970297029702971,0.08622392497852373,1.0,-0.0,0,0
333,0.0,0.025742574257425748,0.07791016068477626,1.0,-0.0,0,0
334,0.0,0.021782178217821784,0.06836703565002801,1.0,-0.0,0,0
335,0.0,0.021782178217821784,0.06836703565002801,1.0,-0.0,0,0
336,0.0,0.0,0.0,1.0,-0.0,0,0
337,0.0,0.0613861386138614,0.11166631429601336,1.0,-0.0,0,0
338,0.0,0.0712871287128713,0.11801714396634726,1.0,-0.0,0,0
339,0.0,0.08712871287128712,0.127165103825761,1.0,-0.0,0,0
340,0.0,0.08712871287128712,0.127165103825761,1.0,-0.0,0,0
341,0.0,0.08712871287128712,0.127165103825761,1.0,-0.0,0,0
342,0.0,0.025742574257425745,0.07264925278354116,1.0,-0.0,0,0
343,0.0,0.015841584158415842,0.06090517425437506,1.0,-0.0,0,0
344,0.0,0.0,0.0,1.0,-0.0,0,0
345,0.0,0.0,0.0,1.0,-0.0,0,0
346,0.0,0.011881188118811881,0.04727657974777554,1.0,-0.0,0,0
347,0.0,0.011881188118811881,0.04727657974777554,1.0,-0.0,0,0
348,0.0,0.011881188118811881,0.04727657974777554,1.0,-0.0,0,0
349,0.0,0.011881188118811881,0.04727657974777554,1.0,-0.0,0,0
350,0.0,0.011881188118811881,0.04727657974777554,1.0,-0.0,0,0
351,0.0,0.015841584158415842,0.06090517425437505,1.0,-0.0,0,0
352,0.0,0.017821782178217824,0.0635517090529949,1.0,-0.0,0,0
353,0.0,0.017821782178217824,0.0635517090529949,1.0,-0.0,0,0
354,0.0,0.017821782178217824,0.0635517090529949,1.0,-0.0,0,0
355,0.0,0.017821782178217824,0.0635517090529949,1.0,-0.0,0,0
356,0.0,0.0019801980198019802,0.019801980198019802,1.0,-0.0,0,0
357,0.0,0.0059405940594059415,0.033953323167291584,1.0,-0.0,0,0
358,0.0,0.0059405940594059415,0.033953323167291584,1.0,-0.0,0,0
359,0.0,0.009900990099009901,0.04338396495090425,1.0,-0.0,0,0
360,0.0,0.009900990099009901,0.04338396495090425,1.0,-0.0,0,0
361,0.0,0.009900990099009901,0.04338396495090425,1.0,-0.0,0,0
362,0.0,0.0039603960396039604,0.027863855998951064,1.0,-0.0,0,0
363,0.0,0.0039603960396039604,0.027863855998951064,1.0,-0.0,0,0
364,0.0,0.0059405940594059415,0.033953323167291584,1.0,-0.0,0,0
365,0.0,0.0059405940594059415,0.033953323167291584,1.0,-0.0,0,0
366,0.0,0.0059405940594059415,0.033953323167291584,1.0,-0.0,0,0
367,0.0,0.0059405940594059415,0.033953323167291584,1.0,-0.0,0,0
368,0.0,0.0059405940594059415,0.033953323167291584,1.0,-0.0,0,0
369,0.0,0.017821782178217824,0.05698017651460656,1.0,-0.0,0,0
370,0.0,0.017821782178217824,0.05698017651460656,1.0,-0.0,0,0
371,0.0,0.031683168316831684,0.07826167463512675,1.0,-0.0,0,0
372,0.0,0.0594059405940594,0.09968089464279778,1.0,-0.0,0,0
373,0.0,0.0712871287128713,0.10747934055534188,1.0,-0.0,0,0
374,0.0,0.061386138613861385,0.09644194583672018,1.0,-0.0,0,0
375,0.0,0.07722772277227723,0.1124710639300034,1.0,-0.0,0,0
376,0.0,0.06732673267326733,0.10255055347504201,1.0,-0.0,0,0
377,0.0,0.06534653465346535,0.10571364605971598,1.0,-0.0,0,0
378,0.0,0.05346534653465347,0.10104832334394513,1.0,-0.0,0,0
379,0.0,0.04554455445544555,0.09283729243351321,1.0,-0.0,0,0
380,0.0,0.0297029702970297,0.07648795214189293,1.0,-0.0,0,0
381,0.0,0.025742574257425748,0.07264925278354116,1.0,-0.0,0,0
382,0.0,0.0,0.0,1.0,-0.0,0,0
383,0.0,0.0,0.0,1.0,-0.0,0,0
384,0.0,0.0039603960396039604,0.027863855998951064,1.0,-0.0,0,0
385,0.0,0.0039603960396039604,0.027863855998951064,1.0,-0.0,0,0
386,0.0,0.0039603960396039604,0.027863855998951064,1.0,-0.0,0,0
387,0.0,0.0039603960396039604,0.027863855998951064,1.0,-0.0,0,0
388,0.0,0.0039603960396039604,0.027863855998951064,1.0,-0.0,0,0
389,0.0,0.0,0.0,1.0,-0.0,0,0
390,0.0,0.019801980198019806,0.06603299802191315,1.0,-0.0,0,0
391,0.0,0.0297029702970297,0.07648795214189293,1.0,-0.0,0,0
392,0.0,0.0297029702970297,0.07648795214189293,1.0,-0.0,0,0
393,0.0,0.0297029702970297,0.07648795214189293,1.0,-0.0,0,0
394,0.0,0.06732673267326733,0.11000352009767247,1.0,-0.0,0,0
395,0.0,0.0594059405940594,0.09562531855564069,1.0,-0.0,0,0
396,0.0,0.1089108910891089,0.13057300215314482,1.0,-0.0,0,0
397,0.2,0.1584158415841584,0.1599921574393993,0.39746516006351823,0.400700933561704,0,0
398,0.2,0.1584158415841584,0.1599921574393993,0.39746516006351823,0.400700933561704,0,0
399,0.2,0.11881188118811879,0.1467218499235066,0.29001285727972087,0.537582747887742,0,0
400,0.2,0.10693069306930691,0.1422989641443302,0.2565428085145365,0.5908401551120017,0,0
401,0.2,0.09306930693069305,0.1306930693069307,0.20662668774682014,0.6848135860465708,0,0
402,0.0,0.04950495049504951,0.09504950495049506,1.0,-0.0,0,0
403,0.0,0.04950495049504951,0.09504950495049506,1.0,-0.0,0,0
404,0.0,0.07722772277227724,0.11593886073904514,1.0,-0.0,0,0
405,0.0,0.07722772277227724,0.11593886073904514,1.0,-0.0,0,0
406,0.0,0.039603960396039604,0.08908690597387718,1.0,-0.0,0,0
407,0.0,0.051485148514851496,0.09186070102766894,1.0,-0.0,0,0
408,0.0,0.08316831683168317,0.12353642740976017,1.0,-0.0,0,0
409,0.0,0.06732673267326733,0.11000352009767247,1.0,-0.0,0,0
410,0.0,0.0712871287128713,0.11801714396634724,1.0,-0.0,0,0
411,0.0,0.06336633663366337,0.11233152161332938,1.0,-0.0,0,0
412,0.0,0.04752475247524753,0.09809478080396702,1.0,-0.0,0,0
413,0.0,0.015841584158415842,0.06090517425437506,1.0,-0.0,0,0
414,0.0,0.0039603960396039604,0.02786385599895107,1.0,-0.0,0,0
415,0.0,0.05940594059405942,0.0996808946427978,1.0,-0.0,0,0
416,0.0,0.07920792079207921,0.11631029826208644,1.0,-0.0,0,0
417,0.0,0.07920792079207921,0.11631029826208644,1.0,-0.0,0,0
418,0.0,0.07920792079207921,0.11631029826208644,1.0,-0.0,0,0
419,0.0,0.07920792079207921,0.11631029826208644,1.0,-0.0,0,0
420,0.0,0.0198019801980198,0.0597350618970232,1.0,-0.0,0,0
421,0.0,0.0,0.0,1.0,-0.0,0,0
422,0.0,0.0,0.0,1.0,-0.0,0,0
423,0.0,0.0,0.0,1.0,-0.0,0,0
424,0.0,0.0059405940594059415,0.033953323167291584,1.0,-0.0,0,0
425,0.0,0.0059405940594059415,0.033953323167291584,1.0,-0.0,0,0
426,0.0,0.0059405940594059415,0.033953323167291584,1.0,-0.0,0,0
427,0.0,0.0059405940594059415,0.033953323167291584,1.0,-0.0,0,0
428,0.0,0.0059405940594059415,0.033953323167291584,1.0,-0.0,0,0
429,0.0,0.0,0.0,1.0,-0.0,0,0
430,0.0,0.0,0.0,1.0,-0.0,0,0
431,0.0,0.0,0.0,1.0,-0.0,0,0
432,0.0,0.013861386138613863,0.05079507064705211,1.0,-0.0,0,0
433,0.0,0.013861386138613863,0.05079507064705211,1.0,-0.0,0,0
434,0.0,0.013861386138613863,0.05079507064705211,1.0,-0.0,0,0
435,0.0,0.013861386138613863,0.05079507064705211,1.0,-0.0,0,0
436,0.0,0.013861386138613863,0.05079507064705211,1.0,-0.0,0,0
437,0.0,0.0,0.0,1.0,-0.0,0,0
438,0.0,0.0,0.0,1.0,-0.0,0,0
439,0.0,0.0,0.0,1.0,-0.0,0,0
440,0.0,0.0,0.0,1.0,-0.0,0,0
441,0.0,0.0,0.0,1.0,-0.0,0,0
442,0.0,0.0,0.0,1.0,-0.0,0,0
443,0.0,0.0,0.0,1.0,-0.0,0,0
444,0.0,0.0,0.0,1.0,-0.0,0,0
445,0.0,0.0,0.0,1.0,-0.0,0,0
446,0.0,0.0,0.0,1.0,-0.0,0,0
447,0.0,0.0,0.0,1.0,-0.0,0,0
448,0.0,0.0039603960396039604,0.027863855998951068,1.0,-0.0,0,0
449,0.0,0.0039603960396039604,0.027863855998951068,1.0,-0.0,0,0
450,0.0,0.0039603960396039604,0.027863855998951068,1.0,-0.0,0,0
451,0.0,0.0039603960396039604,0.027863855998951068,1.0,-0.0,0,0
452,0.0,0.0039603960396039604,0.027863855998951068,1.0,-0.0,0,0
453,0.0,0.0,0.0,1.0,-0.0,0,0
454,0.0,0.0,0.0,1.0,-0.0,0,0
455,0.0,0.0,0.0,1.0,-0.0,0,0
456,0.0,0.0,0.0,1.0,-0.0,0,0
457,0.0,0.031683168316831684,0.07826167463512675,1.0,-0.0,0,0
458,0.0,0.03762376237623762,0.08771182015980238,1.0,-0.0,0,0
459,0.0,0.03762376237623762,0.08771182015980238,1.0,-0.0,0,0
460,0.0,0.047524752475247525,0.09809478080396704,1.0,-0.0,0,0
461,0.0,0.05346534653465347,0.10489443673781407,1.0,-0.0,0,0
462,0.4,0.023762376237623766,0.06471340450838887,3.0515923326657054e-09,8.515473484969863,0,0
463,0.4,0.10099009900990098,0.15826725705099473,0.029427694119993263,1.5312437667891636,0,0
464,0.4,0.10099009900990098,0.15826725705099473,0.029427694119993263,1.5312437667891636,0,0
465,0.4,0.09108910891089109,0.14765427233510692,0.01821375955165694,1.739600401046541,0,0
466,0.4,0.08514851485148514,0.13886822488939993,0.011686928940459944,1.9322995965742884,0,0
467,0.0,0.08316831683168317,0.13280619910579972,1.0,-0.0,0,0
468,0.0,0.0059405940594059415,0.03395332316729158,1.0,-0.0,0,0
469,0.0,0.0059405940594059415,0.03395332316729158,1.0,-0.0,0,0
470,0.0,0.0059405940594059415,0.03395332316729158,1.0,-0.0,0,0
471,0.0,0.0059405940594059415,0.03395332316729158,1.0,-0.0,0,0
472,0.0,0.057425742574257435,0.11718356139020586,1.0,-0.0,0,0
473,0.0,0.05148514851485149,0.10399339410297728,1.0,-0.0,0,0
474,0.0,0.0712871287128713,0.12454800153280307,1.0,-0.0,0,0
475,0.0,0.09900990099009899,0.15826725705099476,1.0,-0.0,0,0
476,0.2,0.11089108910891088,0.15789518399405603,0.2862563340880445,0.5432448947689086,0,0
477,0.2,0.07920792079207921,0.1409422546477168,0.19571348850130194,0.7083792418953204,0,0
478,0.2,0.07920792079207921,0.1409422546477168,0.19571348850130194,0.7083792418953204,0,0
479,0.2,0.05940594059405942,0.11447531431916542,0.10969336149637444,0.9598196545832711,0,0
480,0.2,0.031683168316831684,0.08316831683168316,0.021494876961718277,1.6676650364739223,0,0
481,0.0,0.019801980198019802,0.07178047113026478,1.0,-0.0,0,0
482,0.0,0.0,0.0,1.0,-0.0,0,0
483,0.0,0.0,0.0,1.0,-0.0,0,0
484,0.0,0.0,0.0,1.0,-0.0,0,0
485,0.0,0.0,0.0,1.0,-0.0,0,0
486,0.0,0.0,0.0,1.0,-0.0,0,0
487,0.0,0.0,0.0,1.0,-0.0,0,0
488,0.0,0.0,0.0,1.0,-0.0,0,0
489,0.0,0.0,0.0,1.0,-0.0,0,0
490,0.0,0.0,0.0,1.0,-0.0,0,0
491,0.0,0.0,0.0,1.0,-0.0,0,0
492,0.0,0.0,0.0,1.0,-0.0,0,0
493,0.0,0.0,0.0,1.0,-0.0,0,0
494,0.0,0.0,0.0,1.0,-0.0,0,0
495,0.0,0.0,0.0,1.0,-0.0,0,0
496,0.0,0.0,0.0,1.0,-0.0,0,0
497,0.0,0.0,0.0,1.0,-0.0,0,0
498,0.0,0.0,0.0,1.0,-0.0,0,0
499,0.0,0.0,0.0,1.0,-0.0,0,0
500,0.0,0.0,0.0,1.0,-0.0,0,0
501,0.0,0.0,0.0,1.0,-0.0,0,0
502,0.0,0.0,0.0,1.0,-0.0,0,0
503,0.0,0.0,0.0,1.0,-0.0,0,0
504,0.0,0.0,0.0,1.0,-0.0,0,0
505,0.0,0.0,0.0,1.0,-0.0,0,0
506,0.0,0.0,0.0,1.0,-0.0,0,0
507,0.0,0.0,0.0,1.0,-0.0,0,0
508,0.0,0.0,0.0,1.0,-0.0,0,0
509,0.0,0.0,0.0,1.0,-0.0,0,0
510,0.0,0.0,0.0,1.0,-0.0,0,0
511,0.0,0.0,0.0,1.0,-0.0,0,0
512,0.0,0.0,0.0,1.0,-0.0,0,0
513,0.0,0.0,0.0,1.0,-0.0,0,0
514,0.0,0.0,0.0,1.0,-0.0,0,0
515,0.0,0.0,0.0,1.0,-0.0,0,0
516,0.0,0.0,0.0,1.0,-0.0,0,0
517,0.0,0.0,0.0,1.0,-0.0,0,0
518,0.0,0.0,0.0,1.0,-0.0,0,0
519,0.0,0.0,0.0,1.0,-0.0,0,0
520,0.0,0.0,0.0,1.0,-0.0,0,0
521,0.0,0.0,0.0,1.0,-0.0,0,0
522,0.0,0.0,0.0,1.0,-0.0,0,0
523,0.0,0.0,0.0,1.0,-0.0,0,0
524,0.0,0.0,0.0,1.0,-0.0,0,0
525,0.0,0.0,0.0,1.0,-0.0,0,0
526,0.0,0.0,0.0,1.0,-0.0,0,0
527,0.0,0.0,0.0,1.0,-0.0,0,0
528,0.0,0.017821782178217824,0.05698017651460656,1.0,-0.0,0,0
529,0.0,0.017821782178217824,0.05698017651460656,1.0,-0.0,0,0
530,0.0,0.017821782178217824,0.05698017651460656,1.0,-0.0,0,0
531,0.0,0.017821782178217824,0.05698017651460656,1.0,-0.0,0,0
532,0.0,0.017821782178217824,0.05698017651460656,1.0,-0.0,0,0
533,0.0,0.0,0.0,1.0,-0.0,0,0
534,0.0,0.015841584158415842,0.06090517425437506,1.0,-0.0,0,0
535,0.0,0.015841584158415842,0.06090517425437506,1.0,-0.0,0,0
536,0.0,0.015841584158415842,0.06090517425437506,1.0,-0.0,0,0
537,0.0,0.015841584158415842,0.06090517425437506,1.0,-0.0,0,0
538,0.0,0.019801980198019802,0.06603299802191315,1.0,-0.0,0,0
539,0.0,0.0039603960396039604,0.027863855998951068,1.0,-0.0,0,0
540,0.0,0.0039603960396039604,0.027863855998951068,1.0,-0.0,0,0
541,0.0,0.015841584158415842,0.05401260078014202,1.0,-0.0,0,0
542,0.0,0.015841584158415842,0.05401260078014202,1.0,-0.0,0,0
543,0.0,0.015841584158415842,0.05401260078014202,1.0,-0.0,0,0
544,0.0,0.015841584158415842,0.05401260078014202,1.0,-0.0,0,0
545,0.0,0.02772277227722772,0.06910862719451544,1.0,-0.0,0,0
546,0.0,0.015841584158415842,0.05401260078014202,1.0,-0.0,0,0
547,0.0,0.015841584158415842,0.05401260078014202,1.0,-0.0,0,0
