,foreground,bg_means,bg_stdev,pvals,minus_logs,regs,active
2,0.0,0.0,0.0,1.0,-0.0,0,0
3,0.0,0.0,0.0,1.0,-0.0,0,0
4,0.0,0.0,0.0,1.0,-0.0,0,0
5,0.0,0.0,0.0,1.0,-0.0,0,0
6,0.0,0.0,0.0,1.0,-0.0,0,0
7,0.0,0.0,0.0,1.0,-0.0,0,0
8,0.0,0.0,0.0,1.0,-0.0,0,0
9,0.0,0.0,0.0,1.0,-0.0,0,0
10,0.0,0.0,0.0,1.0,-0.0,0,0
11,0.0,0.0,0.0,1.0,-0.0,0,0
12,0.0,0.0,0.0,1.0,-0.0,0,0
13,0.0,0.0,0.0,1.0,-0.0,0,0
14,0.0,0.0,0.0,1.0,-0.0,0,0
15,0.0,0.0,0.0,1.0,-0.0,0,0
16,0.0,0.0,0.0,1.0,-0.0,0,0
17,0.0,0.0,0.0,1.0,-0.0,0,0
18,0.0,0.041584158415841586,0.08116396646304633,1.0,-0.0,0,0
19,0.0,0.041584158415841586,0.08116396646304633,1.0,-0.0,0,0
20,0.0,0.041584158415841586,0.08116396646304633,1.0,-0.0,0,0
21,0.0,0.041584158415841586,0.08116396646304633,1.0,-0.0,0,0
22,0.2,0.20792079207920788,0.19884974591102086,1.0,-0.0,0,0
23,0.2,0.16633663366336632,0.18036114909680317,0.42596979593880824,0.3706211941417709,0,0
24,0.2,0.16633663366336632,0.18036114909680317,0.42596979593880824,0.3706211941417709,0,0
25,0.2,0.16633663366336632,0.18036114909680317,0.42596979593880824,0.3706211941417709,0,0
26,0.2,0.16633663366336632,0.18036114909680317,0.42596979593880824,0.3706211941417709,0,0
27,0.0,0.0,0.0,1.0,-0.0,0,0
28,0.0,0.0,0.0,1.0,-0.0,0,0
29,0.0,0.0,0.0,1.0,-0.0,0,0
30,0.0,0.0,0.0,1.0,-0.0,0,0
31,0.0,0.0,0.0,1.0,-0.0,0,0
32,0.0,0.0297029702970297,0.07112192077650681,1.0,-0.0,0,0
33,0.0,0.0297029702970297,0.07112192077650681,1.0,-0.0,0,0
34,0.0,0.0297029702970297,0.07112192077650681,1.0,-0.0,0,0
35,0.8,0.1900990099009901,0.19574936009912708,0.0009174694605420836,3.037408383030961,0,0
36,0.8,0.1900990099009901,0.19574936009912708,0.0009174694605420836,3.037408383030961,0,0
37,0.8,0.1603960396039604,0.16890984643276136,7.634325832721575e-05,4.117229308320219,1,0
38,0.8,0.1603960396039604,0.16890984643276136,7.634325832721575e-05,4.117229308320219,0,0
39,0.8,0.1603960396039604,0.16890984643276136,7.634325832721575e-05,4.117229308320219,0,0
40,0.0,0.0,0.0,1.0,-0.0,0,0
41,0.0,0.0,0.0,1.0,-0.0,0,0
42,0.0,0.061386138613861385,0.10046456153636296,1.0,-0.0,0,0
43,0.0,0.061386138613861385,0.10046456153636296,1.0,-0.0,0,0
44,0.0,0.061386138613861385,0.10046456153636296,1.0,-0.0,1,0
45,0.0,0.061386138613861385,0.10046456153636296,1.0,-0.0,0,0
46,0.2,0.22970297029702968,0.17436990069505995,1.0,-0.0,0,0
47,0.2,0.16831683168316827,0.1534621526336441,0.4182174009004753,0.37859790131787163,0,0
48,0.2,0.16831683168316827,0.1534621526336441,0.4182174009004753,0.37859790131787163,0,0
49,0.2,0.16831683168316827,0.1534621526336441,0.4182174009004753,0.37859790131787163,0,0
50,0.2,0.16831683168316827,0.1534621526336441,0.4182174009004753,0.37859790131787163,0,0
51,0.0,0.0,0.0,1.0,-0.0,0,0
52,0.0,0.0,0.0,1.0,-0.0,0,0
53,0.0,0.0,0.0,1.0,-0.0,0,0
54,0.0,0.0,0.0,1.0,-0.0,0,0
55,0.0,0.0,0.0,1.0,-0.0,0,0
56,0.0,0.0,0.0,1.0,-0.0,0,0
57,0.0,0.0,0.0,1.0,-0.0,0,0
58,0.0,0.14257425742574256,0.14166375938629638,1.0,-0.0,0,0
59,0.0,0.14257425742574256,0.14166375938629638,1.0,-0.0,0,0
60,0.0,0.14257425742574256,0.14166375938629638,1.0,-0.0,0,0
61,0.0,0.14257425742574256,0.14166375938629638,1.0,-0.0,0,0
62,0.0,0.14257425742574256,0.14166375938629638,1.0,-0.0,0,0
63,0.0,0.0,0.0,1.0,-0.0,0,0
64,0.0,0.0,0.0,1.0,-0.0,0,0
65,0.0,0.0,0.0,1.0,-0.0,0,0
66,0.0,0.0,0.0,1.0,-0.0,1,0
67,0.0,0.0,0.0,1.0,-0.0,0,0
68,0.0,0.019801980198019802,0.0597350618970232,1.0,-0.0,1,0
69,0.0,0.019801980198019802,0.0597350618970232,1.0,-0.0,0,0
70,0.0,0.019801980198019802,0.0597350618970232,1.0,-0.0,0,0
71,0.0,0.019801980198019802,0.0597350618970232,1.0,-0.0,0,0
72,0.0,0.019801980198019802,0.0597350618970232,1.0,-0.0,0,0
73,0.0,0.0,0.0,1.0,-0.0,0,0
74,0.0,0.0,0.0,1.0,-0.0,0,0
75,0.0,0.0,0.0,1.0,-0.0,0,0
76,0.0,0.0,0.0,1.0,-0.0,0,0
77,0.0,0.0,0.0,1.0,-0.0,0,0
78,0.0,0.0,0.0,1.0,-0.0,0,0
79,0.0,0.0,0.0,1.0,-0.0,0,0
80,0.0,0.0,0.0,1.0,-0.0,0,0
81,0.0,0.0,0.0,1.0,-0.0,0,0
82,0.0,0.0,0.0,1.0,-0.0,0,0
83,0.0,0.0,0.0,1.0,-0.0,0,0
84,0.0,0.0,0.0,1.0,-0.0,0,0
85,0.0,0.0,0.0,1.0,-0.0,0,0
86,0.0,0.0,0.0,1.0,-0.0,0,0
87,0.0,0.0,0.0,1.0,-0.0,0,0
88,0.0,0.0,0.0,1.0,-0.0,0,0
89,0.0,0.0,0.0,1.0,-0.0,0,0
90,0.0,0.0,0.0,1.0,-0.0,0,0
91,0.0,0.0,0.0,1.0,-0.0,0,0
92,0.0,0.0,0.0,1.0,-0.0,0,0
93,0.0,0.0,0.0,1.0,-0.0,0,0
94,0.0,0.0,0.0,1.0,-0.0,0,0
95,0.0,0.0,0.0,1.0,-0.0,0,0
96,0.0,0.0,0.0,1.0,-0.0,0,0
97,0.0,0.0,0.0,1.0,-0.0,0,0
98,0.0,0.0,0.0,1.0,-0.0,0,0
99,0.0,0.0,0.0,1.0,-0.0,0,0
100,0.0,0.0,0.0,1.0,-0.0,0,0
101,0.0,0.0,0.0,1.0,-0.0,0,0
102,0.0,0.0,0.0,1.0,-0.0,0,0
103,0.0,0.0,0.0,1.0,-0.0,0,0
104,0.0,0.0,0.0,1.0,-0.0,0,0
105,0.0,0.0,0.0,1.0,-0.0,0,0
106,0.0,0.0,0.0,1.0,-0.0,0,0
107,0.0,0.0,0.0,1.0,-0.0,0,0
108,0.2,0.015841584158415842,0.05401260078014202,0.00032535620257014524,3.4876409094885674,0,0
109,0.4,0.039603960396039604,0.08452453849668534,1.0048801267895168e-05,4.9978857426005865,0,0
110,0.4,0.039603960396039604,0.08452453849668534,1.0048801267895168e-05,4.9978857426005865,0,0
111,0.4,0.039603960396039604,0.08452453849668534,1.0048801267895168e-05,4.9978857426005865,0,0
112,0.6,0.08118811881188118,0.11320083903331847,2.2905560203666537e-06,5.640059082172727,0,0
113,0.4,0.06534653465346535,0.09793475658517417,0.00031645290910322575,3.4996909075682905,0,0
114,0.2,0.041584158415841586,0.08116396646304633,0.025480968483881664,1.5937840693032386,0,0
115,0.2,0.041584158415841586,0.08116396646304633,0.025480968483881664,1.5937840693032386,0,0
116,0.2,0.041584158415841586,0.08116396646304633,0.025480968483881664,1.5937840693032386,0,0
117,0.0,0.0,0.0,1.0,-0.0,0,0
118,0.0,0.0,0.0,1.0,-0.0,0,0
119,0.0,0.15445544554455445,0.15384494732320814,1.0,-0.0,0,0
120,0.0,0.15445544554455445,0.15384494732320814,1.0,-0.0,0,0
121,0.0,0.31485148514851485,0.2036236766825388,1.0,-0.0,1,0
122,0.0,0.31485148514851485,0.2036236766825388,1.0,-0.0,0,0
123,0.0,0.31485148514851485,0.2036236766825388,1.0,-0.0,1,0
124,0.0,0.16237623762376235,0.16096951630021047,1.0,-0.0,0,0
125,0.0,0.16237623762376235,0.16096951630021047,1.0,-0.0,0,0
126,0.0,0.0,0.0,1.0,-0.0,0,0
127,0.0,0.05544554455445544,0.09797478714338996,1.0,-0.0,0,0
128,0.0,0.05544554455445544,0.09797478714338996,1.0,-0.0,0,0
129,0.0,0.05544554455445544,0.09797478714338996,1.0,-0.0,0,0
130,0.0,0.09900990099009901,0.13386490123687583,1.0,-0.0,0,0
131,0.0,0.09900990099009901,0.13386490123687583,1.0,-0.0,0,0
132,0.0,0.08514851485148514,0.1172170185104851,1.0,-0.0,1,0
133,0.0,0.14059405940594058,0.13363035896081574,1.0,-0.0,0,0
134,0.0,0.14059405940594058,0.13363035896081574,1.0,-0.0,0,0
135,0.0,0.09504950495049505,0.11464645406835748,1.0,-0.0,0,0
136,0.0,0.15643564356435644,0.1451635073909802,1.0,-0.0,0,0
137,0.0,0.11287128712871287,0.14736186103080443,1.0,-0.0,0,0
138,0.0,0.10693069306930694,0.1306930693069307,1.0,-0.0,0,0
139,0.0,0.10693069306930694,0.1306930693069307,1.0,-0.0,0,0
140,0.0,0.10693069306930694,0.1306930693069307,1.0,-0.0,0,0
141,0.0,0.04752475247524753,0.08512548617902843,1.0,-0.0,0,0
142,0.0,0.04752475247524753,0.08512548617902843,1.0,-0.0,0,0
143,0.0,0.0,0.0,1.0,-0.0,0,0
144,0.0,0.0,0.0,1.0,-0.0,0,0
145,0.0,0.0,0.0,1.0,-0.0,0,0
146,0.0,0.0,0.0,1.0,-0.0,0,0
147,0.0,0.13762376237623758,0.16581719933036293,1.0,-0.0,0,0
148,0.0,0.13762376237623758,0.16581719933036293,1.0,-0.0,0,0
149,0.0,0.19801980198019795,0.20391232731653072,1.0,-0.0,0,0
150,0.0,0.19801980198019795,0.20391232731653072,1.0,-0.0,0,0
151,0.0,0.19801980198019795,0.20391232731653072,1.0,-0.0,0,0
152,0.0,0.0594059405940594,0.0996808946427978,1.0,-0.0,0,0
153,0.0,0.0594059405940594,0.0996808946427978,1.0,-0.0,0,0
154,0.0,0.0,0.0,1.0,-0.0,0,0
155,0.0,0.0,0.0,1.0,-0.0,0,0
156,0.0,0.0,0.0,1.0,-0.0,0,0
157,0.0,0.0,0.0,1.0,-0.0,0,0
158,0.0,0.0,0.0,1.0,-0.0,0,0
159,0.0,0.0,0.0,1.0,-0.0,0,0
160,0.0,0.0,0.0,1.0,-0.0,0,0
161,0.0,0.0,0.0,1.0,-0.0,0,0
162,0.0,0.10891089108910891,0.15549283508436104,1.0,-0.0,0,0
163,0.0,0.10891089108910891,0.15549283508436104,1.0,-0.0,0,0
164,0.0,0.10891089108910891,0.15549283508436104,1.0,-0.0,0,0
165,0.0,0.10891089108910891,0.15549283508436104,1.0,-0.0,0,0
