,foreground,bg_means,bg_stdev,pvals,minus_logs,regs,active
2,0.4,0.30297029702970296,0.2297029702970297,0.33636150594737857,0.47319371177785297,0,0
3,0.4,0.30297029702970296,0.2297029702970297,0.33636150594737857,0.47319371177785297,0,0
4,0.2,0.1603960396039604,0.15925520208224236,0.4018032452859214,0.3959865598623439,0,0
5,0.2,0.1603960396039604,0.15925520208224236,0.4018032452859214,0.3959865598623439,0,0
6,0.2,0.2594059405940594,0.20008820719317436,1.0,-0.0,0,0
7,0.2,0.2594059405940594,0.20008820719317436,1.0,-0.0,0,0
8,0.2,0.41980198019801984,0.24455245118832367,1.0,-0.0,0,0
9,0.0,0.2594059405940594,0.19608960258498426,1.0,-0.0,0,0
10,0.0,0.2594059405940594,0.19608960258498426,1.0,-0.0,0,0
11,0.0,0.1603960396039604,0.1712384753198294,1.0,-0.0,0,0
12,0.0,0.2693069306930693,0.2076471561016765,1.0,-0.0,0,0
13,0.0,0.2554455445544554,0.208946081218066,1.0,-0.0,0,0
14,0.0,0.27722772277227725,0.2124264290202596,1.0,-0.0,0,0
15,0.0,0.27722772277227725,0.2124264290202596,1.0,-0.0,0,0
16,0.2,0.4178217821782178,0.2565560327518694,1.0,-0.0,0,0
17,0.2,0.6990099009900989,0.3265466016823437,1.0,-0.0,0,0
18,0.2,0.6673267326732673,0.3008597946187517,1.0,-0.0,0,0
19,0.2,0.6455445544554455,0.2976890371955031,1.0,-0.0,0,0
20,0.2,0.6455445544554455,0.2976890371955031,1.0,-0.0,0,0
21,0.0,0.504950495049505,0.27660467469677974,1.0,-0.0,0,0
22,0.0,0.33069306930693076,0.199872520886266,1.0,-0.0,0,0
23,0.0,0.21584158415841584,0.16333933170139628,1.0,-0.0,0,0
24,0.0,0.21584158415841584,0.16333933170139628,1.0,-0.0,0,0
25,0.0,0.21584158415841584,0.16333933170139628,1.0,-0.0,0,0
26,1.4,0.9861386138613861,0.3212074074612533,0.0987937599099339,1.005270485799692,0,0
27,1.4,0.7702970297029701,0.32382141345649074,0.025911597612833806,1.5865058092045312,1,0
28,2.2,1.077227722772277,0.4078150396419688,0.0029513240442553238,2.5299831039850114,1,0
29,2.2,1.077227722772277,0.4078150396419688,0.0029513240442553238,2.5299831039850114,0,0
30,2.2,1.1445544554455445,0.3991265829443364,0.00409193933012464,2.3880708140574867,0,0
31,0.8,0.40792079207920795,0.24360460103802914,0.05375460262904272,1.2695843442343602,0,0
32,0.8,0.40792079207920795,0.24360460103802914,0.05375460262904272,1.2695843442343602,0,0
33,0.2,0.1782178217821782,0.16863104044391106,0.44861131653527164,0.3481297752317989,0,0
34,0.2,0.1782178217821782,0.16863104044391106,0.44861131653527164,0.3481297752317989,0,0
35,0.2,0.12376237623762375,0.1401191253095801,0.2931892578952463,0.532851945771298,0,0
36,0.8,0.5128712871287129,0.27920089872498327,0.15188211008188335,0.8184933778836193,0,0
37,1.0,0.6554455445544554,0.31855964439113194,0.13971491219207155,0.8547572378578946,0,0
38,2.4,1.3108910891089112,0.4498406736865557,0.007736826270423338,2.1114371550673825,0,0
39,2.4,1.3683168316831682,0.48562110746313764,0.01681580137381369,1.7742824311187668,0,0
40,3.8,2.011881188118812,0.5697467091755862,0.0008492335174522385,3.0709728734823756,0,0
41,3.2,1.5881188118811882,0.5441474626709764,0.0015271774845476709,2.8161104874488485,0,0
42,3.4,1.617821782178218,0.5159622443021763,0.00027608013067229904,3.558964848159322,0,0
43,2.0,1.1287128712871286,0.3875121546898236,0.012274953025646495,1.9109801611798658,1,0
44,2.2,1.1673267326732675,0.40665476901980663,0.005551587110497712,2.255582841238442,0,0
45,0.8,0.7386138613861387,0.36341894026659594,0.4329325853338746,0.3635797251175265,0,0
46,0.8,0.7386138613861387,0.36341894026659594,0.4329325853338746,0.3635797251175265,0,0
47,0.4,0.5663366336633664,0.3222068789091731,1.0,-0.0,0,0
48,0.2,0.4297029702970297,0.2916476086220144,1.0,-0.0,0,0
49,0.0,0.45742574257425744,0.33577058842339247,1.0,-0.0,0,0
50,0.0,0.22970297029702966,0.2132002983555607,1.0,-0.0,0,0
51,0.0,0.22970297029702966,0.2132002983555607,1.0,-0.0,0,0
52,0.0,0.2613861386138614,0.22992478194491442,1.0,-0.0,0,0
53,0.0,0.20990099009900987,0.17660435755646178,1.0,-0.0,0,0
54,0.0,0.08514851485148514,0.12054836637801526,1.0,-0.0,0,0
55,0.2,0.19603960396039605,0.16645446086073276,0.4905089934866409,0.30935302541794835,0,0
56,0.6,0.5237623762376238,0.29083305232904105,0.3966085472852099,0.4016379305775072,0,0
57,0.6,0.4910891089108912,0.2985439947680697,0.35762779975220216,0.4465687292225493,0,0
58,0.6,0.43762376237623757,0.2934436998470131,0.2900128572797208,0.5375827478877421,0,0
59,0.6,0.43762376237623757,0.2934436998470131,0.2900128572797208,0.5375827478877421,0,0
60,0.6,0.47920792079207924,0.2829535985760952,0.3347271279481122,0.47530908883510836,0,0
61,0.6,0.3960396039603961,0.23877608388091656,0.196499568093217,0.7066383998683952,0,0
62,0.8,0.5049504950495051,0.2892038363082317,0.15381373372263124,0.8130048855120355,0,0
63,1.0,0.5841584158415841,0.31551707467167545,0.09375708664253064,1.0279958961503284,0,0
64,1.0,0.5841584158415841,0.31551707467167545,0.09375708664253064,1.0279958961503284,0,0
65,0.8,0.4396039603960397,0.2965408518501261,0.1121194546600119,0.9503190232799603,0,0
66,0.4,0.20594059405940596,0.1938774657314743,0.15842828816591537,0.8001672703634097,0,0
67,0.2,0.19603960396039607,0.18016537621852308,0.4912311553569852,0.3087140967314334,0,0
68,0.0,0.22772277227722773,0.19504699199265746,1.0,-0.0,0,0
69,0.0,0.3603960396039604,0.2404942138909133,1.0,-0.0,0,0
70,0.0,0.3801980198019802,0.26326954225140997,1.0,-0.0,0,0
71,0.0,0.4633663366336633,0.2639092149172948,1.0,-0.0,0,0
72,1.0,1.1643564356435645,0.38009487049603075,1.0,-0.0,0,0
73,1.0,1.0534653465346537,0.35919722276034,1.0,-0.0,0,0
74,1.0,0.9425742574257424,0.351896287222645,0.43518465751947877,0.3613264241372727,0,0
75,1.0,1.1544554455445546,0.405781180966764,1.0,-0.0,0,0
76,1.0,1.087128712871287,0.3994212065785691,1.0,-0.0,0,0
77,0.0,0.28712871287128716,0.20760938490425596,1.0,-0.0,0,0
78,0.0,0.3643564356435644,0.23946481517355997,1.0,-0.0,0,0
79,0.0,0.3643564356435644,0.24111299615331402,1.0,-0.0,0,0
80,0.0,0.17821782178217815,0.16863104044391106,1.0,-0.0,0,0
81,0.0,0.3386138613861386,0.21386138613861388,1.0,-0.0,0,0
82,0.2,0.891089108910891,0.3487173129295844,1.0,-0.0,0,0
83,0.2,1.4336633663366336,0.43697366704147944,1.0,-0.0,0,0
84,0.4,1.891089108910891,0.47556095275198357,1.0,-0.0,0,0
85,0.4,1.8950495049504947,0.5070544403415199,1.0,-0.0,0,0
86,0.4,2.0732673267326738,0.571759675524796,1.0,-0.0,0,0
87,0.2,1.8,0.5042394527826777,1.0,-0.0,0,0
88,0.2,1.3742574257425741,0.4613053938610022,1.0,-0.0,0,0
89,0.0,1.3821782178217823,0.3931079612886351,1.0,-0.0,0,0
90,0.0,1.3247524752475248,0.39184911740452455,1.0,-0.0,0,0
91,0.0,0.9564356435643564,0.3665239018273221,1.0,-0.0,0,0
92,0.0,0.7742574257425743,0.31297153425949065,1.0,-0.0,0,0
93,0.0,0.6316831683168317,0.29615713419152345,1.0,-0.0,0,0
94,0.0,0.3643564356435644,0.2523490268843404,1.0,-0.0,0,0
95,0.0,0.39603960396039606,0.26247896363769496,1.0,-0.0,0,0
96,0.0,0.39603960396039606,0.26247896363769496,1.0,-0.0,0,0
97,0.0,0.3108910891089109,0.23118334847835673,1.0,-0.0,0,0
98,0.0,0.44950495049504957,0.2600928099303647,1.0,-0.0,0,0
99,0.6,0.7366336633663367,0.39394495576629546,1.0,-0.0,0,0
100,1.0,1.201980198019802,0.49029798941027974,1.0,-0.0,0,0
101,1.0,1.201980198019802,0.49029798941027974,1.0,-0.0,0,0
102,1.2,1.2099009900990103,0.49582513495633246,1.0,-0.0,0,0
103,1.2,1.0217821782178218,0.42112625053575664,0.33607710514741107,0.47356107231724337,0,0
104,0.6,0.5188118811881188,0.3098108241968483,0.3966387193464573,0.4016048928091721,0,0
105,0.2,0.021782178217821784,0.062305476128919915,0.0021156164498790874,2.6745630648030145,0,0
106,0.2,0.021782178217821784,0.062305476128919915,0.0021156164498790874,2.6745630648030145,0,0
107,0.0,0.0,0.0,1.0,-0.0,0,0
108,0.0,0.0,0.0,1.0,-0.0,0,0
109,0.0,0.0,0.0,1.0,-0.0,0,0
110,0.0,0.04356435643564357,0.08721867542790195,1.0,-0.0,0,0
111,0.2,0.1277227722772277,0.1422024855871583,0.30563207600720477,0.5148010686110489,0,0
112,0.2,0.17623762376237626,0.1623762376237624,0.4418259175503176,0.35474881196176283,0,0
113,0.2,0.2831683168316832,0.2073258815835463,1.0,-0.0,0,0
114,0.4,0.40594059405940597,0.2428468866020735,1.0,-0.0,0,0
115,1.2,0.8554455445544553,0.34482747803628105,0.15884691391129002,0.7990212182577765,0,0
116,2.0,1.1742574257425742,0.3522638146590218,0.009536458271168766,2.0206128872328546,1,0
117,2.2,1.4534653465346536,0.4008812955920654,0.03128507894585843,1.5046627447712475,1,0
118,2.2,1.4118811881188118,0.4238641498958189,0.03148760158947109,1.501860418313186,0,0
119,2.0,1.3584158415841583,0.42525876263116413,0.06568885605974395,1.1825083010986999,0,0
120,1.2,0.8633663366336632,0.38065154468455553,0.18825048407765455,0.7252638983570951,0,0
121,0.2,0.4613861386138614,0.2666143790844647,1.0,-0.0,0,0
122,0.0,0.13267326732673265,0.15486110729518537,1.0,-0.0,0,0
123,0.6,0.5227722772277228,0.25942861362633374,0.3829722143871037,0.4168327340629633,0,0
124,0.6,0.49900990099009906,0.2723186287155815,0.35537362299615416,0.44931481010510443,0,0
125,1.4,1.196039603960396,0.4683911355451434,0.33161831802935615,0.47936148777392695,0,0
126,1.4,1.2415841584158416,0.4753877680863002,0.3694784511838219,0.4324108855637637,0,0
127,1.6,1.3603960396039605,0.48176227815965683,0.3094715013203396,0.509379338208258,0,0
128,1.0,0.9029702970297029,0.3729612422580186,0.39737006894101995,0.40080484830646873,0,0
129,1.0,1.1257425742574259,0.4218426024677208,1.0,-0.0,0,0
130,0.2,0.4297029702970297,0.25075906722022545,1.0,-0.0,0,0
131,0.2,0.38415841584158433,0.22982243393986782,1.0,-0.0,0,0
132,0.0,0.2653465346534653,0.19722613224536606,1.0,-0.0,0,0
133,0.0,0.2653465346534653,0.19722613224536606,1.0,-0.0,0,0
134,0.0,0.0,0.0,1.0,-0.0,0,0
135,0.0,0.0,0.0,1.0,-0.0,0,0
136,0.0,0.0,0.0,1.0,-0.0,0,0
137,0.0,0.0,0.0,1.0,-0.0,0,0
138,0.0,0.0,0.0,1.0,-0.0,0,0
139,0.0,0.0,0.0,1.0,-0.0,0,0
140,0.0,0.0,0.0,1.0,-0.0,0,0
141,0.0,0.0,0.0,1.0,-0.0,0,0
142,0.0,0.0,0.0,1.0,-0.0,0,0
143,0.0,0.0,0.0,1.0,-0.0,0,0
144,0.0,0.0,0.0,1.0,-0.0,0,0
145,0.0,0.0,0.0,1.0,-0.0,0,0
146,0.0,0.0,0.0,1.0,-0.0,0,0
147,0.0,0.0,0.0,1.0,-0.0,0,0
148,0.0,0.0,0.0,1.0,-0.0,0,0
149,0.0,0.0,0.0,1.0,-0.0,0,0
150,0.0,0.0,0.0,1.0,-0.0,0,0
151,0.0,0.0,0.0,1.0,-0.0,0,0
152,0.0,0.0,0.0,1.0,-0.0,0,0
153,0.0,0.0,0.0,1.0,-0.0,0,0
154,0.0,0.0,0.0,1.0,-0.0,0,0
155,0.0,0.0,0.0,1.0,-0.0,0,0
156,0.0,0.0,0.0,1.0,-0.0,0,0
157,0.0,0.12673267326732673,0.175132814725978,1.0,-0.0,0,0
158,0.0,0.2554455445544555,0.24392631882353832,1.0,-0.0,0,0
159,0.0,0.28118811881188116,0.24239435640553428,1.0,-0.0,0,0
160,0.2,0.6376237623762375,0.3302718607595974,1.0,-0.0,0,0
161,0.2,0.6376237623762375,0.3302718607595974,1.0,-0.0,0,0
162,0.2,0.5089108910891089,0.29854399476806975,1.0,-0.0,0,0
163,0.2,0.38217821782178224,0.24389416614181644,1.0,-0.0,0,0
164,0.2,0.35643564356435653,0.23480172447970915,1.0,-0.0,0,0
165,0.0,0.0,0.0,1.0,-0.0,0,0
166,0.0,0.025742574257425748,0.06697637435757531,1.0,-0.0,0,0
167,0.0,0.025742574257425748,0.06697637435757531,1.0,-0.0,0,0
168,0.0,0.025742574257425748,0.06697637435757531,1.0,-0.0,0,0
169,0.0,0.3564356435643564,0.23480172447970915,1.0,-0.0,0,0
170,0.0,0.3564356435643564,0.23480172447970915,1.0,-0.0,0,0
171,0.0,0.33069306930693076,0.2345176529729178,1.0,-0.0,0,0
172,0.0,0.39207920792079215,0.22146370344579505,1.0,-0.0,0,0
173,0.0,0.39207920792079215,0.22146370344579505,1.0,-0.0,0,0
174,0.0,0.11089108910891088,0.1420507440353343,1.0,-0.0,0,0
175,0.0,0.11089108910891088,0.1420507440353343,1.0,-0.0,0,0
176,0.0,0.11089108910891088,0.1420507440353343,1.0,-0.0,0,0
177,0.0,0.049504950495049514,0.09504950495049505,1.0,-0.0,0,0
178,0.0,0.049504950495049514,0.09504950495049505,1.0,-0.0,0,0
179,0.0,0.18217821782178217,0.17371653227296086,1.0,-0.0,0,0
180,0.2,0.2455445544554455,0.21226023280572862,1.0,-0.0,0,0
181,1.0,0.7584158415841583,0.3662135195855855,0.25472923051910723,0.5939212163054882,0,0
182,1.0,0.8435643564356434,0.38445431086850607,0.3420395865324359,0.465923627225528,0,0
183,2.8,1.5504950495049508,0.5029858888984244,0.006492599592673354,2.1875813798246915,0,0
184,2.8,1.386138613861386,0.47450436945067387,0.0014428454243562382,2.8407801934698935,0,0
185,2.6,1.3207920792079209,0.47518976546700564,0.0035513128725677074,2.4496110644361995,0,0
186,2.0,0.9386138613861386,0.3835659409997069,0.0028273992852959084,2.548612856117539,0,0
187,2.0,0.8514851485148515,0.36765617315723326,0.0008924072053173984,3.049436931869874,0,0
188,0.2,0.14455445544554454,0.14656141045515514,0.3526004188666671,0.45271717612241963,0,0
189,0.2,0.14257425742574256,0.13301271781185478,0.33296838795229,0.47759699649240317,0,0
190,1.2,0.4217821782178217,0.28549209224055405,0.003206493762673353,2.493969600542993,0,0
191,1.0,0.2930693069306931,0.24464863701355247,0.0019288121647059334,2.714710063597006,0,0
192,1.0,0.3386138613861387,0.2621201814260632,0.005814328308724787,2.23550044923536,0,0
193,1.2,0.4257425742574259,0.29202382425070533,0.0040085333393673,2.397014499981515,0,0
194,1.2,0.41188118811881197,0.27260646161351326,0.0019197873570930253,2.716746872731567,0,0
195,0.2,0.13267326732673268,0.14698885988036148,0.32346196122332527,0.49017678455367025,0,0
196,0.2,0.13267326732673268,0.14698885988036148,0.32346196122332527,0.49017678455367025,0,0
197,0.2,0.08514851485148514,0.1172170185104851,0.16358768676286217,0.786249388758791,0,0
198,0.0,0.0,0.0,1.0,-0.0,0,0
199,0.2,0.033663366336633666,0.07482947971362847,0.013112090674369026,1.8823280561396656,0,0
200,0.2,0.033663366336633666,0.07482947971362847,0.013112090674369026,1.8823280561396656,0,0
201,0.2,0.033663366336633666,0.07482947971362847,0.013112090674369026,1.8823280561396656,0,0
202,0.2,0.033663366336633666,0.07482947971362847,0.013112090674369026,1.8823280561396656,0,0
203,0.2,0.033663366336633666,0.07482947971362847,0.013112090674369026,1.8823280561396656,0,0
204,0.0,0.0,0.0,1.0,-0.0,0,0
205,0.0,0.0,0.0,1.0,-0.0,0,0
206,0.0,0.0,0.0,1.0,-0.0,0,0
207,0.0,0.16831683168316833,0.1728793392928091,1.0,-0.0,0,0
