,foreground,bg_means,bg_stdev,pvals,minus_logs,regs,active
2,0.4,0.19999999999999998,0.18020889968243098,0.13353763116672873,0.8743963320140453,0,0
3,0.4,0.15445544554455443,0.15639804034834157,0.05820783000558099,1.2350185909602391,0,0
4,0.4,0.1564356435643564,0.1702740025877676,0.07629739857739833,1.1174902694204962,0,0
5,0.4,0.17029702970297028,0.1674175159433525,0.08502601200277206,1.0704481902731704,0,0
6,0.4,0.17029702970297028,0.16741751594335252,0.08502601200277211,1.07044819027317,0,0
7,0.4,0.1881188118811881,0.17981680926331076,0.11933514323763374,0.9232316412700083,0,0
8,0.2,0.14455445544554454,0.15950123220279028,0.3640634367094124,0.43882293554751806,0,0
9,0.2,0.14653465346534653,0.1459447585955507,0.3570558366455642,0.44726386329711504,0,0
10,0.2,0.17227722772277226,0.14632042140127655,0.42486372710597897,0.3717503453759149,0,0
11,0.0,0.12475247524752472,0.13744913773527348,1.0,-0.0,0,0
12,0.0,0.10495049504950495,0.1245794808714917,1.0,-0.0,0,0
13,0.2,0.10693069306930691,0.13368903310588712,0.24316349850456426,0.6141016168491317,0,0
14,0.2,0.11683168316831682,0.14146987009498416,0.27830402559675094,0.555480511661606,0,0
15,0.2,0.07722772277227724,0.105193069190443,0.12158221832020351,0.9151299369884706,0,0
16,0.2,0.18217821782178217,0.16191676116245252,0.4561778991695213,0.3408657591760434,0,0
17,0.2,0.18217821782178217,0.16191676116245252,0.4561778991695213,0.3408657591760434,0,0
18,0.0,0.1861386138613861,0.1694660823392845,1.0,-0.0,0,0
19,0.0,0.17227722772277224,0.1490024997339573,1.0,-0.0,0,0
20,0.0,0.17227722772277224,0.1490024997339573,1.0,-0.0,0,0
21,0.0,0.06732673267326733,0.09451167971312256,1.0,-0.0,0,0
22,0.0,0.06732673267326733,0.09451167971312256,1.0,-0.0,0,0
23,0.0,0.019801980198019802,0.059735061897023205,1.0,-0.0,0,0
24,0.0,0.0,0.0,1.0,-0.0,0,0
25,0.0,0.013861386138613863,0.05079507064705211,1.0,-0.0,0,0
26,0.0,0.023762376237623763,0.06471340450838887,1.0,-0.0,0,0
27,0.0,0.039603960396039604,0.07970143286137865,1.0,-0.0,0,0
28,0.0,0.039603960396039604,0.07970143286137865,1.0,-0.0,0,0
29,0.0,0.1504950495049505,0.14185738367185993,1.0,-0.0,0,0
30,0.0,0.15445544554455443,0.14860723199440565,1.0,-0.0,0,0
31,0.0,0.14455445544554454,0.14383382017690993,1.0,-0.0,0,0
32,0.0,0.17821782178217818,0.1732644978552662,1.0,-0.0,0,0
33,0.0,0.27128712871287125,0.22792070605842626,1.0,-0.0,0,0
34,0.0,0.16237623762376235,0.1795767770099744,1.0,-0.0,0,0
35,0.0,0.14257425742574256,0.17425742574257425,1.0,-0.0,0,0
36,0.0,0.14257425742574256,0.17425742574257425,1.0,-0.0,0,0
37,0.4,0.1485148514851485,0.1772249571110055,0.07794709448130142,1.1082000687272966,0,0
38,0.4,0.05544554455445544,0.1094316980566186,0.0008203290565881012,3.0860119051839017,0,0
39,0.4,0.05544554455445544,0.1094316980566186,0.0008203290565881012,3.0860119051839017,0,0
40,0.4,0.05544554455445544,0.1094316980566186,0.0008203290565881012,3.0860119051839017,0,0
41,0.4,0.05544554455445544,0.1094316980566186,0.0008203290565881012,3.0860119051839017,0,0
42,0.0,0.0,0.0,1.0,-0.0,0,0
43,0.0,0.0,0.0,1.0,-0.0,0,0
44,0.0,0.019801980198019802,0.0597350618970232,1.0,-0.0,0,0
45,0.0,0.019801980198019802,0.0597350618970232,1.0,-0.0,0,0
46,0.0,0.019801980198019802,0.0597350618970232,1.0,-0.0,0,0
47,0.0,0.019801980198019802,0.0597350618970232,1.0,-0.0,0,0
48,0.0,0.05346534653465347,0.09287951999650357,1.0,-0.0,0,0
49,0.0,0.033663366336633666,0.07482947971362845,1.0,-0.0,0,0
50,0.0,0.05346534653465347,0.09287951999650357,1.0,-0.0,0,0
51,0.0,0.05346534653465347,0.09287951999650357,1.0,-0.0,0,0
52,0.0,0.05346534653465347,0.09287951999650357,1.0,-0.0,0,0
53,0.0,0.019801980198019802,0.059735061897023205,1.0,-0.0,0,0
54,0.0,0.019801980198019802,0.059735061897023205,1.0,-0.0,0,0
55,0.2,0.09306930693069305,0.12762679639066946,0.20106059762379253,0.6966730309011007,0,0
56,0.2,0.09306930693069305,0.12762679639066946,0.20106059762379253,0.6966730309011007,0,0
57,0.2,0.09306930693069305,0.12762679639066946,0.20106059762379253,0.6966730309011007,0,0
58,0.2,0.09306930693069305,0.12762679639066946,0.20106059762379253,0.6966730309011007,0,0
59,0.2,0.09306930693069305,0.12762679639066946,0.20106059762379253,0.6966730309011007,0,0
60,0.0,0.0,0.0,1.0,-0.0,0,0
61,0.0,0.0,0.0,1.0,-0.0,0,0
62,0.0,0.0,0.0,1.0,-0.0,0,0
63,0.0,0.0,0.0,1.0,-0.0,0,0
64,0.0,0.0,0.0,1.0,-0.0,0,0
65,0.0,0.0,0.0,1.0,-0.0,0,0
66,0.0,0.0,0.0,1.0,-0.0,0,0
67,0.0,0.08514851485148514,0.12054836637801525,1.0,-0.0,0,0
68,0.0,0.08514851485148514,0.12054836637801525,1.0,-0.0,0,0
69,0.2,0.10099009900990098,0.1367914141716479,0.23459364655241438,0.6296837539621412,0,0
70,0.2,0.10099009900990098,0.1367914141716479,0.23459364655241438,0.6296837539621412,0,0
71,0.2,0.11683168316831682,0.15225649732072147,0.2924511013876268,0.5339467387196432,0,0
72,0.2,0.03168316831683169,0.0730260947112308,0.01058647624307391,1.9752485727397298,0,0
73,0.2,0.03168316831683169,0.0730260947112308,0.01058647624307391,1.9752485727397298,0,0
74,0.0,0.03564356435643565,0.08154954567118416,1.0,-0.0,0,0
75,0.0,0.03564356435643565,0.08154954567118416,1.0,-0.0,0,0
76,0.0,0.019801980198019802,0.059735061897023205,1.0,-0.0,0,0
77,0.0,0.08316831683168317,0.13280619910579974,1.0,-0.0,0,0
78,0.0,0.15643564356435644,0.15569444662458046,1.0,-0.0,0,0
79,0.0,0.13663366336633662,0.14605218942246156,1.0,-0.0,0,0
80,0.2,0.2198019801980198,0.18775368421597716,1.0,-0.0,0,0
81,0.2,0.30891089108910885,0.22954928282989867,1.0,-0.0,0,0
82,0.2,0.2455445544554455,0.19877085293195412,1.0,-0.0,0,0
83,0.2,0.17425742574257425,0.16569891898195668,0.4382697331013681,0.35825852067831937,0,0
84,0.2,0.17425742574257425,0.16569891898195668,0.4382697331013681,0.35825852067831937,0,0
85,0.0,0.08910891089108909,0.11423528793549272,1.0,-0.0,0,0
86,0.2,0.05940594059405942,0.09562531855564071,0.07074570539322604,1.1502999187808278,0,0
87,0.2,0.07722772277227724,0.1124710639300034,0.13750669912875174,0.8616761431153293,0,0
88,0.2,0.1287128712871287,0.14510947295494067,0.3116197020280007,0.5063750920407206,0,0
89,0.2,0.1287128712871287,0.14510947295494067,0.3116197020280007,0.5063750920407206,0,0
90,0.2,0.15049504950495046,0.15518992667640907,0.37486481051314946,0.4261253259621396,0,0
91,0.0,0.0891089108910891,0.11765109526742927,1.0,-0.0,0,0
92,0.0,0.0712871287128713,0.10747934055534188,1.0,-0.0,0,0
93,0.0,0.021782178217821784,0.062305476128919915,1.0,-0.0,0,0
94,0.0,0.021782178217821784,0.062305476128919915,1.0,-0.0,0,0
95,0.0,0.0,0.0,1.0,-0.0,0,0
96,0.0,0.0,0.0,1.0,-0.0,0,0
97,0.0,0.0,0.0,1.0,-0.0,0,0
98,0.0,0.0,0.0,1.0,-0.0,0,0
99,0.0,0.021782178217821784,0.06230547612891991,1.0,-0.0,0,0
100,0.0,0.021782178217821784,0.06230547612891991,1.0,-0.0,0,0
101,0.0,0.021782178217821784,0.06230547612891991,1.0,-0.0,0,0
102,0.0,0.07524752475247526,0.12539516989297084,1.0,-0.0,0,0
103,0.0,0.07524752475247526,0.12539516989297084,1.0,-0.0,0,0
104,0.0,0.08514851485148513,0.130031327995105,1.0,-0.0,0,0
105,0.0,0.09900990099009899,0.1367914141716479,1.0,-0.0,0,0
106,0.0,0.1564356435643564,0.16314716771521567,1.0,-0.0,0,0
107,0.0,0.1762376237623762,0.16718313599370643,1.0,-0.0,0,0
108,0.0,0.22574257425742572,0.1943017278738389,1.0,-0.0,0,0
109,0.0,0.194059405940594,0.17224308299392188,1.0,-0.0,0,0
110,0.0,0.18019801980198016,0.16769833948309013,1.0,-0.0,0,0
111,0.0,0.12277227722772276,0.14615954128511635,1.0,-0.0,0,0
112,0.0,0.06930693069306931,0.10693069306930696,1.0,-0.0,0,0
113,0.0,0.019801980198019802,0.059735061897023205,1.0,-0.0,0,0
114,0.0,0.019801980198019802,0.059735061897023205,1.0,-0.0,0,0
115,0.0,0.019801980198019802,0.059735061897023205,1.0,-0.0,0,0
