,foreground,bg_means,bg_stdev,pvals,minus_logs,regs,active
2,0.0,0.0,0.0,1.0,-0.0,0,0
3,0.0,0.0,0.0,1.0,-0.0,0,0
4,0.0,0.025742574257425748,0.0669763743575753,1.0,-0.0,0,0
5,0.0,0.04356435643564357,0.08255312311158745,1.0,-0.0,0,0
6,0.0,0.04356435643564357,0.08255312311158745,1.0,-0.0,0,0
7,0.0,0.15247524752475247,0.15453158823862712,1.0,-0.0,1,0
8,0.0,0.18811881188118812,0.16607711957435053,1.0,-0.0,0,0
9,0.0,0.20792079207920788,0.18651741527630283,1.0,-0.0,0,0
10,0.0,0.1900990099009901,0.1788328222554556,1.0,-0.0,0,0
11,0.0,0.21188118811881182,0.17308335353197749,1.0,-0.0,0,0
12,0.0,0.10297029702970295,0.11120887985820967,1.0,-0.0,0,0
13,0.0,0.06732673267326733,0.09861306612268303,1.0,-0.0,0,0
14,0.0,0.021782178217821784,0.06230547612891991,1.0,-0.0,0,0
15,0.0,0.021782178217821784,0.06230547612891991,1.0,-0.0,0,0
16,0.0,0.06534653465346535,0.0938037170877387,1.0,-0.0,0,0
17,0.4,0.30495049504950494,0.20410453428475442,0.3207185927345454,0.4938758623729076,0,0
18,0.6,0.3900990099009901,0.2310136726034041,0.18177840502880716,0.7404577115094501,0,0
19,0.8,0.5207920792079208,0.24548066878909683,0.12768707871013435,0.8938530489293275,0,0
20,0.8,0.5207920792079208,0.24548066878909683,0.12768707871013435,0.8938530489293275,0,0
21,0.8,0.4534653465346534,0.22495955915360186,0.06172767856831814,1.209520055511864,0,0
22,0.4,0.21386138613861383,0.1717871714399709,0.13928396141100446,0.8560988898339036,0,0
23,0.2,0.1306930693069307,0.1474150698648297,0.3191245675477059,0.4960397607087188,0,0
24,0.2,0.12376237623762375,0.13726357881681875,0.28930697899608493,0.5386410896740679,0,0
25,0.2,0.1603960396039604,0.16890984643276136,0.4073108215803858,0.390074051268743,0,0
26,0.2,0.27128712871287125,0.2190603848498573,1.0,-0.0,0,0
27,0.2,0.27128712871287125,0.2190603848498573,1.0,-0.0,0,0
28,0.4,0.3425742574257427,0.2426530484283626,0.4064611283102476,0.39098098160146283,0,0
29,0.2,0.21980198019801983,0.18563234289517566,1.0,-0.0,0,0
30,0.4,0.3148514851485148,0.22043437703090285,0.34964612739055406,0.4563712775545209,1,0
31,0.4,0.20198019801980197,0.17233412057057096,0.12526854241601004,0.9021579758565113,0,0
32,0.6,0.22970297029702968,0.1810555160500984,0.0204169495074479,1.6900091452582906,0,0
33,0.4,0.1584158415841584,0.16486858056632595,0.07141770117442217,1.1461941331873573,0,0
34,0.4,0.1584158415841584,0.16486858056632595,0.07141770117442217,1.1461941331873573,0,0
35,0.2,0.027722772277227727,0.06910862719451544,0.0063361735559086295,2.1981729353735644,0,0
36,0.2,0.0891089108910891,0.12420120222231065,0.18597296685049775,0.7305501805181491,0,0
37,0.0,0.10891089108910891,0.12750384183766533,1.0,-0.0,0,0
38,0.0,0.1346534653465346,0.1352926008121879,1.0,-0.0,0,0
39,0.0,0.1346534653465346,0.1352926008121879,1.0,-0.0,0,0
40,0.0,0.2217821782178217,0.1614316888886243,1.0,-0.0,0,0
41,0.0,0.1603960396039604,0.14629362033476337,1.0,-0.0,0,0
42,0.0,0.11089108910891088,0.12420120222231065,1.0,-0.0,0,0
43,0.0,0.0871287128712871,0.09916819030137755,1.0,-0.0,0,0
44,0.0,0.0871287128712871,0.09916819030137755,1.0,-0.0,0,0
45,0.0,0.0,0.0,1.0,-0.0,0,0
46,0.0,0.0,0.0,1.0,-0.0,0,0
47,0.0,0.0,0.0,1.0,-0.0,0,0
48,0.0,0.0,0.0,1.0,-0.0,0,0
49,0.0,0.0,0.0,1.0,-0.0,0,0
50,0.0,0.0,0.0,1.0,-0.0,0,0
51,0.0,0.0,0.0,1.0,-0.0,0,0
52,0.0,0.0,0.0,1.0,-0.0,0,0
53,0.0,0.0,0.0,1.0,-0.0,0,0
54,0.0,0.0,0.0,1.0,-0.0,1,0
55,0.0,0.0,0.0,1.0,-0.0,0,0
56,0.0,0.0,0.0,1.0,-0.0,0,0
57,0.0,0.0,0.0,1.0,-0.0,0,0
58,0.0,0.0,0.0,1.0,-0.0,0,0
59,0.0,0.0,0.0,1.0,-0.0,0,0
60,0.0,0.0,0.0,1.0,-0.0,0,0
61,0.0,0.0,0.0,1.0,-0.0,0,0
62,0.0,0.0,0.0,1.0,-0.0,0,0
63,0.2,0.5148514851485149,0.26751002150705533,1.0,-0.0,0,0
64,0.2,0.5148514851485149,0.26751002150705533,1.0,-0.0,0,0
65,0.4,0.594059405940594,0.2735254914824872,1.0,-0.0,0,0
66,0.4,0.594059405940594,0.2735254914824872,1.0,-0.0,0,0
67,0.4,0.594059405940594,0.2735254914824872,1.0,-0.0,0,0
68,0.2,0.07722772277227723,0.105193069190443,0.12158221832020351,0.9151299369884706,0,0
69,0.2,0.07722772277227723,0.105193069190443,0.12158221832020351,0.9151299369884706,0,0
70,0.0,0.0,0.0,1.0,-0.0,0,0
71,0.0,0.0,0.0,1.0,-0.0,0,0
72,0.0,0.0,0.0,1.0,-0.0,0,0
73,0.0,0.0,0.0,1.0,-0.0,0,0
74,0.2,0.06534653465346535,0.0938037170877387,0.07557502157304526,1.121621720179875,0,0
75,0.2,0.06534653465346535,0.0938037170877387,0.07557502157304526,1.121621720179875,0,0
76,0.2,0.10495049504950493,0.11805036483793173,0.2103634989455866,0.6770296142413372,0,0
77,0.2,0.10495049504950493,0.11805036483793173,0.2103634989455866,0.6770296142413372,0,0
78,0.2,0.10495049504950493,0.11805036483793173,0.2103634989455866,0.6770296142413372,0,0
79,0.0,0.039603960396039604,0.07970143286137865,1.0,-0.0,0,0
80,0.0,0.039603960396039604,0.07970143286137865,1.0,-0.0,0,0
