,foreground,bg_means,bg_stdev,pvals,minus_logs,regs,active
2,0.4,0.7861386138613863,0.3099120612959303,1.0,-0.0,0,0
3,0.6,1.55049504950495,0.448015152319836,1.0,-0.0,0,0
4,0.6,1.2653465346534654,0.4118145414472361,1.0,-0.0,0,0
5,0.6,1.1366336633663365,0.3847907422254612,1.0,-0.0,0,0
6,0.6,1.1465346534653464,0.38577794783626645,1.0,-0.0,0,0
7,0.4,0.9465346534653466,0.38577794783626645,1.0,-0.0,0,0
8,0.0,0.06732673267326733,0.10634234916512914,1.0,-0.0,0,0
9,0.2,0.6198019801980198,0.2877085303078802,1.0,-0.0,0,0
10,0.2,0.6198019801980198,0.2877085303078802,1.0,-0.0,0,0
11,0.2,0.5524752475247524,0.2597005356159208,1.0,-0.0,0,0
12,0.2,0.5524752475247524,0.2597005356159208,1.0,-0.0,0,0
13,0.2,0.5524752475247524,0.2597005356159208,1.0,-0.0,0,0
14,0.0,0.0,0.0,1.0,-0.0,0,0
15,0.6,0.4435643564356436,0.22621108235239334,0.2446108606935053,0.6115242642476233,0,0
16,0.6,0.4732673267326733,0.24164907421935525,0.2999830581742273,0.5229032717777049,0,0
17,0.8,1.1386138613861385,0.44118882983393654,1.0,-0.0,0,0
18,1.0,1.188118811881188,0.4545233884369561,1.0,-0.0,0,0
19,1.0,1.188118811881188,0.4545233884369561,1.0,-0.0,0,0
20,0.4,0.7920792079207919,0.3909073396363271,1.0,-0.0,0,0
21,0.4,0.7623762376237624,0.3783370295783919,1.0,-0.0,0,0
22,0.2,0.097029702970297,0.13383560593042218,0.22083419262354137,0.6559336822197845,0,0
23,0.0,0.04752475247524753,0.09809478080396702,1.0,-0.0,0,0
24,0.0,0.04752475247524753,0.09809478080396702,1.0,-0.0,0,0
25,0.0,0.0,0.0,1.0,-0.0,0,0
26,0.0,0.0,0.0,1.0,-0.0,0,0
27,0.0,0.0,0.0,1.0,-0.0,0,0
28,0.0,0.0,0.0,1.0,-0.0,0,0
29,0.0,0.0,0.0,1.0,-0.0,0,0
30,0.0,0.0,0.0,1.0,-0.0,0,0
31,0.4,0.1188118811881188,0.15460769343321298,0.03447707221051343,1.4624696215249773,0,0
32,0.6,0.1603960396039604,0.17580322478754876,0.006200110377475393,2.2076005789046826,0,0
33,2.4,0.6891089108910889,0.3299867954450917,1.0816638712976892e-07,6.965907675939105,0,0
34,4.6,1.3445544554455446,0.4379238252682477,5.276398602045355e-14,13.277662403396741,0,0
35,4.6,1.3445544554455446,0.4379238252682477,5.276398602045355e-14,13.277662403396741,0,0
36,4.2,1.223762376237624,0.445249627359373,1.1591685419981676e-11,10.93585341344267,0,0
37,4.0,1.1841584158415843,0.4420323614485567,9.438114621900609e-11,10.025114752638688,0,0
38,2.2,0.6534653465346534,0.33759908158679325,2.314010113117077e-06,5.635634747345659,0,0
39,0.0,0.0,0.0,1.0,-0.0,0,0
40,0.0,0.0,0.0,1.0,-0.0,0,0
41,0.0,0.0,0.0,1.0,-0.0,0,0
42,0.0,0.0,0.0,1.0,-0.0,0,0
43,0.0,0.0,0.0,1.0,-0.0,0,0
44,0.0,0.0,0.0,1.0,-0.0,0,0
45,0.0,0.0,0.0,1.0,-0.0,0,0
46,0.0,0.0,0.0,1.0,-0.0,0,0
47,0.0,0.0,0.0,1.0,-0.0,0,0
48,0.0,0.023762376237623766,0.06471340450838887,1.0,-0.0,0,0
49,0.0,0.023762376237623766,0.06471340450838887,1.0,-0.0,0,0
50,0.0,0.023762376237623766,0.06471340450838887,1.0,-0.0,0,0
51,0.0,0.023762376237623766,0.06471340450838887,1.0,-0.0,0,0
52,0.0,0.023762376237623766,0.06471340450838887,1.0,-0.0,0,0
53,0.0,0.017821782178217824,0.056980176514606566,1.0,-0.0,0,0
54,0.0,0.017821782178217824,0.056980176514606566,1.0,-0.0,0,0
55,0.0,0.017821782178217824,0.056980176514606566,1.0,-0.0,0,0
56,0.0,0.08514851485148513,0.11378818137472192,1.0,-0.0,0,0
57,0.0,0.19405940594059404,0.1675813868644411,1.0,-0.0,0,0
58,0.0,0.1762376237623762,0.1599186147292671,1.0,-0.0,0,0
59,0.2,0.8693069306930692,0.3049890678960869,1.0,-0.0,0,0
60,1.4,1.3267326732673268,0.3601130430627899,0.41938913495262353,0.3773828249227567,0,0
61,1.4,1.2574257425742574,0.35189628722264504,0.34267999680144423,0.4651112458248712,0,0
62,1.4,1.2495049504950495,0.3684658487006101,0.3414764732016735,0.4666392126578891,0,0
63,1.4,1.2495049504950495,0.3684658487006101,0.3414764732016735,0.4666392126578891,0,0
64,1.2,0.6,0.26550903846187707,0.01191652043730262,1.9238505378409305,0,0
65,0.0,0.14455445544554454,0.14105349559214359,1.0,-0.0,0,0
66,0.0,0.14455445544554454,0.14105349559214359,1.0,-0.0,0,0
67,0.0,0.09504950495049502,0.11113833822100817,1.0,-0.0,0,0
68,0.0,0.09504950495049502,0.11113833822100817,1.0,-0.0,0,0
69,0.0,0.05148514851485149,0.08744317689433512,1.0,-0.0,0,0
70,0.0,0.05148514851485149,0.08744317689433512,1.0,-0.0,0,0
71,0.2,0.11287128712871286,0.127165103825761,0.2466208102903134,0.6079702796748904,0,0
72,0.2,0.061386138613861385,0.09644194583672017,0.07531954647324086,1.1230923036946967,0,0
73,0.2,0.061386138613861385,0.09644194583672017,0.07531954647324086,1.1230923036946967,0,0
74,0.2,0.061386138613861385,0.09644194583672017,0.07531954647324086,1.1230923036946967,0,0
75,0.2,0.16633663366336632,0.14091443069035403,0.4055945650395183,0.3919078731746242,0,0
76,0.0,0.10297029702970298,0.124642415697871,1.0,-0.0,0,0
77,0.0,0.32673267326732675,0.2350020387983651,1.0,-0.0,0,0
78,0.0,0.3702970297029703,0.24597534870265997,1.0,-0.0,0,0
79,0.0,0.3702970297029703,0.24597534870265997,1.0,-0.0,0,0
80,0.0,0.2792079207920792,0.2235256787176184,1.0,-0.0,0,0
81,0.0,0.4534653465346534,0.24838661833012254,1.0,-0.0,0,0
82,0.0,0.22970297029702966,0.17885474744676652,1.0,-0.0,0,0
83,0.0,0.2039603960396039,0.1664544608607328,1.0,-0.0,0,0
84,0.0,0.2039603960396039,0.1664544608607328,1.0,-0.0,0,0
85,0.0,0.23960396039603954,0.18672752846140644,1.0,-0.0,0,0
86,0.0,0.06534653465346535,0.10571364605971598,1.0,-0.0,0,0
87,0.0,0.09900990099009899,0.1308729634998678,1.0,-0.0,0,0
88,0.0,0.13267326732673262,0.13283572143563108,1.0,-0.0,0,0
89,0.0,0.13267326732673262,0.13283572143563108,1.0,-0.0,0,0
90,0.0,0.08118811881188118,0.09821462786247322,1.0,-0.0,0,0
91,0.0,0.08118811881188118,0.09821462786247322,1.0,-0.0,0,0
92,0.0,0.04752475247524753,0.08512548617902843,1.0,-0.0,0,0
93,0.2,0.04356435643564357,0.08255312311158745,0.029048226759887566,1.5368803738382273,0,0
94,0.2,0.04356435643564357,0.08255312311158745,0.029048226759887566,1.5368803738382273,0,0
95,0.2,0.04356435643564357,0.08255312311158745,0.029048226759887566,1.5368803738382273,0,0
96,0.2,0.04356435643564357,0.08255312311158745,0.029048226759887566,1.5368803738382273,0,0
97,0.4,0.10495049504950495,0.12771893462651165,0.010440010451749134,1.981299066550739,0,0
98,0.2,0.0613861386138614,0.09224407682259105,0.06646004727610072,1.1774393541234773,0,0
99,0.4,0.19207920792079206,0.17100933233571572,0.11202204170996889,0.9506965161585066,0,0
100,0.4,0.19207920792079206,0.17100933233571572,0.11202204170996889,0.9506965161585066,0,0
101,0.4,0.24158415841584158,0.17647108799335676,0.18467616055822633,0.7335891630666892,0,0
102,0.2,0.1801980198019802,0.15544239134091375,0.44931542242842515,0.3474486743056806,0,0
103,0.2,0.1801980198019802,0.15544239134091375,0.44931542242842515,0.3474486743056806,0,0
104,0.0,0.16039603960396034,0.1259256482818586,1.0,-0.0,0,0
105,0.0,0.16039603960396034,0.1259256482818586,1.0,-0.0,0,0
106,0.0,0.43564356435643564,0.21506810269125484,1.0,-0.0,0,0
107,0.0,0.43564356435643564,0.21506810269125484,1.0,-0.0,0,0
108,0.0,0.43564356435643564,0.21506810269125484,1.0,-0.0,0,0
109,0.2,0.5326732673267327,0.290137867839879,1.0,-0.0,0,0
110,0.2,0.6039603960396039,0.3056953741846006,1.0,-0.0,0,0
111,0.2,0.27722772277227725,0.18448815364518206,1.0,-0.0,0,0
112,0.4,1.2396039603960396,0.44412093793140145,1.0,-0.0,0,0
113,0.4,1.281188118811881,0.448697316063954,1.0,-0.0,0,0
114,0.2,1.0752475247524753,0.4229565763339899,1.0,-0.0,0,0
115,0.2,1.003960396039604,0.41931598994269864,1.0,-0.0,0,0
