,foreground,bg_means,bg_stdev,pvals,minus_logs,regs,active
2,0.0,0.15643564356435644,0.18153135265530043,1.0,-0.0,0,0
3,0.0,0.15643564356435644,0.18153135265530043,1.0,-0.0,0,0
4,0.0,0.15643564356435644,0.18153135265530043,1.0,-0.0,0,0
5,0.0,0.299009900990099,0.21913197321283034,1.0,-0.0,0,0
6,0.0,0.2752475247524752,0.2159051591356675,1.0,-0.0,0,0
7,0.0,0.25148514851485143,0.20227119398977025,1.0,-0.0,0,0
8,0.0,0.25148514851485143,0.20227119398977025,1.0,-0.0,0,0
9,0.0,0.25148514851485143,0.20227119398977025,1.0,-0.0,0,0
10,0.0,0.1841584158415841,0.1681186952617119,1.0,-0.0,0,0
11,0.0,0.07524752475247526,0.11553229422427584,1.0,-0.0,0,0
12,0.0,0.07524752475247526,0.11553229422427584,1.0,-0.0,0,0
13,0.0,0.07524752475247526,0.11553229422427584,1.0,-0.0,0,0
14,0.0,0.07524752475247526,0.11553229422427584,1.0,-0.0,0,0
15,0.0,0.1188118811881188,0.14939672169394075,1.0,-0.0,0,0
16,0.0,0.1188118811881188,0.14939672169394075,1.0,-0.0,0,0
17,0.2,0.12871287128712872,0.15816812315022463,0.32610116939510964,0.48664764381614456,0,0
18,0.2,0.12871287128712872,0.15816812315022463,0.32610116939510964,0.48664764381614456,0,0
19,0.2,0.21188118811881188,0.2176777201372087,1.0,-0.0,0,0
20,0.2,0.09108910891089109,0.1243589581632284,0.19057525368436823,0.7199334934461744,0,0
21,0.2,0.09108910891089109,0.1243589581632284,0.19057525368436823,0.7199334934461744,0,0
22,0.0,0.0811881188118812,0.11320083903331844,1.0,-0.0,0,0
23,0.0,0.0811881188118812,0.11320083903331844,1.0,-0.0,0,0
24,0.0,0.0,0.0,1.0,-0.0,0,0
25,0.0,0.0,0.0,1.0,-0.0,0,0
26,0.0,0.033663366336633666,0.07482947971362845,1.0,-0.0,0,0
27,0.0,0.033663366336633666,0.07482947971362845,1.0,-0.0,0,0
28,0.0,0.033663366336633666,0.07482947971362845,1.0,-0.0,0,0
29,0.0,0.20396039603960395,0.2029099161576158,1.0,-0.0,0,0
30,0.0,0.4217821782178219,0.23530219053485854,1.0,-0.0,0,0
31,0.0,0.4039603960396041,0.23877608388091656,1.0,-0.0,0,0
32,0.0,0.4039603960396041,0.23877608388091656,1.0,-0.0,0,0
33,0.0,0.4039603960396041,0.23877608388091656,1.0,-0.0,0,0
34,0.0,0.23366336633663365,0.18683249644342295,1.0,-0.0,0,0
35,0.0,0.015841584158415842,0.054012600780142014,1.0,-0.0,0,0
36,0.0,0.04554455445544555,0.10100951085035129,1.0,-0.0,0,0
37,0.0,0.04554455445544555,0.10100951085035129,1.0,-0.0,0,0
38,0.0,0.04554455445544555,0.10100951085035129,1.0,-0.0,0,0
39,0.0,0.04554455445544555,0.10100951085035129,1.0,-0.0,0,0
40,0.0,0.04554455445544555,0.10100951085035129,1.0,-0.0,0,0
41,0.0,0.0,0.0,1.0,-0.0,0,0
42,0.0,0.0,0.0,1.0,-0.0,0,0
43,0.0,0.0,0.0,1.0,-0.0,0,0
44,0.0,0.0,0.0,1.0,-0.0,0,0
45,0.0,0.0,0.0,1.0,-0.0,0,0
46,0.0,0.0,0.0,1.0,-0.0,0,0
47,0.0,0.0,0.0,1.0,-0.0,0,0
48,0.0,0.0,0.0,1.0,-0.0,0,0
49,0.0,0.0,0.0,1.0,-0.0,0,0
50,0.0,0.0,0.0,1.0,-0.0,0,0
51,0.0,0.0,0.0,1.0,-0.0,0,0
52,0.0,0.0,0.0,1.0,-0.0,0,0
53,0.0,0.0,0.0,1.0,-0.0,0,0
54,0.0,0.0,0.0,1.0,-0.0,0,0
55,0.0,0.0,0.0,1.0,-0.0,0,0
56,0.0,0.0,0.0,1.0,-0.0,0,0
57,0.0,0.0,0.0,1.0,-0.0,0,0
58,0.0,0.03564356435643565,0.08626938974571076,1.0,-0.0,0,0
59,0.0,0.03564356435643565,0.08626938974571076,1.0,-0.0,0,0
60,0.0,0.06534653465346535,0.10571364605971598,1.0,-0.0,0,0
61,0.0,0.06534653465346535,0.10571364605971598,1.0,-0.0,0,0
62,0.0,0.06534653465346535,0.10571364605971598,1.0,-0.0,0,0
63,0.2,0.2455445544554455,0.21226023280572856,1.0,-0.0,0,0
64,0.2,0.2455445544554455,0.21226023280572856,1.0,-0.0,0,0
65,0.2,0.21584158415841584,0.2081187176757425,1.0,-0.0,0,0
66,0.2,0.21584158415841584,0.2081187176757425,1.0,-0.0,0,0
67,0.2,0.26732673267326723,0.23760726015305886,1.0,-0.0,0,0
68,0.6,0.3306930693069308,0.24444018655583347,0.13528967404964232,0.8687353495545994,0,0
69,0.6,0.3306930693069308,0.24444018655583347,0.13528967404964232,0.8687353495545994,0,0
70,0.8,0.407920792079208,0.27563901213949016,0.07744967291508854,1.11098041201029,0,0
71,0.8,0.407920792079208,0.27563901213949016,0.07744967291508854,1.11098041201029,0,0
72,1.8,0.5920792079207922,0.3158152011079545,6.54468734045631e-05,4.184111096180903,0,0
73,1.2,0.3108910891089109,0.224226278080831,3.666250457462306e-05,4.435777869821594,0,0
74,1.2,0.3108910891089109,0.224226278080831,3.666250457462306e-05,4.435777869821594,0,0
75,1.0,0.2356435643564356,0.18539984001180876,1.8719128205239063e-05,4.727714381264068,0,0
76,1.0,0.2356435643564356,0.18539984001180876,1.8719128205239063e-05,4.727714381264068,0,0
77,0.8,0.4811881188118812,0.3085298487693041,0.15072570716311734,0.8218126698688515,0,0
78,0.8,0.4811881188118812,0.3085298487693041,0.15072570716311734,0.8218126698688515,0,0
79,1.0,0.5128712871287129,0.3250783199877625,0.06700215538212567,1.1739112263214533,0,0
80,1.2,0.5603960396039604,0.3593391095161778,0.03754245624822309,1.4254773166866312,0,0
81,1.2,0.5603960396039604,0.3593391095161778,0.03754245624822309,1.4254773166866312,0,0
82,0.4,0.07722772277227723,0.12576985749069639,0.005138423053495806,2.2891701425307067,0,0
83,0.4,0.07722772277227723,0.12576985749069639,0.005138423053495806,2.2891701425307067,0,0
84,0.2,0.04554455445544554,0.09700949476369024,0.05567344326657021,1.2543519178087963,0,0
85,0.0,0.0,0.0,1.0,-0.0,0,0
86,0.0,0.0,0.0,1.0,-0.0,0,0
87,0.0,0.0,0.0,1.0,-0.0,0,0
88,0.0,0.0693069306930693,0.11409790329416186,1.0,-0.0,0,0
89,0.0,0.0693069306930693,0.11409790329416186,1.0,-0.0,0,0
90,0.0,0.0693069306930693,0.11409790329416186,1.0,-0.0,0,0
91,0.0,0.10693069306930694,0.13948804962658473,1.0,-0.0,0,0
92,0.0,0.10693069306930694,0.13948804962658473,1.0,-0.0,0,0
93,0.0,0.03762376237623762,0.07816140339006157,1.0,-0.0,0,0
94,0.0,0.03762376237623762,0.07816140339006157,1.0,-0.0,0,0
95,0.0,0.03762376237623762,0.07816140339006157,1.0,-0.0,0,0
96,0.0,0.03762376237623763,0.08307396817189318,1.0,-0.0,0,0
97,0.0,0.03762376237623763,0.08307396817189318,1.0,-0.0,0,0
98,0.0,0.03762376237623763,0.08307396817189318,1.0,-0.0,0,0
99,0.0,0.03762376237623763,0.08307396817189318,1.0,-0.0,0,0
100,0.0,0.03762376237623763,0.08307396817189318,1.0,-0.0,0,0
101,0.0,0.0,0.0,1.0,-0.0,0,0
102,0.0,0.0,0.0,1.0,-0.0,0,0
103,0.0,0.015841584158415842,0.05401260078014202,1.0,-0.0,0,0
104,0.0,0.041584158415841586,0.08116396646304633,1.0,-0.0,0,0
105,0.0,0.06732673267326733,0.09861306612268303,1.0,-0.0,0,0
106,0.0,0.17227722772277226,0.15927982219556597,1.0,-0.0,0,0
107,0.0,0.17227722772277226,0.15927982219556597,1.0,-0.0,0,0
108,0.0,0.20396039603960395,0.19084013945594866,1.0,-0.0,0,0
109,0.0,0.1782178217821782,0.19274153441415962,1.0,-0.0,0,0
110,0.0,0.15247524752475244,0.1715359035858037,1.0,-0.0,0,0
111,0.0,0.04752475247524753,0.10205226714237721,1.0,-0.0,0,0
112,0.0,0.04752475247524753,0.10205226714237721,1.0,-0.0,0,0
113,0.0,0.021782178217821784,0.06230547612891991,1.0,-0.0,0,0
114,0.0,0.021782178217821784,0.06230547612891991,1.0,-0.0,0,0
115,0.0,0.021782178217821784,0.06230547612891991,1.0,-0.0,0,0
116,0.0,0.021782178217821784,0.06230547612891991,1.0,-0.0,0,0
117,0.0,0.4079207920792081,0.2653908637421199,1.0,-0.0,0,0
118,0.0,0.47524752475247534,0.2840324694150159,1.0,-0.0,0,0
119,0.0,0.47524752475247534,0.2840324694150159,1.0,-0.0,0,0
120,0.0,0.5069306930693069,0.28779029278676505,1.0,-0.0,0,0
121,0.0,0.6257425742574257,0.32170753132649077,1.0,-0.0,0,0
122,0.0,0.24752475247524752,0.1911891186503177,1.0,-0.0,0,0
123,0.0,0.1584158415841584,0.14160838953490001,1.0,-0.0,0,0
124,0.0,0.1801980198019802,0.1604571451871912,1.0,-0.0,0,0
125,0.0,0.15049504950495046,0.1551899266764091,1.0,-0.0,0,0
126,0.0,0.2099009900990099,0.18958263199843847,1.0,-0.0,0,0
127,0.0,0.20198019801980194,0.17909574739952497,1.0,-0.0,0,0
128,0.0,0.20198019801980194,0.17909574739952497,1.0,-0.0,0,0
129,0.0,0.1801980198019802,0.17004355992893858,1.0,-0.0,0,0
130,0.0,0.1801980198019802,0.17004355992893858,1.0,-0.0,0,0
131,0.0,0.0,0.0,1.0,-0.0,0,0
132,0.0,0.03564356435643565,0.07653920035678292,1.0,-0.0,0,0
133,0.0,0.03564356435643565,0.07653920035678292,1.0,-0.0,0,0
134,0.0,0.03564356435643565,0.07653920035678292,1.0,-0.0,0,0
135,0.0,0.12079207920792076,0.1292145592164392,1.0,-0.0,0,0
136,0.0,0.14851485148514848,0.1425467520222985,1.0,-0.0,0,0
137,0.0,0.11089108910891088,0.13042276277287215,1.0,-0.0,0,0
138,0.0,0.2099009900990099,0.18103385739626768,1.0,-0.0,0,0
139,0.0,0.2099009900990099,0.18103385739626768,1.0,-0.0,0,0
140,0.0,0.23762376237623759,0.2210915697344128,1.0,-0.0,0,0
141,0.0,0.27128712871287125,0.22792070605842626,1.0,-0.0,0,0
142,0.0,0.27128712871287125,0.22792070605842626,1.0,-0.0,0,0
143,0.0,0.17425742574257425,0.18382808657861668,1.0,-0.0,0,0
144,0.0,0.17425742574257425,0.18382808657861668,1.0,-0.0,0,0
145,0.0,0.061386138613861385,0.11166631429601336,1.0,-0.0,0,0
146,0.0,0.0,0.0,1.0,-0.0,0,0
147,0.0,0.0,0.0,1.0,-0.0,0,0
148,0.0,0.0,0.0,1.0,-0.0,0,0
149,0.0,0.0,0.0,1.0,-0.0,0,0
150,0.0,0.0,0.0,1.0,-0.0,0,0
151,0.0,0.0,0.0,1.0,-0.0,0,0
152,0.0,0.0,0.0,1.0,-0.0,0,0
153,0.0,0.0,0.0,1.0,-0.0,0,0
154,0.0,0.0,0.0,1.0,-0.0,0,0
155,0.0,0.0,0.0,1.0,-0.0,0,0
156,0.2,0.04356435643564357,0.09587103712404123,0.05136819286808966,1.2893057124773695,0,0
157,0.2,0.04356435643564357,0.09587103712404123,0.05136819286808966,1.2893057124773695,0,0
158,0.2,0.06534653465346535,0.10939585993610405,0.10918337986089162,0.9618434658808062,0,0
159,0.8,0.4237623762376238,0.25684626324104487,0.07148284914007691,1.1457981458536628,0,0
160,0.8,0.4237623762376238,0.25684626324104487,0.07148284914007691,1.1457981458536628,0,0
161,1.2,0.47524752475247534,0.2711931614379405,0.0037648841352908437,2.424248384716433,0,0
162,1.2,0.47524752475247534,0.2711931614379405,0.0037648841352908437,2.424248384716433,0,0
163,1.2,0.4534653465346536,0.26683489775612834,0.0025730763553401164,2.5895473260279536,0,0
164,0.6,0.15643564356435644,0.1702740025877676,0.0045936673526370524,2.3378404571481237,0,0
165,0.6,0.2396039603960396,0.1824363216836597,0.024107865621013073,1.6178412379862381,0,0
166,0.0,0.14455445544554454,0.1492391578726081,1.0,-0.0,0,0
167,0.0,0.14455445544554454,0.1492391578726081,1.0,-0.0,0,0
168,0.0,0.14455445544554454,0.1492391578726081,1.0,-0.0,0,0
169,0.0,0.08316831683168316,0.10996786833199856,1.0,-0.0,0,0
170,0.2,0.0891089108910891,0.12734998170941406,0.19194299301932338,0.716827737407409,0,0
171,1.8,0.4712871287128713,0.27226102562054993,5.296486959574972e-07,6.276012092651797,0,0
172,1.8,0.4712871287128713,0.27226102562054993,5.296486959574972e-07,6.276012092651797,0,0
173,2.0,0.5821782178217823,0.31478298028014723,3.3323539749116986e-06,5.477248872455602,0,0
174,2.2,0.6950495049504949,0.32285123252256465,1.5700503437867634e-06,5.804086421681053,0,0
175,2.0,0.6039603960396039,0.32332455939621113,7.880840504870871e-06,5.103427461804685,0,0
176,0.6,0.23762376237623759,0.19235460506266755,0.02978946362838861,1.5259373163662986,0,0
177,0.6,0.300990099009901,0.21177937777901187,0.07899067899018182,1.1024241530381529,0,0
178,0.4,0.19207920792079206,0.18003474269593198,0.12406720507042814,0.9063430012504762,0,0
179,0.2,0.07920792079207921,0.11966689053257921,0.1563907784536167,0.8057888585957333,0,0
180,0.2,0.07920792079207921,0.11966689053257921,0.1563907784536167,0.8057888585957333,0,0
181,0.0,0.06336633663366337,0.10504385908811757,1.0,-0.0,0,0
182,0.0,0.023762376237623766,0.06471340450838889,1.0,-0.0,0,0
183,0.0,0.023762376237623766,0.06471340450838889,1.0,-0.0,0,0
184,0.2,0.19603960396039602,0.17795359951414633,0.4911221856919202,0.3088104468377529,0,0
185,0.2,0.19603960396039602,0.17795359951414633,0.4911221856919202,0.3088104468377529,0,0
186,0.2,0.19603960396039602,0.17795359951414633,0.4911221856919202,0.3088104468377529,0,0
187,0.2,0.17227722772277226,0.15422679190986735,0.42867313017152364,0.3678737378188682,0,0
188,0.2,0.17227722772277226,0.15422679190986735,0.42867313017152364,0.3678737378188682,0,0
189,0.0,0.0,0.0,1.0,-0.0,0,0
190,0.0,0.0,0.0,1.0,-0.0,0,0
191,0.0,0.0,0.0,1.0,-0.0,0,0
192,0.0,0.0,0.0,1.0,-0.0,0,0
193,0.0,0.0,0.0,1.0,-0.0,0,0
194,0.0,0.0,0.0,1.0,-0.0,0,0
195,0.0,0.0,0.0,1.0,-0.0,0,0
196,0.0,0.19603960396039605,0.17344545299372824,1.0,-0.0,0,0
197,0.2,0.2158415841584159,0.1838707430559465,1.0,-0.0,0,0
198,0.2,0.5108910891089108,0.27786348599859084,1.0,-0.0,0,0
199,0.2,0.5108910891089108,0.27786348599859084,1.0,-0.0,0,0
200,0.2,0.5386138613861385,0.2894071430723978,1.0,-0.0,0,0
201,0.2,0.6059405940594059,0.3239061660291856,1.0,-0.0,0,0
202,0.0,0.5861386138613862,0.32852195338440376,1.0,-0.0,0,0
203,0.0,0.30693069306930687,0.236416072958217,1.0,-0.0,0,0
204,0.0,0.30693069306930687,0.236416072958217,1.0,-0.0,0,0
205,0.0,0.2792079207920792,0.20887100177575063,1.0,-0.0,0,0
206,0.0,0.015841584158415842,0.054012600780142014,1.0,-0.0,0,0
207,0.0,0.015841584158415842,0.054012600780142014,1.0,-0.0,0,0
208,0.0,0.0,0.0,1.0,-0.0,0,0
209,0.0,0.0,0.0,1.0,-0.0,0,0
210,0.0,0.0,0.0,1.0,-0.0,0,0
211,0.0,0.023762376237623766,0.06471340450838889,1.0,-0.0,0,0
212,0.0,0.023762376237623766,0.06471340450838889,1.0,-0.0,0,0
213,0.0,0.023762376237623766,0.06471340450838889,1.0,-0.0,0,0
214,0.0,0.09306930693069305,0.12448501897427099,1.0,-0.0,0,0
215,0.0,0.09306930693069305,0.12448501897427099,1.0,-0.0,0,0
216,0.0,0.06930693069306931,0.10693069306930694,1.0,-0.0,0,0
217,0.0,0.08118811881188118,0.11320083903331847,1.0,-0.0,0,0
218,0.0,0.08118811881188118,0.11320083903331847,1.0,-0.0,0,0
219,0.0,0.6613861386138613,0.34324320882126913,1.0,-0.0,0,0
220,0.0,0.7267326732673266,0.34437232013193464,1.0,-0.0,0,0
221,0.0,0.7445544554455444,0.3505230172876895,1.0,-0.0,0,0
222,0.0,0.7326732673267325,0.3438595473376668,1.0,-0.0,0,0
