,foreground,bg_means,bg_stdev,pvals,minus_logs,regs,active
2,0.0,0.0,0.0,1.0,-0.0,0,0
3,0.2,0.011881188118811883,0.047276579747775535,3.4586556520905853e-05,4.461092674713385,0,0
4,0.2,0.011881188118811883,0.047276579747775535,3.4586556520905853e-05,4.461092674713385,0,0
5,0.2,0.011881188118811883,0.047276579747775535,3.4586556520905853e-05,4.461092674713385,0,0
6,0.2,0.031683168316831684,0.07826167463512675,0.015750221703151112,1.8027133286186672,0,0
7,0.4,0.039603960396039604,0.08452453849668534,1.0048801267895168e-05,4.9978857426005865,0,0
8,0.2,0.03762376237623763,0.08307396817189318,0.025315250600093615,1.5966177690988217,0,0
9,0.4,0.11683168316831682,0.149632756335149,0.029217389961787507,1.5343585829199144,0,0
10,0.4,0.15445544554455443,0.17549068547409524,0.08087822742183538,1.0921683755841116,0,0
11,0.4,0.14158415841584154,0.16725348446557364,0.061166473590787446,1.2134865570076514,0,0
12,0.2,0.13267326732673265,0.16477341831853246,0.34141591609131067,0.4667162368548252,0,0
13,0.2,0.12475247524752475,0.1511709677939985,0.309325058474165,0.5095848963038501,0,0
14,0.0,0.04554455445544555,0.08846854615322249,1.0,-0.0,0,0
15,0.0,0.021782178217821784,0.06230547612891991,1.0,-0.0,0,0
16,0.0,0.01386138613861386,0.05079507064705212,1.0,-0.0,0,0
17,0.0,0.017821782178217824,0.05698017651460656,1.0,-0.0,0,0
18,0.0,0.015841584158415842,0.054012600780142014,1.0,-0.0,0,0
19,0.0,0.015841584158415842,0.054012600780142014,1.0,-0.0,0,0
20,0.0,0.007920792079207921,0.03900537743285587,1.0,-0.0,0,0
21,0.0,0.007920792079207921,0.03900537743285587,1.0,-0.0,0,0
22,0.0,0.0039603960396039604,0.02786385599895107,1.0,-0.0,0,0
23,0.2,0.017821782178217824,0.056980176514606566,0.0006937928196726553,3.15877019915046,0,0
24,0.2,0.017821782178217824,0.056980176514606566,0.0006937928196726553,3.15877019915046,0,0
25,0.2,0.01386138613861386,0.05079507064705211,0.00012391038159364294,3.90689230556944,0,0
26,0.2,0.01386138613861386,0.05079507064705211,0.00012391038159364294,3.90689230556944,0,0
27,0.2,0.01386138613861386,0.05079507064705211,0.00012391038159364294,3.90689230556944,0,0
28,0.0,0.0,0.0,1.0,-0.0,0,0
29,0.0,0.0039603960396039604,0.027863855998951064,1.0,-0.0,0,0
30,0.0,0.0039603960396039604,0.027863855998951064,1.0,-0.0,0,0
31,0.0,0.0039603960396039604,0.027863855998951064,1.0,-0.0,0,0
32,0.0,0.0039603960396039604,0.027863855998951064,1.0,-0.0,0,0
33,0.0,0.0039603960396039604,0.027863855998951064,1.0,-0.0,0,0
34,0.0,0.0,0.0,1.0,-0.0,0,0
35,0.0,0.0,0.0,1.0,-0.0,0,0
36,0.0,0.0,0.0,1.0,-0.0,0,0
37,0.0,0.0,0.0,1.0,-0.0,0,0
38,0.0,0.0,0.0,1.0,-0.0,0,0
39,0.0,0.0,0.0,1.0,-0.0,0,0
40,0.0,0.01386138613861386,0.05079507064705211,1.0,-0.0,0,0
41,0.0,0.023762376237623766,0.07056843438101175,1.0,-0.0,0,0
42,0.0,0.023762376237623766,0.07056843438101175,1.0,-0.0,0,0
43,0.0,0.0297029702970297,0.07648795214189293,1.0,-0.0,0,0
44,0.2,0.06930693069306931,0.11057238501634628,0.11860911207080789,0.9258819452883051,0,0
45,0.2,0.06732673267326733,0.09861306612268303,0.0892492780205021,1.049395288414427,0,0
46,0.6,0.08316831683168316,0.10996786833199856,1.3018098005885602e-06,5.885452463224686,0,0
47,1.0,0.18217821782178217,0.15945205654809816,1.456805940000075e-07,6.836598296411382,0,0
48,1.2,0.2475247524752475,0.19324947166345904,4.1382076346044187e-07,6.383187722394147,0,0
49,1.2,0.24554455445544554,0.2084951990212257,2.3491283650939025e-06,5.629093251111378,0,0
50,1.2,0.23366336633663368,0.19714658953906758,4.7526047565621205e-07,6.323068301670206,0,0
51,1.2,0.2792079207920792,0.22529049747846167,2.18369003458032e-05,4.660809007828562,0,0
52,1.2,0.2495049504950495,0.1937763140233674,4.6686376073655774e-07,6.33080983590633,0,0
53,1.2,0.24158415841584158,0.19764320624996695,6.197323064335683e-07,6.207795863637122,0,0
54,1.2,0.2336633663366337,0.19512739059128734,3.666369964088168e-07,6.435763713608622,0,0
55,1.2,0.2475247524752475,0.19730564288445385,6.916005779648465e-07,6.16014465246168,0,0
56,0.8,0.1900990099009901,0.19975477565019395,0.0011318915526320986,2.9461951812304648,0,0
57,0.4,0.1207920792079208,0.16904907699337068,0.04930415936694049,1.3071164414953147,0,0
58,0.2,0.05742574257425742,0.11718356139020587,0.11186403193977291,0.9513095313546538,0,0
59,0.0,0.02772277227722772,0.06910862719451544,1.0,-0.0,0,0
60,0.0,0.013861386138613863,0.05079507064705211,1.0,-0.0,0,0
61,0.0,0.0,0.0,1.0,-0.0,0,0
62,0.0,0.0,0.0,1.0,-0.0,0,0
63,0.0,0.0,0.0,1.0,-0.0,0,0
64,0.0,0.0,0.0,1.0,-0.0,0,0
65,0.0,0.0,0.0,1.0,-0.0,0,0
66,0.0,0.023762376237623766,0.06471340450838887,1.0,-0.0,0,0
67,0.0,0.023762376237623766,0.06471340450838887,1.0,-0.0,0,0
68,0.0,0.023762376237623766,0.06471340450838887,1.0,-0.0,0,0
69,0.0,0.18613861386138614,0.19550883243085124,1.0,-0.0,0,0
70,0.0,0.18613861386138614,0.19550883243085124,1.0,-0.0,0,0
71,0.0,0.16237623762376235,0.18819175240422528,1.0,-0.0,0,0
72,0.0,0.34851485148514855,0.2920103963245343,1.0,-0.0,0,0
73,0.0,0.35841584158415846,0.2956005220900926,1.0,-0.0,0,0
74,0.0,0.19801980198019803,0.21525034838338525,1.0,-0.0,1,0
75,0.0,0.19801980198019803,0.21525034838338525,1.0,-0.0,0,0
76,0.0,0.19801980198019803,0.21525034838338525,1.0,-0.0,0,0
77,0.0,0.009900990099009901,0.04338396495090424,1.0,-0.0,0,0
78,0.0,0.0,0.0,1.0,-0.0,0,0
79,0.0,0.0,0.0,1.0,-0.0,0,0
80,0.0,0.0,0.0,1.0,-0.0,0,0
81,0.0,0.0,0.0,1.0,-0.0,0,0
82,0.0,0.0019801980198019802,0.0198019801980198,1.0,-0.0,0,0
83,0.0,0.0059405940594059415,0.03395332316729158,1.0,-0.0,0,0
84,0.0,0.017821782178217824,0.056980176514606566,1.0,-0.0,0,0
85,0.0,0.017821782178217824,0.056980176514606566,1.0,-0.0,0,0
86,0.0,0.017821782178217824,0.056980176514606566,1.0,-0.0,0,0
87,0.0,0.13267326732673265,0.1671596799240022,1.0,-0.0,0,0
88,0.0,0.12871287128712872,0.1630990913423683,1.0,-0.0,0,0
89,0.0,0.12673267326732673,0.1609938742509136,1.0,-0.0,0,0
90,0.0,0.12673267326732673,0.1609938742509136,1.0,-0.0,0,0
91,0.0,0.12673267326732673,0.1609938742509136,1.0,-0.0,0,0
92,0.0,0.009900990099009901,0.04338396495090424,1.0,-0.0,0,0
93,0.0,0.009900990099009901,0.04338396495090424,1.0,-0.0,0,0
94,0.0,0.0,0.0,1.0,-0.0,0,0
95,0.0,0.0,0.0,1.0,-0.0,0,0
96,0.0,0.0,0.0,1.0,-0.0,0,0
97,0.0,0.0,0.0,1.0,-0.0,0,0
98,0.0,0.0,0.0,1.0,-0.0,0,0
99,0.0,0.0,0.0,1.0,-0.0,0,0
100,0.0,0.0,0.0,1.0,-0.0,0,0
101,0.0,0.0,0.0,1.0,-0.0,0,0
102,0.0,0.0,0.0,1.0,-0.0,0,0
103,0.0,0.0,0.0,1.0,-0.0,0,0
104,0.0,0.0,0.0,1.0,-0.0,0,0
105,0.0,0.0,0.0,1.0,-0.0,0,0
106,0.0,0.025742574257425748,0.0669763743575753,1.0,-0.0,0,0
107,0.0,0.025742574257425748,0.0669763743575753,1.0,-0.0,0,0
108,0.0,0.039603960396039604,0.0890869059738772,1.0,-0.0,0,0
109,0.0,0.04752475247524753,0.10205226714237721,1.0,-0.0,0,0
110,0.0,0.05346534653465347,0.10860442931328386,1.0,-0.0,0,0
111,0.0,0.03762376237623763,0.08307396817189318,1.0,-0.0,0,0
112,0.0,0.03762376237623763,0.08307396817189318,1.0,-0.0,0,0
113,0.0,0.023762376237623766,0.07056843438101175,1.0,-0.0,0,0
114,0.0,0.015841584158415842,0.06090517425437506,1.0,-0.0,0,0
115,0.0,0.04554455445544555,0.1121568495723271,1.0,-0.0,0,0
116,0.0,0.05742574257425742,0.10277971700879983,1.0,-0.0,0,0
117,0.0,0.05742574257425742,0.10277971700879983,1.0,-0.0,0,0
118,0.0,0.07524752475247526,0.11553229422427584,1.0,-0.0,0,0
119,0.0,0.07524752475247526,0.11553229422427584,1.0,-0.0,0,0
120,0.0,0.10297029702970295,0.14789308791950764,1.0,-0.0,0,0
121,0.0,0.08118811881188118,0.12951766673875514,1.0,-0.0,0,0
122,0.0,0.09702970297029702,0.13383560593042218,1.0,-0.0,0,0
123,0.0,0.09306930693069305,0.13661931335176508,1.0,-0.0,0,0
124,0.0,0.09306930693069305,0.13661931335176508,1.0,-0.0,0,0
125,0.0,0.02970297029702971,0.07112192077650681,1.0,-0.0,0,0
126,0.0,0.0871287128712871,0.1390657415135005,1.0,-0.0,0,0
127,0.0,0.0712871287128713,0.1213265242141813,1.0,-0.0,0,0
128,0.0,0.06732673267326733,0.11698261772468857,1.0,-0.0,0,0
129,0.0,0.07326732673267328,0.12811743461086583,1.0,-0.0,0,0
130,0.0,0.07326732673267328,0.12811743461086583,1.0,-0.0,0,0
131,0.0,0.015841584158415842,0.05401260078014202,1.0,-0.0,0,0
132,0.0,0.033663366336633666,0.07994704648786674,1.0,-0.0,0,0
133,0.0,0.023762376237623766,0.06471340450838887,1.0,-0.0,0,0
134,0.0,0.017821782178217824,0.056980176514606566,1.0,-0.0,0,0
135,0.0,0.017821782178217824,0.056980176514606566,1.0,-0.0,0,0
136,0.0,0.04554455445544555,0.08846854615322249,1.0,-0.0,0,0
137,0.0,0.03762376237623763,0.08307396817189318,1.0,-0.0,0,0
138,0.0,0.03762376237623763,0.08307396817189318,1.0,-0.0,0,0
139,0.0,0.047524752475247525,0.0939707763778588,1.0,-0.0,0,0
140,0.0,0.08118811881188118,0.12951766673875514,1.0,-0.0,0,0
141,0.0,0.05346534653465347,0.11219180573635876,1.0,-0.0,0,0
142,0.0,0.04356435643564357,0.09587103712404123,1.0,-0.0,0,0
143,0.0,0.04752475247524753,0.09809478080396702,1.0,-0.0,0,0
144,0.0,0.03762376237623763,0.08771182015980238,1.0,-0.0,0,0
145,0.0,0.0039603960396039604,0.027863855998951064,1.0,-0.0,0,0
146,0.0,0.0039603960396039604,0.027863855998951064,1.0,-0.0,0,0
147,0.0,0.0039603960396039604,0.027863855998951064,1.0,-0.0,0,0
148,0.0,0.0,0.0,1.0,-0.0,0,0
149,0.0,0.0,0.0,1.0,-0.0,0,0
150,0.0,0.0,0.0,1.0,-0.0,0,0
151,0.0,0.0,0.0,1.0,-0.0,0,0
152,0.0,0.0,0.0,1.0,-0.0,0,0
153,0.0,0.0,0.0,1.0,-0.0,0,0
154,0.0,0.0,0.0,1.0,-0.0,0,0
155,0.0,0.0,0.0,1.0,-0.0,0,0
156,0.0,0.0,0.0,1.0,-0.0,0,0
157,0.0,0.0,0.0,1.0,-0.0,0,0
158,0.0,0.0,0.0,1.0,-0.0,0,0
159,0.0,0.0,0.0,1.0,-0.0,0,0
160,0.0,0.0,0.0,1.0,-0.0,0,0
161,0.0,0.0,0.0,1.0,-0.0,0,0
162,0.0,0.0,0.0,1.0,-0.0,0,0
163,0.0,0.0,0.0,1.0,-0.0,0,0
164,0.0,0.0,0.0,1.0,-0.0,0,0
165,0.0,0.0,0.0,1.0,-0.0,0,0
166,0.0,0.021782178217821784,0.06836703565002801,1.0,-0.0,0,0
167,0.0,0.021782178217821784,0.06836703565002801,1.0,-0.0,0,0
168,0.0,0.021782178217821784,0.06836703565002801,1.0,-0.0,0,0
169,0.0,0.021782178217821784,0.06836703565002801,1.0,-0.0,0,0
170,0.0,0.021782178217821784,0.06836703565002801,1.0,-0.0,0,0
171,0.0,0.04158415841584159,0.09039772047931348,1.0,-0.0,0,0
172,0.0,0.04158415841584159,0.09039772047931348,1.0,-0.0,0,0
173,0.0,0.04158415841584159,0.09039772047931348,1.0,-0.0,0,0
174,0.0,0.04158415841584159,0.09039772047931348,1.0,-0.0,0,0
175,0.0,0.04158415841584159,0.09039772047931348,1.0,-0.0,0,0
176,0.0,0.0,0.0,1.0,-0.0,0,0
177,0.0,0.0,0.0,1.0,-0.0,0,0
178,0.0,0.0,0.0,1.0,-0.0,0,0
179,0.0,0.0,0.0,1.0,-0.0,0,0
180,0.0,0.0,0.0,1.0,-0.0,0,0
181,0.0,0.0,0.0,1.0,-0.0,0,0
182,0.0,0.033663366336633666,0.07994704648786674,1.0,-0.0,0,0
183,0.0,0.033663366336633666,0.07994704648786674,1.0,-0.0,0,0
184,0.0,0.033663366336633666,0.07994704648786674,1.0,-0.0,0,0
185,0.0,0.041584158415841586,0.09039772047931348,1.0,-0.0,0,0
186,0.0,0.06534653465346535,0.13233294611171187,1.0,-0.0,0,0
187,0.0,0.031683168316831684,0.08780118525701135,1.0,-0.0,0,0
188,0.0,0.06732673267326733,0.12982006655907932,1.0,-0.0,0,0
189,0.0,0.06732673267326733,0.12982006655907932,1.0,-0.0,0,0
190,0.0,0.05940594059405942,0.12119717820276717,1.0,-0.0,0,0
191,0.0,0.03564356435643565,0.09074407316744236,1.0,-0.0,0,0
192,0.0,0.03564356435643565,0.09074407316744236,1.0,-0.0,0,0
193,0.0,0.015841584158415842,0.05401260078014202,1.0,-0.0,0,0
194,0.0,0.015841584158415842,0.05401260078014202,1.0,-0.0,0,0
195,0.0,0.047524752475247525,0.09809478080396702,1.0,-0.0,0,0
196,0.0,0.05346534653465347,0.10860442931328386,1.0,-0.0,0,0
197,0.0,0.05346534653465347,0.10860442931328386,1.0,-0.0,0,0
198,0.0,0.03762376237623763,0.08307396817189319,1.0,-0.0,0,0
199,0.0,0.03762376237623763,0.08307396817189319,1.0,-0.0,0,0
200,0.0,0.015841584158415842,0.05401260078014202,1.0,-0.0,0,0
201,0.0,0.009900990099009901,0.04338396495090424,1.0,-0.0,0,0
202,0.0,0.009900990099009901,0.04338396495090424,1.0,-0.0,0,0
203,0.2,0.025742574257425745,0.0669763743575753,0.0046371400013480064,2.3337497919853587,0,0
204,0.2,0.025742574257425745,0.0669763743575753,0.0046371400013480064,2.3337497919853587,0,0
205,0.2,0.015841584158415842,0.05401260078014202,0.00032535620257014524,3.4876409094885674,0,0
206,0.2,0.015841584158415842,0.05401260078014202,0.00032535620257014524,3.4876409094885674,0,0
207,0.4,0.025742574257425745,0.0669763743575753,1.1491454260291793e-08,7.93962500723384,0,0
208,0.2,0.009900990099009901,0.04338396495090425,5.885669548817499e-06,5.230204125035218,0,0
209,0.2,0.021782178217821784,0.07393328595086918,0.007964852485742328,2.0988222632051428,0,0
210,0.2,0.05544554455445545,0.1019369320889802,0.07808409030039497,1.1074374449781044,0,0
211,0.2,0.05544554455445545,0.1019369320889802,0.07808409030039497,1.1074374449781044,0,0
212,0.0,0.04554455445544554,0.08846854615322249,1.0,-0.0,0,0
213,0.0,0.04554455445544554,0.08846854615322249,1.0,-0.0,0,0
214,0.2,0.03762376237623763,0.08307396817189319,0.025315250600093635,1.5966177690988212,0,0
215,0.2,0.0039603960396039604,0.02786385599895107,9.91868616164111e-13,12.003545851085573,0,0
216,0.2,0.025742574257425745,0.07264925278354115,0.008228653963589664,2.084671200510098,0,0
217,0.2,0.025742574257425745,0.07264925278354115,0.008228653963589664,2.084671200510098,0,0
218,0.2,0.025742574257425745,0.07264925278354115,0.008228653963589664,2.084671200510098,0,0
219,0.0,0.023762376237623766,0.06471340450838889,1.0,-0.0,0,0
220,0.2,0.03762376237623763,0.07816140339006158,0.01888012292982573,1.723995182306426,0,0
221,0.2,0.015841584158415842,0.05401260078014202,0.00032535620257014524,3.4876409094885674,0,0
222,0.2,0.015841584158415842,0.05401260078014202,0.00032535620257014524,3.4876409094885674,0,0
223,0.2,0.015841584158415842,0.05401260078014202,0.00032535620257014524,3.4876409094885674,0,0
224,0.2,0.017821782178217824,0.05698017651460656,0.0006937928196726553,3.15877019915046,0,0
225,0.0,0.0039603960396039604,0.02786385599895107,1.0,-0.0,0,0
226,0.0,0.009900990099009901,0.04338396495090425,1.0,-0.0,0,0
227,0.0,0.009900990099009901,0.04338396495090425,1.0,-0.0,0,0
228,0.2,0.033663366336633666,0.08475617647141663,0.024850340762334614,1.6046676515911364,0,0
229,0.2,0.0297029702970297,0.07648795214189294,0.012991839772286911,1.886329344202095,0,0
230,0.2,0.0297029702970297,0.07648795214189294,0.012991839772286911,1.886329344202095,0,0
231,0.2,0.025742574257425745,0.0669763743575753,0.0046371400013480064,2.3337497919853587,0,0
232,0.2,0.025742574257425745,0.0669763743575753,0.0046371400013480064,2.3337497919853587,0,0
233,0.0,0.0019801980198019802,0.0198019801980198,1.0,-0.0,0,0
234,0.0,0.0019801980198019802,0.0198019801980198,1.0,-0.0,0,0
235,0.4,0.0297029702970297,0.08622392497852373,8.750538336211237e-06,5.05796522820578,0,0
236,0.4,0.02772277227722772,0.08457091684777278,5.364032216945041e-06,5.270508622393996,0,0
237,0.4,0.057425742574257435,0.11718356139020585,0.0017311649665349303,2.761661545271833,0,0
238,0.4,0.057425742574257435,0.11718356139020585,0.0017311649665349303,2.761661545271833,0,0
239,0.4,0.057425742574257435,0.11718356139020585,0.0017311649665349303,2.761661545271833,0,0
240,0.0,0.0297029702970297,0.0815014480287393,1.0,-0.0,0,0
241,0.0,0.0297029702970297,0.0815014480287393,1.0,-0.0,0,0
242,0.0,0.023762376237623766,0.07056843438101174,1.0,-0.0,0,0
243,0.0,0.05544554455445544,0.1019369320889802,1.0,-0.0,0,0
244,0.0,0.061386138613861385,0.10806149425459212,1.0,-0.0,0,0
245,0.0,0.0712871287128713,0.11461224656227947,1.0,-0.0,0,0
246,0.0,0.12673267326732673,0.1534365990321625,1.0,-0.0,0,0
247,0.0,0.1376237623762376,0.15597123697041756,1.0,-0.0,0,0
248,0.0,0.10495049504950495,0.1395723579145037,1.0,-0.0,0,0
249,0.0,0.10297029702970295,0.1367627457412436,1.0,-0.0,0,0
250,0.0,0.12871287128712872,0.1606525268671035,1.0,-0.0,0,0
251,0.0,0.09702970297029702,0.12778032320714203,1.0,-0.0,0,0
252,0.0,0.06336633663366337,0.10504385908811757,1.0,-0.0,0,0
253,0.0,0.0712871287128713,0.10747934055534188,1.0,-0.0,0,0
254,0.0,0.08712871287128712,0.12077584698595571,1.0,-0.0,0,0
255,0.0,0.051485148514851496,0.09186070102766894,1.0,-0.0,0,0
256,0.0,0.027722772277227727,0.07461957893630405,1.0,-0.0,0,0
257,0.2,0.031683168316831684,0.08316831683168317,0.021494876961718305,1.6676650364739216,0,0
258,0.2,0.03564356435643565,0.08154954567118415,0.0219304263845019,1.6589529244266186,0,0
259,0.2,0.015841584158415842,0.05401260078014202,0.00032535620257014524,3.4876409094885674,0,0
260,0.2,0.015841584158415842,0.05401260078014202,0.00032535620257014524,3.4876409094885674,0,0
261,0.2,0.015841584158415842,0.05401260078014202,0.00032535620257014524,3.4876409094885674,0,0
262,0.0,0.011881188118811883,0.047276579747775535,1.0,-0.0,0,0
263,0.0,0.0,0.0,1.0,-0.0,0,0
264,0.0,0.0,0.0,1.0,-0.0,0,0
265,0.0,0.0,0.0,1.0,-0.0,0,0
266,0.0,0.0,0.0,1.0,-0.0,0,0
267,0.0,0.04554455445544555,0.08846854615322249,1.0,-0.0,0,0
268,0.2,0.06930693069306931,0.11057238501634628,0.11860911207080789,0.9258819452883051,0,0
269,0.2,0.06930693069306931,0.11057238501634628,0.11860911207080789,0.9258819452883051,0,0
270,0.2,0.06930693069306931,0.11057238501634628,0.11860911207080789,0.9258819452883051,0,0
271,0.2,0.06930693069306931,0.11057238501634628,0.11860911207080789,0.9258819452883051,0,0
272,0.2,0.023762376237623766,0.07056843438101175,0.00625538335613176,2.203746069767374,0,0
273,0.2,0.04752475247524754,0.09397077637785879,0.05233944412570533,1.2811708941229774,0,0
274,0.2,0.04752475247524754,0.09397077637785879,0.05233944412570533,1.2811708941229774,0,0
275,0.2,0.04752475247524754,0.09397077637785879,0.05233944412570533,1.2811708941229774,0,0
276,0.2,0.04752475247524754,0.09397077637785879,0.05233944412570533,1.2811708941229774,0,0
277,0.2,0.04752475247524754,0.09397077637785879,0.05233944412570533,1.2811708941229774,0,0
278,0.0,0.0,0.0,1.0,-0.0,0,0
279,0.0,0.04356435643564357,0.09587103712404123,1.0,-0.0,0,0
280,0.0,0.04356435643564357,0.09587103712404123,1.0,-0.0,0,0
281,0.0,0.04356435643564357,0.09587103712404123,1.0,-0.0,0,0
282,0.0,0.04356435643564357,0.09587103712404123,1.0,-0.0,0,0
283,0.0,0.07326732673267328,0.12177815335858849,1.0,-0.0,0,0
284,0.0,0.0297029702970297,0.08150144802873932,1.0,-0.0,0,0
285,0.0,0.0297029702970297,0.08150144802873932,1.0,-0.0,0,0
286,0.0,0.07326732673267328,0.12177815335858849,1.0,-0.0,0,0
287,0.0,0.07326732673267328,0.12177815335858849,1.0,-0.0,0,0
288,0.0,0.04356435643564357,0.08721867542790195,1.0,-0.0,0,0
289,0.0,0.07524752475247524,0.11553229422427586,1.0,-0.0,0,0
290,0.0,0.07524752475247524,0.11553229422427586,1.0,-0.0,0,0
291,0.0,0.031683168316831684,0.07826167463512675,1.0,-0.0,0,0
292,0.0,0.031683168316831684,0.07826167463512675,1.0,-0.0,0,0
293,0.0,0.031683168316831684,0.07826167463512675,1.0,-0.0,0,0
294,0.0,0.0,0.0,1.0,-0.0,0,0
295,0.0,0.0059405940594059415,0.03395332316729158,1.0,-0.0,0,0
296,0.0,0.0059405940594059415,0.03395332316729158,1.0,-0.0,0,0
297,0.0,0.015841584158415842,0.054012600780142014,1.0,-0.0,0,0
298,0.0,0.023762376237623766,0.06471340450838887,1.0,-0.0,0,0
299,0.0,0.023762376237623766,0.06471340450838887,1.0,-0.0,0,0
300,0.0,0.017821782178217824,0.056980176514606566,1.0,-0.0,0,0
301,0.0,0.031683168316831684,0.07826167463512675,1.0,-0.0,0,0
302,0.0,0.021782178217821784,0.06230547612891991,1.0,-0.0,0,0
303,0.0,0.025742574257425738,0.07264925278354115,1.0,-0.0,0,0
304,0.0,0.031683168316831684,0.07826167463512675,1.0,-0.0,0,0
305,0.0,0.031683168316831684,0.07826167463512675,1.0,-0.0,0,0
306,0.0,0.1069306930693069,0.13368903310588712,1.0,-0.0,0,0
307,0.0,0.10891089108910887,0.1335716590419014,1.0,-0.0,0,0
308,0.0,0.097029702970297,0.127780323207142,1.0,-0.0,0,0
309,0.0,0.09108910891089106,0.1243589581632284,1.0,-0.0,0,0
310,0.0,0.12475247524752475,0.16131019290626772,1.0,-0.0,0,0
311,0.0,0.04356435643564357,0.08721867542790196,1.0,-0.0,0,0
312,0.0,0.041584158415841586,0.08590499787518362,1.0,-0.0,0,0
313,0.0,0.041584158415841586,0.08590499787518362,1.0,-0.0,0,0
314,0.0,0.15445544554455443,0.16858452795083376,1.0,-0.0,0,0
315,0.0,0.12475247524752475,0.14852805221860732,1.0,-0.0,0,0
316,0.0,0.11683168316831682,0.14696218071508493,1.0,-0.0,0,0
317,0.0,0.11683168316831682,0.14696218071508493,1.0,-0.0,0,0
318,0.0,0.12277227722772276,0.14615954128511632,1.0,-0.0,0,0
319,0.0,0.025742574257425748,0.06697637435757531,1.0,-0.0,0,0
320,0.0,0.019801980198019802,0.059735061897023205,1.0,-0.0,0,0
321,0.0,0.05742574257425744,0.11375371577303027,1.0,-0.0,0,0
322,0.0,0.05742574257425744,0.11375371577303027,1.0,-0.0,0,0
323,0.0,0.051485148514851496,0.11134982906542217,1.0,-0.0,0,0
324,0.0,0.12673267326732673,0.1658408452769117,1.0,-0.0,0,0
325,0.0,0.2415841584158416,0.21492219487073477,1.0,-0.0,0,0
326,0.0,0.21782178217821782,0.20890854486974947,1.0,-0.0,0,0
327,0.0,0.21782178217821782,0.20890854486974947,1.0,-0.0,0,0
328,0.0,0.21782178217821782,0.20890854486974947,1.0,-0.0,0,0
329,0.0,0.1287128712871287,0.1423540653909816,1.0,-0.0,0,0
330,0.0,0.01386138613861386,0.05079507064705211,1.0,-0.0,0,0
331,0.0,0.0,0.0,1.0,-0.0,0,0
332,0.0,0.0,0.0,1.0,-0.0,0,0
333,0.0,0.1277227722772277,0.15032559506261184,1.0,-0.0,0,0
334,0.0,0.13663366336633662,0.1487391046195162,1.0,-0.0,0,0
335,0.0,0.14653465346534653,0.15127468716660816,1.0,-0.0,0,0
336,0.2,0.17425742574257425,0.1680720409815679,0.43913450099030094,0.35740244082525696,0,0
337,0.2,0.17425742574257425,0.1680720409815679,0.43913450099030094,0.35740244082525696,0,0
338,0.2,0.04554455445544555,0.08387254884969257,0.03277054107653563,1.4845163878939818,0,0
339,0.2,0.05346534653465347,0.09704990696905226,0.0655357875709919,1.1835214771048093,0,0
340,0.2,0.04356435643564357,0.09164702150816742,0.043916930442951946,1.3573680223438191,0,0
341,0.0,0.015841584158415842,0.05401260078014202,1.0,-0.0,0,0
342,0.0,0.025742574257425748,0.06697637435757531,1.0,-0.0,0,0
343,0.0,0.025742574257425748,0.06697637435757531,1.0,-0.0,0,0
344,0.0,0.009900990099009901,0.04338396495090424,1.0,-0.0,0,0
345,0.0,0.051485148514851496,0.096075322540263,1.0,-0.0,0,0
346,0.0,0.051485148514851496,0.096075322540263,1.0,-0.0,0,0
347,0.0,0.14059405940594058,0.16300289605747864,1.0,-0.0,0,0
348,0.0,0.14059405940594058,0.16300289605747864,1.0,-0.0,0,0
349,0.0,0.14059405940594058,0.16300289605747864,1.0,-0.0,0,0
350,0.0,0.12376237623762375,0.14566237569586524,1.0,-0.0,0,0
351,0.0,0.12376237623762375,0.14566237569586524,1.0,-0.0,0,0
352,0.0,0.025742574257425748,0.06697637435757531,1.0,-0.0,0,0
353,0.0,0.08910891089108909,0.13042276277287218,1.0,-0.0,0,0
354,0.0,0.08910891089108909,0.13042276277287218,1.0,-0.0,0,0
355,0.0,0.07524752475247526,0.11891084986932618,1.0,-0.0,0,0
356,0.0,0.07524752475247526,0.11891084986932618,1.0,-0.0,0,0
357,0.0,0.07524752475247526,0.11891084986932618,1.0,-0.0,0,0
358,0.0,0.011881188118811881,0.047276579747775535,1.0,-0.0,0,0
359,0.0,0.03762376237623763,0.09211646217515253,1.0,-0.0,0,0
360,0.0,0.11485148514851484,0.14984225277142668,1.0,-0.0,0,0
361,0.0,0.11485148514851484,0.14984225277142668,1.0,-0.0,0,0
362,0.0,0.11485148514851484,0.14984225277142668,1.0,-0.0,0,0
363,0.0,0.11485148514851484,0.14984225277142668,1.0,-0.0,0,0
364,0.0,0.0891089108910891,0.13042276277287218,1.0,-0.0,0,0
365,0.0,0.0,0.0,1.0,-0.0,0,0
366,0.0,0.033663366336633666,0.08475617647141663,1.0,-0.0,0,0
367,0.0,0.1584158415841584,0.17647108799335678,1.0,-0.0,0,0
368,0.0,0.1584158415841584,0.17647108799335678,1.0,-0.0,0,0
369,0.0,0.1584158415841584,0.17647108799335678,1.0,-0.0,0,0
370,0.0,0.1584158415841584,0.17647108799335678,1.0,-0.0,0,0
371,0.0,0.12277227722772276,0.15407416763506465,1.0,-0.0,0,0
372,0.0,0.0,0.0,1.0,-0.0,0,0
373,0.0,0.0019801980198019802,0.0198019801980198,1.0,-0.0,0,0
374,0.0,0.0019801980198019802,0.0198019801980198,1.0,-0.0,0,0
375,0.0,0.04554455445544555,0.08846854615322249,1.0,-0.0,0,0
376,0.0,0.04554455445544555,0.08846854615322249,1.0,-0.0,0,0
377,0.0,0.05544554455445545,0.09384550979067553,1.0,-0.0,0,0
378,0.0,0.05346534653465347,0.09287951999650357,1.0,-0.0,0,0
379,0.0,0.05346534653465347,0.09287951999650357,1.0,-0.0,0,0
380,0.0,0.027722772277227727,0.07461957893630407,1.0,-0.0,0,0
381,0.0,0.027722772277227727,0.07461957893630407,1.0,-0.0,0,0
382,0.0,0.017821782178217824,0.05698017651460656,1.0,-0.0,0,0
383,0.2,0.03762376237623762,0.08771182015980238,0.03206701867154286,1.4939414153345645,0,0
384,0.2,0.03762376237623762,0.08771182015980238,0.03206701867154286,1.4939414153345645,0,0
385,0.2,0.019801980198019802,0.0597350618970232,0.0012780474741147156,2.893453013655617,0,0
386,0.4,0.031683168316831684,0.0730260947112308,2.283873330835405e-07,6.641327986785526,0,0
387,0.6,0.06336633663366337,0.10120342446875755,5.7105987066921943e-08,7.243318357361496,0,0
388,0.4,0.04356435643564357,0.08255312311158745,7.884896149188503e-06,5.103204022326377,0,0
389,0.4,0.04356435643564357,0.08255312311158745,7.884896149188503e-06,5.103204022326377,0,0
390,0.4,0.04356435643564357,0.08255312311158745,7.884896149188503e-06,5.103204022326377,0,0
391,0.2,0.03168316831683169,0.0730260947112308,0.01058647624307391,1.9752485727397298,0,0
392,0.0,0.0,0.0,1.0,-0.0,0,0
393,0.0,0.0,0.0,1.0,-0.0,0,0
394,0.0,0.0,0.0,1.0,-0.0,0,0
395,0.0,0.04950495049504951,0.11741756103266211,1.0,-0.0,0,0
396,0.0,0.06534653465346535,0.12930556607773872,1.0,-0.0,0,0
397,0.0,0.0891089108910891,0.1420507440353343,1.0,-0.0,0,0
398,0.0,0.0891089108910891,0.1420507440353343,1.0,-0.0,0,0
399,0.0,0.100990099009901,0.15826725705099476,1.0,-0.0,0,0
400,0.0,0.05148514851485149,0.10773441987117183,1.0,-0.0,0,0
401,0.0,0.03564356435643564,0.09074407316744237,1.0,-0.0,0,0
402,0.0,0.011881188118811883,0.047276579747775535,1.0,-0.0,0,0
403,0.0,0.011881188118811883,0.047276579747775535,1.0,-0.0,0,0
404,0.0,0.0,0.0,1.0,-0.0,0,0
405,0.0,0.0,0.0,1.0,-0.0,0,0
406,0.0,0.027722772277227727,0.07975061610139514,1.0,-0.0,0,0
407,0.0,0.027722772277227727,0.07975061610139514,1.0,-0.0,0,0
408,0.0,0.027722772277227727,0.07975061610139514,1.0,-0.0,0,0
409,0.0,0.027722772277227727,0.07975061610139514,1.0,-0.0,0,0
410,0.0,0.16237623762376235,0.20817523328239884,1.0,-0.0,0,0
411,0.0,0.13465346534653466,0.17823982262440538,1.0,-0.0,0,0
412,0.0,0.13465346534653466,0.17823982262440538,1.0,-0.0,0,0
413,0.0,0.13465346534653466,0.17823982262440538,1.0,-0.0,0,0
414,0.0,0.13465346534653466,0.17823982262440538,1.0,-0.0,0,0
415,0.0,0.0,0.0,1.0,-0.0,0,0
416,0.0,0.0,0.0,1.0,-0.0,0,0
417,0.0,0.0,0.0,1.0,-0.0,0,0
418,0.0,0.0,0.0,1.0,-0.0,0,0
419,0.0,0.0,0.0,1.0,-0.0,0,0
420,0.0,0.0,0.0,1.0,-0.0,0,0
421,0.0,0.0,0.0,1.0,-0.0,0,0
422,0.0,0.0,0.0,1.0,-0.0,0,0
423,0.0,0.021782178217821784,0.06230547612891991,1.0,-0.0,0,0
424,0.0,0.021782178217821784,0.06230547612891991,1.0,-0.0,0,0
425,0.0,0.021782178217821784,0.06230547612891991,1.0,-0.0,0,0
426,0.0,0.021782178217821784,0.06230547612891991,1.0,-0.0,0,0
427,0.0,0.021782178217821784,0.06230547612891991,1.0,-0.0,0,0
428,0.0,0.0,0.0,1.0,-0.0,0,0
429,0.0,0.0039603960396039604,0.027863855998951068,1.0,-0.0,0,0
430,0.0,0.09504950495049505,0.12457948087149173,1.0,-0.0,0,0
431,0.0,0.09504950495049505,0.12457948087149173,1.0,-0.0,0,0
432,0.0,0.32871287128712884,0.2542068362119796,1.0,-0.0,0,0
433,0.0,0.3445544554455447,0.26117603316907,1.0,-0.0,0,0
434,0.0,0.35841584158415846,0.2629864005566772,1.0,-0.0,0,0
435,0.0,0.2653465346534653,0.24064091138159704,1.0,-0.0,0,0
436,0.0,0.2653465346534653,0.24064091138159704,1.0,-0.0,0,0
437,0.0,0.05544554455445544,0.09797478714338996,1.0,-0.0,0,0
438,0.0,0.039603960396039604,0.08452453849668534,1.0,-0.0,0,0
439,0.0,0.023762376237623766,0.06471340450838887,1.0,-0.0,0,0
440,0.0,0.023762376237623766,0.06471340450838887,1.0,-0.0,0,0
441,0.0,0.041584158415841586,0.08590499787518362,1.0,-0.0,0,0
442,0.0,0.017821782178217824,0.0635517090529949,1.0,-0.0,0,0
443,0.0,0.017821782178217824,0.0635517090529949,1.0,-0.0,0,0
444,0.0,0.03564356435643565,0.08154954567118415,1.0,-0.0,0,0
445,0.0,0.05940594059405942,0.10733330877518932,1.0,-0.0,0,0
446,0.0,0.041584158415841586,0.08590499787518362,1.0,-0.0,0,0
447,0.0,0.041584158415841586,0.08590499787518362,1.0,-0.0,0,0
448,0.0,0.041584158415841586,0.08590499787518362,1.0,-0.0,0,0
449,0.0,0.023762376237623766,0.06471340450838887,1.0,-0.0,0,0
450,0.0,0.0,0.0,1.0,-0.0,0,0
451,0.0,0.0,0.0,1.0,-0.0,0,0
452,0.0,0.17227722772277226,0.1689330594949795,1.0,-0.0,0,0
453,0.0,0.17227722772277226,0.1689330594949795,1.0,-0.0,0,0
454,0.0,0.17227722772277226,0.1689330594949795,1.0,-0.0,0,0
455,0.0,0.17227722772277226,0.1689330594949795,1.0,-0.0,0,0
456,0.0,0.17227722772277226,0.1689330594949795,1.0,-0.0,0,0
457,0.0,0.0,0.0,1.0,-0.0,0,0
458,0.0,0.07524752475247524,0.13744913773527348,1.0,-0.0,0,0
459,0.0,0.07524752475247524,0.13744913773527348,1.0,-0.0,0,0
460,0.0,0.07524752475247524,0.13744913773527348,1.0,-0.0,0,0
461,0.0,0.07524752475247524,0.13744913773527348,1.0,-0.0,0,0
462,0.0,0.2316831683168317,0.20046020966089131,1.0,-0.0,0,0
463,0.0,0.15643564356435644,0.16555687101844338,1.0,-0.0,0,0
464,0.0,0.15643564356435644,0.16555687101844338,1.0,-0.0,0,0
465,0.0,0.15643564356435644,0.16555687101844338,1.0,-0.0,0,0
466,0.0,0.16831683168316833,0.17740187251029735,1.0,-0.0,0,0
467,0.0,0.011881188118811881,0.04727657974777554,1.0,-0.0,0,0
468,0.0,0.023762376237623766,0.07056843438101175,1.0,-0.0,0,0
469,0.0,0.11089108910891088,0.15018206119491914,1.0,-0.0,0,0
470,0.0,0.11089108910891088,0.15018206119491914,1.0,-0.0,0,0
471,0.0,0.09900990099009899,0.14246420394934614,1.0,-0.0,0,0
472,0.0,0.09900990099009899,0.14246420394934614,1.0,-0.0,0,0
473,0.0,0.08712871287128712,0.13324834725751067,1.0,-0.0,0,0
474,0.0,0.0,0.0,1.0,-0.0,0,0
475,0.0,0.0,0.0,1.0,-0.0,0,0
476,0.0,0.0,0.0,1.0,-0.0,0,0
477,0.0,0.0059405940594059415,0.03395332316729158,1.0,-0.0,0,0
478,0.0,0.0059405940594059415,0.03395332316729158,1.0,-0.0,0,0
479,0.0,0.0059405940594059415,0.03395332316729158,1.0,-0.0,0,0
480,0.0,0.0059405940594059415,0.03395332316729158,1.0,-0.0,0,0
481,0.0,0.0059405940594059415,0.03395332316729158,1.0,-0.0,0,0
482,0.0,0.0,0.0,1.0,-0.0,0,0
483,0.0,0.0,0.0,1.0,-0.0,0,0
484,0.0,0.0,0.0,1.0,-0.0,0,0
485,0.0,0.021782178217821784,0.06230547612891991,1.0,-0.0,0,0
486,0.0,0.021782178217821784,0.06230547612891991,1.0,-0.0,0,0
487,0.0,0.021782178217821784,0.06230547612891991,1.0,-0.0,0,0
488,0.0,0.03564356435643565,0.07653920035678292,1.0,-0.0,0,0
489,0.0,0.08316831683168316,0.11694909354640316,1.0,-0.0,0,0
490,0.0,0.06534653465346535,0.10571364605971598,1.0,-0.0,0,0
491,0.0,0.06534653465346535,0.10571364605971598,1.0,-0.0,0,0
492,0.0,0.10297029702970295,0.13084299831035082,1.0,-0.0,0,0
493,0.0,0.0891089108910891,0.12097048989545554,1.0,-0.0,0,0
494,0.0,0.041584158415841586,0.09039772047931348,1.0,-0.0,0,0
495,0.0,0.03762376237623762,0.08771182015980238,1.0,-0.0,0,0
496,0.0,0.03762376237623762,0.08771182015980238,1.0,-0.0,0,0
497,0.0,0.0,0.0,1.0,-0.0,0,0
498,0.0,0.03762376237623763,0.07816140339006157,1.0,-0.0,0,0
499,0.0,0.03762376237623763,0.07816140339006157,1.0,-0.0,0,0
500,0.0,0.04752475247524753,0.08965727859541997,1.0,-0.0,0,0
501,0.0,0.04752475247524753,0.08965727859541997,1.0,-0.0,0,0
502,0.0,0.04752475247524753,0.08965727859541997,1.0,-0.0,0,0
503,0.0,0.009900990099009901,0.04338396495090424,1.0,-0.0,0,0
504,0.0,0.009900990099009901,0.04338396495090424,1.0,-0.0,0,0
505,0.0,0.0,0.0,1.0,-0.0,0,0
506,0.0,0.0,0.0,1.0,-0.0,0,0
507,0.0,0.0059405940594059415,0.03395332316729158,1.0,-0.0,0,0
508,0.0,0.0059405940594059415,0.03395332316729158,1.0,-0.0,0,0
509,0.0,0.0059405940594059415,0.03395332316729158,1.0,-0.0,0,0
510,0.0,0.0059405940594059415,0.03395332316729158,1.0,-0.0,0,0
511,0.0,0.0059405940594059415,0.03395332316729158,1.0,-0.0,0,0
512,0.0,0.0,0.0,1.0,-0.0,0,0
513,0.0,0.009900990099009901,0.04338396495090424,1.0,-0.0,0,0
514,0.0,0.009900990099009901,0.04338396495090424,1.0,-0.0,0,0
515,0.0,0.009900990099009901,0.04338396495090424,1.0,-0.0,0,0
516,0.0,0.009900990099009901,0.04338396495090424,1.0,-0.0,0,0
517,0.0,0.05544554455445544,0.11299281281336322,1.0,-0.0,0,0
518,0.0,0.04554455445544555,0.10485704788018793,1.0,-0.0,0,0
519,0.0,0.04554455445544555,0.10485704788018793,1.0,-0.0,0,0
520,0.0,0.057425742574257435,0.12051583409665692,1.0,-0.0,0,0
521,0.0,0.057425742574257435,0.12051583409665692,1.0,-0.0,0,0
522,0.0,0.011881188118811881,0.047276579747775535,1.0,-0.0,0,0
523,0.0,0.03564356435643565,0.07653920035678292,1.0,-0.0,0,0
524,0.0,0.03564356435643565,0.07653920035678292,1.0,-0.0,0,0
525,0.0,0.03762376237623763,0.08307396817189318,1.0,-0.0,0,0
526,0.0,0.04950495049504951,0.09504950495049506,1.0,-0.0,0,0
527,0.0,0.04950495049504951,0.09504950495049506,1.0,-0.0,0,0
528,0.0,0.025742574257425738,0.0669763743575753,1.0,-0.0,0,0
529,0.0,0.025742574257425738,0.0669763743575753,1.0,-0.0,0,0
530,0.0,0.011881188118811883,0.047276579747775535,1.0,-0.0,0,0
531,0.0,0.0,0.0,1.0,-0.0,0,0
532,0.0,0.0,0.0,1.0,-0.0,0,0
533,0.0,0.0297029702970297,0.07112192077650681,1.0,-0.0,0,0
534,0.0,0.0297029702970297,0.07112192077650681,1.0,-0.0,0,0
535,0.0,0.0594059405940594,0.10357779667819421,1.0,-0.0,0,0
536,0.0,0.09306930693069305,0.13368903310588712,1.0,-0.0,0,0
537,0.0,0.09306930693069305,0.13368903310588712,1.0,-0.0,0,0
538,0.0,0.06336633663366337,0.10874875419996817,1.0,-0.0,0,0
539,0.0,0.06336633663366337,0.10874875419996817,1.0,-0.0,0,0
540,0.0,0.033663366336633666,0.07994704648786674,1.0,-0.0,0,0
541,0.0,0.0,0.0,1.0,-0.0,0,0
542,0.0,0.0,0.0,1.0,-0.0,0,0
543,0.0,0.0,0.0,1.0,-0.0,0,0
544,0.0,0.0,0.0,1.0,-0.0,0,0
545,0.0,0.009900990099009901,0.04338396495090424,1.0,-0.0,0,0
546,0.0,0.039603960396039604,0.08908690597387718,1.0,-0.0,0,0
547,0.0,0.039603960396039604,0.08908690597387718,1.0,-0.0,0,0
548,0.0,0.039603960396039604,0.08908690597387718,1.0,-0.0,0,0
549,0.0,0.07524752475247526,0.1345369326848557,1.0,-0.0,0,0
550,0.0,0.06534653465346535,0.1230275213228441,1.0,-0.0,0,0
551,0.0,0.03564356435643565,0.08154954567118416,1.0,-0.0,0,0
552,0.0,0.04356435643564357,0.08721867542790193,1.0,-0.0,0,0
553,0.0,0.04356435643564357,0.08721867542790193,1.0,-0.0,0,0
554,0.0,0.013861386138613863,0.050795070647052104,1.0,-0.0,0,0
555,0.0,0.061386138613861385,0.11166631429601334,1.0,-0.0,0,0
556,0.0,0.061386138613861385,0.11166631429601334,1.0,-0.0,0,0
557,0.0,0.05346534653465347,0.10860442931328385,1.0,-0.0,0,0
558,0.0,0.0891089108910891,0.13342479626077636,1.0,-0.0,1,0
559,0.0,0.08316831683168316,0.12978985828256587,1.0,-0.0,0,0
560,0.0,0.03564356435643565,0.08154954567118416,1.0,-0.0,0,0
561,0.0,0.03564356435643565,0.08154954567118416,1.0,-0.0,0,0
562,0.0,0.05544554455445544,0.09797478714338996,1.0,-0.0,0,0
563,0.0,0.019801980198019802,0.059735061897023205,1.0,-0.0,0,0
564,0.0,0.027722772277227727,0.06910862719451542,1.0,-0.0,0,0
565,0.0,0.04356435643564357,0.0916470215081674,1.0,-0.0,0,0
566,0.0,0.04356435643564357,0.0916470215081674,1.0,-0.0,0,0
567,0.0,0.023762376237623766,0.06471340450838887,1.0,-0.0,0,0
568,0.0,0.023762376237623766,0.06471340450838887,1.0,-0.0,0,0
569,0.0,0.015841584158415842,0.05401260078014202,1.0,-0.0,0,0
570,0.0,0.0891089108910891,0.12734998170941406,1.0,-0.0,0,0
571,0.0,0.10891089108910891,0.14218869759220787,1.0,-0.0,0,0
572,0.0,0.10891089108910891,0.14218869759220787,1.0,-0.0,0,0
573,0.0,0.10891089108910891,0.14218869759220787,1.0,-0.0,0,0
574,0.0,0.10891089108910891,0.14218869759220787,1.0,-0.0,0,0
575,0.0,0.019801980198019802,0.0597350618970232,1.0,-0.0,0,0
576,0.0,0.0,0.0,1.0,-0.0,0,0
577,0.0,0.0,0.0,1.0,-0.0,0,0
578,0.0,0.0,0.0,1.0,-0.0,0,0
579,0.0,0.011881188118811881,0.047276579747775535,1.0,-0.0,0,0
580,0.0,0.011881188118811881,0.047276579747775535,1.0,-0.0,0,0
581,0.0,0.04554455445544555,0.09700949476369022,1.0,-0.0,0,0
582,0.0,0.05544554455445545,0.1094316980566186,1.0,-0.0,0,0
583,0.0,0.05544554455445545,0.1094316980566186,1.0,-0.0,0,0
584,0.0,0.04356435643564357,0.08721867542790195,1.0,-0.0,0,0
585,0.0,0.04356435643564357,0.08721867542790195,1.0,-0.0,0,0
586,0.0,0.0297029702970297,0.07648795214189293,1.0,-0.0,0,0
587,0.0,0.019801980198019802,0.059735061897023205,1.0,-0.0,0,0
