,foreground,bg_means,bg_stdev,pvals,minus_logs,regs,active
2,0.8,2.7861386138613864,0.5244572305982552,1.0,-0.0,0,0
3,1.2,3.554455445544554,0.5361255860845522,1.0,-0.0,0,0
4,1.2,3.164356435643564,0.5342866361676057,1.0,-0.0,0,0
5,0.8,1.9920792079207923,0.41736636998614557,1.0,-0.0,0,0
6,9.4,7.49009900990099,0.4687258800120589,2.3040305030677698e-05,4.637511775584623,0,0
7,9.2,7.102970297029701,0.4991984556542964,1.3299046692099252e-05,4.876179489198278,0,0
8,9.4,6.851485148514851,0.5352178905581284,9.601306373512343e-07,6.017669671938712,0,0
9,9.4,6.792079207920792,0.542762126902175,7.741226178857181e-07,6.111190243382411,0,0
10,9.4,6.792079207920792,0.542762126902175,7.741226178857181e-07,6.111190243382411,0,0
11,0.6,0.5188118811881188,0.27457000452268965,0.38373270223991174,0.41597118803872296,0,0
12,0.6,0.603960396039604,0.3004685423903471,1.0,-0.0,0,0
13,0.0,0.08316831683168316,0.0985732947695338,1.0,-0.0,0,0
14,0.0,0.08316831683168316,0.0985732947695338,1.0,-0.0,0,0
15,0.0,0.08316831683168316,0.0985732947695338,1.0,-0.0,0,0
16,0.2,0.19999999999999996,5.551115123125783e-17,0.15865525393145707,0.7995455414919704,0,0
17,0.2,0.30891089108910885,0.16536728392960764,1.0,-0.0,0,0
18,0.2,0.30891089108910885,0.16536728392960764,1.0,-0.0,0,0
19,0.2,0.30891089108910885,0.16536728392960764,1.0,-0.0,0,0
20,0.2,0.30891089108910885,0.16536728392960764,1.0,-0.0,0,0
