,foreground,bg_means,bg_stdev,pvals,minus_logs,regs,active
2,0.4,3.304950495049505,0.7507588553826046,1.0,-0.0,0,0
3,0.4,3.506930693069307,0.7486300922341617,1.0,-0.0,0,0
4,0.4,3.506930693069307,0.7486300922341617,1.0,-0.0,0,0
5,0.2,2.807920792079208,0.7113901003768777,1.0,-0.0,0,0
6,0.2,1.97029702970297,0.529065036421284,1.0,-0.0,0,0
7,0.0,2.114851485148515,0.5638246582671527,1.0,-0.0,0,0
8,0.0,0.7940594059405941,0.38119711960570574,1.0,-0.0,0,0
9,0.0,0.8376237623762377,0.3987235785711911,1.0,-0.0,0,0
10,0.0,1.1841584158415843,0.43843390805924704,1.0,-0.0,0,0
11,0.0,3.1,0.6925344470826269,1.0,-0.0,0,0
12,0.0,2.962376237623763,0.6682104792532546,1.0,-0.0,0,0
13,0.0,2.962376237623763,0.6682104792532546,1.0,-0.0,0,0
14,0.0,2.9188118811881183,0.6673002903360673,1.0,-0.0,0,0
15,0.0,2.1861386138613863,0.5356646104099125,1.0,-0.0,0,0
16,0.0,0.2693069306930693,0.19586951317034831,1.0,-0.0,0,0
17,0.0,0.0,0.0,1.0,-0.0,0,0
18,0.0,0.0,0.0,1.0,-0.0,0,0
19,0.0,0.0,0.0,1.0,-0.0,0,0
20,0.0,0.0,0.0,1.0,-0.0,0,0
21,0.0,0.0,0.0,1.0,-0.0,0,0
22,0.0,0.0,0.0,1.0,-0.0,0,0
23,0.0,0.0,0.0,1.0,-0.0,0,0
24,0.0,0.0,0.0,1.0,-0.0,0,0
25,0.0,0.0,0.0,1.0,-0.0,0,0
26,0.0,0.0,0.0,1.0,-0.0,0,0
27,0.0,0.0,0.0,1.0,-0.0,0,0
28,0.0,0.013861386138613863,0.05079507064705212,1.0,-0.0,0,0
29,0.0,0.013861386138613863,0.05079507064705212,1.0,-0.0,0,0
30,0.0,0.013861386138613863,0.05079507064705212,1.0,-0.0,0,0
31,0.4,1.120792079207921,0.45474763574370436,1.0,-0.0,0,0
32,0.4,1.2277227722772277,0.4624769326612946,1.0,-0.0,0,0
33,0.4,1.2673267326732673,0.47452089665743075,1.0,-0.0,0,0
34,0.6,1.8475247524752478,0.5643877010620334,1.0,-0.0,0,0
35,0.6,2.166336633663366,0.6510124982029074,1.0,-0.0,0,0
36,0.2,1.1524752475247526,0.44867109817527806,1.0,-0.0,0,0
37,0.2,1.0831683168316835,0.3982807872981451,1.0,-0.0,0,0
38,0.2,1.9544554455445544,0.5470939884273235,1.0,-0.0,0,0
39,0.2,2.0336633663366337,0.5174723846312909,1.0,-0.0,0,0
40,0.2,1.7168316831683168,0.5005085150620738,1.0,-0.0,0,0
41,0.2,1.811881188118812,0.5009470493772535,1.0,-0.0,0,0
42,0.4,2.6960396039603967,0.6117530065359578,1.0,-0.0,0,0
43,0.6,2.1702970297029704,0.5825081573313063,1.0,-0.0,0,0
44,0.4,1.5643564356435644,0.5215331849965464,1.0,-0.0,0,0
45,0.4,1.6693069306930692,0.5546817077231396,1.0,-0.0,0,0
46,0.4,1.9504950495049505,0.5539460177395917,1.0,-0.0,0,0
47,0.2,1.4039603960396039,0.3807030474171627,1.0,-0.0,0,0
48,0.0,1.1009900990099009,0.363289440699496,1.0,-0.0,0,0
49,0.0,1.4198019801980202,0.4198113206508061,1.0,-0.0,0,0
50,0.0,1.3148514851485154,0.4003429565932613,1.0,-0.0,0,0
51,0.0,0.8415841584158416,0.3212806449482308,1.0,-0.0,0,0
52,0.0,0.4673267326732673,0.24579993107616477,1.0,-0.0,0,0
53,0.0,0.48712871287128723,0.2676126084202163,1.0,-0.0,0,0
54,0.0,0.1168316831683168,0.14146987009498416,1.0,-0.0,0,0
55,1.0,1.530693069306931,0.48863166679365927,1.0,-0.0,0,0
56,1.0,1.530693069306931,0.48863166679365927,1.0,-0.0,0,0
57,1.0,1.5564356435643563,0.5023540311283691,1.0,-0.0,0,0
58,1.0,1.5485148514851486,0.5117653123531803,1.0,-0.0,0,0
59,1.0,1.5881188118811882,0.5233719932414033,1.0,-0.0,0,0
60,0.0,0.17425742574257425,0.17724708119287327,1.0,-0.0,0,0
61,0.4,0.8475247524752475,0.3911379841624202,1.0,-0.0,0,0
62,0.4,1.2356435643564359,0.48207147048607046,1.0,-0.0,0,0
63,0.4,1.1722772277227724,0.4624769326612945,1.0,-0.0,0,0
64,0.4,2.445544554455446,0.5995914041872987,1.0,-0.0,0,0
65,0.4,2.5801980198019803,0.6201277099354149,1.0,-0.0,0,0
66,0.0,1.9069306930693068,0.5625714345386954,1.0,-0.0,0,0
67,0.0,1.495049504950495,0.4551957989382614,1.0,-0.0,0,0
68,0.6,2.18019801980198,0.5525852475751257,1.0,-0.0,0,0
69,1.4,2.0970297029702967,0.5840207926490687,1.0,-0.0,0,0
70,1.4,1.9633663366336631,0.5777598891926014,1.0,-0.0,0,0
71,1.4,2.015841584158416,0.5948179975017115,1.0,-0.0,0,0
72,3.4,4.033663366336634,0.8103632271673632,1.0,-0.0,0,0
73,2.8,3.4237623762376233,0.7527044986891128,1.0,-0.0,0,0
74,2.2,2.4118811881188122,0.6106784295352001,1.0,-0.0,0,0
75,2.2,2.451485148514851,0.6322384970137187,1.0,-0.0,0,0
76,2.4,3.0376237623762368,0.7476499796753938,1.0,-0.0,0,0
77,0.4,1.0198019801980198,0.4188668830770142,1.0,-0.0,0,0
78,0.4,0.895049504950495,0.4170562175994608,1.0,-0.0,0,0
79,0.2,0.677227722772277,0.34580403885850414,1.0,-0.0,0,0
80,0.2,0.6554455445544554,0.33433108849997,1.0,-0.0,0,0
81,0.0,0.017821782178217824,0.056980176514606566,1.0,-0.0,0,0
82,0.0,0.017821782178217824,0.056980176514606566,1.0,-0.0,0,0
83,0.0,0.017821782178217824,0.056980176514606566,1.0,-0.0,0,0
84,0.2,0.4712871287128714,0.3289156001355786,1.0,-0.0,0,0
85,0.4,0.7702970297029704,0.40137006811088416,1.0,-0.0,0,0
86,0.4,0.7702970297029704,0.40137006811088416,1.0,-0.0,0,0
87,1.2,1.3801980198019805,0.5238886968896658,1.0,-0.0,0,0
88,1.4,1.5148514851485149,0.5349907260441435,1.0,-0.0,0,0
89,2.4,1.841584158415842,0.5342279201241108,0.14794761897380942,0.8298920198568918,0,0
90,3.0,2.0415841584158416,0.5595732685871986,0.043378165038828014,1.3627288232385286,0,0
91,3.6,2.5425742574257426,0.6064580719231019,0.04061364784253736,1.3913280012330351,0,0
92,2.8,1.9326732673267326,0.531224796423199,0.0512668444423363,1.2901634132687143,0,0
93,2.8,1.9960396039603956,0.5801878821808898,0.08292083110734912,1.0813363536654088,0,0
94,1.6,1.2138613861386138,0.5020807601343519,0.22092388977152672,0.6557573188276916,0,0
95,2.8,1.6079207920792078,0.4882141974963411,0.007308870593787783,2.1361497273897183,0,0
96,3.6,2.2534653465346537,0.562801401131846,0.008365705523959682,2.0774974268185264,0,0
97,3.6,2.3366336633663365,0.5781025247858786,0.014430964319464138,1.8407046471026889,0,0
98,3.6,2.366336633663366,0.5406774679062731,0.011253551562097492,1.9487103948499505,0,0
99,4.0,2.666336633663366,0.5472301500948447,0.007402464170544445,2.130623686008571,0,0
100,2.0,1.7940594059405945,0.48047455546691775,0.33410020463221746,0.47612325836182184,0,0
101,0.6,0.6495049504950494,0.26312055828709846,1.0,-0.0,0,0
102,1.0,0.8594059405940594,0.33126765757436744,0.3356325859560321,0.4741358809366659,0,0
103,0.8,0.706930693069307,0.347624876271089,0.3944539114224513,0.4040037330989538,0,0
104,0.4,0.45742574257425744,0.27044024784442044,1.0,-0.0,0,0
105,1.2,0.7297029702970299,0.400382132927301,0.12007330473922108,0.9205535362534306,0,0
106,1.2,0.7584158415841585,0.40522999867760545,0.1379199239039703,0.86037299113722,0,0
107,0.8,0.4633663366336634,0.3195673970276308,0.14607787200855843,0.8354155663546288,0,0
108,1.2,0.5584158415841585,0.332189653194735,0.026718092988957998,1.5731945429752503,0,0
109,1.4,0.5643564356435644,0.3274818892780441,0.005359561865663147,2.2708707116322504,0,0
110,0.6,0.2693069306930693,0.22766249740403607,0.07317320391069689,1.1356479288360426,0,0
111,0.6,0.2415841584158416,0.20550219903555808,0.040571057689178305,1.3917836700727002,0,0
112,1.4,0.9683168316831683,0.40367879915226085,0.14245083668235975,0.8463349955963904,0,0
113,1.0,0.7980198019801981,0.35319761333186706,0.28370782654378346,0.5471286833162616,0,0
114,0.8,0.7425742574257426,0.33577058842339236,0.4321013776090547,0.36441434908553694,0,0
115,0.8,0.7267326732673268,0.3326732673267327,0.41284286460019903,0.3842152171635985,0,0
116,1.4,1.1524752475247524,0.4060420061686396,0.2710621448099373,0.5669311295906228,0,0
117,0.6,0.5326732673267326,0.3137473634905087,0.41504388582900953,0.38190597951516286,0,0
118,0.6,0.5326732673267326,0.3137473634905087,0.41504388582900953,0.38190597951516286,0,0
119,0.6,0.5326732673267326,0.3137473634905087,0.41504388582900953,0.38190597951516286,0,0
120,0.6,0.5326732673267326,0.3137473634905087,0.41504388582900953,0.38190597951516286,0,0
121,0.0,0.10495049504950495,0.13957235791450373,1.0,-0.0,0,0
122,0.0,0.0,0.0,1.0,-0.0,0,0
123,1.6,0.7782178217821781,0.32566883513384204,0.005811841562170616,2.23568623360542,0,0
124,1.6,0.7782178217821781,0.32566883513384204,0.005811841562170616,2.23568623360542,0,0
125,6.0,2.9069306930693064,0.6233504847834144,3.488428695168334e-07,6.457370149741284,0,0
126,6.2,2.942574257425742,0.6282691191440124,1.0814554914677208e-07,6.965991349741054,0,0
127,8.4,3.5762376237623767,0.6762079056427539,4.890765541831653e-13,12.31062315630147,0,0
128,20.6,6.976237623762376,0.8639247898659052,1e-17,17.0,0,0
129,20.8,7.013861386138612,0.8856423191220374,1e-17,17.0,0,0
130,16.8,4.958415841584158,0.8099953950159617,1e-17,17.0,0,0
131,16.6,4.92079207920792,0.8059576226094097,1e-17,17.0,0,0
132,14.4,4.287128712871287,0.7405728805146653,1e-17,17.0,0,0
133,0.6,0.10891089108910887,0.12113245340338318,2.515848579614229e-05,4.599315501150821,0,0
134,0.4,0.0712871287128713,0.09983812012638045,0.000496577698384418,3.3040127887807937,0,0
135,0.0,0.0,0.0,1.0,-0.0,0,0
136,1.0,1.0415841584158416,0.3993230228533379,1.0,-0.0,0,0
137,1.0,1.0415841584158416,0.3993230228533379,1.0,-0.0,0,0
138,1.0,1.0415841584158416,0.3993230228533379,1.0,-0.0,0,0
