,foreground,bg_means,bg_stdev,pvals,minus_logs,regs,active
2,0.0,0.10099009900990098,0.14791959918402453,1.0,-0.0,0,0
3,0.0,0.15247524752475244,0.15707352091130253,1.0,-0.0,0,0
4,0.0,0.15247524752475244,0.15707352091130253,1.0,-0.0,0,0
5,0.0,0.04950495049504951,0.09078727434730813,1.0,-0.0,0,0
6,0.0,0.06930693069306931,0.10316052497133552,1.0,-0.0,0,0
7,0.0,0.06930693069306931,0.10316052497133552,1.0,-0.0,0,0
8,0.0,0.08514851485148513,0.10660014917778038,1.0,-0.0,0,0
9,0.0,0.08514851485148513,0.10660014917778038,1.0,-0.0,0,0
10,0.0,0.1465346534653465,0.14041265664345218,1.0,-0.0,0,0
11,0.0,0.194059405940594,0.1675813868644411,1.0,-0.0,0,0
12,0.0,0.194059405940594,0.1675813868644411,1.0,-0.0,0,0
13,0.0,0.1287128712871287,0.1423540653909816,1.0,-0.0,0,0
14,0.0,0.1287128712871287,0.1423540653909816,1.0,-0.0,0,0
15,0.0,0.08316831683168317,0.11351216354824961,1.0,-0.0,0,0
16,0.0,0.025742574257425745,0.07264925278354115,1.0,-0.0,0,0
17,0.0,0.06534653465346535,0.10189845806153354,1.0,-0.0,0,0
18,0.0,0.06534653465346535,0.10189845806153354,1.0,-0.0,0,0
19,0.0,0.08514851485148514,0.11378818137472192,1.0,-0.0,0,0
20,0.0,0.08910891089108909,0.12097048989545554,1.0,-0.0,0,0
21,0.0,0.07920792079207921,0.11966689053257921,1.0,-0.0,0,0
22,0.0,0.06336633663366337,0.09721138779115704,1.0,-0.0,0,0
23,0.0,0.09306930693069305,0.12448501897427097,1.0,-0.0,0,0
24,0.0,0.07326732673267328,0.1115960618107356,1.0,-0.0,0,0
25,0.0,0.05346534653465347,0.09287951999650357,1.0,-0.0,0,0
26,0.0,0.07524752475247526,0.10845991237726066,1.0,-0.0,0,0
27,0.0,0.05148514851485149,0.096075322540263,1.0,-0.0,0,0
28,0.0,0.021782178217821784,0.06836703565002801,1.0,-0.0,0,0
29,0.0,0.05544554455445545,0.1019369320889802,1.0,-0.0,0,0
30,0.0,0.15841584158415845,0.17870121461668875,1.0,-0.0,0,0
31,0.0,0.13663366336633662,0.15397233406965347,1.0,-0.0,0,0
32,0.0,0.13663366336633662,0.15397233406965347,1.0,-0.0,0,0
33,0.0,0.13663366336633662,0.15397233406965347,1.0,-0.0,0,0
34,0.0,0.100990099009901,0.12781100644043508,1.0,-0.0,0,0
35,0.0,0.007920792079207921,0.03900537743285587,1.0,-0.0,0,0
36,0.0,0.007920792079207921,0.03900537743285587,1.0,-0.0,0,0
37,0.0,0.007920792079207921,0.03900537743285587,1.0,-0.0,0,0
38,0.0,0.019801980198019802,0.059735061897023205,1.0,-0.0,0,0
39,0.0,0.03564356435643565,0.08154954567118415,1.0,-0.0,0,0
40,0.0,0.02772277227722772,0.06910862719451544,1.0,-0.0,0,0
41,0.0,0.02772277227722772,0.06910862719451544,1.0,-0.0,0,0
42,0.0,0.02772277227722772,0.06910862719451544,1.0,-0.0,0,0
43,0.0,0.015841584158415842,0.05401260078014202,1.0,-0.0,0,0
44,0.0,0.0,0.0,1.0,-0.0,0,0
45,0.0,0.0,0.0,1.0,-0.0,0,0
46,0.0,0.01782178217821782,0.05698017651460657,1.0,-0.0,0,0
47,0.0,0.01782178217821782,0.05698017651460657,1.0,-0.0,0,0
48,0.0,0.03564356435643565,0.08154954567118416,1.0,-0.0,0,0
49,0.0,0.03564356435643565,0.08154954567118416,1.0,-0.0,0,0
50,0.0,0.03564356435643565,0.08154954567118416,1.0,-0.0,0,0
51,0.0,0.017821782178217824,0.056980176514606566,1.0,-0.0,0,0
52,0.0,0.017821782178217824,0.056980176514606566,1.0,-0.0,0,0
53,0.0,0.0,0.0,1.0,-0.0,0,0
54,0.0,0.0,0.0,1.0,-0.0,0,0
55,0.0,0.0,0.0,1.0,-0.0,0,0
56,0.0,0.0,0.0,1.0,-0.0,0,0
57,0.0,0.0,0.0,1.0,-0.0,0,0
58,0.0,0.0,0.0,1.0,-0.0,0,0
59,0.0,0.0,0.0,1.0,-0.0,0,0
60,0.0,0.0,0.0,1.0,-0.0,0,0
61,0.0,0.0,0.0,1.0,-0.0,0,0
62,0.0,0.0,0.0,1.0,-0.0,0,0
63,0.0,0.04950495049504951,0.09504950495049506,1.0,-0.0,0,0
64,0.0,0.04950495049504951,0.09504950495049506,1.0,-0.0,0,0
65,0.0,0.04950495049504951,0.09504950495049506,1.0,-0.0,0,0
66,0.0,0.17821782178217818,0.16863104044391106,1.0,-0.0,0,0
67,0.0,0.17821782178217818,0.16863104044391106,1.0,-0.0,0,0
68,0.0,0.2851485148514852,0.23267116072355806,1.0,-0.0,0,0
69,0.0,0.30099009900990104,0.2297200403353468,1.0,-0.0,0,0
70,0.0,0.31287128712871287,0.23108155790390067,1.0,-0.0,0,0
71,0.0,0.1861386138613861,0.1914145896807061,1.0,-0.0,0,0
72,0.0,0.1861386138613861,0.1914145896807061,1.0,-0.0,0,0
73,0.0,0.02772277227722772,0.06910862719451544,1.0,-0.0,0,0
74,0.0,0.011881188118811881,0.047276579747775535,1.0,-0.0,0,0
75,0.0,0.0,0.0,1.0,-0.0,0,0
76,0.0,0.0,0.0,1.0,-0.0,0,0
77,0.0,0.011881188118811883,0.047276579747775535,1.0,-0.0,0,0
78,0.0,0.011881188118811883,0.047276579747775535,1.0,-0.0,0,0
79,0.0,0.021782178217821784,0.06230547612891991,1.0,-0.0,0,0
80,0.0,0.021782178217821784,0.06230547612891991,1.0,-0.0,0,0
81,0.0,0.021782178217821784,0.06230547612891991,1.0,-0.0,0,0
82,0.0,0.009900990099009901,0.04338396495090424,1.0,-0.0,0,0
83,0.0,0.009900990099009901,0.04338396495090424,1.0,-0.0,0,0
84,0.0,0.0,0.0,1.0,-0.0,0,0
85,0.0,0.0,0.0,1.0,-0.0,0,0
86,0.0,0.0,0.0,1.0,-0.0,0,0
87,0.0,0.0,0.0,1.0,-0.0,0,0
88,0.0,0.0,0.0,1.0,-0.0,0,0
89,0.0,0.0,0.0,1.0,-0.0,0,0
90,0.0,0.0,0.0,1.0,-0.0,0,0
91,0.0,0.0,0.0,1.0,-0.0,0,0
92,0.0,0.0,0.0,1.0,-0.0,0,0
93,0.0,0.0,0.0,1.0,-0.0,0,0
94,0.0,0.0,0.0,1.0,-0.0,0,0
95,0.0,0.033663366336633666,0.08475617647141663,1.0,-0.0,0,0
96,0.0,0.17425742574257425,0.19225265211912826,1.0,-0.0,0,0
97,0.0,0.2693069306930693,0.22238249728897364,1.0,-0.0,0,0
98,0.0,0.2693069306930693,0.22238249728897364,1.0,-0.0,0,0
99,0.0,0.2693069306930693,0.22238249728897364,1.0,-0.0,0,0
100,0.0,0.23564356435643566,0.19979403177234753,1.0,-0.0,0,0
101,0.0,0.09504950495049505,0.13377699607171914,1.0,-0.0,0,0
102,0.0,0.007920792079207921,0.03900537743285587,1.0,-0.0,0,0
103,0.0,0.007920792079207921,0.03900537743285587,1.0,-0.0,0,0
104,0.0,0.007920792079207921,0.03900537743285587,1.0,-0.0,0,0
105,0.0,0.007920792079207921,0.03900537743285587,1.0,-0.0,0,0
106,0.0,0.007920792079207921,0.03900537743285587,1.0,-0.0,0,0
107,0.0,0.0,0.0,1.0,-0.0,0,0
108,0.0,0.0,0.0,1.0,-0.0,0,0
109,0.0,0.0,0.0,1.0,-0.0,0,0
110,0.0,0.0,0.0,1.0,-0.0,0,0
111,0.0,0.0871287128712871,0.12077584698595571,1.0,-0.0,0,0
112,0.0,0.0871287128712871,0.12077584698595571,1.0,-0.0,0,0
113,0.0,0.0871287128712871,0.12077584698595571,1.0,-0.0,0,0
114,0.0,0.0871287128712871,0.12077584698595571,1.0,-0.0,0,0
115,0.4,0.10891089108910887,0.13650445892763635,0.016484882575862263,1.782914142050503,0,0
116,0.4,0.025742574257425748,0.0669763743575753,1.1491454260291793e-08,7.93962500723384,0,0
117,0.4,0.025742574257425748,0.0669763743575753,1.1491454260291793e-08,7.93962500723384,0,0
118,0.4,0.03762376237623763,0.07816140339006158,1.773886841056072e-06,5.751074087927284,0,0
119,0.4,0.31485148514851485,0.25693784686429455,0.3701721930234222,0.43159620813864996,0,0
120,0.0,0.38019801980198026,0.27359716068101375,1.0,-0.0,0,0
121,0.0,0.4792079207920792,0.2912305172791594,1.0,-0.0,0,0
122,0.0,0.4792079207920792,0.2912305172791594,1.0,-0.0,0,0
123,0.0,0.46732673267326735,0.2914996767795668,1.0,-0.0,0,0
124,0.0,0.28118811881188116,0.19125063711128137,1.0,-0.0,0,0
125,0.0,0.3306930693069308,0.23787115834368716,1.0,-0.0,0,0
126,0.0,0.22574257425742572,0.1983363806027551,1.0,-0.0,0,0
127,0.0,0.22574257425742572,0.1983363806027551,1.0,-0.0,0,0
128,0.0,0.22574257425742572,0.1983363806027551,1.0,-0.0,0,0
129,0.0,0.1465346534653465,0.15893479355105836,1.0,-0.0,0,0
130,0.0,0.011881188118811881,0.047276579747775535,1.0,-0.0,0,0
131,0.0,0.021782178217821784,0.06230547612891991,1.0,-0.0,0,0
132,0.0,0.021782178217821784,0.06230547612891991,1.0,-0.0,0,0
133,0.0,0.04554455445544555,0.09700949476369022,1.0,-0.0,0,0
134,0.0,0.033663366336633666,0.07994704648786674,1.0,-0.0,0,0
135,0.0,0.22772277227722768,0.2030065169325038,1.0,-0.0,0,0
136,0.0,0.22178217821782176,0.19881030333482985,1.0,-0.0,0,0
137,0.0,0.2574257425742574,0.22574257425742572,1.0,-0.0,0,0
138,0.0,0.23366336633663365,0.2144655931336603,1.0,-0.0,0,0
139,0.0,0.23366336633663365,0.2144655931336603,1.0,-0.0,0,0
140,0.0,0.04752475247524753,0.10205226714237721,1.0,-0.0,0,0
141,0.0,0.04356435643564357,0.09991664009142863,1.0,-0.0,0,0
142,0.0,0.007920792079207921,0.03900537743285587,1.0,-0.0,0,0
143,0.0,0.007920792079207921,0.03900537743285587,1.0,-0.0,0,0
144,0.0,0.1188118811881188,0.16453527190369102,1.0,-0.0,0,0
145,0.8,0.17821782178217818,0.16863104044391106,0.00011335224449333559,3.945569875966052,0,0
146,0.8,0.17821782178217818,0.16863104044391106,0.00011335224449333559,3.945569875966052,0,0
147,0.8,0.17821782178217818,0.16863104044391106,0.00011335224449333559,3.945569875966052,0,0
148,1.6,0.41980198019801984,0.25563735219576766,1.9495594478551686e-06,5.710063517346052,0,0
149,2.4,0.5227722772277229,0.2883483825626518,3.7506289468607897e-11,10.425895898872941,0,0
150,1.8,0.5663366336633663,0.29392436143016987,1.3510944612268211e-05,4.869314286392151,0,0
151,1.8,0.5663366336633663,0.29392436143016987,1.3510944612268211e-05,4.869314286392151,0,0
152,1.8,0.5663366336633663,0.29392436143016987,1.3510944612268211e-05,4.869314286392151,0,0
153,1.0,0.3247524752475247,0.22664402261900196,0.0014443934596385791,2.840314486770623,0,0
154,0.2,0.1089108910891089,0.1503125521928582,0.2722580342286859,0.5650192955218611,0,0
155,0.0,0.0,0.0,1.0,-0.0,0,0
156,0.0,0.0,0.0,1.0,-0.0,0,0
157,0.0,0.0,0.0,1.0,-0.0,0,0
158,0.0,0.0,0.0,1.0,-0.0,0,0
159,0.0,0.0,0.0,1.0,-0.0,0,0
160,0.0,0.0,0.0,1.0,-0.0,0,0
161,0.0,0.0039603960396039604,0.027863855998951064,1.0,-0.0,0,0
162,0.0,0.0039603960396039604,0.027863855998951064,1.0,-0.0,0,0
163,0.0,0.0039603960396039604,0.027863855998951064,1.0,-0.0,0,0
164,0.2,0.13267326732673265,0.19351307213556498,0.3639507831681119,0.4389573417456618,0,0
165,0.2,0.13267326732673265,0.19351307213556498,0.3639507831681119,0.4389573417456618,0,0
166,0.2,0.12871287128712872,0.19001648373695298,0.3537696724552114,0.45127940051022103,0,0
167,0.2,0.13267326732673265,0.1893756865901819,0.36110025257808426,0.4423722077979591,0,0
168,0.6,0.3267326732673268,0.2739122823777862,0.15922567053929948,0.797986913515283,0,0
169,0.4,0.19801980198019803,0.19999019679924912,0.1562595045736241,0.806153556970525,0,0
170,0.6,0.22772277227722776,0.21439244661272866,0.04124401812401271,1.384639030971464,0,0
171,0.6,0.22772277227722776,0.21439244661272866,0.04124401812401271,1.384639030971464,0,0
172,0.6,0.2455445544554456,0.21595963707735688,0.05036714898940748,1.297852631497079,0,0
173,0.2,0.05148514851485149,0.09186070102766893,0.052967229359378705,1.2759927437984668,0,0
174,0.2,0.05148514851485149,0.09186070102766893,0.052967229359378705,1.2759927437984668,0,0
175,0.0,0.021782178217821784,0.06230547612891991,1.0,-0.0,0,0
176,0.0,0.03762376237623763,0.09211646217515253,1.0,-0.0,0,0
177,0.0,0.015841584158415842,0.06090517425437505,1.0,-0.0,0,0
178,0.0,0.0198019801980198,0.06603299802191315,1.0,-0.0,0,0
179,0.0,0.057425742574257435,0.11718356139020585,1.0,-0.0,0,0
180,0.0,0.08514851485148514,0.13886822488939993,1.0,-0.0,0,0
181,0.0,0.06930693069306931,0.11751770396006173,1.0,-0.0,0,0
182,0.0,0.09900990099009901,0.1308729634998678,1.0,-0.0,0,0
183,0.0,0.09504950495049505,0.1277189346265117,1.0,-0.0,0,0
184,0.0,0.20990099009900987,0.22048773589972762,1.0,-0.0,0,0
185,0.0,0.18217821782178217,0.20700410844153636,1.0,-0.0,0,0
186,0.0,0.18217821782178217,0.20700410844153636,1.0,-0.0,0,0
187,0.0,0.15247524752475247,0.18271552276312514,1.0,-0.0,0,0
188,0.0,0.15247524752475247,0.18271552276312514,1.0,-0.0,0,0
189,0.0,0.0,0.0,1.0,-0.0,0,0
190,0.0,0.0,0.0,1.0,-0.0,0,0
191,0.0,0.0,0.0,1.0,-0.0,0,0
192,0.0,0.0,0.0,1.0,-0.0,0,0
193,0.0,0.023762376237623766,0.07597356868614212,1.0,-0.0,0,0
194,0.0,0.023762376237623766,0.07597356868614212,1.0,-0.0,0,0
195,0.0,0.023762376237623766,0.07597356868614212,1.0,-0.0,0,0
196,0.0,0.023762376237623766,0.07597356868614212,1.0,-0.0,0,0
197,0.0,0.023762376237623766,0.07597356868614212,1.0,-0.0,0,0
198,0.0,0.0019801980198019802,0.019801980198019802,1.0,-0.0,0,0
199,0.0,0.0019801980198019802,0.019801980198019802,1.0,-0.0,0,0
200,0.0,0.0019801980198019802,0.019801980198019802,1.0,-0.0,0,0
201,0.0,0.0019801980198019802,0.019801980198019802,1.0,-0.0,0,0
202,0.0,0.0019801980198019802,0.019801980198019802,1.0,-0.0,0,0
203,0.0,0.10891089108910891,0.1503125521928582,1.0,-0.0,0,0
204,0.0,0.10891089108910891,0.1503125521928582,1.0,-0.0,0,0
205,0.0,0.10891089108910891,0.1503125521928582,1.0,-0.0,0,0
206,0.0,0.12871287128712874,0.17481907686608508,1.0,-0.0,0,0
207,0.0,0.12871287128712874,0.17481907686608508,1.0,-0.0,0,0
208,0.0,0.0910891089108911,0.13057300215314485,1.0,-0.0,0,0
209,0.0,0.09900990099009901,0.1308729634998678,1.0,-0.0,0,0
210,0.0,0.10297029702970298,0.13383560593042218,1.0,-0.0,0,0
211,0.0,0.08316831683168316,0.12028786177019754,1.0,-0.0,0,0
212,0.0,0.10891089108910891,0.1503125521928582,1.0,-0.0,0,0
213,0.0,0.03762376237623763,0.08307396817189319,1.0,-0.0,0,0
214,0.2,0.0613861386138614,0.11854756076907538,0.12114784922992496,0.9166842916037904,0,0
215,0.2,0.06336633663366337,0.11233152161332939,0.1119271380917808,0.9510646007408702,0,0
216,0.2,0.06336633663366337,0.11233152161332939,0.1119271380917808,0.9510646007408702,0,0
217,0.2,0.03762376237623762,0.08771182015980238,0.03206701867154286,1.4939414153345645,0,0
218,0.2,0.03762376237623762,0.08771182015980238,0.03206701867154286,1.4939414153345645,0,0
219,0.0,0.06534653465346535,0.10189845806153354,1.0,-0.0,0,0
220,0.0,0.05940594059405942,0.0996808946427978,1.0,-0.0,0,0
221,0.0,0.06732673267326733,0.10255055347504201,1.0,-0.0,0,0
222,0.0,0.06732673267326733,0.10255055347504201,1.0,-0.0,0,0
223,0.0,0.06930693069306931,0.10316052497133552,1.0,-0.0,0,0
224,0.0,0.009900990099009901,0.04338396495090424,1.0,-0.0,0,0
225,0.0,0.009900990099009901,0.04338396495090424,1.0,-0.0,0,0
226,0.0,0.0019801980198019802,0.019801980198019802,1.0,-0.0,0,0
227,0.0,0.04950495049504951,0.09078727434730813,1.0,-0.0,0,0
228,0.0,0.05544554455445545,0.09384550979067553,1.0,-0.0,0,0
229,0.0,0.06534653465346535,0.10571364605971598,1.0,-0.0,0,0
230,0.0,0.10693069306930694,0.13368903310588712,1.0,-0.0,0,0
231,0.2,0.11683168316831684,0.13864214704328154,0.27429390977410517,0.5617838350526443,0,0
232,0.2,0.07722772277227724,0.11593886073904514,0.1448135921514157,0.8391906735026715,0,0
233,0.2,0.09108910891089109,0.12750384183766536,0.19650337127395107,0.7066299943312295,0,0
234,1.0,0.293069306930693,0.23133595036055812,0.0011220733508973222,2.9499787519491054,0,0
235,1.0,0.2514851485148515,0.22454083462278474,0.0004287485854346471,3.3677972998096757,0,0
236,1.0,0.2772277227722772,0.23541881286182223,0.0010697380452177109,2.970722558244349,0,0
237,1.0,0.26930693069306927,0.22238249728897364,0.000508557990920506,3.2936595172726233,0,0
238,1.4,0.34257425742574266,0.25692258519418726,1.929722494404128e-05,4.714505140636918,0,0
239,0.6,0.1287128712871287,0.15046899201198313,0.0008677409066663634,3.0616099287430534,0,0
240,0.8,0.14455445544554454,0.15445544554455448,1.0998617183861776e-05,4.958661913675337,0,0
241,0.8,0.17425742574257425,0.15836632889609667,3.887447345286339e-05,4.41033548035905,0,0
242,1.0,0.36237623762376237,0.2264016780666369,0.0024287228901106817,2.6146220340467345,0,0
243,0.6,0.2811881188118812,0.20905864982525393,0.0636310758611809,1.1963307337396656,0,0
244,0.6,0.2811881188118812,0.20905864982525393,0.0636310758611809,1.1963307337396656,0,0
245,0.4,0.26732673267326734,0.2148492038022787,0.268446530569177,0.5711422045314324,0,0
246,0.2,0.20198019801980197,0.1856112183041662,1.0,-0.0,0,0
247,0.0,0.013861386138613863,0.05079507064705211,1.0,-0.0,0,0
248,0.0,0.0,0.0,1.0,-0.0,0,0
249,0.0,0.0,0.0,1.0,-0.0,0,0
250,0.0,0.0,0.0,1.0,-0.0,0,0
251,0.0,0.0,0.0,1.0,-0.0,0,0
252,0.0,0.0,0.0,1.0,-0.0,0,0
253,0.0,0.0,0.0,1.0,-0.0,0,0
254,0.0,0.0,0.0,1.0,-0.0,0,0
255,0.0,0.07920792079207921,0.11631029826208643,1.0,-0.0,0,0
256,0.6,0.21782178217821782,0.1972062495766079,0.02631392941119444,1.57981429466699,0,0
257,0.6,0.22574257425742575,0.1983363806027551,0.029581290084480186,1.528982889691611,0,0
258,0.6,0.22574257425742575,0.1983363806027551,0.029581290084480186,1.528982889691611,0,0
259,0.6,0.24158415841584158,0.21120461981740005,0.04484761336837921,1.3482606636237289,0,0
260,0.8,0.2831683168316831,0.19953872892927704,0.004796954300474494,2.319034418942127,0,0
261,0.2,0.2554455445544554,0.1972460129099239,1.0,-0.0,0,0
262,0.4,0.3485148514851486,0.23488520953993994,0.4132499290294328,0.3837872123412175,0,0
263,0.4,0.35643564356435653,0.24308896696117085,0.4288857879836491,0.3676583447670846,0,0
264,0.4,0.3386138613861387,0.23164085252894673,0.3955025481332158,0.40285071409644413,0,0
265,0.2,0.3445544554455446,0.27012107572245436,1.0,-0.0,0,0
266,0.2,0.27128712871287125,0.25576003359560506,1.0,-0.0,0,0
267,0.0,0.2396039603960396,0.2162136859778244,1.0,-0.0,0,0
268,0.0,0.2316831683168317,0.21384305018572392,1.0,-0.0,0,0
269,0.0,0.24752475247524755,0.22716246177742552,1.0,-0.0,0,0
270,0.0,0.17029702970297028,0.17436990069505995,1.0,-0.0,0,0
271,0.0,0.1564356435643564,0.15312962320143525,1.0,-0.0,0,0
272,0.0,0.08712871287128712,0.13618810981425267,1.0,-0.0,0,0
273,0.0,0.09504950495049505,0.13670539084430267,1.0,-0.0,0,0
274,0.0,0.08712871287128712,0.13324834725751067,1.0,-0.0,0,0
275,0.0,0.03762376237623763,0.08307396817189318,1.0,-0.0,0,0
276,0.0,0.0297029702970297,0.07112192077650681,1.0,-0.0,0,0
277,0.0,0.0297029702970297,0.07112192077650681,1.0,-0.0,0,0
278,0.0,0.031683168316831684,0.07826167463512675,1.0,-0.0,0,0
279,0.0,0.025742574257425745,0.07791016068477624,1.0,-0.0,0,0
280,0.2,0.039603960396039604,0.0890869059738772,0.03589523119581593,1.4449632450960648,0,0
281,0.2,0.100990099009901,0.1308729634998678,0.224664423059998,0.6484656952356531,0,0
282,0.2,0.10693069306930694,0.13069306930693073,0.23819485997038675,0.6230676144341945,0,0
283,0.2,0.10891089108910891,0.13937555924568534,0.2567003926389666,0.5905734670480496,0,0
284,0.4,0.194059405940594,0.18974802582007907,0.13888616428802475,0.8573410161245036,0,0
285,0.2,0.19207920792079203,0.1865174152763028,0.483063300975889,0.31599595524598045,0,0
286,0.2,0.11485148514851487,0.14984225277142665,0.28493112915219765,0.5452601008465132,0,0
287,0.2,0.17029702970297028,0.17885474744676658,0.434049694162681,0.36246054545261197,0,0
288,0.2,0.40198019801980206,0.2849284078986922,1.0,-0.0,0,0
289,0.0,0.3475247524752476,0.2694306646443224,1.0,-0.0,0,0
290,0.0,0.3356435643564358,0.2638572065130675,1.0,-0.0,0,0
291,0.0,0.4059405940594061,0.29712209784092075,1.0,-0.0,0,0
292,0.0,0.3455445544554457,0.2638349140585579,1.0,-0.0,0,0
293,0.0,0.1603960396039604,0.14897618117864575,1.0,-0.0,0,0
294,0.2,0.3603960396039604,0.23550207916544172,1.0,-0.0,0,0
295,0.2,0.3603960396039604,0.23550207916544172,1.0,-0.0,0,0
296,0.2,0.30297029702970296,0.24634172736766713,1.0,-0.0,0,0
297,0.2,0.30297029702970296,0.24634172736766713,1.0,-0.0,0,0
298,0.2,0.3247524752475249,0.2499132287411248,1.0,-0.0,0,0
299,0.0,0.12673267326732673,0.15851482056387722,1.0,-0.0,0,0
300,0.0,0.12673267326732673,0.15851482056387722,1.0,-0.0,0,0
301,0.8,0.2871287128712871,0.2378381870831027,0.015526711027920657,1.808920529699599,0,0
302,0.8,0.2871287128712871,0.2378381870831027,0.015526711027920657,1.808920529699599,0,0
303,0.8,0.30891089108910896,0.23801947249610647,0.019545352124999003,1.708956501002189,0,0
304,0.8,0.27524752475247527,0.21590515913566752,0.007539486181999232,2.1226582504068934,0,0
305,0.8,0.27524752475247527,0.21590515913566752,0.007539486181999232,2.1226582504068934,0,0
306,0.0,0.1287128712871287,0.16550949460567813,1.0,-0.0,0,0
307,0.0,0.1287128712871287,0.16550949460567813,1.0,-0.0,0,0
308,0.0,0.02772277227722772,0.06910862719451544,1.0,-0.0,0,0
309,0.0,0.04950495049504951,0.09504950495049506,1.0,-0.0,0,0
310,0.0,0.12277227722772277,0.14342430861173722,1.0,-0.0,0,0
311,0.0,0.09504950495049506,0.1277189346265117,1.0,-0.0,0,0
312,0.0,0.09504950495049506,0.1277189346265117,1.0,-0.0,0,0
313,0.0,0.09504950495049506,0.1277189346265117,1.0,-0.0,0,0
314,0.0,0.07326732673267326,0.11509022642946842,1.0,-0.0,0,0
315,0.2,0.0019801980198019802,0.0198019801980198,1.0000007619853025e-17,16.999999669074114,0,0
316,0.2,0.0019801980198019802,0.0198019801980198,1.0000007619853025e-17,16.999999669074114,0,0
317,0.2,0.0019801980198019802,0.0198019801980198,1.0000007619853025e-17,16.999999669074114,0,0
318,0.2,0.0019801980198019802,0.0198019801980198,1.0000007619853025e-17,16.999999669074114,0,0
319,0.2,0.04752475247524753,0.09809478080396702,0.06004850186537829,1.2214978232271951,0,0
320,0.0,0.04554455445544555,0.09700949476369022,1.0,-0.0,0,0
321,0.0,0.0811881188118812,0.12642288870900886,1.0,-0.0,0,0
322,0.0,0.0811881188118812,0.12642288870900886,1.0,-0.0,0,0
323,0.0,0.0811881188118812,0.12642288870900886,1.0,-0.0,0,0
324,0.0,0.03564356435643565,0.08154954567118415,1.0,-0.0,0,0
325,0.0,0.03564356435643565,0.08154954567118415,1.0,-0.0,0,0
326,0.0,0.0,0.0,1.0,-0.0,0,0
327,0.0,0.0,0.0,1.0,-0.0,0,0
328,0.0,0.0059405940594059415,0.03395332316729157,1.0,-0.0,0,0
329,0.0,0.0297029702970297,0.07648795214189293,1.0,-0.0,0,0
330,0.0,0.05346534653465347,0.10489443673781407,1.0,-0.0,0,0
331,0.0,0.06534653465346535,0.1164113937164283,1.0,-0.0,0,0
332,0.0,0.07524752475247524,0.1189108498693262,1.0,-0.0,0,0
333,0.0,0.0712871287128713,0.11801714396634724,1.0,-0.0,0,0
334,0.0,0.04752475247524753,0.08965727859541997,1.0,-0.0,0,0
335,0.0,0.05346534653465347,0.10104832334394513,1.0,-0.0,0,0
336,0.0,0.041584158415841586,0.08590499787518362,1.0,-0.0,0,0
337,0.0,0.12376237623762373,0.14566237569586526,1.0,-0.0,0,0
338,0.0,0.2099009900990099,0.18748198619476633,1.0,-0.0,0,0
339,0.0,0.21782178217821782,0.1951876678075502,1.0,-0.0,0,0
340,0.0,0.22772277227722773,0.2010461805385672,1.0,-0.0,0,0
341,0.0,0.2693069306930693,0.21514101949371997,1.0,-0.0,0,0
342,0.0,0.47722772277227726,0.265464729106834,1.0,-0.0,0,0
343,0.0,0.41188118811881197,0.27260646161351326,1.0,-0.0,0,0
344,0.0,0.403960396039604,0.2713810634510875,1.0,-0.0,0,0
345,0.0,0.4772277227722773,0.31712857376899173,1.0,-0.0,0,0
346,0.0,0.43564356435643564,0.2970429039970794,1.0,-0.0,0,0
347,0.0,0.13465346534653466,0.16436836411443276,1.0,-0.0,0,0
348,0.0,0.11287128712871286,0.14188502271424044,1.0,-0.0,0,0
349,0.0,0.11287128712871286,0.14188502271424044,1.0,-0.0,0,0
350,0.0,0.009900990099009901,0.04338396495090425,1.0,-0.0,0,0
351,0.0,0.24752475247524755,0.21461181138356472,1.0,-0.0,0,0
352,0.0,0.24752475247524755,0.21461181138356472,1.0,-0.0,0,0
353,0.0,0.24752475247524755,0.21461181138356472,1.0,-0.0,0,0
354,0.0,0.2891089108910892,0.2345845242753812,1.0,-0.0,0,0
355,0.0,0.27920792079207923,0.23727697467208717,1.0,-0.0,0,0
356,0.0,0.041584158415841586,0.0859049978751836,1.0,-0.0,0,0
357,0.0,0.06336633663366337,0.10874875419996817,1.0,-0.0,0,0
358,0.0,0.09306930693069307,0.12762679639066948,1.0,-0.0,0,0
359,0.0,0.051485148514851475,0.09186070102766893,1.0,-0.0,0,0
360,0.0,0.051485148514851475,0.09186070102766893,1.0,-0.0,0,0
361,0.0,0.051485148514851475,0.09186070102766893,1.0,-0.0,0,0
362,0.0,0.0297029702970297,0.07112192077650681,1.0,-0.0,0,0
363,0.0,0.0,0.0,1.0,-0.0,0,0
364,0.0,0.05148514851485149,0.11134982906542217,1.0,-0.0,0,0
365,0.0,0.05148514851485149,0.11134982906542217,1.0,-0.0,0,0
366,0.0,0.05148514851485149,0.11134982906542217,1.0,-0.0,0,0
367,0.0,0.11485148514851483,0.16252106557372825,1.0,-0.0,0,0
368,0.0,0.11485148514851483,0.16252106557372825,1.0,-0.0,0,0
