,foreground,bg_means,bg_stdev,pvals,minus_logs,regs,active
2,0.0,0.0,0.0,1.0,-0.0,0,0
3,0.0,0.0613861386138614,0.1185475607690754,1.0,-0.0,0,0
4,0.0,0.0613861386138614,0.1185475607690754,1.0,-0.0,0,0
5,0.0,0.0613861386138614,0.1185475607690754,1.0,-0.0,0,0
6,0.0,0.0613861386138614,0.1185475607690754,1.0,-0.0,0,0
7,0.0,0.11683168316831682,0.15483578457286823,1.0,-0.0,0,0
8,0.0,0.05544554455445544,0.09384550979067553,1.0,-0.0,0,0
9,0.0,0.05544554455445544,0.09384550979067553,1.0,-0.0,0,0
10,0.0,0.05544554455445544,0.09384550979067553,1.0,-0.0,0,0
11,0.0,0.05544554455445544,0.09384550979067553,1.0,-0.0,0,0
12,0.0,0.0,0.0,1.0,-0.0,0,0
13,0.0,0.1089108910891089,0.16050601290423325,1.0,-0.0,0,0
14,0.0,0.1089108910891089,0.16050601290423325,1.0,-0.0,0,0
15,0.0,0.22376237623762374,0.22211785064364253,1.0,-0.0,0,0
16,0.0,0.22376237623762374,0.22211785064364253,1.0,-0.0,0,0
17,0.0,0.22376237623762374,0.22211785064364253,1.0,-0.0,0,0
18,0.0,0.28118811881188116,0.2597458282713736,1.0,-0.0,0,0
19,0.0,0.28118811881188116,0.2597458282713736,1.0,-0.0,0,0
20,0.0,0.16831683168316827,0.19847472496357746,1.0,-0.0,0,0
21,0.0,0.16831683168316827,0.19847472496357746,1.0,-0.0,0,0
22,0.0,0.16831683168316827,0.19847472496357746,1.0,-0.0,0,0
23,0.0,0.0,0.0,1.0,-0.0,0,0
24,0.0,0.031683168316831684,0.07302609471123078,1.0,-0.0,0,0
25,0.0,0.031683168316831684,0.07302609471123078,1.0,-0.0,0,0
26,0.0,0.031683168316831684,0.07302609471123078,1.0,-0.0,0,0
27,0.0,0.031683168316831684,0.07302609471123078,1.0,-0.0,0,0
28,0.0,0.06534653465346535,0.10571364605971598,1.0,-0.0,0,0
29,0.0,0.033663366336633666,0.07994704648786674,1.0,-0.0,0,0
30,0.0,0.05346534653465347,0.09704990696905226,1.0,-0.0,0,0
31,0.0,0.05346534653465347,0.09704990696905226,1.0,-0.0,0,0
32,0.0,0.05346534653465347,0.09704990696905226,1.0,-0.0,0,0
33,0.0,0.019801980198019802,0.0597350618970232,1.0,-0.0,0,0
34,0.0,0.019801980198019802,0.0597350618970232,1.0,-0.0,0,0
35,0.0,0.0,0.0,1.0,-0.0,0,0
36,0.0,0.0,0.0,1.0,-0.0,0,0
37,0.0,0.0,0.0,1.0,-0.0,0,0
38,0.0,0.03762376237623763,0.08771182015980238,1.0,-0.0,0,0
39,0.0,0.03762376237623763,0.08771182015980238,1.0,-0.0,0,0
40,0.0,0.03762376237623763,0.08771182015980238,1.0,-0.0,0,0
41,0.0,0.03762376237623763,0.08771182015980238,1.0,-0.0,0,0
42,0.0,0.08316831683168316,0.12670172889541695,1.0,-0.0,0,0
43,0.0,0.04554455445544555,0.09700949476369024,1.0,-0.0,0,0
44,0.0,0.04554455445544555,0.09700949476369024,1.0,-0.0,0,0
45,0.0,0.10495049504950495,0.13957235791450373,1.0,-0.0,0,0
46,0.0,0.12277227722772277,0.15407416763506465,1.0,-0.0,0,0
47,0.0,0.07722772277227724,0.12576985749069639,1.0,-0.0,0,0
48,0.0,0.07722772277227724,0.12576985749069639,1.0,-0.0,0,0
49,0.0,0.07722772277227724,0.12576985749069639,1.0,-0.0,0,0
50,0.0,0.017821782178217824,0.05698017651460656,1.0,-0.0,0,0
51,0.0,0.0,0.0,1.0,-0.0,0,0
52,0.0,0.0,0.0,1.0,-0.0,0,0
53,0.0,0.017821782178217824,0.05698017651460656,1.0,-0.0,0,0
54,0.0,0.039603960396039604,0.09342674148186496,1.0,-0.0,0,0
55,0.0,0.06336633663366337,0.11917436454123627,1.0,-0.0,0,0
56,0.0,0.06336633663366337,0.11917436454123627,1.0,-0.0,0,0
57,0.0,0.06336633663366337,0.11917436454123627,1.0,-0.0,0,0
58,0.0,0.04554455445544554,0.09700949476369022,1.0,-0.0,0,0
59,0.0,0.07524752475247526,0.12851469892742934,1.0,-0.0,0,0
60,0.0,0.051485148514851496,0.10399339410297731,1.0,-0.0,0,0
61,0.0,0.06534653465346535,0.10939585993610405,1.0,-0.0,0,0
62,0.0,0.06534653465346535,0.10939585993610405,1.0,-0.0,0,0
63,0.0,0.06534653465346535,0.10939585993610405,1.0,-0.0,0,0
64,0.0,0.097029702970297,0.12142344330103676,1.0,-0.0,0,0
65,0.0,0.097029702970297,0.12142344330103676,1.0,-0.0,0,0
66,0.0,0.10297029702970295,0.13084299831035082,1.0,-0.0,0,0
67,0.0,0.10297029702970295,0.13084299831035082,1.0,-0.0,0,0
68,0.0,0.1742574257425742,0.16569891898195668,1.0,-0.0,0,0
69,0.0,0.08910891089108909,0.13342479626077636,1.0,-0.0,0,0
70,0.0,0.08910891089108909,0.13342479626077636,1.0,-0.0,0,0
71,0.0,0.06930693069306931,0.11751770396006171,1.0,-0.0,0,0
72,0.0,0.06930693069306931,0.11751770396006171,1.0,-0.0,0,0
73,0.0,0.0,0.0,1.0,-0.0,0,0
74,0.0,0.0,0.0,1.0,-0.0,0,0
75,0.0,0.0,0.0,1.0,-0.0,0,0
76,0.0,0.0,0.0,1.0,-0.0,0,0
77,0.2,0.017821782178217824,0.056980176514606566,0.0006937928196726553,3.15877019915046,0,0
78,0.2,0.017821782178217824,0.056980176514606566,0.0006937928196726553,3.15877019915046,0,0
79,0.2,0.017821782178217824,0.056980176514606566,0.0006937928196726553,3.15877019915046,0,0
80,0.2,0.017821782178217824,0.056980176514606566,0.0006937928196726553,3.15877019915046,0,0
81,0.2,0.017821782178217824,0.056980176514606566,0.0006937928196726553,3.15877019915046,0,0
82,0.0,0.0,0.0,1.0,-0.0,0,0
83,0.0,0.0,0.0,1.0,-0.0,0,0
84,0.0,0.0,0.0,1.0,-0.0,0,0
85,0.0,0.0,0.0,1.0,-0.0,0,0
86,0.0,0.0,0.0,1.0,-0.0,0,0
87,0.0,0.007920792079207921,0.03900537743285587,1.0,-0.0,0,0
88,0.0,0.007920792079207921,0.03900537743285587,1.0,-0.0,0,0
89,0.0,0.007920792079207921,0.03900537743285587,1.0,-0.0,0,0
90,0.0,0.007920792079207921,0.03900537743285587,1.0,-0.0,0,0
91,0.0,0.007920792079207921,0.03900537743285587,1.0,-0.0,0,0
92,0.0,0.01782178217821782,0.05698017651460657,1.0,-0.0,0,0
93,0.0,0.03762376237623763,0.07816140339006158,1.0,-0.0,0,0
94,0.0,0.03762376237623763,0.07816140339006158,1.0,-0.0,0,0
95,0.0,0.03762376237623763,0.07816140339006158,1.0,-0.0,0,0
96,0.0,0.03762376237623763,0.07816140339006158,1.0,-0.0,0,0
97,0.0,0.019801980198019802,0.059735061897023205,1.0,-0.0,0,0
98,0.0,0.0,0.0,1.0,-0.0,0,0
99,0.0,0.0,0.0,1.0,-0.0,0,0
100,0.0,0.0,0.0,1.0,-0.0,0,0
101,0.0,0.0,0.0,1.0,-0.0,0,0
102,0.0,0.0,0.0,1.0,-0.0,0,0
103,0.0,0.0,0.0,1.0,-0.0,0,0
104,0.0,0.027722772277227727,0.07461957893630407,1.0,-0.0,0,0
105,0.0,0.05544554455445545,0.11299281281336322,1.0,-0.0,0,0
106,0.0,0.0891089108910891,0.1420507440353343,1.0,-0.0,0,0
107,0.0,0.0891089108910891,0.1420507440353343,1.0,-0.0,0,0
108,0.0,0.0891089108910891,0.1420507440353343,1.0,-0.0,0,0
109,0.0,0.061386138613861385,0.1080614942545921,1.0,-0.0,0,0
110,0.2,0.12673267326732673,0.13415750246300454,0.2924885716683271,0.533891098328282,0,0
111,0.2,0.0910891089108911,0.11781762202489916,0.1776384260682664,0.7504630834655707,0,0
112,0.6,0.20792079207920797,0.18438185104134305,0.016732809228762136,1.7764311403209296,0,0
113,0.8,0.2732673267326733,0.19644921703344012,0.003667205749694915,2.4356647231317243,0,0
114,1.0,0.3445544554455446,0.20318028258820844,0.0006278184185139125,3.2021659474100757,0,0
115,1.0,0.3287128712871287,0.21356782198356852,0.0008355480486097926,3.078028570730382,0,0
116,1.0,0.3287128712871287,0.21356782198356852,0.0008355480486097926,3.078028570730382,0,0
117,0.6,0.21188118811881188,0.19664871867623296,0.024209889419112184,1.6160071942335692,0,0
118,0.4,0.1465346534653465,0.1686077858012515,0.06638294280939351,1.1779434988760127,0,0
119,0.2,0.09702970297029703,0.14789308791950762,0.24313670183766478,0.6141494788264512,0,0
120,0.0,0.021782178217821784,0.06836703565002801,1.0,-0.0,0,0
121,0.0,0.021782178217821784,0.06836703565002801,1.0,-0.0,0,0
122,0.0,0.021782178217821784,0.06836703565002801,1.0,-0.0,0,0
123,0.0,0.021782178217821784,0.06836703565002801,1.0,-0.0,0,0
124,0.0,0.0,0.0,1.0,-0.0,0,0
125,0.0,0.011881188118811883,0.047276579747775535,1.0,-0.0,0,0
126,0.0,0.04356435643564357,0.09587103712404124,1.0,-0.0,0,0
127,0.0,0.09702970297029702,0.1396285351588451,1.0,-0.0,0,0
128,0.0,0.13267326732673268,0.16477341831853246,1.0,-0.0,0,0
129,0.0,0.13267326732673268,0.16477341831853246,1.0,-0.0,0,0
130,0.0,0.12079207920792079,0.1618683193480064,1.0,-0.0,0,0
131,0.0,0.0891089108910891,0.13042276277287215,1.0,-0.0,0,0
132,0.0,0.03564356435643565,0.08154954567118416,1.0,-0.0,0,0
133,0.0,0.0,0.0,1.0,-0.0,0,0
134,0.0,0.0,0.0,1.0,-0.0,0,0
135,0.0,0.0,0.0,1.0,-0.0,0,0
136,0.0,0.0,0.0,1.0,-0.0,0,0
137,0.0,0.0,0.0,1.0,-0.0,0,0
138,0.0,0.0,0.0,1.0,-0.0,0,0
139,0.0,0.0,0.0,1.0,-0.0,0,0
140,0.0,0.0,0.0,1.0,-0.0,0,0
141,0.0,0.0,0.0,1.0,-0.0,0,0
142,0.0,0.04554455445544554,0.10485704788018795,1.0,-0.0,0,0
143,0.0,0.04554455445544554,0.10485704788018795,1.0,-0.0,0,0
144,0.0,0.06930693069306931,0.11751770396006173,1.0,-0.0,0,0
145,0.0,0.06930693069306931,0.11751770396006173,1.0,-0.0,0,0
146,0.0,0.08118811881188118,0.1264228887090089,1.0,-0.0,0,0
147,0.0,0.03564356435643565,0.08626938974571076,1.0,-0.0,0,0
148,0.0,0.03564356435643565,0.08626938974571076,1.0,-0.0,0,0
149,0.0,0.011881188118811883,0.047276579747775535,1.0,-0.0,0,0
150,0.0,0.011881188118811883,0.047276579747775535,1.0,-0.0,0,0
151,0.0,0.0,0.0,1.0,-0.0,0,0
152,0.0,0.0,0.0,1.0,-0.0,0,0
153,0.0,0.0,0.0,1.0,-0.0,0,0
154,0.0,0.0,0.0,1.0,-0.0,0,0
155,0.0,0.021782178217821784,0.06230547612891991,1.0,-0.0,0,0
156,0.0,0.021782178217821784,0.06230547612891991,1.0,-0.0,0,0
157,0.0,0.021782178217821784,0.06230547612891991,1.0,-0.0,0,0
158,0.0,0.021782178217821784,0.06230547612891991,1.0,-0.0,0,0
159,0.0,0.04752475247524753,0.09397077637785879,1.0,-0.0,0,0
160,0.0,0.04554455445544555,0.08846854615322249,1.0,-0.0,0,0
161,0.0,0.06930693069306931,0.10693069306930696,1.0,-0.0,0,0
162,0.0,0.06930693069306931,0.10693069306930696,1.0,-0.0,0,0
163,0.0,0.08316831683168316,0.12670172889541695,1.0,-0.0,0,0
164,0.0,0.05742574257425742,0.11021718851545143,1.0,-0.0,0,0
165,0.0,0.06336633663366337,0.11917436454123627,1.0,-0.0,0,0
166,0.0,0.039603960396039604,0.09342674148186494,1.0,-0.0,0,0
167,0.0,0.039603960396039604,0.09342674148186494,1.0,-0.0,0,0
168,0.0,0.025742574257425745,0.08283762638951243,1.0,-0.0,0,0
169,0.0,0.025742574257425745,0.08283762638951243,1.0,-0.0,0,0
170,0.0,0.0,0.0,1.0,-0.0,0,0
171,0.0,0.0,0.0,1.0,-0.0,0,0
172,0.0,0.0,0.0,1.0,-0.0,0,0
173,0.0,0.0,0.0,1.0,-0.0,0,0
174,0.0,0.0,0.0,1.0,-0.0,0,0
175,0.2,0.0297029702970297,0.07112192077650681,0.008322928729312118,2.079723824290396,0,0
176,0.2,0.0297029702970297,0.07112192077650681,0.008322928729312118,2.079723824290396,0,0
177,0.2,0.06534653465346535,0.1164113937164283,0.12369676173807938,0.9076416696327345,0,0
178,0.2,0.08712871287128714,0.13618810981425267,0.20361174109044733,0.6911971824071221,0,0
179,0.2,0.08712871287128714,0.13618810981425267,0.20361174109044733,0.6911971824071221,0,0
180,0.0,0.07920792079207922,0.11285391563386142,1.0,-0.0,0,0
181,0.0,0.07920792079207922,0.11285391563386142,1.0,-0.0,0,0
182,0.0,0.04356435643564357,0.08255312311158747,1.0,-0.0,0,0
183,0.0,0.021782178217821784,0.062305476128919915,1.0,-0.0,0,0
184,0.0,0.021782178217821784,0.062305476128919915,1.0,-0.0,0,0
185,0.0,0.0,0.0,1.0,-0.0,0,0
186,0.0,0.0,0.0,1.0,-0.0,0,0
187,0.0,0.015841584158415842,0.05401260078014202,1.0,-0.0,0,0
188,0.0,0.015841584158415842,0.05401260078014202,1.0,-0.0,0,0
189,0.0,0.015841584158415842,0.05401260078014202,1.0,-0.0,0,0
190,0.0,0.031683168316831684,0.0730260947112308,1.0,-0.0,0,0
191,0.0,0.031683168316831684,0.0730260947112308,1.0,-0.0,0,0
192,0.0,0.015841584158415842,0.054012600780142014,1.0,-0.0,0,0
193,0.0,0.015841584158415842,0.054012600780142014,1.0,-0.0,0,0
194,0.0,0.015841584158415842,0.054012600780142014,1.0,-0.0,0,0
195,0.0,0.0,0.0,1.0,-0.0,0,0
196,0.0,0.0,0.0,1.0,-0.0,0,0
197,0.0,0.0,0.0,1.0,-0.0,0,0
198,0.0,0.007920792079207921,0.03900537743285587,1.0,-0.0,0,0
199,0.2,0.100990099009901,0.15057319492752774,0.25541260604362737,0.5927576716768348,0,0
200,0.2,0.11089108910891088,0.16038381569359675,0.289242884329322,0.5387373163330751,0,0
201,0.6,0.19801980198019803,0.22426125059575647,0.036529342671093264,1.437358142649443,0,0
202,0.6,0.22376237623762374,0.24093403840404162,0.05919355635651354,1.2277255667757132,0,0
203,0.6,0.2158415841584158,0.23324345555210438,0.049776183379675536,1.3029784062547691,0,0
204,0.4,0.12079207920792079,0.1666898653919601,0.046965705581258274,1.3282191487294008,0,0
205,0.4,0.11089108910891088,0.16283441756692102,0.03790950515301169,1.4212518845453155,0,0
206,0.0,0.03762376237623763,0.07816140339006158,1.0,-0.0,0,0
207,0.0,0.011881188118811883,0.047276579747775535,1.0,-0.0,0,0
208,0.2,0.0297029702970297,0.07112192077650681,0.008322928729312118,2.079723824290396,0,0
209,0.2,0.0297029702970297,0.07112192077650681,0.008322928729312118,2.079723824290396,0,0
210,0.2,0.0297029702970297,0.07112192077650681,0.008322928729312118,2.079723824290396,0,0
211,0.2,0.025742574257425745,0.0669763743575753,0.0046371400013480064,2.3337497919853587,0,0
212,0.2,0.025742574257425745,0.0669763743575753,0.0046371400013480064,2.3337497919853587,0,0
213,0.0,0.007920792079207921,0.03900537743285587,1.0,-0.0,0,0
214,0.4,0.039603960396039604,0.08452453849668534,1.0048801267895168e-05,4.9978857426005865,0,0
215,0.6,0.05544554455445545,0.09797478714338997,1.3635725730303954e-08,7.865321742777076,0,0
216,0.6,0.04752475247524753,0.09397077637785879,2.060970822230585e-09,8.685928156611835,0,0
217,0.6,0.04752475247524753,0.09397077637785879,2.060970822230585e-09,8.685928156611835,0,0
218,0.6,0.04752475247524753,0.09397077637785879,2.060970822230585e-09,8.685928156611835,0,0
219,0.2,0.015841584158415842,0.06090517425437505,0.0012485575013819572,2.9035914517444867,0,0
220,0.0,0.1277227722772277,0.14496077440151445,1.0,-0.0,0,0
221,0.0,0.1584158415841584,0.17421241542909127,1.0,-0.0,0,0
222,0.0,0.1584158415841584,0.17421241542909127,1.0,-0.0,0,0
223,0.0,0.21386138613861383,0.18295143702892827,1.0,-0.0,0,0
224,0.0,0.22574257425742575,0.1943017278738389,1.0,-0.0,0,0
225,0.0,0.12376237623762375,0.13726357881681878,1.0,-0.0,0,0
226,0.0,0.09306930693069305,0.12448501897427097,1.0,-0.0,0,0
227,0.0,0.09306930693069305,0.12448501897427097,1.0,-0.0,0,0
228,0.0,0.03762376237623763,0.07816140339006158,1.0,-0.0,0,0
229,0.0,0.025742574257425748,0.0669763743575753,1.0,-0.0,0,0
230,0.0,0.0,0.0,1.0,-0.0,0,0
231,0.0,0.0,0.0,1.0,-0.0,0,0
232,0.0,0.0,0.0,1.0,-0.0,0,0
233,0.0,0.0,0.0,1.0,-0.0,0,0
234,0.0,0.0,0.0,1.0,-0.0,0,0
235,0.0,0.0,0.0,1.0,-0.0,0,0
236,0.0,0.0,0.0,1.0,-0.0,0,0
237,0.0,0.0,0.0,1.0,-0.0,0,0
238,0.0,0.0,0.0,1.0,-0.0,0,0
239,0.0,0.0,0.0,1.0,-0.0,0,0
240,0.0,0.0,0.0,1.0,-0.0,0,0
241,0.0,0.0,0.0,1.0,-0.0,0,0
242,0.0,0.0,0.0,1.0,-0.0,0,0
243,0.0,0.0,0.0,1.0,-0.0,0,0
244,0.0,0.0,0.0,1.0,-0.0,0,0
245,0.0,0.0,0.0,1.0,-0.0,0,0
246,0.0,0.04554455445544555,0.08387254884969257,1.0,-0.0,0,0
247,0.2,0.12475247524752472,0.1345369326848557,0.287975915318405,0.5406438326633528,0,0
248,0.4,0.19207920792079206,0.1614802616861395,0.0989439060677433,1.0046109487304606,0,0
249,1.0,0.2613861386138614,0.19648913356682646,8.527747618873977e-05,4.069165661196523,0,0
250,1.0,0.2613861386138614,0.19648913356682646,8.527747618873977e-05,4.069165661196523,0,0
251,1.0,0.21584158415841584,0.1860121753000773,1.2454119697284028e-05,4.904686964564503,0,0
252,0.8,0.1386138613861386,0.15856428688449584,1.5157209412651054e-05,4.819380749115881,0,0
253,0.6,0.06930693069306931,0.12407485305204392,9.462900864611082e-06,5.023975709647634,0,0
254,0.0,0.0,0.0,1.0,-0.0,0,0
255,0.0,0.0,0.0,1.0,-0.0,0,0
256,0.0,0.0,0.0,1.0,-0.0,0,0
257,0.0,0.0,0.0,1.0,-0.0,0,0
258,0.0,0.0,0.0,1.0,-0.0,0,0
259,0.2,0.019801980198019802,0.06603299802191315,0.003177215148072976,2.4979533755231182,0,0
260,0.2,0.05544554455445544,0.11299281281336322,0.10039143277323,0.9983033475303007,0,0
261,0.2,0.05544554455445544,0.11299281281336322,0.10039143277323,0.9983033475303007,0,0
262,0.2,0.05544554455445544,0.11299281281336322,0.10039143277323,0.9983033475303007,0,0
263,0.2,0.05544554455445544,0.11299281281336322,0.10039143277323,0.9983033475303007,0,0
264,0.0,0.03564356435643565,0.08626938974571076,1.0,-0.0,0,0
265,0.0,0.0,0.0,1.0,-0.0,0,0
266,0.0,0.0,0.0,1.0,-0.0,0,0
267,0.0,0.011881188118811883,0.047276579747775535,1.0,-0.0,0,0
268,0.0,0.011881188118811883,0.047276579747775535,1.0,-0.0,0,0
269,0.0,0.031683168316831684,0.0730260947112308,1.0,-0.0,0,0
270,0.0,0.031683168316831684,0.0730260947112308,1.0,-0.0,0,0
271,0.0,0.031683168316831684,0.0730260947112308,1.0,-0.0,0,0
272,0.0,0.10693069306930691,0.12762679639066946,1.0,-0.0,0,0
273,0.0,0.13861386138613857,0.1427941099193659,1.0,-0.0,0,0
274,0.0,0.1168316831683168,0.13864214704328154,1.0,-0.0,0,0
275,0.0,0.1168316831683168,0.13864214704328154,1.0,-0.0,0,0
276,0.0,0.1168316831683168,0.13864214704328154,1.0,-0.0,0,0
277,0.0,0.0297029702970297,0.07648795214189293,1.0,-0.0,0,0
278,0.0,0.0,0.0,1.0,-0.0,0,0
279,0.0,0.0,0.0,1.0,-0.0,0,0
280,0.0,0.0,0.0,1.0,-0.0,0,0
281,0.0,0.0,0.0,1.0,-0.0,0,0
282,0.0,0.0,0.0,1.0,-0.0,0,0
283,0.0,0.011881188118811883,0.04727657974777554,1.0,-0.0,0,0
284,0.0,0.011881188118811883,0.04727657974777554,1.0,-0.0,0,0
285,0.0,0.011881188118811883,0.04727657974777554,1.0,-0.0,0,0
286,0.0,0.057425742574257435,0.09885135821266286,1.0,-0.0,0,0
287,0.0,0.07326732673267328,0.11509022642946842,1.0,-0.0,0,0
288,0.0,0.0613861386138614,0.10433219700847123,1.0,-0.0,0,0
289,0.0,0.0613861386138614,0.10433219700847123,1.0,-0.0,0,0
290,0.0,0.0613861386138614,0.10433219700847123,1.0,-0.0,0,0
291,0.0,0.015841584158415842,0.054012600780142014,1.0,-0.0,0,0
292,0.0,0.0,0.0,1.0,-0.0,0,0
293,0.0,0.09504950495049505,0.13670539084430264,1.0,-0.0,0,0
294,0.0,0.09504950495049505,0.13670539084430264,1.0,-0.0,0,0
295,0.0,0.09504950495049505,0.13670539084430264,1.0,-0.0,0,0
296,0.0,0.09504950495049505,0.13670539084430264,1.0,-0.0,0,0
297,0.0,0.09504950495049505,0.13670539084430264,1.0,-0.0,0,0
298,0.0,0.0,0.0,1.0,-0.0,0,0
299,0.0,0.0,0.0,1.0,-0.0,0,0
300,0.0,0.03564356435643565,0.07653920035678292,1.0,-0.0,0,0
301,0.0,0.03564356435643565,0.07653920035678292,1.0,-0.0,0,0
302,0.0,0.10495049504950493,0.13078304733432372,1.0,-0.0,0,0
303,0.0,0.10495049504950493,0.13078304733432372,1.0,-0.0,0,0
304,0.0,0.10495049504950493,0.13078304733432372,1.0,-0.0,0,0
305,0.0,0.06930693069306931,0.11409790329416186,1.0,-0.0,0,0
306,0.0,0.06930693069306931,0.11409790329416186,1.0,-0.0,0,0
307,0.0,0.0,0.0,1.0,-0.0,0,0
308,0.0,0.009900990099009901,0.04338396495090424,1.0,-0.0,0,0
309,0.0,0.009900990099009901,0.04338396495090424,1.0,-0.0,0,0
310,0.0,0.009900990099009901,0.04338396495090424,1.0,-0.0,0,0
311,0.0,0.009900990099009901,0.04338396495090424,1.0,-0.0,0,0
312,0.0,0.009900990099009901,0.04338396495090424,1.0,-0.0,0,0
313,0.0,0.0,0.0,1.0,-0.0,0,0
314,0.0,0.0,0.0,1.0,-0.0,0,0
315,0.0,0.0,0.0,1.0,-0.0,0,0
316,0.0,0.0,0.0,1.0,-0.0,0,0
317,0.0,0.0,0.0,1.0,-0.0,0,0
318,0.0,0.007920792079207921,0.03900537743285587,1.0,-0.0,0,0
319,0.0,0.007920792079207921,0.03900537743285587,1.0,-0.0,0,0
320,0.0,0.013861386138613863,0.05079507064705211,1.0,-0.0,0,0
321,0.0,0.013861386138613863,0.05079507064705211,1.0,-0.0,0,0
322,0.0,0.0297029702970297,0.07112192077650681,1.0,-0.0,0,0
323,0.0,0.021782178217821784,0.062305476128919915,1.0,-0.0,0,0
324,0.0,0.09306930693069305,0.11454380090280848,1.0,-0.0,0,0
325,0.0,0.08712871287128712,0.11402914890208296,1.0,-0.0,0,0
326,0.0,0.08712871287128712,0.11402914890208296,1.0,-0.0,0,0
327,0.0,0.0712871287128713,0.10372911567294095,1.0,-0.0,0,0
328,0.0,0.0712871287128713,0.10372911567294095,1.0,-0.0,0,0
329,0.0,0.0,0.0,1.0,-0.0,0,0
330,0.0,0.09702970297029703,0.13383560593042218,1.0,-0.0,0,0
331,0.0,0.09702970297029703,0.13383560593042218,1.0,-0.0,0,0
332,0.0,0.19405940594059404,0.1767818940250744,1.0,-0.0,0,0
333,0.0,0.23366336633663365,0.20502461949377873,1.0,-0.0,0,0
334,0.0,0.23366336633663365,0.20502461949377873,1.0,-0.0,0,0
335,0.0,0.13564356435643563,0.16385465572011298,1.0,-0.0,0,0
336,0.0,0.1881188118811881,0.17760069168141515,1.0,-0.0,0,0
337,0.0,0.09108910891089109,0.1243589581632284,1.0,-0.0,0,0
338,0.0,0.05148514851485149,0.1001126705723924,1.0,-0.0,0,0
339,0.0,0.06930693069306931,0.10693069306930696,1.0,-0.0,0,0
340,0.0,0.06930693069306931,0.10693069306930696,1.0,-0.0,0,0
341,0.0,0.017821782178217824,0.05698017651460656,1.0,-0.0,0,0
342,0.0,0.10495049504950495,0.1423816080178024,1.0,-0.0,0,0
343,0.0,0.10495049504950495,0.1423816080178024,1.0,-0.0,0,0
344,0.0,0.0871287128712871,0.13324834725751067,1.0,-0.0,0,0
345,0.0,0.15247524752475247,0.17382935720677026,1.0,-0.0,0,0
346,0.0,0.15247524752475247,0.17382935720677026,1.0,-0.0,0,0
347,0.0,0.06336633663366337,0.10120342446875752,1.0,-0.0,0,0
348,0.0,0.06336633663366337,0.10120342446875752,1.0,-0.0,0,0
349,0.0,0.06336633663366337,0.10120342446875752,1.0,-0.0,0,0
350,0.0,0.0,0.0,1.0,-0.0,0,0
351,0.0,0.0,0.0,1.0,-0.0,0,0
352,0.0,0.0,0.0,1.0,-0.0,0,0
353,0.0,0.0,0.0,1.0,-0.0,0,0
354,0.0,0.0,0.0,1.0,-0.0,0,0
355,0.0,0.09306930693069305,0.1306930693069307,1.0,-0.0,0,0
356,0.0,0.09306930693069305,0.1306930693069307,1.0,-0.0,0,0
357,0.0,0.09306930693069305,0.1306930693069307,1.0,-0.0,0,0
358,0.0,0.09306930693069305,0.1306930693069307,1.0,-0.0,0,0
359,0.0,0.09306930693069305,0.1306930693069307,1.0,-0.0,0,0
360,0.0,0.0,0.0,1.0,-0.0,0,0
361,0.0,0.0,0.0,1.0,-0.0,0,0
362,0.0,0.0,0.0,1.0,-0.0,0,0
363,0.0,0.0,0.0,1.0,-0.0,0,0
364,0.0,0.06732673267326733,0.12356816445008077,1.0,-0.0,0,0
365,0.0,0.08316831683168317,0.13575553664160483,1.0,-0.0,0,0
366,0.0,0.08316831683168317,0.13575553664160483,1.0,-0.0,0,0
367,0.0,0.08316831683168317,0.13575553664160483,1.0,-0.0,0,0
368,0.0,0.08316831683168317,0.13575553664160483,1.0,-0.0,0,0
369,0.0,0.015841584158415842,0.05401260078014202,1.0,-0.0,0,0
370,0.0,0.0,0.0,1.0,-0.0,0,0
371,0.0,0.0,0.0,1.0,-0.0,0,0
372,0.0,0.0,0.0,1.0,-0.0,0,0
373,0.0,0.0,0.0,1.0,-0.0,0,0
374,0.0,0.0,0.0,1.0,-0.0,0,0
375,0.0,0.0,0.0,1.0,-0.0,0,0
