,foreground,bg_means,bg_stdev,pvals,minus_logs,regs,active
2,1.4,0.38811881188118824,0.29359065215406926,0.00028387410421721774,3.5468742232138926,0,0
3,1.4,0.3465346534653465,0.27415553742379056,6.087316624116521e-05,4.215574108378349,0,0
4,1.4,0.34059405940594056,0.2692778085593596,4.1728620727814375e-05,4.379565969953971,0,0
5,1.4,0.34059405940594056,0.2692778085593596,4.1728620727814375e-05,4.379565969953971,0,0
6,1.2,0.23366336633663365,0.19914531622613266,6.0982120225214e-07,6.2147974801657275,0,0
7,0.0,0.07524752475247526,0.11205191564986228,1.0,-0.0,0,0
8,0.0,0.07524752475247526,0.11205191564986228,1.0,-0.0,0,0
9,0.0,0.07524752475247526,0.11205191564986228,1.0,-0.0,0,0
10,0.0,0.07524752475247526,0.11205191564986228,1.0,-0.0,0,0
11,1.0,0.17029702970297028,0.18750290002005252,4.821799938635209e-06,5.316790812902827,0,0
12,1.2,0.2079207920792079,0.19884974591102086,3.0332246517911617e-07,6.518095423048997,0,0
13,3.0,0.3861386138613862,0.307345615424803,1.9108618057304524e-17,16.71877072015528,0,0
14,3.0,0.3861386138613862,0.307345615424803,1.9108618057304524e-17,16.71877072015528,0,0
15,3.0,0.3861386138613862,0.307345615424803,1.9108618057304524e-17,16.71877072015528,0,0
16,2.0,0.2772277227722772,0.2469140982299618,1.5054743452193051e-12,11.82232664089823,0,0
17,1.8,0.23960396039603957,0.22518604318145743,2.1136954267665524e-12,11.674957592243455,0,0
18,0.0,0.13267326732673268,0.16477341831853246,1.0,-0.0,0,0
19,0.0,0.15445544554455443,0.18213516495155513,1.0,-0.0,0,0
20,0.0,0.15445544554455443,0.18213516495155513,1.0,-0.0,0,0
21,0.0,0.09306930693069305,0.13948804962658473,1.0,-0.0,0,0
22,0.0,0.09306930693069305,0.13948804962658473,1.0,-0.0,0,0
23,0.0,0.021782178217821784,0.06836703565002801,1.0,-0.0,0,0
24,0.0,0.0,0.0,1.0,-0.0,0,0
25,0.0,0.0,0.0,1.0,-0.0,0,0
26,0.0,0.07524752475247526,0.11205191564986228,1.0,-0.0,0,0
27,0.0,0.07524752475247526,0.11205191564986228,1.0,-0.0,0,0
28,0.0,0.07524752475247526,0.11205191564986228,1.0,-0.0,0,0
29,0.0,0.07524752475247526,0.11205191564986228,1.0,-0.0,0,0
30,0.0,0.07524752475247526,0.11205191564986228,1.0,-0.0,0,0
31,0.0,0.0,0.0,1.0,-0.0,0,0
32,0.0,0.0,0.0,1.0,-0.0,0,0
33,0.2,0.306930693069307,0.23133595036055815,1.0,-0.0,0,0
34,0.2,0.306930693069307,0.23133595036055815,1.0,-0.0,0,0
35,0.2,0.306930693069307,0.23133595036055815,1.0,-0.0,0,0
36,0.4,0.5782178217821783,0.3042940085555089,1.0,-0.0,0,0
37,0.4,0.5900990099009902,0.3087839292280522,1.0,-0.0,0,0
38,0.2,0.28118811881188116,0.20133852645501055,1.0,-0.0,0,0
39,0.2,0.30396039603960395,0.20581679447258883,1.0,-0.0,0,0
40,0.2,0.30396039603960395,0.20581679447258883,1.0,-0.0,0,0
41,0.0,0.033663366336633666,0.07482947971362845,1.0,-0.0,0,0
42,0.0,0.17029702970297025,0.17662655937408128,1.0,-0.0,0,0
43,0.0,0.19603960396039602,0.1866435115714563,1.0,-0.0,0,0
44,0.0,0.17425742574257425,0.1680720409815679,1.0,-0.0,0,0
45,0.0,0.17425742574257425,0.1680720409815679,1.0,-0.0,0,0
46,0.0,0.17425742574257425,0.1680720409815679,1.0,-0.0,0,0
47,0.0,0.025742574257425745,0.0669763743575753,1.0,-0.0,0,0
48,0.0,0.0,0.0,1.0,-0.0,0,0
49,0.0,0.015841584158415842,0.05401260078014202,1.0,-0.0,0,0
50,0.0,0.14257425742574256,0.16491614109827338,1.0,-0.0,0,0
51,0.0,0.1504950495049505,0.16981280455064035,1.0,-0.0,0,0
52,0.0,0.1504950495049505,0.16981280455064035,1.0,-0.0,0,0
53,0.2,0.15643564356435644,0.1702740025877676,0.39903389236860254,0.39899021548230784,0,0
54,0.2,0.15643564356435644,0.15312962320143525,0.3880161724023069,0.4111501727596369,0,0
55,0.2,0.07722772277227724,0.105193069190443,0.12158221832020351,0.9151299369884706,0,0
56,0.2,0.06930693069306931,0.09924724028627065,0.09394556775030256,1.0271237046213872,0,0
57,0.2,0.06930693069306931,0.09924724028627065,0.09394556775030256,1.0271237046213872,0,0
58,0.0,0.06336633663366337,0.09721138779115705,1.0,-0.0,0,0
59,0.0,0.06930693069306931,0.11057238501634628,1.0,-0.0,0,0
60,0.0,0.033663366336633666,0.07994704648786674,1.0,-0.0,0,0
61,0.0,0.033663366336633666,0.07994704648786674,1.0,-0.0,0,0
62,0.0,0.033663366336633666,0.07994704648786674,1.0,-0.0,0,0
63,0.0,0.033663366336633666,0.07994704648786674,1.0,-0.0,1,0
64,0.0,0.011881188118811883,0.047276579747775535,1.0,-0.0,0,0
65,0.0,0.0,0.0,1.0,-0.0,0,0
66,0.0,0.011881188118811881,0.047276579747775535,1.0,-0.0,0,0
67,0.0,0.011881188118811881,0.047276579747775535,1.0,-0.0,0,0
68,0.0,0.011881188118811881,0.047276579747775535,1.0,-0.0,0,0
69,0.0,0.011881188118811881,0.047276579747775535,1.0,-0.0,0,0
70,0.2,0.07524752475247526,0.10845991237726064,0.1250271767086552,0.9029955756978827,0,0
71,0.2,0.06336633663366337,0.10504385908811757,0.09667550266855758,1.014683561115634,0,0
72,0.2,0.06336633663366337,0.10504385908811757,0.09667550266855758,1.014683561115634,0,0
73,0.2,0.06336633663366337,0.10504385908811757,0.09667550266855758,1.014683561115634,0,0
74,0.2,0.06336633663366337,0.10504385908811757,0.09667550266855758,1.014683561115634,0,0
75,0.0,0.0,0.0,1.0,-0.0,0,0
76,0.0,0.0,0.0,1.0,-0.0,0,0
77,0.2,0.04356435643564357,0.10755228209109126,0.07290277293308181,1.1372559525238224,0,0
78,0.2,0.04356435643564357,0.10755228209109126,0.07290277293308181,1.1372559525238224,0,0
79,0.2,0.06930693069306931,0.12722675963729912,0.1521525260030101,0.8177208331838148,0,0
80,0.2,0.10693069306930694,0.1530271610800924,0.271531344501955,0.5661800299480395,0,0
81,0.2,0.12475247524752472,0.16131019290626772,0.3204369871794928,0.4942573602505782,0,0
82,0.0,0.0811881188118812,0.12642288870900886,1.0,-0.0,0,0
83,0.0,0.0811881188118812,0.12642288870900886,1.0,-0.0,0,0
84,0.0,0.05544554455445545,0.1019369320889802,1.0,-0.0,0,0
85,0.0,0.017821782178217824,0.05698017651460656,1.0,-0.0,0,0
86,0.0,0.0,0.0,1.0,-0.0,0,0
87,0.0,0.0,0.0,1.0,-0.0,0,0
88,0.0,0.0,0.0,1.0,-0.0,0,0
89,0.0,0.0,0.0,1.0,-0.0,0,0
90,0.0,0.0594059405940594,0.10357779667819421,1.0,-0.0,0,0
91,0.0,0.12277227722772276,0.175691667428268,1.0,-0.0,0,0
92,0.0,0.12277227722772276,0.175691667428268,1.0,-0.0,0,0
93,0.0,0.13465346534653463,0.17600384984783346,1.0,-0.0,0,0
94,0.0,0.15643564356435644,0.18370005771578798,1.0,-0.0,0,0
95,0.0,0.1108910891089109,0.15789518399405605,1.0,-0.0,0,0
96,0.0,0.09702970297029703,0.12142344330103677,1.0,-0.0,0,0
97,0.0,0.09702970297029703,0.12142344330103677,1.0,-0.0,0,0
98,0.0,0.10297029702970295,0.11811677855054843,1.0,-0.0,0,0
99,0.0,0.09108910891089109,0.12113245340338318,1.0,-0.0,0,0
100,0.0,0.07524752475247526,0.10845991237726066,1.0,-0.0,0,0
101,0.0,0.031683168316831684,0.0730260947112308,1.0,-0.0,0,0
102,0.0,0.05148514851485149,0.08744317689433512,1.0,-0.0,0,0
103,0.0,0.033663366336633666,0.07482947971362847,1.0,-0.0,0,0
104,0.0,0.06732673267326734,0.1135467024699521,1.0,-0.0,0,0
105,0.0,0.06732673267326734,0.1135467024699521,1.0,-0.0,0,0
106,0.0,0.11089108910891088,0.13923481846532235,1.0,-0.0,0,0
107,0.0,0.15049504950495046,0.16266576457752752,1.0,-0.0,0,0
108,0.0,0.15049504950495046,0.16266576457752752,1.0,-0.0,0,0
109,0.0,0.10693069306930694,0.15041686348382535,1.0,-0.0,0,0
110,0.0,0.1306930693069307,0.1577958163416755,1.0,-0.0,0,0
111,0.2,0.10099009900990098,0.15057319492752777,0.25541260604362737,0.5927576716768348,0,0
112,0.2,0.04356435643564357,0.08255312311158745,0.029048226759887566,1.5368803738382273,0,0
113,0.2,0.04356435643564357,0.08255312311158745,0.029048226759887566,1.5368803738382273,1,0
114,0.2,0.07722772277227724,0.1193059036149867,0.15172703225002876,0.8189370368062708,0,0
115,0.2,0.11683168316831682,0.14146987009498416,0.27830402559675094,0.555480511661606,0,0
116,0.0,0.19999999999999998,0.19498667128857303,1.0,-0.0,0,0
117,0.0,0.2455445544554456,0.210386138380886,1.0,-0.0,0,0
118,0.0,0.2455445544554456,0.210386138380886,1.0,-0.0,0,0
119,0.0,0.21980198019801983,0.20000980272026073,1.0,-0.0,0,0
120,0.0,0.15643564356435644,0.160701335170483,1.0,-0.0,0,0
121,0.0,0.05346534653465348,0.10489443673781407,1.0,-0.0,0,0
122,0.0,0.021782178217821784,0.062305476128919915,1.0,-0.0,0,0
123,0.0,0.021782178217821784,0.062305476128919915,1.0,-0.0,0,0
124,0.0,0.04752475247524753,0.10205226714237724,1.0,-0.0,0,0
125,0.0,0.05940594059405942,0.11447531431916541,1.0,-0.0,0,0
126,0.0,0.07524752475247526,0.12851469892742934,1.0,-0.0,0,0
127,0.0,0.061386138613861385,0.10806149425459212,1.0,-0.0,0,0
128,0.0,0.061386138613861385,0.10806149425459212,1.0,-0.0,0,0
129,0.2,0.07524752475247526,0.12539516989297084,0.1598986177526046,0.7961552905064926,0,0
130,0.2,0.06336633663366337,0.10874875419996817,0.10448261079208833,0.9809559838634979,0,0
131,0.2,0.05346534653465347,0.10104832334394513,0.0735091372710952,1.1336586742521857,0,0
132,0.2,0.05346534653465347,0.10104832334394513,0.0735091372710952,1.1336586742521857,0,0
133,0.4,0.1089108910891089,0.14494724878689189,0.02230880702517923,1.6515236532138924,0,0
134,0.2,0.061386138613861385,0.10806149425459212,0.09979311443423107,1.000899423305625,0,0
135,0.2,0.061386138613861385,0.10806149425459212,0.09979311443423107,1.000899423305625,0,0
136,0.2,0.07920792079207921,0.1261123431927973,0.16907845647801423,0.771911725511465,0,0
137,0.2,0.08910891089108908,0.13342479626077636,0.2029548846422558,0.6926004917837524,0,0
138,0.0,0.033663366336633666,0.07994704648786674,1.0,-0.0,0,0
139,0.0,0.049504950495049514,0.09912864166957489,1.0,-0.0,0,0
140,0.0,0.049504950495049514,0.09912864166957489,1.0,-0.0,0,0
141,0.0,0.025742574257425745,0.07264925278354116,1.0,-0.0,0,0
142,0.0,0.015841584158415842,0.054012600780142014,1.0,-0.0,0,0
143,0.0,0.015841584158415842,0.054012600780142014,1.0,-0.0,0,0
144,0.0,0.0,0.0,1.0,-0.0,0,0
145,0.0,0.0,0.0,1.0,-0.0,0,0
146,0.0,0.007920792079207921,0.03900537743285587,1.0,-0.0,0,0
147,0.0,0.007920792079207921,0.03900537743285587,1.0,-0.0,0,0
148,0.0,0.05940594059405942,0.10733330877518932,1.0,-0.0,0,0
149,0.0,0.05940594059405942,0.10733330877518932,1.0,-0.0,0,0
150,0.0,0.06336633663366337,0.10874875419996817,1.0,-0.0,0,0
151,0.0,0.0594059405940594,0.09968089464279778,1.0,-0.0,0,0
152,0.0,0.1396039603960396,0.17915047490191754,1.0,-0.0,0,0
153,0.0,0.0871287128712871,0.13324834725751067,1.0,-0.0,0,0
154,0.0,0.33861386138613864,0.22114477003269256,1.0,-0.0,0,0
155,0.0,0.3346534653465347,0.22534270647011967,1.0,-0.0,0,0
156,0.0,0.3405940594059405,0.23300797497157238,1.0,-0.0,0,0
157,0.0,0.25940594059405936,0.21898877308434464,1.0,-0.0,0,0
158,0.0,0.30891089108910885,0.24295988745282038,1.0,-0.0,0,0
159,0.0,0.097029702970297,0.11811677855054843,1.0,-0.0,0,0
160,0.0,0.097029702970297,0.11811677855054843,1.0,-0.0,0,0
161,0.0,0.08910891089108909,0.11423528793549272,1.0,-0.0,0,0
162,0.0,0.08910891089108909,0.11423528793549272,1.0,-0.0,0,0
163,0.0,0.05346534653465348,0.08851285797476044,1.0,-0.0,0,0
164,0.0,0.015841584158415842,0.05401260078014202,1.0,-0.0,0,0
165,0.0,0.015841584158415842,0.05401260078014202,1.0,-0.0,0,0
166,0.0,0.14257425742574256,0.14981608173764543,1.0,-0.0,0,0
167,0.0,0.14257425742574256,0.14981608173764543,1.0,-0.0,0,0
168,0.0,0.12673267326732673,0.1508333872676597,1.0,-0.0,0,0
169,0.0,0.12673267326732673,0.1508333872676597,1.0,-0.0,0,0
170,0.0,0.13861386138613863,0.15088537189345536,1.0,-0.0,0,0
171,0.0,0.10891089108910891,0.13057300215314485,1.0,-0.0,0,0
172,0.0,0.10891089108910891,0.13057300215314485,1.0,-0.0,0,0
173,0.0,0.10891089108910891,0.13057300215314485,1.0,-0.0,0,0
174,0.0,0.18811881188118812,0.17535656953133036,1.0,-0.0,0,0
175,0.0,0.17821782178217818,0.17096346688435152,1.0,-0.0,0,0
176,0.0,0.13663366336633662,0.15137833547418925,1.0,-0.0,0,0
177,0.0,0.13663366336633662,0.15137833547418925,1.0,-0.0,0,0
178,0.0,0.17227722772277226,0.1665722047113908,1.0,-0.0,1,0
179,0.0,0.30693069306930687,0.26033391571556114,1.0,-0.0,0,0
180,0.0,0.3544554455445545,0.27123653499462536,1.0,-0.0,0,0
181,0.0,0.29504950495049503,0.22966882641422534,1.0,-0.0,0,0
182,0.0,0.300990099009901,0.23651556769768142,1.0,-0.0,0,0
183,0.0,0.2732673267326733,0.23331069206418187,1.0,-0.0,0,0
184,0.0,0.0594059405940594,0.10733330877518932,1.0,-0.0,0,0
185,0.0,0.013861386138613863,0.05079507064705211,1.0,-0.0,0,0
186,0.0,0.021782178217821784,0.06230547612891991,1.0,-0.0,0,0
187,0.0,0.015841584158415842,0.054012600780142014,1.0,-0.0,0,0
188,0.0,0.007920792079207921,0.03900537743285587,1.0,-0.0,0,0
189,0.0,0.007920792079207921,0.03900537743285587,1.0,-0.0,0,0
190,0.0,0.007920792079207921,0.03900537743285587,1.0,-0.0,0,0
191,0.0,0.0,0.0,1.0,-0.0,0,0
192,0.0,0.0,0.0,1.0,-0.0,0,0
193,0.0,0.0,0.0,1.0,-0.0,0,0
194,0.0,0.04356435643564357,0.09587103712404123,1.0,-0.0,0,0
195,0.0,0.04356435643564357,0.09587103712404123,1.0,-0.0,0,0
196,0.0,0.07722772277227723,0.12576985749069639,1.0,-0.0,0,0
197,0.0,0.07722772277227723,0.12576985749069639,1.0,-0.0,0,0
198,0.0,0.07722772277227723,0.12576985749069639,1.0,-0.0,0,0
199,0.0,0.033663366336633666,0.07994704648786674,1.0,-0.0,0,0
200,0.0,0.033663366336633666,0.07994704648786674,1.0,-0.0,0,0
201,0.0,0.0,0.0,1.0,-0.0,0,0
202,0.0,0.013861386138613863,0.05079507064705211,1.0,-0.0,0,0
203,0.0,0.013861386138613863,0.05079507064705211,1.0,-0.0,0,0
204,0.0,0.31287128712871287,0.266128594813769,1.0,-0.0,0,0
205,0.0,0.31287128712871287,0.266128594813769,1.0,-0.0,0,0
206,0.0,0.31287128712871287,0.266128594813769,1.0,-0.0,0,0
207,0.0,0.299009900990099,0.25889905885160647,1.0,-0.0,0,0
208,0.0,0.299009900990099,0.25889905885160647,1.0,-0.0,0,0
209,0.0,0.06534653465346535,0.09793475658517416,1.0,-0.0,0,0
210,0.0,0.06534653465346535,0.09793475658517416,1.0,-0.0,0,0
211,0.0,0.06534653465346535,0.09793475658517416,1.0,-0.0,0,0
212,0.0,0.08712871287128714,0.12401163019288061,1.0,-0.0,0,0
213,0.0,0.09900990099009901,0.13386490123687583,1.0,-0.0,0,0
214,0.0,0.033663366336633666,0.07482947971362847,1.0,-0.0,0,0
215,0.0,0.033663366336633666,0.07482947971362847,1.0,-0.0,0,0
216,0.0,0.033663366336633666,0.07482947971362847,1.0,-0.0,0,0
217,0.0,0.011881188118811883,0.047276579747775535,1.0,-0.0,0,0
218,0.0,0.0,0.0,1.0,-0.0,0,0
219,0.0,0.0,0.0,1.0,-0.0,0,0
220,0.0,0.0,0.0,1.0,-0.0,0,0
221,0.0,0.0,0.0,1.0,-0.0,0,0
222,0.0,0.0,0.0,1.0,-0.0,0,0
223,0.0,0.0,0.0,1.0,-0.0,0,0
224,0.0,0.05346534653465347,0.09704990696905226,1.0,-0.0,0,0
225,0.0,0.05346534653465347,0.09704990696905226,1.0,-0.0,0,0
226,0.0,0.33069306930693076,0.23787115834368713,1.0,-0.0,0,0
227,0.0,0.33069306930693076,0.23787115834368713,1.0,-0.0,0,0
228,0.0,0.3366336633663367,0.23869395968798673,1.0,-0.0,0,0
229,0.0,0.2831683168316832,0.225620950387154,1.0,-0.0,0,0
230,0.0,0.35247524752475257,0.24719978668241163,1.0,-0.0,0,0
231,0.0,0.07524752475247526,0.11553229422427584,1.0,-0.0,0,0
232,0.0,0.10099009900990098,0.13386490123687583,1.0,-0.0,0,0
233,0.0,0.09504950495049502,0.12771893462651168,1.0,-0.0,0,0
234,0.0,0.09504950495049502,0.12771893462651168,1.0,-0.0,0,0
235,0.0,0.025742574257425748,0.07264925278354116,1.0,-0.0,0,0
236,0.0,0.04554455445544555,0.08846854615322249,1.0,-0.0,0,0
237,0.2,0.02970297029702971,0.07648795214189293,0.012991839772286904,1.8863293442020952,0,0
238,0.2,0.02970297029702971,0.07648795214189293,0.012991839772286904,1.8863293442020952,0,0
239,0.2,0.02970297029702971,0.07648795214189293,0.012991839772286904,1.8863293442020952,0,0
240,0.2,0.02970297029702971,0.07648795214189293,0.012991839772286904,1.8863293442020952,0,0
241,0.2,0.009900990099009901,0.04338396495090424,5.885669548817485e-06,5.230204125035219,0,0
242,0.0,0.027722772277227727,0.06910862719451542,1.0,-0.0,0,0
243,0.0,0.027722772277227727,0.06910862719451542,1.0,-0.0,0,0
244,0.0,0.027722772277227727,0.06910862719451542,1.0,-0.0,0,0
245,0.0,0.027722772277227727,0.06910862719451542,1.0,-0.0,0,0
246,0.0,0.027722772277227727,0.06910862719451542,1.0,-0.0,0,0
247,0.0,0.0,0.0,1.0,-0.0,0,0
248,0.0,0.0,0.0,1.0,-0.0,0,0
249,0.0,0.05742574257425742,0.11021718851545144,1.0,-0.0,0,0
250,0.0,0.06930693069306931,0.12084076279122662,1.0,-0.0,0,0
251,0.0,0.08514851485148513,0.13598641357140118,1.0,-0.0,0,0
252,0.0,0.08514851485148513,0.13598641357140118,1.0,-0.0,0,0
253,0.0,0.08514851485148513,0.13598641357140118,1.0,-0.0,0,0
254,0.0,0.02772277227722772,0.06910862719451544,1.0,-0.0,0,0
255,0.0,0.1306930693069307,0.15269368434579803,1.0,-0.0,0,0
256,0.0,0.11485148514851484,0.14445948324625327,1.0,-0.0,0,0
257,0.0,0.11485148514851484,0.14445948324625327,1.0,-0.0,0,0
258,0.0,0.11485148514851484,0.14445948324625327,1.0,-0.0,0,0
259,0.0,0.11485148514851484,0.14445948324625327,1.0,-0.0,0,0
260,0.0,0.0,0.0,1.0,-0.0,0,0
261,0.0,0.0,0.0,1.0,-0.0,0,0
262,0.0,0.0,0.0,1.0,-0.0,0,0
263,0.0,0.0,0.0,1.0,-0.0,0,0
264,0.0,0.0059405940594059415,0.033953323167291584,1.0,-0.0,0,0
265,0.0,0.0059405940594059415,0.033953323167291584,1.0,-0.0,0,0
266,0.0,0.0059405940594059415,0.033953323167291584,1.0,-0.0,0,0
267,0.0,0.0059405940594059415,0.033953323167291584,1.0,-0.0,0,0
268,0.0,0.007920792079207921,0.03900537743285587,1.0,-0.0,0,0
269,0.0,0.0019801980198019802,0.0198019801980198,1.0,-0.0,0,0
270,0.0,0.0019801980198019802,0.0198019801980198,1.0,-0.0,0,0
271,0.2,0.015841584158415842,0.05401260078014202,0.00032535620257014524,3.4876409094885674,0,0
272,0.2,0.015841584158415842,0.05401260078014202,0.00032535620257014524,3.4876409094885674,0,0
273,0.4,0.08514851485148514,0.11025275966000045,0.002146939051569098,2.668180284368099,0,0
274,0.4,0.08514851485148514,0.11025275966000045,0.002146939051569098,2.668180284368099,0,0
275,0.4,0.10099009900990098,0.12145573247679727,0.006910471688883385,2.160492307924243,0,0
276,0.2,0.08712871287128714,0.12077584698595571,0.17500966031852921,0.7569379781294916,0,0
277,0.2,0.08712871287128714,0.12077584698595571,0.17500966031852921,0.7569379781294916,0,0
278,0.0,0.015841584158415842,0.05401260078014202,1.0,-0.0,0,0
279,0.0,0.07128712871287128,0.12768822926854262,1.0,-0.0,0,0
280,0.0,0.05544554455445544,0.12305938961021265,1.0,-0.0,0,0
281,0.0,0.05544554455445544,0.12305938961021265,1.0,-0.0,0,0
282,0.0,0.05544554455445544,0.12305938961021265,1.0,-0.0,0,0
283,0.0,0.05544554455445544,0.12305938961021265,1.0,-0.0,0,0
284,0.0,0.0,0.0,1.0,-0.0,0,0
285,0.0,0.0,0.0,1.0,-0.0,0,0
286,0.0,0.0,0.0,1.0,-0.0,0,0
287,0.0,0.0,0.0,1.0,-0.0,0,0
288,0.2,0.013861386138613863,0.05079507064705211,0.00012391038159364294,3.90689230556944,0,0
289,0.2,0.013861386138613863,0.05079507064705211,0.00012391038159364294,3.90689230556944,0,0
290,0.2,0.023762376237623766,0.06471340450838887,0.003231121245907738,2.4906467450338194,0,0
291,0.2,0.023762376237623766,0.06471340450838887,0.003231121245907738,2.4906467450338194,0,0
292,0.2,0.023762376237623766,0.06471340450838887,0.003231121245907738,2.4906467450338194,0,0
293,0.0,0.009900990099009901,0.04338396495090424,1.0,-0.0,0,0
294,0.0,0.009900990099009901,0.04338396495090424,1.0,-0.0,0,0
295,0.0,0.0,0.0,1.0,-0.0,0,0
296,0.0,0.0,0.0,1.0,-0.0,0,0
297,0.0,0.0,0.0,1.0,-0.0,0,0
298,0.0,0.0712871287128713,0.11801714396634724,1.0,-0.0,0,0
299,0.0,0.0712871287128713,0.11801714396634724,1.0,-0.0,0,0
300,0.0,0.0712871287128713,0.11801714396634724,1.0,-0.0,0,0
301,0.0,0.09900990099009899,0.13386490123687583,1.0,-0.0,0,0
302,0.0,0.09900990099009899,0.13386490123687583,1.0,-0.0,0,0
303,0.2,0.08118811881188118,0.11320083903331847,0.14695858512597854,0.8328050379416199,0,0
304,0.2,0.08118811881188118,0.11320083903331847,0.14695858512597854,0.8328050379416199,0,0
305,0.2,0.08118811881188118,0.11320083903331847,0.14695858512597854,0.8328050379416199,0,0
306,0.2,0.05346534653465347,0.09704990696905227,0.06553578757099196,1.183521477104809,0,0
307,0.2,0.05346534653465347,0.09704990696905227,0.06553578757099196,1.183521477104809,0,0
308,0.0,0.0,0.0,1.0,-0.0,0,0
309,0.0,0.0,0.0,1.0,-0.0,0,0
310,0.0,0.0,0.0,1.0,-0.0,0,0
311,0.0,0.0,0.0,1.0,-0.0,0,0
312,0.0,0.009900990099009901,0.04338396495090424,1.0,-0.0,0,0
313,0.0,0.009900990099009901,0.04338396495090424,1.0,-0.0,0,0
314,0.0,0.09504950495049505,0.15310401409962543,1.0,-0.0,0,0
315,0.0,0.09504950495049505,0.15310401409962543,1.0,-0.0,0,0
316,0.0,0.09504950495049505,0.15310401409962543,1.0,-0.0,0,0
317,0.0,0.08514851485148517,0.14717547862227368,1.0,-0.0,0,0
318,0.0,0.08514851485148517,0.14717547862227368,1.0,-0.0,0,0
319,0.2,0.33861386138613864,0.23503540792012342,1.0,-0.0,0,0
320,0.2,0.33861386138613864,0.23503540792012342,1.0,-0.0,0,0
321,0.2,0.394059405940594,0.2735254914824872,1.0,-0.0,0,0
322,0.2,0.43366336633663366,0.2898539159962666,1.0,-0.0,0,0
323,0.4,0.44554455445544555,0.29096110878738013,1.0,-0.0,0,0
324,0.2,0.10693069306930694,0.14505541839059363,0.2605625477598813,0.5840880079254979,0,0
325,0.2,0.10693069306930694,0.14505541839059363,0.2605625477598813,0.5840880079254979,0,0
326,0.2,0.05148514851485149,0.09607532254026299,0.06107440442601417,1.214140759405803,0,0
327,0.2,0.11683168316831682,0.15737280385192495,0.29858325032901833,0.5249345586127037,0,0
328,0.0,0.10495049504950495,0.14513649268759363,1.0,-0.0,0,0
329,0.0,0.10495049504950495,0.14513649268759363,1.0,-0.0,0,0
330,0.0,0.10495049504950495,0.14513649268759363,1.0,-0.0,0,0
331,0.0,0.10495049504950495,0.14513649268759363,1.0,-0.0,0,0
332,0.0,0.2158415841584158,0.17951125796479814,1.0,-0.0,0,0
333,0.0,0.2158415841584158,0.17951125796479814,1.0,-0.0,0,0
334,0.0,0.2158415841584158,0.17951125796479814,1.0,-0.0,0,0
335,0.0,0.2158415841584158,0.17951125796479814,1.0,-0.0,0,0
336,0.0,0.2158415841584158,0.17951125796479814,1.0,-0.0,0,0
337,0.0,0.0,0.0,1.0,-0.0,0,0
338,0.0,0.0,0.0,1.0,-0.0,0,0
339,0.0,0.0,0.0,1.0,-0.0,0,0
340,0.0,0.0,0.0,1.0,-0.0,0,0
341,0.0,0.0,0.0,1.0,-0.0,0,0
342,0.0,0.05148514851485149,0.10011267057239238,1.0,-0.0,0,0
343,0.0,0.05148514851485149,0.10011267057239238,1.0,-0.0,0,0
344,0.0,0.05148514851485149,0.10011267057239238,1.0,-0.0,0,0
345,0.0,0.05148514851485149,0.10011267057239238,1.0,-0.0,0,0
346,0.0,0.05148514851485149,0.10011267057239238,1.0,-0.0,0,0
347,0.0,0.0,0.0,1.0,-0.0,0,0
348,0.0,0.21188118811881182,0.22659211346323796,1.0,-0.0,0,0
349,0.0,0.21188118811881182,0.22659211346323796,1.0,-0.0,0,0
350,0.0,0.21188118811881182,0.22659211346323796,1.0,-0.0,0,0
351,0.0,0.2693069306930693,0.26316526233243653,1.0,-0.0,0,0
352,0.0,0.2792079207920792,0.265627160606954,1.0,-0.0,0,0
353,0.0,0.06732673267326733,0.12673267326732676,1.0,-0.0,0,0
354,0.0,0.06732673267326733,0.12673267326732676,1.0,-0.0,0,0
355,0.0,0.0712871287128713,0.12768822926854262,1.0,-0.0,0,0
356,0.0,0.03564356435643565,0.08154954567118415,1.0,-0.0,0,0
357,0.0,0.025742574257425748,0.0669763743575753,1.0,-0.0,0,0
358,0.0,0.025742574257425748,0.0669763743575753,1.0,-0.0,0,0
359,0.0,0.025742574257425748,0.0669763743575753,1.0,-0.0,0,0
360,0.0,0.031683168316831684,0.0730260947112308,1.0,-0.0,0,0
361,0.0,0.009900990099009901,0.04338396495090425,1.0,-0.0,0,0
362,0.2,0.14356435643564355,0.17372781806360282,0.372646947604904,0.42870243177648115,0,0
363,0.2,0.2118811881188119,0.19051110448801098,1.0,-0.0,0,0
364,0.2,0.2118811881188119,0.19051110448801098,1.0,-0.0,0,0
365,0.2,0.2059405940594059,0.19590954781832295,1.0,-0.0,0,0
366,0.2,0.2059405940594059,0.19590954781832295,1.0,-0.0,0,0
367,0.0,0.11089108910891086,0.13923481846532232,1.0,-0.0,0,0
368,0.0,0.04356435643564357,0.09587103712404124,1.0,-0.0,0,0
369,0.0,0.05940594059405942,0.10357779667819421,1.0,-0.0,0,0
370,0.0,0.05544554455445544,0.09797478714338996,1.0,-0.0,0,0
371,0.0,0.05544554455445544,0.09797478714338996,1.0,-0.0,0,0
372,0.0,0.015841584158415842,0.05401260078014202,1.0,-0.0,0,0
373,0.0,0.02772277227722772,0.06910862719451544,1.0,-0.0,0,0
374,0.0,0.02970297029702971,0.07112192077650681,1.0,-0.0,0,0
375,0.0,0.02970297029702971,0.07112192077650681,1.0,-0.0,0,0
376,0.0,0.041584158415841586,0.0859049978751836,1.0,-0.0,0,0
377,0.0,0.05544554455445544,0.09797478714338996,1.0,-0.0,0,0
378,0.0,0.04356435643564357,0.09164702150816742,1.0,-0.0,0,0
379,0.0,0.049504950495049514,0.09078727434730813,1.0,-0.0,0,0
380,0.0,0.049504950495049514,0.09078727434730813,1.0,-0.0,0,0
381,0.0,0.04752475247524753,0.08512548617902843,1.0,-0.0,0,0
