,foreground,bg_means,bg_stdev,pvals,minus_logs,regs,active
2,0.0,0.12277227722772277,0.14615954128511632,1.0,-0.0,0,0
3,0.0,0.0,0.0,1.0,-0.0,0,0
4,0.2,0.023762376237623766,0.06471340450838889,0.0032311212459077425,2.490646745033819,0,0
5,0.2,0.023762376237623766,0.06471340450838889,0.0032311212459077425,2.490646745033819,0,0
6,0.2,0.023762376237623766,0.06471340450838889,0.0032311212459077425,2.490646745033819,0,0
7,0.2,0.023762376237623766,0.06471340450838889,0.0032311212459077425,2.490646745033819,0,0
8,0.2,0.04752475247524753,0.08512548617902843,0.03663203844700429,1.4361389136681444,0,0
9,0.0,0.08118811881188118,0.10964648079134362,1.0,-0.0,0,0
10,0.0,0.08118811881188118,0.10964648079134362,1.0,-0.0,0,0
11,0.0,0.08118811881188118,0.10964648079134362,1.0,-0.0,0,0
12,0.0,0.08118811881188118,0.10964648079134362,1.0,-0.0,0,0
13,0.0,0.057425742574257435,0.09048443294095733,1.0,-0.0,0,0
14,0.0,0.0,0.0,1.0,-0.0,0,0
15,0.0,0.0,0.0,1.0,-0.0,0,0
16,0.6,0.2514851485148515,0.16082329112274812,0.015114871808399611,1.820595531790217,0,0
17,0.8,0.34851485148514855,0.18806669418746558,0.008182653287384125,2.087105850212868,0,0
18,1.6,1.1386138613861385,0.3579286662240001,0.09869123053198388,1.0057214359906688,0,0
19,1.6,1.1613861386138613,0.3688274965130713,0.11717824593293148,0.9311530073299558,0,0
20,1.6,1.1613861386138613,0.3688274965130713,0.11717824593293148,0.9311530073299558,0,0
21,1.0,0.9247524752475247,0.35804915326982617,0.4167714918312923,0.3801019954757878,0,0
22,0.8,0.8297029702970297,0.3274699153154712,1.0,-0.0,0,0
23,0.2,0.10099009900990098,0.1396566153069739,0.2391769893682686,0.621280605081162,0,0
24,0.2,0.07920792079207921,0.12293186689242579,0.16290372061051445,0.7880689965867439,0,0
25,0.2,0.14455445544554454,0.1465614104551551,0.3526004188666671,0.45271717612241963,0,0
26,0.4,0.2356435643564356,0.16505874046871052,0.15968700018647008,0.7967304375063532,0,0
27,0.4,0.2356435643564356,0.16505874046871052,0.15968700018647008,0.7967304375063532,0,0
28,0.2,0.17227722772277224,0.15422679190986735,0.42867313017152353,0.3678737378188683,0,0
29,0.2,0.17227722772277224,0.15422679190986735,0.42867313017152353,0.3678737378188683,0,0
30,0.2,0.10693069306930691,0.12762679639066946,0.23293044793121248,0.6327737381539632,0,0
31,0.0,0.0,0.0,1.0,-0.0,0,0
32,0.0,0.0,0.0,1.0,-0.0,0,0
33,0.0,0.0,0.0,1.0,-0.0,0,0
34,0.0,0.0,0.0,1.0,-0.0,0,0
35,0.0,0.0,0.0,1.0,-0.0,0,0
36,0.0,0.027722772277227727,0.06910862719451544,1.0,-0.0,0,0
37,0.0,0.027722772277227727,0.06910862719451544,1.0,-0.0,0,0
38,0.0,0.027722772277227727,0.06910862719451544,1.0,-0.0,0,0
39,0.0,0.027722772277227727,0.06910862719451544,1.0,-0.0,0,0
40,0.0,0.027722772277227727,0.06910862719451544,1.0,-0.0,0,0
41,0.0,0.0,0.0,1.0,-0.0,0,0
42,0.0,0.0,0.0,1.0,-0.0,0,0
43,0.0,0.0,0.0,1.0,-0.0,0,0
44,0.0,0.0,0.0,1.0,-0.0,0,0
45,0.0,0.21782178217821782,0.14650789158886268,1.0,-0.0,0,0
46,0.0,0.6118811881188119,0.2696852322571599,1.0,-0.0,0,0
47,0.0,0.6118811881188119,0.2696852322571599,1.0,-0.0,0,0
48,0.0,0.6118811881188119,0.2696852322571599,1.0,-0.0,0,0
49,0.0,0.6118811881188119,0.2696852322571599,1.0,-0.0,0,0
50,0.0,0.502970297029703,0.24147051376663703,1.0,-0.0,0,0
51,0.0,0.10891089108910891,0.12750384183766536,1.0,-0.0,0,0
52,0.0,0.10891089108910891,0.12750384183766536,1.0,-0.0,0,0
53,0.0,0.10891089108910891,0.12750384183766536,1.0,-0.0,0,0
54,0.0,0.13069306930693067,0.1272267596372991,1.0,-0.0,0,0
55,0.0,0.22376237623762374,0.17414487814590618,1.0,-0.0,0,0
56,0.0,0.22376237623762374,0.17414487814590618,1.0,-0.0,0,0
57,0.0,0.22376237623762374,0.17414487814590618,1.0,-0.0,0,0
58,0.0,0.22376237623762374,0.17414487814590618,1.0,-0.0,0,0
59,1.0,2.0851485148514852,0.5282862520281525,1.0,-0.0,0,0
60,1.0,1.881188118811881,0.510622386932903,1.0,-0.0,0,0
61,4.4,3.5702970297029704,0.4729399422771123,0.03968513491862641,1.4013721388731408,0,0
62,4.4,3.5702970297029704,0.4729399422771123,0.03968513491862641,1.4013721388731408,0,0
63,4.4,3.5702970297029704,0.4729399422771123,0.03968513491862641,1.4013721388731408,0,0
64,3.4,1.6871287128712869,0.49983430251199273,0.00030528140617244357,3.5152996465451603,0,0
65,3.4,1.6871287128712869,0.49983430251199273,0.00030528140617244357,3.5152996465451603,0,0
66,0.0,0.0,0.0,1.0,-0.0,0,0
67,0.0,0.0,0.0,1.0,-0.0,0,0
68,0.0,0.0,0.0,1.0,-0.0,0,0
69,0.0,0.0,0.0,1.0,-0.0,0,0
70,0.2,0.07326732673267328,0.09636059453937773,0.0942227086213532,1.0258444152495685,0,0
71,0.2,0.07326732673267328,0.09636059453937773,0.0942227086213532,1.0258444152495685,0,0
72,0.2,0.7306930693069306,0.33113742600687796,1.0,-0.0,0,0
73,0.2,0.7306930693069306,0.33113742600687796,1.0,-0.0,0,0
74,0.4,0.8118811881188119,0.3421791345788966,1.0,-0.0,0,0
75,0.2,0.7386138613861386,0.34324320882126913,1.0,-0.0,0,0
76,0.2,0.7386138613861386,0.34324320882126913,1.0,-0.0,0,0
