,foreground,bg_means,bg_stdev,pvals,minus_logs,regs,active
2,0.0,0.041584158415841586,0.08590499787518362,1.0,-0.0,0,0
3,0.0,0.041584158415841586,0.08590499787518362,1.0,-0.0,0,0
4,0.0,0.0059405940594059415,0.03395332316729158,1.0,-0.0,0,0
5,0.0,0.0,0.0,1.0,-0.0,0,0
6,0.0,0.06336633663366337,0.10504385908811757,1.0,-0.0,0,0
7,0.0,0.06336633663366337,0.10504385908811757,1.0,-0.0,0,0
8,0.0,0.0712871287128713,0.10747934055534188,1.0,-0.0,0,0
9,0.0,0.0712871287128713,0.10747934055534188,1.0,-0.0,0,0
10,0.0,0.0712871287128713,0.10747934055534188,1.0,-0.0,0,0
11,0.0,0.007920792079207921,0.03900537743285587,1.0,-0.0,0,0
12,0.0,0.025742574257425748,0.06697637435757531,1.0,-0.0,0,0
13,0.0,0.017821782178217824,0.05698017651460656,1.0,-0.0,0,0
14,0.0,0.017821782178217824,0.05698017651460656,1.0,-0.0,0,0
15,0.0,0.017821782178217824,0.05698017651460656,1.0,-0.0,0,0
16,0.0,0.017821782178217824,0.05698017651460656,1.0,-0.0,0,0
17,0.0,0.24950495049504953,0.2113716460355311,1.0,-0.0,0,0
18,0.0,0.35841584158415846,0.237673262171041,1.0,-0.0,0,0
19,0.0,0.4415841584158416,0.24906451775889302,1.0,-0.0,0,0
20,0.0,0.4871287128712872,0.2585808054321652,1.0,-0.0,0,0
21,0.0,0.4871287128712872,0.2585808054321652,1.0,-0.0,0,0
22,0.0,0.24356435643564353,0.1793364234865362,1.0,-0.0,0,0
23,0.0,0.13663366336633662,0.14331490790275034,1.0,-0.0,0,0
24,0.0,0.05148514851485149,0.096075322540263,1.0,-0.0,0,0
25,0.0,0.0059405940594059415,0.033953323167291584,1.0,-0.0,0,0
26,0.0,0.041584158415841586,0.08116396646304633,1.0,-0.0,0,0
27,0.0,0.2633663366336633,0.21420947103393712,1.0,-0.0,0,0
28,0.0,0.31881188118811893,0.23408252386209705,1.0,-0.0,0,0
29,0.0,0.4534653465346534,0.2854783570841996,1.0,-0.0,0,0
30,0.0,0.7485148514851485,0.34544098989871724,1.0,-0.0,0,0
31,0.0,0.9099009900990099,0.342820263069873,1.0,-0.0,0,0
32,0.0,0.6811881188118811,0.31488261879820173,1.0,-0.0,0,0
33,0.0,0.6594059405940593,0.31784491449082464,1.0,-0.0,0,0
34,0.0,0.5386138613861386,0.2810765362206575,1.0,-0.0,0,0
35,0.0,0.30891089108910896,0.23466808660634533,1.0,-0.0,0,0
36,0.0,0.4613861386138614,0.24493696785847494,1.0,-0.0,0,0
37,0.0,0.4613861386138614,0.24493696785847494,1.0,-0.0,0,0
38,0.0,0.5326732673267327,0.26292675292593576,1.0,-0.0,0,0
39,0.0,0.5207920792079209,0.265627160606954,1.0,-0.0,0,0
40,0.0,0.45148514851485155,0.23656529937533588,1.0,-0.0,0,0
41,0.0,0.10693069306930694,0.13948804962658476,1.0,-0.0,0,0
42,0.0,0.10693069306930694,0.13948804962658476,1.0,-0.0,0,0
43,0.0,0.0039603960396039604,0.027863855998951068,1.0,-0.0,0,0
44,0.0,0.009900990099009901,0.04338396495090424,1.0,-0.0,0,0
45,0.0,0.009900990099009901,0.04338396495090424,1.0,-0.0,0,0
46,0.0,0.031683168316831684,0.07826167463512675,1.0,-0.0,0,0
47,0.0,0.033663366336633666,0.07994704648786674,1.0,-0.0,0,0
48,0.0,0.033663366336633666,0.07994704648786674,1.0,-0.0,0,0
49,0.0,0.08316831683168316,0.149632756335149,1.0,-0.0,0,0
50,0.0,0.08316831683168316,0.149632756335149,1.0,-0.0,0,0
51,0.0,0.057425742574257435,0.11021718851545144,1.0,-0.0,0,0
52,0.0,0.061386138613861385,0.11515834731523733,1.0,-0.0,0,0
53,0.0,0.061386138613861385,0.11515834731523733,1.0,-0.0,0,0
54,0.0,0.0059405940594059415,0.033953323167291584,1.0,-0.0,0,0
55,0.0,0.0059405940594059415,0.033953323167291584,1.0,-0.0,0,0
56,0.0,0.0059405940594059415,0.033953323167291584,1.0,-0.0,0,0
57,0.0,0.025742574257425748,0.0669763743575753,1.0,-0.0,0,0
58,0.0,0.025742574257425748,0.0669763743575753,1.0,-0.0,0,0
59,0.0,0.025742574257425748,0.0669763743575753,1.0,-0.0,0,0
60,0.0,0.17425742574257425,0.18597001000988353,1.0,-0.0,0,0
61,0.0,0.17425742574257425,0.18597001000988353,1.0,-0.0,0,0
62,0.0,0.1485148514851485,0.1749760161138576,1.0,-0.0,0,0
63,0.0,0.1485148514851485,0.1749760161138576,1.0,-0.0,0,0
64,0.0,0.24554455445544554,0.2335794445703466,1.0,-0.0,0,0
65,0.0,0.09702970297029703,0.13383560593042218,1.0,-0.0,0,0
66,0.0,0.09702970297029703,0.13383560593042218,1.0,-0.0,0,0
67,0.0,0.14059405940594058,0.15036471688371983,1.0,-0.0,0,0
68,0.0,0.14455445544554454,0.15445544554455445,1.0,-0.0,0,0
69,0.0,0.04554455445544555,0.08846854615322249,1.0,-0.0,0,0
70,0.0,0.1069306930693069,0.13948804962658473,1.0,-0.0,0,0
71,0.0,0.1069306930693069,0.13948804962658473,1.0,-0.0,0,0
72,0.0,0.06534653465346535,0.1164113937164283,1.0,-0.0,0,0
73,0.0,0.11683168316831682,0.1548357845728682,1.0,-0.0,0,0
74,0.0,0.1485148514851485,0.1749760161138576,1.0,-0.0,0,0
75,0.0,0.2851485148514852,0.24591157495289667,1.0,-0.0,0,0
76,0.0,0.2930693069306931,0.24786511252782334,1.0,-0.0,0,0
77,0.0,0.2930693069306931,0.24786511252782334,1.0,-0.0,0,0
78,0.0,0.30099009900990104,0.22798951231087924,1.0,-0.0,0,0
79,0.0,0.2712871287128713,0.2226468293652734,1.0,-0.0,0,0
80,0.0,0.0712871287128713,0.11801714396634726,1.0,-0.0,0,0
81,0.0,0.06336633663366337,0.11580349716604711,1.0,-0.0,0,0
82,0.0,0.06336633663366337,0.11580349716604711,1.0,-0.0,0,0
83,0.0,0.0,0.0,1.0,-0.0,0,0
84,0.0,0.015841584158415842,0.05401260078014202,1.0,-0.0,0,0
85,0.0,0.015841584158415842,0.05401260078014202,1.0,-0.0,0,0
86,0.0,0.033663366336633666,0.07994704648786674,1.0,-0.0,0,0
87,0.0,0.07920792079207921,0.12293186689242579,1.0,-0.0,0,0
88,0.0,0.07920792079207921,0.12293186689242579,1.0,-0.0,0,0
89,0.0,0.06336633663366338,0.11233152161332939,1.0,-0.0,0,0
90,0.0,0.08712871287128714,0.1390657415135005,1.0,-0.0,0,0
91,0.0,0.08514851485148514,0.130031327995105,1.0,-0.0,0,0
92,0.0,0.039603960396039604,0.08452453849668534,1.0,-0.0,0,0
93,0.0,0.039603960396039604,0.08452453849668534,1.0,-0.0,0,0
94,0.0,0.039603960396039604,0.08452453849668534,1.0,-0.0,0,0
95,0.2,0.15247524752475244,0.16685445095398732,0.3878881137404293,0.41129352851036954,0,0
96,0.2,0.3009900990099009,0.21364125083978097,1.0,-0.0,0,0
97,0.2,0.3009900990099009,0.21364125083978097,1.0,-0.0,0,0
98,0.2,0.3960396039603961,0.23204676554915246,1.0,-0.0,0,0
99,0.2,0.41782178217821786,0.24551261370025929,1.0,-0.0,0,0
100,0.2,0.45940594059405937,0.2822042718560764,1.0,-0.0,0,0
101,1.4,0.5900990099009902,0.31887952052911933,0.005545257581768108,2.2560782757109714,0,0
102,1.4,0.5940594059405943,0.3226811509583501,0.006251195648470306,2.2040369084366045,0,0
103,1.4,0.499009900990099,0.3116532248754017,0.0019200783317519473,2.7166810534039003,0,0
104,1.4,0.47722772277227726,0.29913445704208624,0.001018418988594509,2.992073511784749,0,0
105,1.2,0.3425742574257426,0.24101539930812824,0.00018716076938713987,3.727785178163003,0,0
106,0.0,0.06534653465346535,0.10571364605971598,1.0,-0.0,0,0
107,0.0,0.061386138613861385,0.10433219700847123,1.0,-0.0,0,0
108,0.0,0.061386138613861385,0.10433219700847123,1.0,-0.0,0,0
109,0.0,0.061386138613861385,0.10433219700847123,1.0,-0.0,0,0
110,0.0,0.019801980198019802,0.059735061897023205,1.0,-0.0,0,0
111,0.0,0.0,0.0,1.0,-0.0,0,0
112,0.0,0.0,0.0,1.0,-0.0,0,0
113,0.0,0.0,0.0,1.0,-0.0,0,0
114,0.0,0.0,0.0,1.0,-0.0,0,0
115,0.0,0.007920792079207921,0.03900537743285587,1.0,-0.0,0,0
116,0.0,0.04950495049504951,0.09504950495049506,1.0,-0.0,0,0
117,0.0,0.04950495049504951,0.09504950495049506,1.0,-0.0,0,0
118,1.2,0.31386138613861386,0.20538768122280027,7.99937896525084e-06,5.096943728312301,0,0
119,1.2,0.31881188118811876,0.20715559335638842,1.0510996647128251e-05,4.978356102446848,0,0
120,2.4,0.6217821782178218,0.3016797726512975,1.8803556863121194e-09,8.725759992230056,0,0
121,2.4,0.5801980198019802,0.30894896947336314,1.92748088503376e-09,8.715009920185189,0,0
122,2.4,0.6079207920792078,0.32690664435300926,2.103558365457374e-08,7.677045433518904,0,0
123,1.2,0.3584158415841584,0.24746930071940065,0.00033599170701743397,3.4736714417798407,0,0
124,1.2,0.41980198019801984,0.2735971606810138,0.002174781118010227,2.662584446306507,0,0
125,0.0,0.1069306930693069,0.13661931335176508,1.0,-0.0,0,0
126,0.0,0.1069306930693069,0.13661931335176508,1.0,-0.0,0,0
127,0.0,0.08514851485148513,0.13304219431477882,1.0,-0.0,0,0
128,0.0,0.08118811881188118,0.1325402022232199,1.0,-0.0,0,0
129,0.2,0.36237623762376237,0.24326633945245488,1.0,-0.0,0,0
130,0.2,0.36237623762376237,0.24326633945245488,1.0,-0.0,0,0
131,0.2,0.36237623762376237,0.24326633945245488,1.0,-0.0,0,0
132,0.2,0.35643564356435653,0.24308896696117085,1.0,-0.0,0,0
133,0.2,0.3920792079207921,0.2516020621666311,1.0,-0.0,0,0
134,0.0,0.08712871287128714,0.14464936528910635,1.0,-0.0,0,0
135,0.0,0.08712871287128714,0.14464936528910635,1.0,-0.0,0,0
136,0.0,0.09306930693069307,0.15041686348382532,1.0,-0.0,0,0
137,0.0,0.09306930693069307,0.15041686348382532,1.0,-0.0,0,0
138,0.0,0.26732673267326734,0.2148492038022787,1.0,-0.0,0,0
139,0.0,0.49702970297029697,0.285093504044597,1.0,-0.0,0,0
140,0.0,0.5881188118811881,0.30935484726653506,1.0,-0.0,0,0
141,0.0,0.5920792079207919,0.3094815749140065,1.0,-0.0,0,0
142,0.0,0.6039603960396039,0.31714093817914785,1.0,-0.0,0,0
143,0.0,0.394059405940594,0.25244224206706195,1.0,-0.0,0,0
144,0.2,0.14257425742574256,0.16004116713803365,0.35986541021271246,0.4438598951522592,0,0
145,0.2,0.051485148514851475,0.11134982906542217,0.09113993201541233,1.0402912997094873,0,0
146,0.2,0.04554455445544554,0.10100951085035129,0.06311761613918081,1.1998494121615955,0,0
147,0.2,0.033663366336633666,0.08930671115865095,0.03126404885921342,1.5049547792487379,0,0
148,0.2,0.0297029702970297,0.07648795214189293,0.012991839772286904,1.8863293442020952,0,0
149,0.0,0.009900990099009901,0.04338396495090425,1.0,-0.0,0,0
150,0.0,0.01386138613861386,0.05079507064705211,1.0,-0.0,0,0
151,0.0,0.009900990099009901,0.04338396495090424,1.0,-0.0,0,0
152,1.0,0.16633663366336632,0.16184409300358457,1.2953162912552015e-07,6.887624172297263,0,0
153,1.0,0.1603960396039604,0.1617229068443201,1.0423579094257759e-07,6.9819831338200204,0,0
154,1.2,0.30396039603960395,0.22423502172091622,3.2213015416589634e-05,4.4919686195612565,0,0
155,1.2,0.30396039603960395,0.22599430119828368,3.671690339710179e-05,4.435133953131462,0,0
156,1.4,0.3564356435643564,0.25886876585918417,2.7740657503358605e-05,4.556883249582257,0,0
157,0.6,0.2792079207920792,0.2199535647138513,0.07235777104783098,1.140514819873819,0,0
158,0.8,0.32079207920792085,0.24386200922083262,0.02470259303087656,1.60725745646124,0,0
159,0.8,0.33366336633663374,0.24867061506456406,0.030374451908113463,1.5174915499509807,0,0
160,0.8,0.35247524752475257,0.25038349177146524,0.036939882191706866,1.432504493941073,0,0
161,0.8,0.43762376237623773,0.2852310111688054,0.10195938331483374,0.991572799956151,0,0
162,0.6,0.3782178217821782,0.2727215097138505,0.20804639598911934,0.6818398031375332,0,0
163,0.4,0.33663366336633666,0.27565323756783494,0.40909367829737336,0.3881772315790639,0,0
164,0.2,0.1801980198019802,0.18775368421597713,0.4580022839268249,0.3391323562879562,0,0
165,0.4,0.22970297029702968,0.19977440467551033,0.19698310814070913,0.7055710142232461,0,0
166,0.2,0.09108910891089106,0.12435895816322838,0.19057525368436823,0.7199334934461744,0,0
167,0.4,0.1485148514851485,0.15325760452189582,0.05040587344201037,1.2975188553236112,0,0
168,0.4,0.1485148514851485,0.15325760452189582,0.05040587344201037,1.2975188553236112,0,0
169,0.4,0.1485148514851485,0.15325760452189582,0.05040587344201037,1.2975188553236112,0,0
170,0.4,0.10297029702970295,0.1396285351588451,0.01669820082702791,1.7773303200492583,0,0
171,0.4,0.10297029702970295,0.1396285351588451,0.01669820082702791,1.7773303200492583,0,0
172,0.2,0.05346534653465348,0.09704990696905225,0.0655357875709919,1.1835214771048093,0,0
173,0.2,0.09504950495049502,0.1213588391765906,0.19357570836574056,0.7131491428159775,0,0
174,1.2,0.2891089108910891,0.24450434408621793,9.747978598838964e-05,4.011085432956368,0,0
175,1.0,0.2613861386138614,0.24654857012691103,0.001368562968831522,2.8637352155085734,0,0
176,1.0,0.29504950495049503,0.24630988998758352,0.0021045720590872137,2.676836199719625,0,0
177,1.2,0.2891089108910891,0.25089976307026446,0.00014143744605319387,3.8494355943489538,0,0
178,1.2,0.2653465346534653,0.2565713162256716,0.000134812586532444,3.87026955879176,0,0
179,0.2,0.0712871287128713,0.1213265242141813,0.1443722417000341,0.8405163000860171,0,0
180,0.2,0.08118811881188118,0.12325042629382527,0.16752607431728717,0.7759175883237079,0,0
181,0.2,0.13267326732673265,0.1442693512878177,0.3203666231323762,0.49435273648447636,0,0
182,0.2,0.1722772277227723,0.17126137275595765,0.4357025185904343,0.3608099296057508,0,0
183,0.2,0.1584158415841584,0.1672534844655737,0.4018236746354015,0.3959644790844853,0,0
184,0.8,0.3326732673267327,0.2598967467828993,0.03607863270282818,1.4427499295798938,0,0
185,1.0,0.36237623762376237,0.2796219106234274,0.01129474746958976,1.9471234746851598,0,0
186,1.2,0.40594059405940597,0.2848733545877931,0.002656544149250225,2.575682962130895,0,0
187,1.0,0.35841584158415846,0.24906451775889302,0.00499788279324584,2.3012139328521117,0,0
188,1.0,0.35445544554455444,0.24996029485700227,0.004903112014797923,2.309528184899256,0,0
189,0.4,0.1801980198019802,0.17463954503246998,0.10408675222541426,0.9826045423580756,0,0
190,0.2,0.15445544554455443,0.1613831014717559,0.3888897503515124,0.4101735030454937,0,0
191,0.0,0.11089108910891088,0.1527963700899836,1.0,-0.0,0,0
192,0.0,0.09900990099009899,0.14246420394934614,1.0,-0.0,0,0
193,0.0,0.09900990099009899,0.14246420394934614,1.0,-0.0,0,0
194,0.0,0.09900990099009899,0.14246420394934614,1.0,-0.0,0,0
195,0.0,0.08514851485148514,0.130031327995105,1.0,-0.0,0,0
196,0.0,0.019801980198019802,0.06603299802191315,1.0,-0.0,0,0
197,0.0,0.019801980198019802,0.06603299802191315,1.0,-0.0,0,0
198,0.0,0.019801980198019802,0.06603299802191315,1.0,-0.0,0,0
199,0.0,0.019801980198019802,0.06603299802191315,1.0,-0.0,0,0
200,0.2,0.07326732673267328,0.12811743461086583,0.16128473592065518,0.7924067325435373,0,0
201,0.2,0.0712871287128713,0.11110305060677654,0.12333004940280475,0.9089310945328979,0,0
202,0.6,0.17029702970297025,0.1626175458823589,0.004115861615064734,2.3855392356647314,0,0
203,0.6,0.17029702970297025,0.1626175458823589,0.004115861615064734,2.3855392356647314,0,0
204,0.8,0.22772277227722773,0.1846156359731749,0.0009681562248832291,3.0140545578461815,0,0
205,0.6,0.1782178217821782,0.17777723316802724,0.008833315876292892,2.0538762390663066,0,0
206,0.6,0.17425742574257425,0.18382808657861668,0.010279620611278198,1.988022913499191,0,0
207,0.2,0.09306930693069305,0.13661931335176508,0.21690432421099842,0.663731789791914,0,0
208,0.2,0.09306930693069305,0.13661931335176508,0.21690432421099842,0.663731789791914,0,0
209,0.2,0.06930693069306931,0.10693069306930696,0.11081180122969687,0.9554139856724337,0,0
210,0.2,0.06534653465346535,0.10571364605971598,0.10137482685028305,0.9940698745616096,0,0
211,0.2,0.05148514851485149,0.09186070102766891,0.05296722935937868,1.2759927437984668,0,0
212,0.2,0.033663366336633666,0.07994704648786673,0.01873594946997057,1.7273242935431972,0,0
213,0.2,0.05346534653465347,0.09704990696905226,0.0655357875709919,1.1835214771048093,0,0
214,0.2,0.05148514851485149,0.11824949407392964,0.10456797018050303,0.9806013221997523,0,0
215,0.2,0.06930693069306931,0.13624568246946198,0.1687175206199764,0.7728398153748682,0,0
216,0.4,0.2613861386138614,0.22645363087522988,0.2702334704665509,0.5682608613143834,0,0
217,0.4,0.2613861386138614,0.22645363087522988,0.2702334704665509,0.5682608613143834,0,0
218,0.4,0.2415841584158416,0.21307151531852705,0.22859353000522448,0.6409360658164734,0,0
219,0.2,0.2099009900990099,0.20368143953463433,1.0,-0.0,0,0
220,0.2,0.19207920792079203,0.1865174152763028,0.483063300975889,0.31599595524598045,0,0
221,0.0,0.05346534653465347,0.10104832334394513,1.0,-0.0,0,0
222,0.0,0.05346534653465347,0.10104832334394513,1.0,-0.0,0,0
223,0.0,0.1188118811881188,0.1467218499235066,1.0,-0.0,0,0
224,0.2,0.18217821782178212,0.1782178217821782,0.46017216272297085,0.33707965672662366,0,0
225,0.4,0.3465346534653465,0.2712509913056279,0.42187207969760915,0.37481921610781177,0,0
226,0.4,0.2930693069306931,0.246262126199929,0.33206618442934077,0.47877534801942817,0,0
227,0.4,0.33069306930693076,0.2586111321554774,0.39435092840710395,0.40411713239188635,0,0
228,0.4,0.37425742574257426,0.28792651198916097,0.46437932881374144,0.33312712050523646,0,0
229,0.2,0.3108910891089109,0.2428791779241499,1.0,-0.0,0,0
230,0.0,0.26534653465346536,0.23226633891066023,1.0,-0.0,0,0
231,0.0,0.26534653465346536,0.23226633891066023,1.0,-0.0,0,0
232,0.0,0.22772277227722773,0.2030065169325038,1.0,-0.0,0,0
233,0.0,0.2851485148514852,0.2168113377135999,1.0,-0.0,0,0
234,0.0,0.2851485148514852,0.2168113377135999,1.0,-0.0,0,0
235,0.0,0.2594059405940594,0.2097514879503424,1.0,-0.0,0,0
236,0.0,0.3089108910891089,0.250977893350572,1.0,-0.0,0,0
237,0.0,0.33960396039603974,0.26776641509648336,1.0,-0.0,0,0
238,0.0,0.17425742574257425,0.1704121186055459,1.0,-0.0,0,0
239,0.0,0.17425742574257425,0.1704121186055459,1.0,-0.0,0,0
240,0.0,0.07920792079207921,0.11966689053257921,1.0,-0.0,0,0
241,0.0,0.0297029702970297,0.07648795214189293,1.0,-0.0,0,0
242,0.0,0.0,0.0,1.0,-0.0,0,0
243,0.0,0.0,0.0,1.0,-0.0,0,0
244,0.0,0.0,0.0,1.0,-0.0,0,0
245,0.0,0.0,0.0,1.0,-0.0,0,0
246,0.0,0.0,0.0,1.0,-0.0,0,0
247,0.0,0.0,0.0,1.0,-0.0,0,0
248,0.0,0.0,0.0,1.0,-0.0,0,0
249,0.0,0.0,0.0,1.0,-0.0,0,0
250,0.0,0.0,0.0,1.0,-0.0,0,0
251,0.0,0.0,0.0,1.0,-0.0,0,0
252,0.0,0.0,0.0,1.0,-0.0,0,0
253,0.0,0.0,0.0,1.0,-0.0,0,0
254,0.0,0.007920792079207921,0.03900537743285587,1.0,-0.0,0,0
255,0.0,0.007920792079207921,0.03900537743285587,1.0,-0.0,0,0
256,0.0,0.007920792079207921,0.03900537743285587,1.0,-0.0,0,0
257,0.2,0.08316831683168316,0.11351216354824961,0.15168257774907978,0.8190642993843817,0,0
258,0.2,0.09306930693069307,0.12762679639066948,0.20106059762379264,0.6966730309011004,0,0
259,0.2,0.19999999999999998,0.19700731252448173,0.49999999999999994,0.30102999566398125,0,0
260,0.6,0.23960396039603957,0.21251870409042983,0.04495884103819243,1.347184892661531,0,0
261,0.8,0.27326732673267323,0.21931084188452962,0.008158137011551027,2.0884090052139594,0,0
262,0.6,0.19801980198019797,0.19598959258073068,0.020132096139906262,1.6961110043164696,0,0
263,0.6,0.21584158415841578,0.20036238123787667,0.027598767271610296,1.5591103157280262,0,0
264,0.6,0.1386138613861386,0.17290201942925204,0.003809729152264098,2.41910589882788,0,0
265,0.8,0.25742574257425743,0.20360441875686264,0.0038511884919630195,2.4144052248163512,0,0
266,0.6,0.30297029702970296,0.21911407831482066,0.08761421051614256,1.057425448075938,0,0
267,0.6,0.43564356435643564,0.28617800955288614,0.2828771977519665,0.5484020588689644,0,0
268,0.8,0.5306930693069307,0.30886011260744933,0.1916210462968379,0.7175567928116995,0,0
269,1.4,0.6376237623762376,0.32543998706047744,0.009574909388823091,2.0188653272413584,0,0
270,0.8,0.47920792079207936,0.28573921215507614,0.13078791654913596,0.8834323784769293,0,0
271,0.8,0.4000000000000001,0.2564031479085734,0.05937483054413337,1.226397616842493,0,0
272,0.8,0.26732673267326734,0.21113034352890048,0.0058185931628260985,2.2351820077003017,0,0
273,0.6,0.14455445544554454,0.14923915787260808,0.0011374319672441567,2.944074570173314,0,0
274,0.0,0.0,0.0,1.0,-0.0,0,0
275,0.0,0.0019801980198019802,0.0198019801980198,1.0,-0.0,0,0
276,0.0,0.0019801980198019802,0.0198019801980198,1.0,-0.0,0,0
277,0.2,0.039603960396039604,0.08452453849668534,0.028872622852877186,1.5395137620565469,0,0
278,0.2,0.04950495049504951,0.10304643034659552,0.07208203336412715,1.1421729708308164,0,0
279,0.2,0.057425742574257435,0.10656335878870264,0.0904597157907538,1.0435447810683363,0,0
280,0.2,0.05544554455445545,0.10575073206193021,0.0858227237563678,1.0663977063776964,0,0
281,0.2,0.07326732673267328,0.13117223890438964,0.1669833918620407,0.7773267215551205,0,0
282,0.0,0.03564356435643565,0.08626938974571076,1.0,-0.0,0,0
283,0.0,0.025742574257425745,0.07264925278354115,1.0,-0.0,0,0
284,0.0,0.017821782178217824,0.05698017651460656,1.0,-0.0,0,0
285,0.0,0.017821782178217824,0.05698017651460656,1.0,-0.0,0,0
286,0.0,0.10099009900990098,0.14246420394934614,1.0,-0.0,0,0
287,0.0,0.1801980198019802,0.18775368421597713,1.0,-0.0,0,0
288,0.0,0.2554455445544554,0.23398199453649784,1.0,-0.0,0,0
289,0.0,0.28118811881188116,0.24239435640553428,1.0,-0.0,0,0
290,0.0,0.28118811881188116,0.24239435640553428,1.0,-0.0,0,0
291,0.0,0.2356435643564356,0.20176653424136176,1.0,-0.0,0,0
292,0.0,0.2772277227722772,0.21794775835062344,1.0,-0.0,0,0
293,0.0,0.2178217821782178,0.18476425418501982,1.0,-0.0,0,0
294,0.2,0.25346534653465347,0.219614584285335,1.0,-0.0,0,0
295,0.4,0.3465346534653466,0.24678701942677853,0.41424223405506855,0.3827456247037855,0,0
296,0.4,0.3544554455445545,0.23694622879808233,0.42378700563262367,0.37285236397389476,0,0
297,0.4,0.2792079207920792,0.21995356471385127,0.291444114241959,0.535444710898833,0,0
298,0.4,0.28118811881188116,0.2272142406319772,0.3005195412793789,0.5221272827498447,0,0
299,0.2,0.2316831683168317,0.2004602096608913,1.0,-0.0,0,0
300,0.0,0.18217821782178217,0.17821782178217824,1.0,-0.0,0,0
301,0.0,0.1267326732673267,0.15599637537608815,1.0,-0.0,0,0
302,0.0,0.08514851485148513,0.130031327995105,1.0,-0.0,0,0
303,0.8,0.18415841584158418,0.1838707430559465,0.00040505383513818777,3.3924872514775366,0,0
304,0.8,0.1821782178217822,0.17598156946925847,0.0002234485376893874,3.650822483140601,0,0
305,1.2,0.29504950495049503,0.21543243990430327,1.3309066471372561e-05,4.875852405873937,0,0
306,1.2,0.39801980198019804,0.26772980247375167,0.0013700507571959815,2.8632633429444727,0,0
307,1.2,0.40990099009900993,0.2819679605754861,0.002538651902644114,2.5953968450596983,0,0
308,0.4,0.2930693069306931,0.23473491505326644,0.3243610883291761,0.4889712510623724,0,0
309,0.4,0.2831683168316832,0.22562095038715396,0.3022909376528475,0.5195748722940824,0,0
310,0.0,0.19603960396039596,0.1908401394559487,1.0,-0.0,0,0
311,0.0,0.1425742574257426,0.1444323368618651,1.0,-0.0,0,0
312,0.0,0.15247524752475244,0.14931796056640678,1.0,-0.0,0,0
313,0.0,0.15247524752475244,0.14931796056640678,1.0,-0.0,0,0
314,0.0,0.15247524752475244,0.14931796056640678,1.0,-0.0,0,0
315,0.0,0.09504950495049502,0.13078304733432372,1.0,-0.0,0,0
316,0.0,0.03762376237623763,0.08307396817189318,1.0,-0.0,0,0
317,0.0,0.04950495049504951,0.09078727434730813,1.0,-0.0,0,0
318,0.0,0.0613861386138614,0.10433219700847123,1.0,-0.0,0,0
319,0.0,0.0613861386138614,0.10433219700847123,1.0,-0.0,0,0
320,0.0,0.061386138613861385,0.10433219700847123,1.0,-0.0,0,0
321,0.0,0.061386138613861385,0.10433219700847123,1.0,-0.0,0,0
322,0.0,0.06534653465346535,0.10571364605971598,1.0,-0.0,0,0
323,0.0,0.06336633663366337,0.10874875419996817,1.0,-0.0,0,0
324,0.0,0.1277227722772277,0.14496077440151445,1.0,-0.0,0,0
325,0.0,0.11485148514851484,0.14445948324625327,1.0,-0.0,0,0
326,0.0,0.1485148514851485,0.16326729671147558,1.0,-0.0,0,0
327,0.0,0.20792079207920788,0.19071681786668523,1.0,-0.0,0,0
328,0.0,0.2653465346534653,0.23226633891066023,1.0,-0.0,0,0
329,0.0,0.2396039603960396,0.21251870409042983,1.0,-0.0,0,0
330,0.0,0.24950495049504945,0.21873794727813695,1.0,-0.0,0,0
331,0.0,0.24158415841584152,0.20932107448675996,1.0,-0.0,0,0
332,0.0,0.14059405940594058,0.16055486574752068,1.0,-0.0,0,0
333,0.0,0.0712871287128713,0.12132652421418132,1.0,-0.0,0,0
334,0.0,0.1782178217821782,0.16626589726481847,1.0,-0.0,0,0
335,0.0,0.17821782178217818,0.1732644978552662,1.0,-0.0,0,0
336,0.0,0.16237623762376235,0.15341104117423018,1.0,-0.0,0,0
337,0.0,0.16237623762376235,0.15341104117423018,1.0,-0.0,0,0
338,0.0,0.16237623762376235,0.15341104117423018,1.0,-0.0,0,0
339,0.0,0.01782178217821782,0.05698017651460657,1.0,-0.0,0,0
340,0.0,0.05148514851485149,0.09186070102766893,1.0,-0.0,0,0
341,0.0,0.04356435643564357,0.08721867542790195,1.0,-0.0,0,0
342,0.0,0.04356435643564357,0.08721867542790195,1.0,-0.0,0,0
343,0.0,0.05346534653465347,0.09704990696905227,1.0,-0.0,0,0
344,0.0,0.05346534653465347,0.09704990696905227,1.0,-0.0,0,0
345,0.0,0.009900990099009901,0.04338396495090424,1.0,-0.0,0,0
346,0.0,0.009900990099009901,0.04338396495090424,1.0,-0.0,0,0
347,0.0,0.009900990099009901,0.04338396495090424,1.0,-0.0,0,0
348,0.0,0.0,0.0,1.0,-0.0,0,0
349,0.0,0.16435643564356434,0.18107717211333596,1.0,-0.0,0,0
350,0.0,0.2396039603960396,0.20102667569442348,1.0,-0.0,0,0
351,0.0,0.27722772277227725,0.22509896090774148,1.0,-0.0,0,0
352,0.0,0.27722772277227725,0.22509896090774148,1.0,-0.0,0,0
353,0.0,0.27722772277227725,0.22509896090774148,1.0,-0.0,0,0
354,0.0,0.11287128712871287,0.14188502271424047,1.0,-0.0,0,0
355,0.0,0.03762376237623763,0.08771182015980238,1.0,-0.0,0,0
356,0.0,0.039603960396039604,0.08452453849668534,1.0,-0.0,0,0
357,0.0,0.039603960396039604,0.08452453849668534,1.0,-0.0,0,0
358,0.0,0.049504950495049514,0.09912864166957489,1.0,-0.0,0,0
359,0.0,0.049504950495049514,0.09912864166957489,1.0,-0.0,0,0
360,0.0,0.049504950495049514,0.09912864166957489,1.0,-0.0,0,0
361,0.0,0.017821782178217824,0.05698017651460656,1.0,-0.0,0,0
362,0.0,0.017821782178217824,0.05698017651460656,1.0,-0.0,0,0
363,0.0,0.031683168316831684,0.07826167463512676,1.0,-0.0,0,0
364,0.0,0.07524752475247524,0.12851469892742937,1.0,-0.0,0,0
365,0.0,0.08118811881188118,0.12951766673875514,1.0,-0.0,0,0
366,0.0,0.07326732673267328,0.12498799079651089,1.0,-0.0,0,0
367,0.0,0.07326732673267328,0.12498799079651089,1.0,-0.0,0,0
368,0.0,0.04950495049504951,0.09504950495049506,1.0,-0.0,0,0
369,0.0,0.0059405940594059415,0.03395332316729158,1.0,-0.0,0,0
370,0.0,0.041584158415841586,0.08116396646304633,1.0,-0.0,0,0
371,0.0,0.08118811881188118,0.10216747199615393,1.0,-0.0,0,0
372,0.0,0.08514851485148513,0.10660014917778037,1.0,-0.0,0,0
373,0.0,0.09504950495049502,0.11805036483793174,1.0,-0.0,0,0
374,0.0,0.13663366336633662,0.13767717461995008,1.0,-0.0,0,0
375,0.0,0.2039603960396039,0.16881696226492768,1.0,-0.0,0,0
376,0.0,0.16435643564356434,0.1499730394357346,1.0,-0.0,0,0
377,0.0,0.1603960396039604,0.14897618117864575,1.0,-0.0,0,0
378,0.0,0.16435643564356434,0.1499730394357346,1.0,-0.0,0,0
379,0.0,0.1247524752475247,0.12851469892742934,1.0,-0.0,0,0
380,0.0,0.03762376237623762,0.09211646217515253,1.0,-0.0,0,0
381,0.0,0.06930693069306931,0.11751770396006173,1.0,-0.0,0,0
382,0.0,0.09900990099009901,0.13386490123687583,1.0,-0.0,0,0
383,0.0,0.08514851485148517,0.12054836637801526,1.0,-0.0,0,0
384,0.0,0.19801980198019797,0.1834651060895124,1.0,-0.0,0,0
385,0.0,0.3980198019801981,0.2509310181015997,1.0,-0.0,0,0
386,0.0,0.36633663366336633,0.2470728548195203,1.0,-0.0,0,0
387,0.0,0.33663366336633666,0.23702895853378222,1.0,-0.0,0,0
388,0.0,0.3722772277227724,0.24700936442792357,1.0,-0.0,0,0
389,0.0,0.27128712871287125,0.21724496082221745,1.0,-0.0,0,0
390,0.0,0.04752475247524753,0.08512548617902843,1.0,-0.0,0,0
391,0.0,0.051485148514851496,0.096075322540263,1.0,-0.0,0,0
392,0.0,0.06534653465346535,0.10571364605971598,1.0,-0.0,0,0
393,0.0,0.04554455445544555,0.09283729243351323,1.0,-0.0,0,0
394,0.0,0.033663366336633666,0.07994704648786674,1.0,-0.0,0,0
395,0.0,0.033663366336633666,0.07994704648786674,1.0,-0.0,0,0
396,0.0,0.0297029702970297,0.07648795214189293,1.0,-0.0,0,0
397,0.0,0.015841584158415842,0.054012600780142014,1.0,-0.0,0,0
398,0.0,0.0,0.0,1.0,-0.0,0,0
399,0.0,0.0,0.0,1.0,-0.0,0,0
400,0.0,0.0,0.0,1.0,-0.0,0,0
401,0.0,0.0,0.0,1.0,-0.0,0,0
402,0.0,0.0,0.0,1.0,-0.0,0,0
403,0.0,0.0,0.0,1.0,-0.0,0,0
404,0.0,0.06336633663366337,0.10874875419996817,1.0,-0.0,0,0
405,0.0,0.06336633663366337,0.10874875419996817,1.0,-0.0,0,0
406,0.0,0.06336633663366337,0.10874875419996817,1.0,-0.0,0,0
407,0.0,0.06336633663366337,0.10874875419996817,1.0,-0.0,0,0
408,0.0,0.06336633663366337,0.10874875419996817,1.0,-0.0,0,0
409,0.0,0.0,0.0,1.0,-0.0,0,0
410,0.0,0.0,0.0,1.0,-0.0,0,0
411,0.0,0.013861386138613863,0.05079507064705211,1.0,-0.0,0,0
412,0.0,0.013861386138613863,0.05079507064705211,1.0,-0.0,0,0
413,0.0,0.021782178217821784,0.06230547612891991,1.0,-0.0,0,0
414,0.0,0.021782178217821784,0.06230547612891991,1.0,-0.0,0,0
415,0.0,0.021782178217821784,0.06230547612891991,1.0,-0.0,0,0
416,0.0,0.007920792079207921,0.03900537743285587,1.0,-0.0,0,0
417,0.2,0.03762376237623763,0.07816140339006158,0.01888012292982573,1.723995182306426,0,0
418,0.2,0.051485148514851496,0.10773441987117181,0.08402025455510516,1.075616007019521,0,0
419,0.2,0.08514851485148513,0.13598641357140115,0.19917252553512105,0.7007705696845146,0,0
420,0.2,0.08514851485148513,0.13598641357140115,0.19917252553512105,0.7007705696845146,0,0
421,0.2,0.08514851485148513,0.13598641357140115,0.19917252553512105,0.7007705696845146,0,0
422,0.0,0.05544554455445545,0.1129928128133632,1.0,-0.0,0,0
423,0.0,0.03564356435643565,0.07653920035678292,1.0,-0.0,0,0
424,0.0,0.0019801980198019802,0.0198019801980198,1.0,-0.0,0,0
425,0.0,0.0019801980198019802,0.0198019801980198,1.0,-0.0,0,0
426,0.0,0.08316831683168316,0.11694909354640316,1.0,-0.0,0,0
427,0.0,0.08316831683168316,0.11694909354640316,1.0,-0.0,0,0
428,0.0,0.08118811881188118,0.11664694237642095,1.0,-0.0,0,0
429,0.0,0.1801980198019802,0.18563234289517566,1.0,-0.0,0,0
430,0.0,0.2455445544554455,0.2122602328057286,1.0,-0.0,0,0
431,0.0,0.16435643564356436,0.17210643633774864,1.0,-0.0,0,0
432,0.0,0.17425742574257425,0.17499842451711448,1.0,-0.0,0,0
433,0.0,0.17425742574257425,0.17499842451711448,1.0,-0.0,0,0
434,0.0,0.2673267326732673,0.23084387201257958,1.0,-0.0,0,0
435,0.0,0.3069306930693069,0.2663495156809564,1.0,-0.0,0,0
436,0.0,0.3069306930693069,0.2663495156809564,1.0,-0.0,0,0
437,0.0,0.297029702970297,0.2634333272948105,1.0,-0.0,0,0
438,0.0,0.3841584158415841,0.30401038064198477,1.0,-0.0,0,0
439,0.0,0.19207920792079203,0.2047375370386191,1.0,-0.0,0,0
440,0.0,0.08514851485148513,0.12694907267187808,1.0,-0.0,0,0
441,0.0,0.08514851485148513,0.12694907267187808,1.0,-0.0,0,0
442,0.0,0.08514851485148513,0.12694907267187808,1.0,-0.0,0,0
443,0.0,0.011881188118811883,0.047276579747775535,1.0,-0.0,0,0
444,0.0,0.011881188118811883,0.047276579747775535,1.0,-0.0,0,0
445,0.0,0.1207920792079208,0.1666898653919601,1.0,-0.0,0,0
446,0.0,0.13465346534653466,0.1782398226244054,1.0,-0.0,0,0
447,0.0,0.15247524752475247,0.1952880884901249,1.0,-0.0,0,0
448,0.0,0.1405940594059406,0.1835719395616125,1.0,-0.0,0,0
449,0.0,0.15049504950495052,0.18754472067408437,1.0,-0.0,0,0
450,0.0,0.041584158415841586,0.09467748980500532,1.0,-0.0,0,0
451,0.0,0.02772277227722772,0.06910862719451544,1.0,-0.0,0,0
452,0.0,0.009900990099009901,0.04338396495090424,1.0,-0.0,0,0
453,0.0,0.009900990099009901,0.04338396495090424,1.0,-0.0,0,0
454,0.0,0.017821782178217824,0.05698017651460656,1.0,-0.0,0,0
455,0.0,0.017821782178217824,0.05698017651460656,1.0,-0.0,0,0
456,0.0,0.017821782178217824,0.05698017651460656,1.0,-0.0,0,0
457,0.0,0.017821782178217824,0.05698017651460656,1.0,-0.0,0,0
458,0.0,0.017821782178217824,0.05698017651460656,1.0,-0.0,0,0
459,0.0,0.0,0.0,1.0,-0.0,0,0
460,0.0,0.0,0.0,1.0,-0.0,0,0
461,0.0,0.01386138613861386,0.05079507064705211,1.0,-0.0,0,0
462,0.0,0.01386138613861386,0.05079507064705211,1.0,-0.0,0,0
463,0.0,0.01386138613861386,0.05079507064705211,1.0,-0.0,0,0
464,0.0,0.01386138613861386,0.05079507064705211,1.0,-0.0,0,0
465,0.0,0.01386138613861386,0.05079507064705211,1.0,-0.0,0,0
466,0.0,0.015841584158415842,0.05401260078014202,1.0,-0.0,0,0
467,0.0,0.0297029702970297,0.07648795214189293,1.0,-0.0,0,0
468,0.0,0.04752475247524753,0.09809478080396702,1.0,-0.0,0,0
469,0.0,0.04752475247524753,0.09809478080396702,1.0,-0.0,0,0
470,0.0,0.04752475247524753,0.09809478080396702,1.0,-0.0,0,0
471,0.0,0.03564356435643565,0.07653920035678292,1.0,-0.0,0,0
472,0.0,0.03762376237623763,0.08307396817189318,1.0,-0.0,0,0
473,0.0,0.02970297029702971,0.08150144802873932,1.0,-0.0,0,0
474,0.0,0.02970297029702971,0.08150144802873932,1.0,-0.0,0,0
475,0.0,0.02970297029702971,0.08150144802873932,1.0,-0.0,0,0
476,0.0,0.025742574257425748,0.07264925278354116,1.0,-0.0,0,0
477,0.0,0.009900990099009901,0.04338396495090424,1.0,-0.0,0,0
478,0.0,0.0,0.0,1.0,-0.0,0,0
479,0.0,0.0,0.0,1.0,-0.0,0,0
480,0.0,0.0,0.0,1.0,-0.0,0,0
481,0.0,0.0,0.0,1.0,-0.0,0,0
482,0.0,0.0,0.0,1.0,-0.0,0,0
483,0.0,0.0,0.0,1.0,-0.0,0,0
484,0.0,0.0,0.0,1.0,-0.0,0,0
485,0.0,0.0,0.0,1.0,-0.0,0,0
486,0.0,0.0,0.0,1.0,-0.0,0,0
487,0.0,0.0,0.0,1.0,-0.0,0,0
488,0.0,0.04554455445544556,0.09700949476369024,1.0,-0.0,0,0
489,0.0,0.04554455445544556,0.09700949476369024,1.0,-0.0,0,0
490,0.0,0.04554455445544556,0.09700949476369024,1.0,-0.0,0,0
491,0.0,0.08514851485148514,0.1444594832462533,1.0,-0.0,0,0
492,0.0,0.08514851485148514,0.1444594832462533,1.0,-0.0,0,0
493,0.0,0.07722772277227724,0.11593886073904515,1.0,-0.0,0,0
494,0.0,0.09900990099009901,0.14521752172118105,1.0,-0.0,0,0
495,0.0,0.09900990099009901,0.14521752172118105,1.0,-0.0,0,0
496,0.0,0.0594059405940594,0.12119717820276717,1.0,-0.0,0,0
497,0.0,0.0594059405940594,0.12119717820276717,1.0,-0.0,0,0
498,0.0,0.23366336633663365,0.20112418099951873,1.0,-0.0,0,0
499,0.0,0.2118811881188119,0.1841690617597849,1.0,-0.0,0,0
500,0.0,0.2118811881188119,0.1841690617597849,1.0,-0.0,0,0
501,0.0,0.2118811881188119,0.1841690617597849,1.0,-0.0,0,0
502,0.0,0.3683168316831684,0.25443810858995364,1.0,-0.0,0,0
503,0.0,0.1900990099009901,0.21131598529828283,1.0,-0.0,0,0
504,0.0,0.2099009900990099,0.22405133362251967,1.0,-0.0,0,0
505,0.0,0.2099009900990099,0.22405133362251967,1.0,-0.0,0,0
506,0.0,0.2217821782178218,0.22673051146878953,1.0,-0.0,0,0
507,0.0,0.06534653465346535,0.10939585993610405,1.0,-0.0,0,0
508,0.0,0.03564356435643565,0.08626938974571076,1.0,-0.0,0,0
509,0.0,0.015841584158415842,0.05401260078014202,1.0,-0.0,0,0
510,0.0,0.015841584158415842,0.05401260078014202,1.0,-0.0,0,0
511,0.0,0.25148514851485143,0.209957025959434,1.0,-0.0,0,0
512,0.0,0.2633663366336633,0.21047930792550026,1.0,-0.0,0,0
513,0.0,0.25940594059405936,0.21163120257963716,1.0,-0.0,0,0
