,foreground,bg_means,bg_stdev,pvals,minus_logs,regs,active
2,0.0,0.0,0.0,1.0,-0.0,0,0
3,0.0,0.0,0.0,1.0,-0.0,0,0
4,1.4,0.8099009900990101,0.34854860322615105,0.04522603396658727,1.3446114954277906,0,0
5,1.4,0.8495049504950497,0.3564466444947016,0.061246119987099445,1.212921419152276,0,0
6,1.4,0.8495049504950497,0.3564466444947016,0.061246119987099445,1.212921419152276,0,0
7,1.4,0.8594059405940596,0.3599169920312573,0.06654900741435384,1.176858417690188,0,0
8,1.4,1.1346534653465346,0.4424136417525837,0.27432968579621575,0.5617271939269817,0,0
9,0.0,0.47920792079207924,0.30191364304723484,1.0,-0.0,0,0
10,0.0,0.8277227722772276,0.4155680382704118,1.0,-0.0,0,0
11,0.0,0.8277227722772276,0.4155680382704118,1.0,-0.0,0,0
12,0.2,0.8752475247524751,0.4057521900391862,1.0,-0.0,0,0
13,0.2,0.6712871287128712,0.36433491111625904,1.0,-0.0,0,0
14,0.2,0.5376237623762378,0.3567875050948185,1.0,-0.0,0,0
15,0.2,0.20396039603960398,0.20094863738570082,1.0,-0.0,0,0
16,0.4,0.40594059405940597,0.27640613760656213,1.0,-0.0,0,0
17,0.2,0.3603960396039604,0.2685049211049634,1.0,-0.0,0,0
18,0.2,0.2891089108910891,0.22773138167109014,1.0,-0.0,0,0
19,0.2,0.29108910891089107,0.23126813973317123,1.0,-0.0,0,0
20,0.2,0.23762376237623759,0.21006905283763708,1.0,-0.0,0,0
21,0.0,0.03564356435643565,0.08154954567118416,1.0,-0.0,0,0
22,0.0,0.023762376237623766,0.06471340450838887,1.0,-0.0,0,0
23,0.0,0.023762376237623766,0.06471340450838887,1.0,-0.0,0,0
24,0.0,0.0,0.0,1.0,-0.0,0,0
25,0.0,0.0,0.0,1.0,-0.0,0,0
26,0.0,0.0,0.0,1.0,-0.0,0,0
27,0.0,0.0,0.0,1.0,-0.0,0,0
28,0.0,0.0,0.0,1.0,-0.0,0,0
29,0.0,0.0,0.0,1.0,-0.0,0,0
30,0.0,0.0,0.0,1.0,-0.0,0,0
31,0.0,0.0,0.0,1.0,-0.0,0,0
32,0.0,0.0,0.0,1.0,-0.0,0,0
33,0.0,0.0,0.0,1.0,-0.0,0,0
34,0.0,0.0,0.0,1.0,-0.0,0,0
35,0.0,0.0,0.0,1.0,-0.0,0,0
36,0.0,0.0,0.0,1.0,-0.0,0,0
37,0.0,0.0,0.0,1.0,-0.0,0,0
38,0.0,0.0,0.0,1.0,-0.0,0,0
39,0.0,0.0,0.0,1.0,-0.0,0,0
40,0.0,0.0,0.0,1.0,-0.0,0,0
41,0.0,0.0,0.0,1.0,-0.0,0,0
42,0.0,0.0,0.0,1.0,-0.0,0,0
43,0.0,0.0,0.0,1.0,-0.0,0,0
44,0.0,0.0,0.0,1.0,-0.0,0,0
45,0.0,0.0,0.0,1.0,-0.0,0,0
46,0.0,0.011881188118811883,0.047276579747775535,1.0,-0.0,0,0
47,0.0,0.011881188118811883,0.047276579747775535,1.0,-0.0,0,0
48,0.0,0.011881188118811883,0.047276579747775535,1.0,-0.0,0,0
49,0.0,0.011881188118811883,0.047276579747775535,1.0,-0.0,0,0
50,0.0,0.011881188118811883,0.047276579747775535,1.0,-0.0,0,0
51,0.0,0.031683168316831684,0.07826167463512675,1.0,-0.0,0,0
52,0.0,0.031683168316831684,0.07826167463512675,1.0,-0.0,0,0
53,0.0,0.031683168316831684,0.07826167463512675,1.0,-0.0,0,0
54,0.0,0.09108910891089109,0.13057300215314485,1.0,-0.0,0,0
55,0.0,0.09108910891089109,0.13057300215314485,1.0,-0.0,0,0
56,0.0,0.05940594059405942,0.10733330877518932,1.0,-0.0,0,0
57,0.0,0.08118811881188118,0.13254020222321994,1.0,-0.0,0,0
58,0.0,0.10099009900990098,0.14521752172118105,1.0,-0.0,0,0
59,0.0,0.041584158415841586,0.09467748980500532,1.0,-0.0,0,0
60,0.0,0.041584158415841586,0.09467748980500532,1.0,-0.0,0,0
61,0.0,0.041584158415841586,0.09467748980500532,1.0,-0.0,0,0
62,0.0,0.019801980198019802,0.0597350618970232,1.0,-0.0,0,0
63,0.2,0.019801980198019802,0.059735061897023205,0.001278047474114718,2.8934530136556162,0,0
64,0.2,0.019801980198019802,0.059735061897023205,0.001278047474114718,2.8934530136556162,0,0
65,0.2,0.019801980198019802,0.059735061897023205,0.001278047474114718,2.8934530136556162,0,0
66,0.2,0.019801980198019802,0.059735061897023205,0.001278047474114718,2.8934530136556162,0,0
67,0.2,0.019801980198019802,0.059735061897023205,0.001278047474114718,2.8934530136556162,0,0
68,0.0,0.0,0.0,1.0,-0.0,0,0
69,0.0,0.0,0.0,1.0,-0.0,0,0
70,0.0,0.0,0.0,1.0,-0.0,0,0
71,0.0,0.07326732673267326,0.10798889666879984,1.0,-0.0,0,0
72,0.0,0.07326732673267326,0.10798889666879984,1.0,-0.0,0,0
73,0.0,0.07326732673267326,0.10798889666879984,1.0,-0.0,0,0
74,0.0,0.07326732673267326,0.10798889666879984,1.0,-0.0,0,0
75,0.2,0.08118811881188118,0.11320083903331847,0.14695858512597854,0.8328050379416199,0,0
76,0.2,0.007920792079207921,0.03900537743285587,4.2303541670263104e-07,6.3736232717865695,0,0
77,0.2,0.007920792079207921,0.03900537743285587,4.2303541670263104e-07,6.3736232717865695,0,0
78,0.2,0.007920792079207921,0.03900537743285587,4.2303541670263104e-07,6.3736232717865695,0,0
79,0.4,0.14455445544554454,0.17146731208545954,0.06814336792687992,1.166576405609451,0,0
80,0.2,0.13465346534653463,0.17144444215376922,0.35154492331831994,0.4540191693564455,0,0
81,0.2,0.13465346534653463,0.17144444215376922,0.35154492331831994,0.4540191693564455,0,0
82,0.4,0.2554455445544554,0.23398199453649784,0.26835305748621313,0.5712934522054295,0,0
83,0.4,0.29900990099009894,0.2573648061921575,0.347381129084749,0.45919377759002117,0,0
84,0.2,0.18019801980198016,0.18985132378941597,0.45846462089071444,0.33869417263249585,0,0
85,0.2,0.18019801980198016,0.18985132378941597,0.45846462089071444,0.33869417263249585,0,0
86,0.8,1.293069306930693,0.4935740388535571,1.0,-0.0,0,0
87,0.6,1.2891089108910887,0.4489594107431689,1.0,-0.0,0,0
88,1.2,2.5722772277227723,0.6255482841620278,1.0,-0.0,0,0
89,1.2,2.5564356435643565,0.6233756462625876,1.0,-0.0,0,0
90,1.2,2.5564356435643565,0.6233756462625876,1.0,-0.0,0,0
91,0.6,3.0643564356435644,0.764507757042003,1.0,-0.0,0,0
92,0.6,3.0079207920792075,0.7556628679270466,1.0,-0.0,0,0
93,0.0,2.281188118811881,0.676729595044677,1.0,-0.0,0,0
94,0.0,2.281188118811881,0.676729595044677,1.0,-0.0,0,0
95,0.0,2.443564356435644,0.7005536483204415,1.0,-0.0,0,0
96,0.0,1.005940594059406,0.39547484484677126,1.0,-0.0,0,0
97,0.2,1.0594059405940595,0.4122332843873582,1.0,-0.0,0,0
98,0.2,0.7346534653465346,0.3222555543198155,1.0,-0.0,0,0
99,0.2,0.7346534653465346,0.3222555543198155,1.0,-0.0,0,0
100,0.4,0.7009900990099011,0.33136233929336384,1.0,-0.0,0,0
101,0.4,0.6,0.29112278380010853,1.0,-0.0,0,0
102,0.2,0.5801980198019802,0.28908178361813325,1.0,-0.0,0,0
103,0.2,0.30495049504950494,0.22087864040437138,1.0,-0.0,0,0
104,0.2,0.5623762376237624,0.2987934433878814,1.0,-0.0,0,0
105,0.2,0.7623762376237624,0.38764367764931756,1.0,-0.0,0,0
106,0.4,0.7386138613861387,0.3741578787406508,1.0,-0.0,0,0
107,0.4,0.6712871287128712,0.37079968002361746,1.0,-0.0,0,0
108,0.4,0.6871287128712872,0.386316283065715,1.0,-0.0,0,0
109,0.4,0.4811881188118812,0.3528421719050586,1.0,-0.0,0,0
110,0.2,0.16237623762376235,0.21194595105361827,0.4295516142959756,0.36698464450526413,0,0
111,0.0,0.20594059405940596,0.19590954781832298,1.0,-0.0,0,0
112,0.2,0.3386138613861386,0.23503540792012342,1.0,-0.0,0,0
113,0.2,0.3227722772277228,0.2233326285920267,1.0,-0.0,0,0
114,0.2,0.2712871287128713,0.20793022137977643,1.0,-0.0,0,0
115,0.2,0.2950495049504951,0.20984493927507253,1.0,-0.0,0,0
116,0.2,0.2099009900990099,0.18748198619476633,1.0,-0.0,0,0
117,0.0,0.057425742574257435,0.09885135821266286,1.0,-0.0,0,0
118,0.2,0.17821782178217818,0.1755353680172698,0.4506220205314827,0.3461875894394391,0,0
119,0.2,0.20198019801980194,0.189830668692386,1.0,-0.0,0,0
120,0.2,0.19207920792079206,0.1733097543528005,0.4817734486711511,0.31715713836289183,0,0
121,0.4,0.3326732673267327,0.22030982274568572,0.37995452237139216,0.42026838197558347,0,0
122,0.8,0.5247524752475248,0.28122995086965824,0.16385728682663675,0.7855342405298112,0,0
123,0.6,0.40594059405940597,0.2586414553228625,0.22653618085953653,0.6448624254711032,0,0
124,0.6,0.3821782178217822,0.2611460043062897,0.20211242547219438,0.6944069860981136,0,0
125,0.6,0.3603960396039604,0.2579735222888912,0.176498227912471,0.7532596506823842,0,0
126,0.4,0.201980198019802,0.21340251467882923,0.17672533606106805,0.7527011838110761,0,0
127,0.0,0.023762376237623766,0.07056843438101175,1.0,-0.0,0,0
128,0.0,0.07722772277227723,0.11593886073904514,1.0,-0.0,0,0
129,0.0,0.07722772277227723,0.11593886073904514,1.0,-0.0,0,0
130,0.0,0.07920792079207921,0.11631029826208643,1.0,-0.0,0,0
131,0.0,0.11287128712871287,0.13618810981425267,1.0,-0.0,0,0
132,0.0,0.0891089108910891,0.12420120222231067,1.0,-0.0,0,0
133,0.0,0.07326732673267328,0.12177815335858849,1.0,-0.0,0,0
134,0.0,0.07326732673267328,0.12177815335858849,1.0,-0.0,0,0
135,0.0,0.0712871287128713,0.12132652421418132,1.0,-0.0,0,0
136,0.0,0.03762376237623762,0.08771182015980238,1.0,-0.0,0,0
137,0.0,0.03762376237623762,0.08771182015980238,1.0,-0.0,0,0
138,0.0,0.0,0.0,1.0,-0.0,0,0
139,0.0,0.0,0.0,1.0,-0.0,0,0
140,0.0,0.0,0.0,1.0,-0.0,0,0
141,0.0,0.0,0.0,1.0,-0.0,0,0
142,0.0,0.0,0.0,1.0,-0.0,0,0
143,0.0,0.0,0.0,1.0,-0.0,0,0
144,0.0,0.0,0.0,1.0,-0.0,0,0
145,0.0,0.009900990099009901,0.04338396495090424,1.0,-0.0,0,0
146,0.0,0.013861386138613863,0.05079507064705211,1.0,-0.0,0,0
147,0.0,0.013861386138613863,0.05079507064705211,1.0,-0.0,0,0
148,0.0,0.013861386138613863,0.05079507064705211,1.0,-0.0,0,0
149,0.0,0.013861386138613863,0.05079507064705211,1.0,-0.0,0,0
150,0.0,0.0039603960396039604,0.027863855998951068,1.0,-0.0,0,0
151,0.0,0.0,0.0,1.0,-0.0,0,0
152,0.0,0.0,0.0,1.0,-0.0,0,0
153,0.0,0.0,0.0,1.0,-0.0,0,0
154,0.0,0.0,0.0,1.0,-0.0,0,0
155,0.0,0.007920792079207921,0.03900537743285587,1.0,-0.0,0,0
156,0.0,0.021782178217821784,0.06230547612891991,1.0,-0.0,0,0
157,0.0,0.021782178217821784,0.06230547612891991,1.0,-0.0,0,0
158,0.0,0.021782178217821784,0.06230547612891991,1.0,-0.0,0,0
159,0.0,0.021782178217821784,0.06230547612891991,1.0,-0.0,0,0
160,1.2,0.051485148514851496,0.09186070102766894,1e-17,17.0,0,0
161,1.2,0.03762376237623763,0.07816140339006158,1e-17,17.0,0,0
162,1.2,0.03762376237623763,0.07816140339006158,1e-17,17.0,0,0
163,1.2,0.03762376237623763,0.07816140339006158,1e-17,17.0,0,0
164,1.2,0.03762376237623763,0.07816140339006158,1e-17,17.0,0,0
165,0.0,0.0,0.0,1.0,-0.0,0,0
166,0.0,0.0,0.0,1.0,-0.0,0,0
167,0.0,0.0,0.0,1.0,-0.0,0,0
168,0.0,0.021782178217821784,0.06230547612891991,1.0,-0.0,0,0
169,0.0,0.021782178217821784,0.06230547612891991,1.0,-0.0,0,0
170,0.0,0.021782178217821784,0.06230547612891991,1.0,-0.0,0,0
171,0.0,0.021782178217821784,0.06230547612891991,1.0,-0.0,0,0
172,0.0,0.021782178217821784,0.06230547612891991,1.0,-0.0,0,0
173,0.0,0.0,0.0,1.0,-0.0,0,0
174,0.0,0.0039603960396039604,0.027863855998951064,1.0,-0.0,0,0
175,0.0,0.0039603960396039604,0.027863855998951064,1.0,-0.0,0,0
176,0.0,0.0039603960396039604,0.027863855998951064,1.0,-0.0,0,0
177,0.0,0.0039603960396039604,0.027863855998951064,1.0,-0.0,0,0
178,0.0,0.0039603960396039604,0.027863855998951064,1.0,-0.0,0,0
179,0.0,0.0,0.0,1.0,-0.0,0,0
180,0.0,0.0,0.0,1.0,-0.0,0,0
181,0.0,0.0,0.0,1.0,-0.0,0,0
182,0.0,0.0,0.0,1.0,-0.0,0,0
183,0.0,0.0,0.0,1.0,-0.0,0,0
184,0.0,0.0,0.0,1.0,-0.0,0,0
185,0.0,0.0,0.0,1.0,-0.0,0,0
186,0.0,0.0,0.0,1.0,-0.0,0,0
187,0.0,0.0,0.0,1.0,-0.0,0,0
188,0.0,0.0,0.0,1.0,-0.0,0,0
189,0.0,0.0,0.0,1.0,-0.0,0,0
190,0.0,0.0,0.0,1.0,-0.0,0,0
191,0.0,0.07524752475247526,0.1189108498693262,1.0,-0.0,0,0
192,0.0,0.14455445544554454,0.1518696989212991,1.0,-0.0,0,0
193,0.2,0.27128712871287125,0.21356782198356852,1.0,-0.0,0,0
194,0.2,0.27128712871287125,0.21356782198356852,1.0,-0.0,0,0
195,0.2,0.29108910891089107,0.22075433678212725,1.0,-0.0,0,0
196,0.4,0.2871287128712871,0.23448421017018475,0.3151303791245977,0.5015097280534846,0,0
197,0.6,0.28910891089108914,0.22773138167109014,0.08610047566411395,1.0649944492695822,0,0
198,0.6,0.22772277227722773,0.2010461805385672,0.03203445157545346,1.4943827066586377,0,0
199,0.8,0.24950495049504953,0.197821683069183,0.0026947322062601167,2.5694843871088393,0,0
200,0.8,0.22970297029702966,0.1853786889262329,0.001047620160891883,2.9797961524004477,0,0
201,0.6,0.1584158415841584,0.15749733722889644,0.0025255530572836655,2.5976435033173497,0,0
202,0.4,0.08712871287128712,0.127165103825761,0.0069399841190152176,2.1586415233537832,0,0
203,0.2,0.021782178217821784,0.06230547612891991,0.002115616449879084,2.6745630648030154,0,0
204,0.0,0.019801980198019802,0.059735061897023205,1.0,-0.0,0,0
205,0.4,0.1069306930693069,0.14776046024695155,0.02366092655151797,1.6259682525934427,0,0
206,0.4,0.1069306930693069,0.14776046024695155,0.02366092655151797,1.6259682525934427,0,0
207,0.4,0.1485148514851485,0.16326729671147555,0.06174024088977673,1.2094316803787584,0,0
208,0.4,0.16435643564356434,0.17439238698062573,0.08831149031009479,1.0539827861889488,0,0
209,0.4,0.14356435643564355,0.16910705589447975,0.06470784634859592,1.1890430544272985,0,0
210,0.0,0.061386138613861385,0.10046456153636296,1.0,-0.0,0,0
211,0.0,0.061386138613861385,0.10046456153636296,1.0,-0.0,0,0
212,0.0,0.021782178217821784,0.06230547612891991,1.0,-0.0,0,0
213,0.0,0.0059405940594059415,0.03395332316729158,1.0,-0.0,0,0
214,0.0,0.0059405940594059415,0.03395332316729158,1.0,-0.0,0,0
215,0.0,0.0,0.0,1.0,-0.0,0,0
216,0.0,0.0,0.0,1.0,-0.0,0,0
217,0.0,0.011881188118811883,0.04727657974777554,1.0,-0.0,0,0
218,0.0,0.05544554455445544,0.09797478714338996,1.0,-0.0,0,0
219,0.0,0.05544554455445544,0.09797478714338996,1.0,-0.0,0,0
220,0.2,0.1881188118811881,0.16607711957435053,0.4714839211099886,0.3265331133026336,0,0
221,0.4,0.3168316831683169,0.2375907567836934,0.3631511043283715,0.4399126308279646,0,0
222,0.6,0.4990099009900989,0.2809090792285993,0.35960616551411406,0.4441728708158853,0,0
223,0.8,0.6099009900990099,0.2902729853751872,0.2562669221558919,0.5913074470824354,0,0
224,0.8,0.6099009900990099,0.2902729853751872,0.2562669221558919,0.5913074470824354,0,0
225,0.8,0.7188118811881188,0.3528421719050587,0.40900798484843814,0.38826821340643447,0,0
226,0.6,0.5900990099009901,0.3126079854598681,0.4873667229552908,0.3121441274497502,0,0
227,0.4,0.4376237623762377,0.27244819115033975,1.0,-0.0,0,0
228,0.2,0.302970297029703,0.23142068570289673,1.0,-0.0,0,0
229,0.2,0.302970297029703,0.23142068570289673,1.0,-0.0,0,0
230,0.0,0.11683168316831682,0.16232793292609266,1.0,-0.0,0,0
231,0.0,0.21386138613861383,0.21296106787335986,1.0,-0.0,0,0
232,0.0,0.17227722772277226,0.18245781385805057,1.0,-0.0,0,0
233,0.0,0.15247524752475247,0.16921136785416444,1.0,-0.0,0,0
234,0.0,0.15247524752475247,0.16921136785416444,1.0,-0.0,0,0
235,0.0,0.09504950495049506,0.13670539084430267,1.0,-0.0,0,0
236,0.0,0.0039603960396039604,0.027863855998951064,1.0,-0.0,0,0
237,0.0,0.039603960396039604,0.0890869059738772,1.0,-0.0,0,0
238,0.0,0.08712871287128712,0.127165103825761,1.0,-0.0,0,0
239,0.0,0.08712871287128712,0.127165103825761,1.0,-0.0,0,0
240,0.0,0.08712871287128712,0.127165103825761,1.0,-0.0,0,0
241,0.0,0.12673267326732673,0.1454872925680942,1.0,-0.0,0,0
242,0.0,0.09108910891089109,0.12435895816322838,1.0,-0.0,0,0
243,0.0,0.0871287128712871,0.11745095149573798,1.0,-0.0,0,0
244,0.0,0.0871287128712871,0.11745095149573798,1.0,-0.0,0,0
245,0.0,0.0871287128712871,0.11745095149573798,1.0,-0.0,0,0
246,0.0,0.04356435643564357,0.08255312311158745,1.0,-0.0,0,0
247,0.0,0.04356435643564357,0.08255312311158745,1.0,-0.0,0,0
248,0.0,0.0,0.0,1.0,-0.0,0,0
249,0.0,0.0,0.0,1.0,-0.0,0,0
250,0.0,0.0,0.0,1.0,-0.0,0,0
251,0.0,0.0,0.0,1.0,-0.0,0,0
252,0.0,0.013861386138613863,0.050795070647052104,1.0,-0.0,0,0
253,0.0,0.013861386138613863,0.050795070647052104,1.0,-0.0,0,0
254,0.0,0.025742574257425748,0.0669763743575753,1.0,-0.0,0,0
255,0.0,0.025742574257425748,0.0669763743575753,1.0,-0.0,0,0
256,0.0,0.025742574257425748,0.0669763743575753,1.0,-0.0,0,0
257,0.0,0.011881188118811883,0.04727657974777555,1.0,-0.0,0,0
258,0.0,0.011881188118811883,0.04727657974777555,1.0,-0.0,0,0
259,0.0,0.0,0.0,1.0,-0.0,0,0
260,0.0,0.0,0.0,1.0,-0.0,0,0
261,0.0,0.0,0.0,1.0,-0.0,0,0
262,0.0,0.0,0.0,1.0,-0.0,0,0
263,0.0,0.0,0.0,1.0,-0.0,0,0
264,0.0,0.0,0.0,1.0,-0.0,0,0
265,0.0,0.0,0.0,1.0,-0.0,0,0
266,0.0,0.0,0.0,1.0,-0.0,0,0
267,0.0,0.0,0.0,1.0,-0.0,0,0
268,0.0,0.0,0.0,1.0,-0.0,0,0
269,0.0,0.0,0.0,1.0,-0.0,0,0
270,0.0,0.0,0.0,1.0,-0.0,0,0
271,0.0,0.011881188118811883,0.047276579747775535,1.0,-0.0,0,0
272,0.0,0.011881188118811883,0.047276579747775535,1.0,-0.0,0,0
273,0.0,0.07722772277227724,0.12258049537063101,1.0,-0.0,0,0
274,0.0,0.07722772277227724,0.12258049537063101,1.0,-0.0,0,0
275,0.0,0.07722772277227724,0.12258049537063101,1.0,-0.0,0,0
276,0.0,0.06534653465346535,0.11976515267356391,1.0,-0.0,0,0
277,0.0,0.06930693069306931,0.1303024465454424,1.0,-0.0,0,0
278,0.0,0.0039603960396039604,0.02786385599895107,1.0,-0.0,0,0
279,0.0,0.0039603960396039604,0.02786385599895107,1.0,-0.0,0,0
280,0.0,0.0039603960396039604,0.02786385599895107,1.0,-0.0,0,0
281,0.0,0.0039603960396039604,0.02786385599895107,1.0,-0.0,0,0
282,0.0,0.0,0.0,1.0,-0.0,0,0
283,0.0,0.0,0.0,1.0,-0.0,0,0
284,0.0,0.0,0.0,1.0,-0.0,0,0
285,0.0,0.0,0.0,1.0,-0.0,0,0
286,0.0,0.013861386138613863,0.05079507064705211,1.0,-0.0,0,0
287,0.0,0.013861386138613863,0.05079507064705211,1.0,-0.0,0,0
288,0.0,0.013861386138613863,0.05079507064705211,1.0,-0.0,0,0
289,0.0,0.013861386138613863,0.05079507064705211,1.0,-0.0,0,0
290,0.0,0.013861386138613863,0.05079507064705211,1.0,-0.0,0,0
291,0.0,0.0,0.0,1.0,-0.0,0,0
292,0.0,0.025742574257425745,0.0669763743575753,1.0,-0.0,0,0
293,0.0,0.08514851485148514,0.1269490726718781,1.0,-0.0,0,0
294,0.0,0.08514851485148514,0.1269490726718781,1.0,-0.0,0,0
295,0.0,0.08514851485148514,0.1269490726718781,1.0,-0.0,0,0
296,0.0,0.08514851485148514,0.1269490726718781,1.0,-0.0,0,0
297,0.0,0.05940594059405942,0.0996808946427978,1.0,-0.0,0,0
298,0.4,0.18811881188118812,0.18630706513012396,0.12771299393561014,0.8937649139547095,0,0
299,0.6,0.3782178217821782,0.2546999634188281,0.1919429930193236,0.7168277374074085,0,0
300,0.6,0.3782178217821782,0.2546999634188281,0.1919429930193236,0.7168277374074085,0,0
301,0.6,0.3782178217821782,0.2546999634188281,0.1919429930193236,0.7168277374074085,0,0
302,0.8,0.39603960396039606,0.26247896363769496,0.06189969689182274,1.2083114776120485,0,0
303,0.4,0.20792079207920788,0.20083152306547483,0.16943013941549628,0.7710093318001555,0,0
304,0.2,0.017821782178217824,0.05698017651460657,0.0006937928196726566,3.1587701991504593,0,0
305,0.2,0.017821782178217824,0.05698017651460657,0.0006937928196726566,3.1587701991504593,0,0
306,0.4,0.14851485148514848,0.1656752527790249,0.06451472041088833,1.1903411804993722,0,0
307,0.2,0.1287128712871287,0.15564406822280066,0.3234712690031588,0.4901642876923811,0,0
308,0.2,0.1287128712871287,0.15564406822280066,0.3234712690031588,0.4901642876923811,0,0
309,0.2,0.1287128712871287,0.15564406822280066,0.3234712690031588,0.4901642876923811,0,0
310,0.2,0.1287128712871287,0.15564406822280066,0.3234712690031588,0.4901642876923811,0,0
311,0.0,0.0,0.0,1.0,-0.0,0,0
312,0.0,0.0,0.0,1.0,-0.0,0,0
313,0.0,0.0,0.0,1.0,-0.0,0,0
314,0.0,0.007920792079207921,0.03900537743285587,1.0,-0.0,0,0
315,0.0,0.007920792079207921,0.03900537743285587,1.0,-0.0,0,0
316,0.0,0.007920792079207921,0.03900537743285587,1.0,-0.0,0,0
317,0.0,0.007920792079207921,0.03900537743285587,1.0,-0.0,0,0
318,0.0,0.007920792079207921,0.03900537743285587,1.0,-0.0,0,0
319,0.0,0.0,0.0,1.0,-0.0,0,0
320,0.0,0.0,0.0,1.0,-0.0,0,0
321,0.0,0.0,0.0,1.0,-0.0,0,0
322,0.0,0.023762376237623766,0.06471340450838887,1.0,-0.0,0,0
323,0.0,0.043564356435643575,0.08721867542790195,1.0,-0.0,0,0
324,0.0,0.08514851485148513,0.1269490726718781,1.0,-0.0,0,0
325,0.0,0.08514851485148513,0.1269490726718781,1.0,-0.0,0,0
326,0.0,0.08514851485148513,0.1269490726718781,1.0,-0.0,0,0
327,0.0,0.07326732673267328,0.12498799079651089,1.0,-0.0,0,0
328,0.4,0.18217821782178212,0.1931479910747968,0.12971370314460112,0.8870141419904982,0,0
329,0.4,0.1584158415841584,0.17647108799335678,0.08550385420738128,1.06801430839146,0,0
330,0.4,0.1584158415841584,0.17647108799335678,0.08550385420738128,1.06801430839146,0,0
331,0.4,0.1584158415841584,0.17647108799335678,0.08550385420738128,1.06801430839146,0,0
332,1.0,0.2831683168316832,0.2392518483041854,0.001367110907729646,2.864196251590803,0,0
333,1.0,0.44752475247524753,0.29537492851834257,0.030712741071473197,1.5126814216197288,0,0
334,1.2,0.4871287128712872,0.32871287128712867,0.015053694784970104,1.8223568935725731,0,0
335,1.6,0.5940594059405941,0.3359106971665747,0.0013737241955387783,2.8621004524140377,0,0
336,1.8,0.879207920792079,0.4360753935366592,0.017362819755885876,1.7603797431585424,0,0
337,1.2,0.7603960396039604,0.3889766232688821,0.12920541295655075,0.8887192915428133,0,0
338,0.8,0.48910891089108915,0.3177585452649745,0.16394127596981922,0.7853116890829046,0,0
339,0.6,0.5801980198019803,0.3359690585647888,0.47649999181894365,0.3219371024820822,0,0
340,0.2,0.47326732673267335,0.3105061626623045,1.0,-0.0,0,0
341,0.0,0.18811881188118812,0.1884208102236084,1.0,-0.0,0,0
342,0.0,0.16831683168316833,0.16586448785245092,1.0,-0.0,0,0
343,0.0,0.1485148514851485,0.15325760452189582,1.0,-0.0,0,0
344,0.0,0.0,0.0,1.0,-0.0,0,0
345,0.0,0.015841584158415842,0.05401260078014202,1.0,-0.0,0,0
346,0.0,0.025742574257425745,0.0669763743575753,1.0,-0.0,0,0
347,0.0,0.03762376237623763,0.08307396817189318,1.0,-0.0,0,0
348,0.0,0.03762376237623763,0.08307396817189318,1.0,-0.0,0,0
349,0.0,0.03762376237623763,0.08307396817189318,1.0,-0.0,0,0
350,0.0,0.021782178217821784,0.062305476128919915,1.0,-0.0,0,0
351,0.0,0.031683168316831684,0.07826167463512675,1.0,-0.0,0,0
352,0.2,0.025742574257425745,0.07264925278354116,0.008228653963589683,2.084671200510097,0,0
353,0.2,0.025742574257425745,0.07264925278354116,0.008228653963589683,2.084671200510097,0,0
354,0.2,0.15049504950495046,0.17212921831366915,0.38682516638824044,0.4124852789840712,0,0
355,0.2,0.19207920792079206,0.17558003918939316,0.48200896072910276,0.31694488798722964,0,0
356,0.2,0.18019801980198016,0.16769833948309013,0.45300175650568253,0.3439001140153218,0,0
357,0.0,0.17425742574257425,0.1680720409815679,1.0,-0.0,0,0
358,0.0,0.17425742574257425,0.1680720409815679,1.0,-0.0,0,0
359,0.0,0.04950495049504951,0.09078727434730813,1.0,-0.0,0,0
360,0.0,0.007920792079207921,0.03900537743285587,1.0,-0.0,0,0
361,0.0,0.0,0.0,1.0,-0.0,0,0
362,0.4,0.10099009900990098,0.12781100644043505,0.00965558432337917,2.015221439052845,0,0
363,0.6,0.10693069306930691,0.1306930693069307,8.073638208510372e-05,4.092930715858077,0,0
364,0.6,0.1198019801980198,0.13498793637349912,0.00018731438974256635,3.7274288582588078,0,0
365,0.6,0.1198019801980198,0.13498793637349912,0.00018731438974256635,3.7274288582588078,0,0
366,0.6,0.13267326732673265,0.1414975848312859,0.0004787617853627274,3.3198805221512537,0,0
367,0.2,0.03762376237623763,0.08771182015980238,0.03206701867154286,1.4939414153345645,0,0
368,0.0,0.047524752475247525,0.09809478080396704,1.0,-0.0,0,0
369,0.0,0.20396039603960395,0.19896802672602726,1.0,-0.0,0,0
370,0.0,0.20396039603960395,0.19896802672602726,1.0,-0.0,0,0
371,0.0,0.24752475247524752,0.23062294434123828,1.0,-0.0,0,0
372,0.0,0.2910891089108911,0.23297431545894154,1.0,-0.0,0,0
373,0.2,0.3742574257425743,0.278131483027001,1.0,-0.0,0,0
374,0.2,0.2059405940594059,0.19590954781832298,1.0,-0.0,0,0
375,0.2,0.2059405940594059,0.19590954781832298,1.0,-0.0,0,0
376,0.2,0.15049504950495046,0.17212921831366915,0.38682516638824044,0.4124852789840712,0,0
377,0.2,0.09702970297029702,0.15054715096038188,0.24699587585463006,0.6073102981918719,0,0
378,0.0,0.0,0.0,1.0,-0.0,0,0
379,0.0,0.0,0.0,1.0,-0.0,0,0
380,0.0,0.0,0.0,1.0,-0.0,0,0
381,0.0,0.0,0.0,1.0,-0.0,0,0
382,0.0,0.0,0.0,1.0,-0.0,0,0
383,0.0,0.0,0.0,1.0,-0.0,0,0
384,0.0,0.0,0.0,1.0,-0.0,0,0
385,0.0,0.019801980198019802,0.059735061897023205,1.0,-0.0,0,0
386,0.0,0.019801980198019802,0.059735061897023205,1.0,-0.0,0,0
387,0.0,0.019801980198019802,0.059735061897023205,1.0,-0.0,0,0
388,0.0,0.019801980198019802,0.059735061897023205,1.0,-0.0,0,0
389,0.0,0.019801980198019802,0.059735061897023205,1.0,-0.0,0,0
390,0.0,0.0,0.0,1.0,-0.0,0,0
391,0.0,0.05148514851485149,0.096075322540263,1.0,-0.0,0,0
392,0.0,0.15247524752475244,0.15453158823862712,1.0,-0.0,0,0
393,0.0,0.16831683168316833,0.15853955565345026,1.0,-0.0,0,0
394,0.0,0.16831683168316833,0.15853955565345026,1.0,-0.0,0,0
395,0.0,0.16831683168316833,0.15853955565345026,1.0,-0.0,0,0
396,0.0,0.11485148514851483,0.14169143619800648,1.0,-0.0,0,0
397,0.0,0.015841584158415842,0.05401260078014202,1.0,-0.0,0,0
398,0.0,0.0,0.0,1.0,-0.0,0,0
399,0.0,0.0,0.0,1.0,-0.0,0,0
400,0.0,0.0,0.0,1.0,-0.0,0,0
401,0.0,0.007920792079207921,0.03900537743285587,1.0,-0.0,0,0
402,0.0,0.007920792079207921,0.03900537743285587,1.0,-0.0,0,0
403,0.0,0.007920792079207921,0.03900537743285587,1.0,-0.0,0,0
404,0.0,0.007920792079207921,0.03900537743285587,1.0,-0.0,0,0
405,0.0,0.007920792079207921,0.03900537743285587,1.0,-0.0,0,0
406,0.0,0.0,0.0,1.0,-0.0,0,0
407,0.0,0.0,0.0,1.0,-0.0,0,0
408,0.0,0.0,0.0,1.0,-0.0,0,0
409,0.0,0.0,0.0,1.0,-0.0,0,0
410,0.0,0.0,0.0,1.0,-0.0,0,0
411,0.0,0.0,0.0,1.0,-0.0,0,0
412,0.0,0.0,0.0,1.0,-0.0,0,0
413,0.0,0.0,0.0,1.0,-0.0,0,0
414,0.0,0.0,0.0,1.0,-0.0,0,0
415,0.0,0.0,0.0,1.0,-0.0,0,0
416,0.0,0.0,0.0,1.0,-0.0,0,0
417,0.0,0.0,0.0,1.0,-0.0,0,0
418,0.0,0.0,0.0,1.0,-0.0,0,0
419,0.0,0.0,0.0,1.0,-0.0,0,0
420,0.0,0.0,0.0,1.0,-0.0,0,0
421,0.0,0.0,0.0,1.0,-0.0,0,0
422,0.0,0.0,0.0,1.0,-0.0,0,0
423,0.0,0.017821782178217824,0.05698017651460656,1.0,-0.0,0,0
424,0.0,0.017821782178217824,0.05698017651460656,1.0,-0.0,0,0
425,0.0,0.017821782178217824,0.05698017651460656,1.0,-0.0,0,0
426,0.0,0.05346534653465347,0.09704990696905227,1.0,-0.0,0,0
427,0.0,0.06336633663366337,0.10120342446875755,1.0,-0.0,0,0
428,0.0,0.04554455445544555,0.08846854615322249,1.0,-0.0,0,0
429,0.0,0.04554455445544555,0.08846854615322249,1.0,-0.0,0,0
430,0.0,0.04554455445544555,0.08846854615322249,1.0,-0.0,0,0
431,0.0,0.009900990099009901,0.04338396495090424,1.0,-0.0,0,0
432,0.0,0.0,0.0,1.0,-0.0,0,0
433,0.0,0.0,0.0,1.0,-0.0,0,0
434,0.0,0.0,0.0,1.0,-0.0,0,0
435,0.0,0.0,0.0,1.0,-0.0,0,0
436,0.0,0.0,0.0,1.0,-0.0,0,0
437,0.0,0.0,0.0,1.0,-0.0,0,0
438,0.0,0.0,0.0,1.0,-0.0,0,0
439,0.0,0.0,0.0,1.0,-0.0,0,0
440,0.2,0.0871287128712871,0.13324834725751067,0.19847677780780132,0.7022902992782226,0,0
441,1.0,0.17029702970297025,0.16976661583645788,5.111017192802514e-07,6.291492658131693,0,0
442,2.0,0.4930693069306931,0.2999199318044386,2.52447461558701e-07,6.597828991918748,0,0
443,2.0,0.4930693069306931,0.2999199318044386,2.52447461558701e-07,6.597828991918748,0,0
444,2.4,1.9287128712871289,0.5093845312977408,0.1774286137489584,0.7509763405854841,0,0
445,2.4,1.8752475247524758,0.5211194995304848,0.156974239177468,0.804171613202425,0,0
446,1.6,1.8752475247524754,0.5456227145677579,1.0,-0.0,0,0
447,0.6,1.5683168316831684,0.499292706283977,1.0,-0.0,0,0
448,1.2,1.6554455445544551,0.518274984835166,1.0,-0.0,0,0
449,0.8,0.5306930693069306,0.2944175570049408,0.18017172621487043,0.7443133604839153,0,0
450,0.6,0.5782178217821783,0.3042940085555089,0.47146701520221207,0.32654868599507597,0,0
451,0.6,0.6732673267326733,0.3720138103230463,1.0,-0.0,0,0
452,0.6,0.875247524752475,0.41156690217888114,1.0,-0.0,0,0
453,0.0,0.8138613861386137,0.38717808806194903,1.0,-0.0,0,0
454,0.0,0.5287128712871287,0.2946172659548085,1.0,-0.0,0,0
455,0.0,0.49306930693069306,0.2905295355693351,1.0,-0.0,0,0
456,0.0,0.5485148514851487,0.2906509803074657,1.0,-0.0,0,0
457,0.0,0.4772277227722772,0.2978075623316892,1.0,-0.0,0,0
458,0.0,0.4653465346534654,0.27447001804354343,1.0,-0.0,0,0
459,0.0,0.4910891089108911,0.2677737370203057,1.0,-0.0,0,0
460,0.0,0.5346534653465347,0.2565713162256716,1.0,-0.0,0,0
461,0.0,0.30099009900990104,0.2173171472208942,1.0,-0.0,0,0
462,0.0,0.18415841584158413,0.18387074305594647,1.0,-0.0,0,0
463,0.0,0.22178217821782176,0.18858722298311487,1.0,-0.0,0,0
464,0.0,0.1742574257425742,0.1583663288960967,1.0,-0.0,0,0
465,0.0,0.08910891089108909,0.11423528793549273,1.0,-0.0,0,0
466,0.0,0.08910891089108909,0.11423528793549273,1.0,-0.0,0,0
467,0.0,0.0594059405940594,0.09562531855564069,1.0,-0.0,0,0
468,0.0,0.007920792079207921,0.03900537743285587,1.0,-0.0,0,0
469,0.0,0.007920792079207921,0.03900537743285587,1.0,-0.0,0,0
470,0.0,0.0,0.0,1.0,-0.0,0,0
471,0.0,0.0,0.0,1.0,-0.0,0,0
472,0.0,0.0,0.0,1.0,-0.0,0,0
473,0.0,0.0,0.0,1.0,-0.0,0,0
474,0.0,0.01386138613861386,0.05079507064705211,1.0,-0.0,0,0
475,0.0,0.04950495049504951,0.09078727434730813,1.0,-0.0,0,0
476,0.0,0.17029702970297025,0.172083651345746,1.0,-0.0,0,0
477,0.0,0.17029702970297025,0.172083651345746,1.0,-0.0,0,0
478,0.0,0.43564356435643564,0.283396709112527,1.0,-0.0,0,0
479,0.0,0.5405940594059406,0.30513045994864507,1.0,-0.0,0,0
480,0.0,0.5683168316831683,0.31432174128339757,1.0,-0.0,0,0
481,0.0,0.6178217821782179,0.34823345975915887,1.0,-0.0,0,0
482,0.2,0.7702970297029703,0.37694565998992047,1.0,-0.0,0,0
483,0.2,0.5405940594059406,0.32156123412414317,1.0,-0.0,0,0
484,0.2,0.502970297029703,0.28785841044560123,1.0,-0.0,0,0
485,0.2,0.5821782178217823,0.3135223205230064,1.0,-0.0,0,0
486,0.2,0.43960396039603966,0.2655385739242813,1.0,-0.0,0,0
487,0.0,0.28712871287128716,0.21325546727829953,1.0,-0.0,0,0
488,0.0,0.2514851485148515,0.19223225504176786,1.0,-0.0,0,0
489,0.0,0.17029702970297025,0.16503498246348225,1.0,-0.0,0,0
490,3.4,0.8198019801980199,0.37916526399687694,5.0544716737128966e-12,11.296324232987416,0,0
491,4.6,1.1207920792079207,0.4222328276310835,9.608927157336235e-17,16.017325098872405,0,0
492,4.6,1.1287128712871286,0.4273650869655852,2.382761836648668e-16,15.622919364367059,0,0
493,4.8,1.3920792079207922,0.501815154386204,5.560724359457425e-12,11.254868632010588,0,0
494,4.8,1.524752475247525,0.5294132639800703,3.074542241714718e-10,9.51221953572469,0,0
495,1.4,0.7960396039603962,0.38070304741716277,0.05632040540414869,1.2493342277268986,0,0
496,0.2,0.5009900990099009,0.31544249903746346,1.0,-0.0,0,0
497,0.2,0.6217821782178218,0.33994873241782075,1.0,-0.0,0,0
498,0.0,0.5138613861386139,0.27323862670353016,1.0,-0.0,0,0
499,0.0,0.40792079207920795,0.26389435641913156,1.0,-0.0,0,0
500,0.0,0.47524752475247534,0.29497640133637515,1.0,-0.0,0,0
501,0.0,0.4653465346534654,0.2939777197607229,1.0,-0.0,0,0
502,0.0,0.33762376237623765,0.23159006337740715,1.0,-0.0,0,0
503,0.0,0.18217821782178217,0.201182661499228,1.0,-0.0,0,0
504,0.0,0.15445544554455445,0.18643330369805652,1.0,-0.0,0,0
505,0.0,0.02376237623762377,0.06471340450838889,1.0,-0.0,0,0
506,0.0,0.0,0.0,1.0,-0.0,0,0
507,0.0,0.0,0.0,1.0,-0.0,0,0
508,0.0,0.0,0.0,1.0,-0.0,0,0
509,0.0,0.0,0.0,1.0,-0.0,0,0
510,0.0,0.0,0.0,1.0,-0.0,0,0
511,0.0,0.0,0.0,1.0,-0.0,0,0
512,0.0,0.0,0.0,1.0,-0.0,0,0
513,0.0,0.03762376237623763,0.08307396817189319,1.0,-0.0,0,0
514,0.0,0.03762376237623763,0.08307396817189319,1.0,-0.0,0,0
515,0.0,0.0712871287128713,0.11801714396634724,1.0,-0.0,0,0
516,0.0,0.0712871287128713,0.11801714396634724,1.0,-0.0,0,0
517,0.0,0.0712871287128713,0.11801714396634724,1.0,-0.0,0,0
518,0.0,0.033663366336633666,0.07994704648786674,1.0,-0.0,0,0
519,0.0,0.033663366336633666,0.07994704648786674,1.0,-0.0,0,0
520,0.0,0.0,0.0,1.0,-0.0,0,0
521,0.0,0.0,0.0,1.0,-0.0,0,0
522,0.0,0.0,0.0,1.0,-0.0,0,0
523,0.0,0.0,0.0,1.0,-0.0,0,0
524,0.0,0.0,0.0,1.0,-0.0,0,0
525,0.2,0.023762376237623766,0.06471340450838889,0.0032311212459077425,2.490646745033819,0,0
526,0.2,0.023762376237623766,0.06471340450838889,0.0032311212459077425,2.490646745033819,0,0
527,0.2,0.023762376237623766,0.06471340450838889,0.0032311212459077425,2.490646745033819,0,0
528,0.4,0.06336633663366337,0.10874875419996817,0.0009823491490400878,3.0077341267229323,0,0
529,0.4,0.06336633663366337,0.10874875419996817,0.0009823491490400878,3.0077341267229323,0,0
530,0.2,0.039603960396039604,0.08452453849668534,0.028872622852877186,1.5395137620565469,0,0
531,0.2,0.039603960396039604,0.08452453849668534,0.028872622852877186,1.5395137620565469,0,0
532,0.4,0.1306930693069307,0.17219754615690824,0.05891562498949651,1.229769510869898,0,0
533,0.4,0.22772277227722773,0.21439244661272866,0.21082552111215125,0.676076817523558,0,0
534,0.4,0.2712871287128713,0.21724496082221745,0.2767652566701475,0.5578884293289936,0,0
535,0.4,0.4732673267326733,0.28245426830715953,1.0,-0.0,0,0
536,0.4,0.4732673267326733,0.28245426830715953,1.0,-0.0,0,0
537,0.2,0.38217821782178224,0.24389416614181644,1.0,-0.0,0,0
538,0.0,0.24554455445544554,0.2046609137062056,1.0,-0.0,0,0
539,0.0,0.20198019801980197,0.18129359046727286,1.0,-0.0,0,0
540,0.0,0.0,0.0,1.0,-0.0,0,0
541,0.0,0.0,0.0,1.0,-0.0,0,0
542,0.0,0.0,0.0,1.0,-0.0,0,0
543,0.0,0.0,0.0,1.0,-0.0,0,0
544,0.0,0.019801980198019802,0.0597350618970232,1.0,-0.0,0,0
545,0.4,0.2693069306930693,0.22591620906062038,0.28146248851485345,0.5505794768927064,0,0
546,0.4,0.2693069306930693,0.22591620906062038,0.28146248851485345,0.5505794768927064,0,0
547,0.4,0.42376237623762386,0.27616486496992776,1.0,-0.0,0,0
548,0.4,0.4435643564356435,0.27518341015509246,1.0,-0.0,0,0
549,0.4,0.4237623762376238,0.27328167561696637,1.0,-0.0,0,0
550,0.0,0.25346534653465347,0.1821566926586159,1.0,-0.0,0,0
551,0.0,0.28118811881188116,0.1973652548429774,1.0,-0.0,0,0
552,0.0,0.12871287128712872,0.1423540653909816,1.0,-0.0,0,0
553,0.0,0.10693069306930691,0.13948804962658473,1.0,-0.0,0,0
554,0.0,0.10693069306930691,0.13948804962658473,1.0,-0.0,0,0
555,0.0,0.02772277227722772,0.07461957893630405,1.0,-0.0,0,0
556,0.0,0.0,0.0,1.0,-0.0,0,0
557,0.0,0.0,0.0,1.0,-0.0,0,0
558,0.0,0.0,0.0,1.0,-0.0,0,0
559,0.0,0.0,0.0,1.0,-0.0,0,0
560,0.0,0.0,0.0,1.0,-0.0,0,0
561,0.0,0.0,0.0,1.0,-0.0,0,0
562,0.0,0.0,0.0,1.0,-0.0,0,0
563,0.0,0.0,0.0,1.0,-0.0,0,0
564,0.0,0.0,0.0,1.0,-0.0,0,0
565,0.0,0.0,0.0,1.0,-0.0,0,0
566,0.0,0.0,0.0,1.0,-0.0,0,0
567,0.0,0.0,0.0,1.0,-0.0,0,0
568,0.0,0.0,0.0,1.0,-0.0,0,0
569,0.0,0.0,0.0,1.0,-0.0,0,0
570,0.0,0.0,0.0,1.0,-0.0,0,0
571,0.0,0.0,0.0,1.0,-0.0,0,0
572,0.0,0.0,0.0,1.0,-0.0,0,0
573,0.0,0.0,0.0,1.0,-0.0,0,0
574,0.0,0.0,0.0,1.0,-0.0,0,0
575,0.0,0.0,0.0,1.0,-0.0,0,0
576,0.0,0.0,0.0,1.0,-0.0,0,0
577,0.0,0.0,0.0,1.0,-0.0,0,0
578,0.0,0.0,0.0,1.0,-0.0,0,0
579,0.0,0.0,0.0,1.0,-0.0,0,0
580,0.0,0.019801980198019802,0.0597350618970232,1.0,-0.0,0,0
581,0.0,0.019801980198019802,0.0597350618970232,1.0,-0.0,0,0
582,0.0,0.019801980198019802,0.0597350618970232,1.0,-0.0,0,0
583,0.0,0.019801980198019802,0.0597350618970232,1.0,-0.0,0,0
584,0.0,0.019801980198019802,0.0597350618970232,1.0,-0.0,0,0
585,0.0,0.0,0.0,1.0,-0.0,0,0
586,0.0,0.0,0.0,1.0,-0.0,0,0
587,0.0,0.0,0.0,1.0,-0.0,0,0
588,0.0,0.0,0.0,1.0,-0.0,0,0
589,0.0,0.0,0.0,1.0,-0.0,0,0
590,0.0,0.0,0.0,1.0,-0.0,0,0
591,0.0,0.0,0.0,1.0,-0.0,0,0
592,0.0,0.0,0.0,1.0,-0.0,0,0
593,0.0,0.0,0.0,1.0,-0.0,0,0
594,0.0,0.0,0.0,1.0,-0.0,0,0
595,0.0,0.0,0.0,1.0,-0.0,0,0
596,0.0,0.015841584158415842,0.06090517425437505,1.0,-0.0,0,0
597,0.0,0.04752475247524753,0.09397077637785879,1.0,-0.0,0,0
598,0.0,0.04752475247524753,0.09397077637785879,1.0,-0.0,0,0
599,0.0,0.04752475247524753,0.09397077637785879,1.0,-0.0,0,0
600,0.0,0.07722772277227724,0.11593886073904516,1.0,-0.0,0,0
601,0.0,0.061386138613861385,0.10806149425459212,1.0,-0.0,0,0
602,0.0,0.02970297029702971,0.07112192077650681,1.0,-0.0,0,0
603,0.0,0.02970297029702971,0.07112192077650681,1.0,-0.0,0,0
604,0.0,0.02970297029702971,0.07112192077650681,1.0,-0.0,0,0
605,0.0,0.0,0.0,1.0,-0.0,0,0
606,0.0,0.0,0.0,1.0,-0.0,0,0
607,0.0,0.0,0.0,1.0,-0.0,0,0
608,6.0,1.4356435643564356,0.5687547903688315,5.1690867219967345e-16,15.286586181593442,0,0
609,6.0,1.5465346534653464,0.5585632836737877,7.8388892590897e-16,15.105745470838887,0,0
610,6.2,1.5881188118811875,0.5641583810890731,1.5818015098022403e-16,15.800848014268126,1,0
611,6.2,1.5881188118811875,0.5641583810890731,1.5818015098022403e-16,15.800848014268126,0,0
612,6.2,1.5881188118811875,0.5641583810890731,1.5818015098022403e-16,15.800848014268126,0,0
613,0.2,0.15247524752475247,0.15957496727054085,0.38291994993344347,0.41689200654260716,0,0
614,0.2,0.041584158415841586,0.08116396646304633,0.025480968483881664,1.5937840693032386,0,0
615,0.0,0.0,0.0,1.0,-0.0,0,0
616,0.0,0.0,0.0,1.0,-0.0,0,0
617,0.0,0.0,0.0,1.0,-0.0,0,0
618,0.0,0.0,0.0,1.0,-0.0,0,0
619,0.0,0.0,0.0,1.0,-0.0,0,0
620,0.0,0.0,0.0,1.0,-0.0,0,0
621,0.0,0.0,0.0,1.0,-0.0,0,0
622,0.0,0.0,0.0,1.0,-0.0,0,0
623,0.0,0.023762376237623766,0.06471340450838889,1.0,-0.0,0,0
624,0.2,0.15049504950495046,0.13903754203201552,0.36089985395216273,0.4426132936894057,0,0
625,0.6,0.3405940594059407,0.2313020475318628,0.13103690727611794,0.8826063656505554,0,0
626,0.6,0.3405940594059407,0.2313020475318628,0.13103690727611794,0.8826063656505554,0,0
627,0.6,0.3821782178217822,0.2455126137002593,0.18748233698518307,0.7270396415960155,0,0
628,0.6,0.3584158415841585,0.23262059652417283,0.14951099756241443,0.8253268608177711,0,0
629,0.6,0.3801980198019802,0.23964487008583146,0.1795192454931243,0.7458889857295323,0,0
630,0.2,0.2455445544554455,0.21959672871521851,1.0,-0.0,0,0
631,0.2,0.2851485148514852,0.24266920752327134,1.0,-0.0,0,0
632,0.2,0.4970297029702971,0.2999852951988736,1.0,-0.0,0,0
633,0.2,0.6495049504950494,0.3564466444947016,1.0,-0.0,0,0
634,0.4,0.7366336633663365,0.3722350934656374,1.0,-0.0,0,0
635,0.4,0.9297029702970299,0.4033386790169985,1.0,-0.0,0,0
636,0.6,0.9544554455445546,0.421107627755084,1.0,-0.0,0,0
637,0.6,0.7326732673267327,0.3461553794340148,1.0,-0.0,0,0
638,0.8,0.5900990099009901,0.29701650135678925,0.2398770626841198,0.6200112777760984,0,0
639,0.6,0.39207920792079204,0.24033111165859442,0.19348013800670777,0.7133636115072216,0,0
640,0.6,0.14257425742574253,0.15243666735776418,0.0013465368944185808,2.8707817426439384,0,0
641,0.4,0.07722772277227723,0.122580495370631,0.004229905136374424,2.3736693723911744,0,0
642,0.4,0.04752475247524753,0.09809478080396702,0.00016331392774761414,3.7869767761573785,0,0
643,0.2,0.03762376237623763,0.08307396817189318,0.025315250600093615,1.5966177690988217,0,0
644,0.0,0.0,0.0,1.0,-0.0,0,0
645,0.0,0.0,0.0,1.0,-0.0,0,0
646,0.0,0.0,0.0,1.0,-0.0,0,0
647,0.0,0.0,0.0,1.0,-0.0,0,0
648,0.0,0.0,0.0,1.0,-0.0,0,0
649,0.0,0.0,0.0,1.0,-0.0,0,0
650,0.0,0.0,0.0,1.0,-0.0,0,0
651,0.0,0.0,0.0,1.0,-0.0,0,0
652,0.0,0.0,0.0,1.0,-0.0,0,0
653,0.0,0.0,0.0,1.0,-0.0,0,0
654,0.0,0.0,0.0,1.0,-0.0,0,0
655,0.0,0.0,0.0,1.0,-0.0,0,0
656,0.0,0.0,0.0,1.0,-0.0,0,0
657,0.0,0.0,0.0,1.0,-0.0,0,0
658,0.0,0.0,0.0,1.0,-0.0,0,0
659,0.0,0.0,0.0,1.0,-0.0,0,0
660,0.0,0.0,0.0,1.0,-0.0,0,0
661,0.0,0.0,0.0,1.0,-0.0,0,0
662,0.0,0.0,0.0,1.0,-0.0,0,0
663,0.0,0.0,0.0,1.0,-0.0,0,0
664,0.0,0.0,0.0,1.0,-0.0,0,0
665,0.0,0.007920792079207921,0.03900537743285587,1.0,-0.0,0,0
666,0.0,0.007920792079207921,0.03900537743285587,1.0,-0.0,0,0
667,0.0,0.20198019801980197,0.18129359046727286,1.0,-0.0,0,0
668,0.0,0.25742574257425743,0.21124174816783506,1.0,-0.0,0,0
669,0.2,0.3366336633663367,0.23366336633663362,1.0,-0.0,0,0
670,0.2,0.689108910891089,0.3335678683444842,1.0,-0.0,0,0
671,0.4,0.7247524752475245,0.343368848986435,1.0,-0.0,0,0
672,0.4,0.5306930693069307,0.2720449053851678,1.0,-0.0,0,0
673,0.4,0.491089108910891,0.2677737370203057,1.0,-0.0,0,0
674,0.2,0.4138613861386139,0.256800459181253,1.0,-0.0,0,0
675,0.2,0.05148514851485149,0.09186070102766894,0.0529672293593788,1.275992743798466,0,0
676,0.0,0.017821782178217824,0.056980176514606566,1.0,-0.0,0,0
677,0.0,0.049504950495049514,0.09078727434730813,1.0,-0.0,0,0
678,0.0,0.031683168316831684,0.0730260947112308,1.0,-0.0,0,0
679,0.0,0.08118811881188118,0.11999411807954947,1.0,-0.0,0,0
680,0.0,0.08118811881188118,0.11999411807954947,1.0,-0.0,0,0
681,0.0,0.1584158415841584,0.16486858056632595,1.0,-0.0,0,0
682,0.0,0.12574257425742572,0.13976887948531722,1.0,-0.0,0,0
683,0.0,0.12574257425742572,0.13976887948531722,1.0,-0.0,0,0
684,0.0,0.07524752475247526,0.10089298378500594,1.0,-0.0,0,0
685,0.0,0.07524752475247526,0.10089298378500594,1.0,-0.0,0,0
686,0.0,0.0,0.0,1.0,-0.0,0,0
687,0.0,0.0,0.0,1.0,-0.0,0,0
688,0.0,0.0,0.0,1.0,-0.0,0,0
689,0.0,0.0,0.0,1.0,-0.0,0,0
690,0.0,0.0,0.0,1.0,-0.0,0,0
691,0.0,0.0,0.0,1.0,-0.0,0,0
692,0.0,0.0,0.0,1.0,-0.0,0,0
693,0.0,0.0,0.0,1.0,-0.0,0,0
694,0.0,0.0,0.0,1.0,-0.0,0,0
695,0.0,0.0,0.0,1.0,-0.0,0,0
696,0.0,0.0,0.0,1.0,-0.0,0,0
697,0.0,0.019801980198019802,0.059735061897023205,1.0,-0.0,0,0
698,0.0,0.033663366336633666,0.08475617647141663,1.0,-0.0,0,0
699,0.0,0.033663366336633666,0.08475617647141663,1.0,-0.0,0,0
700,0.0,0.033663366336633666,0.08475617647141663,1.0,-0.0,0,0
701,0.0,0.033663366336633666,0.08475617647141663,1.0,-0.0,0,0
702,0.0,0.013861386138613863,0.05079507064705212,1.0,-0.0,0,0
703,0.6,0.45940594059405937,0.26332911223571154,0.2967018843544635,0.5276796954689797,0,0
704,0.6,0.5762376237623763,0.2928685424194752,0.467666634456171,0.3300636136032933,0,0
705,0.6,0.6673267326732671,0.31248252573435936,1.0,-0.0,0,0
706,0.6,0.6673267326732671,0.31248252573435936,1.0,-0.0,0,0
707,0.6,0.6673267326732671,0.31248252573435936,1.0,-0.0,0,0
708,0.0,0.2079207920792079,0.2066628613964317,1.0,-0.0,0,0
709,0.0,0.10495049504950496,0.15049504950495052,1.0,-0.0,0,0
710,0.0,0.019801980198019802,0.059735061897023205,1.0,-0.0,0,0
711,0.0,0.019801980198019802,0.059735061897023205,1.0,-0.0,0,0
712,0.0,0.019801980198019802,0.059735061897023205,1.0,-0.0,0,0
713,0.0,0.019801980198019802,0.059735061897023205,1.0,-0.0,0,0
714,0.0,0.0059405940594059415,0.033953323167291584,1.0,-0.0,0,0
715,0.0,0.0,0.0,1.0,-0.0,0,0
716,0.0,0.0,0.0,1.0,-0.0,0,0
717,0.0,0.0,0.0,1.0,-0.0,0,0
718,0.0,0.0,0.0,1.0,-0.0,0,0
719,0.0,0.047524752475247525,0.08965727859542,1.0,-0.0,0,0
720,0.0,0.047524752475247525,0.08965727859542,1.0,-0.0,0,0
721,0.2,0.15841584158415842,0.16486858056632595,0.40043315418358366,0.39746997194473976,0,0
722,0.4,0.22574257425742575,0.19018150025414607,0.17976289407546575,0.7452999486503015,0,0
723,0.4,0.3841584158415843,0.2366150206004008,0.473310403225768,0.3248539497599971,0,0
724,0.4,0.36435643564356446,0.24599128955674507,0.44239583359299467,0.3541889717939827,0,0
725,0.4,0.36435643564356446,0.24599128955674507,0.44239583359299467,0.3541889717939827,0,0
726,0.2,0.5366336633663368,0.2742127425443764,1.0,-0.0,0,0
727,0.0,0.4673267326732674,0.2568309961287634,1.0,-0.0,0,0
728,0.0,0.3306930693069308,0.22591620906062038,1.0,-0.0,0,0
729,0.0,0.40198019801980206,0.2540679717346264,1.0,-0.0,0,0
730,0.0,0.5405940594059406,0.27365448252548963,1.0,-0.0,0,0
731,0.0,0.5306930693069308,0.28064373464153736,1.0,-0.0,0,0
732,0.0,0.5564356435643565,0.29329667391151254,1.0,-0.0,1,0
733,0.0,0.5346534653465347,0.28990802350392403,1.0,-0.0,0,0
734,0.0,0.43564356435643564,0.2705272294326822,1.0,-0.0,0,0
735,0.0,0.297029702970297,0.24472876298989713,1.0,-0.0,0,0
736,0.0,0.0693069306930693,0.11751770396006171,1.0,-0.0,0,0
737,0.0,0.04356435643564356,0.09991664009142864,1.0,-0.0,0,0
738,0.0,0.04356435643564356,0.09991664009142864,1.0,-0.0,0,0
739,0.0,0.04356435643564356,0.09991664009142864,1.0,-0.0,0,0
740,0.0,0.07920792079207921,0.12293186689242577,1.0,-0.0,0,0
741,0.0,0.03564356435643565,0.08154954567118415,1.0,-0.0,0,0
742,0.0,0.03564356435643565,0.08154954567118415,1.0,-0.0,0,0
743,0.0,0.03564356435643565,0.08154954567118415,1.0,-0.0,0,0
744,0.0,0.03564356435643565,0.08154954567118415,1.0,-0.0,0,0
745,0.0,0.0,0.0,1.0,-0.0,0,0
746,0.0,0.031683168316831684,0.0730260947112308,1.0,-0.0,0,0
747,0.0,0.031683168316831684,0.0730260947112308,1.0,-0.0,0,0
748,0.0,0.0910891089108911,0.13357165904190144,1.0,-0.0,0,0
749,0.0,0.09900990099009901,0.14521752172118105,1.0,-0.0,0,0
750,0.0,0.09900990099009901,0.14521752172118105,1.0,-0.0,0,0
751,0.2,0.1801980198019802,0.15796966871429013,0.4501220267156997,0.34666973434652226,0,0
752,0.2,0.1881188118811881,0.16607711957435053,0.4714839211099886,0.3265331133026336,0,0
753,0.2,0.1584158415841584,0.14709552815265856,0.3887027498565183,0.4103823869651123,0,0
754,0.2,0.16831683168316827,0.17057311261273686,0.4263222181108592,0.3702620331715348,0,0
755,0.2,0.16831683168316827,0.17057311261273686,0.4263222181108592,0.3702620331715348,0,0
756,0.0,0.08118811881188118,0.13549532985786936,1.0,-0.0,0,0
757,0.0,0.20396039603960395,0.19290421984883258,1.0,-0.0,0,0
758,0.0,0.23366336633663365,0.2144655931336603,1.0,-0.0,0,0
759,0.0,0.27326732673267323,0.2211093045894314,1.0,-0.0,0,0
760,0.0,0.27326732673267323,0.2211093045894314,1.0,-0.0,0,0
761,0.0,0.2871287128712871,0.23448421017018475,1.0,-0.0,0,0
762,0.0,0.20792079207920788,0.18222126052003706,1.0,-0.0,0,0
763,0.0,0.15049504950495046,0.1526166246970114,1.0,-0.0,0,0
764,0.0,0.09108910891089109,0.1335716590419014,1.0,-0.0,0,0
765,0.0,0.09108910891089109,0.1335716590419014,1.0,-0.0,0,0
766,0.0,0.051485148514851496,0.10399339410297728,1.0,-0.0,0,0
767,0.0,0.0019801980198019802,0.0198019801980198,1.0,-0.0,0,0
768,0.0,0.0,0.0,1.0,-0.0,0,0
769,0.0,0.0,0.0,1.0,-0.0,0,0
770,0.0,0.0,0.0,1.0,-0.0,0,0
771,0.0,0.0,0.0,1.0,-0.0,0,0
772,0.0,0.0,0.0,1.0,-0.0,0,0
773,0.0,0.0,0.0,1.0,-0.0,0,0
774,0.2,0.01386138613861386,0.05079507064705211,0.00012391038159364294,3.90689230556944,0,0
775,0.2,0.01386138613861386,0.05079507064705211,0.00012391038159364294,3.90689230556944,0,0
776,0.2,0.01386138613861386,0.05079507064705211,0.00012391038159364294,3.90689230556944,0,0
777,0.2,0.01386138613861386,0.05079507064705211,0.00012391038159364294,3.90689230556944,0,0
778,0.2,0.01386138613861386,0.05079507064705211,0.00012391038159364294,3.90689230556944,0,0
779,0.0,0.0,0.0,1.0,-0.0,0,0
780,0.0,0.0,0.0,1.0,-0.0,0,0
781,0.0,0.0,0.0,1.0,-0.0,0,0
782,0.0,0.0,0.0,1.0,-0.0,0,0
783,0.0,0.0,0.0,1.0,-0.0,0,0
784,0.0,0.0,0.0,1.0,-0.0,0,0
785,0.0,0.0,0.0,1.0,-0.0,0,0
786,0.0,0.0,0.0,1.0,-0.0,0,0
787,0.0,0.015841584158415842,0.05401260078014202,1.0,-0.0,0,0
788,0.0,0.027722772277227727,0.06910862719451544,1.0,-0.0,0,0
789,0.0,0.027722772277227727,0.06910862719451544,1.0,-0.0,0,0
790,0.0,0.027722772277227727,0.06910862719451544,1.0,-0.0,0,0
791,0.0,0.027722772277227727,0.06910862719451544,1.0,-0.0,0,0
792,0.0,0.011881188118811883,0.047276579747775535,1.0,-0.0,0,0
793,0.0,0.0,0.0,1.0,-0.0,0,0
794,0.0,0.0,0.0,1.0,-0.0,0,0
795,0.0,0.0,0.0,1.0,-0.0,0,0
796,0.0,0.0,0.0,1.0,-0.0,0,0
797,0.0,0.0,0.0,1.0,-0.0,0,0
798,0.0,0.0,0.0,1.0,-0.0,0,0
799,0.0,0.0,0.0,1.0,-0.0,0,0
800,0.0,0.011881188118811881,0.047276579747775535,1.0,-0.0,0,0
801,0.0,0.02772277227722772,0.06910862719451544,1.0,-0.0,0,0
802,0.0,0.02772277227722772,0.06910862719451544,1.0,-0.0,0,0
803,0.0,0.02772277227722772,0.06910862719451544,1.0,-0.0,0,0
804,0.0,0.02772277227722772,0.06910862719451544,1.0,-0.0,0,0
805,0.0,0.015841584158415842,0.05401260078014202,1.0,-0.0,0,0
806,0.0,0.011881188118811883,0.047276579747775535,1.0,-0.0,0,0
807,0.0,0.015841584158415842,0.05401260078014202,1.0,-0.0,0,0
808,0.0,0.015841584158415842,0.05401260078014202,1.0,-0.0,0,0
809,0.0,0.015841584158415842,0.05401260078014202,1.0,-0.0,0,0
810,0.0,0.02970297029702971,0.07112192077650681,1.0,-0.0,0,0
811,0.0,0.017821782178217824,0.05698017651460656,1.0,-0.0,0,0
812,0.0,0.013861386138613863,0.05079507064705211,1.0,-0.0,0,0
813,0.0,0.041584158415841586,0.0859049978751836,1.0,-0.0,0,0
814,0.0,0.041584158415841586,0.0859049978751836,1.0,-0.0,0,0
815,0.0,0.05544554455445544,0.09797478714338995,1.0,-0.0,0,0
816,0.0,0.05544554455445544,0.09797478714338995,1.0,-0.0,0,0
817,0.0,0.05544554455445544,0.09797478714338995,1.0,-0.0,0,0
818,0.0,0.02772277227722772,0.06910862719451544,1.0,-0.0,0,0
819,0.0,0.02772277227722772,0.06910862719451544,1.0,-0.0,0,0
820,0.0,0.0,0.0,1.0,-0.0,0,0
821,0.0,0.0,0.0,1.0,-0.0,0,0
822,0.0,0.0,0.0,1.0,-0.0,0,0
823,0.6,0.2891089108910891,0.1979603871260386,0.058152763333302986,1.2354296434137582,0,0
824,0.6,0.2891089108910891,0.1979603871260386,0.058152763333302986,1.2354296434137582,0,0
825,0.6,0.3722772277227724,0.23551872889356637,0.16679731761365452,0.7778109378406979,0,0
826,0.8,0.3841584158415843,0.24158415841584163,0.04259715912385637,1.3706193637605055,0,0
827,1.2,1.7821782178217822,0.5182598529397209,1.0,-0.0,0,0
828,0.6,1.4970297029702972,0.4838900631105577,1.0,-0.0,0,0
829,1.0,3.0673267326732674,0.6595991748505922,1.0,-0.0,0,0
830,1.0,2.9841584158415846,0.6610421824540618,1.0,-0.0,0,0
831,1.0,3.1524752475247526,0.6974627367747291,1.0,-0.0,0,0
832,0.6,1.7841584158415844,0.6020974351706496,1.0,-0.0,0,0
833,0.6,1.7782178217821785,0.5982820223742693,1.0,-0.0,0,0
834,0.4,0.30297029702970296,0.22269965813084433,0.3315280794952684,0.47947968218106696,0,0
835,0.4,0.33267326732673264,0.23593459023535018,0.38768346362832384,0.4115227231303493,0,0
836,0.2,0.28118811881188116,0.22721424063197726,1.0,-0.0,0,0
837,0.2,0.31881188118811893,0.2323844847870194,1.0,-0.0,0,0
838,0.2,0.31881188118811893,0.2323844847870194,1.0,-0.0,0,0
839,0.0,0.22376237623762374,0.1914760357011259,1.0,-0.0,0,0
840,0.0,0.19603960396039596,0.17795359951414635,1.0,-0.0,0,0
841,0.0,0.06534653465346535,0.10939585993610405,1.0,-0.0,0,0
842,0.0,0.0,0.0,1.0,-0.0,0,0
843,0.0,0.0,0.0,1.0,-0.0,0,0
844,0.0,0.0,0.0,1.0,-0.0,0,0
845,0.0,0.0,0.0,1.0,-0.0,0,0
846,0.0,0.0,0.0,1.0,-0.0,0,0
847,0.0,0.0,0.0,1.0,-0.0,0,0
848,0.0,0.0,0.0,1.0,-0.0,0,0
849,0.0,0.0,0.0,1.0,-0.0,0,0
850,0.0,0.0,0.0,1.0,-0.0,0,0
