,foreground,bg_means,bg_stdev,pvals,minus_logs,regs,active
2,0.0,0.0,0.0,1.0,-0.0,0,0
3,0.0,0.0,0.0,1.0,-0.0,0,0
4,0.0,0.0,0.0,1.0,-0.0,0,0
5,0.0,0.11089108910891088,0.13923481846532232,1.0,-0.0,0,0
6,0.0,0.3504950495049505,0.23106458844855168,1.0,-0.0,0,0
7,0.2,0.4574257425742574,0.2689718357862599,1.0,-0.0,0,0
8,0.2,0.48316831683168304,0.27613646609433523,1.0,-0.0,0,0
9,0.2,0.48316831683168304,0.27613646609433523,1.0,-0.0,0,0
10,0.2,0.3722772277227723,0.2533415539282293,1.0,-0.0,0,0
11,0.4,0.3722772277227724,0.25644902293167643,0.456957205251713,0.34012447037498517,0,0
12,1.2,0.8891089108910889,0.35541106868298034,0.19085860562994372,0.7192882533552323,0,0
13,1.2,0.8633663366336632,0.3603416344529773,0.17509857275961394,0.7567173938660124,0,0
14,1.2,0.8811881188118812,0.3682210031836452,0.1932953542151879,0.7137785839587952,0,0
15,2.0,1.121782178217822,0.4096856946431683,0.016030951891043966,1.7950406892020627,0,0
16,1.8,0.8851485148514852,0.3993524805055218,0.010986418013905935,1.9591438808581696,0,0
17,0.8,0.3425742574257426,0.24909600306560614,0.03315345981132059,1.4794711430190977,0,0
18,0.8,0.4693069306930694,0.286232811929787,0.12397786163657916,0.9066558586074719,0,0
19,0.8,0.4514851485148515,0.28375622691685,0.10968234290237501,0.9598632812427449,0,0
20,0.0,0.22574257425742578,0.19225265211912823,1.0,-0.0,0,0
21,0.0,0.306930693069307,0.23473491505326644,1.0,-0.0,0,0
22,0.0,0.22178217821782176,0.21963243840383814,1.0,-0.0,0,0
23,1.2,0.5603960396039604,0.2978733892510696,0.015887316398869752,1.7989494553155736,0,0
24,1.2,0.5603960396039604,0.2978733892510696,0.015887316398869752,1.7989494553155736,0,0
25,1.8,0.691089108910891,0.32153684478555716,0.0002815592393864968,3.550430216684777,0,0
26,1.8,0.6099009900990099,0.29568010225631824,2.8493145130522973e-05,4.5452596098183635,0,0
27,1.8,0.6099009900990099,0.29568010225631824,2.8493145130522973e-05,4.5452596098183635,0,0
28,1.2,0.7821782178217822,0.36813580135380475,0.1281946887084981,0.8921299678934465,0,0
29,1.2,0.7821782178217822,0.36813580135380475,0.1281946887084981,0.8921299678934465,0,0
30,0.6,0.7425742574257426,0.356369630850842,1.0,-0.0,0,0
31,0.6,0.7425742574257426,0.356369630850842,1.0,-0.0,0,0
32,0.6,0.7425742574257426,0.356369630850842,1.0,-0.0,0,0
33,0.0,0.10495049504950493,0.13957235791450373,1.0,-0.0,0,0
34,0.0,0.2336633663366336,0.21812759810261126,1.0,-0.0,0,0
35,0.0,0.2554455445544555,0.18693740548445065,1.0,-0.0,0,0
36,0.0,0.3247524752475248,0.22312183795648752,1.0,-0.0,0,0
37,0.0,0.3247524752475248,0.22312183795648752,1.0,-0.0,0,0
38,0.0,0.3247524752475248,0.22312183795648752,1.0,-0.0,0,0
39,0.0,0.19801980198019803,0.19190560696373415,1.0,-0.0,0,0
40,0.0,0.06930693069306931,0.11409790329416186,1.0,-0.0,0,0
41,0.0,0.16435643564356434,0.16744093589393827,1.0,-0.0,0,0
42,0.0,0.16435643564356434,0.16744093589393827,1.0,-0.0,0,0
43,0.0,0.16435643564356434,0.16744093589393827,1.0,-0.0,0,0
44,0.0,0.16435643564356434,0.16744093589393827,1.0,-0.0,0,0
45,0.0,0.1801980198019802,0.17235687245139755,1.0,-0.0,0,0
46,0.0,0.015841584158415842,0.05401260078014202,1.0,-0.0,0,0
47,0.0,0.015841584158415842,0.05401260078014202,1.0,-0.0,0,0
48,0.0,0.015841584158415842,0.05401260078014202,1.0,-0.0,0,0
49,0.0,0.015841584158415842,0.05401260078014202,1.0,-0.0,0,0
50,0.0,0.0,0.0,1.0,-0.0,0,0
51,0.0,0.11485148514851483,0.14717547862227365,1.0,-0.0,0,0
52,0.0,0.11485148514851483,0.14717547862227365,1.0,-0.0,0,0
53,0.2,0.3465346534653465,0.2546845676462497,1.0,-0.0,0,0
54,0.2,0.3465346534653465,0.2546845676462497,1.0,-0.0,0,0
55,0.2,0.41584158415841593,0.2947503300806277,1.0,-0.0,0,0
56,0.2,0.299009900990099,0.23818415768324583,1.0,-0.0,0,0
57,0.2,0.299009900990099,0.23818415768324583,1.0,-0.0,0,0
58,0.0,0.19801980198019797,0.18346510608951241,1.0,-0.0,0,0
59,0.0,0.19801980198019797,0.18346510608951241,1.0,-0.0,0,0
60,0.0,0.1277227722772277,0.14496077440151442,1.0,-0.0,0,0
61,0.0,0.1277227722772277,0.14496077440151442,1.0,-0.0,0,0
62,0.0,0.1277227722772277,0.14496077440151442,1.0,-0.0,0,0
63,0.8,0.1801980198019802,0.18131521809520149,0.0003149903511764541,3.5017027493691395,0,0
64,1.4,0.2613861386138614,0.21012504387932376,3.000956032088042e-08,7.5227403675079785,0,0
65,1.4,0.2613861386138614,0.21012504387932376,3.000956032088042e-08,7.5227403675079785,0,0
66,1.4,0.2613861386138614,0.21012504387932376,3.000956032088042e-08,7.5227403675079785,0,0
67,1.4,0.2613861386138614,0.21012504387932376,3.000956032088042e-08,7.5227403675079785,0,0
68,0.6,0.08118811881188118,0.11999411807954947,7.673634689697873e-06,5.114998879626199,0,0
69,0.0,0.0,0.0,1.0,-0.0,0,0
70,0.0,0.0,0.0,1.0,-0.0,0,0
71,0.0,0.0,0.0,1.0,-0.0,0,0
72,1.0,0.1900990099009901,0.16259343117237499,3.1605045734966726e-07,6.500243576877769,0,0
73,1.8,0.5821782178217823,0.2843773951844157,9.243823353506306e-06,5.034148362341616,0,0
74,1.8,0.5821782178217823,0.2843773951844157,9.243823353506306e-06,5.034148362341616,0,0
75,1.8,0.5821782178217823,0.2843773951844157,9.243823353506306e-06,5.034148362341616,0,0
76,2.2,1.1227722772277227,0.38483150179786785,0.0025613175953004145,2.591536567047127,0,0
77,1.2,0.9326732673267327,0.36181853963278027,0.23000147310815222,0.6382693824141767,0,0
78,0.4,0.5425742574257425,0.2874767436666853,1.0,-0.0,0,0
79,1.2,1.2455445544554458,0.41063215030777317,1.0,-0.0,0,0
80,1.4,1.5227722772277226,0.4359764704611986,1.0,-0.0,0,0
81,1.0,0.9801980198019803,0.3770704695491014,0.4790590402484026,0.3196109599173574,0,0
82,1.0,0.9801980198019803,0.3770704695491014,0.4790590402484026,0.3196109599173574,0,0
83,1.0,0.9801980198019803,0.3770704695491014,0.4790590402484026,0.3196109599173574,0,0
84,0.2,0.27524752475247527,0.20843877016935872,1.0,-0.0,0,0
85,0.0,0.0,0.0,1.0,-0.0,0,0
86,0.0,0.0,0.0,1.0,-0.0,0,0
87,0.0,0.0,0.0,1.0,-0.0,0,0
88,1.2,0.39207920792079204,0.27563901213949016,0.0016889131994366597,2.7723926701296273,0,0
89,1.2,0.39207920792079204,0.27563901213949016,0.0016889131994366597,2.7723926701296273,0,0
90,1.2,0.4495049504950495,0.2734538035002621,0.003030121066131278,2.5185400192526846,0,0
91,1.2,0.4495049504950495,0.2734538035002621,0.003030121066131278,2.5185400192526846,0,0
92,1.2,0.8178217821782174,0.3448047344107551,0.1338466493772007,0.8733924961633108,0,0
93,0.0,0.5722772277227723,0.29116318852614337,1.0,-0.0,0,0
94,0.0,0.5722772277227723,0.29116318852614337,1.0,-0.0,0,0
95,0.0,0.512871287128713,0.28342438051903845,1.0,-0.0,0,0
96,0.4,0.6495049504950494,0.3311018994165916,1.0,-0.0,0,0
97,0.4,0.28118811881188116,0.22192357585935676,0.2961959929010899,0.5284208211447112,0,0
98,0.4,0.13663366336633662,0.1433149079027503,0.0330550966725732,1.4807615683682807,0,0
99,0.4,0.13663366336633662,0.1433149079027503,0.0330550966725732,1.4807615683682807,0,0
100,0.6,0.40792079207920795,0.24522495968970642,0.21673206905424386,0.6640768229540498,0,0
101,0.2,0.27128712871287125,0.21356782198356852,1.0,-0.0,0,0
102,0.2,0.27128712871287125,0.21356782198356852,1.0,-0.0,0,0
103,0.2,0.27128712871287125,0.21356782198356852,1.0,-0.0,0,0
104,0.2,0.27128712871287125,0.21356782198356852,1.0,-0.0,0,0
105,0.0,0.0,0.0,1.0,-0.0,0,0
106,0.0,0.0,0.0,1.0,-0.0,0,0
107,0.0,0.0,0.0,1.0,-0.0,0,0
108,0.0,0.0,0.0,1.0,-0.0,0,0
109,0.0,0.017821782178217824,0.05698017651460656,1.0,-0.0,0,0
110,0.0,0.017821782178217824,0.05698017651460656,1.0,-0.0,0,0
111,0.0,0.017821782178217824,0.05698017651460656,1.0,-0.0,0,0
112,0.0,0.017821782178217824,0.05698017651460656,1.0,-0.0,0,0
113,0.0,0.03564356435643564,0.08626938974571076,1.0,-0.0,0,0
114,0.0,0.017821782178217824,0.056980176514606566,1.0,-0.0,0,0
115,0.0,0.1900990099009901,0.17434741150934763,1.0,-0.0,0,0
116,0.0,0.1900990099009901,0.17434741150934763,1.0,-0.0,0,0
117,0.0,0.35643564356435653,0.26191066483306613,1.0,-0.0,0,0
118,0.0,0.3722772277227724,0.28148081266271946,1.0,-0.0,0,0
119,0.0,0.6198019801980198,0.37811931743022675,1.0,-0.0,0,0
120,0.0,0.44752475247524753,0.2980444712002851,1.0,-0.0,0,0
121,0.0,0.44752475247524753,0.2980444712002851,1.0,-0.0,0,0
122,0.0,0.6633663366336632,0.3434601947845357,1.0,-0.0,0,0
123,0.0,0.6297029702970297,0.3286770826276798,1.0,-0.0,0,0
124,0.0,0.9306930693069307,0.382214126461617,1.0,-0.0,0,0
125,0.0,1.564356435643564,0.5014008412903804,1.0,-0.0,0,0
126,0.0,1.6237623762376234,0.49893917462010456,1.0,-0.0,0,0
127,0.0,1.2415841584158414,0.40912060405207573,1.0,-0.0,0,0
128,0.0,1.3920792079207922,0.43774470798591003,1.0,-0.0,0,0
129,0.0,0.8435643564356436,0.387532391896652,1.0,-0.0,0,0
130,0.0,0.20990099009900992,0.20172766196776312,1.0,-0.0,1,0
131,0.0,0.15049504950495046,0.16508249505478284,1.0,-0.0,0,0
132,0.0,0.4554455445544555,0.258125477018619,1.0,-0.0,0,0
133,0.0,0.3227722772277227,0.21428268001455503,1.0,-0.0,0,0
134,0.0,0.3227722772277227,0.21428268001455503,1.0,-0.0,0,0
135,0.0,0.7148514851485147,0.33460073402589185,1.0,-0.0,0,0
