,foreground,bg_means,bg_stdev,pvals,minus_logs,regs,active
2,0.0,0.0,0.0,1.0,-0.0,0,0
3,0.0,0.0,0.0,1.0,-0.0,0,0
4,0.0,0.08118811881188118,0.11664694237642095,1.0,-0.0,0,0
5,0.0,0.08118811881188118,0.11664694237642095,1.0,-0.0,0,0
6,0.0,0.08118811881188118,0.11664694237642095,1.0,-0.0,0,0
7,0.0,0.08118811881188118,0.11664694237642095,1.0,-0.0,0,0
8,0.2,0.1287128712871287,0.12454800153280307,0.28353678517619874,0.5473905891072933,0,0
9,0.2,0.04554455445544555,0.08387254884969256,0.032770541076535604,1.484516387893982,0,0
10,0.2,0.04554455445544555,0.08387254884969256,0.032770541076535604,1.484516387893982,0,0
11,0.2,0.04554455445544555,0.08387254884969256,0.032770541076535604,1.484516387893982,0,0
12,0.2,0.09306930693069305,0.11103244173367276,0.16775918204763657,0.7753137000502466,0,0
13,0.0,0.04752475247524753,0.08512548617902843,1.0,-0.0,0,0
14,0.0,0.04752475247524753,0.08512548617902843,1.0,-0.0,0,0
15,0.0,0.04752475247524753,0.08512548617902843,1.0,-0.0,0,0
16,0.0,0.04752475247524753,0.08512548617902843,1.0,-0.0,0,0
17,0.0,0.0,0.0,1.0,-0.0,0,0
18,0.0,0.0,0.0,1.0,-0.0,0,0
19,0.0,0.0,0.0,1.0,-0.0,0,0
20,0.0,0.041584158415841586,0.08116396646304633,1.0,-0.0,0,0
21,0.0,0.08514851485148513,0.1172170185104851,1.0,-0.0,0,0
22,0.0,0.08514851485148513,0.1172170185104851,1.0,-0.0,0,0
23,0.0,0.08514851485148513,0.1172170185104851,1.0,-0.0,0,0
24,0.0,0.08514851485148513,0.1172170185104851,1.0,-0.0,0,0
25,0.0,0.043564356435643575,0.08255312311158747,1.0,-0.0,0,0
26,0.0,0.0,0.0,1.0,-0.0,0,0
27,0.0,0.0,0.0,1.0,-0.0,0,0
28,0.0,0.0,0.0,1.0,-0.0,0,0
29,0.0,0.0,0.0,1.0,-0.0,0,0
30,0.0,0.0,0.0,1.0,-0.0,0,0
31,0.0,0.0,0.0,1.0,-0.0,0,0
32,0.0,0.0,0.0,1.0,-0.0,0,0
33,0.0,0.0,0.0,1.0,-0.0,0,0
34,0.0,0.0,0.0,1.0,-0.0,0,0
35,0.0,0.0,0.0,1.0,-0.0,0,0
36,0.0,0.0,0.0,1.0,-0.0,0,0
37,0.2,0.08514851485148514,0.09889101773610912,0.12274075016495235,0.9110112267299122,0,0
38,0.2,0.08514851485148514,0.09889101773610912,0.12274075016495235,0.9110112267299122,0,0
39,0.2,0.08514851485148514,0.09889101773610912,0.12274075016495235,0.9110112267299122,0,0
40,0.2,0.08514851485148514,0.09889101773610912,0.12274075016495235,0.9110112267299122,0,0
41,0.2,0.08514851485148514,0.09889101773610912,0.12274075016495235,0.9110112267299122,0,0
42,0.0,0.0,0.0,1.0,-0.0,0,0
43,0.0,0.0,0.0,1.0,-0.0,0,0
44,0.0,0.0,0.0,1.0,-0.0,0,0
45,0.0,0.0,0.0,1.0,-0.0,0,0
46,0.0,0.0,0.0,1.0,-0.0,0,0
47,0.0,0.0,0.0,1.0,-0.0,0,0
48,0.0,0.0,0.0,1.0,-0.0,0,0
49,0.0,0.0,0.0,1.0,-0.0,0,0
50,0.0,0.0,0.0,1.0,-0.0,0,0
51,0.0,0.0,0.0,1.0,-0.0,0,0
52,0.0,0.0,0.0,1.0,-0.0,0,0
53,0.0,0.0,0.0,1.0,-0.0,0,0
54,0.0,0.0,0.0,1.0,-0.0,0,0
55,0.0,0.0,0.0,1.0,-0.0,0,0
56,0.0,0.0,0.0,1.0,-0.0,0,0
57,0.0,0.0,0.0,1.0,-0.0,0,0
58,0.0,0.0,0.0,1.0,-0.0,0,0
59,0.0,0.0,0.0,1.0,-0.0,0,0
60,0.0,0.0,0.0,1.0,-0.0,0,0
61,0.0,0.0,0.0,1.0,-0.0,0,0
62,0.0,0.0,0.0,1.0,-0.0,0,0
63,0.0,0.0,0.0,1.0,-0.0,0,0
64,0.0,0.0,0.0,1.0,-0.0,0,0
65,0.0,0.0,0.0,1.0,-0.0,0,0
66,0.0,0.06534653465346535,0.10939585993610405,1.0,-0.0,0,0
67,0.0,0.06534653465346535,0.10939585993610405,1.0,-0.0,0,0
68,0.0,0.06534653465346535,0.10939585993610405,1.0,-0.0,0,0
69,0.0,0.12475247524752475,0.1430958555654627,1.0,-0.0,0,0
70,0.0,0.12475247524752475,0.1430958555654627,1.0,-0.0,0,0
71,0.0,0.05940594059405942,0.0996808946427978,1.0,-0.0,0,0
72,0.0,0.05940594059405942,0.0996808946427978,1.0,-0.0,0,0
73,0.0,0.05940594059405942,0.0996808946427978,1.0,-0.0,0,0
74,0.2,0.0712871287128713,0.09578920096988376,0.08952115188222727,1.0480743383108428,0,0
75,0.2,0.0712871287128713,0.09578920096988376,0.08952115188222727,1.0480743383108428,0,0
76,0.2,0.0712871287128713,0.09578920096988376,0.08952115188222727,1.0480743383108428,0,0
77,0.2,0.0712871287128713,0.09578920096988376,0.08952115188222727,1.0480743383108428,0,0
78,0.2,0.0712871287128713,0.09578920096988376,0.08952115188222727,1.0480743383108428,0,0
79,0.0,0.0,0.0,1.0,-0.0,0,0
80,0.0,0.0,0.0,1.0,-0.0,0,0
81,0.0,0.0,0.0,1.0,-0.0,0,0
82,0.0,0.0,0.0,1.0,-0.0,0,0
83,0.0,0.0,0.0,1.0,-0.0,0,0
84,0.0,0.0,0.0,1.0,-0.0,0,0
85,0.0,0.0,0.0,1.0,-0.0,0,0
86,0.0,0.0,0.0,1.0,-0.0,0,0
87,0.0,0.0,0.0,1.0,-0.0,0,0
88,0.0,0.0,0.0,1.0,-0.0,0,0
89,0.0,0.0,0.0,1.0,-0.0,0,0
90,0.0,0.0,0.0,1.0,-0.0,0,0
91,0.0,0.0,0.0,1.0,-0.0,0,0
92,0.0,0.08118811881188118,0.09821462786247323,1.0,-0.0,0,0
93,0.0,0.21584158415841584,0.1426292523197553,1.0,-0.0,0,0
94,0.0,0.21584158415841584,0.1426292523197553,1.0,-0.0,0,0
95,0.0,0.21584158415841584,0.1426292523197553,1.0,-0.0,0,0
96,0.0,0.21584158415841584,0.1426292523197553,1.0,-0.0,0,0
97,0.0,0.13465346534653463,0.1352926008121879,1.0,-0.0,0,0
98,0.0,0.0,0.0,1.0,-0.0,0,0
99,0.0,0.0,0.0,1.0,-0.0,0,0
100,0.0,0.03564356435643565,0.07653920035678292,1.0,-0.0,0,0
101,0.0,0.03564356435643565,0.07653920035678292,1.0,-0.0,0,0
102,0.0,0.03564356435643565,0.07653920035678292,1.0,-0.0,0,0
103,0.2,0.08316831683168317,0.12353642740976017,0.17214403052095056,0.7641080328301242,0,0
104,0.2,0.14257425742574256,0.16004116713803368,0.35986541021271246,0.4438598951522592,0,0
105,0.2,0.25346534653465347,0.1843180400510114,1.0,-0.0,0,0
106,0.2,0.25346534653465347,0.1843180400510114,1.0,-0.0,0,0
107,0.4,0.3346534653465347,0.2108143773463095,0.3782911597712283,0.4221738075505907,0,0
108,0.2,0.2851485148514852,0.18952057210305584,1.0,-0.0,0,0
109,0.2,0.22772277227722768,0.1802741651760957,1.0,-0.0,0,0
110,0.2,0.07920792079207921,0.10928827506175545,0.13452323402587257,0.8712027005106293,0,0
111,0.4,0.15049504950495046,0.1390375420320155,0.0363655057403305,1.439310368254584,0,0
112,0.2,0.06930693069306931,0.09924724028627063,0.09394556775030262,1.027123704621387,0,0
113,0.2,0.06930693069306931,0.09924724028627063,0.09394556775030262,1.027123704621387,0,0
114,0.2,0.13267326732673265,0.12982006655907932,0.30201435781190733,0.5199724101214506,0,0
115,0.2,0.19999999999999996,0.1435063044118292,0.49999999999999983,0.30102999566398136,0,0
116,0.0,0.1306930693069307,0.1419402846531281,1.0,-0.0,0,0
117,0.0,0.1306930693069307,0.1419402846531281,1.0,-0.0,0,0
118,0.0,0.1306930693069307,0.1419402846531281,1.0,-0.0,0,0
119,0.0,0.06732673267326733,0.09451167971312256,1.0,-0.0,0,0
120,0.2,0.0594059405940594,0.09138994660763824,0.061975734571012124,1.2077783170289345,0,0
121,0.2,0.0594059405940594,0.09138994660763824,0.061975734571012124,1.2077783170289345,0,0
122,0.2,0.15049504950495046,0.11741756103266211,0.33665319733003235,0.47281725650809314,0,0
123,0.2,0.15049504950495046,0.11741756103266211,0.33665319733003235,0.47281725650809314,0,0
124,0.2,0.15049504950495046,0.11741756103266211,0.33665319733003235,0.47281725650809314,0,0
125,0.0,0.08910891089108909,0.10331245513461845,1.0,-0.0,0,0
126,0.2,0.13069306930693067,0.1303024465454424,0.2974001286476071,0.5266588479494587,0,0
127,0.2,0.039603960396039604,0.07970143286137867,0.022085672454221338,1.6558893730090938,0,0
128,0.2,0.08712871287128714,0.11050143705587094,0.1535215127505103,0.8138307588564679,0,0
129,0.2,0.11386138613861384,0.12667077696411466,0.24824601832946785,0.6051177085180129,0,0
130,0.2,0.11386138613861384,0.12667077696411466,0.24824601832946785,0.6051177085180129,0,0
131,0.0,0.07326732673267328,0.11509022642946842,1.0,-0.0,0,0
132,0.0,0.07326732673267328,0.11509022642946842,1.0,-0.0,0,0
133,0.0,0.025742574257425745,0.06697637435757531,1.0,-0.0,0,0
134,0.2,0.0712871287128713,0.09578920096988376,0.08952115188222727,1.0480743383108428,0,0
135,0.2,0.0712871287128713,0.09578920096988376,0.08952115188222727,1.0480743383108428,0,0
136,0.2,0.11881188118811878,0.12642288870900886,0.2603733619449361,0.5844034492593223,0,0
137,0.2,0.11881188118811878,0.12642288870900886,0.2603733619449361,0.5844034492593223,0,0
138,0.2,0.11881188118811878,0.12642288870900886,0.2603733619449361,0.5844034492593223,0,0
139,0.0,0.04554455445544555,0.08387254884969257,1.0,-0.0,0,0
140,0.0,0.08514851485148517,0.1172170185104851,1.0,-0.0,0,0
141,0.0,0.08514851485148514,0.1172170185104851,1.0,-0.0,0,0
