,foreground,bg_means,bg_stdev,pvals,minus_logs,regs,active
2,0.0,0.0039603960396039604,0.027863855998951064,1.0,-0.0,0,0
3,0.0,0.0039603960396039604,0.027863855998951064,1.0,-0.0,0,0
4,0.0,0.01386138613861386,0.05079507064705212,1.0,-0.0,0,0
5,0.0,0.01386138613861386,0.05079507064705212,1.0,-0.0,0,0
6,0.0,0.01386138613861386,0.05079507064705212,1.0,-0.0,0,0
7,0.0,0.01386138613861386,0.05079507064705212,1.0,-0.0,0,0
8,0.0,0.01386138613861386,0.05079507064705212,1.0,-0.0,0,0
9,0.0,0.023762376237623766,0.06471340450838887,1.0,-0.0,0,0
10,0.0,0.023762376237623766,0.06471340450838887,1.0,-0.0,0,0
11,0.0,0.023762376237623766,0.06471340450838887,1.0,-0.0,0,0
12,0.0,0.023762376237623766,0.06471340450838887,1.0,-0.0,0,0
13,0.0,0.04752475247524753,0.09397077637785879,1.0,-0.0,0,0
14,0.0,0.023762376237623766,0.07597356868614212,1.0,-0.0,0,0
15,0.0,0.023762376237623766,0.07597356868614212,1.0,-0.0,0,0
16,0.0,0.023762376237623766,0.07597356868614212,1.0,-0.0,0,0
17,0.0,0.023762376237623766,0.07597356868614212,1.0,-0.0,0,0
18,0.0,0.0,0.0,1.0,-0.0,0,0
19,0.0,0.015841584158415842,0.06090517425437506,1.0,-0.0,0,0
20,0.0,0.015841584158415842,0.06090517425437506,1.0,-0.0,0,0
21,0.0,0.023762376237623766,0.07056843438101175,1.0,-0.0,0,0
22,0.2,0.0613861386138614,0.10433219700847123,0.09199298471617674,1.0362452902111776,0,0
23,0.2,0.06732673267326733,0.11698261772468856,0.12837042097948387,0.8915350345635852,0,0
24,0.8,0.11287128712871287,0.14736186103080443,1.559173852409038e-06,5.807105457016197,0,0
25,0.8,0.12277227722772276,0.15662352422404113,7.66401527451638e-06,5.1155436383721575,0,0
26,0.8,0.11683168316831682,0.15225649732072147,3.6123868584870697e-06,5.442205746312689,0,0
27,0.6,0.09900990099009901,0.13679141417164786,0.00012491302317992086,3.9033922805984016,0,0
28,0.6,0.11485148514851483,0.14984225277142665,0.000602427299685109,3.2200953558080863,0,0
29,0.0,0.06336633663366337,0.10874875419996817,1.0,-0.0,0,0
30,0.0,0.05346534653465347,0.09287951999650358,1.0,-0.0,0,0
31,0.0,0.05544554455445545,0.09384550979067555,1.0,-0.0,0,0
32,0.0,0.03564356435643565,0.08154954567118416,1.0,-0.0,0,0
33,0.0,0.013861386138613863,0.05079507064705211,1.0,-0.0,0,0
34,0.0,0.0039603960396039604,0.027863855998951064,1.0,-0.0,0,0
35,0.0,0.015841584158415842,0.05401260078014202,1.0,-0.0,0,0
36,0.0,0.017821782178217824,0.05698017651460656,1.0,-0.0,0,0
37,0.0,0.033663366336633666,0.07482947971362848,1.0,-0.0,0,0
38,0.0,0.033663366336633666,0.07482947971362848,1.0,-0.0,0,0
39,0.0,0.05346534653465347,0.09704990696905227,1.0,-0.0,0,0
40,0.0,0.0594059405940594,0.12119717820276717,1.0,-0.0,0,0
41,0.0,0.05346534653465347,0.11904268012030997,1.0,-0.0,0,0
42,0.0,0.03762376237623762,0.10034740165797963,1.0,-0.0,0,0
43,0.0,0.03762376237623762,0.10034740165797963,1.0,-0.0,0,0
44,0.0,0.017821782178217824,0.056980176514606566,1.0,-0.0,0,0
45,0.0,0.0,0.0,1.0,-0.0,0,0
46,0.0,0.021782178217821784,0.06836703565002801,1.0,-0.0,0,0
47,0.0,0.05148514851485149,0.096075322540263,1.0,-0.0,0,0
48,0.0,0.05148514851485149,0.096075322540263,1.0,-0.0,0,0
49,0.0,0.05148514851485149,0.096075322540263,1.0,-0.0,0,0
50,0.0,0.05148514851485149,0.096075322540263,1.0,-0.0,0,0
51,0.0,0.02970297029702971,0.07112192077650681,1.0,-0.0,0,0
52,0.0,0.0,0.0,1.0,-0.0,0,0
53,0.0,0.0,0.0,1.0,-0.0,0,0
54,0.0,0.0,0.0,1.0,-0.0,0,0
55,0.0,0.0,0.0,1.0,-0.0,0,0
56,0.0,0.0,0.0,1.0,-0.0,0,0
57,0.0,0.0,0.0,1.0,-0.0,0,0
58,0.0,0.0,0.0,1.0,-0.0,0,0
59,0.0,0.0,0.0,1.0,-0.0,0,0
60,0.0,0.0,0.0,1.0,-0.0,0,0
61,0.0,0.0,0.0,1.0,-0.0,0,0
62,0.0,0.0,0.0,1.0,-0.0,0,0
63,0.0,0.019801980198019806,0.05973506189702319,1.0,-0.0,0,0
64,0.0,0.023762376237623766,0.06471340450838889,1.0,-0.0,0,0
65,0.2,0.04752475247524753,0.08965727859541997,0.044504787234598886,1.3515932708674616,0,0
66,0.2,0.05544554455445546,0.09797478714338996,0.07004915208881986,1.1545971172715024,0,0
67,0.2,0.07524752475247526,0.12539516989297084,0.1598986177526046,0.7961552905064926,0,0
68,0.2,0.05544554455445545,0.1094316980566186,0.09325802196181344,1.0303138003353092,0,0
69,0.2,0.08514851485148514,0.13886822488939993,0.2041033004819388,0.6901499724054179,0,0
70,0.0,0.0613861386138614,0.11166631429601336,1.0,-0.0,0,0
71,0.0,0.05346534653465347,0.10489443673781407,1.0,-0.0,0,0
72,0.0,0.033663366336633666,0.07994704648786674,1.0,-0.0,0,0
73,0.0,0.033663366336633666,0.07994704648786674,1.0,-0.0,0,0
74,0.0,0.0,0.0,1.0,-0.0,0,0
75,0.0,0.0,0.0,1.0,-0.0,0,0
76,0.0,0.0,0.0,1.0,-0.0,0,0
77,0.0,0.0,0.0,1.0,-0.0,0,0
78,0.0,0.0,0.0,1.0,-0.0,0,0
79,0.0,0.0,0.0,1.0,-0.0,0,0
80,0.0,0.0,0.0,1.0,-0.0,0,0
81,0.0,0.0,0.0,1.0,-0.0,0,0
82,0.0,0.0,0.0,1.0,-0.0,0,0
83,0.0,0.0,0.0,1.0,-0.0,0,0
84,0.0,0.0,0.0,1.0,-0.0,0,0
85,0.0,0.0,0.0,1.0,-0.0,0,0
86,0.0,0.011881188118811881,0.047276579747775535,1.0,-0.0,0,0
87,0.0,0.011881188118811881,0.047276579747775535,1.0,-0.0,0,0
88,0.0,0.011881188118811881,0.047276579747775535,1.0,-0.0,0,0
89,0.0,0.011881188118811881,0.047276579747775535,1.0,-0.0,0,0
90,0.0,0.011881188118811881,0.047276579747775535,1.0,-0.0,0,0
91,0.0,0.0,0.0,1.0,-0.0,0,0
92,0.0,0.0,0.0,1.0,-0.0,0,0
93,0.0,0.0,0.0,1.0,-0.0,0,0
94,0.0,0.0,0.0,1.0,-0.0,0,0
95,0.0,0.0,0.0,1.0,-0.0,0,0
96,0.0,0.007920792079207921,0.03900537743285587,1.0,-0.0,0,0
97,0.0,0.007920792079207921,0.03900537743285587,1.0,-0.0,0,0
98,0.0,0.015841584158415842,0.054012600780142014,1.0,-0.0,0,0
99,0.0,0.015841584158415842,0.054012600780142014,1.0,-0.0,0,0
100,0.0,0.015841584158415842,0.054012600780142014,1.0,-0.0,0,0
101,0.0,0.021782178217821784,0.06836703565002801,1.0,-0.0,0,0
102,0.0,0.11485148514851484,0.14445948324625327,1.0,-0.0,0,0
103,0.0,0.1069306930693069,0.13368903310588712,1.0,-0.0,0,0
104,0.0,0.1069306930693069,0.13368903310588712,1.0,-0.0,0,0
105,0.0,0.16633663366336632,0.1642729120947021,1.0,-0.0,0,0
106,0.2,0.18613861386138614,0.18510350488002839,0.47015329870577366,0.3277605124328552,0,0
107,0.2,0.10099009900990098,0.1308729634998678,0.22466442305999795,0.6484656952356532,0,0
108,0.4,0.16435643564356434,0.17210643633774864,0.08547253050675453,1.068173438092441,0,0
109,0.6,0.2118811881188119,0.18842081022360838,0.019706389192900756,1.70539294432818,0,0
110,0.6,0.15445544554455443,0.16858452795083376,0.004110505060598291,2.3861048127821363,0,0
111,0.4,0.1386138613861386,0.16104257909978184,0.05228538948720466,1.2816196524626606,0,0
112,0.4,0.1287128712871287,0.1423540653909816,0.02834320804472759,1.547550995398624,0,0
113,0.2,0.06534653465346535,0.1197651526735639,0.13044022603964706,0.8845884572772555,0,0
114,0.0,0.017821782178217824,0.05698017651460656,1.0,-0.0,0,0
115,0.0,0.017821782178217824,0.05698017651460656,1.0,-0.0,0,0
116,0.0,0.0,0.0,1.0,-0.0,0,0
117,0.0,0.0,0.0,1.0,-0.0,0,0
118,0.0,0.0,0.0,1.0,-0.0,0,0
119,0.0,0.0,0.0,1.0,-0.0,0,0
120,0.0,0.0,0.0,1.0,-0.0,0,0
121,0.0,0.0059405940594059415,0.03395332316729157,1.0,-0.0,0,0
122,0.0,0.0059405940594059415,0.03395332316729157,1.0,-0.0,0,0
123,0.0,0.0059405940594059415,0.03395332316729157,1.0,-0.0,0,0
124,0.0,0.0059405940594059415,0.03395332316729157,1.0,-0.0,0,0
125,0.0,0.0059405940594059415,0.03395332316729157,1.0,-0.0,0,0
126,0.0,0.0,0.0,1.0,-0.0,0,0
127,0.0,0.0,0.0,1.0,-0.0,0,0
128,0.0,0.0,0.0,1.0,-0.0,0,0
129,0.0,0.0,0.0,1.0,-0.0,0,0
130,0.0,0.0,0.0,1.0,-0.0,0,0
131,0.0,0.0,0.0,1.0,-0.0,0,0
132,0.0,0.0,0.0,1.0,-0.0,0,0
133,0.0,0.023762376237623766,0.07056843438101175,1.0,-0.0,0,0
134,0.0,0.023762376237623766,0.07056843438101175,1.0,-0.0,0,0
135,0.0,0.023762376237623766,0.07056843438101175,1.0,-0.0,0,0
136,0.0,0.023762376237623766,0.07056843438101175,1.0,-0.0,0,0
137,0.0,0.023762376237623766,0.07056843438101175,1.0,-0.0,0,0
138,0.0,0.0,0.0,1.0,-0.0,0,0
139,0.0,0.0,0.0,1.0,-0.0,0,0
140,0.0,0.0,0.0,1.0,-0.0,0,0
141,0.0,0.015841584158415842,0.05401260078014202,1.0,-0.0,0,0
142,0.0,0.015841584158415842,0.05401260078014202,1.0,-0.0,0,0
143,0.0,0.015841584158415842,0.05401260078014202,1.0,-0.0,0,0
144,0.0,0.015841584158415842,0.05401260078014202,1.0,-0.0,0,0
145,0.0,0.015841584158415842,0.05401260078014202,1.0,-0.0,0,0
146,0.0,0.0,0.0,1.0,-0.0,0,0
147,0.0,0.0,0.0,1.0,-0.0,0,0
148,0.0,0.0,0.0,1.0,-0.0,0,0
149,0.0,0.0,0.0,1.0,-0.0,0,0
150,0.0,0.0,0.0,1.0,-0.0,0,0
151,0.0,0.0,0.0,1.0,-0.0,0,0
152,0.0,0.0,0.0,1.0,-0.0,0,0
153,0.0,0.0,0.0,1.0,-0.0,0,0
154,0.0,0.0,0.0,1.0,-0.0,0,0
155,0.0,0.0,0.0,1.0,-0.0,0,0
156,0.0,0.0,0.0,1.0,-0.0,0,0
157,0.0,0.0,0.0,1.0,-0.0,0,0
158,0.0,0.0,0.0,1.0,-0.0,0,0
159,0.0,0.0,0.0,1.0,-0.0,0,0
160,0.0,0.0,0.0,1.0,-0.0,0,0
161,0.0,0.011881188118811883,0.05501958015623685,1.0,-0.0,0,0
162,0.0,0.011881188118811883,0.05501958015623685,1.0,-0.0,0,0
163,0.0,0.011881188118811883,0.05501958015623685,1.0,-0.0,0,0
164,0.0,0.011881188118811883,0.05501958015623685,1.0,-0.0,0,0
165,0.0,0.019801980198019802,0.06603299802191315,1.0,-0.0,0,0
166,0.0,0.007920792079207921,0.03900537743285587,1.0,-0.0,0,0
167,0.0,0.007920792079207921,0.03900537743285587,1.0,-0.0,0,0
168,0.0,0.007920792079207921,0.03900537743285587,1.0,-0.0,0,0
169,0.0,0.007920792079207921,0.03900537743285587,1.0,-0.0,0,0
170,0.0,0.0,0.0,1.0,-0.0,0,0
171,0.0,0.0,0.0,1.0,-0.0,0,0
172,0.0,0.0,0.0,1.0,-0.0,0,0
173,0.0,0.009900990099009901,0.05171312814732909,1.0,-0.0,0,0
174,0.0,0.009900990099009901,0.05171312814732909,1.0,-0.0,0,0
175,0.0,0.009900990099009901,0.05171312814732909,1.0,-0.0,0,0
176,0.0,0.009900990099009901,0.05171312814732909,1.0,-0.0,0,0
177,0.0,0.009900990099009901,0.05171312814732909,1.0,-0.0,0,0
178,0.0,0.0,0.0,1.0,-0.0,0,0
179,0.0,0.0,0.0,1.0,-0.0,0,0
180,0.0,0.0,0.0,1.0,-0.0,0,0
181,0.0,0.0,0.0,1.0,-0.0,0,0
182,0.0,0.0,0.0,1.0,-0.0,0,0
183,0.0,0.0,0.0,1.0,-0.0,0,0
184,0.0,0.0,0.0,1.0,-0.0,0,0
185,0.0,0.0,0.0,1.0,-0.0,0,0
186,0.0,0.0,0.0,1.0,-0.0,0,0
187,0.0,0.0,0.0,1.0,-0.0,0,0
188,0.0,0.0,0.0,1.0,-0.0,0,0
189,0.0,0.0,0.0,1.0,-0.0,0,0
190,0.0,0.0,0.0,1.0,-0.0,0,0
191,0.0,0.0,0.0,1.0,-0.0,0,0
192,0.0,0.0,0.0,1.0,-0.0,0,0
193,0.0,0.0,0.0,1.0,-0.0,0,0
194,0.0,0.0,0.0,1.0,-0.0,0,0
195,0.0,0.0,0.0,1.0,-0.0,0,0
196,0.0,0.0,0.0,1.0,-0.0,0,0
197,0.0,0.0,0.0,1.0,-0.0,0,0
198,0.0,0.007920792079207921,0.03900537743285587,1.0,-0.0,0,0
199,0.0,0.007920792079207921,0.03900537743285587,1.0,-0.0,0,0
200,0.0,0.007920792079207921,0.03900537743285587,1.0,-0.0,0,0
201,0.0,0.007920792079207921,0.03900537743285587,1.0,-0.0,0,0
202,0.0,0.007920792079207921,0.03900537743285587,1.0,-0.0,0,0
203,0.0,0.0,0.0,1.0,-0.0,0,0
204,0.0,0.0,0.0,1.0,-0.0,0,0
205,0.0,0.0,0.0,1.0,-0.0,0,0
206,0.0,0.0,0.0,1.0,-0.0,0,0
207,0.0,0.0,0.0,1.0,-0.0,0,0
208,0.0,0.0,0.0,1.0,-0.0,0,0
209,0.0,0.0,0.0,1.0,-0.0,0,0
210,0.0,0.0,0.0,1.0,-0.0,0,0
211,0.0,0.0,0.0,1.0,-0.0,0,0
212,0.0,0.0,0.0,1.0,-0.0,0,0
213,0.0,0.0,0.0,1.0,-0.0,0,0
214,0.0,0.0,0.0,1.0,-0.0,0,0
215,0.0,0.0,0.0,1.0,-0.0,0,0
216,0.0,0.0,0.0,1.0,-0.0,0,0
217,0.0,0.007920792079207921,0.03900537743285587,1.0,-0.0,0,0
218,0.0,0.007920792079207921,0.03900537743285587,1.0,-0.0,0,0
219,0.0,0.007920792079207921,0.03900537743285587,1.0,-0.0,0,0
220,0.0,0.007920792079207921,0.03900537743285587,1.0,-0.0,0,0
221,0.0,0.007920792079207921,0.03900537743285587,1.0,-0.0,0,0
222,0.0,0.0,0.0,1.0,-0.0,0,0
223,0.0,0.0,0.0,1.0,-0.0,0,0
224,0.0,0.0,0.0,1.0,-0.0,0,0
225,0.0,0.0,0.0,1.0,-0.0,0,0
226,0.0,0.0,0.0,1.0,-0.0,0,0
227,0.0,0.0,0.0,1.0,-0.0,0,0
228,0.0,0.0,0.0,1.0,-0.0,0,0
229,0.0,0.0,0.0,1.0,-0.0,0,0
230,0.0,0.0,0.0,1.0,-0.0,0,0
231,0.0,0.0,0.0,1.0,-0.0,0,0
232,0.0,0.0,0.0,1.0,-0.0,0,0
233,0.0,0.0,0.0,1.0,-0.0,0,0
234,0.0,0.0,0.0,1.0,-0.0,0,0
235,0.2,0.0039603960396039604,0.02786385599895106,9.918686161640932e-13,12.00354585108558,0,0
236,0.2,0.017821782178217824,0.05698017651460656,0.0006937928196726553,3.15877019915046,0,0
237,0.2,0.017821782178217824,0.05698017651460656,0.0006937928196726553,3.15877019915046,0,0
238,0.2,0.017821782178217824,0.05698017651460656,0.0006937928196726553,3.15877019915046,0,0
239,0.2,0.017821782178217824,0.05698017651460656,0.0006937928196726553,3.15877019915046,0,0
240,0.0,0.013861386138613863,0.050795070647052104,1.0,-0.0,0,0
241,0.0,0.0,0.0,1.0,-0.0,0,0
242,0.0,0.0,0.0,1.0,-0.0,0,0
243,0.0,0.0,0.0,1.0,-0.0,0,0
244,0.0,0.0,0.0,1.0,-0.0,0,0
245,0.0,0.0,0.0,1.0,-0.0,0,0
246,0.0,0.0,0.0,1.0,-0.0,0,0
247,0.0,0.0,0.0,1.0,-0.0,0,0
248,0.0,0.0,0.0,1.0,-0.0,0,0
249,0.0,0.0,0.0,1.0,-0.0,0,0
250,0.0,0.0019801980198019802,0.0198019801980198,1.0,-0.0,0,0
251,0.0,0.0019801980198019802,0.0198019801980198,1.0,-0.0,0,0
252,0.0,0.0019801980198019802,0.0198019801980198,1.0,-0.0,0,0
253,0.0,0.009900990099009901,0.04338396495090424,1.0,-0.0,0,0
254,0.0,0.009900990099009901,0.04338396495090424,1.0,-0.0,0,0
255,0.0,0.007920792079207921,0.03900537743285587,1.0,-0.0,0,0
256,0.0,0.007920792079207921,0.03900537743285587,1.0,-0.0,0,0
257,0.0,0.007920792079207921,0.03900537743285587,1.0,-0.0,0,0
258,0.0,0.0,0.0,1.0,-0.0,0,0
259,0.0,0.0,0.0,1.0,-0.0,0,0
260,0.0,0.0,0.0,1.0,-0.0,0,0
261,0.0,0.0,0.0,1.0,-0.0,0,0
262,0.0,0.009900990099009901,0.04338396495090424,1.0,-0.0,0,0
263,0.0,0.009900990099009901,0.04338396495090424,1.0,-0.0,0,0
264,0.0,0.011881188118811881,0.047276579747775535,1.0,-0.0,0,0
265,0.0,0.011881188118811881,0.047276579747775535,1.0,-0.0,0,0
266,0.0,0.011881188118811881,0.047276579747775535,1.0,-0.0,0,0
267,0.0,0.0019801980198019802,0.019801980198019802,1.0,-0.0,0,0
268,0.0,0.0019801980198019802,0.019801980198019802,1.0,-0.0,0,0
269,0.0,0.0,0.0,1.0,-0.0,0,0
270,0.0,0.0,0.0,1.0,-0.0,0,0
271,0.0,0.0,0.0,1.0,-0.0,0,0
272,0.0,0.017821782178217824,0.0635517090529949,1.0,-0.0,0,0
273,0.0,0.017821782178217824,0.0635517090529949,1.0,-0.0,0,0
274,0.0,0.017821782178217824,0.0635517090529949,1.0,-0.0,0,0
275,0.0,0.017821782178217824,0.0635517090529949,1.0,-0.0,0,0
276,0.0,0.017821782178217824,0.0635517090529949,1.0,-0.0,0,0
277,0.0,0.0059405940594059415,0.03395332316729158,1.0,-0.0,0,0
278,0.0,0.0059405940594059415,0.03395332316729158,1.0,-0.0,0,0
279,0.0,0.0059405940594059415,0.03395332316729158,1.0,-0.0,0,0
280,0.0,0.0059405940594059415,0.03395332316729158,1.0,-0.0,0,0
281,0.0,0.0059405940594059415,0.03395332316729158,1.0,-0.0,0,0
282,0.0,0.0,0.0,1.0,-0.0,0,0
283,0.0,0.0,0.0,1.0,-0.0,0,0
284,0.0,0.0,0.0,1.0,-0.0,0,0
285,0.0,0.0,0.0,1.0,-0.0,0,0
286,0.0,0.0,0.0,1.0,-0.0,0,0
287,0.0,0.0,0.0,1.0,-0.0,0,0
288,0.0,0.0,0.0,1.0,-0.0,0,0
289,0.0,0.0,0.0,1.0,-0.0,0,0
290,0.0,0.0,0.0,1.0,-0.0,0,0
291,0.0,0.0,0.0,1.0,-0.0,0,0
292,0.0,0.0,0.0,1.0,-0.0,0,0
293,0.0,0.025742574257425748,0.06697637435757531,1.0,-0.0,0,0
294,0.0,0.025742574257425748,0.06697637435757531,1.0,-0.0,0,0
295,0.0,0.033663366336633666,0.07482947971362845,1.0,-0.0,0,0
296,0.0,0.033663366336633666,0.07482947971362845,1.0,-0.0,0,0
297,0.0,0.033663366336633666,0.07482947971362845,1.0,-0.0,0,0
298,0.0,0.007920792079207921,0.03900537743285587,1.0,-0.0,0,0
299,0.0,0.007920792079207921,0.03900537743285587,1.0,-0.0,0,0
300,0.0,0.021782178217821784,0.06230547612891991,1.0,-0.0,0,0
301,0.0,0.021782178217821784,0.06230547612891991,1.0,-0.0,0,0
302,0.0,0.021782178217821784,0.06230547612891991,1.0,-0.0,0,0
303,0.0,0.021782178217821784,0.06230547612891991,1.0,-0.0,0,0
304,0.0,0.03564356435643565,0.08154954567118415,1.0,-0.0,0,0
305,0.0,0.017821782178217824,0.0635517090529949,1.0,-0.0,0,0
306,0.0,0.017821782178217824,0.0635517090529949,1.0,-0.0,0,0
307,0.2,0.09306930693069305,0.13948804962658473,0.22166149082647368,0.6543097501612731,0,0
308,0.2,0.09306930693069305,0.13948804962658473,0.22166149082647368,0.6543097501612731,0,0
309,0.2,0.07920792079207921,0.12293186689242577,0.1629037206105144,0.788068996586744,0,0
310,0.2,0.07524752475247526,0.11553229422427584,0.140114268670204,0.8535176356692988,0,0
311,0.2,0.07524752475247526,0.11553229422427584,0.140114268670204,0.8535176356692988,0,0
312,0.0,0.0,0.0,1.0,-0.0,0,0
313,0.0,0.0,0.0,1.0,-0.0,0,0
314,0.2,0.057425742574257435,0.10656335878870264,0.0904597157907538,1.0435447810683363,0,0
315,0.2,0.057425742574257435,0.10656335878870264,0.0904597157907538,1.0435447810683363,0,0
316,0.2,0.11386138613861387,0.12667077696411466,0.2482460183294679,0.6051177085180129,0,0
317,0.2,0.22970297029702977,0.20174709904079255,1.0,-0.0,0,0
318,0.2,0.22970297029702977,0.20174709904079255,1.0,-0.0,0,0
319,0.0,0.1722772277227723,0.1802741651760957,1.0,-0.0,0,0
320,0.0,0.1722772277227723,0.1802741651760957,1.0,-0.0,0,0
321,0.0,0.11485148514851484,0.14984225277142668,1.0,-0.0,0,0
322,0.0,0.04356435643564357,0.0916470215081674,1.0,-0.0,0,0
323,0.0,0.04356435643564357,0.0916470215081674,1.0,-0.0,0,0
324,0.0,0.04356435643564357,0.0916470215081674,1.0,-0.0,0,0
325,0.0,0.04356435643564357,0.0916470215081674,1.0,-0.0,0,0
326,0.0,0.07722772277227723,0.12576985749069639,1.0,-0.0,0,0
327,0.0,0.07722772277227724,0.105193069190443,1.0,-0.0,0,0
328,0.0,0.07722772277227724,0.105193069190443,1.0,-0.0,0,0
329,0.0,0.1801980198019802,0.17004355992893858,1.0,-0.0,0,0
330,0.0,0.1900990099009901,0.17660435755646176,1.0,-0.0,0,0
331,0.0,0.17029702970297025,0.18322985319016175,1.0,-0.0,0,0
332,0.0,0.14257425742574253,0.16249693654596944,1.0,-0.0,0,0
333,0.0,0.14257425742574253,0.16249693654596944,1.0,-0.0,0,0
334,0.2,0.05346534653465347,0.09704990696905226,0.0655357875709919,1.1835214771048093,0,0
335,0.2,0.05346534653465347,0.09287951999650357,0.05731896239780438,1.2417016799108866,0,0
336,0.2,0.039603960396039604,0.07970143286137867,0.022085672454221338,1.6558893730090938,0,0
337,0.2,0.023762376237623766,0.06471340450838889,0.0032311212459077425,2.490646745033819,0,0
338,0.2,0.023762376237623766,0.06471340450838889,0.0032311212459077425,2.490646745033819,0,0
339,0.0,0.009900990099009901,0.04338396495090425,1.0,-0.0,0,0
340,0.0,0.0,0.0,1.0,-0.0,0,0
341,0.0,0.0,0.0,1.0,-0.0,0,0
342,0.0,0.0059405940594059415,0.03395332316729158,1.0,-0.0,0,0
343,0.0,0.0059405940594059415,0.03395332316729158,1.0,-0.0,0,0
344,0.0,0.0059405940594059415,0.03395332316729158,1.0,-0.0,0,0
345,0.0,0.0059405940594059415,0.03395332316729158,1.0,-0.0,0,0
346,0.0,0.0059405940594059415,0.03395332316729158,1.0,-0.0,0,0
347,0.0,0.0,0.0,1.0,-0.0,0,0
348,0.0,0.0,0.0,1.0,-0.0,0,0
349,0.0,0.0,0.0,1.0,-0.0,0,0
350,0.0,0.0,0.0,1.0,-0.0,0,0
351,0.0,0.0,0.0,1.0,-0.0,0,0
352,0.0,0.0,0.0,1.0,-0.0,0,0
353,0.0,0.0,0.0,1.0,-0.0,0,0
354,0.0,0.0,0.0,1.0,-0.0,0,0
355,0.0,0.0,0.0,1.0,-0.0,0,0
356,0.0,0.0,0.0,1.0,-0.0,0,0
357,0.0,0.0,0.0,1.0,-0.0,0,0
358,0.0,0.0,0.0,1.0,-0.0,0,0
359,0.0,0.0,0.0,1.0,-0.0,0,0
360,0.0,0.0,0.0,1.0,-0.0,0,0
361,0.0,0.0,0.0,1.0,-0.0,0,0
362,0.0,0.0,0.0,1.0,-0.0,0,0
363,0.0,0.0,0.0,1.0,-0.0,0,0
364,0.0,0.0039603960396039604,0.027863855998951064,1.0,-0.0,0,0
365,0.2,0.0297029702970297,0.08150144802873932,0.018331504659791168,1.7368018864493864,0,0
366,0.2,0.033663366336633666,0.08475617647141663,0.024850340762334614,1.6046676515911364,0,0
367,0.2,0.033663366336633666,0.08475617647141663,0.024850340762334614,1.6046676515911364,0,0
368,0.2,0.033663366336633666,0.08475617647141663,0.024850340762334614,1.6046676515911364,0,0
369,0.2,0.0297029702970297,0.07648795214189293,0.012991839772286904,1.8863293442020952,0,0
370,0.0,0.007920792079207921,0.03900537743285587,1.0,-0.0,0,0
371,0.0,0.0039603960396039604,0.027863855998951064,1.0,-0.0,0,0
372,0.0,0.007920792079207921,0.03900537743285587,1.0,-0.0,0,0
373,0.0,0.015841584158415842,0.054012600780142014,1.0,-0.0,0,0
374,0.0,0.015841584158415842,0.054012600780142014,1.0,-0.0,0,0
375,0.0,0.011881188118811881,0.04727657974777554,1.0,-0.0,0,0
376,0.0,0.011881188118811881,0.04727657974777554,1.0,-0.0,0,0
377,0.0,0.007920792079207921,0.03900537743285587,1.0,-0.0,0,0
378,0.0,0.0,0.0,1.0,-0.0,0,0
379,0.0,0.0,0.0,1.0,-0.0,0,0
380,0.0,0.0,0.0,1.0,-0.0,0,0
381,0.0,0.0,0.0,1.0,-0.0,0,0
382,0.0,0.0,0.0,1.0,-0.0,0,0
383,0.0,0.0,0.0,1.0,-0.0,0,0
384,0.0,0.0,0.0,1.0,-0.0,0,0
385,0.0,0.0,0.0,1.0,-0.0,0,0
386,0.0,0.0,0.0,1.0,-0.0,0,0
387,0.0,0.0,0.0,1.0,-0.0,0,0
388,0.0,0.0,0.0,1.0,-0.0,0,0
389,0.0,0.0,0.0,1.0,-0.0,0,0
390,0.0,0.017821782178217824,0.05698017651460656,1.0,-0.0,0,0
391,0.0,0.017821782178217824,0.05698017651460656,1.0,-0.0,0,0
392,0.0,0.017821782178217824,0.05698017651460656,1.0,-0.0,0,0
393,0.0,0.017821782178217824,0.05698017651460656,1.0,-0.0,0,0
394,0.0,0.03564356435643565,0.07653920035678292,1.0,-0.0,0,0
395,0.0,0.017821782178217824,0.05698017651460656,1.0,-0.0,0,0
396,0.0,0.017821782178217824,0.05698017651460656,1.0,-0.0,0,0
397,0.0,0.017821782178217824,0.05698017651460656,1.0,-0.0,0,0
398,0.0,0.017821782178217824,0.05698017651460656,1.0,-0.0,0,0
399,0.0,0.0,0.0,1.0,-0.0,0,0
400,0.0,0.0,0.0,1.0,-0.0,0,0
401,0.0,0.0,0.0,1.0,-0.0,0,0
402,0.0,0.0,0.0,1.0,-0.0,0,0
403,0.0,0.0,0.0,1.0,-0.0,0,0
404,0.0,0.0,0.0,1.0,-0.0,0,0
405,0.0,0.0,0.0,1.0,-0.0,0,0
406,0.0,0.0,0.0,1.0,-0.0,0,0
407,0.0,0.0,0.0,1.0,-0.0,0,0
408,0.0,0.0,0.0,1.0,-0.0,0,0
409,0.0,0.0,0.0,1.0,-0.0,0,0
410,0.0,0.0,0.0,1.0,-0.0,0,0
411,0.0,0.0,0.0,1.0,-0.0,0,0
412,0.0,0.0,0.0,1.0,-0.0,0,0
413,0.0,0.0,0.0,1.0,-0.0,0,0
414,0.0,0.0,0.0,1.0,-0.0,0,0
415,0.0,0.0,0.0,1.0,-0.0,0,0
416,0.0,0.0,0.0,1.0,-0.0,0,0
417,0.0,0.0,0.0,1.0,-0.0,0,0
418,0.0,0.0,0.0,1.0,-0.0,0,0
419,0.0,0.0,0.0,1.0,-0.0,0,0
420,0.0,0.0,0.0,1.0,-0.0,0,0
421,0.0,0.0,0.0,1.0,-0.0,0,0
422,0.0,0.0,0.0,1.0,-0.0,0,0
423,0.0,0.0,0.0,1.0,-0.0,0,0
424,0.0,0.0,0.0,1.0,-0.0,0,0
425,0.0,0.0,0.0,1.0,-0.0,0,0
426,0.0,0.0,0.0,1.0,-0.0,0,0
427,0.0,0.0,0.0,1.0,-0.0,0,0
428,0.0,0.0,0.0,1.0,-0.0,0,0
429,0.0,0.0,0.0,1.0,-0.0,0,0
430,0.0,0.0,0.0,1.0,-0.0,0,0
431,0.0,0.0,0.0,1.0,-0.0,0,0
432,0.0,0.0,0.0,1.0,-0.0,0,0
433,0.0,0.0,0.0,1.0,-0.0,0,0
434,0.0,0.0,0.0,1.0,-0.0,0,0
435,0.0,0.0,0.0,1.0,-0.0,0,0
436,0.0,0.0,0.0,1.0,-0.0,0,0
437,0.0,0.0,0.0,1.0,-0.0,0,0
438,0.0,0.0,0.0,1.0,-0.0,0,0
439,0.0,0.0,0.0,1.0,-0.0,0,0
440,0.0,0.0,0.0,1.0,-0.0,0,0
441,0.0,0.0,0.0,1.0,-0.0,0,0
442,0.0,0.0,0.0,1.0,-0.0,0,0
443,0.0,0.0,0.0,1.0,-0.0,0,0
444,0.0,0.0,0.0,1.0,-0.0,0,0
445,0.0,0.0,0.0,1.0,-0.0,0,0
446,0.0,0.0,0.0,1.0,-0.0,0,0
447,0.0,0.0,0.0,1.0,-0.0,0,0
448,0.0,0.0,0.0,1.0,-0.0,0,0
449,0.0,0.0,0.0,1.0,-0.0,0,0
450,0.0,0.0,0.0,1.0,-0.0,0,0
451,0.0,0.0,0.0,1.0,-0.0,0,0
452,0.0,0.0,0.0,1.0,-0.0,0,0
453,0.0,0.0,0.0,1.0,-0.0,0,0
454,0.0,0.0,0.0,1.0,-0.0,0,0
455,0.0,0.0,0.0,1.0,-0.0,0,0
456,0.0,0.0,0.0,1.0,-0.0,0,0
457,0.0,0.0,0.0,1.0,-0.0,0,0
458,0.0,0.0,0.0,1.0,-0.0,0,0
459,0.0,0.0,0.0,1.0,-0.0,0,0
460,0.0,0.0,0.0,1.0,-0.0,0,0
461,0.0,0.0,0.0,1.0,-0.0,0,0
462,0.0,0.0,0.0,1.0,-0.0,0,0
463,0.0,0.0,0.0,1.0,-0.0,0,0
464,0.0,0.0,0.0,1.0,-0.0,0,0
465,0.0,0.0,0.0,1.0,-0.0,0,0
466,0.0,0.0,0.0,1.0,-0.0,0,0
467,0.0,0.0,0.0,1.0,-0.0,0,0
468,0.0,0.0,0.0,1.0,-0.0,0,0
469,0.0,0.0,0.0,1.0,-0.0,0,0
470,0.0,0.0,0.0,1.0,-0.0,0,0
471,0.0,0.0,0.0,1.0,-0.0,0,0
472,0.0,0.0,0.0,1.0,-0.0,0,0
473,0.0,0.0,0.0,1.0,-0.0,0,0
474,0.0,0.0,0.0,1.0,-0.0,0,0
475,0.0,0.0,0.0,1.0,-0.0,0,0
476,0.0,0.0,0.0,1.0,-0.0,0,0
477,0.0,0.011881188118811883,0.04727657974777553,1.0,-0.0,0,0
478,0.0,0.011881188118811883,0.04727657974777553,1.0,-0.0,0,0
479,0.0,0.011881188118811883,0.04727657974777553,1.0,-0.0,0,0
480,0.0,0.011881188118811883,0.04727657974777553,1.0,-0.0,0,0
481,0.0,0.011881188118811883,0.04727657974777553,1.0,-0.0,0,0
482,0.0,0.0,0.0,1.0,-0.0,0,0
483,0.0,0.0,0.0,1.0,-0.0,0,0
484,0.0,0.009900990099009901,0.04338396495090425,1.0,-0.0,0,0
485,0.0,0.023762376237623766,0.06471340450838887,1.0,-0.0,0,0
486,0.0,0.023762376237623766,0.06471340450838887,1.0,-0.0,0,0
487,0.0,0.023762376237623766,0.06471340450838887,1.0,-0.0,0,0
488,0.0,0.023762376237623766,0.06471340450838887,1.0,-0.0,0,0
489,0.0,0.013861386138613863,0.05079507064705211,1.0,-0.0,0,0
490,0.0,0.0,0.0,1.0,-0.0,0,0
491,0.0,0.0,0.0,1.0,-0.0,0,0
492,0.0,0.0,0.0,1.0,-0.0,0,0
493,0.0,0.0,0.0,1.0,-0.0,0,0
494,0.0,0.0,0.0,1.0,-0.0,0,0
495,0.0,0.0,0.0,1.0,-0.0,0,0
496,0.2,0.0297029702970297,0.07112192077650681,0.008322928729312118,2.079723824290396,0,0
497,0.2,0.0594059405940594,0.10733330877518932,0.0951177364230414,1.0217384934469724,0,0
498,0.2,0.0594059405940594,0.10733330877518932,0.0951177364230414,1.0217384934469724,0,0
499,0.2,0.06534653465346535,0.11295810453031022,0.11661777127180524,0.9332352628086957,0,0
500,0.2,0.06534653465346535,0.11295810453031022,0.11661777127180524,0.9332352628086957,0,0
501,0.0,0.03564356435643565,0.08154954567118416,1.0,-0.0,0,0
502,0.2,0.10297029702970295,0.13084299831035082,0.2291728857470876,0.6398367665781117,0,0
503,0.2,0.10693069306930694,0.13368903310588712,0.2431634985045643,0.6141016168491317,0,0
504,0.2,0.100990099009901,0.13386490123687583,0.22976361750303886,0.6387187396538442,0,0
505,0.2,0.100990099009901,0.13386490123687583,0.22976361750303886,0.6387187396538442,0,0
506,0.2,0.100990099009901,0.13386490123687583,0.22976361750303886,0.6387187396538442,0,0
507,0.0,0.0039603960396039604,0.027863855998951068,1.0,-0.0,0,0
508,0.0,0.0,0.0,1.0,-0.0,0,0
509,0.0,0.0,0.0,1.0,-0.0,0,0
510,0.0,0.0,0.0,1.0,-0.0,0,0
511,0.0,0.0,0.0,1.0,-0.0,0,0
512,0.0,0.0,0.0,1.0,-0.0,0,0
513,0.0,0.0,0.0,1.0,-0.0,0,0
514,0.0,0.0,0.0,1.0,-0.0,0,0
515,0.0,0.01386138613861386,0.05079507064705211,1.0,-0.0,0,0
516,0.2,0.033663366336633666,0.07994704648786674,0.018735949469970602,1.7273242935431963,0,0
517,0.2,0.033663366336633666,0.07994704648786674,0.018735949469970602,1.7273242935431963,0,0
518,0.2,0.04950495049504951,0.09912864166957489,0.06448460512601864,1.190543955238279,0,0
519,0.2,0.05544554455445545,0.10575073206193022,0.08582272375636786,1.066397706377696,0,0
520,0.2,0.0594059405940594,0.10357779667819421,0.08733081746926054,1.0588324745635311,0,0
521,0.0,0.039603960396039604,0.08908690597387718,1.0,-0.0,0,0
522,0.0,0.047524752475247525,0.0939707763778588,1.0,-0.0,0,0
523,0.0,0.031683168316831684,0.0730260947112308,1.0,-0.0,0,0
524,0.0,0.025742574257425745,0.0669763743575753,1.0,-0.0,0,0
525,0.0,0.023762376237623766,0.06471340450838887,1.0,-0.0,0,0
526,0.0,0.023762376237623766,0.06471340450838887,1.0,-0.0,0,0
527,0.0,0.015841584158415842,0.05401260078014202,1.0,-0.0,0,0
528,0.0,0.023762376237623766,0.06471340450838887,1.0,-0.0,0,0
529,0.0,0.023762376237623766,0.06471340450838887,1.0,-0.0,0,0
530,0.0,0.007920792079207921,0.03900537743285587,1.0,-0.0,0,0
531,0.0,0.007920792079207921,0.03900537743285587,1.0,-0.0,0,0
532,0.0,0.007920792079207921,0.03900537743285587,1.0,-0.0,0,0
533,0.0,0.0,0.0,1.0,-0.0,0,0
534,0.0,0.0,0.0,1.0,-0.0,0,0
535,0.0,0.0,0.0,1.0,-0.0,0,0
536,0.0,0.0,0.0,1.0,-0.0,0,0
537,0.0,0.0,0.0,1.0,-0.0,0,0
538,0.2,0.0019801980198019802,0.019801980198019802,1.0000007619853025e-17,16.999999669074114,0,0
539,0.2,0.0019801980198019802,0.019801980198019802,1.0000007619853025e-17,16.999999669074114,0,0
540,0.2,0.0019801980198019802,0.019801980198019802,1.0000007619853025e-17,16.999999669074114,0,0
541,0.2,0.0019801980198019802,0.019801980198019802,1.0000007619853025e-17,16.999999669074114,0,0
542,0.4,0.0059405940594059415,0.03395332316729158,1.0000000000000193e-17,16.999999999999993,0,0
543,0.2,0.04554455445544554,0.09700949476369024,0.05567344326657021,1.2543519178087963,0,0
544,0.2,0.06534653465346535,0.1164113937164283,0.12369676173807938,0.9076416696327345,0,0
545,0.2,0.06534653465346535,0.1164113937164283,0.12369676173807938,0.9076416696327345,0,0
546,0.2,0.06930693069306931,0.11751770396006173,0.13304459555834885,0.8760027623516582,0,0
547,0.0,0.06534653465346535,0.11295810453031022,1.0,-0.0,0,0
548,0.0,0.10099009900990098,0.12467387119760154,1.0,-0.0,0,0
549,0.2,0.09504950495049506,0.1337769960717191,0.2163680383709738,0.6648068922914055,0,0
550,0.2,0.10297029702970295,0.1396285351588451,0.24355487059635944,0.613403181009182,0,0
551,0.2,0.09900990099009901,0.13965661530697393,0.234799546255409,0.629302746687466,0,0
552,0.2,0.10495049504950495,0.14513649268759365,0.2562669221558921,0.5913074470824351,0,0
553,0.2,0.027722772277227727,0.06910862719451542,0.006336173555908623,2.198172935373565,0,0
554,0.0,0.013861386138613863,0.05079507064705211,1.0,-0.0,0,0
555,0.0,0.0059405940594059415,0.03395332316729158,1.0,-0.0,0,0
556,0.0,0.013861386138613863,0.05079507064705211,1.0,-0.0,0,0
557,0.0,0.007920792079207921,0.03900537743285587,1.0,-0.0,0,0
558,0.0,0.007920792079207921,0.03900537743285587,1.0,-0.0,0,0
559,0.0,0.007920792079207921,0.03900537743285587,1.0,-0.0,0,0
560,0.0,0.007920792079207921,0.03900537743285587,1.0,-0.0,0,0
561,0.0,0.0,0.0,1.0,-0.0,0,0
562,0.0,0.0,0.0,1.0,-0.0,0,0
563,0.0,0.0,0.0,1.0,-0.0,0,0
564,0.0,0.0,0.0,1.0,-0.0,0,0
565,0.0,0.0,0.0,1.0,-0.0,0,0
566,0.0,0.0,0.0,1.0,-0.0,0,0
567,0.0,0.0,0.0,1.0,-0.0,0,0
568,0.0,0.0,0.0,1.0,-0.0,0,0
569,0.0,0.0,0.0,1.0,-0.0,0,0
570,0.0,0.0,0.0,1.0,-0.0,0,0
571,0.0,0.0,0.0,1.0,-0.0,0,0
572,0.0,0.0,0.0,1.0,-0.0,0,0
573,0.0,0.0,0.0,1.0,-0.0,0,0
574,0.0,0.0,0.0,1.0,-0.0,0,0
575,0.0,0.0,0.0,1.0,-0.0,0,0
576,0.0,0.0,0.0,1.0,-0.0,0,0
577,0.0,0.0,0.0,1.0,-0.0,0,0
578,0.0,0.0,0.0,1.0,-0.0,0,0
579,0.0,0.0,0.0,1.0,-0.0,0,0
580,0.0,0.0,0.0,1.0,-0.0,0,0
581,0.0,0.0,0.0,1.0,-0.0,0,0
582,0.0,0.0,0.0,1.0,-0.0,0,0
583,0.0,0.0,0.0,1.0,-0.0,0,0
584,0.0,0.0,0.0,1.0,-0.0,0,0
585,0.0,0.0,0.0,1.0,-0.0,0,0
586,0.0,0.0,0.0,1.0,-0.0,0,0
587,0.0,0.0,0.0,1.0,-0.0,0,0
588,0.0,0.0039603960396039604,0.027863855998951068,1.0,-0.0,0,0
589,0.0,0.0039603960396039604,0.027863855998951068,1.0,-0.0,0,0
590,0.0,0.0039603960396039604,0.027863855998951068,1.0,-0.0,0,0
591,0.0,0.007920792079207921,0.03900537743285587,1.0,-0.0,0,0
592,0.0,0.007920792079207921,0.03900537743285587,1.0,-0.0,0,0
593,0.0,0.0039603960396039604,0.027863855998951064,1.0,-0.0,0,0
594,0.0,0.0039603960396039604,0.027863855998951064,1.0,-0.0,0,0
595,0.0,0.0039603960396039604,0.027863855998951064,1.0,-0.0,0,0
596,0.0,0.0,0.0,1.0,-0.0,0,0
597,0.0,0.0,0.0,1.0,-0.0,0,0
598,0.0,0.0059405940594059415,0.033953323167291584,1.0,-0.0,0,0
599,0.0,0.009900990099009901,0.04338396495090424,1.0,-0.0,0,0
600,0.0,0.015841584158415842,0.06090517425437506,1.0,-0.0,0,0
601,0.0,0.015841584158415842,0.06090517425437506,1.0,-0.0,0,0
602,0.0,0.025742574257425748,0.07264925278354115,1.0,-0.0,0,0
603,0.0,0.041584158415841586,0.09039772047931348,1.0,-0.0,0,0
604,0.0,0.03762376237623763,0.08771182015980238,1.0,-0.0,0,0
605,0.0,0.031683168316831684,0.07826167463512675,1.0,-0.0,0,0
606,0.0,0.031683168316831684,0.07826167463512675,1.0,-0.0,0,0
607,0.0,0.021782178217821784,0.06836703565002801,1.0,-0.0,0,0
608,0.0,0.0,0.0,1.0,-0.0,0,0
609,0.0,0.0,0.0,1.0,-0.0,0,0
610,0.0,0.0,0.0,1.0,-0.0,0,0
611,0.0,0.0,0.0,1.0,-0.0,0,0
612,0.0,0.0,0.0,1.0,-0.0,0,0
613,0.0,0.0,0.0,1.0,-0.0,0,0
614,0.0,0.0,0.0,1.0,-0.0,0,0
615,0.0,0.007920792079207921,0.03900537743285587,1.0,-0.0,0,0
616,0.0,0.007920792079207921,0.03900537743285587,1.0,-0.0,0,0
617,0.0,0.007920792079207921,0.03900537743285587,1.0,-0.0,0,0
618,0.0,0.007920792079207921,0.03900537743285587,1.0,-0.0,0,0
619,0.0,0.007920792079207921,0.03900537743285587,1.0,-0.0,0,0
620,0.0,0.0,0.0,1.0,-0.0,0,0
621,0.0,0.0,0.0,1.0,-0.0,0,0
622,0.0,0.0,0.0,1.0,-0.0,0,0
623,0.0,0.0,0.0,1.0,-0.0,0,0
624,0.0,0.0039603960396039604,0.027863855998951064,1.0,-0.0,0,0
625,0.0,0.0039603960396039604,0.027863855998951064,1.0,-0.0,0,0
626,0.0,0.0039603960396039604,0.027863855998951064,1.0,-0.0,0,0
627,0.0,0.0039603960396039604,0.027863855998951064,1.0,-0.0,0,0
628,0.0,0.0039603960396039604,0.027863855998951064,1.0,-0.0,0,0
629,0.0,0.0,0.0,1.0,-0.0,0,0
630,0.0,0.0,0.0,1.0,-0.0,0,0
631,0.0,0.015841584158415842,0.05401260078014202,1.0,-0.0,0,0
632,0.0,0.015841584158415842,0.05401260078014202,1.0,-0.0,0,0
633,0.0,0.017821782178217824,0.05698017651460656,1.0,-0.0,0,0
634,0.0,0.017821782178217824,0.05698017651460656,1.0,-0.0,0,0
635,0.0,0.017821782178217824,0.05698017651460656,1.0,-0.0,0,0
636,0.0,0.009900990099009901,0.04338396495090424,1.0,-0.0,0,0
637,0.0,0.009900990099009901,0.04338396495090424,1.0,-0.0,0,0
638,0.0,0.007920792079207921,0.03900537743285587,1.0,-0.0,0,0
639,0.0,0.02772277227722772,0.07975061610139514,1.0,-0.0,0,0
640,0.0,0.02772277227722772,0.07975061610139514,1.0,-0.0,0,0
641,0.0,0.019801980198019802,0.07178047113026478,1.0,-0.0,0,0
642,0.0,0.019801980198019802,0.07178047113026478,1.0,-0.0,0,0
643,0.0,0.12079207920792079,0.14913402284168503,1.0,-0.0,0,0
644,0.0,0.10099009900990098,0.14246420394934617,1.0,-0.0,0,0
645,0.0,0.14455445544554454,0.15699861103298854,1.0,-0.0,0,0
646,0.0,0.1861386138613861,0.1694660823392845,1.0,-0.0,0,0
647,0.2,0.2613861386138614,0.19034637371402638,1.0,-0.0,0,0
648,0.2,0.17425742574257425,0.17272049494935865,0.440760323020294,0.3557975073252958,0,0
649,0.2,0.17425742574257425,0.17272049494935865,0.440760323020294,0.3557975073252958,0,0
650,0.2,0.17029702970297028,0.18322985319016177,0.43561052085572183,0.3609016397188167,0,0
651,0.2,0.15643564356435644,0.17258422629307663,0.4003567748557659,0.39755281794342295,0,0
652,0.0,0.10495049504950495,0.1307830473343237,1.0,-0.0,0,0
653,0.0,0.09108910891089109,0.1243589581632284,1.0,-0.0,0,0
654,0.0,0.09108910891089109,0.1243589581632284,1.0,-0.0,0,0
655,0.0,0.05346534653465348,0.09704990696905226,1.0,-0.0,0,0
656,0.0,0.025742574257425748,0.0669763743575753,1.0,-0.0,0,0
657,0.0,0.0019801980198019802,0.0198019801980198,1.0,-0.0,0,0
658,0.0,0.0019801980198019802,0.0198019801980198,1.0,-0.0,0,0
659,0.0,0.0019801980198019802,0.0198019801980198,1.0,-0.0,0,0
660,0.0,0.0019801980198019802,0.0198019801980198,1.0,-0.0,0,0
661,0.0,0.0019801980198019802,0.0198019801980198,1.0,-0.0,0,0
662,0.0,0.0,0.0,1.0,-0.0,0,0
663,0.0,0.0,0.0,1.0,-0.0,0,0
664,0.0,0.0,0.0,1.0,-0.0,0,0
665,0.0,0.0,0.0,1.0,-0.0,0,0
666,0.0,0.0,0.0,1.0,-0.0,0,0
667,0.0,0.0039603960396039604,0.02786385599895107,1.0,-0.0,0,0
668,0.0,0.0039603960396039604,0.02786385599895107,1.0,-0.0,0,0
669,0.0,0.0039603960396039604,0.02786385599895107,1.0,-0.0,0,0
670,0.0,0.0039603960396039604,0.02786385599895107,1.0,-0.0,0,0
671,0.0,0.011881188118811881,0.047276579747775535,1.0,-0.0,0,0
672,0.0,0.025742574257425748,0.0669763743575753,1.0,-0.0,0,0
673,0.0,0.03762376237623763,0.07816140339006158,1.0,-0.0,0,0
674,0.0,0.05346534653465347,0.09287951999650358,1.0,-0.0,0,0
675,0.0,0.06534653465346535,0.10939585993610405,1.0,-0.0,0,0
676,0.0,0.06336633663366337,0.10874875419996817,1.0,-0.0,0,0
677,0.0,0.051485148514851496,0.11134982906542217,1.0,-0.0,0,0
678,0.0,0.051485148514851496,0.10773441987117183,1.0,-0.0,0,0
679,0.0,0.039603960396039604,0.08452453849668534,1.0,-0.0,0,0
680,0.0,0.027722772277227727,0.06910862719451544,1.0,-0.0,0,0
681,0.0,0.06138613861386138,0.09644194583672018,1.0,-0.0,0,0
682,0.0,0.05544554455445545,0.09384550979067553,1.0,-0.0,0,0
683,0.0,0.057425742574257435,0.09476028605152792,1.0,-0.0,0,0
684,0.0,0.05346534653465347,0.09287951999650358,1.0,-0.0,0,0
685,0.0,0.05346534653465347,0.09287951999650358,1.0,-0.0,0,0
686,0.0,0.017821782178217824,0.0695046684149871,1.0,-0.0,0,0
687,0.0,0.017821782178217824,0.0695046684149871,1.0,-0.0,0,0
688,0.0,0.0039603960396039604,0.027863855998951064,1.0,-0.0,0,0
689,0.0,0.013861386138613863,0.05079507064705211,1.0,-0.0,0,0
690,0.0,0.017821782178217824,0.05698017651460656,1.0,-0.0,0,0
691,0.2,0.0297029702970297,0.07648795214189293,0.012991839772286904,1.8863293442020952,0,0
692,0.2,0.049504950495049514,0.09078727434730813,0.04869237040212954,1.3125390829709087,0,0
693,0.2,0.049504950495049514,0.09078727434730813,0.04869237040212954,1.3125390829709087,0,0
694,0.4,0.05346534653465348,0.10489443673781407,0.00047717209993902216,3.321324957283242,0,0
695,0.4,0.049504950495049514,0.10304643034659554,0.0003352925125692628,3.474576144710637,0,0
696,0.2,0.033663366336633666,0.08930671115865095,0.03126404885921342,1.5049547792487379,0,0
697,0.6,0.08910891089108913,0.12734998170941406,3.014036706856784e-05,4.520851462874647,0,0
698,0.6,0.08910891089108913,0.12734998170941406,3.014036706856784e-05,4.520851462874647,0,0
699,0.4,0.07524752475247526,0.11553229422427584,0.002469974202944899,2.607307582601543,0,0
700,0.4,0.07524752475247526,0.11553229422427584,0.002469974202944899,2.607307582601543,0,0
701,0.4,0.07524752475247526,0.11553229422427584,0.002469974202944899,2.607307582601543,0,0
702,0.0,0.0039603960396039604,0.027863855998951064,1.0,-0.0,0,0
703,0.0,0.0039603960396039604,0.027863855998951064,1.0,-0.0,0,0
704,0.0,0.015841584158415842,0.05401260078014202,1.0,-0.0,0,0
705,0.0,0.015841584158415842,0.05401260078014202,1.0,-0.0,0,0
706,0.0,0.03564356435643565,0.07653920035678292,1.0,-0.0,0,0
707,0.0,0.3465346534653465,0.25312477118851157,1.0,-0.0,0,0
708,0.0,0.41188118811881197,0.2754967174564544,1.0,-0.0,0,0
709,0.0,0.39999999999999997,0.27431282279994723,1.0,-0.0,0,0
710,0.0,0.4138613861386139,0.27897609925316946,1.0,-0.0,0,0
711,0.0,0.3940594059405941,0.2646955217664467,1.0,-0.0,0,0
712,0.0,0.07920792079207921,0.10928827506175545,1.0,-0.0,0,0
713,0.0,0.01386138613861386,0.05079507064705211,1.0,-0.0,0,0
714,0.0,0.031683168316831684,0.0730260947112308,1.0,-0.0,0,0
715,0.0,0.01782178217821782,0.05698017651460657,1.0,-0.0,0,0
716,0.0,0.01782178217821782,0.05698017651460657,1.0,-0.0,0,0
717,0.0,0.01782178217821782,0.05698017651460657,1.0,-0.0,0,0
718,0.0,0.01782178217821782,0.05698017651460657,1.0,-0.0,0,0
719,0.0,0.0,0.0,1.0,-0.0,0,0
720,0.0,0.0,0.0,1.0,-0.0,0,0
721,0.0,0.0,0.0,1.0,-0.0,0,0
722,0.0,0.0,0.0,1.0,-0.0,0,0
723,0.0,0.0,0.0,1.0,-0.0,0,0
724,0.0,0.0,0.0,1.0,-0.0,0,0
725,0.0,0.0,0.0,1.0,-0.0,0,0
726,0.0,0.0,0.0,1.0,-0.0,0,0
727,0.0,0.0,0.0,1.0,-0.0,0,0
728,0.0,0.0,0.0,1.0,-0.0,0,0
729,0.0,0.0,0.0,1.0,-0.0,0,0
730,0.0,0.0,0.0,1.0,-0.0,0,0
731,0.0,0.0,0.0,1.0,-0.0,0,0
732,0.0,0.0,0.0,1.0,-0.0,0,0
733,0.0,0.0,0.0,1.0,-0.0,0,0
734,0.0,0.0,0.0,1.0,-0.0,0,0
735,0.0,0.0,0.0,1.0,-0.0,0,0
736,0.0,0.0,0.0,1.0,-0.0,0,0
737,0.0,0.0,0.0,1.0,-0.0,0,0
738,0.0,0.0,0.0,1.0,-0.0,0,0
739,0.0,0.03564356435643565,0.08154954567118415,1.0,-0.0,0,0
740,0.0,0.07920792079207921,0.12293186689242579,1.0,-0.0,0,0
741,0.0,0.07920792079207921,0.12293186689242579,1.0,-0.0,0,0
742,0.0,0.09306930693069305,0.13368903310588712,1.0,-0.0,0,0
743,0.0,0.1287128712871287,0.1581681231502246,1.0,-0.0,0,0
744,0.0,0.10099009900990097,0.12145573247679728,1.0,-0.0,0,0
745,0.0,0.06732673267326733,0.10255055347504201,1.0,-0.0,0,0
746,0.0,0.0712871287128713,0.10372911567294095,1.0,-0.0,0,0
747,0.0,0.057425742574257435,0.09048443294095733,1.0,-0.0,0,0
748,0.0,0.021782178217821784,0.062305476128919915,1.0,-0.0,0,0
749,0.0,0.05148514851485149,0.10011267057239238,1.0,-0.0,0,0
750,0.0,0.041584158415841586,0.08590499787518362,1.0,-0.0,0,0
751,0.0,0.03762376237623763,0.08307396817189318,1.0,-0.0,0,0
752,0.0,0.03762376237623763,0.08307396817189318,1.0,-0.0,0,0
753,0.0,0.03762376237623763,0.08307396817189318,1.0,-0.0,0,0
754,0.0,0.0,0.0,1.0,-0.0,0,0
755,0.0,0.0,0.0,1.0,-0.0,0,0
756,0.0,0.0,0.0,1.0,-0.0,0,0
757,0.0,0.021782178217821784,0.06230547612891991,1.0,-0.0,0,0
758,0.0,0.021782178217821784,0.06230547612891991,1.0,-0.0,0,0
759,0.0,0.021782178217821784,0.06230547612891991,1.0,-0.0,0,0
760,0.0,0.021782178217821784,0.06230547612891991,1.0,-0.0,0,0
761,0.0,0.021782178217821784,0.06230547612891991,1.0,-0.0,0,0
762,0.0,0.0,0.0,1.0,-0.0,0,0
763,0.0,0.0,0.0,1.0,-0.0,0,0
764,0.0,0.0,0.0,1.0,-0.0,0,0
765,0.0,0.0,0.0,1.0,-0.0,0,0
766,0.0,0.0,0.0,1.0,-0.0,0,0
767,0.0,0.0,0.0,1.0,-0.0,0,0
768,0.0,0.0,0.0,1.0,-0.0,0,0
769,0.0,0.0,0.0,1.0,-0.0,0,0
770,0.0,0.11881188118811879,0.157148395081398,1.0,-0.0,0,0
771,0.0,0.11881188118811879,0.157148395081398,1.0,-0.0,0,0
772,0.0,0.11881188118811879,0.157148395081398,1.0,-0.0,0,0
773,0.0,0.11881188118811879,0.157148395081398,1.0,-0.0,0,0
774,0.0,0.11881188118811879,0.157148395081398,1.0,-0.0,0,0
775,0.0,0.0019801980198019802,0.0198019801980198,1.0,-0.0,0,0
776,0.0,0.1108910891089109,0.14481192315867106,1.0,-0.0,0,0
777,0.0,0.13267326732673268,0.15989409297573348,1.0,-0.0,0,0
778,0.0,0.13267326732673268,0.15989409297573348,1.0,-0.0,0,0
779,0.0,0.13663366336633662,0.16393839236292437,1.0,-0.0,0,0
780,0.0,0.15247524752475247,0.17609294317160962,1.0,-0.0,0,0
781,0.0,0.05346534653465347,0.09704990696905226,1.0,-0.0,0,0
782,0.0,0.07524752475247526,0.12219602867755656,1.0,-0.0,0,0
783,0.0,0.11683168316831682,0.149632756335149,1.0,-0.0,0,0
784,0.0,0.11485148514851484,0.14984225277142665,1.0,-0.0,0,0
785,0.0,0.09702970297029702,0.13383560593042218,1.0,-0.0,0,0
786,0.0,0.08514851485148513,0.130031327995105,1.0,-0.0,0,0
787,0.0,0.04356435643564356,0.09164702150816742,1.0,-0.0,0,0
788,0.0,0.0019801980198019802,0.019801980198019802,1.0,-0.0,0,0
789,0.0,0.0,0.0,1.0,-0.0,0,0
790,0.0,0.0,0.0,1.0,-0.0,0,0
791,0.0,0.0059405940594059415,0.033953323167291584,1.0,-0.0,0,0
792,0.0,0.0059405940594059415,0.033953323167291584,1.0,-0.0,0,0
793,0.0,0.0059405940594059415,0.033953323167291584,1.0,-0.0,0,0
794,0.0,0.0059405940594059415,0.033953323167291584,1.0,-0.0,0,0
795,0.0,0.0059405940594059415,0.033953323167291584,1.0,-0.0,0,0
796,0.0,0.0,0.0,1.0,-0.0,0,0
797,0.0,0.0,0.0,1.0,-0.0,0,0
798,0.0,0.0,0.0,1.0,-0.0,0,0
799,0.0,0.0,0.0,1.0,-0.0,0,0
800,0.0,0.0,0.0,1.0,-0.0,0,0
801,0.0,0.0,0.0,1.0,-0.0,0,0
802,0.0,0.0,0.0,1.0,-0.0,0,0
803,0.0,0.0,0.0,1.0,-0.0,0,0
804,0.0,0.0,0.0,1.0,-0.0,0,0
805,0.2,0.021782178217821784,0.06230547612891991,0.002115616449879084,2.6745630648030154,0,0
806,0.2,0.021782178217821784,0.06230547612891991,0.002115616449879084,2.6745630648030154,0,0
807,0.2,0.021782178217821784,0.06230547612891991,0.002115616449879084,2.6745630648030154,0,0
808,0.2,0.021782178217821784,0.06230547612891991,0.002115616449879084,2.6745630648030154,0,0
809,0.2,0.021782178217821784,0.06230547612891991,0.002115616449879084,2.6745630648030154,0,0
810,0.0,0.0,0.0,1.0,-0.0,0,0
811,0.0,0.0,0.0,1.0,-0.0,0,0
812,0.0,0.0,0.0,1.0,-0.0,0,0
813,0.0,0.0,0.0,1.0,-0.0,0,0
814,0.0,0.0,0.0,1.0,-0.0,0,0
815,0.0,0.0,0.0,1.0,-0.0,0,0
816,0.0,0.0,0.0,1.0,-0.0,0,0
817,0.0,0.0,0.0,1.0,-0.0,0,0
818,0.0,0.0,0.0,1.0,-0.0,0,0
819,0.0,0.0,0.0,1.0,-0.0,0,0
820,0.0,0.0,0.0,1.0,-0.0,0,0
821,0.0,0.0,0.0,1.0,-0.0,0,0
822,0.0,0.0,0.0,1.0,-0.0,0,0
823,0.0,0.0,0.0,1.0,-0.0,0,0
824,0.0,0.0,0.0,1.0,-0.0,0,0
825,0.0,0.0,0.0,1.0,-0.0,0,0
826,0.0,0.0,0.0,1.0,-0.0,0,0
827,0.0,0.0,0.0,1.0,-0.0,0,0
828,0.0,0.0,0.0,1.0,-0.0,0,0
829,0.0,0.0039603960396039604,0.027863855998951064,1.0,-0.0,0,0
830,0.0,0.0039603960396039604,0.027863855998951064,1.0,-0.0,0,0
831,0.0,0.0039603960396039604,0.027863855998951064,1.0,-0.0,0,0
832,0.2,0.015841584158415842,0.05401260078014202,0.00032535620257014524,3.4876409094885674,0,0
833,0.2,0.015841584158415842,0.05401260078014202,0.00032535620257014524,3.4876409094885674,0,0
834,0.2,0.011881188118811883,0.047276579747775535,3.4586556520905853e-05,4.461092674713385,0,0
835,0.2,0.011881188118811883,0.047276579747775535,3.4586556520905853e-05,4.461092674713385,0,0
836,0.2,0.011881188118811883,0.047276579747775535,3.4586556520905853e-05,4.461092674713385,0,0
837,0.0,0.0,0.0,1.0,-0.0,0,0
838,0.0,0.0,0.0,1.0,-0.0,0,0
839,0.0,0.0,0.0,1.0,-0.0,0,0
840,0.0,0.0,0.0,1.0,-0.0,0,0
841,0.0,0.0,0.0,1.0,-0.0,0,0
842,0.0,0.0,0.0,1.0,-0.0,0,0
843,0.0,0.0,0.0,1.0,-0.0,0,0
844,0.0,0.0,0.0,1.0,-0.0,0,0
845,0.0,0.0,0.0,1.0,-0.0,0,0
846,0.0,0.0,0.0,1.0,-0.0,0,0
847,0.0,0.0,0.0,1.0,-0.0,0,0
848,0.0,0.0,0.0,1.0,-0.0,0,0
849,0.0,0.0,0.0,1.0,-0.0,0,0
850,0.0,0.0,0.0,1.0,-0.0,0,0
851,0.0,0.0,0.0,1.0,-0.0,0,0
852,0.0,0.0,0.0,1.0,-0.0,0,0
853,0.0,0.0,0.0,1.0,-0.0,0,0
854,0.0,0.0,0.0,1.0,-0.0,0,0
855,0.0,0.0,0.0,1.0,-0.0,0,0
856,0.0,0.0,0.0,1.0,-0.0,0,0
857,0.0,0.0,0.0,1.0,-0.0,0,0
858,0.0,0.027722772277227727,0.06910862719451544,1.0,-0.0,0,0
859,0.2,0.041584158415841586,0.08590499787518362,0.03258561123651815,1.4869741281544258,0,0
860,0.2,0.06534653465346535,0.1129581045303102,0.11661777127180513,0.9332352628086961,0,0
861,0.2,0.09702970297029703,0.1396285351588451,0.23042168355485154,0.6374766545668977,0,0
862,0.2,0.1425742574257426,0.1550129567586608,0.35552074633585184,0.44913505103467566,0,0
863,0.2,0.14257425742574256,0.15754712301715712,0.35774277232322693,0.4464291317732124,0,0
864,0.0,0.13861386138613857,0.15604664003838054,1.0,-0.0,0,0
865,0.0,0.11287128712871286,0.15002532217723413,1.0,-0.0,0,0
866,0.0,0.08118811881188118,0.1264228887090089,1.0,-0.0,0,0
867,0.0,0.03762376237623763,0.08771182015980238,1.0,-0.0,0,0
868,0.0,0.06534653465346535,0.10939585993610405,1.0,-0.0,0,0
869,0.0,0.1861386138613861,0.20149427084221785,1.0,-0.0,0,0
870,0.0,0.2099009900990099,0.20753382188631925,1.0,-0.0,0,0
871,0.0,0.26732673267326734,0.22210019632174183,1.0,-0.0,0,0
872,0.0,0.2831683168316832,0.23591796985631966,1.0,-0.0,0,0
873,0.0,0.22772277227722773,0.19906654038593571,1.0,-0.0,0,0
874,0.0,0.09702970297029703,0.1396285351588451,1.0,-0.0,0,0
875,0.0,0.12475247524752475,0.14852805221860732,1.0,-0.0,0,0
876,0.0,0.06732673267326733,0.102550553475042,1.0,-0.0,0,0
877,0.2,0.061386138613861385,0.10046456153636296,0.08383506191077846,1.0765743106091494,0,0
878,0.2,0.061386138613861385,0.10046456153636296,0.08383506191077846,1.0765743106091494,0,0
879,0.2,0.061386138613861385,0.10046456153636296,0.08383506191077846,1.0765743106091494,0,0
880,0.4,0.025742574257425748,0.07791016068477624,7.787814405715245e-07,6.108584406861067,0,0
881,0.4,0.025742574257425748,0.07791016068477624,7.787814405715245e-07,6.108584406861067,0,0
882,0.2,0.015841584158415842,0.05401260078014202,0.00032535620257014524,3.4876409094885674,0,0
883,0.2,0.015841584158415842,0.05401260078014202,0.00032535620257014524,3.4876409094885674,0,0
884,0.2,0.015841584158415842,0.05401260078014202,0.00032535620257014524,3.4876409094885674,0,0
885,0.0,0.0,0.0,1.0,-0.0,0,0
886,0.0,0.0,0.0,1.0,-0.0,0,0
887,0.0,0.007920792079207921,0.03900537743285587,1.0,-0.0,0,0
888,0.0,0.013861386138613863,0.05079507064705211,1.0,-0.0,0,0
889,0.0,0.013861386138613863,0.05079507064705211,1.0,-0.0,0,0
890,0.0,0.013861386138613863,0.05079507064705211,1.0,-0.0,0,0
891,0.0,0.013861386138613863,0.05079507064705211,1.0,-0.0,0,0
892,0.0,0.0059405940594059415,0.033953323167291584,1.0,-0.0,0,0
893,0.0,0.0,0.0,1.0,-0.0,0,0
894,0.0,0.0,0.0,1.0,-0.0,0,0
895,0.0,0.0,0.0,1.0,-0.0,0,0
896,0.0,0.0297029702970297,0.07648795214189293,1.0,-0.0,0,0
897,0.0,0.03564356435643565,0.08154954567118416,1.0,-0.0,0,0
898,0.0,0.03564356435643565,0.08154954567118416,1.0,-0.0,0,0
899,0.0,0.03564356435643565,0.08154954567118416,1.0,-0.0,0,0
900,0.0,0.039603960396039604,0.08452453849668534,1.0,-0.0,0,0
901,0.0,0.009900990099009901,0.04338396495090424,1.0,-0.0,0,0
902,0.0,0.0039603960396039604,0.02786385599895106,1.0,-0.0,0,0
903,0.0,0.025742574257425748,0.07791016068477624,1.0,-0.0,0,0
904,0.0,0.025742574257425748,0.07791016068477624,1.0,-0.0,0,0
905,0.0,0.021782178217821784,0.06836703565002801,1.0,-0.0,0,0
906,0.0,0.021782178217821784,0.06836703565002801,1.0,-0.0,0,0
907,0.0,0.021782178217821784,0.06836703565002801,1.0,-0.0,0,0
908,0.0,0.0,0.0,1.0,-0.0,0,0
909,0.0,0.013861386138613863,0.05079507064705211,1.0,-0.0,0,0
910,0.0,0.027722772277227727,0.06910862719451544,1.0,-0.0,0,0
911,0.0,0.08118811881188118,0.1264228887090089,1.0,-0.0,0,0
912,0.0,0.08118811881188118,0.1264228887090089,1.0,-0.0,0,0
913,0.0,0.08118811881188118,0.1264228887090089,1.0,-0.0,0,0
914,0.0,0.06732673267326733,0.1135467024699521,1.0,-0.0,0,0
915,0.0,0.06534653465346535,0.1129581045303102,1.0,-0.0,0,0
916,0.0,0.011881188118811883,0.047276579747775535,1.0,-0.0,0,0
917,0.0,0.011881188118811883,0.047276579747775535,1.0,-0.0,0,0
918,0.2,0.019801980198019802,0.059735061897023205,0.001278047474114718,2.8934530136556162,0,0
919,0.2,0.019801980198019802,0.059735061897023205,0.001278047474114718,2.8934530136556162,0,0
920,0.2,0.007920792079207921,0.03900537743285587,4.2303541670263104e-07,6.3736232717865695,0,0
921,0.2,0.007920792079207921,0.03900537743285587,4.2303541670263104e-07,6.3736232717865695,0,0
922,0.2,0.007920792079207921,0.03900537743285587,4.2303541670263104e-07,6.3736232717865695,0,0
923,0.0,0.0,0.0,1.0,-0.0,0,0
924,0.0,0.0,0.0,1.0,-0.0,0,0
925,0.0,0.0,0.0,1.0,-0.0,0,0
926,0.0,0.0039603960396039604,0.027863855998951068,1.0,-0.0,0,0
927,0.0,0.0039603960396039604,0.027863855998951068,1.0,-0.0,0,0
928,0.2,0.019801980198019802,0.06603299802191315,0.003177215148072976,2.4979533755231182,0,0
929,0.2,0.023762376237623763,0.07056843438101175,0.00625538335613176,2.203746069767374,0,0
930,0.2,0.023762376237623763,0.07056843438101175,0.00625538335613176,2.203746069767374,0,0
931,0.2,0.021782178217821784,0.06230547612891991,0.002115616449879084,2.6745630648030154,0,0
932,0.2,0.027722772277227727,0.06910862719451544,0.0063361735559086295,2.1981729353735644,0,0
933,0.0,0.011881188118811881,0.047276579747775535,1.0,-0.0,0,0
934,0.0,0.007920792079207921,0.03900537743285587,1.0,-0.0,0,0
935,0.0,0.007920792079207921,0.03900537743285587,1.0,-0.0,0,0
936,0.0,0.0059405940594059415,0.033953323167291584,1.0,-0.0,0,0
937,0.0,0.0,0.0,1.0,-0.0,0,0
938,0.0,0.0,0.0,1.0,-0.0,0,0
939,0.0,0.0,0.0,1.0,-0.0,0,0
940,0.0,0.0,0.0,1.0,-0.0,0,0
941,0.0,0.0,0.0,1.0,-0.0,0,0
942,0.0,0.0,0.0,1.0,-0.0,0,0
943,0.0,0.0019801980198019802,0.0198019801980198,1.0,-0.0,0,0
944,0.0,0.0019801980198019802,0.0198019801980198,1.0,-0.0,0,0
945,0.0,0.0019801980198019802,0.0198019801980198,1.0,-0.0,0,0
946,0.0,0.0019801980198019802,0.0198019801980198,1.0,-0.0,0,0
947,0.0,0.0019801980198019802,0.0198019801980198,1.0,-0.0,0,0
948,0.0,0.0,0.0,1.0,-0.0,0,0
949,0.0,0.0019801980198019802,0.019801980198019802,1.0,-0.0,0,0
950,0.0,0.021782178217821784,0.06836703565002801,1.0,-0.0,0,0
951,0.0,0.021782178217821784,0.06836703565002801,1.0,-0.0,0,0
952,0.0,0.031683168316831684,0.07826167463512676,1.0,-0.0,0,0
953,0.2,0.04950495049504951,0.09912864166957489,0.06448460512601864,1.190543955238279,0,0
954,0.4,0.1386138613861386,0.1281786323380773,0.02071337321873943,1.6837491695280113,0,0
955,0.4,0.1188118811881188,0.12642288870900886,0.013067939785547017,1.8837928753341049,0,0
956,0.4,0.1188118811881188,0.12642288870900886,0.013067939785547017,1.8837928753341049,0,0
957,0.4,0.13069306930693067,0.12407485305204392,0.014983743498129237,1.8243796701163049,0,0
958,0.2,0.12475247524752472,0.1253951698929708,0.2742254208910324,0.5618922882738233,0,0
959,0.0,0.033663366336633666,0.07994704648786674,1.0,-0.0,0,0
960,0.0,0.04356435643564357,0.08721867542790195,1.0,-0.0,0,0
961,0.0,0.04356435643564357,0.08721867542790195,1.0,-0.0,0,0
962,0.0,0.021782178217821784,0.06230547612891991,1.0,-0.0,0,0
963,0.0,0.009900990099009901,0.04338396495090425,1.0,-0.0,0,0
964,0.0,0.009900990099009901,0.04338396495090425,1.0,-0.0,0,0
965,0.0,0.0,0.0,1.0,-0.0,0,0
966,0.0,0.0,0.0,1.0,-0.0,0,0
967,0.0,0.02772277227722772,0.06910862719451544,1.0,-0.0,0,0
968,0.0,0.041584158415841586,0.09039772047931348,1.0,-0.0,0,0
969,0.0,0.041584158415841586,0.09039772047931348,1.0,-0.0,0,0
970,0.0,0.041584158415841586,0.09039772047931348,1.0,-0.0,0,0
971,0.0,0.041584158415841586,0.09039772047931348,1.0,-0.0,0,0
972,0.0,0.013861386138613863,0.05079507064705211,1.0,-0.0,0,0
973,0.0,0.0,0.0,1.0,-0.0,0,0
974,0.0,0.0,0.0,1.0,-0.0,0,0
975,0.0,0.0019801980198019802,0.0198019801980198,1.0,-0.0,0,0
976,0.0,0.023762376237623766,0.06471340450838887,1.0,-0.0,0,0
977,0.0,0.023762376237623766,0.06471340450838887,1.0,-0.0,0,0
978,0.0,0.023762376237623766,0.06471340450838887,1.0,-0.0,0,0
979,0.0,0.057425742574257435,0.10656335878870264,1.0,-0.0,0,0
980,0.0,0.11485148514851483,0.15246238855382302,1.0,-0.0,0,0
981,0.0,0.11881188118811879,0.14939672169394075,1.0,-0.0,0,0
982,0.0,0.33762376237623765,0.26207529911391214,1.0,-0.0,0,0
983,0.0,0.3742574257425743,0.27237621962850533,1.0,-0.0,0,0
984,0.2,0.39009900990099017,0.28753129850988757,1.0,-0.0,0,0
985,0.4,0.41980198019801973,0.2904485441997635,1.0,-0.0,0,0
986,0.4,0.394059405940594,0.27783526074726106,0.4914705802088807,0.30850247424151017,0,0
987,0.4,0.20594059405940596,0.18764923153239027,0.15053058973718447,0.8223752369197423,0,0
988,0.4,0.17029702970297028,0.172083651345746,0.09096547304394277,1.0411234176994195,0,0
989,0.2,0.12277227722772277,0.16160162980675777,0.31636442600450354,0.49981235721777156,0,0
990,0.0,0.033663366336633666,0.08475617647141663,1.0,-0.0,0,0
991,0.0,0.033663366336633666,0.08475617647141663,1.0,-0.0,0,0
992,0.0,0.015841584158415842,0.054012600780142014,1.0,-0.0,0,0
993,0.0,0.015841584158415842,0.054012600780142014,1.0,-0.0,0,0
994,0.0,0.011881188118811881,0.047276579747775535,1.0,-0.0,0,0
995,0.0,0.011881188118811881,0.047276579747775535,1.0,-0.0,0,0
996,0.0,0.14851485148514848,0.15065129981473455,1.0,-0.0,0,0
997,0.0,0.14257425742574253,0.1416637593862964,1.0,-0.0,0,0
998,0.0,0.26732673267326734,0.1741223598968761,1.0,-0.0,0,0
999,0.0,0.26732673267326734,0.1741223598968761,1.0,-0.0,0,0
1000,0.0,0.26732673267326734,0.1741223598968761,1.0,-0.0,0,0
1001,0.0,0.13267326732673265,0.1442693512878177,1.0,-0.0,0,0
1002,0.0,0.1267326732673267,0.13415750246300454,1.0,-0.0,0,0
1003,0.0,0.11287128712871286,0.15002532217723416,1.0,-0.0,0,0
1004,0.0,0.11683168316831682,0.15225649732072147,1.0,-0.0,0,0
1005,0.2,0.27326732673267323,0.2350020387983651,1.0,-0.0,0,0
1006,0.2,0.27326732673267323,0.2350020387983651,1.0,-0.0,0,0
1007,0.2,0.27326732673267323,0.2350020387983651,1.0,-0.0,0,0
1008,0.2,0.1603960396039604,0.18459439503241848,0.41506071015478185,0.38188837519907787,0,0
1009,0.2,0.15643564356435644,0.1793364234865362,0.40403378861638106,0.393582314107119,0,0
1010,0.0,0.0,0.0,1.0,-0.0,0,0
1011,0.0,0.0,0.0,1.0,-0.0,0,0
1012,0.0,0.0,0.0,1.0,-0.0,0,0
1013,0.0,0.0,0.0,1.0,-0.0,0,0
1014,0.0,0.0,0.0,1.0,-0.0,0,0
1015,0.0,0.0,0.0,1.0,-0.0,0,0
1016,0.0,0.0,0.0,1.0,-0.0,0,0
1017,0.0,0.0,0.0,1.0,-0.0,0,0
1018,0.0,0.0,0.0,1.0,-0.0,0,0
1019,0.0,0.0,0.0,1.0,-0.0,0,0
1020,0.0,0.0,0.0,1.0,-0.0,0,0
1021,0.0,0.0,0.0,1.0,-0.0,0,0
1022,0.0,0.0,0.0,1.0,-0.0,0,0
1023,0.0,0.0,0.0,1.0,-0.0,0,0
1024,0.0,0.0,0.0,1.0,-0.0,0,0
1025,0.0,0.0059405940594059415,0.03395332316729158,1.0,-0.0,0,0
1026,0.0,0.0059405940594059415,0.03395332316729158,1.0,-0.0,0,0
1027,0.0,0.011881188118811883,0.047276579747775535,1.0,-0.0,0,0
1028,0.0,0.011881188118811883,0.047276579747775535,1.0,-0.0,0,0
1029,0.0,0.025742574257425748,0.06697637435757531,1.0,-0.0,0,0
1030,0.0,0.019801980198019802,0.059735061897023205,1.0,-0.0,0,0
1031,0.0,0.019801980198019802,0.059735061897023205,1.0,-0.0,0,0
1032,0.0,0.013861386138613863,0.050795070647052104,1.0,-0.0,0,0
1033,0.0,0.07524752475247524,0.12219602867755656,1.0,-0.0,0,0
1034,0.0,0.061386138613861385,0.10433219700847123,1.0,-0.0,0,0
1035,0.0,0.061386138613861385,0.10433219700847123,1.0,-0.0,0,0
1036,0.0,0.07326732673267328,0.11509022642946842,1.0,-0.0,0,0
1037,0.0,0.07326732673267328,0.11509022642946842,1.0,-0.0,0,0
1038,0.0,0.011881188118811883,0.04727657974777554,1.0,-0.0,0,0
1039,0.0,0.011881188118811883,0.04727657974777554,1.0,-0.0,0,0
1040,0.0,0.011881188118811883,0.04727657974777554,1.0,-0.0,0,0
1041,0.0,0.06336633663366337,0.10874875419996817,1.0,-0.0,0,0
1042,0.0,0.06336633663366337,0.10874875419996817,1.0,-0.0,0,0
1043,0.0,0.06336633663366337,0.10874875419996817,1.0,-0.0,0,0
1044,0.0,0.06336633663366337,0.10874875419996817,1.0,-0.0,0,0
1045,0.0,0.06336633663366337,0.10874875419996817,1.0,-0.0,0,0
1046,0.0,0.0,0.0,1.0,-0.0,0,0
1047,0.0,0.0,0.0,1.0,-0.0,0,0
1048,0.0,0.0,0.0,1.0,-0.0,0,0
1049,0.0,0.0,0.0,1.0,-0.0,0,0
1050,0.0,0.0,0.0,1.0,-0.0,0,0
1051,0.0,0.0,0.0,1.0,-0.0,0,0
1052,0.0,0.0,0.0,1.0,-0.0,0,0
1053,0.0,0.0,0.0,1.0,-0.0,0,0
1054,0.0,0.0,0.0,1.0,-0.0,0,0
1055,0.0,0.0,0.0,1.0,-0.0,0,0
1056,0.0,0.0,0.0,1.0,-0.0,0,0
1057,0.0,0.0,0.0,1.0,-0.0,0,0
1058,0.0,0.0,0.0,1.0,-0.0,0,0
1059,0.0,0.0,0.0,1.0,-0.0,0,0
1060,0.0,0.0,0.0,1.0,-0.0,0,0
1061,0.0,0.0,0.0,1.0,-0.0,0,0
1062,0.0,0.0,0.0,1.0,-0.0,0,0
1063,0.0,0.0,0.0,1.0,-0.0,0,0
1064,0.0,0.0,0.0,1.0,-0.0,0,0
1065,0.0,0.009900990099009901,0.04338396495090425,1.0,-0.0,0,0
1066,0.0,0.061386138613861385,0.11854756076907538,1.0,-0.0,0,0
1067,0.0,0.17029702970297025,0.19373583855263382,1.0,-0.0,0,0
1068,0.0,0.17227722772277224,0.19504699199265743,1.0,-0.0,0,0
1069,0.0,0.19603960396039602,0.19696750100290228,1.0,-0.0,0,0
1070,0.0,0.20396039603960398,0.20094863738570082,1.0,-0.0,0,0
1071,0.0,0.15247524752475244,0.1644637607354148,1.0,-0.0,0,0
1072,0.0,0.05346534653465347,0.09287951999650357,1.0,-0.0,0,0
1073,0.0,0.07920792079207921,0.11966689053257921,1.0,-0.0,0,0
1074,0.0,0.05544554455445545,0.1019369320889802,1.0,-0.0,0,0
1075,0.0,0.03762376237623763,0.08307396817189318,1.0,-0.0,0,0
1076,0.0,0.07326732673267326,0.12177815335858848,1.0,-0.0,0,0
1077,0.0,0.09702970297029703,0.14519051706790778,1.0,-0.0,0,0
1078,0.0,0.10099009900990098,0.14246420394934614,1.0,-0.0,0,0
1079,0.0,0.12970297029702968,0.15256522997432254,1.0,-0.0,0,0
1080,0.0,0.16435643564356434,0.17887666995067272,1.0,-0.0,0,0
1081,0.0,0.1584158415841584,0.16244866773856387,1.0,-0.0,0,0
1082,0.0,0.12673267326732673,0.15343659903216247,1.0,-0.0,0,0
1083,0.0,0.09702970297029702,0.1367627457412436,1.0,-0.0,0,0
1084,0.0,0.08316831683168316,0.12353642740976015,1.0,-0.0,0,0
1085,0.0,0.09504950495049505,0.1277189346265117,1.0,-0.0,0,0
1086,0.0,0.06534653465346535,0.10571364605971599,1.0,-0.0,0,0
1087,0.0,0.06930693069306931,0.10693069306930697,1.0,-0.0,0,0
1088,0.0,0.08316831683168317,0.11694909354640316,1.0,-0.0,0,0
1089,0.0,0.10297029702970298,0.12464241569787102,1.0,-0.0,0,0
1090,0.0,0.05742574257425742,0.09476028605152792,1.0,-0.0,0,0
1091,0.0,0.05742574257425742,0.09476028605152792,1.0,-0.0,0,0
1092,0.0,0.049504950495049514,0.09078727434730813,1.0,-0.0,0,0
1093,0.0,0.033663366336633666,0.07482947971362847,1.0,-0.0,0,0
1094,0.0,0.0,0.0,1.0,-0.0,0,0
1095,0.0,0.0,0.0,1.0,-0.0,0,0
1096,0.0,0.015841584158415842,0.05401260078014202,1.0,-0.0,0,0
1097,0.0,0.025742574257425745,0.0669763743575753,1.0,-0.0,0,0
1098,0.0,0.03564356435643565,0.08154954567118416,1.0,-0.0,0,0
1099,0.0,0.03564356435643565,0.08154954567118416,1.0,-0.0,0,0
1100,0.0,0.03564356435643565,0.08154954567118416,1.0,-0.0,0,0
1101,0.0,0.019801980198019802,0.06603299802191315,1.0,-0.0,0,0
1102,0.0,0.027722772277227727,0.06910862719451544,1.0,-0.0,0,0
1103,0.0,0.033663366336633666,0.07994704648786674,1.0,-0.0,0,0
1104,0.0,0.0613861386138614,0.11515834731523734,1.0,-0.0,0,0
1105,0.0,0.0613861386138614,0.11515834731523734,1.0,-0.0,0,0
1106,0.0,0.0613861386138614,0.11515834731523734,1.0,-0.0,0,0
1107,0.0,0.0613861386138614,0.10806149425459212,1.0,-0.0,0,0
1108,0.0,0.04554455445544555,0.08846854615322249,1.0,-0.0,0,0
1109,0.0,0.033663366336633666,0.07994704648786674,1.0,-0.0,0,0
1110,0.0,0.04554455445544555,0.09283729243351321,1.0,-0.0,0,0
1111,0.0,0.05544554455445545,0.10575073206193022,1.0,-0.0,0,0
1112,0.0,0.04752475247524753,0.09809478080396702,1.0,-0.0,0,0
1113,0.0,0.04752475247524753,0.09809478080396702,1.0,-0.0,0,0
1114,0.0,0.031683168316831684,0.07826167463512675,1.0,-0.0,0,0
1115,0.0,0.019801980198019802,0.0597350618970232,1.0,-0.0,0,0
1116,0.0,0.025742574257425745,0.06697637435757531,1.0,-0.0,0,0
1117,0.0,0.015841584158415842,0.05401260078014202,1.0,-0.0,0,0
1118,0.0,0.025742574257425745,0.07791016068477624,1.0,-0.0,0,0
1119,0.0,0.08712871287128712,0.14188502271424044,1.0,-0.0,0,0
1120,0.0,0.08712871287128712,0.14188502271424044,1.0,-0.0,0,0
1121,0.2,0.1584158415841584,0.17870121461668878,0.4079963463878646,0.3893437260049584,0,0
1122,0.2,0.20990099009900987,0.2113159852982828,1.0,-0.0,0,0
1123,0.2,0.19999999999999996,0.20294856198525082,0.4999999999999999,0.3010299956639813,0,0
1124,0.2,0.14455445544554454,0.15950123220279025,0.3640634367094123,0.4388229355475181,0,0
1125,0.2,0.16633663366336632,0.16666633990099655,0.41996594762129563,0.37678592236332387,0,0
1126,0.0,0.11485148514851484,0.14445948324625327,1.0,-0.0,0,0
1127,0.0,0.06336633663366337,0.10874875419996817,1.0,-0.0,0,0
1128,0.0,0.06336633663366337,0.10874875419996817,1.0,-0.0,0,0
1129,0.0,0.06930693069306931,0.11409790329416189,1.0,-0.0,0,0
1130,0.0,0.04752475247524753,0.09809478080396704,1.0,-0.0,0,0
1131,0.0,0.011881188118811883,0.047276579747775535,1.0,-0.0,0,0
1132,0.0,0.011881188118811883,0.047276579747775535,1.0,-0.0,0,0
1133,0.0,0.011881188118811883,0.047276579747775535,1.0,-0.0,0,0
1134,0.0,0.0,0.0,1.0,-0.0,0,0
1135,0.0,0.0,0.0,1.0,-0.0,0,0
1136,0.0,0.0,0.0,1.0,-0.0,0,0
1137,0.0,0.0,0.0,1.0,-0.0,0,0
1138,0.0,0.0,0.0,1.0,-0.0,0,0
1139,0.0,0.0,0.0,1.0,-0.0,0,0
1140,0.0,0.0,0.0,1.0,-0.0,0,0
1141,0.0,0.0,0.0,1.0,-0.0,0,0
1142,0.0,0.0,0.0,1.0,-0.0,0,0
1143,0.0,0.0,0.0,1.0,-0.0,0,0
1144,0.0,0.0,0.0,1.0,-0.0,0,0
1145,0.0,0.0,0.0,1.0,-0.0,0,0
1146,0.0,0.0,0.0,1.0,-0.0,0,0
1147,0.0,0.0,0.0,1.0,-0.0,0,0
1148,0.0,0.0,0.0,1.0,-0.0,0,0
1149,0.0,0.0,0.0,1.0,-0.0,0,0
1150,0.0,0.019801980198019802,0.0597350618970232,1.0,-0.0,0,0
1151,0.0,0.019801980198019802,0.0597350618970232,1.0,-0.0,0,0
1152,0.0,0.019801980198019802,0.0597350618970232,1.0,-0.0,0,0
1153,0.0,0.03564356435643565,0.08154954567118415,1.0,-0.0,0,0
1154,0.0,0.03564356435643565,0.08154954567118415,1.0,-0.0,0,0
1155,0.0,0.057425742574257435,0.11375371577303027,1.0,-0.0,0,0
1156,0.4,0.08514851485148513,0.13304219431477882,0.00897728687691999,2.0468548963412694,0,0
1157,0.4,0.08514851485148513,0.13304219431477882,0.00897728687691999,2.0468548963412694,0,0
1158,0.4,0.06930693069306931,0.10693069306930696,0.0009920816231311176,3.0034525949656348,0,0
1159,0.4,0.08118811881188118,0.11664694237642093,0.003136727360162376,2.503523227914533,0,0
1160,0.4,0.041584158415841586,0.08590499787518362,1.5081313231807476e-05,4.821560839865747,0,0
1161,0.0,0.019801980198019802,0.06603299802191315,1.0,-0.0,0,0
1162,0.0,0.04554455445544556,0.09700949476369022,1.0,-0.0,0,0
1163,0.0,0.04554455445544556,0.09700949476369022,1.0,-0.0,0,0
1164,0.0,0.19009900990099005,0.20561665306784294,1.0,-0.0,0,0
1165,0.0,0.23366336633663365,0.23219879999125884,1.0,-0.0,0,0
1166,0.0,0.2653465346534653,0.24873368141482086,1.0,-0.0,0,0
1167,0.0,0.2435643564356435,0.22795511178072336,1.0,-0.0,0,0
1168,0.0,0.25346534653465347,0.23018045285893687,1.0,-0.0,0,0
1169,0.0,0.10495049504950495,0.1367053908443026,1.0,-0.0,0,0
1170,0.0,0.0594059405940594,0.10357779667819422,1.0,-0.0,0,0
1171,0.2,0.0594059405940594,0.11096178792967841,0.10256882529016816,0.9889846183837064,0,0
1172,0.2,0.05544554455445545,0.10575073206193021,0.0858227237563678,1.0663977063776964,0,0
1173,0.2,0.09108910891089109,0.13357165904190144,0.20742906007312073,0.6831304005732743,0,0
1174,0.2,0.08712871287128714,0.13324834725751067,0.19847677780780143,0.7022902992782224,0,0
1175,0.2,0.0910891089108911,0.13650445892763632,0.21247705206165507,0.6726879677367636,0,0
1176,0.0,0.08910891089108909,0.12420120222231065,1.0,-0.0,0,0
1177,0.0,0.1267326732673267,0.139937106883602,1.0,-0.0,0,0
1178,0.0,0.1287128712871287,0.13954426081146826,1.0,-0.0,0,0
1179,0.0,0.15445544554455443,0.14591788853022206,1.0,-0.0,0,0
1180,0.0,0.16435643564356434,0.1473086329774043,1.0,-0.0,0,0
1181,0.0,0.1386138613861386,0.1281786323380773,1.0,-0.0,0,0
1182,0.0,0.11980198019801978,0.13202145188739237,1.0,-0.0,0,0
1183,0.0,0.08910891089108913,0.13636075485692528,1.0,-0.0,0,0
1184,0.0,0.061386138613861385,0.10806149425459212,1.0,-0.0,0,0
1185,0.2,0.09702970297029702,0.1396285351588451,0.23042168355485154,0.6374766545668977,0,0
1186,0.2,0.09702970297029702,0.13084299831035082,0.21564796322227764,0.6662546393752193,0,0
1187,0.2,0.08514851485148513,0.13304219431477882,0.19399420727391975,0.7122112380415883,0,0
1188,0.2,0.06732673267326733,0.12356816445008077,0.14148197467648932,0.8492988873283202,0,0
1189,0.2,0.06534653465346535,0.12302752132284411,0.13686815291931304,0.8636975936513454,0,0
1190,0.0,0.017821782178217824,0.0635517090529949,1.0,-0.0,0,0
1191,0.0,0.007920792079207921,0.03900537743285587,1.0,-0.0,0,0
1192,0.0,0.0019801980198019802,0.0198019801980198,1.0,-0.0,0,0
1193,0.0,0.011881188118811883,0.047276579747775535,1.0,-0.0,0,0
1194,0.0,0.04554455445544555,0.09700949476369024,1.0,-0.0,0,0
1195,0.0,0.04356435643564357,0.09587103712404124,1.0,-0.0,0,0
1196,0.0,0.04356435643564357,0.09587103712404124,1.0,-0.0,0,0
1197,0.0,0.04356435643564357,0.09587103712404124,1.0,-0.0,0,0
1198,0.0,0.043564356435643575,0.08721867542790195,1.0,-0.0,0,0
1199,0.0,0.019801980198019802,0.059735061897023205,1.0,-0.0,0,0
1200,0.0,0.03564356435643565,0.08626938974571076,1.0,-0.0,0,0
1201,0.0,0.03564356435643565,0.08626938974571076,1.0,-0.0,0,0
1202,0.0,0.03564356435643565,0.08626938974571076,1.0,-0.0,0,0
1203,0.0,0.025742574257425748,0.07264925278354115,1.0,-0.0,0,0
1204,0.0,0.015841584158415842,0.05401260078014202,1.0,-0.0,0,0
1205,0.0,0.023762376237623766,0.07056843438101175,1.0,-0.0,0,0
1206,0.0,0.023762376237623766,0.07056843438101175,1.0,-0.0,0,0
1207,0.0,0.0297029702970297,0.07648795214189293,1.0,-0.0,0,0
1208,0.0,0.0297029702970297,0.07648795214189293,1.0,-0.0,0,0
1209,0.0,0.0297029702970297,0.07648795214189293,1.0,-0.0,0,0
1210,0.0,0.0059405940594059415,0.03395332316729158,1.0,-0.0,0,0
1211,0.0,0.0059405940594059415,0.03395332316729158,1.0,-0.0,0,0
1212,0.0,0.0,0.0,1.0,-0.0,0,0
1213,0.0,0.0,0.0,1.0,-0.0,0,0
1214,0.0,0.011881188118811883,0.047276579747775535,1.0,-0.0,0,0
1215,0.0,0.011881188118811883,0.047276579747775535,1.0,-0.0,0,0
1216,0.0,0.011881188118811883,0.047276579747775535,1.0,-0.0,0,0
1217,0.0,0.011881188118811883,0.047276579747775535,1.0,-0.0,0,0
1218,0.0,0.021782178217821784,0.06230547612891991,1.0,-0.0,0,0
1219,0.0,0.009900990099009901,0.04338396495090425,1.0,-0.0,0,0
1220,0.0,0.009900990099009901,0.04338396495090425,1.0,-0.0,0,0
1221,0.0,0.009900990099009901,0.04338396495090425,1.0,-0.0,0,0
1222,0.0,0.023762376237623766,0.06471340450838887,1.0,-0.0,0,0
1223,0.0,0.013861386138613863,0.050795070647052104,1.0,-0.0,0,0
1224,0.0,0.013861386138613863,0.050795070647052104,1.0,-0.0,0,0
1225,0.0,0.013861386138613863,0.050795070647052104,1.0,-0.0,0,0
1226,0.0,0.013861386138613863,0.050795070647052104,1.0,-0.0,0,0
1227,0.0,0.0,0.0,1.0,-0.0,0,0
1228,0.2,0.04356435643564357,0.09164702150816742,0.043916930442951946,1.3573680223438191,0,0
1229,0.2,0.04752475247524753,0.09809478080396702,0.06004850186537829,1.2214978232271951,0,0
1230,0.2,0.05544554455445545,0.1019369320889802,0.07808409030039497,1.1074374449781044,0,0
1231,0.2,0.08118811881188118,0.1264228887090089,0.17366078882092117,0.7602982306092326,0,0
1232,0.2,0.08712871287128712,0.12716510382576102,0.1873789480255431,0.7272792035758482,0,0
1233,0.2,0.100990099009901,0.1367914141716479,0.23459364655241444,0.629683753962141,0,0
1234,0.2,0.09702970297029702,0.13084299831035082,0.21564796322227764,0.6662546393752193,0,0
1235,0.2,0.09900990099009901,0.1367914141716479,0.23017274996365789,0.6379460935686512,0,0
1236,0.2,0.09504950495049505,0.12135883917659061,0.19357570836574067,0.7131491428159772,0,0
1237,0.2,0.0891089108910891,0.12097048989545554,0.17965547706514468,0.7455595381425463,0,0
1238,0.0,0.03564356435643565,0.08154954567118416,1.0,-0.0,0,0
1239,0.0,0.03564356435643565,0.08154954567118416,1.0,-0.0,0,0
1240,0.0,0.025742574257425745,0.07264925278354116,1.0,-0.0,0,0
1241,0.0,0.0039603960396039604,0.02786385599895107,1.0,-0.0,0,0
1242,0.0,0.0039603960396039604,0.02786385599895107,1.0,-0.0,0,0
1243,0.0,0.0,0.0,1.0,-0.0,0,0
1244,0.0,0.0,0.0,1.0,-0.0,0,0
1245,0.0,0.0,0.0,1.0,-0.0,0,0
1246,0.0,0.0,0.0,1.0,-0.0,0,0
1247,0.0,0.0,0.0,1.0,-0.0,0,0
1248,0.0,0.0,0.0,1.0,-0.0,0,0
1249,0.0,0.0,0.0,1.0,-0.0,0,0
1250,0.2,0.013861386138613863,0.05079507064705211,0.00012391038159364294,3.90689230556944,0,0
1251,0.2,0.013861386138613863,0.05079507064705211,0.00012391038159364294,3.90689230556944,0,0
1252,0.2,0.013861386138613863,0.05079507064705211,0.00012391038159364294,3.90689230556944,0,0
1253,0.2,0.013861386138613863,0.05079507064705211,0.00012391038159364294,3.90689230556944,0,0
1254,0.2,0.013861386138613863,0.05079507064705211,0.00012391038159364294,3.90689230556944,0,0
1255,0.0,0.0,0.0,1.0,-0.0,0,0
1256,0.0,0.0,0.0,1.0,-0.0,0,0
1257,0.0,0.0,0.0,1.0,-0.0,0,0
1258,0.0,0.0,0.0,1.0,-0.0,0,0
1259,0.0,0.0,0.0,1.0,-0.0,0,0
1260,0.0,0.0,0.0,1.0,-0.0,0,0
1261,0.0,0.009900990099009901,0.04338396495090425,1.0,-0.0,0,0
1262,0.0,0.009900990099009901,0.04338396495090425,1.0,-0.0,0,0
1263,0.0,0.009900990099009901,0.04338396495090425,1.0,-0.0,0,0
1264,0.0,0.009900990099009901,0.04338396495090425,1.0,-0.0,0,0
1265,0.0,0.009900990099009901,0.04338396495090425,1.0,-0.0,0,0
1266,0.0,0.0,0.0,1.0,-0.0,0,0
1267,0.0,0.0019801980198019802,0.019801980198019802,1.0,-0.0,0,0
1268,0.0,0.0019801980198019802,0.019801980198019802,1.0,-0.0,0,0
1269,0.0,0.0019801980198019802,0.019801980198019802,1.0,-0.0,0,0
1270,0.0,0.0019801980198019802,0.019801980198019802,1.0,-0.0,0,0
1271,0.0,0.0019801980198019802,0.019801980198019802,1.0,-0.0,0,0
1272,0.0,0.0,0.0,1.0,-0.0,0,0
1273,0.0,0.0,0.0,1.0,-0.0,0,0
1274,0.0,0.0,0.0,1.0,-0.0,0,0
1275,0.0,0.0,0.0,1.0,-0.0,0,0
1276,0.0,0.0,0.0,1.0,-0.0,0,0
1277,0.0,0.0,0.0,1.0,-0.0,0,0
1278,0.0,0.0,0.0,1.0,-0.0,0,0
1279,0.0,0.0,0.0,1.0,-0.0,0,0
1280,0.0,0.0,0.0,1.0,-0.0,0,0
1281,0.0,0.0,0.0,1.0,-0.0,0,0
1282,0.0,0.0,0.0,1.0,-0.0,0,0
1283,0.0,0.0,0.0,1.0,-0.0,0,0
1284,0.0,0.0,0.0,1.0,-0.0,0,0
1285,0.0,0.0,0.0,1.0,-0.0,0,0
1286,0.0,0.0,0.0,1.0,-0.0,0,0
1287,0.0,0.019801980198019802,0.0597350618970232,1.0,-0.0,0,0
1288,0.0,0.03564356435643565,0.07653920035678292,1.0,-0.0,0,0
1289,0.0,0.0613861386138614,0.09644194583672018,1.0,-0.0,0,0
1290,0.0,0.097029702970297,0.1181167785505484,1.0,-0.0,0,0
1291,0.0,0.11881188118811879,0.14122019271030048,1.0,-0.0,0,0
1292,0.0,0.13366336633663364,0.15937826461670404,1.0,-0.0,0,0
1293,0.0,0.1465346534653465,0.17551302816760664,1.0,-0.0,0,0
1294,0.0,0.1287128712871287,0.1702279390125739,1.0,-0.0,0,0
1295,0.0,0.09702970297029702,0.1367627457412436,1.0,-0.0,0,0
1296,0.0,0.07524752475247524,0.12219602867755655,1.0,-0.0,0,0
1297,0.0,0.05544554455445545,0.10575073206193021,1.0,-0.0,0,0
1298,0.0,0.027722772277227727,0.07975061610139514,1.0,-0.0,0,0
1299,0.0,0.03564356435643565,0.08154954567118415,1.0,-0.0,0,0
1300,0.0,0.03564356435643565,0.07653920035678292,1.0,-0.0,0,0
1301,0.0,0.03564356435643565,0.07653920035678292,1.0,-0.0,0,0
1302,0.0,0.021782178217821784,0.06230547612891991,1.0,-0.0,0,0
1303,0.0,0.021782178217821784,0.06230547612891991,1.0,-0.0,0,0
1304,0.0,0.007920792079207921,0.04809884277818266,1.0,-0.0,0,0
1305,0.2,0.009900990099009901,0.04338396495090425,5.885669548817499e-06,5.230204125035218,0,0
1306,0.2,0.033663366336633666,0.08475617647141663,0.024850340762334614,1.6046676515911364,0,0
1307,0.2,0.10099009900990098,0.15057319492752774,0.25541260604362737,0.5927576716768348,0,0
1308,0.2,0.11683168316831684,0.16232793292609266,0.30420390011649917,0.5168352222744192,0,0
1309,0.2,0.1485148514851485,0.1703891070439521,0.3812642067119665,0.41877396461129573,0,0
1310,0.0,0.14257425742574256,0.16491614109827338,1.0,-0.0,0,0
1311,0.0,0.11683168316831684,0.14146987009498416,1.0,-0.0,0,0
1312,0.0,0.049504950495049514,0.09504950495049506,1.0,-0.0,0,0
1313,0.0,0.033663366336633666,0.07482947971362845,1.0,-0.0,0,0
1314,0.0,0.011881188118811883,0.047276579747775535,1.0,-0.0,0,0
1315,0.0,0.011881188118811883,0.047276579747775535,1.0,-0.0,0,0
1316,0.0,0.011881188118811883,0.047276579747775535,1.0,-0.0,0,0
1317,0.0,0.011881188118811883,0.047276579747775535,1.0,-0.0,0,0
1318,0.0,0.011881188118811883,0.047276579747775535,1.0,-0.0,0,0
1319,0.0,0.0,0.0,1.0,-0.0,0,0
1320,0.0,0.0,0.0,1.0,-0.0,0,0
1321,0.0,0.0,0.0,1.0,-0.0,0,0
1322,0.0,0.0,0.0,1.0,-0.0,0,0
1323,0.0,0.0,0.0,1.0,-0.0,0,0
1324,0.0,0.0,0.0,1.0,-0.0,0,0
1325,0.0,0.0,0.0,1.0,-0.0,0,0
1326,0.0,0.0,0.0,1.0,-0.0,0,0
1327,0.0,0.0,0.0,1.0,-0.0,0,0
1328,0.0,0.0,0.0,1.0,-0.0,0,0
1329,0.0,0.0,0.0,1.0,-0.0,0,0
1330,0.0,0.0,0.0,1.0,-0.0,0,0
1331,0.0,0.0,0.0,1.0,-0.0,0,0
1332,0.0,0.0,0.0,1.0,-0.0,0,0
1333,0.0,0.025742574257425748,0.06697637435757531,1.0,-0.0,0,0
1334,0.0,0.025742574257425748,0.06697637435757531,1.0,-0.0,0,0
1335,0.0,0.025742574257425748,0.06697637435757531,1.0,-0.0,0,0
1336,0.0,0.025742574257425748,0.06697637435757531,1.0,-0.0,0,0
1337,0.0,0.025742574257425748,0.06697637435757531,1.0,-0.0,0,0
1338,0.0,0.0,0.0,1.0,-0.0,0,0
1339,0.0,0.0,0.0,1.0,-0.0,0,0
1340,0.0,0.0,0.0,1.0,-0.0,0,0
1341,0.0,0.0,0.0,1.0,-0.0,0,0
1342,0.0,0.0,0.0,1.0,-0.0,0,0
1343,0.0,0.0,0.0,1.0,-0.0,0,0
1344,0.0,0.0,0.0,1.0,-0.0,0,0
1345,0.0,0.0,0.0,1.0,-0.0,0,0
1346,0.0,0.0,0.0,1.0,-0.0,0,0
1347,0.0,0.0,0.0,1.0,-0.0,0,0
1348,0.0,0.0,0.0,1.0,-0.0,0,0
1349,0.0,0.0,0.0,1.0,-0.0,0,0
1350,0.0,0.0,0.0,1.0,-0.0,0,0
1351,0.0,0.0,0.0,1.0,-0.0,0,0
1352,0.0,0.0,0.0,1.0,-0.0,0,0
