,foreground,bg_means,bg_stdev,pvals,minus_logs,regs,active
2,0.0,0.18415841584158413,0.17951125796479814,1.0,-0.0,0,0
3,0.0,0.18415841584158413,0.17951125796479814,1.0,-0.0,0,0
4,0.0,0.18415841584158413,0.17951125796479814,1.0,-0.0,0,0
5,0.0,0.18415841584158413,0.17951125796479814,1.0,-0.0,0,0
6,0.0,0.11881188118811878,0.15460769343321296,1.0,-0.0,0,0
7,0.0,0.0,0.0,1.0,-0.0,0,0
8,0.0,0.0,0.0,1.0,-0.0,0,0
9,0.0,0.0,0.0,1.0,-0.0,0,0
10,0.0,0.033663366336633666,0.07482947971362845,1.0,-0.0,0,0
11,0.0,0.033663366336633666,0.07482947971362845,1.0,-0.0,0,0
12,0.0,0.033663366336633666,0.07482947971362845,1.0,-0.0,0,0
13,0.0,0.033663366336633666,0.07482947971362845,1.0,-0.0,0,0
14,0.0,0.13861386138613863,0.1774239745315019,1.0,-0.0,0,0
15,0.0,0.10495049504950495,0.1631231312999523,1.0,-0.0,0,0
16,0.0,0.10495049504950495,0.1631231312999523,1.0,-0.0,0,0
17,0.0,0.3029702970297029,0.2526906477774142,1.0,-0.0,0,0
18,0.0,0.34059405940594056,0.26482881368682065,1.0,-0.0,0,0
19,0.0,0.23366336633663365,0.20885222769798345,1.0,-0.0,0,0
20,0.0,0.23366336633663365,0.20885222769798345,1.0,-0.0,0,0
21,0.0,0.23366336633663365,0.20885222769798345,1.0,-0.0,0,0
22,0.0,0.03564356435643565,0.07653920035678292,1.0,-0.0,0,0
23,0.0,0.0,0.0,1.0,-0.0,0,0
24,0.0,0.0,0.0,1.0,-0.0,0,0
25,0.0,0.12871287128712872,0.15046899201198313,1.0,-0.0,0,0
26,0.0,0.14455445544554454,0.15445544554455445,1.0,-0.0,0,0
27,0.0,0.15643564356435644,0.16314716771521567,1.0,-0.0,0,0
28,0.0,0.15643564356435644,0.16314716771521567,1.0,-0.0,0,0
29,0.0,0.16237623762376235,0.16818865241652334,1.0,-0.0,0,0
30,0.0,0.031683168316831684,0.07826167463512675,1.0,-0.0,0,0
31,0.0,0.017821782178217824,0.05698017651460656,1.0,-0.0,0,0
32,0.0,0.0059405940594059415,0.03395332316729158,1.0,-0.0,0,0
33,0.0,0.0059405940594059415,0.03395332316729158,1.0,-0.0,0,0
34,0.0,0.021782178217821784,0.06230547612891991,1.0,-0.0,0,0
35,0.0,0.021782178217821784,0.06230547612891991,1.0,-0.0,0,0
36,0.0,0.05742574257425742,0.10656335878870264,1.0,-0.0,0,0
37,0.0,0.15841584158415842,0.19359410776396424,1.0,-0.0,0,0
38,0.0,0.15841584158415842,0.19359410776396424,1.0,-0.0,0,0
39,0.0,0.29108910891089107,0.22254113421126812,1.0,-0.0,0,0
40,0.0,0.31287128712871287,0.22055886097767424,1.0,-0.0,0,0
41,0.0,0.2752475247524752,0.19263978624974745,1.0,-0.0,0,0
42,0.0,0.1762376237623762,0.16479721403218364,1.0,-0.0,0,0
43,0.0,0.1762376237623762,0.16479721403218364,1.0,-0.0,0,0
44,0.0,0.09504950495049505,0.14784005112815915,1.0,-0.0,0,0
45,0.0,0.07524752475247524,0.1374491377352735,1.0,-0.0,0,0
46,0.0,0.07524752475247524,0.1374491377352735,1.0,-0.0,0,0
47,0.0,0.11287128712871286,0.15774610904280742,1.0,-0.0,0,0
48,0.0,0.11287128712871286,0.15774610904280742,1.0,-0.0,0,0
49,0.0,0.03762376237623763,0.08307396817189318,1.0,-0.0,0,0
50,0.0,0.03762376237623763,0.08307396817189318,1.0,-0.0,0,0
51,0.0,0.05346534653465347,0.10860442931328386,1.0,-0.0,0,0
52,0.0,0.015841584158415842,0.05401260078014202,1.0,-0.0,0,0
53,0.0,0.015841584158415842,0.05401260078014202,1.0,-0.0,0,0
54,0.0,0.015841584158415842,0.05401260078014202,1.0,-0.0,0,0
55,0.0,0.015841584158415842,0.05401260078014202,1.0,-0.0,0,0
56,0.0,0.007920792079207921,0.03900537743285587,1.0,-0.0,0,0
57,0.0,0.025742574257425745,0.06697637435757531,1.0,-0.0,0,0
58,0.0,0.025742574257425745,0.06697637435757531,1.0,-0.0,0,0
59,0.0,0.025742574257425745,0.06697637435757531,1.0,-0.0,0,0
60,0.0,0.025742574257425745,0.06697637435757531,1.0,-0.0,0,0
61,0.0,0.017821782178217824,0.05698017651460656,1.0,-0.0,0,0
62,0.0,0.12673267326732673,0.15599637537608815,1.0,-0.0,0,0
63,0.0,0.2059405940594059,0.1767818940250744,1.0,-0.0,0,0
64,0.0,0.3445544554455446,0.2471521948732077,1.0,-0.0,0,0
65,0.0,0.3445544554455446,0.2471521948732077,1.0,-0.0,0,0
66,0.0,0.3445544554455446,0.2471521948732077,1.0,-0.0,0,0
67,0.0,0.2158415841584158,0.19837591740781296,1.0,-0.0,0,0
68,0.0,0.13663366336633662,0.15903344954662385,1.0,-0.0,0,0
69,0.0,0.0,0.0,1.0,-0.0,0,0
70,0.0,0.0,0.0,1.0,-0.0,0,0
71,0.0,0.0,0.0,1.0,-0.0,0,0
72,0.0,0.0,0.0,1.0,-0.0,0,0
73,0.0,0.0,0.0,1.0,-0.0,0,0
74,0.0,0.0,0.0,1.0,-0.0,0,0
75,0.0,0.0,0.0,1.0,-0.0,0,0
76,0.0,0.0,0.0,1.0,-0.0,0,0
77,0.0,0.0,0.0,1.0,-0.0,0,0
78,0.0,0.0,0.0,1.0,-0.0,0,0
79,0.0,0.0,0.0,1.0,-0.0,0,0
80,0.0,0.03762376237623763,0.09211646217515253,1.0,-0.0,0,0
81,0.0,0.03762376237623763,0.09211646217515253,1.0,-0.0,0,0
82,0.0,0.04356435643564357,0.09587103712404124,1.0,-0.0,0,0
83,0.0,0.04356435643564357,0.09587103712404124,1.0,-0.0,0,0
84,0.0,0.04356435643564357,0.09587103712404124,1.0,-0.0,0,0
85,0.0,0.13069306930693067,0.16028599085028167,1.0,-0.0,0,0
86,0.0,0.16831683168316833,0.17962044309621492,1.0,-0.0,0,0
87,0.0,0.25346534653465347,0.2318946314304539,1.0,-0.0,0,0
88,0.0,0.3178217821782178,0.24389416614181644,1.0,-0.0,0,0
89,0.0,0.3178217821782178,0.24389416614181644,1.0,-0.0,0,0
90,0.0,0.22970297029702974,0.20370069017874276,1.0,-0.0,0,0
91,0.0,0.23564356435643566,0.20947088382745171,1.0,-0.0,0,0
92,0.0,0.15445544554455445,0.15891011998209012,1.0,-0.0,0,0
93,0.0,0.0891089108910891,0.12734998170941406,1.0,-0.0,0,0
94,0.0,0.0891089108910891,0.12734998170941406,1.0,-0.0,0,0
95,0.0,0.08118811881188118,0.11999411807954947,1.0,-0.0,0,0
96,0.0,0.0594059405940594,0.09138994660763824,1.0,-0.0,0,0
97,0.0,0.12277227722772277,0.14342430861173722,1.0,-0.0,0,0
98,0.0,0.13861386138613863,0.15348770198080078,1.0,-0.0,0,0
99,0.0,0.13861386138613863,0.15348770198080078,1.0,-0.0,0,0
100,0.0,0.19801980198019797,0.18129359046727286,1.0,-0.0,0,0
101,0.0,0.1782178217821782,0.17096346688435152,1.0,-0.0,0,0
102,0.0,0.10297029702970295,0.127780323207142,1.0,-0.0,0,0
103,0.0,0.0891089108910891,0.12097048989545554,1.0,-0.0,0,0
104,0.0,0.11287128712871286,0.13024224675172555,1.0,-0.0,0,0
105,0.0,0.023762376237623766,0.06471340450838889,1.0,-0.0,0,0
106,0.0,0.031683168316831684,0.07826167463512675,1.0,-0.0,0,0
107,0.0,0.06732673267326733,0.11698261772468857,1.0,-0.0,0,0
108,0.0,0.06732673267326733,0.11698261772468857,1.0,-0.0,0,0
109,0.0,0.04356435643564357,0.09587103712404124,1.0,-0.0,0,0
110,0.0,0.04356435643564357,0.09587103712404124,1.0,-0.0,0,0
111,0.0,0.03564356435643565,0.08154954567118415,1.0,-0.0,0,0
112,0.0,0.0,0.0,1.0,-0.0,0,0
113,0.0,0.07524752475247526,0.11553229422427584,1.0,-0.0,0,0
114,0.0,0.07524752475247526,0.11553229422427584,1.0,-0.0,0,0
115,0.0,0.07524752475247526,0.11553229422427584,1.0,-0.0,0,0
116,0.0,0.20792079207920788,0.17330975435280052,1.0,-0.0,0,0
117,0.0,0.20792079207920788,0.17330975435280052,1.0,-0.0,0,0
118,0.0,0.1425742574257426,0.15243666735776418,1.0,-0.0,0,0
119,0.0,0.1425742574257426,0.15243666735776418,1.0,-0.0,0,0
120,0.0,0.1425742574257426,0.15243666735776418,1.0,-0.0,0,0
121,0.0,0.009900990099009901,0.04338396495090424,1.0,-0.0,0,0
122,0.0,0.015841584158415842,0.05401260078014202,1.0,-0.0,0,0
123,0.0,0.04356435643564357,0.08255312311158745,1.0,-0.0,0,0
124,0.0,0.04356435643564357,0.08255312311158745,1.0,-0.0,0,0
125,0.0,0.04356435643564357,0.08255312311158745,1.0,-0.0,0,0
126,0.0,0.04356435643564357,0.08255312311158745,1.0,-0.0,0,0
127,0.0,0.03762376237623763,0.07816140339006158,1.0,-0.0,0,0
128,0.0,0.06534653465346535,0.09793475658517416,1.0,-0.0,0,0
129,0.0,0.07722772277227724,0.11593886073904514,1.0,-0.0,0,0
130,0.0,0.07722772277227724,0.11593886073904514,1.0,-0.0,0,0
131,0.0,0.13861386138613857,0.15348770198080078,1.0,-0.0,0,0
132,0.0,0.13861386138613857,0.15348770198080078,1.0,-0.0,0,0
133,0.0,0.0712871287128713,0.12768822926854262,1.0,-0.0,0,0
134,0.0,0.06930693069306931,0.12407485305204392,1.0,-0.0,0,0
135,0.0,0.06930693069306931,0.12407485305204392,1.0,-0.0,0,0
136,0.0,0.16633663366336632,0.17364880212589112,1.0,-0.0,0,0
137,0.0,0.1881188118811881,0.19051110448801098,1.0,-0.0,0,0
138,0.0,0.1881188118811881,0.19051110448801098,1.0,-0.0,0,0
139,0.0,0.3465346534653465,0.26831500492600907,1.0,-0.0,0,0
140,0.0,0.3465346534653465,0.26831500492600907,1.0,-0.0,0,0
141,0.0,0.19009900990099005,0.19166025556535224,1.0,-0.0,0,0
142,0.0,0.16831683168316833,0.18181194346357277,1.0,-0.0,0,0
143,0.0,0.16831683168316833,0.18181194346357277,1.0,-0.0,0,0
144,0.0,0.0059405940594059415,0.033953323167291584,1.0,-0.0,0,0
145,0.0,0.0059405940594059415,0.033953323167291584,1.0,-0.0,0,0
146,0.0,0.0059405940594059415,0.033953323167291584,1.0,-0.0,0,0
147,0.0,0.08316831683168317,0.11694909354640316,1.0,-0.0,0,0
148,0.0,0.09504950495049505,0.1277189346265117,1.0,-0.0,0,0
149,0.0,0.0891089108910891,0.12097048989545554,1.0,-0.0,0,0
150,0.0,0.0891089108910891,0.12097048989545554,1.0,-0.0,0,0
151,0.0,0.0891089108910891,0.12097048989545554,1.0,-0.0,0,0
152,0.0,0.011881188118811881,0.047276579747775535,1.0,-0.0,0,0
153,0.0,0.06336633663366337,0.10874875419996817,1.0,-0.0,0,0
154,0.0,0.07722772277227723,0.11593886073904515,1.0,-0.0,0,0
155,0.0,0.09900990099009899,0.1308729634998678,1.0,-0.0,0,0
156,0.0,0.09900990099009899,0.1308729634998678,1.0,-0.0,0,0
157,0.0,0.09900990099009899,0.1308729634998678,1.0,-0.0,0,0
158,0.0,0.03564356435643565,0.08154954567118415,1.0,-0.0,0,0
159,0.0,0.02970297029702971,0.07648795214189293,1.0,-0.0,0,0
160,0.0,0.007920792079207921,0.03900537743285587,1.0,-0.0,0,0
161,0.0,0.007920792079207921,0.03900537743285587,1.0,-0.0,0,0
162,0.0,0.013861386138613863,0.05079507064705212,1.0,-0.0,0,0
163,0.0,0.013861386138613863,0.05079507064705212,1.0,-0.0,0,0
164,0.0,0.0059405940594059415,0.03395332316729158,1.0,-0.0,0,0
165,0.0,0.0594059405940594,0.11447531431916541,1.0,-0.0,0,0
166,0.0,0.0594059405940594,0.11447531431916541,1.0,-0.0,0,0
167,0.0,0.05346534653465348,0.11219180573635876,1.0,-0.0,0,0
168,0.0,0.12673267326732673,0.1658408452769117,1.0,-0.0,0,0
169,0.0,0.12673267326732673,0.1658408452769117,1.0,-0.0,0,0
170,0.0,0.07326732673267326,0.11848138852793338,1.0,-0.0,0,0
171,0.0,0.07326732673267326,0.11848138852793338,1.0,-0.0,0,0
172,0.0,0.07326732673267326,0.11848138852793338,1.0,-0.0,0,0
173,0.0,0.0,0.0,1.0,-0.0,0,0
174,0.0,0.0,0.0,1.0,-0.0,0,0
175,0.0,0.0,0.0,1.0,-0.0,0,0
176,0.0,0.0,0.0,1.0,-0.0,0,0
177,0.0,0.0,0.0,1.0,-0.0,0,0
178,0.0,0.007920792079207921,0.03900537743285587,1.0,-0.0,0,0
179,0.0,0.007920792079207921,0.03900537743285587,1.0,-0.0,0,0
180,0.0,0.007920792079207921,0.03900537743285587,1.0,-0.0,0,0
181,0.0,0.18811881188118812,0.17981680926331076,1.0,-0.0,0,0
182,0.0,0.18811881188118812,0.17981680926331076,1.0,-0.0,0,0
183,0.0,0.1801980198019802,0.1768927638346716,1.0,-0.0,0,0
184,0.0,0.1801980198019802,0.1768927638346716,1.0,-0.0,0,0
185,0.0,0.1801980198019802,0.1768927638346716,1.0,-0.0,0,0
186,0.0,0.015841584158415842,0.05401260078014202,1.0,-0.0,0,0
187,0.0,0.015841584158415842,0.05401260078014202,1.0,-0.0,0,0
188,0.0,0.015841584158415842,0.05401260078014202,1.0,-0.0,0,0
189,0.0,0.015841584158415842,0.05401260078014202,1.0,-0.0,0,0
190,0.0,0.04950495049504951,0.09078727434730813,1.0,-0.0,0,0
191,0.0,0.033663366336633666,0.07482947971362845,1.0,-0.0,0,0
192,0.0,0.033663366336633666,0.07482947971362845,1.0,-0.0,0,0
193,0.2,0.06336633663366337,0.10120342446875752,0.08849366552547523,1.0530878154692966,0,0
194,0.2,0.08118811881188118,0.11320083903331846,0.14695858512597854,0.8328050379416199,0,0
195,0.2,0.04752475247524753,0.09397077637785879,0.05233944412570533,1.2811708941229774,0,0
196,0.2,0.06336633663366337,0.10874875419996817,0.10448261079208833,0.9809559838634979,0,0
197,0.4,0.17029702970297028,0.16976661583645788,0.08801959283524981,1.0554206447461847,0,0
198,0.2,0.14059405940594058,0.16300289605747864,0.35776206680006417,0.44640570919277556,0,0
199,0.2,0.12079207920792076,0.15435386352400063,0.3039203993074953,0.5172401488527574,0,0
200,0.2,0.15247524752475244,0.18053499120857794,0.3961812612330583,0.4021060697756097,0,0
201,0.2,0.14455445544554454,0.17602612740628582,0.37638661889043246,0.4243658247913978,0,0
202,0.0,0.03762376237623763,0.08307396817189318,1.0,-0.0,0,0
203,0.4,0.12475247524752475,0.15632280678012314,0.0391392024871771,1.4073880279101825,0,0
204,0.4,0.1376237623762376,0.1584900816139702,0.04891417502939146,1.3105652667464436,0,0
205,0.4,0.1306930693069307,0.13912212332871524,0.02644859980820538,1.57759731461806,0,0
206,0.6,0.1584158415841584,0.15496235680407014,0.0021885599926393085,2.65984154404054,0,0
207,0.6,0.1584158415841584,0.15496235680407014,0.0021885599926393085,2.65984154404054,0,0
208,0.4,0.1485148514851485,0.1772249571110055,0.07794709448130142,1.1082000687272966,0,0
209,0.4,0.19603960396039602,0.1949464471166569,0.14772556337271753,0.8305443451005659,0,0
210,0.4,0.18811881188118812,0.17981680926331076,0.11933514323763368,0.9232316412700086,0,0
211,0.2,0.15247524752475247,0.1644637607354148,0.3863029596859729,0.4130719644662017,0,0
212,0.2,0.15247524752475247,0.1644637607354148,0.3863029596859729,0.4130719644662017,0,0
213,0.0,0.14257425742574256,0.14981608173764543,1.0,-0.0,0,0
214,0.0,0.1386138613861386,0.14823736453237937,1.0,-0.0,0,0
215,0.0,0.12871287128712872,0.1423540653909816,1.0,-0.0,0,0
216,0.0,0.12871287128712872,0.1423540653909816,1.0,-0.0,0,0
217,0.0,0.16633663366336632,0.16184409300358454,1.0,-0.0,0,0
218,0.0,0.09702970297029703,0.12778032320714203,1.0,-0.0,0,0
219,0.0,0.041584158415841586,0.08590499787518362,1.0,-0.0,0,0
220,0.4,0.07524752475247526,0.1189108498693262,0.0031565641891390605,2.5007853748126454,0,0
221,0.4,0.07524752475247526,0.1189108498693262,0.0031565641891390605,2.5007853748126454,0,0
222,0.8,0.21188118811881188,0.18200594523684843,0.0006161070970160722,3.2103437884843604,0,0
223,0.8,0.23960396039603962,0.18883656715060818,0.0015005531493870318,2.8237486173156294,0,0
224,0.8,0.23960396039603962,0.18883656715060818,0.0015005531493870318,2.8237486173156294,0,0
225,0.4,0.25346534653465347,0.20273591877004277,0.23490573085901645,0.6291063878622951,0,0
226,0.4,0.25346534653465347,0.20273591877004277,0.23490573085901645,0.6291063878622951,0,0
227,0.0,0.07920792079207921,0.11285391563386142,1.0,-0.0,0,0
228,0.0,0.05148514851485149,0.08744317689433512,1.0,-0.0,0,0
229,0.0,0.05148514851485149,0.08744317689433512,1.0,-0.0,0,0
230,0.0,0.0,0.0,1.0,-0.0,0,0
231,0.0,0.0,0.0,1.0,-0.0,0,0
232,0.0,0.0,0.0,1.0,-0.0,0,0
233,0.0,0.0,0.0,1.0,-0.0,0,0
234,0.0,0.05346534653465347,0.11904268012030997,1.0,-0.0,0,0
235,0.0,0.05346534653465347,0.11904268012030997,1.0,-0.0,0,0
236,0.0,0.05346534653465347,0.11904268012030997,1.0,-0.0,0,0
237,0.0,0.05544554455445545,0.11979788880993404,1.0,-0.0,0,0
238,0.0,0.06930693069306931,0.12407485305204391,1.0,-0.0,0,0
239,0.0,0.0297029702970297,0.07112192077650681,1.0,-0.0,0,0
240,0.0,0.0297029702970297,0.07112192077650681,1.0,-0.0,0,0
241,0.0,0.041584158415841586,0.08590499787518362,1.0,-0.0,0,0
242,0.0,0.039603960396039604,0.08452453849668534,1.0,-0.0,0,0
243,0.0,0.025742574257425748,0.07264925278354116,1.0,-0.0,0,0
244,0.0,0.021782178217821784,0.06230547612891991,1.0,-0.0,0,0
245,0.0,0.021782178217821784,0.06230547612891991,1.0,-0.0,0,0
246,0.0,0.009900990099009901,0.04338396495090425,1.0,-0.0,0,0
247,0.0,0.009900990099009901,0.04338396495090425,1.0,-0.0,0,0
248,0.0,0.009900990099009901,0.04338396495090425,1.0,-0.0,0,0
249,0.0,0.0,0.0,1.0,-0.0,0,0
250,0.2,0.013861386138613863,0.05079507064705211,0.00012391038159364294,3.90689230556944,0,0
251,0.2,0.07524752475247526,0.12219602867755655,0.15364596650640783,0.8134788362992573,0,0
252,0.4,0.1504950495049505,0.1744148703671667,0.07628310085818649,1.1175716614804074,0,0
253,0.6,0.1762376237623762,0.18939639130642924,0.012628916507168585,1.8986339079674583,0,0
254,0.6,0.1762376237623762,0.18939639130642924,0.012628916507168585,1.8986339079674583,0,0
255,0.4,0.22772277227722768,0.19504699199265743,0.18854787530201722,0.7245783571846867,0,0
256,0.4,0.16633663366336632,0.16666633990099652,0.0804601695751191,1.0944190564595015,0,0
257,0.4,0.1267326732673267,0.13117223890438964,0.018613262399176805,1.7301775001746575,0,0
258,0.2,0.09900990099009901,0.12145573247679727,0.20284641041846635,0.6928326731913328,0,0
259,0.2,0.09900990099009901,0.12145573247679727,0.20284641041846635,0.6928326731913328,0,0
260,0.4,0.04752475247524753,0.08512548617902843,1.7315794957970473e-05,4.7615575654523905,0,0
261,0.4,0.04752475247524753,0.08512548617902843,1.7315794957970473e-05,4.7615575654523905,0,0
262,0.2,0.013861386138613863,0.05079507064705211,0.00012391038159364294,3.90689230556944,0,0
263,0.2,0.04356435643564357,0.08721867542790195,0.036438310127516485,1.438441772185106,0,0
264,0.2,0.14851485148514848,0.14529850556708232,0.36154185096931657,0.44184142287009326,0,0
265,0.0,0.1346534653465346,0.13818888176132993,1.0,-0.0,0,0
266,0.2,0.1564356435643564,0.16314716771521567,0.39472499407136274,0.4037053731139801,0,0
267,0.2,0.1564356435643564,0.16314716771521567,0.39472499407136274,0.4037053731139801,0,0
268,0.4,0.1465346534653465,0.1614073970084343,0.05816740089097476,1.235320341460802,0,0
269,0.4,0.10495049504950495,0.1556692594616519,0.029022269678067855,1.5372686266978683,0,0
270,0.4,0.23564356435643566,0.20565479025690647,0.21209127520365462,0.6734771966830807,0,0
271,1.0,0.2594059405940594,0.22610705333684256,0.0005275373891612689,3.2777467543601686,0,0
272,1.0,0.28118811881188116,0.23067394643047065,0.0009161820846113321,3.038018204843837,0,0
273,0.8,0.2613861386138614,0.2316408525289467,0.01003033987546999,1.9986843507741656,0,0
274,0.8,0.19801980198019803,0.19190560696373418,0.0008538507468629141,3.0686180373657557,0,0
275,0.8,0.06732673267326733,0.1135467024699521,5.4967852399101216e-11,10.259891230642776,0,0
276,0.0,0.041584158415841586,0.09039772047931348,1.0,-0.0,0,0
277,0.0,0.041584158415841586,0.09039772047931348,1.0,-0.0,0,0
278,0.2,0.21188118811881182,0.20063618061766877,1.0,-0.0,0,0
279,0.2,0.21188118811881182,0.20063618061766877,1.0,-0.0,0,0
280,0.2,0.27326732673267323,0.22989067100608043,1.0,-0.0,0,0
281,0.2,0.3118811881188119,0.24099099392106677,1.0,-0.0,0,0
282,0.2,0.36831683168316826,0.25443810858995364,1.0,-0.0,0,0
283,0.0,0.19801980198019803,0.20584537021649227,1.0,-0.0,0,0
284,0.0,0.19999999999999998,0.2048906977385796,1.0,-0.0,0,0
285,0.0,0.1386138613861386,0.15348770198080078,1.0,-0.0,0,0
286,0.2,0.16237623762376235,0.16818865241652334,0.4114954635871043,0.3856349481794096,0,0
287,0.2,0.08316831683168317,0.11694909354640316,0.15889830100735314,0.798880746386554,0,0
288,0.2,0.08316831683168317,0.11694909354640316,0.15889830100735314,0.798880746386554,0,0
289,0.2,0.0811881188118812,0.11664694237642093,0.1542060090621744,0.8118987024738039,0,0
290,0.2,0.0811881188118812,0.11664694237642093,0.1542060090621744,0.8118987024738039,0,0
291,0.0,0.0,0.0,1.0,-0.0,0,0
292,0.0,0.0,0.0,1.0,-0.0,0,0
293,0.0,0.023762376237623766,0.06471340450838887,1.0,-0.0,0,0
294,0.4,0.10099009900990098,0.15057319492752774,0.023527159087828223,1.628430510859134,0,0
295,0.4,0.10099009900990098,0.15057319492752774,0.023527159087828223,1.628430510859134,0,0
296,0.6,0.201980198019802,0.2077604284927367,0.02769761619967614,1.5575576069599464,0,0
297,0.6,0.201980198019802,0.2077604284927367,0.02769761619967614,1.5575576069599464,0,0
298,0.6,0.23366336633663368,0.2069472730105172,0.03834748963307798,1.4162630612896159,0,0
299,0.2,0.26732673267326734,0.20734479386468796,1.0,-0.0,0,0
300,0.2,0.26732673267326734,0.20734479386468796,1.0,-0.0,0,0
301,0.0,0.1801980198019802,0.17689276383467162,1.0,-0.0,0,0
302,0.0,0.28118811881188116,0.20523489140717902,1.0,-0.0,0,0
303,0.0,0.2495049504950495,0.2150863342093389,1.0,-0.0,0,0
304,0.0,0.16435643564356434,0.1743923869806257,1.0,-0.0,0,0
305,0.0,0.17029702970297028,0.18105551605009843,1.0,-0.0,0,0
306,0.0,0.15841584158415842,0.17870121461668875,1.0,-0.0,0,0
307,0.0,0.08712871287128714,0.15002532217723416,1.0,-0.0,0,0
308,0.0,0.15445544554455445,0.16858452795083373,1.0,-0.0,0,0
309,0.0,0.1603960396039604,0.1617229068443201,1.0,-0.0,0,0
310,0.0,0.15445544554455443,0.15639804034834157,1.0,-0.0,0,0
311,0.0,0.23564356435643566,0.18752381151289846,1.0,-0.0,0,0
312,0.0,0.2871287128712871,0.20760938490425596,1.0,-0.0,0,0
313,0.0,0.19801980198019803,0.16043270574676513,1.0,-0.0,0,0
314,0.0,0.16633663366336635,0.15174054701519224,1.0,-0.0,0,0
315,0.0,0.20198019801980197,0.17233412057057096,1.0,-0.0,0,0
316,0.0,0.1188118811881188,0.14122019271030048,1.0,-0.0,0,0
317,0.0,0.03564356435643564,0.08154954567118416,1.0,-0.0,0,0
318,0.0,0.03564356435643564,0.08154954567118416,1.0,-0.0,0,0
319,0.0,0.07920792079207921,0.12293186689242579,1.0,-0.0,0,0
320,0.0,0.04356435643564357,0.0916470215081674,1.0,-0.0,0,0
321,0.0,0.09504950495049505,0.13078304733432375,1.0,-0.0,0,0
322,0.0,0.10693069306930691,0.13948804962658473,1.0,-0.0,0,0
323,0.0,0.10693069306930691,0.13948804962658473,1.0,-0.0,0,0
324,0.0,0.06336633663366337,0.10120342446875752,1.0,-0.0,0,0
325,0.0,0.06732673267326733,0.102550553475042,1.0,-0.0,0,0
326,0.0,0.015841584158415842,0.05401260078014202,1.0,-0.0,0,0
327,0.0,0.0039603960396039604,0.027863855998951064,1.0,-0.0,0,0
328,0.0,0.0039603960396039604,0.027863855998951064,1.0,-0.0,0,0
329,0.0,0.0039603960396039604,0.027863855998951064,1.0,-0.0,0,0
330,0.0,0.0,0.0,1.0,-0.0,0,0
331,0.0,0.009900990099009901,0.04338396495090424,1.0,-0.0,0,0
332,0.0,0.021782178217821784,0.06230547612891991,1.0,-0.0,0,0
333,0.0,0.08316831683168317,0.11351216354824961,1.0,-0.0,0,0
334,0.0,0.14059405940594058,0.13943181578046687,1.0,-0.0,0,0
335,0.0,0.14059405940594058,0.13943181578046687,1.0,-0.0,0,0
336,0.0,0.1306930693069307,0.13330718954223236,1.0,-0.0,0,0
337,0.0,0.19405940594059404,0.1603349107326508,1.0,-0.0,0,0
338,0.0,0.19801980198019797,0.197999999009802,1.0,-0.0,0,0
339,0.0,0.22772277227722768,0.19906654038593571,1.0,-0.0,0,0
340,0.0,0.27128712871287125,0.21724496082221745,1.0,-0.0,0,0
341,0.0,0.297029702970297,0.22091414287834574,1.0,-0.0,0,0
342,0.0,0.25940594059405936,0.21163120257963716,1.0,-0.0,0,0
343,0.0,0.2059405940594059,0.18337959449964716,1.0,-0.0,0,0
344,0.0,0.16831683168316827,0.17057311261273692,1.0,-0.0,0,0
345,0.0,0.17029702970297028,0.17885474744676658,1.0,-0.0,0,0
346,0.0,0.14455445544554454,0.16439221845954266,1.0,-0.0,0,0
347,0.0,0.10495049504950493,0.1423816080178024,1.0,-0.0,0,0
348,0.0,0.11089108910891088,0.13923481846532232,1.0,-0.0,0,0
349,0.0,0.08712871287128712,0.12401163019288061,1.0,-0.0,0,0
350,0.0,0.05346534653465346,0.10489443673781407,1.0,-0.0,0,0
351,0.0,0.06732673267326733,0.11000352009767247,1.0,-0.0,0,0
352,0.0,0.06732673267326733,0.11000352009767247,1.0,-0.0,0,0
353,0.0,0.049504950495049514,0.09504950495049506,1.0,-0.0,0,0
354,0.0,0.12277227722772277,0.166430902094659,1.0,-0.0,0,0
355,0.0,0.1485148514851485,0.1726977909735853,1.0,-0.0,0,0
356,0.0,0.2059405940594059,0.19590954781832295,1.0,-0.0,0,0
357,0.0,0.2059405940594059,0.19590954781832295,1.0,-0.0,0,0
358,0.0,0.2059405940594059,0.19590954781832295,1.0,-0.0,0,0
359,0.0,0.12673267326732673,0.17055012277334236,1.0,-0.0,0,0
360,0.0,0.09108910891089109,0.14494724878689189,1.0,-0.0,0,0
361,0.0,0.019801980198019802,0.059735061897023205,1.0,-0.0,0,0
362,0.0,0.019801980198019802,0.059735061897023205,1.0,-0.0,0,0
363,0.0,0.04356435643564357,0.08255312311158745,1.0,-0.0,0,0
364,0.0,0.023762376237623766,0.06471340450838887,1.0,-0.0,0,0
365,0.0,0.023762376237623766,0.06471340450838887,1.0,-0.0,0,0
366,0.0,0.023762376237623766,0.06471340450838887,1.0,-0.0,0,0
367,0.0,0.15247524752475247,0.15453158823862712,1.0,-0.0,0,0
368,0.0,0.1287128712871287,0.13954426081146826,1.0,-0.0,0,0
369,0.0,0.1287128712871287,0.13954426081146826,1.0,-0.0,0,0
370,0.0,0.1287128712871287,0.13954426081146826,1.0,-0.0,0,0
371,0.0,0.1287128712871287,0.13954426081146826,1.0,-0.0,0,0
372,0.0,0.0,0.0,1.0,-0.0,0,0
373,0.0,0.04950495049504951,0.1068206254198905,1.0,-0.0,0,0
374,0.0,0.04950495049504951,0.1068206254198905,1.0,-0.0,0,0
375,0.0,0.11485148514851483,0.14445948324625327,1.0,-0.0,0,0
376,0.0,0.11485148514851483,0.14445948324625327,1.0,-0.0,0,0
377,0.0,0.11485148514851483,0.14445948324625327,1.0,-0.0,0,0
378,0.0,0.06534653465346535,0.10939585993610405,1.0,-0.0,0,0
379,0.0,0.06534653465346535,0.10939585993610405,1.0,-0.0,0,0
380,0.0,0.0,0.0,1.0,-0.0,0,0
381,0.0,0.0,0.0,1.0,-0.0,0,0
382,0.0,0.0,0.0,1.0,-0.0,0,0
383,0.0,0.0,0.0,1.0,-0.0,0,0
384,0.0,0.0,0.0,1.0,-0.0,0,0
385,0.0,0.0,0.0,1.0,-0.0,0,0
386,0.0,0.07920792079207921,0.12293186689242579,1.0,-0.0,0,0
387,0.0,0.10891089108910891,0.13937555924568534,1.0,-0.0,0,0
388,0.0,0.10891089108910891,0.13937555924568534,1.0,-0.0,0,0
389,0.0,0.10891089108910891,0.13937555924568534,1.0,-0.0,0,0
390,0.0,0.1861386138613861,0.16711275790766056,1.0,-0.0,0,0
391,0.0,0.10495049504950493,0.1337769960717191,1.0,-0.0,0,0
392,0.0,0.07524752475247526,0.11553229422427584,1.0,-0.0,0,0
393,0.0,0.07524752475247526,0.11553229422427584,1.0,-0.0,0,0
394,0.0,0.1306930693069307,0.16028599085028164,1.0,-0.0,0,0
395,0.0,0.05544554455445544,0.1094316980566186,1.0,-0.0,0,0
396,0.0,0.05544554455445544,0.1094316980566186,1.0,-0.0,0,0
397,0.0,0.05544554455445544,0.1094316980566186,1.0,-0.0,0,0
398,0.0,0.05544554455445544,0.1094316980566186,1.0,-0.0,0,0
399,0.0,0.0,0.0,1.0,-0.0,0,0
400,0.0,0.0,0.0,1.0,-0.0,0,0
401,0.0,0.11287128712871286,0.1744373508558039,1.0,-0.0,0,0
402,0.0,0.1841584158415841,0.2192393119276745,1.0,-0.0,0,0
403,0.0,0.1841584158415841,0.2192393119276745,1.0,-0.0,0,0
404,0.0,0.1841584158415841,0.2192393119276745,1.0,-0.0,0,0
405,0.0,0.1841584158415841,0.2192393119276745,1.0,-0.0,0,0
406,0.0,0.13366336633663364,0.15432845757147493,1.0,-0.0,0,0
407,0.0,0.06336633663366337,0.10874875419996817,1.0,-0.0,0,0
408,0.0,0.1287128712871287,0.14781352559621005,1.0,-0.0,0,0
409,0.0,0.1287128712871287,0.14781352559621005,1.0,-0.0,0,0
410,0.0,0.1287128712871287,0.14781352559621005,1.0,-0.0,0,0
411,0.0,0.06336633663366337,0.11233152161332938,1.0,-0.0,0,0
412,0.0,0.06336633663366337,0.11233152161332938,1.0,-0.0,0,0
413,0.0,0.0,0.0,1.0,-0.0,0,0
414,0.0,0.011881188118811881,0.047276579747775535,1.0,-0.0,0,0
415,0.0,0.011881188118811881,0.047276579747775535,1.0,-0.0,0,0
416,0.0,0.011881188118811881,0.047276579747775535,1.0,-0.0,0,0
417,0.0,0.011881188118811881,0.047276579747775535,1.0,-0.0,0,0
418,0.0,0.011881188118811881,0.047276579747775535,1.0,-0.0,0,0
419,0.0,0.0,0.0,1.0,-0.0,0,0
420,0.0,0.07524752475247524,0.11553229422427584,1.0,-0.0,0,0
421,0.0,0.07524752475247524,0.11553229422427584,1.0,-0.0,0,0
422,0.0,0.0891089108910891,0.13042276277287215,1.0,-0.0,0,0
423,0.0,0.0891089108910891,0.13042276277287215,1.0,-0.0,0,0
424,0.0,0.0891089108910891,0.13042276277287215,1.0,-0.0,0,0
425,0.0,0.01386138613861386,0.05079507064705211,1.0,-0.0,0,0
426,0.0,0.1386138613861386,0.1585642868844958,1.0,-0.0,0,0
427,0.0,0.12277227722772276,0.15407416763506465,1.0,-0.0,0,0
428,0.0,0.19405940594059407,0.18120705414231045,1.0,-0.0,0,0
429,0.0,0.19405940594059407,0.18120705414231045,1.0,-0.0,0,0
430,0.0,0.19405940594059407,0.18120705414231045,1.0,-0.0,0,0
431,0.0,0.06930693069306931,0.1272267596372991,1.0,-0.0,0,0
432,0.0,0.06930693069306931,0.1272267596372991,1.0,-0.0,0,0
433,0.0,0.0,0.0,1.0,-0.0,0,0
434,0.0,0.025742574257425748,0.0669763743575753,1.0,-0.0,0,0
435,0.0,0.05148514851485149,0.09186070102766891,1.0,-0.0,0,0
436,0.0,0.05148514851485149,0.09186070102766891,1.0,-0.0,0,0
437,0.0,0.06534653465346535,0.10939585993610405,1.0,-0.0,0,0
438,0.0,0.06534653465346535,0.10939585993610405,1.0,-0.0,0,0
439,0.0,0.05346534653465347,0.09287951999650358,1.0,-0.0,0,0
440,0.0,0.027722772277227727,0.06910862719451544,1.0,-0.0,0,0
441,0.2,0.061386138613861385,0.11166631429601336,0.10724339580581539,0.9696294427647089,0,0
442,1.2,0.16237623762376235,0.1902845629074887,2.4762040499618364e-08,7.606213570426914,0,0
443,1.2,0.16237623762376235,0.1902845629074887,2.4762040499618364e-08,7.606213570426914,0,0
444,1.2,0.1485148514851485,0.17944571499737333,2.319525010432188e-09,8.634600940310934,0,0
445,2.2,0.2633663366336634,0.27130880884679526,4.731049397964548e-13,12.325042517360139,0,0
446,3.2,0.3643564356435644,0.3151564622943804,1.0115380225087631e-17,16.995017787974355,0,0
447,2.2,0.2495049504950495,0.24439205735511307,7.357132547773786e-16,15.133291419538827,0,0
448,2.6,0.29504950495049503,0.263403555771034,1.1060701975141893e-17,16.956217309355356,0,0
449,2.8,0.34257425742574266,0.2776658489871513,1.0436426261246644e-17,16.981448191058337,0,0
450,2.0,0.29504950495049503,0.22443603142705315,1.521075624508141e-14,13.817849193251327,0,0
451,0.8,0.16237623762376235,0.15341104117423018,1.6171483188322393e-05,4.791250146391431,0,0
452,0.8,0.17029702970297028,0.1626175458823589,5.3907863547567964e-05,4.268347879595736,0,0
453,0.4,0.12475247524752477,0.13156027914354926,0.018211296828339534,1.7396591269487152,0,0
454,0.2,0.1821782178217822,0.18476425418501982,0.46157886230840056,0.3357540876188201,0,0
455,0.0,0.12277227722772277,0.15148191286261606,1.0,-0.0,0,0
456,0.0,0.14257425742574256,0.16249693654596944,1.0,-0.0,0,0
457,0.0,0.16831683168316833,0.16586448785245092,1.0,-0.0,0,0
458,0.0,0.21584158415841584,0.1772913210740546,1.0,-0.0,0,0
459,0.0,0.17227722772277226,0.16174715133989812,1.0,-0.0,0,0
460,0.0,0.16237623762376235,0.16581719933036293,1.0,-0.0,0,0
461,0.0,0.1564356435643564,0.15821769786485684,1.0,-0.0,0,0
462,0.0,0.12079207920792079,0.149134022841685,1.0,-0.0,0,0
463,0.0,0.14653465346534655,0.15127468716660813,1.0,-0.0,0,0
464,0.0,0.1376237623762376,0.1609695163002105,1.0,-0.0,0,0
465,0.0,0.19405940594059404,0.18120705414231045,1.0,-0.0,0,0
466,0.0,0.18217821782178212,0.17598156946925847,1.0,-0.0,0,0
467,0.0,0.18217821782178212,0.17598156946925847,1.0,-0.0,0,0
468,0.0,0.10891089108910891,0.14765427233510692,1.0,-0.0,0,0
469,0.0,0.05544554455445545,0.1094316980566186,1.0,-0.0,0,0
470,0.0,0.019801980198019802,0.0597350618970232,1.0,-0.0,0,0
471,0.0,0.07722772277227724,0.13191745702927896,1.0,-0.0,0,0
472,0.0,0.17821782178217827,0.19478546736408614,1.0,-0.0,0,0
473,0.0,0.26534653465346536,0.22883070986019358,1.0,-0.0,0,0
474,0.0,0.3801980198019802,0.2602435272229174,1.0,-0.0,0,0
475,0.0,0.3603960396039604,0.25175786257921295,1.0,-0.0,0,0
476,0.0,0.3089108910891089,0.22781745771516285,1.0,-0.0,0,0
477,0.0,0.26732673267326734,0.22030982274568572,1.0,-0.0,0,0
478,0.0,0.1801980198019802,0.18563234289517566,1.0,-0.0,0,0
479,0.0,0.06534653465346535,0.10939585993610405,1.0,-0.0,0,0
480,0.0,0.06534653465346535,0.10939585993610405,1.0,-0.0,0,0
481,0.2,0.11881188118811879,0.15202453637757812,0.29665480149204637,0.5277486180171558,0,0
482,0.2,0.05940594059405942,0.10357779667819421,0.08733081746926054,1.0588324745635311,0,0
483,0.4,0.11485148514851484,0.13304219431477882,0.01604475578482431,1.7946668888589332,0,0
484,0.4,0.11485148514851484,0.13304219431477882,0.01604475578482431,1.7946668888589332,0,0
485,0.4,0.1217821782178218,0.13759170507754623,0.021585400198905733,1.6658398950009854,0,0
486,0.2,0.06930693069306931,0.10693069306930697,0.11081180122969687,0.9554139856724337,0,0
487,0.4,0.1287128712871287,0.16550949460567813,0.050595892874666176,1.2958847356159928,0,0
488,0.4,0.10891089108910887,0.14765427233510695,0.024337725096775703,1.6137200187144183,0,0
489,0.6,0.17227722772277226,0.1689330594949795,0.005672206029684591,2.2462480028020573,0,0
490,0.8,0.19801980198019797,0.17461709057464242,0.0002829735126788167,3.5482542140721343,0,0
491,1.0,0.26930693069306927,0.2223824972889736,0.0005085579909205048,3.2936595172726246,0,0
492,1.0,0.3465346534653466,0.25623486922173166,0.00538214196643317,2.2690448509005097,0,0
493,0.8,0.3366336633663367,0.26390921491729485,0.03956305010780851,1.4027102339118787,0,0
494,0.6,0.28316831683168314,0.22208254059642107,0.0768419431987352,1.1144016611214163,0,0
495,0.4,0.2514851485148515,0.2173712712881203,0.2472303556096666,0.6068982064618588,0,0
496,0.2,0.18019801980198016,0.16531985318607367,0.4523287890051053,0.344545770184289,0,0
497,0.2,0.0891089108910891,0.13923481846532235,0.21289044200289603,0.6718438363474026,0,0
498,0.2,0.08118811881188118,0.1264228887090089,0.17366078882092117,0.7602982306092326,0,0
499,0.2,0.07326732673267326,0.1115960618107356,0.12805415268855674,0.8926063331621106,0,0
500,0.4,0.10297029702970295,0.13676274574124359,0.014933066394861737,1.8258510039542,0,0
501,0.4,0.09504950495049505,0.1277189346265117,0.008477810817850338,2.071716278930852,0,0
502,0.2,0.04752475247524753,0.08965727859541997,0.044504787234598886,1.3515932708674616,0,0
503,0.2,0.03762376237623763,0.08307396817189319,0.025315250600093635,1.5966177690988212,0,0
504,0.2,0.03762376237623763,0.08307396817189319,0.025315250600093635,1.5966177690988212,0,0
505,0.0,0.007920792079207921,0.03900537743285587,1.0,-0.0,0,0
506,0.0,0.007920792079207921,0.03900537743285587,1.0,-0.0,0,0
507,0.0,0.007920792079207921,0.03900537743285587,1.0,-0.0,0,0
508,0.0,0.0,0.0,1.0,-0.0,0,0
509,0.0,0.0,0.0,1.0,-0.0,0,0
510,0.0,0.0,0.0,1.0,-0.0,0,0
511,0.0,0.10099009900990097,0.12781100644043505,1.0,-0.0,0,0
512,0.0,0.10099009900990097,0.12781100644043505,1.0,-0.0,0,0
513,0.0,0.17029702970297028,0.15513938444198727,1.0,-0.0,0,0
514,0.0,0.20990099009900987,0.17206086333646306,1.0,-0.0,0,0
515,0.0,0.20990099009900987,0.17206086333646306,1.0,-0.0,0,0
516,0.0,0.10693069306930694,0.13368903310588715,1.0,-0.0,0,0
517,0.0,0.10693069306930694,0.13368903310588715,1.0,-0.0,0,0
518,0.0,0.039603960396039604,0.0890869059738772,1.0,-0.0,0,0
519,0.0,0.0,0.0,1.0,-0.0,0,0
