,foreground,bg_means,bg_stdev,pvals,minus_logs,regs,active
2,0.0,0.029702970297029712,0.07112192077650682,1.0,-0.0,0,0
3,0.0,0.029702970297029712,0.07112192077650682,1.0,-0.0,0,0
4,0.0,0.029702970297029712,0.07112192077650682,1.0,-0.0,0,0
5,0.0,0.0,0.0,1.0,-0.0,0,0
6,0.0,0.019801980198019802,0.059735061897023205,1.0,-0.0,0,0
7,0.0,0.019801980198019802,0.059735061897023205,1.0,-0.0,0,0
8,0.0,0.019801980198019802,0.059735061897023205,1.0,-0.0,0,0
9,0.0,0.019801980198019802,0.059735061897023205,1.0,-0.0,0,0
10,0.0,0.019801980198019802,0.059735061897023205,1.0,-0.0,0,0
11,0.0,0.0,0.0,1.0,-0.0,0,0
12,0.0,0.0,0.0,1.0,-0.0,0,0
13,0.0,0.0,0.0,1.0,-0.0,0,0
14,0.0,0.0,0.0,1.0,-0.0,0,0
15,0.0,0.0,0.0,1.0,-0.0,0,0
16,0.0,0.0,0.0,1.0,-0.0,0,0
17,0.0,0.0,0.0,1.0,-0.0,0,0
18,0.0,0.0,0.0,1.0,-0.0,0,0
19,0.0,0.0,0.0,1.0,-0.0,0,0
20,0.0,0.0,0.0,1.0,-0.0,0,0
21,0.0,0.0,0.0,1.0,-0.0,0,0
22,0.0,0.013861386138613863,0.05079507064705211,1.0,-0.0,0,0
23,0.0,0.013861386138613863,0.05079507064705211,1.0,-0.0,0,0
24,0.0,0.05148514851485149,0.08744317689433512,1.0,-0.0,0,0
25,0.0,0.05148514851485149,0.08744317689433512,1.0,-0.0,0,0
26,0.0,0.05148514851485149,0.08744317689433512,1.0,-0.0,0,0
27,0.2,0.07524752475247526,0.10089298378500594,0.10813951107118154,0.9660155983221467,0,0
28,0.6,0.20396039603960395,0.1711468549412428,0.010332934584884842,1.985776320007216,0,0
29,0.8,0.3960396039603961,0.22156991256553443,0.0341385576165272,1.466754832149704,0,0
30,0.8,0.4435643564356436,0.24145427445031578,0.06994463593946679,1.1552455859786699,0,0
31,0.8,0.4435643564356436,0.24145427445031578,0.06994463593946679,1.1552455859786699,0,0
32,0.8,0.48514851485148514,0.24751683155643156,0.10167932834103018,0.9927673312458238,0,0
33,0.4,0.3584158415841584,0.20550219903555814,0.41982005740894307,0.37693681631594106,0,0
34,0.6,0.3742574257425743,0.2511965288538532,0.18441445357519404,0.7342050439008364,0,0
35,0.6,0.32673267326732675,0.22289325647929042,0.110099173504781,0.9582159411886495,0,0
36,1.4,0.9118811881188118,0.3392732853045766,0.07511512283534215,1.1242726182187939,0,0
37,1.4,1.0316831683168317,0.3242449547900375,0.12799469914855943,0.8928080161193215,0,0
38,1.4,1.0316831683168317,0.3242449547900375,0.12799469914855943,0.8928080161193215,0,0
39,1.0,0.7861386138613861,0.28180103330249845,0.22395344881881074,0.6498422451574686,0,0
40,1.2,1.0495049504950495,0.33467104060709696,0.3264704076342254,0.4861561785040981,0,0
41,0.4,0.4633663366336634,0.23535217860833296,1.0,-0.0,0,0
42,0.4,0.4217821782178217,0.23530219053485854,1.0,-0.0,0,0
43,2.2,2.0475247524752476,0.46599070644834306,0.37175580425045057,0.429742242081694,0,0
44,2.2,2.0475247524752476,0.46599070644834306,0.37175580425045057,0.429742242081694,0,0
45,2.4,2.2514851485148517,0.47232600366677824,0.3765961226747775,0.42412415566724865,1,0
46,2.4,2.2514851485148517,0.47232600366677824,0.3765961226747775,0.42412415566724865,0,0
47,5.6,6.085148514851486,0.6097209455223639,1.0,-0.0,1,0
48,4.0,4.9465346534653465,0.5249355182344664,1.0,-0.0,0,0
49,4.6,5.756435643564355,0.5512211181601935,1.0,-0.0,1,0
50,4.2,5.287128712871288,0.5123549524444776,1.0,-0.0,0,0
51,4.2,5.287128712871288,0.5123549524444776,1.0,-0.0,0,0
52,0.8,1.297029702970297,0.4170750212793369,1.0,-0.0,0,0
53,0.6,0.8099009900990098,0.2889053942568447,1.0,-0.0,0,0
54,0.0,0.0,0.0,1.0,-0.0,0,0
55,0.0,0.0,0.0,1.0,-0.0,0,0
56,0.0,0.0,0.0,1.0,-0.0,0,0
57,0.0,0.0,0.0,1.0,-0.0,0,0
58,0.0,0.0,0.0,1.0,-0.0,0,0
59,0.0,0.0,0.0,1.0,-0.0,0,0
60,0.0,0.0,0.0,1.0,-0.0,0,0
61,0.0,0.0,0.0,1.0,-0.0,0,0
62,0.0,0.0,0.0,1.0,-0.0,0,0
63,0.0,0.02772277227722772,0.06910862719451544,1.0,-0.0,0,0
64,0.0,0.02772277227722772,0.06910862719451544,1.0,-0.0,0,0
65,0.0,0.02772277227722772,0.06910862719451544,1.0,-0.0,0,0
66,0.0,0.04752475247524753,0.08512548617902843,1.0,-0.0,0,0
67,0.0,0.04752475247524753,0.08512548617902843,1.0,-0.0,0,0
68,0.0,0.019801980198019806,0.059735061897023184,1.0,-0.0,0,0
69,0.2,0.3455445544554456,0.22669591988853358,1.0,-0.0,0,0
70,0.2,0.3455445544554456,0.22669591988853358,1.0,-0.0,0,0
71,0.2,0.6099009900990099,0.29568010225631824,1.0,-0.0,0,0
72,1.6,1.3326732673267325,0.4081129990314367,0.2562238449045532,0.5913804560566394,0,0
73,2.0,2.015841584158416,0.49447094905451877,1.0,-0.0,0,0
74,1.8,1.8079207920792084,0.44581290048736444,1.0,-0.0,0,0
75,2.2,2.3584158415841587,0.49257201850329513,1.0,-0.0,0,0
76,2.8,2.4693069306930693,0.4910571691944961,0.2503365992622674,0.6014756518073896,0,0
77,1.4,1.7465346534653465,0.4163881368174478,1.0,-0.0,0,0
78,1.0,1.0633663366336632,0.36687677599947355,1.0,-0.0,0,0
79,1.0,0.9465346534653465,0.32928496083605263,0.4355080271740739,0.3610038357762322,0,0
80,0.6,0.39603960396039617,0.23204676554915246,0.18971081508277055,0.7219079100344575,0,0
81,0.0,0.019801980198019802,0.0597350618970232,1.0,-0.0,0,0
82,0.0,0.019801980198019802,0.0597350618970232,1.0,-0.0,0,0
83,0.0,0.019801980198019802,0.0597350618970232,1.0,-0.0,0,0
84,0.0,0.019801980198019802,0.0597350618970232,1.0,-0.0,0,0
85,0.0,0.039603960396039604,0.07970143286137865,1.0,-0.0,0,0
86,0.0,0.019801980198019802,0.059735061897023205,1.0,-0.0,0,0
87,0.0,0.019801980198019802,0.059735061897023205,1.0,-0.0,0,0
88,0.0,0.05148514851485149,0.08744317689433512,1.0,-0.0,0,0
89,0.0,0.07524752475247524,0.0968881570116837,1.0,-0.0,0,0
90,0.0,0.05544554455445544,0.08952597667688962,1.0,-0.0,0,0
91,0.0,0.05544554455445544,0.08952597667688962,1.0,-0.0,0,0
92,0.0,0.05544554455445544,0.08952597667688962,1.0,-0.0,0,0
93,0.0,0.023762376237623766,0.06471340450838889,1.0,-0.0,0,0
94,0.0,0.04752475247524753,0.08512548617902843,1.0,-0.0,0,0
95,0.0,0.16237623762376235,0.13704916018216462,1.0,-0.0,0,0
96,0.0,0.16237623762376235,0.13704916018216462,1.0,-0.0,0,0
97,0.0,0.16237623762376235,0.13704916018216462,1.0,-0.0,0,0
98,0.0,0.29306930693069305,0.1878789507822641,1.0,-0.0,0,0
99,0.6,0.4356435643564357,0.27632100661405795,0.2759877359101812,0.5591102162857717,0,0
100,1.8,1.1415841584158415,0.4497011827963655,0.07158078047760999,1.1452035706111254,0,0
101,2.4,1.5257425742574253,0.4689684203403695,0.031145839382288622,1.5065999603691005,0,0
102,4.0,3.0594059405940595,0.5927245729431587,0.05626775550800988,1.2497404082852694,0,0
103,4.0,2.9762376237623767,0.5837991847282787,0.03974775477809979,1.4006873982030117,0,0
104,4.0,3.166336633663366,0.6262061198196317,0.09154643046681434,1.038358584828019,2,0
105,2.8,2.3465346534653464,0.5119491691266178,0.18787277607571473,0.7261361472899948,0,0
106,2.2,1.9623762376237626,0.5094845939913761,0.3204645019896271,0.49422007049412975,0,0
107,0.8,0.5287128712871287,0.2836594784866532,0.16943936226007378,0.7709856918414774,0,0
108,0.8,0.5900990099009902,0.30749867599974146,0.24742735675699729,0.6065522843682626,0,0
109,0.2,0.2099009900990099,0.17206086333646306,1.0,-0.0,0,0
110,0.2,0.2099009900990099,0.17206086333646306,1.0,-0.0,0,0
111,1.2,0.9227722772277228,0.3581805474589352,0.21946871497126974,0.6586273792200275,0,0
112,1.2,0.9425742574257424,0.3585853764567192,0.2364117947416609,0.6263308600097461,0,0
113,1.2,0.8316831683168316,0.3326850540109053,0.13412456266431355,0.8724916811138584,0,0
114,1.2,0.8316831683168316,0.3326850540109053,0.13412456266431355,0.8724916811138584,0,0
115,1.2,0.8316831683168316,0.3326850540109053,0.13412456266431355,0.8724916811138584,0,0
116,0.2,0.1188118811881188,0.15202453637757812,0.29665480149204637,0.5277486180171558,0,0
117,0.0,0.0,0.0,1.0,-0.0,0,0
118,0.0,0.0,0.0,1.0,-0.0,0,0
119,0.0,0.0,0.0,1.0,-0.0,0,0
120,0.0,0.0,0.0,1.0,-0.0,0,0
121,0.0,0.0,0.0,1.0,-0.0,0,0
122,0.0,0.0,0.0,1.0,-0.0,0,0
123,0.0,0.0,0.0,1.0,-0.0,0,0
124,0.0,0.0,0.0,1.0,-0.0,0,0
125,0.0,0.0,0.0,1.0,-0.0,0,0
126,0.0,0.0,0.0,1.0,-0.0,0,0
127,0.0,0.0,0.0,1.0,-0.0,0,0
128,0.0,0.051485148514851496,0.096075322540263,1.0,-0.0,0,0
129,0.0,0.051485148514851496,0.096075322540263,1.0,-0.0,0,0
130,0.0,0.051485148514851496,0.096075322540263,1.0,-0.0,0,0
131,0.0,0.051485148514851496,0.096075322540263,1.0,-0.0,0,0
132,0.0,0.051485148514851496,0.096075322540263,1.0,-0.0,0,0
133,0.0,0.0,0.0,1.0,-0.0,0,0
134,0.0,0.0,0.0,1.0,-0.0,0,0
135,0.0,0.0,0.0,1.0,-0.0,0,0
136,0.0,0.0,0.0,1.0,-0.0,0,0
137,0.0,0.0,0.0,1.0,-0.0,0,0
138,0.0,0.0,0.0,1.0,-0.0,0,0
139,0.2,0.027722772277227727,0.06910862719451542,0.006336173555908623,2.198172935373565,0,0
140,0.2,0.027722772277227727,0.06910862719451542,0.006336173555908623,2.198172935373565,0,0
141,0.2,0.027722772277227727,0.06910862719451542,0.006336173555908623,2.198172935373565,0,0
142,0.2,0.027722772277227727,0.06910862719451542,0.006336173555908623,2.198172935373565,0,0
143,0.2,0.027722772277227727,0.06910862719451542,0.006336173555908623,2.198172935373565,0,0
144,0.0,0.0,0.0,1.0,-0.0,0,0
145,0.0,0.0,0.0,1.0,-0.0,0,0
146,0.0,0.0,0.0,1.0,-0.0,0,0
147,0.0,0.0,0.0,1.0,-0.0,0,0
148,0.0,0.027722772277227727,0.06910862719451544,1.0,-0.0,0,0
149,0.8,0.38811881188118824,0.2769305337755341,0.06846665082618737,1.1645209159369845,0,0
150,0.8,0.4455445544554456,0.295016278280613,0.11478299816149402,0.9401224355571111,0,0
151,1.4,0.6653465346534653,0.3561164687566057,0.01955828974367436,1.7086691243622554,0,0
152,1.6,1.2633663366336634,0.4623921382980544,0.2332987264353628,0.6320876319889476,0,0
153,1.6,1.2356435643564356,0.4636455112285085,0.21597729916004904,0.6655918940695634,0,0
154,0.8,0.9742574257425743,0.3916589406756789,1.0,-0.0,0,0
155,0.8,0.9148514851485148,0.3726772655797138,1.0,-0.0,0,0
156,0.8,1.192079207920792,0.3592299708319548,1.0,-0.0,0,0
157,1.8,1.8336633663366337,0.3222068789091732,1.0,-0.0,0,0
158,2.2,2.116831683168317,0.36723998869023855,0.4104184990224654,0.38677307225707447,1,0
159,2.2,2.017821782178218,0.3448047344107551,0.29862757666313244,0.524870089981279,0,0
160,2.2,2.017821782178218,0.3448047344107551,0.29862757666313244,0.524870089981279,0,0
161,1.6,1.6198019801980197,0.3288202138941366,1.0,-0.0,0,0
162,0.4,0.98019801980198,0.34412172667292606,1.0,-0.0,0,0
163,0.0,0.7702970297029701,0.3262582814715989,1.0,-0.0,0,0
164,0.0,0.7702970297029701,0.3262582814715989,1.0,-0.0,0,0
165,0.2,1.5623762376237624,0.46391606554525905,1.0,-0.0,0,0
