,foreground,bg_means,bg_stdev,pvals,minus_logs,regs,active
2,0.0,0.03564356435643565,0.07653920035678291,1.0,-0.0,0,0
3,0.0,0.07524752475247526,0.11205191564986228,1.0,-0.0,0,0
4,0.0,0.07524752475247526,0.11205191564986228,1.0,-0.0,0,0
5,0.0,0.09306930693069307,0.13069306930693073,1.0,-0.0,0,0
6,0.0,0.10297029702970298,0.1451905170679078,1.0,-0.0,0,0
7,0.0,0.3247524752475248,0.25771499362555084,1.0,-0.0,0,0
8,0.0,0.2851485148514852,0.24266920752327134,1.0,-0.0,0,0
9,0.0,0.299009900990099,0.24635764451480144,1.0,-0.0,0,0
10,0.0,0.504950495049505,0.3090631764772542,1.0,-0.0,0,0
11,0.0,0.594059405940594,0.32512656550895236,1.0,-0.0,0,0
12,0.0,0.3702970297029703,0.24597534870265997,1.0,-0.0,0,0
13,0.0,0.3821782178217822,0.24389416614181644,1.0,-0.0,0,0
14,0.0,0.5306930693069307,0.3075751777240249,1.0,-0.0,0,0
15,0.0,0.5801980198019802,0.3177955635217374,1.0,-0.0,0,0
16,0.0,0.4792079207920792,0.2912305172791594,1.0,-0.0,0,0
17,0.0,0.4792079207920792,0.2912305172791594,1.0,-0.0,0,0
18,0.0,0.4792079207920792,0.29258724066952674,1.0,-0.0,0,0
19,0.0,0.3603960396039604,0.2786385599895107,1.0,-0.0,0,0
20,0.0,0.08712871287128712,0.14736186103080443,1.0,-0.0,0,0
21,0.0,0.05544554455445545,0.12305938961021265,1.0,-0.0,0,0
22,0.0,0.05544554455445545,0.12305938961021265,1.0,-0.0,0,0
23,0.0,0.04950495049504951,0.11399475615543962,1.0,-0.0,0,0
24,0.0,0.0059405940594059415,0.03395332316729158,1.0,-0.0,0,0
25,0.0,0.009900990099009901,0.04338396495090425,1.0,-0.0,0,0
26,0.0,0.009900990099009901,0.04338396495090425,1.0,-0.0,0,0
27,0.0,0.009900990099009901,0.04338396495090425,1.0,-0.0,0,0
28,0.0,0.0039603960396039604,0.02786385599895107,1.0,-0.0,0,0
29,0.0,0.0039603960396039604,0.02786385599895107,1.0,-0.0,0,0
30,0.0,0.0,0.0,1.0,-0.0,0,0
31,0.2,0.021782178217821784,0.06230547612891991,0.002115616449879084,2.6745630648030154,0,0
32,0.2,0.021782178217821784,0.06230547612891991,0.002115616449879084,2.6745630648030154,0,0
33,0.2,0.021782178217821784,0.06230547612891991,0.002115616449879084,2.6745630648030154,0,0
34,0.2,0.03564356435643565,0.08154954567118416,0.021930426384501912,1.6589529244266183,0,0
35,0.2,0.04356435643564357,0.08721867542790195,0.036438310127516485,1.438441772185106,0,0
36,0.0,0.09702970297029702,0.15571962971356434,1.0,-0.0,0,0
37,0.0,0.09702970297029702,0.15571962971356434,1.0,-0.0,0,0
38,0.0,0.14851485148514848,0.1749760161138576,1.0,-0.0,0,0
39,0.0,0.14257425742574253,0.17425742574257425,1.0,-0.0,0,0
40,0.0,0.13465346534653463,0.17600384984783346,1.0,-0.0,0,0
41,0.0,0.1386138613861386,0.15856428688449584,1.0,-0.0,0,0
42,0.0,0.1801980198019802,0.17689276383467162,1.0,-0.0,0,0
43,0.0,0.1306930693069307,0.13912212332871524,1.0,-0.0,0,0
44,0.0,0.12277227722772276,0.13191745702927898,1.0,-0.0,0,0
45,0.0,0.1405940594059406,0.14770737583343774,1.0,-0.0,0,0
46,0.0,0.061386138613861385,0.10433219700847123,1.0,-0.0,0,0
47,0.0,0.019801980198019802,0.0597350618970232,1.0,-0.0,0,0
48,0.0,0.02970297029702971,0.07648795214189293,1.0,-0.0,0,0
49,0.0,0.02970297029702971,0.07648795214189293,1.0,-0.0,0,0
50,0.0,0.009900990099009901,0.04338396495090424,1.0,-0.0,0,0
51,0.0,0.027722772277227727,0.07461957893630407,1.0,-0.0,0,0
52,0.0,0.027722772277227727,0.07461957893630407,1.0,-0.0,0,0
53,0.0,0.017821782178217824,0.05698017651460656,1.0,-0.0,0,0
54,0.0,0.025742574257425745,0.0669763743575753,1.0,-0.0,0,0
55,0.0,0.025742574257425745,0.0669763743575753,1.0,-0.0,0,0
56,0.0,0.007920792079207921,0.03900537743285587,1.0,-0.0,0,0
57,0.0,0.007920792079207921,0.03900537743285587,1.0,-0.0,0,0
58,0.0,0.007920792079207921,0.03900537743285587,1.0,-0.0,0,0
59,0.0,0.0,0.0,1.0,-0.0,0,0
60,0.0,0.0,0.0,1.0,-0.0,0,0
61,0.0,0.0,0.0,1.0,-0.0,0,0
62,0.0,0.0,0.0,1.0,-0.0,0,0
63,0.0,0.0,0.0,1.0,-0.0,0,0
64,0.0,0.0,0.0,1.0,-0.0,0,0
65,0.0,0.011881188118811883,0.047276579747775535,1.0,-0.0,0,0
66,0.0,0.011881188118811883,0.047276579747775535,1.0,-0.0,0,0
67,0.0,0.011881188118811883,0.047276579747775535,1.0,-0.0,0,0
68,0.2,0.039603960396039604,0.08452453849668534,0.028872622852877186,1.5395137620565469,0,0
69,0.2,0.039603960396039604,0.08452453849668534,0.028872622852877186,1.5395137620565469,0,0
70,0.2,0.02772277227722773,0.07461957893630405,0.010478998804251368,1.9796802091996202,0,0
71,0.2,0.02772277227722773,0.07461957893630405,0.010478998804251368,1.9796802091996202,0,0
72,0.2,0.02772277227722773,0.07461957893630405,0.010478998804251368,1.9796802091996202,0,0
73,0.0,0.0,0.0,1.0,-0.0,0,0
74,0.0,0.0,0.0,1.0,-0.0,0,0
75,0.0,0.0039603960396039604,0.027863855998951064,1.0,-0.0,0,0
76,0.0,0.24158415841584158,0.23600106004656757,1.0,-0.0,0,0
77,0.0,0.3900990099009901,0.28615060442861423,1.0,-0.0,0,0
78,0.2,0.5009900990099011,0.30523324939402285,1.0,-0.0,0,0
79,0.2,0.5247524752475248,0.32923732467510375,1.0,-0.0,0,0
80,0.2,0.6990099009900991,0.37508944134816874,1.0,-0.0,0,0
81,0.2,0.4851485148514851,0.29830748260974393,1.0,-0.0,0,0
82,0.2,0.35445544554455444,0.2653317566447851,1.0,-0.0,0,0
83,0.0,0.24158415841584152,0.21492219487073477,1.0,-0.0,0,0
84,0.0,0.21782178217821782,0.1931479910747968,1.0,-0.0,0,0
85,0.0,0.039603960396039604,0.08452453849668534,1.0,-0.0,0,0
86,0.0,0.015841584158415842,0.05401260078014202,1.0,-0.0,0,0
87,0.0,0.0,0.0,1.0,-0.0,0,0
88,0.0,0.011881188118811883,0.047276579747775535,1.0,-0.0,0,0
89,0.0,0.011881188118811883,0.047276579747775535,1.0,-0.0,0,0
90,0.0,0.0712871287128713,0.12454800153280307,1.0,-0.0,0,0
91,0.0,0.08514851485148514,0.13598641357140118,1.0,-0.0,0,0
92,0.0,0.08514851485148514,0.13598641357140118,1.0,-0.0,0,0
93,0.0,0.07326732673267328,0.13117223890438964,1.0,-0.0,0,0
94,0.0,0.10693069306930694,0.16060370373062668,1.0,-0.0,0,0
95,0.0,0.04752475247524753,0.09809478080396702,1.0,-0.0,0,0
96,0.0,0.04554455445544555,0.09283729243351321,1.0,-0.0,0,0
97,0.0,0.04554455445544555,0.09283729243351321,1.0,-0.0,0,0
98,0.0,0.19009900990099005,0.19574936009912708,1.0,-0.0,0,0
99,0.0,0.15643564356435644,0.17933642348653622,1.0,-0.0,0,0
100,0.0,0.26534653465346536,0.21637684561818196,1.0,-0.0,0,0
101,0.0,0.4693069306930693,0.3189532925417962,1.0,-0.0,0,0
102,0.0,0.4693069306930693,0.3189532925417962,1.0,-0.0,0,0
103,0.0,0.4613861386138614,0.3279007024984105,1.0,-0.0,0,0
104,0.0,0.4613861386138614,0.3279007024984105,1.0,-0.0,0,0
105,0.0,0.3643564356435644,0.2805878406488218,1.0,-0.0,0,0
106,0.0,0.20396039603960395,0.2105724362464704,1.0,-0.0,0,0
107,0.0,0.2752475247524752,0.2213397283931655,1.0,-0.0,0,0
108,0.0,0.2693069306930693,0.24117803877552588,1.0,-0.0,0,0
109,0.0,0.2693069306930693,0.24117803877552588,1.0,-0.0,0,0
110,0.0,0.25742574257425743,0.23265430721147748,1.0,-0.0,0,0
111,0.0,0.2415841584158416,0.2291902779600837,1.0,-0.0,0,0
112,0.0,0.17029702970297028,0.19778203547221818,1.0,-0.0,0,0
113,0.0,0.039603960396039604,0.08452453849668534,1.0,-0.0,0,0
114,0.0,0.0712871287128713,0.10747934055534188,1.0,-0.0,0,0
115,0.0,0.0712871287128713,0.10747934055534188,1.0,-0.0,0,0
116,0.0,0.17227722772277224,0.18245781385805057,1.0,-0.0,0,0
117,0.0,0.22178217821782173,0.21963243840383812,1.0,-0.0,0,0
118,0.0,0.22970297029702966,0.2222943167480988,1.0,-0.0,0,0
119,0.0,0.19801980198019797,0.21340251467882923,1.0,-0.0,0,0
120,0.0,0.2178217821782178,0.21818152112220707,1.0,-0.0,0,0
121,0.0,0.10099009900990098,0.15057319492752774,1.0,-0.0,0,0
122,0.0,0.05544554455445545,0.11979788880993404,1.0,-0.0,0,0
123,0.0,0.047524752475247525,0.10586191211583097,1.0,-0.0,0,0
124,0.2,0.06930693069306931,0.11751770396006173,0.13304459555834885,0.8760027623516582,0,0
125,0.2,0.049504950495049514,0.09504950495049506,0.056672754609762954,1.2466256777282643,0,0
126,0.2,0.025742574257425748,0.06697637435757531,0.004637140001348011,2.3337497919853583,0,0
127,0.2,0.021782178217821784,0.062305476128919915,0.0021156164498790874,2.6745630648030145,0,0
128,0.2,0.021782178217821784,0.062305476128919915,0.0021156164498790874,2.6745630648030145,0,0
129,0.0,0.0,0.0,1.0,-0.0,0,0
130,0.0,0.0,0.0,1.0,-0.0,0,0
131,0.0,0.0,0.0,1.0,-0.0,0,0
132,0.0,0.0,0.0,1.0,-0.0,0,0
133,0.0,0.0,0.0,1.0,-0.0,0,0
134,0.0,0.0,0.0,1.0,-0.0,0,0
135,0.0,0.04554455445544555,0.08387254884969257,1.0,-0.0,0,0
136,0.0,0.047524752475247525,0.08512548617902845,1.0,-0.0,0,0
137,0.0,0.12475247524752472,0.13744913773527348,1.0,-0.0,0,0
138,0.0,0.12475247524752472,0.13744913773527348,1.0,-0.0,0,0
139,0.0,0.1485148514851485,0.1425467520222985,1.0,-0.0,0,0
140,0.0,0.19999999999999996,0.1734906622876001,1.0,-0.0,0,0
141,0.0,0.21980198019801975,0.19397856469320326,1.0,-0.0,0,0
142,0.0,0.1900990099009901,0.18958263199843847,1.0,-0.0,0,0
143,0.0,0.19207920792079206,0.19071681786668523,1.0,-0.0,0,0
144,0.0,0.17227722772277226,0.17806373977319878,1.0,-0.0,0,0
145,0.0,0.09108910891089109,0.13057300215314485,1.0,-0.0,0,0
146,0.0,0.06930693069306931,0.11751770396006173,1.0,-0.0,0,0
147,0.0,0.023762376237623766,0.07056843438101176,1.0,-0.0,0,0
148,0.0,0.039603960396039604,0.09342674148186496,1.0,-0.0,0,0
149,0.0,0.041584158415841586,0.09039772047931348,1.0,-0.0,0,0
150,0.0,0.03564356435643565,0.08626938974571076,1.0,-0.0,0,0
151,0.0,0.03564356435643565,0.08626938974571076,1.0,-0.0,0,0
152,0.0,0.03564356435643565,0.08626938974571076,1.0,-0.0,0,0
153,0.0,0.017821782178217824,0.05698017651460656,1.0,-0.0,0,0
154,0.0,0.025742574257425745,0.0669763743575753,1.0,-0.0,0,0
155,0.0,0.013861386138613863,0.05079507064705211,1.0,-0.0,0,0
156,0.0,0.013861386138613863,0.05079507064705211,1.0,-0.0,0,0
157,0.0,0.013861386138613863,0.05079507064705211,1.0,-0.0,0,0
158,0.0,0.013861386138613863,0.05079507064705211,1.0,-0.0,0,0
159,0.0,0.0,0.0,1.0,-0.0,0,0
160,0.0,0.0059405940594059415,0.03395332316729158,1.0,-0.0,0,0
161,0.0,0.023762376237623766,0.07056843438101175,1.0,-0.0,0,0
162,0.0,0.023762376237623766,0.07056843438101175,1.0,-0.0,0,0
163,0.0,0.023762376237623766,0.07056843438101175,1.0,-0.0,0,0
164,0.0,0.023762376237623766,0.07056843438101175,1.0,-0.0,0,0
165,0.0,0.017821782178217824,0.056980176514606566,1.0,-0.0,0,0
166,0.0,0.0,0.0,1.0,-0.0,0,0
167,0.0,0.0,0.0,1.0,-0.0,0,0
168,0.0,0.0,0.0,1.0,-0.0,0,0
169,0.0,0.0,0.0,1.0,-0.0,0,0
170,0.0,0.0,0.0,1.0,-0.0,0,0
171,0.0,0.009900990099009901,0.04338396495090424,1.0,-0.0,0,0
172,0.0,0.009900990099009901,0.04338396495090424,1.0,-0.0,0,0
173,0.0,0.009900990099009901,0.04338396495090424,1.0,-0.0,0,0
174,0.0,0.009900990099009901,0.04338396495090424,1.0,-0.0,0,0
175,0.0,0.015841584158415842,0.05401260078014202,1.0,-0.0,0,0
176,0.0,0.0059405940594059415,0.033953323167291584,1.0,-0.0,0,0
177,0.0,0.013861386138613863,0.05079507064705211,1.0,-0.0,0,0
178,0.0,0.023762376237623766,0.06471340450838887,1.0,-0.0,0,0
179,0.0,0.023762376237623766,0.06471340450838887,1.0,-0.0,0,0
180,0.0,0.023762376237623766,0.07056843438101175,1.0,-0.0,0,0
181,0.0,0.03762376237623763,0.08307396817189318,1.0,-0.0,0,0
182,0.0,0.05742574257425742,0.10277971700879983,1.0,-0.0,0,0
183,0.0,0.09702970297029702,0.1396285351588451,1.0,-0.0,0,0
184,0.0,0.15445544554455443,0.17773311423617327,1.0,-0.0,0,0
185,0.0,0.17029702970297028,0.18322985319016177,1.0,-0.0,0,0
186,0.0,0.16633663366336632,0.1781518029535443,1.0,-0.0,0,0
187,0.0,0.1801980198019802,0.17004355992893858,1.0,-0.0,0,0
188,0.0,0.13069306930693067,0.1303024465454424,1.0,-0.0,0,0
189,0.0,0.12475247524752472,0.1511709677939985,1.0,-0.0,0,0
190,0.0,0.10297029702970295,0.1367627457412436,1.0,-0.0,0,0
191,0.0,0.09306930693069305,0.12762679639066946,1.0,-0.0,0,0
192,0.0,0.05148514851485149,0.10011267057239238,1.0,-0.0,0,0
193,0.0,0.05148514851485149,0.10011267057239238,1.0,-0.0,0,0
194,0.0,0.0,0.0,1.0,-0.0,0,0
195,0.0,0.0,0.0,1.0,-0.0,0,0
196,0.0,0.0059405940594059415,0.03395332316729158,1.0,-0.0,0,0
197,0.0,0.0059405940594059415,0.03395332316729158,1.0,-0.0,0,0
198,0.0,0.0059405940594059415,0.03395332316729158,1.0,-0.0,0,0
199,0.0,0.011881188118811883,0.04727657974777555,1.0,-0.0,0,0
200,0.0,0.011881188118811883,0.04727657974777555,1.0,-0.0,0,0
201,0.0,0.021782178217821784,0.06230547612891991,1.0,-0.0,0,0
202,0.0,0.021782178217821784,0.06230547612891991,1.0,-0.0,0,0
203,0.0,0.04356435643564357,0.09164702150816742,1.0,-0.0,0,0
204,0.0,0.14455445544554454,0.16914183369554553,1.0,-0.0,0,0
205,0.0,0.15445544554455445,0.17773311423617325,1.0,-0.0,0,0
206,0.0,0.14455445544554452,0.16678393417224213,1.0,-0.0,0,0
207,0.0,0.17029702970297025,0.1853786889262329,1.0,-0.0,0,0
208,0.0,0.2693069306930693,0.22766249740403607,1.0,-0.0,0,0
209,0.0,0.16435643564356436,0.18325125229717662,1.0,-0.0,0,0
210,0.0,0.1821782178217822,0.1972062495766079,1.0,-0.0,0,0
211,0.0,0.2356435643564357,0.21135309408516964,1.0,-0.0,0,0
212,0.0,0.2099009900990099,0.19776220869301223,1.0,-0.0,0,0
213,0.0,0.08712871287128714,0.1207758469859557,1.0,-0.0,0,0
214,0.0,0.09504950495049505,0.13078304733432375,1.0,-0.0,0,0
215,0.0,0.12475247524752477,0.16131019290626772,1.0,-0.0,0,0
216,0.0,0.12277227722772277,0.15407416763506465,1.0,-0.0,0,0
217,0.0,0.12277227722772277,0.15407416763506465,1.0,-0.0,0,0
218,0.0,0.12277227722772277,0.15407416763506465,1.0,-0.0,0,0
219,0.0,0.14653465346534653,0.18431804005101143,1.0,-0.0,0,0
220,0.0,0.08910891089108909,0.13923481846532235,1.0,-0.0,0,0
221,0.0,0.031683168316831684,0.08316831683168316,1.0,-0.0,0,0
222,0.0,0.031683168316831684,0.08316831683168316,1.0,-0.0,0,0
223,0.0,0.031683168316831684,0.08316831683168316,1.0,-0.0,0,0
224,0.0,0.0,0.0,1.0,-0.0,0,0
225,0.0,0.0,0.0,1.0,-0.0,0,0
226,0.0,0.0,0.0,1.0,-0.0,0,0
227,0.0,0.0,0.0,1.0,-0.0,0,0
228,0.0,0.03762376237623763,0.08307396817189318,1.0,-0.0,0,0
229,0.0,0.03762376237623763,0.08307396817189318,1.0,-0.0,0,0
230,0.0,0.03762376237623763,0.08307396817189318,1.0,-0.0,0,0
231,0.0,0.04950495049504951,0.0991286416695749,1.0,-0.0,0,0
232,0.0,0.05544554455445544,0.1019369320889802,1.0,-0.0,0,0
233,0.0,0.017821782178217824,0.05698017651460656,1.0,-0.0,0,0
234,0.0,0.0297029702970297,0.07112192077650681,1.0,-0.0,0,0
235,0.0,0.04950495049504951,0.09504950495049506,1.0,-0.0,0,0
236,0.0,0.03762376237623762,0.08307396817189318,1.0,-0.0,0,0
237,0.0,0.17227722772277226,0.19706701472672838,1.0,-0.0,0,0
238,0.0,0.35445544554455444,0.2577606351726413,1.0,-0.0,0,0
239,0.0,0.36435643564356435,0.2475960293415692,1.0,-0.0,0,0
240,0.0,0.5009900990099011,0.3154424990374634,1.0,-0.0,0,0
241,0.0,0.510891089108911,0.31650973741891747,1.0,-0.0,0,0
242,0.0,0.49900990099009906,0.2960114559948453,1.0,-0.0,0,0
243,0.0,0.31485148514851485,0.2491117442266737,1.0,-0.0,0,0
244,0.0,0.29306930693069305,0.236416072958217,1.0,-0.0,0,0
245,0.0,0.13663366336633664,0.15137833547418927,1.0,-0.0,0,0
246,0.0,0.12673267326732673,0.139937106883602,1.0,-0.0,0,0
247,0.0,0.0019801980198019802,0.019801980198019802,1.0,-0.0,0,0
248,0.0,0.0019801980198019802,0.019801980198019802,1.0,-0.0,0,0
249,0.0,0.05148514851485149,0.10011267057239238,1.0,-0.0,0,0
250,0.0,0.06534653465346535,0.1164113937164283,1.0,-0.0,0,0
251,0.0,0.08118811881188118,0.12951766673875512,1.0,-0.0,0,0
252,0.0,0.10495049504950496,0.14238160801780242,1.0,-0.0,0,0
253,0.0,0.11089108910891088,0.14481192315867106,1.0,-0.0,0,0
254,0.0,0.061386138613861385,0.10046456153636296,1.0,-0.0,0,0
255,0.0,0.04752475247524753,0.08512548617902843,1.0,-0.0,0,0
256,0.0,0.031683168316831684,0.0730260947112308,1.0,-0.0,0,0
257,0.0,0.0059405940594059415,0.03395332316729158,1.0,-0.0,0,0
258,0.0,0.0,0.0,1.0,-0.0,0,0
259,0.0,0.0,0.0,1.0,-0.0,0,0
260,0.0,0.0,0.0,1.0,-0.0,0,0
261,0.0,0.0,0.0,1.0,-0.0,0,0
262,0.0,0.0,0.0,1.0,-0.0,0,0
263,0.0,0.0,0.0,1.0,-0.0,0,0
264,0.0,0.0,0.0,1.0,-0.0,0,0
265,0.0,0.0,0.0,1.0,-0.0,0,0
266,0.0,0.0,0.0,1.0,-0.0,0,0
267,0.0,0.0,0.0,1.0,-0.0,0,0
268,0.0,0.0,0.0,1.0,-0.0,0,0
269,0.0,0.0,0.0,1.0,-0.0,0,0
270,0.0,0.0,0.0,1.0,-0.0,0,0
271,0.0,0.0,0.0,1.0,-0.0,0,0
272,0.0,0.0,0.0,1.0,-0.0,0,0
273,0.0,0.0,0.0,1.0,-0.0,0,0
274,0.0,0.0,0.0,1.0,-0.0,0,0
275,0.0,0.0,0.0,1.0,-0.0,0,0
276,0.0,0.0,0.0,1.0,-0.0,0,0
277,0.0,0.0,0.0,1.0,-0.0,0,0
278,0.0,0.0,0.0,1.0,-0.0,0,0
279,0.0,0.12178217821782175,0.13759170507754623,1.0,-0.0,0,0
280,0.0,0.12178217821782175,0.13759170507754623,1.0,-0.0,0,0
281,0.0,0.12178217821782175,0.13759170507754623,1.0,-0.0,0,0
282,0.0,0.12178217821782175,0.13759170507754623,1.0,-0.0,0,0
283,0.0,0.12178217821782175,0.13759170507754623,1.0,-0.0,0,0
284,0.0,0.0,0.0,1.0,-0.0,0,0
285,0.0,0.0,0.0,1.0,-0.0,0,0
286,0.0,0.0,0.0,1.0,-0.0,0,0
287,0.0,0.0,0.0,1.0,-0.0,0,0
288,0.0,0.0,0.0,1.0,-0.0,0,0
289,0.2,0.097029702970297,0.127780323207142,0.2101680035868297,0.6774334011688357,0,0
290,1.2,0.20198019801980197,0.19190560696373415,9.933562836012148e-08,7.002894956690831,0,0
291,1.2,0.20198019801980197,0.19190560696373415,9.933562836012148e-08,7.002894956690831,0,0
292,1.2,0.22376237623762377,0.19957802754687703,5.003302856433046e-07,6.300743207910756,0,0
293,1.2,0.22376237623762377,0.19957802754687703,5.003302856433046e-07,6.300743207910756,0,0
294,1.2,0.14653465346534653,0.15127468716660813,1.6546319556164747e-12,11.781298592474565,0,0
295,0.2,0.041584158415841586,0.09039772047931348,0.03984979219979861,1.3995739389282478,0,0
296,0.4,0.05346534653465347,0.10489443673781408,0.00047717209993902314,3.3213249572832413,0,0
297,0.4,0.031683168316831684,0.0730260947112308,2.283873330835405e-07,6.641327986785526,0,0
298,0.4,0.031683168316831684,0.0730260947112308,2.283873330835405e-07,6.641327986785526,0,0
299,0.2,0.011881188118811881,0.047276579747775535,3.4586556520905853e-05,4.461092674713385,0,0
300,0.2,0.011881188118811881,0.047276579747775535,3.4586556520905853e-05,4.461092674713385,0,0
301,0.0,0.0,0.0,1.0,-0.0,0,0
302,0.0,0.011881188118811881,0.047276579747775535,1.0,-0.0,0,0
303,0.0,0.011881188118811881,0.047276579747775535,1.0,-0.0,0,0
304,0.0,0.023762376237623766,0.07056843438101174,1.0,-0.0,0,0
305,0.2,0.03762376237623763,0.08771182015980238,0.03206701867154286,1.4939414153345645,0,0
306,0.2,0.06534653465346535,0.11976515267356391,0.130440226039647,0.8845884572772558,0,0
307,0.4,0.10891089108910891,0.1503125521928582,0.02639964378966521,1.5784019330251113,0,0
308,0.4,0.15247524752475247,0.18053499120857794,0.08517774018888892,1.06967388617486,0,0
309,0.4,0.1861386138613861,0.20345028972738727,0.14658964433006838,0.8338967088842589,0,0
310,0.2,0.24158415841584158,0.22217080519217025,1.0,-0.0,0,0
311,0.2,0.24158415841584152,0.20550219903555808,1.0,-0.0,0,0
312,0.0,0.1861386138613861,0.187230838076401,1.0,-0.0,0,0
313,0.0,0.18019801980198016,0.1791176404070512,1.0,-0.0,0,0
314,0.0,0.1584158415841584,0.1497637259500122,1.0,-0.0,0,0
315,0.0,0.08712871287128712,0.12077584698595571,1.0,-0.0,0,0
316,0.0,0.05940594059405942,0.0996808946427978,1.0,-0.0,0,0
317,0.0,0.05940594059405942,0.0996808946427978,1.0,-0.0,0,0
318,0.0,0.07722772277227724,0.11593886073904516,1.0,-0.0,0,0
319,0.0,0.05346534653465347,0.09287951999650358,1.0,-0.0,0,0
320,0.0,0.21386138613861383,0.19951907671778216,1.0,-0.0,0,0
321,0.0,0.21386138613861383,0.19951907671778216,1.0,-0.0,0,0
322,0.0,0.21386138613861383,0.19951907671778216,1.0,-0.0,0,0
323,0.0,0.17029702970297025,0.1916807135101792,1.0,-0.0,0,0
324,0.2,0.18415841584158413,0.20036238123787672,0.46849059515104974,0.329299123057952,0,0
325,0.2,0.16831683168316827,0.16586448785245092,0.42425559055206075,0.37237242613482685,0,0
326,1.0,0.30099009900990104,0.24474478503731287,0.0021445568984911627,2.66866242675159,0,0
327,1.0,0.38811881188118813,0.27260646161351326,0.01239824029750807,1.9066399505888627,0,0
328,1.0,0.394059405940594,0.2778352607472611,0.01459411895482084,1.8358221181894399,0,0
329,0.8,0.40594059405940597,0.26914671996324574,0.07158245430875894,1.1451934152715546,0,0
330,0.8,0.26138613861386134,0.21200144639414265,0.00553289922133745,2.2570472401447192,0,0
331,0.0,0.1306930693069307,0.1500775867049221,1.0,-0.0,0,0
332,0.0,0.0613861386138614,0.10046456153636296,1.0,-0.0,0,0
333,0.0,0.10693069306930691,0.14776046024695155,1.0,-0.0,0,0
334,0.0,0.1287128712871287,0.15564406822280066,1.0,-0.0,0,0
335,0.0,0.194059405940594,0.19590954781832295,1.0,-0.0,0,0
336,0.0,0.19207920792079203,0.19482572477225887,1.0,-0.0,0,0
337,0.0,0.1742574257425742,0.19225265211912826,1.0,-0.0,0,0
338,0.2,0.17623762376237626,0.18939639130642924,0.4500782217460281,0.3467120010680786,0,0
339,0.2,0.15247524752475247,0.17382935720677029,0.3922733048188036,0.4064112456924467,0,0
340,0.2,0.08712871287128712,0.1332483472575107,0.19847677780780143,0.7022902992782224,0,0
341,0.2,0.08712871287128712,0.1332483472575107,0.19847677780780143,0.7022902992782224,0,0
342,0.2,0.08712871287128712,0.1332483472575107,0.19847677780780143,0.7022902992782224,0,0
343,0.0,0.023762376237623763,0.07056843438101174,1.0,-0.0,0,0
344,0.0,0.0,0.0,1.0,-0.0,0,0
345,0.0,0.0,0.0,1.0,-0.0,0,0
346,0.0,0.0,0.0,1.0,-0.0,0,0
347,0.0,0.0,0.0,1.0,-0.0,0,0
348,0.0,0.0,0.0,1.0,-0.0,0,0
349,0.0,0.0,0.0,1.0,-0.0,0,0
350,0.0,0.007920792079207921,0.03900537743285587,1.0,-0.0,0,0
351,0.0,0.06732673267326733,0.1135467024699521,1.0,-0.0,0,0
352,0.0,0.06732673267326733,0.1135467024699521,1.0,-0.0,0,0
353,0.0,0.06732673267326733,0.1135467024699521,1.0,-0.0,0,0
354,0.2,0.10099009900990098,0.14246420394934614,0.2435336350202682,0.6134410488439428,0,0
355,0.2,0.09306930693069307,0.1306930693069307,0.2066266877468202,0.6848135860465707,0,0
356,0.4,0.10693069306930694,0.14505541839059363,0.021671192643179613,1.6641171872450655,0,0
357,0.4,0.10693069306930694,0.14505541839059363,0.021671192643179613,1.6641171872450655,0,0
358,0.6,0.14455445544554454,0.16439221845954266,0.002798676888467422,2.553047238602693,0,0
359,0.4,0.10891089108910891,0.14218869759220787,0.02031908518836036,1.6920958488778115,0,0
360,0.4,0.10891089108910891,0.14218869759220787,0.02031908518836036,1.6920958488778115,0,0
361,0.2,0.03564356435643565,0.09074407316744236,0.03505429232785737,1.4552587959521426,0,0
362,0.4,0.07722772277227723,0.13191745702927898,0.0072070483980578295,2.1422425614789407,0,0
363,0.2,0.04158415841584158,0.10270338597932628,0.06148095284459771,1.211259410333903,0,0
364,0.2,0.04158415841584158,0.10270338597932628,0.06148095284459771,1.211259410333903,0,0
365,0.2,0.04158415841584158,0.10270338597932628,0.06148095284459771,1.211259410333903,0,0
366,0.2,0.05148514851485149,0.10773441987117183,0.08402025455510505,1.0756160070195218,0,0
367,0.0,0.06336633663366337,0.10874875419996817,1.0,-0.0,0,0
368,0.0,0.06336633663366337,0.10874875419996817,1.0,-0.0,0,0
369,0.0,0.06336633663366337,0.10874875419996817,1.0,-0.0,0,0
370,0.0,0.07326732673267328,0.11848138852793338,1.0,-0.0,0,0
371,0.0,0.06336633663366337,0.11233152161332939,1.0,-0.0,0,0
372,0.0,0.009900990099009901,0.04338396495090424,1.0,-0.0,0,0
373,0.0,0.0297029702970297,0.07648795214189293,1.0,-0.0,0,0
374,0.0,0.04356435643564357,0.09164702150816742,1.0,-0.0,0,0
375,0.0,0.05148514851485149,0.10399339410297728,1.0,-0.0,0,0
376,0.0,0.11683168316831682,0.14146987009498416,1.0,-0.0,0,0
377,0.2,0.14059405940594058,0.14770737583343774,0.34377331843294273,0.4637278336030419,0,0
378,0.4,0.16633663366336635,0.16184409300358457,0.07440382360350413,1.1284047455396877,0,0
379,0.4,0.1900990099009901,0.16739409271610342,0.10493316521224573,0.9790872268469855,0,0
380,0.6,0.22772277227722768,0.17126137275595765,0.01486243623466469,1.827909995652826,0,0
381,0.8,0.19603960396039602,0.17344545299372824,0.00024871688559298887,3.6042947291212157,0,0
382,0.8,0.3108910891089109,0.2555913314893078,0.027833306477457007,1.555435198279097,0,0
383,0.6,0.300990099009901,0.2708604000912905,0.13481256923726725,0.8702696145076281,0,0
384,0.6,0.3366336633663367,0.2882939823390637,0.1804808967247491,0.7435687598862307,0,0
385,0.6,0.33069306930693076,0.26013803428691196,0.15027695669895785,0.8231076085396634,0,0
386,0.4,0.35841584158415846,0.26147613212267823,0.436820194767995,0.35969729183819754,0,0
387,0.2,0.21980198019801975,0.198019801980198,1.0,-0.0,0,0
388,0.6,0.27326732673267323,0.2174975083999363,0.06651803410244907,1.1770605945558659,0,0
389,0.6,0.19999999999999998,0.19088122894710324,0.018061333946441983,1.7432501773788303,0,0
390,0.4,0.17623762376237626,0.18301572450512466,0.11073281723484675,0.9557236507395712,0,0
391,0.4,0.11485148514851487,0.1550382505430763,0.03294186103467404,1.4822518692142714,0,0
392,0.6,0.2594059405940594,0.2207898592438235,0.06146193737987523,1.2113937541979618,0,0
393,0.4,0.33663366336633666,0.2500387186956768,0.39996948152966777,0.39797314494429264,0,0
394,0.4,0.3524752475247525,0.25196025908780173,0.425195315149565,0.3714115292284708,0,0
395,0.4,0.3267326732673267,0.24164907421935525,0.3808697849826728,0.4192234792576291,0,0
396,0.4,0.3445544554455445,0.24715219487320772,0.4112472880205061,0.3858969529972586,0,0
397,0.2,0.20396039603960395,0.19896802672602726,1.0,-0.0,0,0
398,0.0,0.06534653465346536,0.1129581045303102,1.0,-0.0,0,0
399,0.0,0.0712871287128713,0.11461224656227947,1.0,-0.0,0,0
400,0.0,0.11287128712871287,0.14464936528910635,1.0,-0.0,0,0
401,0.0,0.12277227722772276,0.15148191286261609,1.0,-0.0,0,0
402,0.2,0.1861386138613861,0.19752413211148517,0.47202692392949364,0.3260332289495393,0,0
403,0.2,0.1584158415841584,0.18307998940714806,0.41015877929826944,0.3870479880993875,0,0
404,0.2,0.13861386138613863,0.17290201942925207,0.36128196672904017,0.442153715557704,0,0
405,0.2,0.09702970297029703,0.14243667729389659,0.2348645731342126,0.6291824870650918,0,0
406,0.2,0.06930693069306931,0.12722675963729912,0.1521525260030101,0.8177208331838148,0,0
407,0.0,0.0059405940594059415,0.033953323167291584,1.0,-0.0,0,0
408,0.0,0.0059405940594059415,0.033953323167291584,1.0,-0.0,0,0
409,0.0,0.0019801980198019802,0.0198019801980198,1.0,-0.0,0,0
410,0.2,0.019801980198019802,0.0597350618970232,0.0012780474741147156,2.893453013655617,0,0
411,0.2,0.019801980198019802,0.0597350618970232,0.0012780474741147156,2.893453013655617,0,0
412,0.2,0.017821782178217824,0.056980176514606566,0.0006937928196726553,3.15877019915046,0,0
413,0.4,0.041584158415841586,0.08116396646304633,5.028416963610415e-06,5.298568717166065,0,0
414,0.8,0.10891089108910891,0.1503125521928582,2.1361010387159672e-06,5.670378208797508,0,0
415,0.6,0.09108910891089109,0.1503125521928582,0.00035500470225387887,3.4497658944114207,0,0
416,0.6,0.09108910891089109,0.1503125521928582,0.00035500470225387887,3.4497658944114207,0,0
417,0.6,0.09702970297029703,0.15571962971356437,0.0006190081894062909,3.2083036052764324,0,0
418,0.4,0.07524752475247526,0.1374491377352735,0.009070925772710492,2.0423483868691132,0,0
419,0.0,0.007920792079207921,0.03900537743285587,1.0,-0.0,0,0
420,0.0,0.04554455445544555,0.08846854615322249,1.0,-0.0,0,0
421,0.0,0.04554455445544555,0.08846854615322249,1.0,-0.0,0,0
422,0.0,0.06930693069306931,0.11057238501634628,1.0,-0.0,0,0
423,0.0,0.06732673267326734,0.11000352009767249,1.0,-0.0,0,0
424,0.4,0.13663366336633662,0.1460521894224616,0.0356757026527875,1.447627464457936,0,0
425,0.4,0.12277227722772274,0.14884451859775158,0.03126404885921342,1.5049547792487379,0,0
426,0.4,0.1287128712871287,0.1556440682228007,0.04066707799273191,1.390757031362857,0,0
427,0.4,0.09900990099009899,0.1396566153069739,0.015572488104012978,1.8076419922158053,0,0
428,0.4,0.1069306930693069,0.14776046024695155,0.02366092655151797,1.6259682525934427,0,0
429,0.0,0.05742574257425742,0.10277971700879983,1.0,-0.0,0,0
430,0.0,0.031683168316831684,0.08316831683168316,1.0,-0.0,0,0
431,0.0,0.025742574257425745,0.07791016068477624,1.0,-0.0,0,0
432,0.0,0.025742574257425745,0.07791016068477624,1.0,-0.0,0,0
433,0.0,0.017821782178217824,0.05698017651460656,1.0,-0.0,0,0
434,0.0,0.0,0.0,1.0,-0.0,0,0
435,0.0,0.025742574257425748,0.07264925278354116,1.0,-0.0,0,0
436,0.0,0.025742574257425748,0.07264925278354116,1.0,-0.0,0,0
437,0.2,0.03564356435643565,0.08626938974571076,0.028380055950301422,1.5469867526811094,0,0
438,0.2,0.03564356435643565,0.08626938974571076,0.028380055950301422,1.5469867526811094,0,0
439,0.2,0.03564356435643565,0.08626938974571076,0.028380055950301422,1.5469867526811094,0,0
440,0.2,0.009900990099009901,0.04338396495090424,5.885669548817485e-06,5.230204125035219,0,0
441,0.2,0.009900990099009901,0.04338396495090424,5.885669548817485e-06,5.230204125035219,0,0
442,0.0,0.0,0.0,1.0,-0.0,0,0
443,0.2,0.009900990099009901,0.04338396495090424,5.885669548817485e-06,5.230204125035219,0,0
444,0.4,0.021782178217821784,0.07910884893242842,8.722137450202253e-07,6.059377073659609,0,0
445,0.4,0.039603960396039604,0.09342674148186494,5.727036148207476e-05,4.242070075675305,0,0
446,0.4,0.039603960396039604,0.09342674148186494,5.727036148207476e-05,4.242070075675305,0,0
447,0.4,0.039603960396039604,0.09342674148186494,5.727036148207476e-05,4.242070075675305,0,0
448,0.4,0.12475247524752475,0.15376846462033406,0.036725924312143894,1.4350272651466338,0,0
449,0.2,0.1188118811881188,0.15460769343321296,0.2997487024529848,0.5232426881915103,0,0
450,0.6,0.1188118811881188,0.14399729871443837,0.0004164147513299586,3.380473894176564,0,0
451,0.6,0.20792079207920788,0.19482572477225887,0.022085672454221304,1.6558893730090944,0,0
452,0.6,0.20792079207920788,0.19482572477225887,0.022085672454221304,1.6558893730090944,0,0
453,0.4,0.1267326732673267,0.1427391785420998,0.027781204014052988,1.5562489362323761,0,0
454,0.4,0.11881188118811879,0.14399729871443837,0.0254256857888514,1.5947273243325633,0,0
455,0.0,0.13069306930693064,0.1500775867049221,1.0,-0.0,0,0
456,0.2,0.04554455445544554,0.09283729243351323,0.048083999170693,1.3179994190099729,0,0
457,0.2,0.04554455445544554,0.09283729243351323,0.048083999170693,1.3179994190099729,0,0
458,0.2,0.03564356435643565,0.08154954567118416,0.021930426384501912,1.6589529244266183,0,0
459,0.2,0.03564356435643565,0.08154954567118416,0.021930426384501912,1.6589529244266183,0,0
460,0.4,0.05544554455445546,0.09384550979067553,0.00012056218946056165,3.918788873649578,0,0
461,0.2,0.051485148514851496,0.09186070102766894,0.0529672293593788,1.275992743798466,0,0
462,0.4,0.08316831683168316,0.12353642740976017,0.005163516382656358,2.2870544407238302,0,0
463,0.4,0.09702970297029702,0.13383560593042218,0.01179476052120518,1.928310872529548,0,0
464,0.4,0.1168316831683168,0.14696218071508493,0.027001606595058104,1.5686103945591476,0,0
465,0.2,0.08316831683168317,0.12353642740976017,0.17214403052095056,0.7641080328301242,0,0
466,0.4,0.2475247524752475,0.20900237310033676,0.23283620734746635,0.6329494835216788,0,0
467,0.2,0.300990099009901,0.2314376290485066,1.0,-0.0,0,0
468,0.2,0.29504950495049503,0.2347850239053802,1.0,-0.0,0,0
469,0.2,0.3920792079207921,0.2741984423830909,1.0,-0.0,0,0
470,0.2,0.4792079207920792,0.3134973057768443,1.0,-0.0,0,0
471,0.0,0.3287128712871287,0.2226468293652734,1.0,-0.0,0,0
472,0.0,0.24356435643564353,0.19418060470702989,1.0,-0.0,0,0
473,0.0,0.2316831683168317,0.19032577234227777,1.0,-0.0,0,0
474,0.0,0.14059405940594058,0.15806892707703052,1.0,-0.0,0,0
475,0.2,0.06930693069306931,0.12722675963729912,0.1521525260030101,0.8177208331838148,0,0
476,0.4,0.16237623762376235,0.19642925572494643,0.11319379864540298,0.9461773654432837,0,0
477,0.6,0.2118811881188119,0.21585066744444442,0.036081415450513535,1.4427164337052152,0,0
478,0.6,0.2217821782178218,0.2196324384038381,0.04253032091974952,1.3713013402309446,0,0
479,0.6,0.20396039603960398,0.2029099161576158,0.025480968483881664,1.5937840693032386,0,0
480,0.8,0.22574257425742572,0.20808103207694084,0.00289203381606915,2.5387966332148615,0,0
481,0.6,0.12871287128712872,0.16550949460567813,0.0022032531054411416,2.6569356090760343,0,0
482,0.4,0.20396039603960395,0.20485241829915377,0.16928875291983858,0.7713718942661736,0,0
483,1.0,0.2930693069306931,0.22614173499259319,0.000885852834862917,3.0526384206812858,0,0
484,1.4,0.3465346534653465,0.25623486922173166,1.966957562752605e-05,4.706205009913498,0,0
485,1.0,0.2930693069306931,0.24138930626013108,0.001702507471375973,2.768910973529575,0,0
486,1.0,0.30297029702970296,0.23649898814785927,0.0016028927268788228,2.795095541702934,0,0
487,1.0,0.19207920792079206,0.19071681786668523,1.136506836569309e-05,4.944427947466159,0,0
488,0.4,0.09108910891089109,0.13937555924568534,0.013332329485896173,1.8750939620278295,0,0
489,0.0,0.03762376237623762,0.09211646217515253,1.0,-0.0,0,0
490,0.0,0.03762376237623762,0.09211646217515253,1.0,-0.0,0,0
491,0.0,0.03564356435643565,0.07653920035678292,1.0,-0.0,0,0
492,0.0,0.023762376237623766,0.06471340450838887,1.0,-0.0,0,0
493,0.0,0.023762376237623766,0.06471340450838887,1.0,-0.0,0,0
494,0.0,0.017821782178217824,0.056980176514606566,1.0,-0.0,0,0
495,0.0,0.04752475247524753,0.09397077637785879,1.0,-0.0,0,0
496,0.0,0.02970297029702971,0.07112192077650681,1.0,-0.0,0,0
497,0.0,0.02970297029702971,0.07112192077650681,1.0,-0.0,0,0
498,0.0,0.047524752475247525,0.0939707763778588,1.0,-0.0,0,0
499,0.0,0.047524752475247525,0.0939707763778588,1.0,-0.0,0,0
500,0.0,0.017821782178217824,0.05698017651460656,1.0,-0.0,0,0
501,0.0,0.017821782178217824,0.05698017651460656,1.0,-0.0,0,0
502,0.0,0.017821782178217824,0.05698017651460656,1.0,-0.0,0,0
503,0.0,0.0,0.0,1.0,-0.0,0,0
504,0.0,0.0,0.0,1.0,-0.0,0,0
505,0.0,0.0,0.0,1.0,-0.0,0,0
506,0.0,0.009900990099009901,0.04338396495090424,1.0,-0.0,0,0
507,0.2,0.04554455445544555,0.09283729243351323,0.04808399917069303,1.3179994190099724,0,0
508,0.8,0.12475247524752475,0.17542364031960475,5.9242669272202375e-05,4.22736538188493,0,0
509,0.8,0.1673267326732673,0.2120661726032511,0.0014254346218163195,2.8460526970044944,0,0
510,1.4,0.37425742574257426,0.2415516939719114,1.0858131345815844e-05,4.964244909188165,0,0
511,2.2,0.48712871287128723,0.2916879406491216,2.1492974022664315e-09,8.667703486217846,0,0
512,2.0,0.5316831683168318,0.2941444021576049,2.990600681111841e-07,6.524241572113177,0,0
513,1.4,0.5801980198019802,0.3215124535968412,0.005388778650253447,2.268509655139883,0,0
514,1.4,0.6158415841584158,0.3477602090855609,0.012070351964242033,1.9182800659507433,0,0
515,0.8,0.4198019801980198,0.30377812447075564,0.10536423651020622,0.9773067754796898,0,0
516,0.0,0.3168316831683169,0.2552689542348949,1.0,-0.0,0,0
517,0.4,0.31584158415841584,0.25668591327289075,0.3715067381855193,0.4300333048367825,0,0
518,0.8,0.2495049504950495,0.2223295931613572,0.006642595039346198,2.1776622231776255,0,0
519,0.8,0.17227722772277224,0.18245781385805057,0.00029045746286098905,3.5369174605108404,0,0
520,0.8,0.19603960396039602,0.21430097835197912,0.002414076035300091,2.6172490552033683,0,0
521,0.8,0.17425742574257425,0.20229057883757837,0.000989766994600552,3.004467032543298,0,0
522,0.4,0.09504950495049502,0.13957235791450373,0.014448391830827623,1.840180489091837,0,0
523,0.0,0.033663366336633666,0.08475617647141663,1.0,-0.0,0,0
524,0.0,0.033663366336633666,0.08475617647141663,1.0,-0.0,0,0
525,0.0,0.0,0.0,1.0,-0.0,0,0
526,0.0,0.0,0.0,1.0,-0.0,0,0
527,0.0,0.0,0.0,1.0,-0.0,0,0
528,0.0,0.011881188118811881,0.047276579747775535,1.0,-0.0,0,0
529,0.2,0.04356435643564357,0.09587103712404123,0.05136819286808966,1.2893057124773695,0,0
530,0.2,0.04356435643564357,0.09587103712404123,0.05136819286808966,1.2893057124773695,0,0
531,0.2,0.04356435643564357,0.09587103712404123,0.05136819286808966,1.2893057124773695,0,0
532,0.4,0.04752475247524753,0.10205226714237721,0.0002763020078463148,3.5586159591174855,0,0
533,0.4,0.04554455445544555,0.09700949476369022,0.00012918260692340773,3.8887959555799343,0,0
534,0.2,0.01386138613861386,0.05079507064705211,0.00012391038159364294,3.90689230556944,0,0
535,0.2,0.01386138613861386,0.05079507064705211,0.00012391038159364294,3.90689230556944,0,0
536,0.4,0.04950495049504951,0.09078727434730813,5.655013932087107e-05,4.247566320779003,0,0
537,0.2,0.05544554455445545,0.10575073206193022,0.08582272375636786,1.066397706377696,0,0
538,0.2,0.0712871287128713,0.12768822926854262,0.1567213356257638,0.8048718758110013,0,0
539,0.2,0.0712871287128713,0.12768822926854262,0.1567213356257638,0.8048718758110013,0,0
540,0.6,0.09504950495049506,0.14513649268759363,0.00025151080500886424,3.5994433527355763,0,0
541,0.4,0.07326732673267328,0.12498799079651089,0.004472978287871677,2.349403209915965,0,0
542,0.4,0.06336633663366338,0.11580349716604711,0.0018249237780268576,2.7387552700971676,0,0
543,0.4,0.03762376237623763,0.08771182015980238,1.802478650994888e-05,4.74412987046985,0,0
544,0.4,0.03762376237623763,0.08771182015980238,1.802478650994888e-05,4.74412987046985,0,0
545,0.0,0.01386138613861386,0.05079507064705211,1.0,-0.0,0,0
546,0.0,0.0,0.0,1.0,-0.0,0,0
547,0.0,0.0,0.0,1.0,-0.0,0,0
548,0.0,0.0,0.0,1.0,-0.0,0,0
549,0.0,0.0,0.0,1.0,-0.0,0,0
550,0.0,0.0,0.0,1.0,-0.0,0,0
551,0.0,0.0,0.0,1.0,-0.0,0,0
552,0.0,0.0,0.0,1.0,-0.0,0,0
553,0.0,0.0,0.0,1.0,-0.0,0,0
554,0.0,0.0,0.0,1.0,-0.0,0,0
555,0.0,0.0,0.0,1.0,-0.0,0,0
556,0.0,0.0,0.0,1.0,-0.0,0,0
557,0.2,0.04158415841584158,0.09039772047931349,0.03984979219979861,1.3995739389282478,0,0
558,0.2,0.06732673267326733,0.11000352009767247,0.11389293410569636,0.9435032186258506,0,0
559,0.2,0.06732673267326733,0.11000352009767247,0.11389293410569636,0.9435032186258506,0,0
560,0.4,0.10693069306930691,0.12762679639066946,0.010829390698180565,1.9653959777109684,0,0
561,0.8,0.2079207920792079,0.1886288032334235,0.0008480353207983187,3.0715860589362665,0,0
562,0.6,0.31287128712871287,0.2427822910731739,0.11847211784382163,0.9263838478933824,0,0
563,0.8,0.36831683168316837,0.24329857510348782,0.03800727770644292,1.4201332358799164,0,0
564,1.0,0.3742574257425743,0.2464213028219401,0.0055534070736414,2.2554404908788577,0,0
565,0.8,0.3346534653465346,0.24064091138159702,0.026570103413351403,1.5756067552713007,0,0
566,0.4,0.24950495049504945,0.21691982475452126,0.24390949568384807,0.612771291761622,0,0
567,0.4,0.12277227722772276,0.15148191286261606,0.0336171608555535,1.473438967780327,0,0
568,0.4,0.0712871287128713,0.12454800153280307,0.004154527562924104,2.381478355389047,0,0
569,0.4,0.08712871287128714,0.15002532217723416,0.01851394024634236,1.7325011422879304,0,0
570,0.6,0.1584158415841584,0.1852305637016803,0.008563492791277775,2.067349063525258,0,0
571,0.8,0.3485148514851485,0.2649916349832888,0.04421190872348831,1.3544607352595985,0,0
572,0.8,0.3485148514851485,0.27090382692534953,0.04779814842382036,1.3205889265027846,0,0
573,0.6,0.3188118811881188,0.2642804058725207,0.1436696919540434,0.8426348394189267,0,0
574,0.4,0.42772277227722766,0.31969007636610797,1.0,-0.0,0,0
575,0.2,0.4138613861386139,0.29951436037914136,1.0,-0.0,0,0
576,0.0,0.27326732673267323,0.2383487290824725,1.0,-0.0,0,0
577,0.0,0.2514851485148515,0.2245408346227847,1.0,-0.0,0,0
578,0.0,0.2514851485148515,0.2245408346227847,1.0,-0.0,0,0
579,0.0,0.19801980198019797,0.20965799497134932,1.0,-0.0,0,0
580,0.0,0.14059405940594058,0.18357193956161247,1.0,-0.0,0,0
581,0.0,0.07524752475247526,0.12219602867755655,1.0,-0.0,0,0
582,0.0,0.07524752475247526,0.12219602867755655,1.0,-0.0,0,0
583,0.0,0.07524752475247526,0.12219602867755655,1.0,-0.0,0,0
584,0.0,0.0,0.0,1.0,-0.0,0,0
585,0.0,0.0,0.0,1.0,-0.0,0,0
586,0.0,0.0,0.0,1.0,-0.0,0,0
587,0.0,0.0,0.0,1.0,-0.0,0,0
588,0.0,0.0,0.0,1.0,-0.0,0,0
589,0.0,0.0,0.0,1.0,-0.0,0,0
590,0.0,0.0,0.0,1.0,-0.0,0,0
591,0.0,0.0,0.0,1.0,-0.0,0,0
592,0.0,0.0,0.0,1.0,-0.0,0,0
593,0.0,0.0,0.0,1.0,-0.0,0,0
594,0.0,0.0,0.0,1.0,-0.0,0,0
595,0.0,0.0,0.0,1.0,-0.0,0,0
596,0.0,0.0,0.0,1.0,-0.0,0,0
597,0.0,0.0,0.0,1.0,-0.0,0,0
598,0.0,0.0,0.0,1.0,-0.0,0,0
599,0.0,0.0,0.0,1.0,-0.0,0,0
600,0.0,0.0,0.0,1.0,-0.0,0,0
601,0.0,0.0,0.0,1.0,-0.0,0,0
602,0.0,0.0,0.0,1.0,-0.0,0,0
603,0.0,0.0297029702970297,0.07648795214189293,1.0,-0.0,0,0
604,0.0,0.03564356435643565,0.08154954567118416,1.0,-0.0,0,0
605,0.0,0.05148514851485149,0.1001126705723924,1.0,-0.0,0,0
606,0.2,0.09504950495049505,0.13078304733432375,0.21113830602558958,0.6754329671360484,0,0
607,0.4,0.11683168316831682,0.14146987009498416,0.02266303813730279,1.6446818703851787,0,0
608,0.4,0.0871287128712871,0.13024224675172555,0.008147822823121029,2.0889584234344496,0,0
609,0.4,0.08118811881188118,0.12325042629382527,0.004844995465889865,2.3147066250404467,0,0
610,0.4,0.07326732673267328,0.10798889666879985,0.0012406459186268925,2.906352148822171,0,0
611,0.2,0.04356435643564357,0.10380469245212799,0.06590289387387757,1.1810955146038307,0,0
612,0.0,0.03564356435643565,0.08626938974571076,1.0,-0.0,0,0
613,0.0,0.09306930693069305,0.11795067415315191,1.0,-0.0,0,0
614,0.0,0.12475247524752472,0.1485280522186073,1.0,-0.0,0,0
615,0.0,0.11683168316831684,0.14696218071508493,1.0,-0.0,0,0
616,0.0,0.14059405940594058,0.15806892707703055,1.0,-0.0,0,0
617,0.0,0.15247524752475247,0.16921136785416444,1.0,-0.0,0,0
618,0.0,0.10099009900990098,0.14246420394934614,1.0,-0.0,0,0
619,0.0,0.06930693069306931,0.12407485305204392,1.0,-0.0,0,0
620,0.0,0.06930693069306931,0.12407485305204392,1.0,-0.0,0,0
621,0.0,0.033663366336633666,0.08930671115865095,1.0,-0.0,0,0
622,0.0,0.05742574257425742,0.10277971700879983,1.0,-0.0,0,0
623,0.0,0.06930693069306931,0.11751770396006173,1.0,-0.0,0,0
624,0.2,0.07326732673267328,0.12177815335858848,0.1490109298067544,0.8267818753416016,0,0
625,0.2,0.07326732673267328,0.12177815335858848,0.1490109298067544,0.8267818753416016,0,0
626,0.2,0.13267326732673265,0.14698885988036148,0.32346196122332527,0.49017678455367025,0,0
627,0.4,0.1504950495049505,0.1551899266764091,0.05394613921542792,1.2680396311929925,0,0
628,0.4,0.1485148514851485,0.15065129981473455,0.04752704145418252,1.3230592195809807,0,0
629,0.2,0.14455445544554454,0.1492391578726081,0.35512460070634777,0.4496192415791163,0,0
630,0.4,0.2415841584158416,0.2035658974399429,0.21822431304032136,0.6610968649712258,0,0
631,0.4,0.2178217821782178,0.1972062495766079,0.17779643639182957,0.7500769479264011,0,0
632,0.2,0.16435643564356434,0.16744093589393827,0.41571322089895313,0.3812061634366341,0,0
633,0.2,0.19603960396039602,0.18016537621852313,0.491231155356985,0.3087140967314335,0,0
634,0.2,0.23960396039603957,0.1970471160025168,1.0,-0.0,0,0
635,0.0,0.14257425742574256,0.16249693654596944,1.0,-0.0,0,0
636,0.0,0.1069306930693069,0.14776046024695155,1.0,-0.0,0,0
637,0.2,0.13267326732673268,0.16235208707144264,0.339182294566831,0.4695668261459117,0,0
638,0.2,0.08316831683168316,0.12978985828256587,0.1840174638895371,0.7351409589961647,0,0
639,0.2,0.03960396039603961,0.08452453849668534,0.028872622852877186,1.5395137620565469,0,0
640,0.2,0.041584158415841586,0.08590499787518362,0.03258561123651815,1.4869741281544258,0,0
641,0.2,0.041584158415841586,0.08590499787518362,0.03258561123651815,1.4869741281544258,0,0
642,0.0,0.0019801980198019802,0.0198019801980198,1.0,-0.0,0,0
643,0.2,0.0059405940594059415,0.03395332316729158,5.469865928325192e-09,8.262023318511567,0,0
644,0.2,0.0059405940594059415,0.03395332316729158,5.469865928325192e-09,8.262023318511567,0,0
645,0.2,0.0039603960396039604,0.027863855998951064,9.918686161641043e-13,12.003545851085576,0,0
646,0.2,0.0039603960396039604,0.027863855998951064,9.918686161641043e-13,12.003545851085576,0,0
647,0.2,0.0039603960396039604,0.027863855998951064,9.918686161641043e-13,12.003545851085576,0,0
648,0.0,0.017821782178217824,0.05698017651460656,1.0,-0.0,0,0
649,0.0,0.017821782178217824,0.05698017651460656,1.0,-0.0,0,0
650,0.0,0.017821782178217824,0.05698017651460656,1.0,-0.0,0,0
651,0.0,0.017821782178217824,0.05698017651460656,1.0,-0.0,0,0
652,0.0,0.017821782178217824,0.05698017651460656,1.0,-0.0,0,0
653,0.0,0.0,0.0,1.0,-0.0,0,0
654,0.0,0.007920792079207921,0.03900537743285587,1.0,-0.0,0,0
655,0.0,0.007920792079207921,0.03900537743285587,1.0,-0.0,0,0
656,0.0,0.007920792079207921,0.03900537743285587,1.0,-0.0,0,0
657,0.0,0.023762376237623766,0.07056843438101175,1.0,-0.0,0,0
658,0.0,0.023762376237623766,0.07056843438101175,1.0,-0.0,0,0
659,0.0,0.015841584158415842,0.05401260078014202,1.0,-0.0,0,0
660,0.0,0.015841584158415842,0.05401260078014202,1.0,-0.0,0,0
661,0.0,0.039603960396039604,0.08452453849668534,1.0,-0.0,0,0
662,0.0,0.03762376237623762,0.08307396817189318,1.0,-0.0,0,0
663,0.2,0.039603960396039604,0.08452453849668534,0.028872622852877186,1.5395137620565469,0,0
664,0.2,0.039603960396039604,0.08452453849668534,0.028872622852877186,1.5395137620565469,0,0
665,0.2,0.039603960396039604,0.08452453849668534,0.028872622852877186,1.5395137620565469,0,0
666,0.2,0.033663366336633666,0.07994704648786674,0.018735949469970602,1.7273242935431963,0,0
667,0.4,0.039603960396039604,0.08908690597387718,2.6112086633964745e-05,4.583158422033524,0,0
668,0.2,0.03762376237623763,0.08771182015980238,0.03206701867154286,1.4939414153345645,0,0
669,0.2,0.03762376237623763,0.08771182015980238,0.03206701867154286,1.4939414153345645,0,0
670,0.2,0.05544554455445545,0.09797478714338997,0.07004915208881986,1.1545971172715024,0,0
671,0.2,0.049504950495049514,0.08631483056516186,0.040617958542992716,1.3912819080063723,0,0
672,0.2,0.05346534653465346,0.09704990696905226,0.0655357875709919,1.1835214771048093,0,0
673,0.2,0.06732673267326733,0.1135467024699521,0.12131331785204298,0.9160915193958917,0,0
674,0.4,0.09900990099009901,0.14246420394934614,0.01731143063739447,1.7616670400245433,0,0
675,1.0,0.14653465346534653,0.1947653355395929,5.879235131553132e-06,5.230679170480416,0,0
676,1.0,0.22376237623762377,0.21486745389394907,0.0001515507716313106,3.8194418480501224,0,0
677,1.8,0.3564356435643566,0.29058351727466325,3.385623648618898e-07,6.470361320418538,0,0
678,2.0,0.3980198019801981,0.29982839911324655,4.571285415989407e-08,7.33996166194858,0,0
679,1.8,0.3722772277227724,0.28979979838638553,4.184002877348657e-07,6.378408025475339,0,0
680,1.4,0.33465346534653484,0.2815922350570538,7.738285625492424e-05,4.1113552442082195,0,0
681,1.4,0.3425742574257427,0.2615061230767394,2.6318524263826027e-05,4.579738466199617,0,0
682,0.4,0.21188118811881188,0.196648718676233,0.16937862771473283,0.7711413900568345,0,0
683,0.2,0.16633663366336632,0.1781518029535443,0.42506251997560723,0.3715471874002857,0,0
684,0.4,0.26930693069306927,0.2345176529729178,0.2886665082819779,0.5396036009896665,0,0
685,0.4,0.3524752475247526,0.23905509510618228,0.42120861699676426,0.37550275269104944,0,0
686,0.4,0.25544554455445545,0.20894608121806596,0.24452311717780728,0.6116800764660467,0,0
687,0.4,0.2495049504950495,0.21323707922331575,0.24016746311702863,0.6194858293472097,0,0
688,0.4,0.33663366336633654,0.23024858382176056,0.3915780797808537,0.4071816276366948,0,0
689,0.2,0.2396039603960396,0.17804171717219025,1.0,-0.0,0,0
690,0.0,0.13465346534653466,0.14380655568606185,1.0,-0.0,0,0
691,0.0,0.16831683168316827,0.16586448785245092,1.0,-0.0,0,0
692,0.0,0.16237623762376235,0.17052712983454243,1.0,-0.0,0,0
693,0.2,0.14059405940594058,0.16055486574752068,0.3556897595366219,0.44892863816186535,0,0
694,0.2,0.14356435643564353,0.1782288225427691,0.3757556883291571,0.42509443618013576,0,0
695,0.2,0.13663366336633662,0.17103226044902323,0.35550741844014616,0.4491513323350454,0,0
696,0.2,0.10297029702970298,0.15315522802114462,0.2631910886884989,0.5797288194613099,0,0
697,0.2,0.08910891089108909,0.1420507440353343,0.21750589460234432,0.6625289687848298,0,0
698,0.0,0.017821782178217824,0.05698017651460656,1.0,-0.0,0,0
699,0.0,0.0,0.0,1.0,-0.0,0,0
700,0.0,0.0,0.0,1.0,-0.0,0,0
701,0.0,0.0,0.0,1.0,-0.0,0,0
702,0.0,0.0,0.0,1.0,-0.0,0,0
703,0.0,0.0,0.0,1.0,-0.0,0,0
704,0.0,0.0,0.0,1.0,-0.0,0,0
705,0.0,0.021782178217821784,0.06230547612891991,1.0,-0.0,0,0
706,0.0,0.03960396039603961,0.07970143286137867,1.0,-0.0,0,0
707,0.0,0.03960396039603961,0.07970143286137867,1.0,-0.0,0,0
708,0.0,0.03960396039603961,0.07970143286137867,1.0,-0.0,0,0
709,0.0,0.061386138613861385,0.10046456153636296,1.0,-0.0,0,0
710,0.0,0.039603960396039604,0.08452453849668534,1.0,-0.0,0,0
711,0.0,0.021782178217821784,0.06230547612891991,1.0,-0.0,0,0
712,0.0,0.04356435643564357,0.09587103712404123,1.0,-0.0,0,0
713,0.0,0.08118811881188118,0.12325042629382527,1.0,-0.0,0,0
714,0.0,0.11683168316831682,0.13864214704328154,1.0,-0.0,0,0
715,0.0,0.13663366336633662,0.1487391046195162,1.0,-0.0,0,0
716,0.0,0.15445544554455445,0.15384494732320814,1.0,-0.0,0,0
717,0.0,0.16237623762376233,0.1584900816139702,1.0,-0.0,0,0
718,0.0,0.12376237623762375,0.1401191253095801,1.0,-0.0,0,0
719,0.0,0.06930693069306931,0.11409790329416186,1.0,-0.0,0,0
720,0.0,0.05148514851485149,0.10011267057239238,1.0,-0.0,0,0
721,0.0,0.03564356435643565,0.08154954567118416,1.0,-0.0,0,0
722,0.0,0.0059405940594059415,0.03395332316729158,1.0,-0.0,0,0
723,0.0,0.049504950495049514,0.09078727434730813,1.0,-0.0,0,0
724,0.0,0.06336633663366337,0.10120342446875752,1.0,-0.0,0,0
725,0.0,0.06336633663366337,0.10120342446875752,1.0,-0.0,0,0
726,0.0,0.061386138613861385,0.10046456153636296,1.0,-0.0,0,0
727,0.0,0.061386138613861385,0.10046456153636296,1.0,-0.0,0,0
728,0.0,0.017821782178217824,0.056980176514606566,1.0,-0.0,0,0
729,0.0,0.011881188118811881,0.047276579747775535,1.0,-0.0,0,0
730,0.0,0.0594059405940594,0.1109617879296784,1.0,-0.0,0,0
731,0.0,0.0594059405940594,0.1109617879296784,1.0,-0.0,0,0
732,0.0,0.2059405940594059,0.2038353937815092,1.0,-0.0,0,0
733,0.0,0.2772277227722772,0.23875966130213716,1.0,-0.0,0,0
734,0.0,0.2752475247524752,0.2483234638367727,1.0,-0.0,0,0
735,0.0,0.2455445544554455,0.23526885925194688,1.0,-0.0,0,0
736,0.0,0.3643564356435644,0.27343946364847316,1.0,-0.0,0,0
737,0.0,0.29900990099009894,0.24148675199090922,1.0,-0.0,0,0
738,0.0,0.33465346534653484,0.24873368141482086,1.0,-0.0,0,0
739,0.0,0.3247524752475248,0.2499132287411248,1.0,-0.0,0,0
740,0.0,0.3168316831683169,0.24898578707326588,1.0,-0.0,0,0
741,0.0,0.24158415841584158,0.227455719434574,1.0,-0.0,0,0
742,0.0,0.1762376237623762,0.17185563527720504,1.0,-0.0,0,0
743,0.0,0.08712871287128714,0.13324834725751067,1.0,-0.0,0,0
744,0.0,0.14257425742574253,0.1673003670129459,1.0,-0.0,0,0
745,0.0,0.1306930693069307,0.16753458295712848,1.0,-0.0,0,0
746,0.0,0.17425742574257425,0.18382808657861666,1.0,-0.0,0,0
747,0.0,0.1584158415841584,0.17192407185067915,1.0,-0.0,0,0
748,0.0,0.1376237623762376,0.1609695163002105,1.0,-0.0,0,0
749,0.0,0.2396039603960396,0.23550207916544166,1.0,-0.0,0,0
750,0.0,0.2396039603960396,0.23550207916544166,1.0,-0.0,0,0
751,0.0,0.1782178217821782,0.19881030333482982,1.0,-0.0,0,0
752,0.0,0.1782178217821782,0.19881030333482982,1.0,-0.0,0,0
753,0.0,0.1782178217821782,0.19881030333482982,1.0,-0.0,0,0
754,0.0,0.021782178217821784,0.06230547612891991,1.0,-0.0,0,0
755,0.0,0.1108910891089109,0.165248681544753,1.0,-0.0,0,0
756,0.0,0.0891089108910891,0.14752142995793407,1.0,-0.0,0,0
757,0.0,0.15247524752475247,0.17153590358580373,1.0,-0.0,0,0
758,0.0,0.20198019801980197,0.20776042849273665,1.0,-0.0,0,0
759,0.0,0.3841584158415841,0.27815967822024357,1.0,-0.0,0,0
760,0.0,0.2930693069306931,0.22438361147271751,1.0,-0.0,0,0
761,0.0,0.2930693069306931,0.22438361147271751,1.0,-0.0,0,0
762,0.0,0.24554455445544554,0.20271657650803535,1.0,-0.0,0,0
763,0.0,0.19603960396039602,0.1711468549412428,1.0,-0.0,0,0
764,0.0,0.01386138613861386,0.05079507064705211,1.0,-0.0,0,0
765,0.0,0.01386138613861386,0.05079507064705211,1.0,-0.0,0,0
766,0.0,0.01386138613861386,0.05079507064705211,1.0,-0.0,0,0
767,0.0,0.08514851485148514,0.1172170185104851,1.0,-0.0,0,0
768,0.0,0.09504950495049502,0.1245794808714917,1.0,-0.0,0,0
769,0.0,0.21782178217821782,0.18042635951740818,1.0,-0.0,0,0
770,0.0,0.31881188118811893,0.2146666175503786,1.0,-0.0,0,0
771,0.0,0.3485148514851486,0.22629773666790734,1.0,-0.0,0,0
772,0.0,0.39603960396039606,0.25482309611319465,1.0,-0.0,0,0
773,0.0,0.4752475247524752,0.28542340984914455,1.0,-0.0,0,0
774,0.0,0.398019801980198,0.26475477090468547,1.0,-0.0,0,0
775,0.0,0.3326732673267327,0.2273867516587513,1.0,-0.0,0,0
776,0.0,0.44554455445544555,0.24516099074126202,1.0,-0.0,0,0
777,0.0,0.35643564356435653,0.23648240743566115,1.0,-0.0,0,0
778,0.0,0.3079207920792079,0.20376805311107904,1.0,-0.0,0,0
779,0.0,0.3108910891089109,0.23289014539388764,1.0,-0.0,0,0
780,0.0,0.42772277227722777,0.2670405508870461,1.0,-0.0,0,0
781,0.0,0.2851485148514852,0.21863036241355283,1.0,-0.0,0,0
782,0.0,0.28316831683168314,0.2238587368089122,1.0,-0.0,0,0
783,0.0,0.24158415841584158,0.21120461981740007,1.0,-0.0,0,0
784,0.0,0.19405940594059404,0.17900814859389344,1.0,-0.0,0,0
785,0.0,0.041584158415841586,0.09467748980500532,1.0,-0.0,0,0
786,0.0,0.04950495049504951,0.09912864166957489,1.0,-0.0,0,0
787,0.0,0.007920792079207921,0.03900537743285587,1.0,-0.0,0,0
788,0.0,0.007920792079207921,0.03900537743285587,1.0,-0.0,0,0
789,0.0,0.08316831683168317,0.12353642740976016,1.0,-0.0,0,0
790,0.0,0.08316831683168317,0.12353642740976016,1.0,-0.0,0,0
791,0.0,0.16633663366336632,0.1781518029535443,1.0,-0.0,0,0
792,0.0,0.16633663366336632,0.1781518029535443,1.0,-0.0,0,0
793,0.0,0.2178217821782178,0.20314168084328174,1.0,-0.0,0,0
794,0.0,0.25742574257425743,0.1996762402527609,1.0,-0.0,0,0
795,0.0,0.2871287128712871,0.2187558729448155,1.0,-0.0,0,0
796,0.0,0.19801980198019803,0.19598959258073068,1.0,-0.0,0,0
797,0.0,0.23762376237623759,0.21194595105361827,1.0,-0.0,0,0
798,0.0,0.22574257425742575,0.2118534265147639,1.0,-0.0,0,0
799,0.0,0.1762376237623762,0.19147603570112592,1.0,-0.0,0,0
800,0.0,0.14455445544554454,0.17826182075131722,1.0,-0.0,0,0
801,0.0,0.17821782178217818,0.19478546736408614,1.0,-0.0,0,0
802,0.0,0.30693069306930687,0.246262126199929,1.0,-0.0,0,0
803,0.0,0.2792079207920792,0.23050389558064985,1.0,-0.0,0,0
804,0.0,0.2198019801980198,0.19600959866383086,1.0,-0.0,0,0
805,0.0,0.2198019801980198,0.19600959866383086,1.0,-0.0,0,0
806,0.0,0.1881188118811881,0.17308335353197749,1.0,-0.0,0,0
807,0.0,0.017821782178217824,0.05698017651460656,1.0,-0.0,0,0
808,0.0,0.0059405940594059415,0.03395332316729158,1.0,-0.0,0,0
809,0.0,0.0,0.0,1.0,-0.0,0,0
810,0.0,0.033663366336633666,0.07994704648786674,1.0,-0.0,0,0
811,0.0,0.19603960396039605,0.2029099161576158,1.0,-0.0,0,0
812,0.0,0.19603960396039605,0.2029099161576158,1.0,-0.0,0,0
813,0.0,0.20198019801980197,0.20776042849273665,1.0,-0.0,0,0
814,0.0,0.20198019801980197,0.20776042849273665,1.0,-0.0,0,0
815,0.0,0.16831683168316833,0.18181194346357277,1.0,-0.0,0,0
816,0.0,0.01386138613861386,0.05079507064705211,1.0,-0.0,0,0
817,0.0,0.05940594059405942,0.0996808946427978,1.0,-0.0,0,0
818,0.0,0.06534653465346535,0.10939585993610405,1.0,-0.0,0,0
819,0.0,0.09306930693069307,0.12762679639066948,1.0,-0.0,0,0
820,0.0,0.1564356435643564,0.18584345673901095,1.0,-0.0,0,0
821,0.0,0.20792079207920788,0.20473753703861913,1.0,-0.0,0,0
822,0.0,0.16237623762376235,0.19440260619841396,1.0,-0.0,0,0
823,0.0,0.17227722772277226,0.19706701472672838,1.0,-0.0,0,0
824,0.0,0.20198019801980197,0.20776042849273668,1.0,-0.0,0,0
825,0.0,0.2217821782178218,0.22497698909661432,1.0,-0.0,0,0
826,0.0,0.16237623762376235,0.19843520784522387,1.0,-0.0,0,0
827,0.0,0.36039603960396055,0.2814668817620818,1.0,-0.0,0,0
828,0.0,0.4653465346534654,0.3234821811134152,1.0,-0.0,0,0
829,0.0,0.4079207920792079,0.2784977978890957,1.0,-0.0,0,0
830,0.0,0.3247524752475248,0.2352188534716693,1.0,-0.0,0,0
831,0.0,0.3336633663366337,0.23892383629320837,1.0,-0.0,0,0
832,0.0,0.16237623762376235,0.15597123697041756,1.0,-0.0,0,0
833,0.0,0.03564356435643565,0.09074407316744236,1.0,-0.0,0,0
834,0.0,0.03564356435643565,0.09074407316744236,1.0,-0.0,0,0
835,0.0,0.03564356435643565,0.09074407316744236,1.0,-0.0,0,0
836,0.0,0.041584158415841586,0.09039772047931349,1.0,-0.0,0,0
837,0.0,0.041584158415841586,0.08116396646304633,1.0,-0.0,0,0
838,0.0,0.049504950495049514,0.09078727434730813,1.0,-0.0,0,0
839,0.0,0.061386138613861385,0.10046456153636296,1.0,-0.0,0,0
840,0.0,0.13267326732673265,0.14698885988036148,1.0,-0.0,0,0
841,0.0,0.11683168316831682,0.13864214704328154,1.0,-0.0,0,0
842,0.0,0.0891089108910891,0.12097048989545554,1.0,-0.0,0,0
843,0.0,0.2554455445544554,0.21455699121713326,1.0,-0.0,0,0
844,0.0,0.3069306930693069,0.22961760107034876,1.0,-0.0,0,0
845,0.0,0.24356435643564353,0.2079679343067901,1.0,-0.0,0,0
846,0.0,0.2554455445544554,0.21455699121713326,1.0,-0.0,0,0
847,0.0,0.2653465346534653,0.22179985785260758,1.0,-0.0,0,0
848,0.0,0.1188118811881188,0.1467218499235066,1.0,-0.0,0,0
849,0.0,0.05544554455445545,0.1019369320889802,1.0,-0.0,0,0
850,0.0,0.049504950495049514,0.09504950495049506,1.0,-0.0,0,0
851,0.0,0.03762376237623762,0.08771182015980238,1.0,-0.0,0,0
852,0.0,0.027722772277227727,0.07461957893630405,1.0,-0.0,0,0
853,0.0,0.0,0.0,1.0,-0.0,0,0
854,0.0,0.0,0.0,1.0,-0.0,0,0
855,0.0,0.2396039603960396,0.2216406903704273,1.0,-0.0,0,0
856,0.0,0.2495049504950495,0.22410383129972453,1.0,-0.0,0,0
857,0.0,0.26732673267326734,0.23424997686574445,1.0,-0.0,0,0
858,0.0,0.3168316831683169,0.26291183890380593,1.0,-0.0,0,0
859,0.0,0.3346534653465347,0.26863632288493655,1.0,-0.0,0,0
860,0.0,0.09504950495049505,0.13957235791450376,1.0,-0.0,0,0
861,0.0,0.1306930693069307,0.1474150698648297,1.0,-0.0,0,0
862,0.0,0.24158415841584158,0.21492219487073477,1.0,-0.0,0,0
863,0.0,0.22178217821782176,0.2046992289576329,1.0,-0.0,0,0
864,0.0,0.20396039603960398,0.19696750100290225,1.0,-0.0,0,0
865,0.0,0.20396039603960398,0.19696750100290225,1.0,-0.0,0,0
866,0.0,0.16435643564356434,0.17664875840130073,1.0,-0.0,0,0
867,0.0,0.22772277227722773,0.22695522822803016,1.0,-0.0,0,0
868,0.0,0.20594059405940596,0.20958317055962605,1.0,-0.0,0,0
869,0.0,0.41980198019801973,0.32396669000639955,1.0,-0.0,0,0
870,0.0,0.4811881188118812,0.3437454939505573,1.0,-0.0,0,0
871,0.0,0.4772277227722772,0.34235098315484863,1.0,-0.0,0,0
872,0.0,0.3445544554455445,0.25191356663428516,1.0,-0.0,0,0
873,0.0,0.33663366336633666,0.2436206970175002,1.0,-0.0,0,0
874,0.0,0.12079207920792076,0.1517663861889879,1.0,-0.0,0,0
875,0.0,0.0594059405940594,0.1144753143191654,1.0,-0.0,0,0
876,0.0,0.07524752475247526,0.12539516989297084,1.0,-0.0,0,0
877,0.2,0.08514851485148513,0.12694907267187808,0.1828107949282391,0.7379981628727221,0,0
878,0.2,0.11287128712871286,0.14188502271424044,0.2695813293766277,0.5693101893974304,0,0
879,0.2,0.11287128712871286,0.14188502271424044,0.2695813293766277,0.5693101893974304,0,0
880,0.2,0.2059405940594059,0.19590954781832295,1.0,-0.0,0,0
881,0.2,0.22574257425742572,0.22978830780797876,1.0,-0.0,0,0
882,0.0,0.15841584158415845,0.19359410776396424,1.0,-0.0,0,0
883,0.0,0.2594059405940594,0.18993392171535523,1.0,-0.0,0,0
884,0.0,0.2613861386138614,0.18825425035881396,1.0,-0.0,0,0
885,0.0,0.17029702970297028,0.1551393844419873,1.0,-0.0,0,0
886,0.0,0.1584158415841584,0.14709552815265856,1.0,-0.0,0,0
887,0.0,0.15643564356435644,0.14786657190173838,1.0,-0.0,0,0
888,0.0,0.12079207920792079,0.1517663861889879,1.0,-0.0,0,0
889,0.0,0.1188118811881188,0.14939672169394075,1.0,-0.0,0,0
890,0.0,0.16435643564356434,0.1766487584013007,1.0,-0.0,0,0
891,0.0,0.14059405940594058,0.16055486574752068,1.0,-0.0,0,0
892,0.0,0.14059405940594058,0.16055486574752068,1.0,-0.0,0,0
893,0.0,0.04356435643564357,0.0916470215081674,1.0,-0.0,0,0
894,0.0,0.04356435643564357,0.0916470215081674,1.0,-0.0,0,0
895,0.0,0.023762376237623766,0.06471340450838887,1.0,-0.0,0,0
896,0.0,0.023762376237623766,0.06471340450838887,1.0,-0.0,0,0
897,0.0,0.023762376237623766,0.06471340450838887,1.0,-0.0,0,0
898,0.0,0.023762376237623766,0.06471340450838887,1.0,-0.0,0,0
899,0.0,0.1386138613861386,0.16348330645980427,1.0,-0.0,0,0
900,0.0,0.11881188118811879,0.14122019271030045,1.0,-0.0,0,0
901,0.0,0.16633663366336632,0.16902587986434298,1.0,-0.0,0,0
902,0.0,0.16633663366336632,0.16902587986434298,1.0,-0.0,0,0
903,0.0,0.20198019801980197,0.1856112183041662,1.0,-0.0,0,0
904,0.0,0.11683168316831682,0.15483578457286823,1.0,-0.0,0,0
905,0.0,0.19603960396039602,0.19896802672602726,1.0,-0.0,0,0
906,0.0,0.17425742574257425,0.16084767121704766,1.0,-0.0,0,0
907,0.0,0.297029702970297,0.23481842386627266,1.0,-0.0,0,0
908,0.0,0.31287128712871287,0.23949756249886503,1.0,-0.0,0,0
909,0.0,0.2871287128712871,0.22588149277780908,1.0,-0.0,0,0
910,0.0,0.22970297029702968,0.18960331411621106,1.0,-0.0,0,0
911,0.0,0.2059405940594059,0.18974802582007907,1.0,-0.0,0,0
912,0.0,0.08118811881188118,0.11320083903331846,1.0,-0.0,0,0
913,0.0,0.0297029702970297,0.07112192077650681,1.0,-0.0,0,0
914,0.0,0.025742574257425745,0.06697637435757531,1.0,-0.0,0,0
915,0.0,0.0,0.0,1.0,-0.0,0,0
916,0.0,0.0,0.0,1.0,-0.0,0,0
917,0.0,0.0,0.0,1.0,-0.0,0,0
918,0.0,0.0,0.0,1.0,-0.0,0,0
919,0.0,0.0,0.0,1.0,-0.0,0,0
920,0.0,0.0,0.0,1.0,-0.0,0,0
921,0.2,0.017821782178217824,0.05698017651460656,0.0006937928196726553,3.15877019915046,0,0
922,0.2,0.017821782178217824,0.05698017651460656,0.0006937928196726553,3.15877019915046,0,0
923,0.2,0.017821782178217824,0.05698017651460656,0.0006937928196726553,3.15877019915046,0,0
924,0.2,0.017821782178217824,0.05698017651460656,0.0006937928196726553,3.15877019915046,0,0
925,0.2,0.017821782178217824,0.05698017651460656,0.0006937928196726553,3.15877019915046,0,0
926,0.0,0.0,0.0,1.0,-0.0,0,0
927,0.0,0.0,0.0,1.0,-0.0,0,0
928,0.0,0.0,0.0,1.0,-0.0,0,0
929,0.0,0.0,0.0,1.0,-0.0,0,0
930,0.0,0.0,0.0,1.0,-0.0,0,0
931,0.0,0.0,0.0,1.0,-0.0,0,0
932,0.0,0.021782178217821784,0.06230547612891991,1.0,-0.0,0,0
933,0.0,0.021782178217821784,0.06230547612891991,1.0,-0.0,0,0
934,0.0,0.033663366336633666,0.07482947971362847,1.0,-0.0,0,0
935,0.0,0.033663366336633666,0.07482947971362847,1.0,-0.0,0,0
936,0.0,0.033663366336633666,0.07482947971362847,1.0,-0.0,0,0
937,0.0,0.015841584158415842,0.06090517425437506,1.0,-0.0,0,0
938,0.0,0.03564356435643565,0.09074407316744237,1.0,-0.0,0,0
939,0.0,0.06930693069306931,0.11751770396006173,1.0,-0.0,0,0
940,0.0,0.12277227722772276,0.14615954128511632,1.0,-0.0,0,0
941,0.0,0.2435643564356436,0.2098636245464043,1.0,-0.0,0,0
942,0.0,0.2455445544554455,0.21226023280572856,1.0,-0.0,0,0
943,0.0,0.25346534653465347,0.21413623702460574,1.0,-0.0,0,0
944,0.0,0.2079207920792079,0.19071681786668523,1.0,-0.0,0,0
945,0.0,0.1801980198019802,0.1813152180952015,1.0,-0.0,0,0
946,0.0,0.06534653465346535,0.10571364605971598,1.0,-0.0,0,0
947,0.0,0.05940594059405942,0.10357779667819421,1.0,-0.0,0,0
948,0.0,0.0594059405940594,0.11096178792967841,1.0,-0.0,0,0
949,0.0,0.07920792079207921,0.13224402263020987,1.0,-0.0,0,0
950,0.0,0.08316831683168316,0.12028786177019754,1.0,-0.0,0,0
951,0.0,0.1465346534653465,0.14594475859555073,1.0,-0.0,0,0
952,0.0,0.1564356435643564,0.1505211024869694,1.0,-0.0,0,0
953,0.0,0.1287128712871287,0.1307530615383697,1.0,-0.0,0,0
954,0.0,0.13465346534653466,0.13529260081218794,1.0,-0.0,0,0
955,0.0,0.10297029702970295,0.127780323207142,1.0,-0.0,0,0
956,0.0,0.11287128712871286,0.14464936528910635,1.0,-0.0,0,0
957,0.0,0.17821782178217815,0.1564481759612173,1.0,-0.0,0,0
