,foreground,bg_means,bg_stdev,pvals,minus_logs,regs,active
2,0.2,0.025742574257425748,0.0669763743575753,0.0046371400013480064,2.3337497919853587,0,0
3,0.2,0.061386138613861385,0.10046456153636296,0.08383506191077846,1.0765743106091494,0,0
4,0.2,0.07524752475247524,0.11553229422427586,0.140114268670204,0.8535176356692988,0,0
5,0.2,0.07524752475247524,0.11553229422427586,0.140114268670204,0.8535176356692988,0,0
6,0.2,0.08712871287128714,0.13024224675172555,0.19307354504257346,0.7142772292196833,0,0
7,0.0,0.10495049504950495,0.1423816080178024,1.0,-0.0,0,0
8,0.2,0.1603960396039604,0.15420136502124185,0.3986539441012462,0.3994039348368125,0,0
9,0.4,0.2336633663366336,0.18683249644342292,0.18665289602986457,0.7289652673501473,0,0
10,0.6,0.39999999999999997,0.23546877617734258,0.19783785564295503,0.7036906039227342,0,0
11,0.6,0.38811881188118813,0.23006117512431012,0.17853106190808354,0.748286211811323,0,0
12,0.6,0.3940594059405941,0.2224177597164193,0.17724431348511904,0.7514276893558971,0,0
13,0.4,0.30495049504950494,0.20215484586740856,0.3191126110326281,0.4960560325546593,0,0
14,0.2,0.21584158415841584,0.1902227320162032,1.0,-0.0,0,0
15,0.0,0.04950495049504951,0.09504950495049506,1.0,-0.0,0,0
16,0.0,0.04950495049504951,0.09504950495049506,1.0,-0.0,0,0
17,0.0,0.0,0.0,1.0,-0.0,0,0
18,0.2,0.100990099009901,0.14246420394934614,0.2435336350202682,0.6134410488439428,0,0
19,0.4,0.2594059405940594,0.20594059405940596,0.24740064572748238,0.6065991711761123,0,0
20,0.4,0.2594059405940594,0.20594059405940596,0.24740064572748238,0.6065991711761123,0,0
21,0.4,0.2594059405940594,0.20594059405940596,0.24740064572748238,0.6065991711761123,0,0
22,0.4,0.2594059405940594,0.20594059405940596,0.24740064572748238,0.6065991711761123,0,0
23,0.2,0.1584158415841584,0.1549623568040701,0.39421493655075,0.40426692460584923,0,0
24,0.0,0.0,0.0,1.0,-0.0,0,0
25,0.0,0.0,0.0,1.0,-0.0,0,0
26,0.0,0.0,0.0,1.0,-0.0,0,0
27,0.0,0.057425742574257435,0.11021718851545144,1.0,-0.0,0,0
28,0.0,0.09900990099009901,0.13386490123687583,1.0,-0.0,0,0
29,0.0,0.12079207920792079,0.14094225464771679,1.0,-0.0,0,0
30,0.0,0.12079207920792079,0.14094225464771679,1.0,-0.0,0,0
31,0.0,0.20198019801980194,0.165296132710568,1.0,-0.0,0,0
32,0.0,0.1762376237623762,0.14701553420412347,1.0,-0.0,0,0
33,0.0,0.13465346534653463,0.14653465346534653,1.0,-0.0,0,0
34,0.8,0.5227722772277228,0.2609507324687983,0.14403257546679232,0.8415392735608695,0,0
35,1.0,0.7445544554455445,0.293991057830182,0.19245397145531362,0.715673122432048,0,0
36,1.4,0.7683168316831682,0.27392659747787057,0.01055445594394158,1.9765641485840606,0,0
37,1.6,0.803960396039604,0.30046854239034704,0.004032605408680419,2.394414271723268,0,0
38,1.6,0.803960396039604,0.30046854239034704,0.004032605408680419,2.394414271723268,0,0
39,0.8,0.4316831683168318,0.27536858937381387,0.09052302266283886,1.0432409529069395,0,0
40,0.6,0.2455445544554455,0.22139286905938516,0.05468572737651722,1.262126006946965,0,0
41,0.2,0.23168316831683167,0.20046020966089131,1.0,-0.0,0,0
42,0.0,0.16435643564356434,0.15259092949947314,1.0,-0.0,0,0
43,0.0,0.16435643564356434,0.15259092949947314,1.0,-0.0,0,0
44,0.0,0.15445544554455443,0.14860723199440568,1.0,-0.0,0,0
45,0.0,0.11782178217821779,0.12927523757583734,1.0,-0.0,0,0
46,0.2,0.05544554455445545,0.08952597667688965,0.05319163734110222,1.2741566410525869,0,0
47,0.2,0.05544554455445545,0.08952597667688965,0.05319163734110222,1.2741566410525869,0,0
48,0.2,0.05544554455445545,0.08952597667688965,0.05319163734110222,1.2741566410525869,0,0
49,0.4,0.05148514851485149,0.09186070102766893,7.413495117120212e-05,4.1299769941514715,0,0
50,0.4,0.05148514851485149,0.09186070102766893,7.413495117120212e-05,4.1299769941514715,0,0
51,0.2,0.061386138613861385,0.09644194583672018,0.07531954647324092,1.1230923036946965,0,0
52,0.2,0.061386138613861385,0.09644194583672018,0.07531954647324092,1.1230923036946965,0,0
53,0.2,0.061386138613861385,0.09644194583672018,0.07531954647324092,1.1230923036946965,0,0
54,0.0,0.03762376237623763,0.07816140339006158,1.0,-0.0,0,0
55,0.0,0.03762376237623763,0.07816140339006158,1.0,-0.0,0,0
56,0.0,0.0,0.0,1.0,-0.0,0,0
57,0.0,0.0,0.0,1.0,-0.0,0,0
58,0.0,0.0,0.0,1.0,-0.0,0,0
59,0.0,0.0,0.0,1.0,-0.0,0,0
60,0.0,0.0,0.0,1.0,-0.0,0,0
61,0.0,0.061386138613861385,0.09224407682259103,1.0,-0.0,0,0
62,0.0,0.061386138613861385,0.09224407682259103,1.0,-0.0,0,0
63,0.0,0.061386138613861385,0.09224407682259103,1.0,-0.0,0,0
64,0.0,0.061386138613861385,0.09224407682259103,1.0,-0.0,0,0
65,0.0,0.061386138613861385,0.09224407682259103,1.0,-0.0,0,0
66,0.0,0.05940594059405942,0.10357779667819421,1.0,-0.0,0,0
67,0.0,0.05940594059405942,0.10357779667819421,1.0,-0.0,0,0
68,0.0,0.1069306930693069,0.12448501897427097,1.0,-0.0,0,0
69,0.0,0.1069306930693069,0.12448501897427097,1.0,-0.0,0,0
70,0.0,0.1069306930693069,0.12448501897427097,1.0,-0.0,0,0
71,0.0,0.04752475247524753,0.09397077637785879,1.0,-0.0,0,0
72,0.0,0.04752475247524753,0.09397077637785879,1.0,-0.0,0,0
73,0.2,0.057425742574257435,0.09476028605152792,0.06621628156331662,1.1790352111084907,0,0
74,0.2,0.057425742574257435,0.09476028605152792,0.06621628156331662,1.1790352111084907,0,0
75,0.2,0.057425742574257435,0.09476028605152792,0.06621628156331662,1.1790352111084907,0,0
76,0.2,0.10693069306930691,0.12126186845461277,0.22139013001589947,0.6548417446821359,0,0
77,0.2,0.10693069306930691,0.12126186845461277,0.22139013001589947,0.6548417446821359,0,0
78,0.2,0.10891089108910891,0.13937555924568534,0.2567003926389666,0.5905734670480496,0,0
79,0.2,0.10891089108910891,0.13937555924568534,0.2567003926389666,0.5905734670480496,0,0
80,0.2,0.10891089108910891,0.13937555924568534,0.2567003926389666,0.5905734670480496,0,0
81,0.2,0.0594059405940594,0.09562531855564069,0.07074570539322597,1.1502999187808283,0,0
82,0.2,0.0594059405940594,0.09562531855564069,0.07074570539322597,1.1502999187808283,0,0
83,0.0,0.0,0.0,1.0,-0.0,0,0
84,0.0,0.12277227722772276,0.12888031758632065,1.0,-0.0,0,0
85,0.0,0.21386138613861383,0.1717871714399709,1.0,-0.0,0,0
86,0.0,0.21386138613861383,0.1717871714399709,1.0,-0.0,0,0
87,0.2,0.2693069306930693,0.199872520886266,1.0,-0.0,0,0
88,0.2,0.38613861386138615,0.22206488346734551,1.0,-0.0,0,0
89,0.4,0.41386138613861384,0.23590134830630383,1.0,-0.0,0,0
90,0.4,0.48514851485148514,0.25693784686429455,1.0,-0.0,0,0
91,0.6,0.5504950495049505,0.27489827547054696,0.4285430697397933,0.3680055237749752,0,0
92,0.6,0.5603960396039604,0.2714388532863786,0.4419986655241012,0.3545790418644691,0,0
93,0.6,0.48514851485148514,0.2630311274030943,0.331184054661825,0.47993058112352593,0,0
94,0.4,0.36237623762376237,0.23833227705628676,0.4372825190375087,0.3592378838197766,0,0
95,0.4,0.19801980198019797,0.179095747399525,0.1297068973664388,0.8870369290158602,0,0
96,0.4,0.17623762376237626,0.1741448781459062,0.09940998071905006,1.0025700104356137,0,0
97,0.2,0.10891089108910891,0.13357165904190144,0.24763548256963241,0.6061871270988662,0,0
98,0.2,0.06732673267326733,0.10634234916512914,0.10608783743468066,0.9743344034481476,0,0
99,0.4,0.07326732673267328,0.10038647014365605,0.000567464901848172,3.246060994760475,0,0
100,0.4,0.07326732673267328,0.10038647014365605,0.000567464901848172,3.246060994760475,0,0
101,0.2,0.05346534653465347,0.09287951999650357,0.05731896239780438,1.2417016799108866,0,0
102,0.2,0.05346534653465347,0.09287951999650357,0.05731896239780438,1.2417016799108866,0,0
103,0.2,0.05346534653465347,0.09287951999650357,0.05731896239780438,1.2417016799108866,0,0
104,0.0,0.041584158415841586,0.09467748980500532,1.0,-0.0,0,0
105,0.2,0.06930693069306931,0.12722675963729912,0.1521525260030101,0.8177208331838148,0,0
106,0.2,0.07920792079207922,0.1322440226302099,0.18051532966814882,0.7434859111677886,0,0
107,0.2,0.07920792079207922,0.1322440226302099,0.18051532966814882,0.7434859111677886,0,0
108,0.2,0.07920792079207922,0.1322440226302099,0.18051532966814882,0.7434859111677886,0,0
109,0.4,0.1089108910891089,0.12113245340338316,0.008129157851019664,2.0899544432865094,0,0
110,0.2,0.11089108910891088,0.12420120222231067,0.23654635558720027,0.6260837386344865,0,0
111,0.2,0.07920792079207921,0.10928827506175547,0.13452323402587257,0.8712027005106293,0,0
112,0.2,0.07920792079207921,0.10928827506175547,0.13452323402587257,0.8712027005106293,0,0
113,0.2,0.07920792079207921,0.10928827506175547,0.13452323402587257,0.8712027005106293,0,0
114,0.0,0.0297029702970297,0.07112192077650681,1.0,-0.0,0,0
115,0.0,0.0,0.0,1.0,-0.0,0,0
116,0.0,0.0,0.0,1.0,-0.0,0,0
117,0.0,0.0,0.0,1.0,-0.0,0,0
118,0.0,0.0,0.0,1.0,-0.0,0,0
119,0.0,0.0,0.0,1.0,-0.0,0,0
120,0.0,0.0,0.0,1.0,-0.0,0,0
121,0.0,0.0,0.0,1.0,-0.0,0,0
122,0.2,0.06930693069306931,0.09517318685701319,0.08484305035125995,1.0713837257412198,0,0
123,0.2,0.27128712871287125,0.18365736159488225,1.0,-0.0,0,0
124,0.2,0.3485148514851486,0.22629773666790737,1.0,-0.0,0,0
125,0.2,0.4415841584158416,0.26894267736720445,1.0,-0.0,0,0
126,0.2,0.4415841584158416,0.26894267736720445,1.0,-0.0,0,0
127,0.0,0.3722772277227723,0.2670405508870461,1.0,-0.0,0,0
128,0.0,0.17029702970297028,0.19373583855263382,1.0,-0.0,0,0
129,0.0,0.09306930693069307,0.13069306930693073,1.0,-0.0,0,0
130,0.0,0.0,0.0,1.0,-0.0,0,0
131,0.0,0.0,0.0,1.0,-0.0,0,0
132,0.0,0.0,0.0,1.0,-0.0,0,0
133,0.0,0.0,0.0,1.0,-0.0,0,0
134,0.0,0.0,0.0,1.0,-0.0,0,0
135,0.0,0.0,0.0,1.0,-0.0,0,0
136,0.0,0.0,0.0,1.0,-0.0,0,0
137,0.0,0.0,0.0,1.0,-0.0,0,0
138,0.0,0.0,0.0,1.0,-0.0,0,0
139,0.0,0.0,0.0,1.0,-0.0,0,0
140,0.0,0.0,0.0,1.0,-0.0,0,0
141,0.0,0.0,0.0,1.0,-0.0,0,0
142,0.0,0.0,0.0,1.0,-0.0,0,0
143,0.0,0.0,0.0,1.0,-0.0,0,0
144,0.0,0.0,0.0,1.0,-0.0,0,0
145,0.0,0.05346534653465347,0.08851285797476045,1.0,-0.0,0,0
146,0.0,0.05346534653465347,0.08851285797476045,1.0,-0.0,0,0
147,0.0,0.05346534653465347,0.08851285797476045,1.0,-0.0,0,0
148,0.0,0.05346534653465347,0.08851285797476045,1.0,-0.0,0,0
149,0.0,0.05346534653465347,0.08851285797476045,1.0,-0.0,0,0
150,0.0,0.0,0.0,1.0,-0.0,0,0
151,0.0,0.0,0.0,1.0,-0.0,0,0
152,0.2,0.017821782178217824,0.05698017651460656,0.0006937928196726553,3.15877019915046,0,0
153,0.2,0.017821782178217824,0.05698017651460656,0.0006937928196726553,3.15877019915046,0,0
154,0.2,0.051485148514851496,0.1001126705723924,0.06897385175696842,1.1613155207112391,0,0
155,0.2,0.051485148514851496,0.1001126705723924,0.06897385175696842,1.1613155207112391,0,0
156,0.4,0.11287128712871287,0.14464936528910635,0.02357234236501054,1.6275972598323143,0,0
157,0.2,0.25346534653465347,0.21961458428533498,1.0,-0.0,0,0
158,0.2,0.25346534653465347,0.21961458428533498,1.0,-0.0,0,0
159,0.6,0.3108910891089109,0.2412430638613058,0.11537806682736164,0.9378767419703785,0,0
160,0.6,0.3683168316831684,0.24813390391308854,0.17522876873883358,0.7563945906403069,0,0
161,0.4,0.3366336633663367,0.21420947103393712,0.38368575134451177,0.41602432857690735,0,0
162,0.4,0.17821782178217818,0.16626589726481847,0.09111821933433568,1.0403947759880918,0,0
163,0.8,0.297029702970297,0.2098823081542353,0.008277608459067606,2.0820951201058264,0,0
164,0.6,0.3346534653465347,0.22534270647011964,0.11949313276453301,0.9226570527758142,0,0
165,0.8,0.40990099009900993,0.26156609466864744,0.0679285869498765,1.1679474195069344,0,0
166,1.0,0.4257425742574258,0.24318573163041604,0.009103178058260504,2.040806962381002,0,0
167,1.2,0.4752475247524752,0.26379032349785103,0.003002972505442558,2.522448644087813,0,0
168,0.8,0.35643564356435653,0.2447127398934718,0.0349473857327483,1.456585306450672,0,0
169,1.0,0.46336633663366333,0.26837345498768184,0.02277292434578491,1.642581196627286,0,0
170,0.8,0.41386138613861384,0.23421649584265256,0.04961073501744301,1.304424338542228,0,0
171,0.6,0.4138613861386139,0.22027422287104986,0.19904668055514352,0.7010450606249965,0,0
172,0.4,0.3643564356435644,0.21135309408516958,0.43303808681298,0.36347390465060186,0,0
173,0.4,0.43564356435643564,0.2491904351166633,1.0,-0.0,0,0
174,0.2,0.5108910891089109,0.3335678683444842,1.0,-0.0,0,0
175,0.2,0.5346534653465347,0.3222555543198155,1.0,-0.0,0,0
176,0.2,0.691089108910891,0.31782023996418024,1.0,-0.0,0,0
177,0.2,0.7247524752475247,0.33989105435493117,1.0,-0.0,0,0
178,0.2,0.7168316831683169,0.33213062768685153,1.0,-0.0,0,0
179,0.0,0.5564356435643565,0.30128958524164234,1.0,-0.0,0,0
180,0.0,0.5801980198019803,0.3152932948514082,1.0,-0.0,0,0
181,0.2,0.607920792079208,0.2990689076916681,1.0,-0.0,0,0
182,0.2,0.8158415841584159,0.3314333328323238,1.0,-0.0,0,0
183,0.4,0.7960396039603961,0.3317880726671765,1.0,-0.0,0,0
184,0.4,0.6475247524752474,0.27308072262699773,1.0,-0.0,0,0
185,0.4,0.5207920792079208,0.25806470586368174,1.0,-0.0,0,0
186,0.2,0.2891089108910891,0.21521391159118455,1.0,-0.0,0,0
187,0.2,0.049504950495049514,0.08631483056516186,0.040617958542992716,1.3912819080063723,0,0
188,0.0,0.0059405940594059415,0.033953323167291584,1.0,-0.0,0,0
189,0.0,0.0,0.0,1.0,-0.0,0,0
190,0.2,0.1168316831683168,0.12353642740976015,0.25040077795897375,0.601364326169417,0,0
191,0.2,0.1168316831683168,0.12353642740976015,0.25040077795897375,0.601364326169417,0,0
192,0.2,0.17227722772277224,0.15422679190986735,0.42867313017152353,0.3678737378188683,0,0
193,0.2,0.17227722772277224,0.15422679190986735,0.42867313017152353,0.3678737378188683,0,0
194,0.2,0.3465346534653465,0.2231921236214712,1.0,-0.0,0,0
195,0.0,0.24158415841584152,0.19764320624996698,1.0,-0.0,0,0
196,0.0,0.3366336633663367,0.20668183434679493,1.0,-0.0,1,0
197,0.0,0.299009900990099,0.19009900990099013,1.0,-0.0,0,0
198,0.2,0.3841584158415841,0.22809268277199102,1.0,-0.0,1,0
199,0.2,0.2099009900990099,0.17660435755646178,1.0,-0.0,0,0
200,0.2,0.22772277227722773,0.1930058286100785,1.0,-0.0,0,0
201,0.2,0.18217821782178217,0.17142156917092394,0.4585987037836674,0.33856717712547846,0,0
202,0.4,0.19405940594059404,0.18552669588707663,0.13349258993827967,0.8745428409528324,0,0
203,0.2,0.10891089108910887,0.13057300215314485,0.24271037887342672,0.6149116518053509,0,0
204,0.2,0.23960396039603957,0.2068525125893164,1.0,-0.0,0,0
205,0.4,0.32673267326732675,0.24164907421935525,0.38086978498267293,0.419223479257629,0,0
206,0.4,0.2930693069306931,0.23808536024061996,0.32666982597087546,0.48589097883813787,0,0
207,0.2,0.2613861386138614,0.23671443171910667,1.0,-0.0,0,0
208,0.2,0.2613861386138614,0.23671443171910667,1.0,-0.0,0,0
209,0.2,0.13267326732673265,0.1496589594272569,0.3264029174701726,0.48624596806911247,0,0
210,0.0,0.013861386138613863,0.058070805143030424,1.0,-0.0,0,0
211,0.0,0.0,0.0,1.0,-0.0,0,0
212,0.0,0.0,0.0,1.0,-0.0,0,0
213,0.0,0.0,0.0,1.0,-0.0,0,0
214,0.0,0.0,0.0,1.0,-0.0,0,0
215,0.0,0.0,0.0,1.0,-0.0,0,0
216,0.0,0.0,0.0,1.0,-0.0,0,0
217,0.0,0.0,0.0,1.0,-0.0,0,0
218,0.0,0.0,0.0,1.0,-0.0,0,0
219,0.0,0.0,0.0,1.0,-0.0,0,0
220,0.0,0.0,0.0,1.0,-0.0,0,0
221,0.0,0.0,0.0,1.0,-0.0,0,0
222,0.0,0.0,0.0,1.0,-0.0,0,0
223,0.0,0.0,0.0,1.0,-0.0,0,0
224,0.0,0.04356435643564357,0.08721867542790195,1.0,-0.0,0,0
225,0.0,0.12475247524752475,0.14583724862987696,1.0,-0.0,0,0
226,0.0,0.1465346534653465,0.15387043310940526,1.0,-0.0,0,0
227,0.0,0.22574257425742572,0.1816609099592826,1.0,-0.0,0,0
228,0.0,0.299009900990099,0.22093189197594218,1.0,-0.0,0,0
229,0.4,0.500990099009901,0.30781730775165217,1.0,-0.0,0,0
230,0.4,0.5386138613861386,0.32180502584538223,1.0,-0.0,0,0
231,0.4,0.5168316831683168,0.32245018248451285,1.0,-0.0,0,0
232,0.4,0.502970297029703,0.32531947604465855,1.0,-0.0,0,0
233,0.4,0.4297029702970297,0.29028649366964854,1.0,-0.0,0,0
234,0.0,0.411881188118812,0.26374572539837515,1.0,-0.0,0,0
235,0.2,0.3148514851485148,0.22924159879176859,1.0,-0.0,0,0
236,0.2,0.3148514851485148,0.22924159879176859,1.0,-0.0,0,0
237,0.2,0.24752475247524752,0.21275843197724026,1.0,-0.0,0,0
238,0.2,0.24752475247524752,0.21275843197724026,1.0,-0.0,0,0
239,0.2,0.019801980198019802,0.059735061897023205,0.001278047474114718,2.8934530136556162,0,0
240,0.0,0.0,0.0,1.0,-0.0,0,0
241,0.0,0.0,0.0,1.0,-0.0,0,0
242,0.0,0.0,0.0,1.0,-0.0,0,0
243,0.0,0.0,0.0,1.0,-0.0,0,0
244,0.0,0.0,0.0,1.0,-0.0,0,0
245,0.0,0.0,0.0,1.0,-0.0,0,0
246,0.0,0.0,0.0,1.0,-0.0,0,0
247,0.0,0.03762376237623763,0.07816140339006158,1.0,-0.0,0,0
248,0.0,0.03762376237623763,0.07816140339006158,1.0,-0.0,0,0
249,0.0,0.03762376237623763,0.07816140339006158,1.0,-0.0,0,0
250,0.0,0.03762376237623763,0.07816140339006158,1.0,-0.0,0,0
251,0.0,0.03762376237623763,0.07816140339006158,1.0,-0.0,0,0
252,0.0,0.10495049504950495,0.13957235791450373,1.0,-0.0,0,0
253,0.0,0.10495049504950495,0.13957235791450373,1.0,-0.0,0,0
254,0.0,0.10495049504950495,0.13957235791450373,1.0,-0.0,0,0
255,0.0,0.10495049504950495,0.13957235791450373,1.0,-0.0,0,0
256,0.0,0.10495049504950495,0.13957235791450373,1.0,-0.0,0,0
257,0.0,0.0,0.0,1.0,-0.0,0,0
258,0.0,0.0,0.0,1.0,-0.0,0,0
259,0.0,0.0,0.0,1.0,-0.0,0,0
260,0.0,0.0,0.0,1.0,-0.0,0,0
261,0.0,0.0,0.0,1.0,-0.0,0,0
262,0.0,0.0,0.0,1.0,-0.0,0,0
263,0.0,0.061386138613861385,0.10806149425459212,1.0,-0.0,0,0
264,0.0,0.15445544554455443,0.16381875548472422,1.0,-0.0,0,0
265,0.0,0.19603960396039602,0.18664351157145634,1.0,-0.0,0,0
266,0.0,0.19603960396039602,0.18664351157145634,1.0,-0.0,0,0
267,0.0,0.19603960396039602,0.18664351157145634,1.0,-0.0,0,0
268,0.0,0.13465346534653466,0.14921288105967925,1.0,-0.0,0,0
269,0.0,0.041584158415841586,0.08116396646304633,1.0,-0.0,0,0
270,0.0,0.0,0.0,1.0,-0.0,0,0
271,0.0,0.0,0.0,1.0,-0.0,0,0
272,0.0,0.0,0.0,1.0,-0.0,0,0
273,0.0,0.0,0.0,1.0,-0.0,0,0
274,0.0,0.0,0.0,1.0,-0.0,0,0
275,0.0,0.0,0.0,1.0,-0.0,0,0
276,0.0,0.0,0.0,1.0,-0.0,0,0
277,0.2,0.05742574257425742,0.10277971700879983,0.08269301175340939,1.0825311903890302,0,0
278,0.4,0.2930693069306931,0.20597867127042918,0.30183337656063924,0.5202327378717528,0,0
279,0.4,0.3287128712871287,0.22617641133029492,0.37631107273565007,0.42445300262820046,0,0
280,0.4,0.3287128712871287,0.22617641133029492,0.37631107273565007,0.42445300262820046,0,0
281,0.4,0.3287128712871287,0.22617641133029492,0.37631107273565007,0.42445300262820046,0,0
282,0.2,0.2693069306930693,0.21142729211943195,1.0,-0.0,0,0
283,0.0,0.033663366336633666,0.07994704648786674,1.0,-0.0,0,0
284,0.0,0.03762376237623763,0.08771182015980238,1.0,-0.0,0,0
285,0.0,0.03762376237623763,0.08771182015980238,1.0,-0.0,0,0
286,0.0,0.03762376237623763,0.08771182015980238,1.0,-0.0,0,0
287,0.0,0.03762376237623763,0.08771182015980238,1.0,-0.0,0,0
288,0.0,0.03762376237623763,0.08771182015980238,1.0,-0.0,0,0
289,0.0,0.0,0.0,1.0,-0.0,0,0
290,0.0,0.0,0.0,1.0,-0.0,0,0
291,0.0,0.0,0.0,1.0,-0.0,0,0
292,0.0,0.0,0.0,1.0,-0.0,0,0
293,0.0,0.0,0.0,1.0,-0.0,0,0
294,0.0,0.0,0.0,1.0,-0.0,0,0
295,0.0,0.0,0.0,1.0,-0.0,0,0
296,0.0,0.0,0.0,1.0,-0.0,0,0
297,0.0,0.0,0.0,1.0,-0.0,0,0
298,0.0,0.0,0.0,1.0,-0.0,0,0
299,0.0,0.0,0.0,1.0,-0.0,0,0
300,0.0,0.011881188118811883,0.047276579747775535,1.0,-0.0,0,0
301,0.0,0.023762376237623766,0.06471340450838889,1.0,-0.0,0,0
302,0.0,0.07326732673267328,0.1115960618107356,1.0,-0.0,0,0
303,0.0,0.07326732673267328,0.1115960618107356,1.0,-0.0,0,0
304,0.0,0.07326732673267328,0.1115960618107356,1.0,-0.0,0,0
305,0.2,0.1584158415841584,0.15496235680407014,0.39421493655075,0.40426692460584923,0,0
306,0.2,0.1465346534653465,0.148633615879566,0.3595311295527002,0.4442635008091512,0,0
307,0.2,0.09504950495049505,0.12135883917659063,0.19357570836574067,0.7131491428159772,0,0
308,0.2,0.09504950495049505,0.12135883917659063,0.19357570836574067,0.7131491428159772,0,0
309,0.2,0.09504950495049505,0.12135883917659063,0.19357570836574067,0.7131491428159772,0,0
310,0.0,0.0,0.0,1.0,-0.0,0,0
311,0.0,0.0,0.0,1.0,-0.0,0,0
312,0.0,0.0,0.0,1.0,-0.0,0,0
313,0.0,0.0,0.0,1.0,-0.0,0,0
314,0.0,0.0,0.0,1.0,-0.0,0,0
315,0.0,0.0,0.0,1.0,-0.0,0,0
316,0.0,0.0,0.0,1.0,-0.0,0,0
317,0.0,0.0,0.0,1.0,-0.0,0,0
318,0.0,0.0,0.0,1.0,-0.0,0,0
319,0.0,0.04356435643564357,0.08255312311158745,1.0,-0.0,0,0
320,0.2,0.26732673267326734,0.193513072135565,1.0,-0.0,0,0
321,0.4,0.3425742574257426,0.21124174816783503,0.39286927352940365,0.4057519362135129,0,0
322,0.4,0.394059405940594,0.22241775971641933,0.4893458490248829,0.3103840913202651,0,0
323,0.4,0.394059405940594,0.22241775971641933,0.4893458490248829,0.3103840913202651,0,0
324,0.4,0.3504950495049504,0.20178596757001183,0.4030989293899592,0.39458835530924213,0,0
325,0.2,0.12475247524752475,0.14583724862987696,0.3029379695149365,0.5186462898319876,0,0
326,0.0,0.05148514851485149,0.09186070102766893,1.0,-0.0,0,0
327,0.0,0.0,0.0,1.0,-0.0,0,0
328,0.2,0.19405940594059407,0.17224308299392185,0.4862433699656193,0.31314630732582827,0,0
329,0.2,0.2079207920792079,0.18438185104134305,1.0,-0.0,0,0
330,0.4,0.47722772277227726,0.27282213700388885,1.0,-0.0,0,0
331,0.4,0.47722772277227726,0.27282213700388885,1.0,-0.0,0,0
332,0.4,0.5188118811881188,0.2967523457536984,1.0,-0.0,0,0
333,0.2,0.4099009900990099,0.2630758466452757,1.0,-0.0,0,0
334,0.2,0.39603960396039606,0.265479499713556,1.0,-0.0,0,0
335,0.0,0.14455445544554454,0.1643922184595427,1.0,-0.0,0,0
336,0.0,0.36039603960396044,0.24213538800210338,1.0,-0.0,0,0
337,0.0,0.4059405940594061,0.24769103325732789,1.0,-0.0,0,0
338,0.0,0.3465346534653467,0.23528552548362944,1.0,-0.0,0,0
339,0.0,0.3465346534653467,0.23528552548362944,1.0,-0.0,0,0
340,0.0,0.35049504950495064,0.23277225617074587,1.0,-0.0,0,0
341,0.0,0.13465346534653463,0.14102569358229589,1.0,-0.0,0,0
342,0.0,0.04554455445544554,0.08387254884969257,1.0,-0.0,0,0
343,0.0,0.18415841584158413,0.1881292336873445,1.0,-0.0,0,0
344,0.2,0.32871287128712867,0.23136984822144208,1.0,-0.0,0,0
345,0.2,0.39009900990099,0.2427176783531812,1.0,-0.0,0,0
346,0.2,0.39009900990099,0.2427176783531812,1.0,-0.0,0,0
347,0.6,0.5089108910891089,0.2587475584238334,0.362404685206661,0.4408061963532637,0,0
348,0.6,0.3841584158415841,0.23828291416223885,0.18251539464066785,0.738700498190954,0,0
349,0.4,0.2396039603960396,0.2180376967683296,0.23097659782757907,0.6364320198879461,0,0
350,0.4,0.2059405940594059,0.19182385803267066,0.15585171772452366,0.8072884067707087,0,0
351,0.4,0.2059405940594059,0.19182385803267066,0.15585171772452366,0.8072884067707087,0,0
352,0.0,0.10297029702970298,0.12464241569787102,1.0,-0.0,0,0
353,0.0,0.06732673267326733,0.09861306612268303,1.0,-0.0,0,0
354,0.0,0.06732673267326733,0.09861306612268303,1.0,-0.0,0,0
355,0.0,0.017821782178217824,0.05698017651460656,1.0,-0.0,0,0
356,0.0,0.017821782178217824,0.05698017651460656,1.0,-0.0,0,0
357,0.0,0.0,0.0,1.0,-0.0,0,0
358,0.0,0.0,0.0,1.0,-0.0,0,0
359,0.0,0.0,0.0,1.0,-0.0,0,0
360,0.0,0.0,0.0,1.0,-0.0,0,0
361,0.0,0.0,0.0,1.0,-0.0,0,0
362,0.0,0.0,0.0,1.0,-0.0,0,0
363,0.0,0.0,0.0,1.0,-0.0,0,0
364,0.0,0.06336633663366338,0.09304823860966917,1.0,-0.0,0,0
365,0.0,0.06336633663366338,0.09304823860966917,1.0,-0.0,0,0
