,foreground,bg_means,bg_stdev,pvals,minus_logs,regs,active
2,0.2,0.21584158415841584,0.17951125796479817,1.0,-0.0,0,0
3,0.4,0.28118811881188116,0.20329604384492034,0.27946622820684763,0.5536706664522533,0,0
4,0.2,0.20594059405940596,0.17900814859389344,1.0,-0.0,0,0
5,0.2,0.12574257425742574,0.1425742574257426,0.3012414400664398,0.5210852849472924,0,0
6,0.2,0.1801980198019802,0.17004355992893858,0.4536470053966465,0.34328195163119546,0,0
7,1.4,0.401980198019802,0.27646287703805517,0.00015312238192334045,3.8149613237670934,0,0
8,1.2,0.3346534653465348,0.2565713162256716,0.00037213048374253586,3.4293047525022198,0,0
9,1.2,0.3346534653465348,0.2565713162256716,0.00037213048374253586,3.4293047525022198,0,0
10,1.2,0.27524752475247527,0.22133972839316557,1.4705616592193357e-05,4.832516761230142,0,0
11,1.2,0.22178217821782176,0.19881030333482985,4.3193077456109435e-07,6.364585851877654,0,0
12,0.0,0.013861386138613863,0.05079507064705211,1.0,-0.0,0,0
13,0.0,0.023762376237623763,0.06471340450838887,1.0,-0.0,0,0
14,0.0,0.08316831683168316,0.12353642740976017,1.0,-0.0,0,0
15,0.0,0.08316831683168316,0.12353642740976017,1.0,-0.0,0,0
16,0.0,0.08316831683168316,0.12353642740976017,1.0,-0.0,0,0
17,0.0,0.06930693069306931,0.11409790329416186,1.0,-0.0,0,0
18,0.0,0.05940594059405942,0.10357779667819422,1.0,-0.0,0,0
19,0.0,0.0,0.0,1.0,-0.0,0,0
20,0.0,0.0,0.0,1.0,-0.0,0,0
21,0.0,0.0,0.0,1.0,-0.0,0,0
22,0.0,0.04554455445544555,0.10100951085035129,1.0,-0.0,0,0
23,0.0,0.04554455445544555,0.10100951085035129,1.0,-0.0,0,0
24,0.0,0.04554455445544555,0.10100951085035129,1.0,-0.0,0,0
25,0.0,0.04554455445544555,0.10100951085035129,1.0,-0.0,0,0
26,0.0,0.04554455445544555,0.10100951085035129,1.0,-0.0,0,0
27,0.2,0.16633663366336632,0.1713529319032391,0.42212650920440536,0.3745573736459046,0,0
28,0.2,0.16633663366336632,0.1713529319032391,0.42212650920440536,0.3745573736459046,0,0
29,0.2,0.2059405940594059,0.19590954781832295,1.0,-0.0,0,0
30,0.2,0.23564356435643566,0.2075716068337213,1.0,-0.0,0,0
31,0.2,0.23564356435643566,0.2075716068337213,1.0,-0.0,0,0
32,0.0,0.06930693069306931,0.10316052497133552,1.0,-0.0,0,0
33,0.0,0.06930693069306931,0.10316052497133552,1.0,-0.0,0,0
34,0.0,0.02970297029702971,0.07112192077650681,1.0,-0.0,0,0
35,0.0,0.0,0.0,1.0,-0.0,0,0
36,0.0,0.0,0.0,1.0,-0.0,0,0
37,0.0,0.0,0.0,1.0,-0.0,0,0
38,0.0,0.0,0.0,1.0,-0.0,0,0
39,0.0,0.0,0.0,1.0,-0.0,0,0
40,0.0,0.031683168316831684,0.0730260947112308,1.0,-0.0,0,0
41,0.0,0.031683168316831684,0.0730260947112308,1.0,-0.0,0,0
42,0.0,0.031683168316831684,0.0730260947112308,1.0,-0.0,0,0
43,0.0,0.031683168316831684,0.0730260947112308,1.0,-0.0,0,0
44,0.0,0.22970297029702968,0.17885474744676655,1.0,-0.0,0,0
45,0.2,0.34851485148514855,0.25118091834339135,1.0,-0.0,0,0
46,0.2,0.34851485148514855,0.25118091834339135,1.0,-0.0,0,0
47,0.2,0.34851485148514855,0.25118091834339135,1.0,-0.0,0,0
48,0.2,0.34851485148514855,0.25118091834339135,1.0,-0.0,0,0
49,0.2,0.1603960396039604,0.17353585980361697,0.40973848838876054,0.3874932390984468,0,0
50,0.0,0.007920792079207921,0.03900537743285587,1.0,-0.0,0,0
51,0.0,0.007920792079207921,0.03900537743285587,1.0,-0.0,0,0
52,0.0,0.019801980198019802,0.059735061897023205,1.0,-0.0,0,0
53,0.0,0.019801980198019802,0.059735061897023205,1.0,-0.0,0,0
54,0.0,0.011881188118811883,0.047276579747775535,1.0,-0.0,0,0
55,0.0,0.011881188118811883,0.047276579747775535,1.0,-0.0,0,0
56,0.0,0.07722772277227724,0.12576985749069639,1.0,-0.0,0,0
57,0.0,0.08514851485148517,0.130031327995105,1.0,-0.0,0,0
58,0.0,0.12079207920792079,0.16429678029854686,1.0,-0.0,0,0
59,0.4,0.1584158415841584,0.18090385101871284,0.0908680710560761,1.04158869103622,0,0
60,0.4,0.17623762376237626,0.19147603570112592,0.12127875023286251,0.9162152870564152,0,0
61,0.4,0.10891089108910891,0.14494724878689189,0.02230880702517923,1.6515236532138924,0,0
62,0.4,0.0891089108910891,0.13342479626077636,0.00990083493366727,2.0043281799686357,0,0
63,0.4,0.05346534653465347,0.10860442931328386,0.0007094054168481006,3.1491054996838423,0,0
64,0.0,0.017821782178217824,0.05698017651460656,1.0,-0.0,0,0
65,0.0,0.06732673267326733,0.11698261772468857,1.0,-0.0,0,0
66,0.0,0.06732673267326733,0.11698261772468857,1.0,-0.0,0,0
67,0.0,0.13465346534653463,0.16194097663572968,1.0,-0.0,0,0
68,0.0,0.17425742574257425,0.17946756531282693,1.0,-0.0,0,0
69,0.2,0.2514851485148515,0.19428154592334312,1.0,-0.0,0,0
70,0.2,0.18415841584158418,0.16333933170139628,0.4613688638156538,0.3359517178542068,0,0
71,0.2,0.18415841584158418,0.16333933170139628,0.4613688638156538,0.3359517178542068,0,0
72,0.2,0.11485148514851484,0.130031327995105,0.25628835809898753,0.5912711211985167,0,0
73,0.2,0.07722772277227723,0.10889288780093087,0.12977421193735644,0.886811599723601,0,0
74,0.0,0.06930693069306931,0.11409790329416186,1.0,-0.0,0,0
75,0.2,0.31287128712871287,0.25394447289552274,1.0,-0.0,0,0
76,0.2,0.31287128712871287,0.25394447289552274,1.0,-0.0,0,0
77,0.2,0.31287128712871287,0.25394447289552274,1.0,-0.0,0,0
78,0.2,0.31287128712871287,0.25394447289552274,1.0,-0.0,0,0
79,0.2,0.27722772277227725,0.21428268001455503,1.0,-0.0,0,0
80,0.0,0.047524752475247525,0.09397077637785882,1.0,-0.0,0,0
81,0.0,0.2376237623762376,0.19235460506266758,1.0,-0.0,0,0
82,0.0,0.2376237623762376,0.19235460506266758,1.0,-0.0,0,0
83,0.0,0.2376237623762376,0.19235460506266758,1.0,-0.0,0,0
84,0.0,0.2039603960396039,0.19494644711665693,1.0,-0.0,0,0
85,0.0,0.20198019801980197,0.19190560696373418,1.0,-0.0,0,0
86,0.0,0.05148514851485149,0.10399339410297728,1.0,-0.0,0,0
87,0.0,0.05148514851485149,0.10399339410297728,1.0,-0.0,0,0
88,0.0,0.05148514851485149,0.10399339410297728,1.0,-0.0,0,0
89,0.0,0.05148514851485149,0.10399339410297728,1.0,-0.0,0,0
90,0.0,0.039603960396039604,0.08908690597387718,1.0,-0.0,0,0
91,0.0,0.07920792079207921,0.11966689053257921,1.0,-0.0,0,0
92,0.0,0.07920792079207921,0.11966689053257921,1.0,-0.0,0,0
93,0.0,0.07920792079207921,0.11966689053257921,1.0,-0.0,0,0
94,0.0,0.07920792079207921,0.11966689053257921,1.0,-0.0,0,0
95,0.0,0.07920792079207921,0.11966689053257921,1.0,-0.0,0,0
96,0.0,0.0,0.0,1.0,-0.0,0,0
97,0.0,0.0,0.0,1.0,-0.0,0,0
98,0.0,0.03168316831683169,0.07826167463512676,1.0,-0.0,0,0
99,0.0,0.03168316831683169,0.07826167463512676,1.0,-0.0,0,0
100,0.0,0.03168316831683169,0.07826167463512676,1.0,-0.0,0,0
101,0.0,0.03168316831683169,0.07826167463512676,1.0,-0.0,0,0
102,0.0,0.03168316831683169,0.07826167463512676,1.0,-0.0,0,0
103,0.0,0.0,0.0,1.0,-0.0,0,0
104,0.0,0.0,0.0,1.0,-0.0,0,0
105,0.0,0.0,0.0,1.0,-0.0,0,0
106,0.0,0.0,0.0,1.0,-0.0,0,0
107,0.0,0.0,0.0,1.0,-0.0,0,0
108,0.0,0.0,0.0,1.0,-0.0,0,0
109,0.0,0.0,0.0,1.0,-0.0,0,0
110,0.0,0.0,0.0,1.0,-0.0,0,0
111,0.0,0.0,0.0,1.0,-0.0,0,0
112,0.0,0.0,0.0,1.0,-0.0,0,0
113,0.0,0.0,0.0,1.0,-0.0,0,0
114,0.0,0.0,0.0,1.0,-0.0,0,0
115,0.0,0.0,0.0,1.0,-0.0,0,0
116,0.0,0.0,0.0,1.0,-0.0,0,0
117,0.0,0.0,0.0,1.0,-0.0,0,0
118,0.0,0.0,0.0,1.0,-0.0,0,0
119,0.0,0.0,0.0,1.0,-0.0,0,0
120,0.0,0.0,0.0,1.0,-0.0,0,0
121,0.0,0.0,0.0,1.0,-0.0,0,0
122,0.0,0.0,0.0,1.0,-0.0,0,0
123,0.0,0.0,0.0,1.0,-0.0,0,0
124,0.0,0.0,0.0,1.0,-0.0,0,0
125,0.0,0.0,0.0,1.0,-0.0,0,0
126,0.0,0.0,0.0,1.0,-0.0,0,0
127,0.0,0.0,0.0,1.0,-0.0,0,0
128,0.0,0.0,0.0,1.0,-0.0,0,0
129,0.0,0.0,0.0,1.0,-0.0,0,0
130,0.0,0.0,0.0,1.0,-0.0,0,0
131,0.0,0.0,0.0,1.0,-0.0,0,0
132,0.0,0.0,0.0,1.0,-0.0,0,0
133,0.0,0.0,0.0,1.0,-0.0,0,0
134,0.0,0.0,0.0,1.0,-0.0,0,0
135,0.0,0.03564356435643565,0.07653920035678292,1.0,-0.0,0,0
136,0.0,0.051485148514851496,0.08744317689433512,1.0,-0.0,0,0
137,0.2,0.11485148514851481,0.12379009590564581,0.24577490146882458,0.6094624693345778,0,0
138,0.2,0.1287128712871287,0.13667670437019722,0.30098319630588943,0.5214577501049552,0,0
139,0.2,0.1287128712871287,0.13667670437019722,0.30098319630588943,0.5214577501049552,0,0
140,0.2,0.09108910891089109,0.1243589581632284,0.19057525368436823,0.7199334934461744,0,0
141,0.2,0.07524752475247526,0.11205191564986228,0.13278007588509982,0.8768670874855233,0,0
142,0.2,0.05148514851485149,0.08744317689433512,0.04471467951449677,1.3495498776386112,0,0
143,0.2,0.03762376237623763,0.07816140339006158,0.01888012292982573,1.723995182306426,0,0
144,0.2,0.03762376237623763,0.07816140339006158,0.01888012292982573,1.723995182306426,0,0
145,0.2,0.03762376237623763,0.07816140339006158,0.01888012292982573,1.723995182306426,0,0
146,0.2,0.03762376237623763,0.07816140339006158,0.01888012292982573,1.723995182306426,0,0
147,0.0,0.0,0.0,1.0,-0.0,0,0
148,0.0,0.0,0.0,1.0,-0.0,0,0
149,0.0,0.04356435643564357,0.08721867542790195,1.0,-0.0,0,0
150,0.0,0.04356435643564357,0.08721867542790195,1.0,-0.0,0,0
151,0.0,0.04356435643564357,0.08721867542790195,1.0,-0.0,0,0
152,0.0,0.04356435643564357,0.08721867542790195,1.0,-0.0,0,0
153,0.0,0.04356435643564357,0.08721867542790195,1.0,-0.0,0,0
154,0.0,0.025742574257425748,0.0669763743575753,1.0,-0.0,0,0
155,0.0,0.04554455445544555,0.08387254884969257,1.0,-0.0,0,0
156,0.0,0.06930693069306931,0.11057238501634628,1.0,-0.0,0,0
157,0.0,0.06930693069306931,0.11057238501634628,1.0,-0.0,0,0
158,0.0,0.06930693069306931,0.11057238501634628,1.0,-0.0,0,0
159,0.0,0.04356435643564357,0.08721867542790195,1.0,-0.0,0,0
160,0.0,0.05544554455445545,0.09384550979067555,1.0,-0.0,0,0
161,0.0,0.033663366336633666,0.07482947971362845,1.0,-0.0,0,0
162,0.0,0.033663366336633666,0.07482947971362845,1.0,-0.0,0,0
163,0.0,0.04950495049504951,0.09504950495049506,1.0,-0.0,0,0
164,0.0,0.06534653465346535,0.11641139371642828,1.0,-0.0,0,0
165,0.0,0.033663366336633666,0.08475617647141663,1.0,-0.0,0,0
166,0.0,0.041584158415841586,0.09039772047931348,1.0,-0.0,0,0
167,0.0,0.11485148514851483,0.14169143619800648,1.0,-0.0,0,0
168,0.0,0.10495049504950495,0.13078304733432372,1.0,-0.0,0,0
169,0.0,0.0891089108910891,0.11765109526742927,1.0,-0.0,0,0
170,0.0,0.3108910891089109,0.2540371026534439,1.0,-0.0,0,0
171,0.0,0.30099009900990104,0.24635764451480144,1.0,-0.0,0,0
172,0.0,0.22772277227722773,0.22520345559541588,1.0,-0.0,0,0
173,0.0,0.22178217821782176,0.2267305114687896,1.0,-0.0,0,0
174,0.0,0.22178217821782176,0.2267305114687896,1.0,-0.0,0,0
175,0.0,0.0,0.0,1.0,-0.0,0,0
176,0.0,0.05148514851485149,0.096075322540263,1.0,-0.0,0,0
177,0.0,0.06336633663366337,0.10120342446875752,1.0,-0.0,0,0
178,0.0,0.06336633663366337,0.10120342446875752,1.0,-0.0,0,0
179,0.0,0.06336633663366337,0.10120342446875752,1.0,-0.0,0,0
180,0.0,0.06336633663366337,0.10120342446875752,1.0,-0.0,0,0
181,0.0,0.011881188118811883,0.047276579747775535,1.0,-0.0,0,0
182,0.0,0.0,0.0,1.0,-0.0,0,0
183,0.0,0.023762376237623766,0.06471340450838887,1.0,-0.0,0,0
184,0.0,0.023762376237623766,0.06471340450838887,1.0,-0.0,0,0
185,0.0,0.023762376237623766,0.06471340450838887,1.0,-0.0,0,0
186,0.0,0.023762376237623766,0.06471340450838887,1.0,-0.0,0,0
187,0.0,0.023762376237623766,0.06471340450838887,1.0,-0.0,0,0
188,0.0,0.0,0.0,1.0,-0.0,0,0
189,0.0,0.0,0.0,1.0,-0.0,0,0
190,0.2,0.03960396039603961,0.07970143286137865,0.02208567245422131,1.6558893730090944,0,0
191,0.2,0.03960396039603961,0.07970143286137865,0.02208567245422131,1.6558893730090944,0,0
192,0.2,0.051485148514851496,0.09186070102766894,0.0529672293593788,1.275992743798466,0,0
193,0.2,0.051485148514851496,0.09186070102766894,0.0529672293593788,1.275992743798466,0,0
194,0.2,0.051485148514851496,0.09186070102766894,0.0529672293593788,1.275992743798466,0,0
195,0.0,0.011881188118811883,0.047276579747775535,1.0,-0.0,0,0
196,0.0,0.03762376237623762,0.08307396817189318,1.0,-0.0,0,0
197,0.0,0.0712871287128713,0.10747934055534188,1.0,-0.0,0,0
198,0.0,0.5663366336633664,0.2801262896675804,1.0,-0.0,0,0
199,0.0,0.5782178217821782,0.2882531754339067,1.0,-0.0,0,0
200,0.0,0.6019801980198018,0.2890682190270074,1.0,-0.0,0,0
201,0.0,0.5762376237623761,0.2804340747263442,1.0,-0.0,0,0
202,0.0,0.5663366336633663,0.2843360261850186,1.0,-0.0,0,0
203,0.0,0.0712871287128713,0.11110305060677653,1.0,-0.0,0,0
204,0.0,0.05940594059405942,0.10733330877518932,1.0,-0.0,0,0
205,0.0,0.03564356435643565,0.07653920035678292,1.0,-0.0,0,0
206,0.0,0.03564356435643565,0.07653920035678292,1.0,-0.0,0,0
207,0.0,0.0,0.0,1.0,-0.0,0,0
208,0.0,0.0,0.0,1.0,-0.0,0,0
209,0.0,0.0,0.0,1.0,-0.0,0,0
210,0.0,0.0,0.0,1.0,-0.0,0,0
211,0.0,0.0,0.0,1.0,-0.0,0,0
212,0.0,0.0,0.0,1.0,-0.0,0,0
213,0.0,0.0,0.0,1.0,-0.0,0,0
214,0.0,0.0,0.0,1.0,-0.0,0,0
215,0.0,0.0,0.0,1.0,-0.0,0,0
216,0.0,0.011881188118811883,0.047276579747775535,1.0,-0.0,0,0
217,0.2,0.08316831683168316,0.12670172889541695,0.1782381694772629,0.7489992867285711,0,0
218,0.2,0.1049504950495049,0.13670539084430264,0.24343767509207326,0.6136122082817697,0,0
219,0.2,0.1049504950495049,0.13670539084430264,0.24343767509207326,0.6136122082817697,0,0
220,0.2,0.1049504950495049,0.13670539084430264,0.24343767509207326,0.6136122082817697,0,0
221,0.2,0.21980198019801975,0.17463954503246998,1.0,-0.0,0,0
222,0.0,0.1485148514851485,0.15582032136955248,1.0,-0.0,0,0
223,0.0,0.1425742574257426,0.15501295675866078,1.0,-0.0,0,0
224,0.0,0.3722772277227724,0.24215158164117856,1.0,-0.0,0,0
225,0.0,0.38019801980198026,0.24455245118832364,1.0,-0.0,0,32
226,0.0,0.5445544554455445,0.3097348746575996,1.0,-0.0,0,0
227,0.0,0.5445544554455445,0.3097348746575996,1.0,-0.0,0,0
228,0.0,0.5762376237623763,0.32492147256980075,1.0,-0.0,0,0
229,0.0,0.3465346534653466,0.25930766787914217,1.0,-0.0,0,32
230,0.0,0.33861386138613864,0.25445351927459825,1.0,-0.0,0,0
231,0.0,0.047524752475247525,0.08965727859542,1.0,-0.0,0,0
232,0.0,0.05346534653465346,0.09287951999650357,1.0,-0.0,0,0
233,0.0,0.0059405940594059415,0.03395332316729158,1.0,-0.0,0,0
234,0.0,0.025742574257425745,0.0669763743575753,1.0,-0.0,0,0
235,0.0,0.09900990099009899,0.12467387119760154,1.0,-0.0,0,0
236,0.2,0.26930693069306927,0.2018442563298536,1.0,-0.0,0,0
237,0.2,0.2633663366336633,0.20281326937139585,1.0,-0.0,0,0
238,0.6,0.32673267326732686,0.24651675946035362,0.13381990644964914,0.873479278061545,0,0
239,0.6,0.30693069306930687,0.2347349150532664,0.1059218483357547,0.9750144494015884,0,0
240,0.6,0.23366336633663365,0.21630434541657617,0.04516907920400239,1.3451587626751953,0,0
241,0.4,0.06336633663366337,0.1256450857759628,0.0036894458037709708,2.4330388648544905,0,0
242,0.4,0.06336633663366337,0.1256450857759628,0.0036894458037709708,2.4330388648544905,0,0
243,0.0,0.0,0.0,1.0,-0.0,0,0
244,0.0,0.0,0.0,1.0,-0.0,0,0
245,0.0,0.0,0.0,1.0,-0.0,0,0
246,0.8,0.21386138613861383,0.19752413211148517,0.0015015136904131508,2.823470703662282,0,0
247,0.8,0.23168316831683164,0.20821290183120655,0.0031715355688934172,2.498730413609883,0,0
248,0.8,0.23762376237623759,0.2174794790130442,0.004856510932030751,2.3136756293280047,0,0
249,0.8,0.23762376237623759,0.2174794790130442,0.004856510932030751,2.3136756293280047,0,0
250,0.8,0.23762376237623759,0.2174794790130442,0.004856510932030751,2.3136756293280047,0,0
251,0.0,0.031683168316831684,0.07826167463512676,1.0,-0.0,0,0
252,0.0,0.013861386138613863,0.05079507064705211,1.0,-0.0,0,0
253,0.0,0.007920792079207921,0.03900537743285587,1.0,-0.0,0,0
254,0.2,0.11683168316831682,0.14146987009498416,0.27830402559675094,0.555480511661606,0,0
255,0.2,0.11683168316831682,0.14146987009498416,0.27830402559675094,0.555480511661606,0,0
256,0.2,0.1089108910891089,0.14218869759220787,0.26088437726569524,0.5835519273024177,0,0
257,0.2,0.1089108910891089,0.14218869759220787,0.26088437726569524,0.5835519273024177,0,0
258,0.2,0.12277227722772277,0.15662352422404113,0.3109784923272355,0.5072696462998472,0,0
259,0.0,0.025742574257425748,0.0669763743575753,1.0,-0.0,0,0
260,0.2,0.031683168316831684,0.07826167463512675,0.015750221703151112,1.8027133286186672,0,0
261,0.2,0.031683168316831684,0.07826167463512675,0.015750221703151112,1.8027133286186672,0,0
262,0.4,0.10297029702970298,0.14789308791950764,0.02229996164679662,1.6516958838845262,0,0
263,0.4,0.09504950495049505,0.13957235791450376,0.014448391830827646,1.8401804890918363,0,0
264,0.4,0.08316831683168316,0.12353642740976016,0.005163516382656354,2.2870544407238307,0,0
265,0.2,0.16633663366336632,0.16666633990099655,0.41996594762129563,0.37678592236332387,0,0
266,0.2,0.16633663366336632,0.16666633990099655,0.41996594762129563,0.37678592236332387,0,0
267,0.0,0.12673267326732673,0.15599637537608815,1.0,-0.0,0,0
268,0.0,0.13663366336633662,0.1433149079027503,1.0,-0.0,0,0
269,0.0,0.13663366336633662,0.1433149079027503,1.0,-0.0,0,0
270,0.2,0.12277227722772276,0.13488622864100122,0.28347819430492294,0.5474803422640753,0,0
271,0.2,0.12277227722772276,0.13488622864100122,0.28347819430492294,0.5474803422640753,0,0
272,0.2,0.08712871287128714,0.11050143705587095,0.15352151275051035,0.8138307588564677,0,0
273,0.2,0.07326732673267328,0.10038647014365605,0.10339385835372795,0.9855052577827257,0,0
274,0.2,0.07326732673267328,0.10038647014365605,0.10339385835372795,0.9855052577827257,0,0
275,0.0,0.0,0.0,1.0,-0.0,0,0
276,0.0,0.0,0.0,1.0,-0.0,0,0
