,foreground,bg_means,bg_stdev,pvals,minus_logs,regs,active
2,0.0,0.009900990099009901,0.04338396495090424,1.0,-0.0,0,0
3,0.0,0.24950495049504945,0.21137164603553107,1.0,-0.0,0,0
4,0.0,0.23960396039603957,0.2068525125893164,1.0,-0.0,0,0
5,0.0,0.23960396039603957,0.2068525125893164,1.0,-0.0,0,0
6,0.0,0.23960396039603957,0.2068525125893164,1.0,-0.0,0,0
7,0.0,0.23960396039603957,0.2068525125893164,1.0,-0.0,0,0
8,0.0,0.0,0.0,1.0,-0.0,0,0
9,0.0,0.10693069306930691,0.12448501897427097,1.0,-0.0,0,0
10,0.0,0.10693069306930691,0.12448501897427097,1.0,-0.0,0,0
11,0.0,0.10693069306930691,0.12448501897427097,1.0,-0.0,0,0
12,0.0,0.10693069306930691,0.12448501897427097,1.0,-0.0,0,0
13,0.0,0.13069306930693067,0.13624568246946198,1.0,-0.0,0,0
14,0.0,0.021782178217821784,0.06230547612891991,1.0,-0.0,0,0
15,0.0,0.021782178217821784,0.06230547612891991,1.0,-0.0,0,0
16,0.0,0.021782178217821784,0.06230547612891991,1.0,-0.0,0,0
17,0.0,0.021782178217821784,0.06230547612891991,1.0,-0.0,0,0
18,0.0,0.22970297029702968,0.21320029835556073,1.0,-0.0,0,0
19,0.0,0.22970297029702968,0.21320029835556073,1.0,-0.0,0,0
20,0.0,0.26732673267326734,0.23424997686574445,1.0,-0.0,0,0
21,0.0,0.26732673267326734,0.23424997686574445,1.0,-0.0,0,0
22,0.0,0.5128712871287129,0.3189287037669424,1.0,-0.0,0,0
23,0.0,0.28316831683168314,0.22736950644605664,1.0,-0.0,0,0
24,0.0,0.300990099009901,0.22798951231087924,1.0,-0.0,0,0
25,0.0,0.2633663366336633,0.21047930792550024,1.0,-0.0,0,0
26,0.0,0.2633663366336633,0.21047930792550024,1.0,-0.0,0,0
27,0.0,0.017821782178217824,0.05698017651460656,1.0,-0.0,0,0
28,0.0,0.0891089108910891,0.12420120222231065,1.0,-0.0,0,0
29,0.0,0.0712871287128713,0.10747934055534188,1.0,-0.0,0,0
30,0.0,0.0712871287128713,0.10747934055534188,1.0,-0.0,0,0
31,0.0,0.20198019801980194,0.16288257206082213,1.0,-0.0,0,0
32,0.0,0.20198019801980194,0.16288257206082213,1.0,-0.0,0,0
33,0.0,0.23366336633663368,0.19102497256412113,1.0,-0.0,0,0
34,0.0,0.23366336633663368,0.19102497256412113,1.0,-0.0,0,0
35,0.0,0.23366336633663368,0.19102497256412113,1.0,-0.0,0,0
36,0.0,0.10297029702970295,0.1396285351588451,1.0,-0.0,0,0
37,0.0,0.10297029702970295,0.1396285351588451,1.0,-0.0,0,0
38,0.0,0.0,0.0,1.0,-0.0,0,0
39,0.0,0.021782178217821784,0.06230547612891991,1.0,-0.0,0,0
40,0.0,0.021782178217821784,0.06230547612891991,1.0,-0.0,0,0
41,0.0,0.021782178217821784,0.06230547612891991,1.0,-0.0,0,0
42,0.0,0.021782178217821784,0.06230547612891991,1.0,-0.0,0,0
43,0.0,0.021782178217821784,0.06230547612891991,1.0,-0.0,0,0
44,0.0,0.0,0.0,1.0,-0.0,0,0
45,0.0,0.0,0.0,1.0,-0.0,0,0
46,0.0,0.0,0.0,1.0,-0.0,0,0
47,0.0,0.0,0.0,1.0,-0.0,0,0
48,0.0,0.0,0.0,1.0,-0.0,0,0
49,0.0,0.0,0.0,1.0,-0.0,0,0
50,0.0,0.0,0.0,1.0,-0.0,0,0
51,0.0,0.2099009900990098,0.19574936009912708,1.0,-0.0,0,0
52,0.0,0.2099009900990098,0.19574936009912708,1.0,-0.0,0,0
53,0.0,0.23168316831683164,0.19444294287406302,1.0,-0.0,0,0
54,0.0,0.23168316831683164,0.19444294287406302,1.0,-0.0,0,0
55,0.0,0.23168316831683164,0.19444294287406302,1.0,-0.0,0,0
56,0.0,0.031683168316831684,0.07826167463512675,1.0,-0.0,0,0
57,0.0,0.031683168316831684,0.07826167463512675,1.0,-0.0,0,0
58,0.0,0.009900990099009901,0.04338396495090424,1.0,-0.0,0,0
59,0.2,0.021782178217821784,0.06230547612891991,0.002115616449879084,2.6745630648030154,0,0
60,0.2,0.021782178217821784,0.06230547612891991,0.002115616449879084,2.6745630648030154,0,0
61,0.2,0.027722772277227727,0.06910862719451544,0.0063361735559086295,2.1981729353735644,0,0
62,0.2,0.041584158415841586,0.08116396646304633,0.025480968483881664,1.5937840693032386,0,0
63,0.2,0.041584158415841586,0.08116396646304633,0.025480968483881664,1.5937840693032386,0,0
64,0.0,0.0297029702970297,0.07112192077650681,1.0,-0.0,0,0
65,0.0,0.0297029702970297,0.07112192077650681,1.0,-0.0,0,0
66,0.0,0.01386138613861386,0.05079507064705211,1.0,-0.0,0,0
67,0.0,0.0,0.0,1.0,-0.0,0,0
68,0.0,0.0,0.0,1.0,-0.0,0,0
69,0.0,0.0059405940594059415,0.033953323167291584,1.0,-0.0,1,0
70,0.0,0.0059405940594059415,0.033953323167291584,1.0,-0.0,0,0
71,0.0,0.0059405940594059415,0.033953323167291584,1.0,-0.0,0,0
72,0.0,0.06930693069306931,0.10693069306930694,1.0,-0.0,0,0
73,0.0,0.09108910891089109,0.1243589581632284,1.0,-0.0,0,0
74,0.0,0.08514851485148514,0.12054836637801526,1.0,-0.0,0,0
75,0.0,0.08514851485148514,0.12054836637801526,1.0,-0.0,0,0
76,0.0,0.08514851485148514,0.12054836637801526,1.0,-0.0,0,0
77,0.0,0.021782178217821784,0.06230547612891991,1.0,-0.0,0,0
78,0.0,0.0,0.0,1.0,-0.0,0,0
79,0.0,0.0,0.0,1.0,-0.0,0,0
80,0.0,0.0,0.0,1.0,-0.0,0,0
81,0.0,0.0,0.0,1.0,-0.0,0,0
82,0.0,0.0,0.0,1.0,-0.0,0,0
83,0.2,0.009900990099009901,0.04338396495090425,5.885669548817499e-06,5.230204125035218,0,0
84,0.2,0.009900990099009901,0.04338396495090425,5.885669548817499e-06,5.230204125035218,0,0
85,0.2,0.009900990099009901,0.04338396495090425,5.885669548817499e-06,5.230204125035218,0,0
86,0.2,0.009900990099009901,0.04338396495090425,5.885669548817499e-06,5.230204125035218,0,0
87,0.2,0.009900990099009901,0.04338396495090425,5.885669548817499e-06,5.230204125035218,0,0
88,0.0,0.0,0.0,1.0,-0.0,0,0
89,0.0,0.0,0.0,1.0,-0.0,0,15
90,0.0,0.0,0.0,1.0,-0.0,0,0
91,0.0,0.0,0.0,1.0,-0.0,0,0
92,0.0,0.0594059405940594,0.10733330877518932,1.0,-0.0,0,0
93,0.0,0.0594059405940594,0.10733330877518932,1.0,-0.0,0,0
94,0.0,0.0594059405940594,0.10733330877518932,1.0,-0.0,0,0
95,0.0,0.0594059405940594,0.10733330877518932,1.0,-0.0,0,0
96,0.0,0.0594059405940594,0.10733330877518932,1.0,-0.0,0,0
97,0.0,0.06930693069306931,0.09924724028627065,1.0,-0.0,0,0
98,0.0,0.27920792079207923,0.20310307176171227,1.0,-0.0,0,0
99,0.0,0.27920792079207923,0.20310307176171227,1.0,-0.0,0,0
100,0.0,0.27920792079207923,0.20310307176171227,1.0,-0.0,0,0
101,0.0,0.27920792079207923,0.20310307176171227,1.0,-0.0,0,0
102,0.0,0.2099009900990099,0.17660435755646178,1.0,-0.0,0,0
103,0.0,0.0,0.0,1.0,-0.0,0,0
104,0.0,0.0,0.0,1.0,-0.0,0,0
105,0.0,0.019801980198019802,0.059735061897023205,1.0,-0.0,0,0
106,0.0,0.019801980198019802,0.059735061897023205,1.0,-0.0,0,0
107,0.0,0.019801980198019802,0.059735061897023205,1.0,-0.0,0,0
108,0.0,0.019801980198019802,0.059735061897023205,1.0,-0.0,0,0
109,0.0,0.019801980198019802,0.059735061897023205,1.0,-0.0,0,0
110,0.0,0.0,0.0,1.0,-0.0,0,0
111,0.0,0.0,0.0,1.0,-0.0,0,0
112,0.4,0.14653465346534653,0.1662423117767553,0.06367020287242374,1.1960637663410618,0,0
113,0.4,0.15643564356435644,0.18584345673901093,0.0949983594228724,1.022283894708477,0,0
114,0.4,0.2198019801980198,0.19397856469320326,0.17645531919886387,0.7533652454145492,0,0
115,0.4,0.2198019801980198,0.19397856469320326,0.17645531919886387,0.7533652454145492,0,0
116,0.4,0.2693069306930694,0.22238249728897364,0.278368534898612,0.5553798563178965,0,0
117,0.0,0.12475247524752472,0.1345369326848557,1.0,-0.0,0,0
118,0.0,0.11287128712871286,0.13024224675172555,1.0,-0.0,0,0
119,0.0,0.04950495049504951,0.09504950495049506,1.0,-0.0,0,0
120,0.0,0.04950495049504951,0.09504950495049506,1.0,-0.0,0,0
121,0.0,0.0,0.0,1.0,-0.0,0,0
122,0.0,0.04554455445544555,0.09283729243351321,1.0,-0.0,0,0
123,0.0,0.04554455445544555,0.09283729243351321,1.0,-0.0,0,0
124,0.8,0.2237623762376237,0.19556899208121015,0.0016071324451587736,2.793948331182268,0,0
125,0.8,0.2237623762376237,0.19556899208121015,0.0016071324451587736,2.793948331182268,0,0
126,1.8,0.49504950495049505,0.29995915155028163,6.793623556432099e-06,5.16789852162462,0,0
127,2.0,0.4653465346534654,0.2993179188545138,1.4706596892301457e-07,6.832487811424787,0,0
128,2.0,0.4653465346534654,0.2993179188545138,1.4706596892301457e-07,6.832487811424787,0,0
129,1.2,0.2871287128712871,0.2205588609776743,1.7448675473156998e-05,4.758237534695144,0,0
130,1.2,0.2871287128712871,0.2205588609776743,1.7448675473156998e-05,4.758237534695144,0,0
131,0.2,0.015841584158415842,0.05401260078014202,0.00032535620257014524,3.4876409094885674,0,0
132,0.0,0.033663366336633666,0.07482947971362845,1.0,-0.0,0,0
133,0.2,0.08514851485148513,0.12379009590564582,0.17675768599419256,0.7526216925958916,0,0
134,0.2,0.08514851485148513,0.12379009590564582,0.17675768599419256,0.7526216925958916,0,0
135,0.4,0.19603960396039602,0.164057941997687,0.10689307139232153,0.9710504440297683,0,0
136,0.4,0.2514851485148515,0.19630944524980165,0.22466442305999795,0.6484656952356532,0,0
137,0.4,0.2178217821782178,0.18900261384538627,0.16754989117180613,0.7758558499146507,0,0
138,0.4,0.2455445544554455,0.17091758912506996,0.18308156270199438,0.7373553892862686,0,0
139,0.6,0.3148514851485148,0.20166933950849922,0.0786896370376305,1.1040824579040869,0,0
140,0.4,0.20396039603960395,0.17344545299372824,0.1291819500869324,0.8887981637810903,0,0
141,0.4,0.1603960396039604,0.16415351901831846,0.07219542625555092,1.14149031510203,0,0
142,0.6,0.28316831683168314,0.23759075678369337,0.09118084491188906,1.040096387798994,0,0
143,0.4,0.20396039603960395,0.2029099161576158,0.16698679742467565,0.7773178643750032,0,0
144,0.2,0.13663366336633662,0.15903344954662385,0.34515050821017357,0.46199148280671537,0,0
145,0.2,0.14059405940594058,0.16055486574752068,0.3556897595366219,0.44892863816186535,0,0
146,0.6,0.27524752475247527,0.23182698422031253,0.08063098618187388,1.093498028397016,0,0
147,0.4,0.15247524752475247,0.16203780234042603,0.06330915635285934,1.198533473774992,0,0
148,0.4,0.15247524752475247,0.16203780234042603,0.06330915635285934,1.198533473774992,0,0
149,0.4,0.16039603960396034,0.1617229068443201,0.06922724699900278,1.1597229388914494,0,0
150,0.4,0.1564356435643564,0.16314716771521567,0.06773011820685515,1.1692181664349777,0,0
151,0.2,0.0712871287128713,0.11461224656227946,0.1307125990009052,0.8836825500410105,0,0
152,0.2,0.0712871287128713,0.11461224656227946,0.1307125990009052,0.8836825500410105,0,0
153,0.2,0.1465346534653465,0.15893479355105833,0.36828537908031406,0.4338155222821531,0,0
154,0.2,0.13861386138613857,0.15348770198080078,0.3445997140219068,0.4626850873022659,0,0
155,0.2,0.13861386138613857,0.15348770198080078,0.3445997140219068,0.4626850873022659,0,0
156,0.0,0.07326732673267326,0.1115960618107356,1.0,-0.0,0,0
157,0.0,0.09702970297029703,0.12464241569787102,1.0,-0.0,0,0
158,0.0,0.023762376237623766,0.06471340450838887,1.0,-0.0,0,0
159,0.0,0.023762376237623766,0.06471340450838887,1.0,-0.0,0,0
160,0.0,0.023762376237623766,0.06471340450838887,1.0,-0.0,0,0
161,0.0,0.06930693069306931,0.11057238501634628,1.0,-0.0,0,0
162,0.0,0.04554455445544555,0.09283729243351321,1.0,-0.0,0,0
163,0.0,0.04554455445544555,0.09283729243351321,1.0,-0.0,0,0
164,0.0,0.04554455445544555,0.09283729243351321,1.0,-0.0,0,0
165,0.0,0.11881188118811879,0.15202453637757812,1.0,-0.0,0,0
166,0.0,0.13267326732673265,0.14698885988036148,1.0,-0.0,0,0
167,0.0,0.13267326732673265,0.14698885988036148,1.0,-0.0,0,0
168,0.0,0.15445544554455443,0.15124876399151133,1.0,-0.0,0,0
169,0.0,0.15445544554455443,0.15124876399151133,1.0,-0.0,0,0
170,0.0,0.07920792079207921,0.10560230990870005,1.0,-0.0,0,0
171,0.0,0.021782178217821784,0.06230547612891991,1.0,-0.0,0,0
172,0.0,0.021782178217821784,0.06230547612891991,1.0,-0.0,0,15
173,0.0,0.0297029702970297,0.07112192077650681,1.0,-0.0,0,0
174,0.0,0.0297029702970297,0.07112192077650681,1.0,-0.0,0,0
175,0.0,0.039603960396039604,0.08452453849668534,1.0,-0.0,0,0
176,0.0,0.039603960396039604,0.08452453849668534,1.0,-0.0,0,0
177,0.0,0.039603960396039604,0.08452453849668534,1.0,-0.0,0,0
178,0.0,0.009900990099009901,0.04338396495090424,1.0,-0.0,0,0
179,0.0,0.009900990099009901,0.04338396495090424,1.0,-0.0,0,0
180,0.0,0.021782178217821784,0.06230547612891991,1.0,-0.0,0,0
181,0.0,0.021782178217821784,0.06230547612891991,1.0,-0.0,0,0
182,0.0,0.021782178217821784,0.06230547612891991,1.0,-0.0,0,0
183,0.0,0.021782178217821784,0.06230547612891991,1.0,-0.0,0,0
184,0.0,0.021782178217821784,0.06230547612891991,1.0,-0.0,0,0
185,0.0,0.0,0.0,1.0,-0.0,0,0
186,0.0,0.0,0.0,1.0,-0.0,0,0
187,0.0,0.0,0.0,1.0,-0.0,0,0
188,0.0,0.0,0.0,1.0,-0.0,0,0
189,0.0,0.2495049504950495,0.21873794727813695,1.0,-0.0,0,0
190,0.0,0.2495049504950495,0.21873794727813695,1.0,-0.0,0,0
191,0.0,0.2495049504950495,0.21873794727813695,1.0,-0.0,0,0
192,0.0,0.2495049504950495,0.21873794727813695,1.0,-0.0,0,0
193,0.0,0.2495049504950495,0.21873794727813695,1.0,-0.0,0,0
194,0.0,0.0,0.0,1.0,-0.0,0,0
195,0.0,0.0,0.0,1.0,-0.0,0,0
196,0.0,0.0,0.0,1.0,-0.0,0,0
197,0.0,0.0,0.0,1.0,-0.0,0,0
198,0.0,0.0,0.0,1.0,-0.0,0,0
199,0.0,0.0,0.0,1.0,-0.0,0,0
200,0.0,0.009900990099009901,0.04338396495090425,1.0,-0.0,0,0
201,0.0,0.009900990099009901,0.04338396495090425,1.0,-0.0,0,0
202,0.0,0.009900990099009901,0.04338396495090425,1.0,-0.0,0,0
203,0.0,0.009900990099009901,0.04338396495090425,1.0,-0.0,0,0
204,0.0,0.009900990099009901,0.04338396495090425,1.0,-0.0,0,0
205,0.0,0.021782178217821784,0.06836703565002801,1.0,-0.0,0,0
206,0.0,0.20594059405940596,0.1938774657314743,1.0,-0.0,0,0
207,0.0,0.20594059405940596,0.1938774657314743,1.0,-0.0,0,0
208,0.0,0.20594059405940596,0.1938774657314743,1.0,-0.0,0,0
209,0.0,0.22970297029702968,0.1957693907320881,1.0,-0.0,0,0
210,0.0,0.2079207920792079,0.19071681786668523,1.0,-0.0,0,0
211,0.0,0.023762376237623766,0.06471340450838887,1.0,-0.0,0,0
212,0.0,0.04554455445544555,0.08387254884969257,1.0,-0.0,0,0
213,0.0,0.04554455445544555,0.08387254884969257,1.0,-0.0,0,0
214,0.0,0.021782178217821784,0.06230547612891991,1.0,-0.0,0,0
215,0.0,0.021782178217821784,0.06230547612891991,1.0,-0.0,0,0
216,0.0,0.021782178217821784,0.06230547612891991,1.0,-0.0,0,0
217,0.0,0.0,0.0,1.0,-0.0,0,0
218,0.0,0.0,0.0,1.0,-0.0,0,0
219,0.0,0.0,0.0,1.0,-0.0,0,0
220,0.0,0.0,0.0,1.0,-0.0,0,0
221,0.0,0.0,0.0,1.0,-0.0,0,0
222,0.0,0.0,0.0,1.0,-0.0,0,0
223,0.0,0.0,0.0,1.0,-0.0,0,0
