,foreground,bg_means,bg_stdev,pvals,minus_logs,regs,active
2,0.0,0.2693069306930693,0.20764715610167653,1.0,-0.0,0,0
3,0.0,0.3009900990099009,0.22093189197594218,1.0,-0.0,0,0
4,0.0,0.22376237623762377,0.19353333422369293,1.0,-0.0,0,0
5,0.0,0.22376237623762377,0.19353333422369293,1.0,-0.0,0,0
6,0.0,0.35049504950495053,0.28200967695503765,1.0,-0.0,0,0
7,0.0,0.16831683168316833,0.1923953711127306,1.0,-0.0,0,0
8,0.0,0.2455445544554455,0.2084951990212257,1.0,-0.0,0,0
9,0.0,0.26732673267326734,0.22563832923951074,1.0,-0.0,0,0
10,0.0,0.29504950495049503,0.24950495049504945,1.0,-0.0,0,0
11,0.0,0.16831683168316827,0.19239537111273064,1.0,-0.0,0,0
12,0.0,0.2792079207920792,0.27442715554339236,1.0,-0.0,0,0
13,0.0,0.16237623762376235,0.2119459510536183,1.0,-0.0,0,0
14,0.0,0.13861386138613863,0.1924157508989339,1.0,-0.0,0,0
15,0.0,0.30495049504950494,0.2737261179505342,1.0,-0.0,0,0
16,0.0,0.3247524752475249,0.2798181660618724,1.0,-0.0,0,0
17,0.0,0.27128712871287125,0.22965175256917233,1.0,-0.0,0,0
18,0.0,0.27128712871287125,0.22965175256917233,1.0,-0.0,0,0
19,0.0,0.27128712871287125,0.22965175256917233,1.0,-0.0,0,0
20,0.0,0.07722772277227723,0.122580495370631,1.0,-0.0,0,0
21,0.0,0.07524752475247524,0.11553229422427584,1.0,-0.0,0,0
22,0.0,0.027722772277227727,0.06910862719451544,1.0,-0.0,0,0
23,0.0,0.027722772277227727,0.06910862719451544,1.0,-0.0,0,0
24,0.0,0.027722772277227727,0.06910862719451544,1.0,-0.0,0,0
25,0.0,0.06336633663366337,0.10120342446875752,1.0,-0.0,0,0
26,0.0,0.04554455445544555,0.08387254884969257,1.0,-0.0,0,0
27,0.0,0.24752475247524752,0.19730564288445387,1.0,-0.0,0,0
28,0.0,0.24752475247524752,0.19730564288445387,1.0,-0.0,0,0
29,0.0,0.2613861386138614,0.20632104994267103,1.0,-0.0,0,0
30,0.0,0.28118811881188116,0.2146666175503786,1.0,-0.0,0,0
31,0.0,0.29306930693069305,0.22082537599129737,1.0,-0.0,0,0
32,0.0,0.0811881188118812,0.11320083903331844,1.0,-0.0,0,0
33,0.0,0.0811881188118812,0.11320083903331844,1.0,-0.0,0,0
34,0.0,0.2118811881188119,0.1884208102236084,1.0,-0.0,0,0
35,0.0,0.1881188118811881,0.18200594523684843,1.0,-0.0,0,0
36,0.0,0.1762376237623762,0.17414487814590618,1.0,-0.0,0,0
37,0.0,0.1762376237623762,0.17414487814590618,1.0,-0.0,0,0
38,0.0,0.3287128712871287,0.23811829727615705,1.0,-0.0,0,0
39,0.0,0.22178217821782173,0.20275525918685464,1.0,-0.0,0,0
40,0.0,0.1900990099009901,0.18535753542711383,1.0,-0.0,0,0
41,0.0,0.37029702970297035,0.2523334876727192,1.0,-0.0,0,0
42,0.0,0.4396039603960396,0.27434141045286214,1.0,-0.0,0,0
43,0.0,0.2871287128712871,0.21510456418218252,1.0,-0.0,0,0
44,0.0,0.24950495049504945,0.197821683069183,1.0,-0.0,0,0
45,0.0,0.24950495049504945,0.197821683069183,1.0,-0.0,0,0
46,0.0,0.06930693069306931,0.11751770396006173,1.0,-0.0,0,0
47,0.0,0.05940594059405942,0.10357779667819421,1.0,-0.0,0,0
48,0.0,0.05940594059405942,0.10357779667819421,1.0,-0.0,0,0
49,0.0,0.08514851485148514,0.1269490726718781,1.0,-0.0,0,0
50,0.0,0.08514851485148514,0.1269490726718781,1.0,-0.0,0,0
51,0.0,0.08514851485148514,0.1269490726718781,1.0,-0.0,0,0
52,0.0,0.025742574257425748,0.06697637435757531,1.0,-0.0,0,0
53,0.0,0.025742574257425748,0.06697637435757531,1.0,-0.0,0,0
54,0.0,0.0,0.0,1.0,-0.0,0,0
55,0.0,0.05148514851485149,0.096075322540263,1.0,-0.0,0,0
56,0.0,0.06930693069306931,0.11751770396006173,1.0,-0.0,0,0
57,0.0,0.06930693069306931,0.11751770396006173,1.0,-0.0,0,0
58,0.0,0.10297029702970295,0.1367627457412436,1.0,-0.0,0,0
59,0.0,0.13861386138613857,0.15604664003838054,1.0,-0.0,0,0
60,0.0,0.11089108910891085,0.14481192315867103,1.0,-0.0,0,0
61,0.0,0.09306930693069304,0.13368903310588712,1.0,-0.0,0,0
62,0.0,0.15049504950495046,0.1650824950547828,1.0,-0.0,0,0
63,0.0,0.18019801980198016,0.18131521809520149,1.0,-0.0,0,0
64,0.0,0.17623762376237617,0.16953548350894254,1.0,-0.0,0,0
65,0.0,0.3089108910891089,0.23967759281010306,1.0,-0.0,0,0
66,0.0,0.41782178217821786,0.27445573128726575,1.0,-0.0,0,0
67,0.0,0.4495049504950495,0.2791868540609373,1.0,-0.0,0,0
68,0.0,0.4099009900990099,0.27195840920194647,1.0,-0.0,0,0
69,0.0,0.3801980198019802,0.2540834048688386,1.0,-0.0,0,0
70,0.0,0.23366336633663365,0.20112418099951873,1.0,-0.0,0,0
71,0.2,0.3524752475247525,0.25196025908780173,1.0,-0.0,0,0
72,0.4,0.35049504950495053,0.2460072293778898,0.4202579120827726,0.37648410146602307,0,0
73,0.4,0.32475247524752493,0.2368965770889217,0.37537950109192664,0.4255294472334115,0,0
74,0.4,0.4237623762376238,0.26444356483093345,1.0,-0.0,0,0
75,0.6,0.6257425742574259,0.29337687901047627,1.0,-0.0,0,0
76,1.0,0.6415841584158414,0.3237366386960128,0.1341206681520764,0.8725042917028278,0,0
77,0.8,0.6178217821782178,0.3307345678592153,0.29087542365889985,0.5362929711565642,0,0
78,0.8,0.6178217821782178,0.3307345678592153,0.29087542365889985,0.5362929711565642,0,0
79,0.8,0.5188118811881188,0.2927212275981367,0.16837657191581235,0.7737183368002026,0,0
80,0.6,0.30297029702970296,0.21546883974234365,0.08402025455510521,1.0756160070195209,0,0
81,0.0,0.061386138613861385,0.10046456153636296,1.0,-0.0,0,0
82,0.0,0.0,0.0,1.0,-0.0,0,0
83,0.0,0.0,0.0,1.0,-0.0,0,0
84,0.0,0.0,0.0,1.0,-0.0,0,0
85,0.0,0.0,0.0,1.0,-0.0,0,0
86,0.0,0.0,0.0,1.0,-0.0,0,0
87,0.0,0.0,0.0,1.0,-0.0,0,0
88,0.0,0.0,0.0,1.0,-0.0,0,0
89,0.0,0.0,0.0,1.0,-0.0,0,0
90,0.0,0.03762376237623763,0.08307396817189318,1.0,-0.0,0,0
91,0.0,0.03762376237623763,0.08307396817189318,1.0,-0.0,0,0
92,0.0,0.03762376237623763,0.08307396817189318,1.0,-0.0,0,0
93,0.0,0.03762376237623763,0.08307396817189318,1.0,-0.0,0,0
94,0.0,0.10495049504950493,0.1337769960717191,1.0,-0.0,0,0
95,0.0,0.08118811881188118,0.10597297552680915,1.0,-0.0,0,0
96,0.0,0.08118811881188118,0.10597297552680915,1.0,-0.0,0,0
97,0.0,0.08118811881188118,0.10597297552680915,1.0,-0.0,0,0
98,0.0,0.09108910891089109,0.11781762202489916,1.0,-0.0,0,0
99,0.0,0.11485148514851483,0.15246238855382307,1.0,-0.0,0,0
100,0.0,0.22178217821782176,0.1968081743835003,1.0,-0.0,0,0
101,0.4,0.4336633663366337,0.2843360261850186,1.0,-0.0,0,0
102,1.0,0.6871287128712871,0.34170897418264734,0.17993640766155627,0.7448809542377159,0,0
103,1.0,0.6970297029702971,0.34881849958450745,0.1925435275518369,0.7154710758247704,0,0
104,1.2,0.7128712871287131,0.35085845678894995,0.08250901240639998,1.0834986111519362,0,0
105,1.2,0.6495049504950496,0.3542175206785946,0.06007839717996136,1.2212816623085434,0,0
106,0.8,0.4376237623762377,0.2695252463967902,0.08939365167211501,1.0486933217148626,0,0
107,0.2,0.18415841584158413,0.17504323271769956,0.4639445574865058,0.33353391560099993,0,0
108,0.2,0.16435643564356434,0.17439238698062573,0.4190254823928311,0.37775956527695465,0,0
109,0.0,0.12079207920792076,0.1594028657227573,1.0,-0.0,0,0
110,0.0,0.06732673267326733,0.1135467024699521,1.0,-0.0,0,0
111,0.0,0.09108910891089109,0.13057300215314485,1.0,-0.0,0,0
112,0.0,0.11287128712871286,0.1390657415135005,1.0,-0.0,0,0
113,0.2,0.13267326732673265,0.14698885988036148,0.32346196122332527,0.49017678455367025,0,0
114,0.2,0.06732673267326733,0.10634234916512914,0.10608783743468066,0.9743344034481476,0,0
115,0.2,0.10495049504950496,0.14513649268759365,0.25626692215589214,0.5913074470824351,0,0
116,0.6,0.36039603960396044,0.2501798196548497,0.16910022688117476,0.771855809710501,0,0
117,0.6,0.33762376237623765,0.24326633945245488,0.1403929738232058,0.8526546265806152,0,0
118,0.4,0.31881188118811893,0.23067394643047065,0.36243394083707053,0.44077113873243107,0,0
119,0.4,0.31881188118811893,0.23067394643047065,0.36243394083707053,0.44077113873243107,0,0
120,0.4,0.500990099009901,0.278075084064031,1.0,-0.0,0,0
121,0.0,0.22178217821782176,0.20079246977914247,1.0,-0.0,0,0
122,0.0,0.22178217821782176,0.20079246977914247,1.0,-0.0,0,0
123,0.0,0.22178217821782176,0.20079246977914247,1.0,-0.0,0,0
124,0.0,0.22178217821782176,0.20079246977914247,1.0,-0.0,0,0
125,0.0,0.0,0.0,1.0,-0.0,0,0
126,0.0,0.0,0.0,1.0,-0.0,0,0
127,0.0,0.0,0.0,1.0,-0.0,0,0
128,0.2,0.019801980198019802,0.0597350618970232,0.0012780474741147156,2.893453013655617,0,0
129,0.2,0.019801980198019802,0.0597350618970232,0.0012780474741147156,2.893453013655617,0,0
130,0.2,0.019801980198019802,0.0597350618970232,0.0012780474741147156,2.893453013655617,0,0
131,0.2,0.019801980198019802,0.0597350618970232,0.0012780474741147156,2.893453013655617,0,0
132,0.2,0.019801980198019802,0.0597350618970232,0.0012780474741147156,2.893453013655617,0,0
133,0.4,0.17425742574257425,0.18808754299792685,0.11503093557163209,0.9391853479827575,0,0
134,0.6,0.2158415841584158,0.21189044117854158,0.034915529975018164,1.4569813615141542,0,0
135,1.0,0.5247524752475248,0.3513498554286236,0.08808639960724597,1.0550911407534915,0,0
136,1.4,0.5485148514851486,0.34999684903422895,0.007490529655115001,2.1254874722656885,0,0
137,1.8,0.6554455445544554,0.37666468727313007,0.001188179716724296,2.925117865685894,0,0
138,1.6,0.5544554455445545,0.34340310650816036,0.0011647303811742164,2.9337745961143735,0,0
139,1.4,0.6673267326732671,0.3484360847084416,0.017743903493797276,1.7509508332454837,0,0
140,1.2,0.4752475247524752,0.30422957088488917,0.008603484272014418,2.0653256308893218,0,0
141,0.8,0.45346534653465354,0.30297676819595276,0.12636025977402643,0.8983894899344238,0,0
142,0.4,0.38613861386138615,0.256800459181253,0.4784766393289697,0.3201392609345415,0,0
143,0.2,0.31287128712871287,0.23448421017018475,1.0,-0.0,0,0
144,0.2,0.19207920792079206,0.18003474269593198,0.482453832599466,0.3165442392250553,0,0
145,0.0,0.07326732673267328,0.10425700262248067,1.0,-0.0,0,0
146,0.0,0.07326732673267328,0.10425700262248067,1.0,-0.0,0,0
147,0.0,0.0594059405940594,0.10733330877518932,1.0,-0.0,0,0
148,0.0,0.0594059405940594,0.10733330877518932,1.0,-0.0,0,0
149,0.0,0.025742574257425748,0.0669763743575753,1.0,-0.0,0,0
150,0.0,0.025742574257425748,0.0669763743575753,1.0,-0.0,0,0
151,0.0,0.06732673267326733,0.12032045569079852,1.0,-0.0,0,0
152,0.0,0.04554455445544555,0.10100951085035129,1.0,-0.0,0,0
153,0.0,0.04554455445544555,0.10100951085035129,1.0,-0.0,0,0
154,0.0,0.04554455445544555,0.10100951085035129,1.0,-0.0,0,0
155,0.0,0.05544554455445545,0.10575073206193022,1.0,-0.0,0,0
156,0.0,0.013861386138613863,0.05079507064705211,1.0,-0.0,0,0
157,0.0,0.11683168316831684,0.14146987009498416,1.0,-0.0,0,0
158,0.0,0.20198019801980194,0.16288257206082213,1.0,-0.0,0,0
159,0.0,0.22178217821782173,0.16626589726481847,1.0,-0.0,0,0
160,0.2,0.25940594059405936,0.1920077441826123,1.0,-0.0,0,0
161,0.2,0.25940594059405936,0.1920077441826123,1.0,-0.0,0,0
162,0.2,0.15247524752475247,0.1760929431716096,0.3936245635601097,0.40491780788868925,0,0
163,0.2,0.06732673267326733,0.12032045569079854,0.13508613344131232,0.8693892289128148,0,0
164,0.4,0.14257425742574256,0.19157840193976752,0.08952115188222727,1.0480743383108428,0,0
165,0.2,0.09504950495049502,0.14784005112815918,0.23888550245460688,0.6218102060266576,0,0
166,0.2,0.09504950495049502,0.14784005112815918,0.23888550245460688,0.6218102060266576,0,0
167,0.6,0.17227722772277224,0.1802741651760957,0.008831121861723287,2.053984122310577,0,0
168,0.6,0.21980198019801975,0.20000980272026075,0.028657757202186388,1.5427578011273753,0,0
169,0.4,0.24158415841584158,0.22038100524277598,0.23612372518465713,0.6268603737890657,0,0
170,0.4,0.2930693069306931,0.25572936876321906,0.3379223592891268,0.4711830713366089,0,0
171,0.8,0.38019801980198026,0.28074152235164007,0.06741381677885917,1.1712510836448933,0,0
172,0.4,0.31089108910891083,0.2555913314893078,0.3636804593371965,0.43928003309434693,0,0
173,0.4,0.2633663366336633,0.2353521786083329,0.28077195242395725,0.5516462780090726,0,0
174,0.4,0.2514851485148515,0.22977124284135111,0.259023244899049,0.5866612603264536,0,0
175,0.4,0.24158415841584158,0.21675707383145512,0.2324368914984148,0.633694941244418,0,0
176,0.0,0.1801980198019802,0.18348647776016436,1.0,-0.0,0,0
177,0.0,0.17227722772277226,0.18027416517609574,1.0,-0.0,0,0
178,0.0,0.20198019801980197,0.19598959258073068,1.0,-0.0,0,0
179,0.2,0.1386138613861386,0.15348770198080078,0.3445997140219068,0.4626850873022659,0,0
180,0.2,0.11485148514851484,0.1416914361980065,0.2739388863041897,0.5623463141913831,0,0
181,0.2,0.11683168316831684,0.14696218071508493,0.2857252863524996,0.5440513233645132,0,0
182,0.2,0.2079207920792079,0.20473753703861913,1.0,-0.0,0,0
183,0.6,0.3643564356435644,0.264606623184001,0.18658720687457298,0.7291181364429195,0,0
184,0.8,0.4871287128712872,0.3113888932491609,0.15750607317873905,0.8027026958606439,0,0
185,0.8,0.5188118811881187,0.33910565872546183,0.20349419884871245,0.691447966998485,0,0
186,0.8,0.5168316831683167,0.33568883131767185,0.19946211985546297,0.7001395696503013,0,0
187,0.8,0.4811881188118812,0.3211097314950414,0.16039298354580162,0.7948146340193775,0,0
188,0.6,0.3821782178217822,0.28437739518441574,0.22184997565127657,0.6539406146125911,0,0
189,0.6,0.3336633663366337,0.25025817470066664,0.14360829988879298,0.8428204591763313,0,0
190,0.8,0.3742574257425743,0.26649669451502134,0.05507125491378982,1.2590750270973514,0,0
191,1.0,0.4534653465346536,0.3042811221130632,0.036235301817323526,1.4408681169301585,0,0
192,1.0,0.39999999999999997,0.2965144045054269,0.021510272964628496,1.6673540783954417,0,0
193,0.8,0.31287128712871287,0.2508059746065538,0.02605322631152996,1.5841384880061609,0,0
194,0.4,0.2495049504950495,0.2113716460355311,0.2382346767446072,0.6229950236141936,0,0
195,0.8,0.297029702970297,0.2098823081542353,0.008277608459067606,2.0820951201058264,0,0
196,0.6,0.2099009900990099,0.18320845158368915,0.016616246216895576,1.779467081118669,0,0
197,0.6,0.24752475247524752,0.19528808849012488,0.035545255421855465,1.4492183606619689,0,0
198,2.0,0.5495049504950497,0.31516890407256937,2.0894701437817787e-06,5.679963830064008,0,0
199,2.0,0.5514851485148515,0.3173572373777965,2.5057728931744287e-06,5.601058293162562,0,0
200,2.0,0.6059405940594059,0.3164849587961513,5.293577521259141e-06,5.276250722556285,0,0
201,2.0,0.6356435643564357,0.3274818892780441,1.5485662509462253e-05,4.810070209871363,0,0
202,2.0,0.598019801980198,0.317783224581952,5.126919186513795e-06,5.290143528108212,0,0
203,0.8,0.33069306930693076,0.22059441491696827,0.016690726852102884,1.7775247501401692,0,0
204,0.8,0.2732673267326733,0.21196445111484613,0.00647748483625369,2.188593595021266,0,0
205,0.2,0.07920792079207921,0.14372473118118065,0.20033073582947464,0.6982524137763535,0,0
206,0.4,0.06930693069306931,0.10316052497133553,0.0006738676536446158,3.171425389719414,0,0
207,0.4,0.06930693069306931,0.10316052497133553,0.0006738676536446158,3.171425389719414,0,0
208,0.2,0.03564356435643565,0.07653920035678292,0.015882722457572503,1.7990750531077893,0,0
209,0.2,0.03564356435643565,0.07653920035678292,0.015882722457572503,1.7990750531077893,0,0
210,0.2,0.03564356435643565,0.07653920035678292,0.015882722457572503,1.7990750531077893,0,0
211,0.0,0.0,0.0,1.0,-0.0,0,0
212,0.0,0.0,0.0,1.0,-0.0,0,0
213,0.2,0.19999999999999998,0.18020889968243098,0.49999999999999994,0.30102999566398125,0,0
214,0.2,0.2633663366336634,0.2123525800943289,1.0,-0.0,0,0
215,1.6,0.5564356435643565,0.3240877040519358,0.0006409395352100688,3.193182938910527,0,0
216,1.6,0.5564356435643565,0.3240877040519358,0.0006409395352100688,3.193182938910527,0,0
217,2.2,0.7524752475247524,0.373528547931732,5.3252814460416445e-05,4.273657434418279,0,0
218,2.0,0.6158415841584158,0.3443267712500302,2.9111701820461894e-05,4.535932405704014,0,0
219,2.0,0.5504950495049505,0.32749386280282017,4.798664191793891e-06,5.3188796407226455,0,0
220,0.6,0.297029702970297,0.2526906477774142,0.11526842740024702,0.9382896318514137,0,0
221,0.8,0.37029702970297035,0.27486974573402984,0.05899141042226234,1.229211220184759,0,0
222,0.2,0.2059405940594059,0.21146438137366325,1.0,-0.0,0,0
223,0.2,0.2534653465346534,0.21413623702460577,1.0,-0.0,0,0
224,0.2,0.3920792079207921,0.26389435641913156,1.0,-0.0,0,0
225,0.2,0.41584158415841593,0.2809928201990774,1.0,-0.0,0,0
226,0.0,0.4554455445544555,0.27303764202999103,1.0,-0.0,0,0
227,0.0,0.4217821782178219,0.26980152602377977,1.0,-0.0,0,0
228,0.0,0.3405940594059407,0.25100913865332003,1.0,-0.0,0,0
229,0.0,0.201980198019802,0.18561121830416621,1.0,-0.0,0,0
230,0.0,0.1396039603960396,0.1653554275192013,1.0,-0.0,0,0
231,0.0,0.02772277227722772,0.06910862719451544,1.0,-0.0,0,0
232,0.0,0.3524752475247526,0.28164792972434227,1.0,-0.0,0,0
233,0.0,0.3247524752475248,0.2697288482954392,1.0,-0.0,0,0
234,0.0,0.3247524752475248,0.2697288482954392,1.0,-0.0,0,0
235,0.0,0.3425742574257427,0.2790885216229365,1.0,-0.0,0,0
236,0.0,0.3425742574257427,0.2790885216229365,1.0,-0.0,0,0
237,0.0,0.017821782178217824,0.05698017651460657,1.0,-0.0,0,0
238,0.0,0.017821782178217824,0.05698017651460657,1.0,-0.0,0,0
239,0.0,0.017821782178217824,0.05698017651460657,1.0,-0.0,0,0
240,0.0,0.0,0.0,1.0,-0.0,0,0
241,0.0,0.0,0.0,1.0,-0.0,0,0
242,0.0,0.0,0.0,1.0,-0.0,0,0
243,0.0,0.019801980198019802,0.059735061897023205,1.0,-0.0,0,0
244,0.0,0.019801980198019802,0.059735061897023205,1.0,-0.0,0,0
245,0.0,0.019801980198019802,0.059735061897023205,1.0,-0.0,0,0
246,0.0,0.019801980198019802,0.059735061897023205,1.0,-0.0,0,0
247,0.0,0.15247524752475247,0.15957496727054085,1.0,-0.0,0,0
248,0.0,0.22772277227722773,0.2030065169325038,1.0,-0.0,0,0
249,0.0,0.22772277227722773,0.2030065169325038,1.0,-0.0,0,0
250,0.0,0.22772277227722773,0.2030065169325038,1.0,-0.0,0,0
251,0.0,0.22772277227722773,0.2030065169325038,1.0,-0.0,0,0
252,0.0,0.09504950495049505,0.13670539084430264,1.0,-0.0,0,0
253,0.0,0.017821782178217824,0.06950466841498709,1.0,-0.0,0,0
254,0.0,0.0297029702970297,0.08150144802873932,1.0,-0.0,0,0
255,0.0,0.0297029702970297,0.08150144802873932,1.0,-0.0,0,0
256,0.0,0.0297029702970297,0.08150144802873932,1.0,-0.0,0,0
257,0.0,0.06930693069306931,0.12722675963729912,1.0,-0.0,0,0
258,0.0,0.1574257425742574,0.20164989494021332,1.0,-0.0,0,0
259,0.0,0.19603960396039602,0.21430097835197912,1.0,-0.0,0,0
260,0.0,0.19603960396039602,0.21430097835197912,1.0,-0.0,0,0
261,0.0,0.19603960396039602,0.21430097835197912,1.0,-0.0,0,0
262,0.0,0.1801980198019802,0.19397856469320326,1.0,-0.0,0,0
263,0.0,0.07326732673267328,0.1115960618107356,1.0,-0.0,0,0
264,0.0,0.023762376237623763,0.06471340450838889,1.0,-0.0,0,0
265,0.0,0.047524752475247525,0.0939707763778588,1.0,-0.0,0,0
266,0.0,0.1089108910891089,0.1449472487868919,1.0,-0.0,0,0
267,0.0,0.10495049504950495,0.13670539084430264,1.0,-0.0,0,0
268,0.0,0.15445544554455448,0.1613831014717559,1.0,-0.0,0,0
269,0.0,0.15445544554455448,0.1613831014717559,1.0,-0.0,0,0
270,0.0,0.12871287128712872,0.14781352559621008,1.0,-0.0,0,0
271,0.0,0.10495049504950495,0.1307830473343237,1.0,-0.0,0,0
272,0.0,0.08514851485148513,0.12054836637801526,1.0,-0.0,0,0
273,0.0,0.03762376237623762,0.08307396817189318,1.0,-0.0,0,0
274,0.0,0.03762376237623762,0.08307396817189318,1.0,-0.0,0,0
275,0.0,0.1584158415841584,0.18307998940714804,1.0,-0.0,0,0
276,0.0,0.11881188118811879,0.1520245363775781,1.0,-0.0,0,0
277,0.0,0.11881188118811879,0.1520245363775781,1.0,-0.0,0,0
278,0.0,0.11881188118811879,0.1520245363775781,1.0,-0.0,0,0
279,0.0,0.11881188118811879,0.1520245363775781,1.0,-0.0,0,0
280,0.0,0.04356435643564357,0.09587103712404124,1.0,-0.0,0,0
281,0.0,0.09900990099009901,0.1396566153069739,1.0,-0.0,0,0
282,0.0,0.09900990099009901,0.1396566153069739,1.0,-0.0,0,0
283,0.0,0.09900990099009901,0.1396566153069739,1.0,-0.0,0,0
284,0.0,0.09900990099009901,0.1396566153069739,1.0,-0.0,0,0
285,0.0,0.05544554455445545,0.1019369320889802,1.0,-0.0,0,0
286,0.0,0.0,0.0,1.0,-0.0,0,0
287,0.0,0.23168316831683167,0.2004602096608913,1.0,-0.0,0,0
288,0.0,0.23168316831683167,0.2004602096608913,1.0,-0.0,0,0
289,0.0,0.2891089108910891,0.2328901453938876,1.0,-0.0,0,0
290,0.0,0.2891089108910891,0.2328901453938876,1.0,-0.0,0,0
291,0.0,0.3366336633663367,0.24362069701750017,1.0,-0.0,0,0
292,0.0,0.10297029702970295,0.1308429983103508,1.0,-0.0,0,0
293,0.0,0.10297029702970295,0.1308429983103508,1.0,-0.0,0,0
294,0.0,0.06732673267326733,0.11000352009767247,1.0,-0.0,0,0
295,0.0,0.16633663366336632,0.19512739059128736,1.0,-0.0,0,0
296,0.0,0.2059405940594059,0.21517746862900788,1.0,-0.0,0,0
297,0.0,0.2059405940594059,0.21517746862900788,1.0,-0.0,0,0
298,0.0,0.2059405940594059,0.21517746862900788,1.0,-0.0,0,0
299,0.0,0.18415841584158418,0.20232934296150187,1.0,-0.0,0,0
300,0.0,0.08514851485148514,0.13304219431477882,1.0,-0.0,0,0
301,0.0,0.0,0.0,1.0,-0.0,0,0
302,0.0,0.0,0.0,1.0,-0.0,0,0
303,0.0,0.0,0.0,1.0,-0.0,0,0
304,0.0,0.0,0.0,1.0,-0.0,0,0
305,0.0,0.08118811881188118,0.11999411807954946,1.0,-0.0,0,0
306,0.0,0.08118811881188118,0.11999411807954946,1.0,-0.0,0,0
307,0.0,0.2633663366336633,0.22148140850266032,1.0,-0.0,0,0
308,0.0,0.2633663366336633,0.22148140850266032,1.0,-0.0,0,0
309,0.0,0.27722772277227725,0.2179477583506235,1.0,-0.0,0,0
310,0.0,0.19603960396039602,0.18235032765499148,1.0,-0.0,0,0
311,0.0,0.21188118811881182,0.19462435446028697,1.0,-0.0,0,0
312,0.0,0.0297029702970297,0.08150144802873932,1.0,-0.0,0,0
313,0.0,0.07524752475247526,0.12219602867755658,1.0,-0.0,0,0
314,0.0,0.1168316831683168,0.1442421691205886,1.0,-0.0,0,0
315,0.0,0.1168316831683168,0.1442421691205886,1.0,-0.0,0,0
316,0.0,0.15247524752475247,0.17832779885020877,1.0,-0.0,0,0
317,0.0,0.3504950495049505,0.24276613950537687,1.0,-0.0,0,0
318,0.0,0.3108910891089109,0.2259856256267264,1.0,-0.0,0,0
319,0.0,0.42376237623762386,0.2674220585447911,1.0,-0.0,0,0
320,0.0,0.42376237623762386,0.2674220585447911,1.0,-0.0,0,0
321,0.0,0.3742574257425743,0.25895963420546575,1.0,-0.0,0,0
322,0.0,0.2356435643564356,0.2094708838274517,1.0,-0.0,0,0
323,0.0,0.23762376237623759,0.21380637356249121,1.0,-0.0,0,0
324,0.0,0.06930693069306931,0.12407485305204391,1.0,-0.0,0,0
325,0.0,0.23366336633663365,0.20694727301051719,1.0,-0.0,0,0
326,0.0,0.2851485148514852,0.23096274553383495,1.0,-0.0,0,0
327,0.0,0.27128712871287125,0.2154142376787709,1.0,-0.0,0,0
328,0.0,0.44950495049504957,0.28757220785042464,1.0,-0.0,0,0
