,foreground,bg_means,bg_stdev,pvals,minus_logs,regs,active
2,0.0,0.0,0.0,1.0,-0.0,0,0
3,0.0,0.0,0.0,1.0,-0.0,0,0
4,0.0,0.041584158415841586,0.08116396646304633,1.0,-0.0,0,0
5,0.2,0.1504950495049505,0.1473352494078279,0.36843464837398976,0.4336395345825325,0,0
6,0.2,0.1504950495049505,0.1473352494078279,0.36843464837398976,0.4336395345825325,0,0
7,0.2,0.1504950495049505,0.1473352494078279,0.36843464837398976,0.4336395345825325,0,0
8,0.2,0.1504950495049505,0.1473352494078279,0.36843464837398976,0.4336395345825325,0,0
9,0.2,0.1069306930693069,0.13368903310588712,0.2431634985045642,0.6141016168491318,0,0
10,0.0,0.0,0.0,1.0,-0.0,0,0
11,0.0,0.0,0.0,1.0,-0.0,0,0
12,0.0,0.023762376237623766,0.06471340450838887,1.0,-0.0,0,0
13,0.0,0.023762376237623766,0.06471340450838887,1.0,-0.0,0,0
14,0.0,0.023762376237623766,0.06471340450838887,1.0,-0.0,0,0
15,0.0,0.06534653465346535,0.12302752132284411,1.0,-0.0,0,0
16,0.0,0.06534653465346535,0.12302752132284411,1.0,-0.0,0,0
17,0.0,0.041584158415841586,0.09039772047931348,1.0,-0.0,0,0
18,0.0,0.041584158415841586,0.09039772047931348,1.0,-0.0,0,0
19,0.2,0.0712871287128713,0.11461224656227946,0.1307125990009052,0.8836825500410105,0,0
20,0.2,0.0594059405940594,0.11096178792967841,0.10256882529016816,0.9889846183837064,0,0
21,0.2,0.0594059405940594,0.11096178792967841,0.10256882529016816,0.9889846183837064,0,0
22,0.2,0.0594059405940594,0.11096178792967841,0.10256882529016816,0.9889846183837064,0,0
23,0.2,0.0594059405940594,0.11096178792967841,0.10256882529016816,0.9889846183837064,0,0
24,0.0,0.0297029702970297,0.07112192077650681,1.0,-0.0,0,0
25,0.0,0.025742574257425748,0.06697637435757531,1.0,-0.0,0,0
26,0.0,0.025742574257425748,0.06697637435757531,1.0,-0.0,0,0
27,0.0,0.025742574257425748,0.06697637435757531,1.0,-0.0,0,0
28,0.0,0.025742574257425748,0.06697637435757531,1.0,-0.0,0,0
29,0.0,0.025742574257425748,0.06697637435757531,1.0,-0.0,0,0
30,0.0,0.0,0.0,1.0,-0.0,0,0
31,0.0,0.0,0.0,1.0,-0.0,0,0
32,0.0,0.0059405940594059415,0.03395332316729158,1.0,-0.0,0,0
33,0.0,0.061386138613861385,0.10046456153636296,1.0,-0.0,0,0
34,0.0,0.061386138613861385,0.10046456153636296,1.0,-0.0,0,0
35,0.0,0.07524752475247526,0.10474480123119365,1.0,-0.0,0,0
36,0.0,0.07524752475247526,0.10474480123119365,1.0,-0.0,0,0
37,0.2,0.08514851485148514,0.11378818137472192,0.15640470144165336,0.8057501964201678,0,0
38,0.2,0.0297029702970297,0.07112192077650681,0.008322928729312118,2.079723824290396,0,0
39,0.2,0.0297029702970297,0.07112192077650681,0.008322928729312118,2.079723824290396,0,0
40,0.2,0.015841584158415842,0.05401260078014202,0.00032535620257014524,3.4876409094885674,0,0
41,0.2,0.015841584158415842,0.05401260078014202,0.00032535620257014524,3.4876409094885674,0,0
42,0.0,0.0,0.0,1.0,-0.0,0,0
43,0.0,0.0,0.0,1.0,-0.0,0,0
44,0.0,0.0,0.0,1.0,-0.0,0,0
45,0.0,0.023762376237623766,0.06471340450838889,1.0,-0.0,0,0
46,0.0,0.023762376237623766,0.06471340450838889,1.0,-0.0,0,0
47,0.0,0.023762376237623766,0.06471340450838889,1.0,-0.0,0,0
48,0.0,0.023762376237623766,0.06471340450838889,1.0,-0.0,0,0
49,0.0,0.023762376237623766,0.06471340450838889,1.0,-0.0,0,0
50,0.0,0.019801980198019806,0.0597350618970232,1.0,-0.0,0,0
51,0.0,0.019801980198019806,0.0597350618970232,1.0,-0.0,0,0
52,0.0,0.019801980198019806,0.0597350618970232,1.0,-0.0,0,0
53,0.0,0.06534653465346536,0.10571364605971598,1.0,-0.0,0,0
54,0.0,0.06534653465346536,0.10571364605971598,1.0,-0.0,0,0
55,0.0,0.04554455445544555,0.08387254884969257,1.0,-0.0,0,0
56,0.0,0.04554455445544555,0.08387254884969257,1.0,-0.0,0,0
57,0.0,0.04554455445544555,0.08387254884969257,1.0,-0.0,0,0
58,0.0,0.0,0.0,1.0,-0.0,0,0
59,0.0,0.0,0.0,1.0,-0.0,0,0
60,0.0,0.0,0.0,1.0,-0.0,0,0
61,0.0,0.0,0.0,1.0,-0.0,0,0
62,0.0,0.0,0.0,1.0,-0.0,0,0
63,0.0,0.0,0.0,1.0,-0.0,0,0
64,0.0,0.0,0.0,1.0,-0.0,0,0
65,0.0,0.0,0.0,1.0,-0.0,0,0
66,0.0,0.0,0.0,1.0,-0.0,0,0
67,0.0,0.0,0.0,1.0,-0.0,0,0
68,0.0,0.0,0.0,1.0,-0.0,0,0
69,0.0,0.0,0.0,1.0,-0.0,0,0
70,0.0,0.021782178217821784,0.06230547612891991,1.0,-0.0,0,0
71,0.0,0.021782178217821784,0.06230547612891991,1.0,-0.0,0,0
72,0.0,0.021782178217821784,0.06230547612891991,1.0,-0.0,0,0
73,0.0,0.021782178217821784,0.06230547612891991,1.0,-0.0,0,0
74,0.0,0.021782178217821784,0.06230547612891991,1.0,-0.0,0,0
75,0.0,0.0,0.0,1.0,-0.0,0,0
76,0.0,0.0,0.0,1.0,-0.0,0,0
77,0.0,0.0,0.0,1.0,-0.0,0,0
78,0.0,0.0,0.0,1.0,-0.0,0,0
79,0.0,0.0,0.0,1.0,-0.0,0,0
80,0.0,0.0,0.0,1.0,-0.0,0,0
81,0.0,0.0,0.0,1.0,-0.0,0,0
82,0.0,0.0,0.0,1.0,-0.0,0,0
83,0.0,0.0,0.0,1.0,-0.0,0,0
84,0.0,0.0,0.0,1.0,-0.0,0,0
85,0.0,0.0,0.0,1.0,-0.0,0,0
86,0.0,0.0,0.0,1.0,-0.0,0,0
87,0.0,0.0,0.0,1.0,-0.0,0,0
88,0.0,0.0,0.0,1.0,-0.0,0,0
89,0.0,0.0,0.0,1.0,-0.0,0,0
90,0.0,0.0,0.0,1.0,-0.0,0,0
91,0.0,0.0,0.0,1.0,-0.0,0,0
92,0.0,0.0,0.0,1.0,-0.0,0,0
93,0.0,0.0,0.0,1.0,-0.0,0,0
94,0.0,0.0,0.0,1.0,-0.0,0,0
95,0.0,0.0,0.0,1.0,-0.0,0,0
96,0.0,0.0,0.0,1.0,-0.0,0,0
97,0.0,0.0,0.0,1.0,-0.0,0,0
98,0.0,0.0,0.0,1.0,-0.0,0,0
99,0.0,0.0,0.0,1.0,-0.0,0,0
100,0.0,0.0,0.0,1.0,-0.0,0,0
101,0.0,0.0,0.0,1.0,-0.0,0,0
102,0.0,0.0,0.0,1.0,-0.0,0,0
103,0.0,0.0,0.0,1.0,-0.0,0,0
104,0.0,0.0,0.0,1.0,-0.0,0,0
105,0.0,0.0,0.0,1.0,-0.0,0,0
106,0.0,0.0,0.0,1.0,-0.0,0,0
107,0.0,0.0,0.0,1.0,-0.0,0,0
108,0.0,0.0,0.0,1.0,-0.0,0,0
109,0.0,0.0,0.0,1.0,-0.0,0,0
110,0.0,0.0,0.0,1.0,-0.0,0,0
111,0.0,0.0,0.0,1.0,-0.0,0,0
112,0.0,0.0,0.0,1.0,-0.0,0,0
113,0.0,0.0,0.0,1.0,-0.0,0,0
114,0.0,0.0,0.0,1.0,-0.0,0,0
115,0.0,0.0,0.0,1.0,-0.0,0,0
116,0.0,0.0,0.0,1.0,-0.0,0,0
117,0.0,0.0,0.0,1.0,-0.0,0,0
118,0.0,0.0,0.0,1.0,-0.0,0,0
119,0.0,0.0,0.0,1.0,-0.0,0,0
120,0.0,0.0,0.0,1.0,-0.0,0,0
121,0.0,0.0,0.0,1.0,-0.0,0,0
122,0.0,0.0,0.0,1.0,-0.0,0,0
123,0.0,0.0,0.0,1.0,-0.0,0,0
124,0.0,0.0,0.0,1.0,-0.0,0,0
125,0.0,0.0,0.0,1.0,-0.0,0,0
126,0.0,0.0,0.0,1.0,-0.0,0,0
127,0.0,0.0,0.0,1.0,-0.0,0,0
128,0.0,0.0,0.0,1.0,-0.0,0,0
129,0.0,0.0,0.0,1.0,-0.0,0,0
130,0.0,0.0,0.0,1.0,-0.0,0,0
131,0.0,0.0,0.0,1.0,-0.0,0,0
132,0.0,0.0,0.0,1.0,-0.0,0,0
133,0.0,0.0,0.0,1.0,-0.0,0,0
134,0.0,0.0,0.0,1.0,-0.0,0,0
135,0.0,0.0,0.0,1.0,-0.0,0,0
136,0.0,0.0,0.0,1.0,-0.0,0,0
137,0.0,0.0,0.0,1.0,-0.0,0,0
138,0.0,0.0,0.0,1.0,-0.0,0,0
139,0.0,0.0,0.0,1.0,-0.0,0,0
140,0.0,0.0,0.0,1.0,-0.0,0,0
141,0.0,0.0,0.0,1.0,-0.0,0,0
142,0.0,0.0,0.0,1.0,-0.0,0,0
143,0.0,0.0,0.0,1.0,-0.0,0,0
144,0.0,0.0,0.0,1.0,-0.0,0,0
145,0.0,0.0,0.0,1.0,-0.0,0,0
146,0.0,0.0,0.0,1.0,-0.0,0,0
147,0.0,0.0,0.0,1.0,-0.0,0,0
148,0.0,0.0,0.0,1.0,-0.0,0,0
149,0.0,0.0,0.0,1.0,-0.0,0,0
150,0.0,0.0,0.0,1.0,-0.0,0,0
151,0.0,0.0,0.0,1.0,-0.0,0,0
152,0.0,0.0,0.0,1.0,-0.0,0,0
153,0.0,0.0,0.0,1.0,-0.0,0,0
154,0.0,0.0,0.0,1.0,-0.0,0,0
155,0.0,0.0,0.0,1.0,-0.0,0,0
156,0.0,0.0,0.0,1.0,-0.0,0,0
157,0.0,0.0,0.0,1.0,-0.0,0,0
158,0.0,0.0,0.0,1.0,-0.0,0,0
159,0.0,0.0,0.0,1.0,-0.0,0,0
160,0.0,0.0,0.0,1.0,-0.0,0,0
161,0.0,0.0,0.0,1.0,-0.0,0,0
162,0.0,0.0,0.0,1.0,-0.0,0,0
163,0.0,0.0,0.0,1.0,-0.0,0,0
164,0.0,0.0,0.0,1.0,-0.0,0,0
165,0.0,0.0,0.0,1.0,-0.0,0,0
166,0.0,0.0,0.0,1.0,-0.0,0,0
167,0.0,0.0,0.0,1.0,-0.0,0,0
168,0.0,0.0,0.0,1.0,-0.0,0,0
169,0.0,0.0,0.0,1.0,-0.0,0,0
170,0.0,0.009900990099009901,0.04338396495090424,1.0,-0.0,0,0
171,0.0,0.009900990099009901,0.04338396495090424,1.0,-0.0,0,0
172,0.0,0.009900990099009901,0.04338396495090424,1.0,-0.0,0,0
173,0.0,0.027722772277227727,0.06910862719451544,1.0,-0.0,0,0
174,0.0,0.027722772277227727,0.06910862719451544,1.0,-0.0,0,0
175,0.0,0.017821782178217824,0.056980176514606566,1.0,-0.0,0,0
176,0.0,0.017821782178217824,0.056980176514606566,1.0,-0.0,0,0
177,0.0,0.017821782178217824,0.056980176514606566,1.0,-0.0,0,0
178,0.0,0.0,0.0,1.0,-0.0,0,0
179,0.0,0.0,0.0,1.0,-0.0,0,0
180,0.0,0.0,0.0,1.0,-0.0,0,0
181,0.0,0.0,0.0,1.0,-0.0,0,0
182,0.0,0.0,0.0,1.0,-0.0,0,0
183,0.0,0.0,0.0,1.0,-0.0,0,0
184,0.0,0.0,0.0,1.0,-0.0,0,0
185,0.0,0.0,0.0,1.0,-0.0,0,0
186,0.0,0.0,0.0,1.0,-0.0,0,0
187,0.0,0.0,0.0,1.0,-0.0,0,0
188,0.0,0.0,0.0,1.0,-0.0,0,0
189,0.0,0.0039603960396039604,0.027863855998951068,1.0,-0.0,0,0
190,0.0,0.0039603960396039604,0.027863855998951068,1.0,-0.0,0,0
191,0.0,0.0039603960396039604,0.027863855998951068,1.0,-0.0,0,0
192,0.0,0.0039603960396039604,0.027863855998951068,1.0,-0.0,0,0
193,0.0,0.0039603960396039604,0.027863855998951068,1.0,-0.0,0,0
194,0.0,0.0,0.0,1.0,-0.0,0,0
195,0.0,0.0,0.0,1.0,-0.0,0,0
196,0.0,0.0,0.0,1.0,-0.0,0,0
197,0.0,0.0,0.0,1.0,-0.0,0,0
198,0.0,0.0,0.0,1.0,-0.0,0,0
199,0.0,0.0,0.0,1.0,-0.0,0,0
200,0.0,0.0,0.0,1.0,-0.0,0,0
201,0.0,0.0,0.0,1.0,-0.0,0,0
202,0.0,0.0,0.0,1.0,-0.0,0,0
203,0.0,0.0,0.0,1.0,-0.0,0,0
204,0.0,0.0,0.0,1.0,-0.0,0,0
205,0.0,0.0,0.0,1.0,-0.0,0,0
206,0.0,0.0,0.0,1.0,-0.0,0,0
207,0.0,0.0,0.0,1.0,-0.0,0,0
208,0.0,0.0,0.0,1.0,-0.0,0,0
209,0.0,0.0,0.0,1.0,-0.0,0,0
210,0.0,0.0,0.0,1.0,-0.0,0,0
211,0.0,0.0,0.0,1.0,-0.0,0,0
212,0.0,0.0,0.0,1.0,-0.0,0,0
213,0.0,0.0,0.0,1.0,-0.0,0,0
214,0.0,0.0,0.0,1.0,-0.0,0,0
215,0.0,0.0,0.0,1.0,-0.0,0,0
216,0.0,0.0,0.0,1.0,-0.0,0,0
217,0.0,0.0,0.0,1.0,-0.0,0,0
218,0.0,0.0,0.0,1.0,-0.0,0,0
219,0.0,0.0,0.0,1.0,-0.0,0,0
220,0.0,0.021782178217821784,0.06230547612891991,1.0,-0.0,0,0
221,0.0,0.021782178217821784,0.06230547612891991,1.0,-0.0,0,0
222,0.0,0.04950495049504951,0.09504950495049506,1.0,-0.0,0,0
223,0.0,0.04950495049504951,0.09504950495049506,1.0,-0.0,0,0
224,0.0,0.06534653465346535,0.11641139371642828,1.0,-0.0,0,0
225,0.0,0.04356435643564357,0.09164702150816742,1.0,-0.0,0,0
226,0.0,0.04356435643564357,0.09164702150816742,1.0,-0.0,0,0
227,0.0,0.015841584158415842,0.05401260078014202,1.0,-0.0,0,0
228,0.0,0.015841584158415842,0.05401260078014202,1.0,-0.0,0,0
229,0.0,0.0,0.0,1.0,-0.0,0,0
230,0.0,0.0,0.0,1.0,-0.0,0,0
231,0.0,0.0,0.0,1.0,-0.0,0,0
232,0.0,0.017821782178217824,0.056980176514606566,1.0,-0.0,0,0
233,0.0,0.017821782178217824,0.056980176514606566,1.0,-0.0,0,0
234,0.0,0.017821782178217824,0.056980176514606566,1.0,-0.0,0,0
235,0.0,0.017821782178217824,0.056980176514606566,1.0,-0.0,0,0
236,0.0,0.017821782178217824,0.056980176514606566,1.0,-0.0,0,0
237,0.0,0.0,0.0,1.0,-0.0,0,0
238,0.0,0.0,0.0,1.0,-0.0,0,0
239,0.0,0.0,0.0,1.0,-0.0,0,0
240,0.0,0.0,0.0,1.0,-0.0,0,0
241,0.0,0.0,0.0,1.0,-0.0,0,0
242,0.0,0.0,0.0,1.0,-0.0,0,0
243,0.0,0.0,0.0,1.0,-0.0,0,0
244,0.0,0.0,0.0,1.0,-0.0,0,0
245,0.0,0.0,0.0,1.0,-0.0,0,0
246,0.0,0.0,0.0,1.0,-0.0,0,0
247,0.0,0.0,0.0,1.0,-0.0,0,0
248,0.0,0.021782178217821784,0.06230547612891991,1.0,-0.0,0,0
249,0.0,0.021782178217821784,0.06230547612891991,1.0,-0.0,0,0
250,0.0,0.021782178217821784,0.06230547612891991,1.0,-0.0,0,0
251,0.0,0.021782178217821784,0.06230547612891991,1.0,-0.0,0,0
252,0.0,0.021782178217821784,0.06230547612891991,1.0,-0.0,0,0
253,0.0,0.0,0.0,1.0,-0.0,0,0
254,0.0,0.0,0.0,1.0,-0.0,0,0
255,0.0,0.0,0.0,1.0,-0.0,0,0
256,0.0,0.0,0.0,1.0,-0.0,0,0
257,0.0,0.0,0.0,1.0,-0.0,0,0
258,0.0,0.011881188118811883,0.04727657974777555,1.0,-0.0,0,0
259,0.0,0.011881188118811883,0.04727657974777555,1.0,-0.0,0,0
260,0.0,0.011881188118811883,0.04727657974777555,1.0,-0.0,0,0
261,0.0,0.011881188118811883,0.04727657974777555,1.0,-0.0,0,0
262,0.0,0.011881188118811883,0.04727657974777555,1.0,-0.0,0,0
263,0.0,0.0,0.0,1.0,-0.0,0,0
264,0.0,0.025742574257425748,0.06697637435757531,1.0,-0.0,0,0
265,0.0,0.025742574257425748,0.06697637435757531,1.0,-0.0,0,0
266,0.0,0.025742574257425748,0.06697637435757531,1.0,-0.0,0,0
267,0.0,0.03762376237623763,0.08307396817189318,1.0,-0.0,0,0
268,0.0,0.03762376237623763,0.08307396817189318,1.0,-0.0,0,0
269,0.0,0.011881188118811883,0.047276579747775535,1.0,-0.0,0,0
270,0.0,0.011881188118811883,0.047276579747775535,1.0,-0.0,0,0
271,0.0,0.011881188118811883,0.047276579747775535,1.0,-0.0,0,0
272,0.0,0.0,0.0,1.0,-0.0,0,0
273,0.0,0.04554455445544555,0.08846854615322249,1.0,-0.0,0,0
274,0.2,0.09900990099009899,0.11814997140733702,0.19634147562349946,0.7069879493466559,0,0
275,0.2,0.09900990099009899,0.11814997140733702,0.19634147562349946,0.7069879493466559,0,0
276,0.2,0.09900990099009899,0.11814997140733702,0.19634147562349946,0.7069879493466559,0,0
277,0.2,0.09900990099009899,0.11814997140733702,0.19634147562349946,0.7069879493466559,0,0
278,0.2,0.05346534653465347,0.09287951999650358,0.05731896239780438,1.2417016799108866,0,0
279,0.0,0.0,0.0,1.0,-0.0,0,0
280,0.0,0.0,0.0,1.0,-0.0,0,0
281,0.0,0.0,0.0,1.0,-0.0,0,0
282,0.0,0.0,0.0,1.0,-0.0,0,0
283,0.0,0.0,0.0,1.0,-0.0,0,0
284,0.0,0.0,0.0,1.0,-0.0,0,0
285,0.0,0.0,0.0,1.0,-0.0,0,0
286,0.0,0.0,0.0,1.0,-0.0,0,0
287,0.0,0.0,0.0,1.0,-0.0,0,0
288,0.0,0.0,0.0,1.0,-0.0,0,0
289,0.0,0.0,0.0,1.0,-0.0,0,0
290,0.0,0.041584158415841586,0.08590499787518362,1.0,-0.0,0,0
291,0.0,0.041584158415841586,0.08590499787518362,1.0,-0.0,0,0
292,0.0,0.041584158415841586,0.08590499787518362,1.0,-0.0,0,0
293,0.0,0.041584158415841586,0.08590499787518362,1.0,-0.0,0,0
294,0.0,0.041584158415841586,0.08590499787518362,1.0,-0.0,0,0
295,0.0,0.0,0.0,1.0,-0.0,0,0
296,0.0,0.0,0.0,1.0,-0.0,0,0
297,0.0,0.0,0.0,1.0,-0.0,0,0
298,0.0,0.0,0.0,1.0,-0.0,0,0
299,0.0,0.0,0.0,1.0,-0.0,0,0
300,0.0,0.0,0.0,1.0,-0.0,0,0
301,0.0,0.0059405940594059415,0.033953323167291584,1.0,-0.0,0,0
302,0.0,0.0059405940594059415,0.033953323167291584,1.0,-0.0,0,0
303,0.0,0.0059405940594059415,0.033953323167291584,1.0,-0.0,0,0
304,0.0,0.033663366336633666,0.07482947971362847,1.0,-0.0,0,0
305,0.2,0.06930693069306931,0.10316052497133552,0.10259725727169978,0.9888642490457182,0,0
306,0.2,0.06336633663366338,0.10120342446875752,0.08849366552547523,1.0530878154692966,0,0
307,0.2,0.06336633663366338,0.10120342446875752,0.08849366552547523,1.0530878154692966,0,0
308,0.2,0.06336633663366338,0.10120342446875752,0.08849366552547523,1.0530878154692966,0,0
309,0.2,0.03564356435643565,0.07653920035678292,0.015882722457572503,1.7990750531077893,0,0
310,0.0,0.0,0.0,1.0,-0.0,0,0
311,0.0,0.021782178217821784,0.06230547612891991,1.0,-0.0,0,0
312,0.0,0.021782178217821784,0.06230547612891991,1.0,-0.0,0,0
313,0.0,0.049504950495049514,0.09078727434730813,1.0,-0.0,0,0
314,0.0,0.07920792079207921,0.11285391563386142,1.0,-0.0,0,0
315,0.0,0.07920792079207921,0.11285391563386142,1.0,-0.0,0,0
316,0.0,0.05742574257425742,0.10277971700879983,1.0,-0.0,0,0
317,0.0,0.05742574257425742,0.10277971700879983,1.0,-0.0,0,0
318,0.0,0.0297029702970297,0.08150144802873932,1.0,-0.0,0,0
319,0.0,0.0,0.0,1.0,-0.0,0,0
320,0.0,0.0,0.0,1.0,-0.0,0,0
321,0.0,0.0,0.0,1.0,-0.0,0,0
322,0.0,0.0,0.0,1.0,-0.0,0,0
323,0.0,0.039603960396039604,0.07970143286137867,1.0,-0.0,0,0
324,0.4,0.11287128712871286,0.13024224675172555,0.013741989634856708,1.861950383369425,0,0
325,0.4,0.11287128712871286,0.13024224675172555,0.013741989634856708,1.861950383369425,0,0
326,0.4,0.11287128712871286,0.13024224675172555,0.013741989634856708,1.861950383369425,0,0
327,0.4,0.11287128712871286,0.13024224675172555,0.013741989634856708,1.861950383369425,0,0
328,0.4,0.07326732673267328,0.11509022642946842,0.0022632803634886505,2.6452616445542345,0,0
329,0.0,0.047524752475247525,0.08965727859541998,1.0,-0.0,0,0
330,0.0,0.07524752475247524,0.11553229422427584,1.0,-0.0,0,0
331,0.0,0.09504950495049502,0.13078304733432372,1.0,-0.0,0,0
332,0.0,0.12277227722772276,0.15148191286261609,1.0,-0.0,0,0
333,0.0,0.15049504950495046,0.15772124951873168,1.0,-0.0,0,0
334,0.0,0.10099009900990098,0.12467387119760154,1.0,-0.0,0,0
335,0.0,0.07326732673267328,0.1115960618107356,1.0,-0.0,0,0
336,0.0,0.05346534653465347,0.08851285797476045,1.0,-0.0,0,0
337,0.0,0.025742574257425748,0.0669763743575753,1.0,-0.0,0,0
338,0.0,0.0,0.0,1.0,-0.0,0,0
339,0.0,0.0,0.0,1.0,-0.0,0,0
340,0.0,0.0,0.0,1.0,-0.0,0,0
341,0.0,0.031683168316831684,0.0730260947112308,1.0,-0.0,0,0
342,0.0,0.031683168316831684,0.0730260947112308,1.0,-0.0,0,0
343,0.0,0.031683168316831684,0.0730260947112308,1.0,-0.0,0,0
344,0.0,0.031683168316831684,0.0730260947112308,1.0,-0.0,0,0
345,0.0,0.031683168316831684,0.0730260947112308,1.0,-0.0,0,0
346,0.0,0.0,0.0,1.0,-0.0,0,0
347,0.0,0.0,0.0,1.0,-0.0,0,0
348,0.0,0.04554455445544555,0.08387254884969257,1.0,-0.0,0,0
349,0.0,0.08118811881188118,0.12325042629382525,1.0,-0.0,0,0
350,0.0,0.0891089108910891,0.12734998170941408,1.0,-0.0,0,0
351,0.0,0.0891089108910891,0.12734998170941408,1.0,-0.0,0,0
352,0.0,0.0891089108910891,0.12734998170941408,1.0,-0.0,0,0
353,0.0,0.04356435643564357,0.09587103712404124,1.0,-0.0,0,0
354,0.0,0.007920792079207921,0.03900537743285587,1.0,-0.0,0,0
355,0.0,0.02772277227722773,0.06910862719451544,1.0,-0.0,0,0
