,foreground,bg_means,bg_stdev,pvals,minus_logs,regs,active
2,0.4,0.1584158415841584,0.15496235680407014,0.059499836472546516,1.2254842278709173,0,0
3,0.4,0.20198019801980197,0.165296132710568,0.11546435537576423,0.937552064713829,0,0
4,0.2,0.18019801980198016,0.16531985318607367,0.4523287890051053,0.344545770184289,0,0
5,0.2,0.18019801980198016,0.16531985318607367,0.4523287890051053,0.344545770184289,0,0
6,0.2,0.15643564356435644,0.16314716771521567,0.39472499407136286,0.40370537311397997,0,0
7,0.2,0.15643564356435644,0.16314716771521567,0.39472499407136286,0.40370537311397997,0,0
8,0.2,0.1881188118811881,0.17760069168141515,0.4733313247642605,0.3248347532499489,0,0
9,0.2,0.1881188118811881,0.17760069168141515,0.4733313247642605,0.3248347532499489,0,0
10,0.2,0.1881188118811881,0.17760069168141515,0.4733313247642605,0.3248347532499489,0,0
11,0.2,0.28118811881188116,0.22370103426252744,1.0,-0.0,0,0
12,0.2,0.30297029702970296,0.23481842386627264,1.0,-0.0,0,0
13,0.0,0.15247524752475247,0.1715359035858037,1.0,-0.0,0,0
14,0.0,0.15247524752475247,0.1715359035858037,1.0,-0.0,0,0
15,0.0,0.15247524752475247,0.1715359035858037,1.0,-0.0,0,0
16,0.0,0.057425742574257435,0.09885135821266286,1.0,-0.0,0,0
17,0.0,0.061386138613861385,0.10046456153636296,1.0,-0.0,0,0
18,0.0,0.025742574257425748,0.06697637435757531,1.0,-0.0,0,0
19,0.0,0.025742574257425748,0.06697637435757531,1.0,-0.0,0,0
20,0.0,0.1188118811881188,0.1467218499235066,1.0,-0.0,0,0
21,0.0,0.1188118811881188,0.1467218499235066,1.0,-0.0,0,0
22,0.0,0.18217821782178217,0.18042635951740818,1.0,-0.0,0,0
23,0.0,0.18217821782178217,0.18042635951740818,1.0,-0.0,0,0
24,0.0,0.23564356435643566,0.2113530940851696,1.0,-0.0,0,0
25,0.0,0.14257425742574253,0.1575471230171571,1.0,-0.0,0,0
26,0.0,0.14257425742574253,0.1575471230171571,1.0,-0.0,0,0
27,0.0,0.39603960396039606,0.22860783666790988,1.0,-0.0,0,0
28,0.0,0.4356435643564357,0.2570141416211099,1.0,-0.0,0,0
29,0.0,0.38217821782178224,0.24871791632645673,1.0,-0.0,0,0
30,0.0,0.38217821782178224,0.24871791632645673,1.0,-0.0,0,0
31,0.0,0.38217821782178224,0.24871791632645673,1.0,-0.0,0,0
32,0.0,0.039603960396039604,0.08452453849668534,1.0,-0.0,0,0
33,0.0,0.06336633663366337,0.10120342446875752,1.0,-0.0,0,0
34,0.0,0.12475247524752472,0.1374491377352735,1.0,-0.0,0,0
35,0.0,0.16831683168316827,0.1585395556534503,1.0,-0.0,0,0
36,0.0,0.2079207920792079,0.18003474269593195,1.0,-0.0,0,0
37,0.0,0.2079207920792079,0.18003474269593195,1.0,-0.0,0,0
38,0.0,0.16831683168316827,0.15085938181973002,1.0,-0.0,0,0
39,0.0,0.14653465346534653,0.1459447585955507,1.0,-0.0,0,0
40,0.0,0.10099009900990098,0.13679141417164786,1.0,-0.0,0,0
41,0.0,0.1287128712871287,0.15816812315022463,1.0,-0.0,0,0
42,0.0,0.18217821782178217,0.18260818825185748,1.0,-0.0,0,0
43,0.0,0.22772277227722773,0.17582552776572763,1.0,-0.0,0,0
44,0.0,0.38811881188118813,0.2482760874242769,1.0,-0.0,0,0
45,0.0,0.38811881188118813,0.2482760874242769,1.0,-0.0,0,0
46,0.0,0.3188118811881188,0.23910429858413587,1.0,-0.0,0,0
47,0.0,0.26732673267326734,0.22210019632174183,1.0,-0.0,0,0
48,0.0,0.2316831683168317,0.20046020966089131,1.0,-0.0,0,0
49,0.0,0.03366336633663366,0.07482947971362845,1.0,-0.0,0,0
50,0.0,0.03366336633663366,0.07482947971362845,1.0,-0.0,0,0
51,0.0,0.30891089108910885,0.24295988745282038,1.0,-0.0,0,0
52,0.0,0.30891089108910885,0.24295988745282038,1.0,-0.0,0,0
53,0.0,0.2752475247524752,0.22838474598108222,1.0,-0.0,0,0
54,0.0,0.2752475247524752,0.22838474598108222,1.0,-0.0,0,0
55,0.0,0.30297029702970296,0.24310509708075734,1.0,-0.0,0,0
56,0.4,0.11089108910891086,0.12734998170941408,0.01159796780577577,1.935618101122666,0,0
57,0.4,0.14059405940594058,0.1450013436754282,0.03680822037148729,1.4340551796064855,0,0
58,0.6,0.38811881188118824,0.24986615375962387,0.19822490332090603,0.7028417852924921,0,0
59,0.6,0.38811881188118824,0.24986615375962387,0.19822490332090603,0.7028417852924921,0,0
60,0.6,0.3821782178217822,0.2503051759546637,0.1920887713088249,0.7164980214014245,0,0
61,0.2,0.297029702970297,0.22622841587085504,1.0,-0.0,0,0
62,0.4,0.3801980198019802,0.25871724769234955,0.4694951117786294,0.3283689250988695,0,0
63,0.2,0.13267326732673265,0.13867042693078493,0.31365512751484126,0.5035476083874488,0,0
64,0.2,0.13267326732673265,0.13867042693078493,0.31365512751484126,0.5035476083874488,0,0
65,0.2,0.1099009900990099,0.11731733262256336,0.22124536880644685,0.6551258113549066,0,0
66,0.2,0.1099009900990099,0.11731733262256336,0.22124536880644685,0.6551258113549066,0,0
67,0.2,0.021782178217821784,0.06230547612891991,0.002115616449879084,2.6745630648030154,0,0
68,0.2,0.021782178217821784,0.06230547612891991,0.002115616449879084,2.6745630648030154,0,0
69,0.2,0.021782178217821784,0.06230547612891991,0.002115616449879084,2.6745630648030154,0,0
70,0.2,0.021782178217821784,0.06230547612891991,0.002115616449879084,2.6745630648030154,0,0
71,0.2,0.021782178217821784,0.06230547612891991,0.002115616449879084,2.6745630648030154,0,0
72,0.6,0.09108910891089109,0.12750384183766536,3.285082223586013e-05,4.483453755844598,0,0
73,0.6,0.15247524752475247,0.15453158823862712,0.0018897123958901256,2.723604288092542,0,0
74,0.8,0.19405940594059404,0.17224308299392188,0.00021745647160982022,3.6626276629923846,0,0
75,0.8,0.19405940594059404,0.17224308299392188,0.00021745647160982022,3.6626276629923846,0,0
76,1.0,0.32871287128712867,0.22441855946942083,0.0013892887350925546,2.8572074857051275,0,0
77,0.4,0.2356435643564356,0.19780186026407595,0.20301096324618556,0.6924805081520202,0,0
78,0.4,0.1762376237623762,0.1808388127814792,0.10797707685899917,0.9666684338678347,0,0
79,0.4,0.2891089108910891,0.18978935175453837,0.27951425976551947,0.5535960311424757,0,0
80,0.4,0.2891089108910891,0.18978935175453837,0.27951425976551947,0.5535960311424757,0,0
81,0.2,0.15643564356435644,0.15821769786485684,0.39152582956220383,0.40723958158482554,0,0
82,0.2,0.15643564356435644,0.15821769786485684,0.39152582956220383,0.40723958158482554,0,0
83,0.2,0.15643564356435644,0.15821769786485684,0.39152582956220383,0.40723958158482554,0,0
84,0.0,0.0,0.0,1.0,-0.0,0,0
85,0.0,0.08118811881188118,0.11664694237642095,1.0,-0.0,0,0
86,0.0,0.08118811881188118,0.11664694237642095,1.0,-0.0,0,0
87,0.4,0.35445544554455444,0.23861180722997338,0.42431254217924474,0.3723141308100214,0,0
88,0.4,0.38811881188118813,0.24506500601037598,0.4806661417398611,0.3181564686211472,0,0
89,0.6,0.6158415841584158,0.2823987326659803,1.0,-0.0,0,0
90,0.6,0.5346534653465347,0.25811028557129284,0.4000672958783641,0.3978669492460422,0,0
91,0.6,0.5346534653465347,0.25811028557129284,0.4000672958783641,0.3978669492460422,0,0
92,0.2,0.2613861386138614,0.2082317335503091,1.0,-0.0,0,0
93,0.2,0.22772277227722773,0.19094284660479482,1.0,-0.0,0,0
94,0.0,0.03762376237623763,0.07816140339006157,1.0,-0.0,0,0
95,0.0,0.03762376237623763,0.07816140339006157,1.0,-0.0,0,0
96,0.0,0.03762376237623763,0.07816140339006157,1.0,-0.0,0,0
97,0.2,0.057425742574257435,0.09885135821266286,0.07460753442729876,1.127217312004932,0,0
98,0.2,0.057425742574257435,0.09885135821266286,0.07460753442729876,1.127217312004932,0,0
99,0.2,0.019801980198019802,0.059735061897023205,0.001278047474114718,2.8934530136556162,0,0
100,0.2,0.019801980198019802,0.059735061897023205,0.001278047474114718,2.8934530136556162,0,0
101,0.2,0.019801980198019802,0.059735061897023205,0.001278047474114718,2.8934530136556162,0,0
102,0.2,0.033663366336633666,0.07482947971362847,0.013112090674369026,1.8823280561396656,0,0
103,0.2,0.033663366336633666,0.07482947971362847,0.013112090674369026,1.8823280561396656,0,0
104,0.2,0.033663366336633666,0.07482947971362847,0.013112090674369026,1.8823280561396656,0,0
105,0.2,0.033663366336633666,0.07482947971362847,0.013112090674369026,1.8823280561396656,0,0
106,0.2,0.033663366336633666,0.07482947971362847,0.013112090674369026,1.8823280561396656,0,0
107,0.0,0.0,0.0,1.0,-0.0,0,0
108,0.0,0.0,0.0,1.0,-0.0,0,0
