,foreground,bg_means,bg_stdev,pvals,minus_logs,regs,active
2,0.2,0.10495049504950495,0.12457948087149172,0.22274280177626504,0.652196321856115,0,0
3,0.2,0.07326732673267328,0.1115960618107356,0.12805415268855674,0.8926063331621106,0,0
4,0.2,0.07326732673267328,0.1115960618107356,0.12805415268855674,0.8926063331621106,0,0
5,0.0,0.09108910891089109,0.11440678673785577,1.0,-0.0,0,0
6,0.0,0.025742574257425745,0.06697637435757531,1.0,-0.0,0,0
7,0.0,0.025742574257425745,0.06697637435757531,1.0,-0.0,0,0
8,0.0,0.025742574257425745,0.06697637435757531,1.0,-0.0,0,0
9,0.0,0.025742574257425745,0.06697637435757531,1.0,-0.0,0,0
10,0.0,0.0,0.0,1.0,-0.0,0,0
11,0.0,0.0,0.0,1.0,-0.0,0,0
12,0.0,0.0,0.0,1.0,-0.0,0,0
13,0.4,0.14455445544554454,0.14656141045515514,0.040673359281327134,1.3906899570005107,0,0
14,0.4,0.14455445544554454,0.14656141045515514,0.040673359281327134,1.3906899570005107,0,0
15,0.6,0.17227722772277224,0.16174715133989812,0.00409189844262151,2.3880751536393507,0,0
16,0.6,0.17227722772277224,0.16174715133989812,0.00409189844262151,2.3880751536393507,0,0
17,0.6,0.25742574257425743,0.16730036701294593,0.020296666451223216,1.6925752852750546,0,0
18,0.2,0.11287128712871287,0.1332483472575107,0.2565938744790233,0.5907537155047863,0,0
19,0.2,0.11287128712871287,0.1332483472575107,0.2565938744790233,0.5907537155047863,0,0
20,0.0,0.08514851485148514,0.1172170185104851,1.0,-0.0,0,0
21,0.0,0.08514851485148514,0.1172170185104851,1.0,-0.0,0,0
22,0.0,0.0059405940594059415,0.03395332316729158,1.0,-0.0,0,0
23,0.0,0.0059405940594059415,0.03395332316729158,1.0,-0.0,0,0
24,0.2,0.27524752475247527,0.1884832322263888,1.0,-0.0,0,0
25,0.2,0.27524752475247527,0.1884832322263888,1.0,-0.0,0,0
26,0.2,0.27524752475247527,0.1884832322263888,1.0,-0.0,0,0
27,0.2,0.2693069306930693,0.1876074341754774,1.0,-0.0,0,0
28,0.2,0.3247524752475248,0.2103302168439797,1.0,-0.0,0,0
29,0.0,0.057425742574257435,0.10656335878870266,1.0,-0.0,0,0
30,0.0,0.08118811881188118,0.11320083903331846,1.0,-0.0,0,0
31,0.0,0.08118811881188118,0.11320083903331846,1.0,-0.0,0,0
32,0.0,0.08118811881188118,0.11320083903331846,1.0,-0.0,0,0
33,0.0,0.027722772277227727,0.06910862719451544,1.0,-0.0,0,0
34,0.0,0.023762376237623766,0.06471340450838887,1.0,-0.0,0,0
35,0.0,0.05346534653465347,0.09704990696905226,1.0,-0.0,0,0
36,0.0,0.06732673267326733,0.10634234916512914,1.0,-0.0,0,0
37,0.0,0.06732673267326733,0.10634234916512914,1.0,-0.0,0,0
38,0.0,0.06732673267326733,0.10634234916512914,1.0,-0.0,0,0
39,0.0,0.10099009900990098,0.1396566153069739,1.0,-0.0,0,0
40,0.0,0.06534653465346535,0.1129581045303102,1.0,-0.0,0,0
41,0.0,0.14059405940594055,0.16541470107292752,1.0,-0.0,0,0
42,0.0,0.14059405940594055,0.16541470107292752,1.0,-0.0,0,0
43,0.0,0.14059405940594055,0.16541470107292752,1.0,-0.0,0,0
44,0.0,0.10495049504950493,0.15310401409962543,1.0,-0.0,0,0
45,0.6,0.20396039603960395,0.1845094068165728,0.0159186791729829,1.7980929699954822,0,0
46,0.6,0.11485148514851484,0.14984225277142665,0.000602427299685109,3.2200953558080863,0,0
47,0.6,0.11485148514851484,0.14984225277142665,0.000602427299685109,3.2200953558080863,0,0
48,0.6,0.11485148514851484,0.14984225277142665,0.000602427299685109,3.2200953558080863,0,0
49,0.6,0.11485148514851484,0.14984225277142665,0.000602427299685109,3.2200953558080863,0,0
50,0.0,0.0,0.0,1.0,-0.0,0,0
51,0.0,0.0,0.0,1.0,-0.0,0,0
52,0.0,0.0,0.0,1.0,-0.0,0,0
53,0.0,0.0,0.0,1.0,-0.0,0,0
54,0.0,0.0,0.0,1.0,-0.0,0,0
55,0.0,0.007920792079207921,0.03900537743285587,1.0,-0.0,0,0
56,0.0,0.10099009900990098,0.14246420394934614,1.0,-0.0,0,0
57,0.0,0.11287128712871286,0.14736186103080443,1.0,-0.0,0,0
58,0.0,0.1584158415841584,0.18523056370168028,1.0,-0.0,0,0
59,0.2,0.3762376237623764,0.2790182629501159,1.0,-0.0,0,0
60,0.2,0.3683168316831684,0.27392659747787057,1.0,-0.0,0,0
61,0.2,0.27326732673267323,0.24164907421935525,1.0,-0.0,0,0
62,0.2,0.2633663366336633,0.24034742686255456,1.0,-0.0,0,0
63,0.2,0.30495049504950494,0.2098449392750725,1.0,-0.0,0,0
64,0.0,0.08712871287128714,0.12077584698595571,1.0,-0.0,0,0
65,0.0,0.08712871287128714,0.12077584698595571,1.0,-0.0,0,0
66,0.0,0.10693069306930691,0.1306930693069307,1.0,-0.0,0,0
67,0.0,0.21386138613861388,0.20538768122280024,1.0,-0.0,0,0
68,0.0,0.14059405940594058,0.15554326246855824,1.0,-0.0,0,0
69,0.0,0.2079207920792079,0.1886288032334235,1.0,-0.0,0,0
70,0.2,0.2455445544554455,0.2065869521702175,1.0,-0.0,0,0
71,0.2,0.22574257425742575,0.19018150025414607,1.0,-0.0,0,0
72,0.2,0.11683168316831682,0.13575553664160483,0.2700595283135281,0.5685404952167608,0,0
73,0.2,0.10495049504950495,0.1367053908443026,0.2434376750920733,0.6136122082817695,0,0
74,0.2,0.07920792079207921,0.12293186689242579,0.16290372061051445,0.7880689965867439,0,0
75,0.0,0.04554455445544555,0.10100951085035129,1.0,-0.0,0,0
76,0.0,0.1881188118811881,0.19051110448801098,1.0,-0.0,0,0
77,0.0,0.2435643564356436,0.19418060470702989,1.0,-0.0,0,0
78,0.0,0.297029702970297,0.22622841587085502,1.0,-0.0,0,0
79,0.0,0.2554455445544554,0.208946081218066,1.0,-0.0,0,0
80,0.0,0.30495049504950494,0.21907828413369235,1.0,-0.0,0,0
81,0.0,0.16435643564356436,0.16264165701687974,1.0,-0.0,0,0
82,3.4,0.49702970297029714,0.2959982089672047,1.0000052319269089e-17,16.999997727808957,0,0
83,3.4,0.47524752475247534,0.2976495183285198,1.0000043433060923e-17,16.99999811373023,0,0
84,3.4,0.47524752475247534,0.2976495183285198,1.0000043433060923e-17,16.99999811373023,0,0
85,3.4,0.4217821782178219,0.2909880608608748,1.0000000692080244e-17,16.99999996994334,0,0
86,3.6,0.4693069306930694,0.3010682545742103,1.0000000125780587e-17,16.99999999453742,0,0
87,0.2,0.07920792079207921,0.11285391563386142,0.1422331097238646,0.8469992946288156,0,0
88,0.2,0.047524752475247525,0.08512548617902845,0.03663203844700429,1.4361389136681444,0,0
89,0.2,0.061386138613861385,0.10046456153636296,0.08383506191077846,1.0765743106091494,0,0
90,0.2,0.07326732673267328,0.10798889666879986,0.12028338488133557,0.9197943589669167,0,0
91,0.0,0.025742574257425745,0.07264925278354116,1.0,-0.0,0,0
92,0.0,0.07920792079207921,0.1261123431927973,1.0,-0.0,0,0
93,0.0,0.15841584158415842,0.16486858056632592,1.0,-0.0,0,0
94,0.0,0.14455445544554454,0.15950123220279025,1.0,-0.0,0,0
95,0.0,0.1306930693069307,0.15269368434579803,1.0,-0.0,0,0
96,0.0,0.1881188118811881,0.17308335353197749,1.0,-0.0,0,0
97,0.0,0.13366336633663367,0.15687368174525435,1.0,-0.0,0,0
98,0.0,0.05544554455445545,0.11299281281336322,1.0,-0.0,0,0
99,0.0,0.061386138613861385,0.1185475607690754,1.0,-0.0,0,0
100,0.0,0.1643564356435643,0.18107717211333596,1.0,-0.0,0,0
101,0.0,0.1069306930693069,0.13948804962658473,1.0,-0.0,0,0
102,0.0,0.12277227722772276,0.14615954128511632,1.0,-0.0,0,0
103,0.0,0.12277227722772276,0.14615954128511632,1.0,-0.0,0,0
104,0.0,0.17029702970297028,0.17208365134574602,1.0,-0.0,0,0
105,0.0,0.06732673267326733,0.11000352009767247,1.0,-0.0,0,0
106,0.0,0.06732673267326733,0.11000352009767247,1.0,-0.0,0,0
107,0.0,0.05148514851485149,0.09186070102766894,1.0,-0.0,0,0
108,0.0,0.05148514851485149,0.09186070102766894,1.0,-0.0,0,0
109,0.0,0.0,0.0,1.0,-0.0,0,0
110,0.2,0.3247524752475249,0.2213397283931655,1.0,-0.0,0,0
111,0.2,0.3247524752475249,0.2213397283931655,1.0,-0.0,0,0
112,0.2,0.43366336633663377,0.2611009545366598,1.0,-0.0,0,0
113,0.2,0.5049504950495051,0.2737261179505342,1.0,-0.0,0,0
114,0.2,0.5089108910891089,0.277934036586499,1.0,-0.0,0,0
115,0.0,0.18217821782178212,0.17371653227296086,1.0,-0.0,0,0
116,0.0,0.18217821782178212,0.17371653227296086,1.0,-0.0,0,0
117,0.0,0.1584158415841584,0.1599921574393993,1.0,-0.0,0,0
118,0.0,0.08712871287128712,0.13024224675172555,1.0,-0.0,0,0
119,0.0,0.08316831683168316,0.12978985828256587,1.0,-0.0,0,0
120,0.0,0.097029702970297,0.14243667729389659,1.0,-0.0,0,0
121,0.0,0.10495049504950493,0.1423816080178024,1.0,-0.0,0,0
122,0.0,0.021782178217821784,0.06230547612891991,1.0,-0.0,0,0
123,0.0,0.021782178217821784,0.06230547612891991,1.0,-0.0,0,0
124,0.0,0.021782178217821784,0.06230547612891991,1.0,-0.0,0,0
125,0.0,0.007920792079207921,0.03900537743285587,1.0,-0.0,0,0
126,0.0,0.0,0.0,1.0,-0.0,0,0
127,0.0,0.049504950495049514,0.09078727434730813,1.0,-0.0,0,0
128,0.0,0.049504950495049514,0.09078727434730813,1.0,-0.0,0,0
129,0.0,0.049504950495049514,0.09078727434730813,1.0,-0.0,0,0
130,0.0,0.1069306930693069,0.12762679639066946,1.0,-0.0,0,0
131,0.0,0.1069306930693069,0.12762679639066946,1.0,-0.0,0,0
132,0.0,0.08712871287128712,0.13324834725751067,1.0,-0.0,0,0
133,0.0,0.08712871287128712,0.13324834725751067,1.0,-0.0,0,0
134,0.0,0.08712871287128712,0.13324834725751067,1.0,-0.0,0,0
135,0.0,0.03762376237623763,0.08771182015980238,1.0,-0.0,0,0
136,0.0,0.03762376237623763,0.08771182015980238,1.0,-0.0,0,0
137,0.0,0.007920792079207921,0.03900537743285588,1.0,-0.0,0,0
138,0.0,0.07128712871287128,0.10372911567294094,1.0,-0.0,0,0
139,0.0,0.0891089108910891,0.11071414454252959,1.0,-0.0,0,0
140,0.0,0.12475247524752475,0.14583724862987696,1.0,-0.0,0,0
141,0.0,0.12475247524752475,0.14583724862987696,1.0,-0.0,0,0
142,0.0,0.18613861386138608,0.15223074133689166,1.0,-0.0,0,0
143,0.0,0.12079207920792079,0.14372473118118065,1.0,-0.0,0,0
144,0.0,0.24158415841584158,0.20356589743994286,1.0,-0.0,0,0
145,0.0,0.23366336633663365,0.19914531622613268,1.0,-0.0,0,0
146,0.0,0.27326732673267323,0.22466304322665875,1.0,-0.0,0,0
147,0.0,0.21386138613861388,0.19752413211148517,1.0,-0.0,0,0
148,0.0,0.2495049504950495,0.20759049672836247,1.0,-0.0,0,0
149,0.0,0.11089108910891088,0.15018206119491914,1.0,-0.0,0,0
150,0.0,0.07524752475247526,0.11891084986932621,1.0,-0.0,0,0
151,0.0,0.03564356435643565,0.08154954567118416,1.0,-0.0,0,0
152,0.0,0.03564356435643565,0.08154954567118416,1.0,-0.0,0,0
153,0.0,0.0039603960396039604,0.027863855998951064,1.0,-0.0,0,0
154,0.0,0.019801980198019802,0.0597350618970232,1.0,-0.0,0,0
155,0.0,0.07920792079207921,0.11631029826208643,1.0,-0.0,0,0
156,0.0,0.07920792079207921,0.11631029826208643,1.0,-0.0,0,0
157,0.0,0.07920792079207921,0.11631029826208643,1.0,-0.0,0,0
158,0.0,0.07524752475247526,0.10845991237726066,1.0,-0.0,0,0
159,0.0,0.0594059405940594,0.09968089464279778,1.0,-0.0,0,0
160,0.0,0.05940594059405942,0.10733330877518932,1.0,-0.0,0,0
161,0.0,0.05940594059405942,0.10733330877518932,1.0,-0.0,0,0
162,0.0,0.05940594059405942,0.10733330877518932,1.0,-0.0,0,0
163,0.0,0.07326732673267328,0.11509022642946842,1.0,-0.0,0,0
164,0.0,0.07326732673267328,0.11509022642946842,1.0,-0.0,0,0
165,0.0,0.01386138613861386,0.05079507064705211,1.0,-0.0,0,0
166,0.0,0.01386138613861386,0.05079507064705211,1.0,-0.0,0,0
167,0.0,0.03960396039603961,0.08452453849668534,1.0,-0.0,0,0
168,0.2,0.02772277227722772,0.06910862719451544,0.0063361735559086295,2.1981729353735644,0,0
169,0.2,0.02772277227722772,0.06910862719451544,0.0063361735559086295,2.1981729353735644,0,0
170,0.2,0.02772277227722772,0.06910862719451544,0.0063361735559086295,2.1981729353735644,0,0
171,0.2,0.05148514851485149,0.096075322540263,0.0610744044260142,1.2141407594058027,0,0
172,0.2,0.025742574257425745,0.06697637435757531,0.004637140001348011,2.3337497919853583,0,0
173,0.0,0.023762376237623766,0.06471340450838889,1.0,-0.0,0,0
174,0.0,0.023762376237623766,0.06471340450838889,1.0,-0.0,0,0
175,0.0,0.023762376237623766,0.06471340450838889,1.0,-0.0,0,0
176,0.0,0.015841584158415842,0.05401260078014202,1.0,-0.0,0,0
177,0.0,0.015841584158415842,0.05401260078014202,1.0,-0.0,0,0
178,0.0,0.015841584158415842,0.05401260078014202,1.0,-0.0,0,0
179,0.0,0.015841584158415842,0.05401260078014202,1.0,-0.0,0,0
180,0.0,0.015841584158415842,0.05401260078014202,1.0,-0.0,0,0
181,0.0,0.0,0.0,1.0,-0.0,0,0
182,0.0,0.08118811881188118,0.12325042629382527,1.0,-0.0,0,0
183,0.0,0.08118811881188118,0.12325042629382527,1.0,-0.0,0,0
184,0.0,0.08712871287128712,0.13024224675172555,1.0,-0.0,0,0
185,0.0,0.08712871287128712,0.13024224675172555,1.0,-0.0,0,0
186,0.0,0.08712871287128712,0.13024224675172555,1.0,-0.0,0,0
187,0.0,0.0059405940594059415,0.033953323167291584,1.0,-0.0,0,0
188,0.0,0.0059405940594059415,0.033953323167291584,1.0,-0.0,0,0
189,0.2,0.09900990099009899,0.1308729634998678,0.2201564018743143,0.6572686812775224,0,0
190,0.2,0.09900990099009899,0.1308729634998678,0.2201564018743143,0.6572686812775224,0,0
191,0.4,0.14257425742574253,0.14714883329235087,0.04010885297738445,1.3967597576821629,0,0
192,0.4,0.14257425742574253,0.14714883329235087,0.04010885297738445,1.3967597576821629,0,0
193,0.4,0.14257425742574253,0.14714883329235087,0.04010885297738445,1.3967597576821629,0,0
194,0.2,0.041584158415841586,0.08590499787518362,0.03258561123651815,1.4869741281544258,0,0
195,0.2,0.041584158415841586,0.08590499787518362,0.03258561123651815,1.4869741281544258,0,0
196,0.0,0.0,0.0,1.0,-0.0,0,0
197,0.0,0.0,0.0,1.0,-0.0,0,0
198,0.0,0.0,0.0,1.0,-0.0,0,0
199,0.0,0.0,0.0,1.0,-0.0,0,0
200,0.0,0.0,0.0,1.0,-0.0,0,0
201,0.0,0.0,0.0,1.0,-0.0,0,0
202,0.0,0.0,0.0,1.0,-0.0,0,0
203,0.0,0.0,0.0,1.0,-0.0,0,0
204,0.0,0.0,0.0,1.0,-0.0,0,0
205,0.0,0.0,0.0,1.0,-0.0,0,0
206,0.0,0.0,0.0,1.0,-0.0,0,0
207,0.0,0.0,0.0,1.0,-0.0,0,0
208,0.0,0.0,0.0,1.0,-0.0,0,0
209,0.0,0.0,0.0,1.0,-0.0,0,0
210,0.0,0.0,0.0,1.0,-0.0,0,0
211,0.0,0.0,0.0,1.0,-0.0,0,0
212,0.0,0.0,0.0,1.0,-0.0,0,0
213,0.0,0.0,0.0,1.0,-0.0,0,0
214,0.0,0.025742574257425745,0.06697637435757531,1.0,-0.0,0,0
215,0.0,0.025742574257425745,0.06697637435757531,1.0,-0.0,0,0
216,0.0,0.025742574257425745,0.06697637435757531,1.0,-0.0,0,0
217,0.0,0.025742574257425745,0.06697637435757531,1.0,-0.0,0,0
218,0.0,0.025742574257425745,0.06697637435757531,1.0,-0.0,0,0
219,0.0,0.0,0.0,1.0,-0.0,0,0
220,0.0,0.015841584158415842,0.054012600780142014,1.0,-0.0,0,0
221,0.0,0.015841584158415842,0.054012600780142014,1.0,-0.0,0,0
222,0.0,0.015841584158415842,0.054012600780142014,1.0,-0.0,0,0
223,0.0,0.015841584158415842,0.054012600780142014,1.0,-0.0,0,0
224,0.0,0.015841584158415842,0.054012600780142014,1.0,-0.0,0,0
225,0.0,0.0,0.0,1.0,-0.0,0,0
226,0.0,0.0,0.0,1.0,-0.0,0,0
227,0.0,0.0,0.0,1.0,-0.0,0,0
228,0.0,0.0,0.0,1.0,-0.0,0,0
229,0.0,0.0,0.0,1.0,-0.0,0,0
230,0.0,0.0,0.0,1.0,-0.0,0,0
231,0.0,0.0,0.0,1.0,-0.0,0,0
232,0.0,0.0,0.0,1.0,-0.0,0,0
233,0.0,0.0,0.0,1.0,-0.0,0,0
234,0.0,0.0,0.0,1.0,-0.0,0,0
235,0.0,0.0,0.0,1.0,-0.0,0,0
236,0.0,0.0,0.0,1.0,-0.0,0,0
237,0.0,0.0,0.0,1.0,-0.0,0,0
238,0.0,0.0,0.0,1.0,-0.0,0,0
239,0.0,0.0,0.0,1.0,-0.0,0,0
240,0.0,0.0,0.0,1.0,-0.0,0,0
241,0.0,0.0,0.0,1.0,-0.0,0,0
242,0.0,0.0,0.0,1.0,-0.0,0,0
243,0.0,0.0,0.0,1.0,-0.0,0,0
244,0.0,0.0,0.0,1.0,-0.0,0,0
245,0.0,0.0,0.0,1.0,-0.0,0,0
246,0.0,0.017821782178217824,0.05698017651460656,1.0,-0.0,0,0
247,0.0,0.017821782178217824,0.05698017651460656,1.0,-0.0,0,0
248,0.0,0.017821782178217824,0.05698017651460656,1.0,-0.0,0,0
249,0.0,0.017821782178217824,0.05698017651460656,1.0,-0.0,0,0
250,0.0,0.017821782178217824,0.05698017651460656,1.0,-0.0,0,0
251,0.0,0.0,0.0,1.0,-0.0,0,0
252,0.0,0.0,0.0,1.0,-0.0,0,0
253,0.0,0.013861386138613863,0.05079507064705211,1.0,-0.0,0,0
254,0.0,0.04356435643564357,0.08255312311158745,1.0,-0.0,0,0
255,0.0,0.05940594059405942,0.10357779667819421,1.0,-0.0,0,0
256,0.0,0.12475247524752475,0.14583724862987696,1.0,-0.0,0,0
257,0.0,0.12475247524752475,0.14583724862987696,1.0,-0.0,0,0
258,0.0,0.11089108910891088,0.13342479626077636,1.0,-0.0,0,0
259,0.0,0.08118811881188118,0.10216747199615393,1.0,-0.0,0,0
260,0.0,0.100990099009901,0.11814997140733703,1.0,-0.0,0,0
261,0.0,0.03564356435643565,0.08154954567118416,1.0,-0.0,0,0
262,0.0,0.03564356435643565,0.08154954567118416,1.0,-0.0,0,0
263,0.0,0.03564356435643565,0.08154954567118416,1.0,-0.0,0,0
264,0.0,0.03564356435643565,0.08154954567118416,1.0,-0.0,0,0
265,0.0,0.0,0.0,1.0,-0.0,0,0
266,0.0,0.019801980198019806,0.06603299802191315,1.0,-0.0,0,0
267,0.0,0.019801980198019806,0.06603299802191315,1.0,-0.0,0,0
268,0.0,0.07326732673267328,0.11509022642946842,1.0,-0.0,0,0
269,0.0,0.07326732673267328,0.11509022642946842,1.0,-0.0,0,0
270,0.0,0.07326732673267328,0.11509022642946842,1.0,-0.0,0,0
271,0.0,0.06336633663366337,0.11233152161332939,1.0,-0.0,0,0
272,0.0,0.06336633663366337,0.11233152161332939,1.0,-0.0,0,0
273,0.0,0.009900990099009901,0.043383964950904234,1.0,-0.0,0,0
274,0.0,0.009900990099009901,0.043383964950904234,1.0,-0.0,0,0
275,0.0,0.009900990099009901,0.043383964950904234,1.0,-0.0,0,0
276,0.0,0.0,0.0,1.0,-0.0,0,0
277,0.0,0.0,0.0,1.0,-0.0,0,0
278,0.0,0.0,0.0,1.0,-0.0,0,0
279,0.0,0.0,0.0,1.0,-0.0,0,0
280,0.0,0.0,0.0,1.0,-0.0,0,0
281,0.0,0.0,0.0,1.0,-0.0,0,0
282,0.0,0.0,0.0,1.0,-0.0,0,0
283,0.0,0.0,0.0,1.0,-0.0,0,0
284,0.0,0.0,0.0,1.0,-0.0,0,0
285,0.0,0.0,0.0,1.0,-0.0,0,0
286,0.4,0.07326732673267328,0.10038647014365605,0.000567464901848172,3.246060994760475,0,0
287,0.4,0.07326732673267328,0.10038647014365605,0.000567464901848172,3.246060994760475,0,0
288,0.6,0.10297029702970295,0.13676274574124359,0.00013939642667284196,3.855748358922064,0,0
289,0.6,0.10297029702970295,0.13676274574124359,0.00013939642667284196,3.855748358922064,0,0
290,0.6,0.10297029702970295,0.13676274574124359,0.00013939642667284196,3.855748358922064,0,0
291,0.2,0.03564356435643565,0.08626938974571076,0.028380055950301422,1.5469867526811094,0,0
292,0.2,0.0594059405940594,0.10733330877518932,0.0951177364230414,1.0217384934469724,0,0
293,0.0,0.2633663366336633,0.216050403120568,1.0,-0.0,0,0
294,0.4,0.38811881188118824,0.2754967174564544,0.48280037797854897,0.3162323985706829,0,0
295,0.4,0.38811881188118824,0.2754967174564544,0.48280037797854897,0.3162323985706829,0,0
296,0.4,0.38217821782178224,0.2758949576276243,0.4742477316325982,0.32399473770192827,0,0
297,0.4,0.35841584158415846,0.2659812122943999,0.43788154275288943,0.35864336047014556,0,0
298,0.4,0.1306930693069307,0.15779581634167553,0.04394079280990898,1.35713211150603,0,0
299,0.0,0.007920792079207921,0.03900537743285587,1.0,-0.0,0,0
300,0.0,0.007920792079207921,0.03900537743285587,1.0,-0.0,0,0
301,0.0,0.03564356435643565,0.07653920035678292,1.0,-0.0,0,0
302,0.0,0.03564356435643565,0.07653920035678292,1.0,-0.0,0,0
303,0.0,0.027722772277227727,0.06910862719451545,1.0,-0.0,0,0
304,0.0,0.027722772277227727,0.06910862719451545,1.0,-0.0,0,0
305,0.0,0.027722772277227727,0.06910862719451545,1.0,-0.0,0,0
306,0.0,0.0,0.0,1.0,-0.0,0,0
307,0.0,0.0,0.0,1.0,-0.0,0,0
308,0.0,0.0,0.0,1.0,-0.0,0,0
309,0.0,0.0,0.0,1.0,-0.0,0,0
310,0.0,0.0,0.0,1.0,-0.0,0,0
311,0.0,0.0,0.0,1.0,-0.0,0,0
312,0.0,0.0,0.0,1.0,-0.0,0,0
313,0.0,0.0,0.0,1.0,-0.0,0,0
314,0.0,0.0,0.0,1.0,-0.0,0,0
315,0.0,0.0,0.0,1.0,-0.0,0,0
316,0.0,0.0,0.0,1.0,-0.0,0,0
317,0.0,0.0,0.0,1.0,-0.0,0,0
318,0.0,0.0,0.0,1.0,-0.0,0,0
319,0.0,0.0,0.0,1.0,-0.0,0,0
320,0.0,0.0,0.0,1.0,-0.0,0,0
321,0.0,0.0,0.0,1.0,-0.0,0,0
322,0.0,0.0,0.0,1.0,-0.0,0,0
323,0.0,0.0,0.0,1.0,-0.0,0,0
324,0.0,0.0,0.0,1.0,-0.0,0,0
325,0.0,0.0,0.0,1.0,-0.0,0,0
326,0.0,0.009900990099009901,0.04338396495090424,1.0,-0.0,0,0
327,0.0,0.009900990099009901,0.04338396495090424,1.0,-0.0,0,0
328,0.0,0.009900990099009901,0.04338396495090424,1.0,-0.0,0,0
329,0.0,0.009900990099009901,0.04338396495090424,1.0,-0.0,0,0
330,0.0,0.009900990099009901,0.04338396495090424,1.0,-0.0,0,0
331,0.0,0.0,0.0,1.0,-0.0,0,0
332,0.0,0.0,0.0,1.0,-0.0,0,0
333,0.0,0.0,0.0,1.0,-0.0,0,0
334,0.0,0.0,0.0,1.0,-0.0,0,0
335,0.0,0.0,0.0,1.0,-0.0,0,0
336,0.0,0.0,0.0,1.0,-0.0,0,0
337,0.0,0.0,0.0,1.0,-0.0,0,0
338,0.0,0.0,0.0,1.0,-0.0,0,0
339,0.0,0.0,0.0,1.0,-0.0,0,0
340,0.0,0.0,0.0,1.0,-0.0,0,0
341,0.0,0.0,0.0,1.0,-0.0,0,0
342,0.0,0.0,0.0,1.0,-0.0,0,0
343,0.0,0.0,0.0,1.0,-0.0,0,0
344,0.0,0.0,0.0,1.0,-0.0,0,0
345,0.0,0.0,0.0,1.0,-0.0,0,0
346,0.0,0.0,0.0,1.0,-0.0,0,0
347,0.0,0.0,0.0,1.0,-0.0,0,0
348,0.0,0.0,0.0,1.0,-0.0,0,0
349,0.0,0.0,0.0,1.0,-0.0,0,0
350,0.0,0.0,0.0,1.0,-0.0,0,0
351,0.0,0.0,0.0,1.0,-0.0,0,0
352,0.0,0.0,0.0,1.0,-0.0,0,0
353,0.0,0.0,0.0,1.0,-0.0,0,0
354,0.0,0.0,0.0,1.0,-0.0,0,0
355,0.0,0.0,0.0,1.0,-0.0,0,0
356,0.0,0.025742574257425748,0.07264925278354116,1.0,-0.0,0,0
357,0.0,0.025742574257425748,0.07264925278354116,1.0,-0.0,0,0
358,0.0,0.08712871287128714,0.12401163019288064,1.0,-0.0,0,0
359,0.0,0.08712871287128714,0.12401163019288064,1.0,-0.0,0,0
360,0.0,0.08712871287128714,0.12401163019288064,1.0,-0.0,0,0
361,0.0,0.11089108910891086,0.14205074403533427,1.0,-0.0,0,0
362,0.0,0.11089108910891086,0.14205074403533427,1.0,-0.0,0,0
363,0.0,0.04950495049504951,0.09078727434730813,1.0,-0.0,0,0
364,0.0,0.04950495049504951,0.09078727434730813,1.0,-0.0,0,0
365,0.0,0.05544554455445544,0.09797478714338996,1.0,-0.0,0,0
366,0.0,0.031683168316831684,0.07826167463512675,1.0,-0.0,0,0
367,0.0,0.031683168316831684,0.07826167463512675,1.0,-0.0,0,0
368,0.0,0.05346534653465347,0.09287951999650357,1.0,-0.0,0,0
369,0.0,0.05346534653465347,0.09287951999650357,1.0,-0.0,0,0
370,0.0,0.04752475247524753,0.08512548617902843,1.0,-0.0,0,0
371,0.0,0.021782178217821784,0.06230547612891991,1.0,-0.0,0,0
372,0.0,0.021782178217821784,0.06230547612891991,1.0,-0.0,0,0
373,0.0,0.0,0.0,1.0,-0.0,0,0
374,0.0,0.0,0.0,1.0,-0.0,0,0
375,0.0,0.0,0.0,1.0,-0.0,0,0
376,0.0,0.0,0.0,1.0,-0.0,0,0
377,0.0,0.0,0.0,1.0,-0.0,0,0
378,0.0,0.0,0.0,1.0,-0.0,0,0
379,0.0,0.0,0.0,1.0,-0.0,0,0
380,0.0,0.0,0.0,1.0,-0.0,0,0
381,0.0,0.013861386138613863,0.05079507064705211,1.0,-0.0,0,0
382,0.0,0.013861386138613863,0.05079507064705211,1.0,-0.0,0,0
383,0.0,0.013861386138613863,0.05079507064705211,1.0,-0.0,0,0
384,0.0,0.013861386138613863,0.05079507064705211,1.0,-0.0,0,0
385,0.0,0.013861386138613863,0.05079507064705211,1.0,-0.0,0,0
386,0.0,0.0,0.0,1.0,-0.0,0,0
387,0.0,0.0,0.0,1.0,-0.0,0,0
388,0.0,0.0,0.0,1.0,-0.0,0,0
389,0.0,0.0,0.0,1.0,-0.0,0,0
390,0.0,0.0,0.0,1.0,-0.0,0,0
391,0.0,0.009900990099009901,0.04338396495090424,1.0,-0.0,0,0
392,0.0,0.009900990099009901,0.04338396495090424,1.0,-0.0,0,0
393,0.0,0.025742574257425748,0.07264925278354116,1.0,-0.0,0,0
394,0.0,0.025742574257425748,0.07264925278354116,1.0,-0.0,0,0
395,0.4,0.10099009900990097,0.1367914141716479,0.014412116792872342,1.8412722271007833,0,0
396,0.4,0.1346534653465346,0.14380655568606185,0.0325069160362252,1.4880242305032718,0,0
397,0.4,0.1346534653465346,0.14380655568606185,0.0325069160362252,1.4880242305032718,0,0
398,0.4,0.15247524752475247,0.15453158823862712,0.054602745521553274,1.2627855196600442,0,0
399,0.4,0.21584158415841578,0.18601217530007724,0.16107870061142338,0.7929618824142757,0,0
400,0.0,0.15643564356435644,0.16314716771521567,1.0,-0.0,0,0
401,0.0,0.11287128712871286,0.15002532217723413,1.0,-0.0,0,0
402,0.0,0.11287128712871286,0.15002532217723413,1.0,-0.0,0,0
403,0.0,0.12475247524752472,0.15632280678012314,1.0,-0.0,0,0
404,0.0,0.09900990099009901,0.14521752172118102,1.0,-0.0,0,0
405,0.0,0.08316831683168316,0.12670172889541698,1.0,-0.0,0,0
406,0.0,0.10495049504950496,0.15049504950495052,1.0,-0.0,0,0
407,0.0,0.10891089108910891,0.15549283508436104,1.0,-0.0,0,0
408,0.0,0.11287128712871287,0.15264231556912292,1.0,-0.0,0,0
409,0.0,0.29306930693069305,0.20404689120496478,1.0,-0.0,0,0
410,0.0,0.29306930693069305,0.20404689120496478,1.0,-0.0,0,0
411,0.0,0.5108910891089109,0.29980224178284887,1.0,-0.0,0,0
412,0.0,0.5306930693069306,0.3139472662591115,1.0,-0.0,0,0
413,0.0,0.4811881188118811,0.3085298487693041,1.0,-0.0,0,0
414,0.0,0.2633663366336634,0.22326238715968955,1.0,-0.0,0,0
415,0.0,0.2633663366336634,0.22326238715968955,1.0,-0.0,0,0
416,0.0,0.023762376237623766,0.06471340450838889,1.0,-0.0,0,0
417,0.0,0.0,0.0,1.0,-0.0,0,0
418,0.0,0.0,0.0,1.0,-0.0,0,0
419,0.0,0.017821782178217824,0.05698017651460657,1.0,-0.0,0,0
420,0.0,0.017821782178217824,0.05698017651460657,1.0,-0.0,0,0
421,0.0,0.023762376237623766,0.06471340450838887,1.0,-0.0,0,0
422,0.0,0.023762376237623766,0.06471340450838887,1.0,-0.0,0,0
423,0.0,0.023762376237623766,0.06471340450838887,1.0,-0.0,0,0
424,0.0,0.18811881188118812,0.21027428043498272,1.0,-0.0,0,0
425,0.0,0.18811881188118812,0.21027428043498272,1.0,-0.0,0,0
426,0.0,0.3188118811881188,0.27743980572266735,1.0,-0.0,0,0
427,0.0,0.33069306930693076,0.2806437346415374,1.0,-0.0,0,0
428,0.0,0.33069306930693076,0.2806437346415374,1.0,-0.0,0,0
429,0.0,0.15049504950495046,0.16266576457752754,1.0,-0.0,0,0
430,0.0,0.15049504950495046,0.16266576457752754,1.0,-0.0,0,0
431,0.0,0.011881188118811883,0.047276579747775535,1.0,-0.0,0,0
432,0.0,0.0297029702970297,0.07648795214189293,1.0,-0.0,0,0
433,0.0,0.049504950495049514,0.09078727434730811,1.0,-0.0,0,0
434,0.0,0.06336633663366337,0.10874875419996817,1.0,-0.0,0,0
435,0.0,0.06336633663366337,0.10874875419996817,1.0,-0.0,0,0
436,0.0,0.06336633663366337,0.10874875419996817,1.0,-0.0,0,0
437,0.2,0.09504950495049505,0.13078304733432375,0.21113830602558958,0.6754329671360484,0,0
438,0.2,0.07524752475247524,0.10845991237726064,0.12502717670865515,0.9029955756978829,0,0
439,0.2,0.061386138613861385,0.10046456153636296,0.08383506191077846,1.0765743106091494,0,0
440,0.2,0.061386138613861385,0.10046456153636296,0.08383506191077846,1.0765743106091494,0,0
441,0.2,0.061386138613861385,0.10046456153636296,0.08383506191077846,1.0765743106091494,0,0
442,0.0,0.0,0.0,1.0,-0.0,0,0
443,0.0,0.0,0.0,1.0,-0.0,0,0
444,0.0,0.0,0.0,1.0,-0.0,0,0
445,0.0,0.0,0.0,1.0,-0.0,0,0
446,0.0,0.017821782178217824,0.056980176514606566,1.0,-0.0,0,0
447,0.0,0.017821782178217824,0.056980176514606566,1.0,-0.0,0,0
448,0.0,0.027722772277227727,0.06910862719451544,1.0,-0.0,0,0
449,0.0,0.027722772277227727,0.06910862719451544,1.0,-0.0,0,0
450,0.0,0.027722772277227727,0.06910862719451544,1.0,-0.0,0,0
451,0.0,0.025742574257425748,0.06697637435757531,1.0,-0.0,0,0
452,0.0,0.10495049504950495,0.11805036483793171,1.0,-0.0,0,0
453,0.0,0.1762376237623762,0.15991861472926708,1.0,-0.0,0,0
454,0.0,0.19405940594059404,0.15784550798716543,1.0,-0.0,0,0
455,0.0,0.19405940594059404,0.15784550798716543,1.0,-0.0,0,0
456,0.0,0.19999999999999996,0.1616744069461402,1.0,-0.0,0,0
457,0.0,0.11881188118811879,0.13549532985786933,1.0,-0.0,0,0
458,0.0,0.0712871287128713,0.11110305060677654,1.0,-0.0,0,0
459,0.2,0.08910891089108909,0.12420120222231065,0.1859729668504977,0.7305501805181494,0,0
460,0.2,0.12079207920792076,0.14372473118118065,0.29077964999389455,0.5364359905386118,0,0
461,0.2,0.09900990099009899,0.1308729634998678,0.2201564018743143,0.6572686812775224,0,0
462,0.2,0.12079207920792076,0.14094225464771679,0.2870619404511817,0.5420243837756054,0,0
463,0.2,0.21584158415841584,0.1860121753000773,1.0,-0.0,0,0
464,0.0,0.1801980198019802,0.17463954503246998,1.0,-0.0,0,0
465,0.0,0.1485148514851485,0.15834156674616873,1.0,-0.0,0,0
466,0.0,0.18019801980198016,0.16045714518719123,1.0,-0.0,0,0
467,0.0,0.1584158415841584,0.15238521194115637,1.0,-0.0,0,0
468,0.0,0.05544554455445545,0.09797478714338997,1.0,-0.0,0,0
469,0.0,0.05544554455445545,0.09797478714338997,1.0,-0.0,0,0
470,0.0,0.05544554455445545,0.09797478714338997,1.0,-0.0,0,0
471,0.0,0.025742574257425748,0.0669763743575753,1.0,-0.0,0,0
472,0.0,0.061386138613861385,0.10433219700847123,1.0,-0.0,0,0
473,0.0,0.03762376237623763,0.08307396817189318,1.0,-0.0,0,0
474,0.0,0.03762376237623763,0.08307396817189318,1.0,-0.0,0,0
475,0.0,0.04752475247524753,0.08965727859541997,1.0,-0.0,0,0
476,0.0,0.04554455445544555,0.08387254884969257,1.0,-0.0,0,0
477,0.0,0.009900990099009901,0.04338396495090424,1.0,-0.0,0,0
478,0.0,0.009900990099009901,0.04338396495090424,1.0,-0.0,0,0
479,0.0,0.009900990099009901,0.04338396495090424,1.0,-0.0,0,0
480,0.0,0.0,0.0,1.0,-0.0,0,0
481,0.0,0.0,0.0,1.0,-0.0,0,0
482,0.0,0.0,0.0,1.0,-0.0,0,0
483,0.0,0.025742574257425748,0.0669763743575753,1.0,-0.0,0,0
484,0.0,0.04950495049504951,0.08631483056516186,1.0,-0.0,0,0
485,0.0,0.06930693069306931,0.10693069306930696,1.0,-0.0,0,0
486,0.0,0.1287128712871287,0.13954426081146826,1.0,-0.0,0,0
487,0.0,0.1287128712871287,0.13954426081146826,1.0,-0.0,0,0
488,0.0,0.1485148514851485,0.15834156674616875,1.0,-0.0,0,0
489,0.0,0.12871287128712872,0.15564406822280066,1.0,-0.0,0,0
490,0.0,0.12871287128712872,0.15046899201198313,1.0,-0.0,0,0
491,0.0,0.0712871287128713,0.11110305060677654,1.0,-0.0,0,0
492,0.0,0.0712871287128713,0.11110305060677654,1.0,-0.0,0,0
493,0.0,0.025742574257425748,0.06697637435757531,1.0,-0.0,0,0
494,0.0,0.09504950495049502,0.12135883917659061,1.0,-0.0,0,0
495,0.0,0.26732673267326734,0.2359345902353502,1.0,-0.0,0,0
496,0.0,0.27524752475247527,0.2352188534716693,1.0,-0.0,0,0
497,0.0,0.27524752475247527,0.2352188534716693,1.0,-0.0,0,0
498,0.0,0.27524752475247527,0.2352188534716693,1.0,-0.0,0,0
499,0.0,0.21386138613861383,0.2014942708422178,1.0,-0.0,0,0
500,0.0,0.05148514851485149,0.08744317689433512,1.0,-0.0,0,0
501,0.0,0.05346534653465347,0.09704990696905226,1.0,-0.0,0,0
