,foreground,bg_means,bg_stdev,pvals,minus_logs,regs,active
2,0.0,0.03168316831683169,0.0730260947112308,1.0,-0.0,0,0
3,0.0,0.03168316831683169,0.0730260947112308,1.0,-0.0,0,0
4,0.0,0.03168316831683169,0.0730260947112308,1.0,-0.0,0,0
5,0.0,0.03168316831683169,0.0730260947112308,1.0,-0.0,0,0
6,0.0,0.03168316831683169,0.0730260947112308,1.0,-0.0,0,0
7,0.0,0.0,0.0,1.0,-0.0,0,0
8,0.0,0.0,0.0,1.0,-0.0,0,0
9,0.0,0.0,0.0,1.0,-0.0,0,0
10,0.0,0.0,0.0,1.0,-0.0,0,0
11,0.0,0.007920792079207921,0.03900537743285587,1.0,-0.0,0,0
12,0.0,0.007920792079207921,0.03900537743285587,1.0,-0.0,0,0
13,0.0,0.007920792079207921,0.03900537743285587,1.0,-0.0,0,0
14,0.0,0.007920792079207921,0.03900537743285587,1.0,-0.0,0,0
15,0.0,0.007920792079207921,0.03900537743285587,1.0,-0.0,0,0
16,0.0,0.0,0.0,1.0,-0.0,0,0
17,0.0,0.0,0.0,1.0,-0.0,0,0
18,0.2,0.0297029702970297,0.07112192077650681,0.008322928729312118,2.079723824290396,0,0
19,0.2,0.06930693069306931,0.11057238501634628,0.11860911207080789,0.9258819452883051,0,0
20,0.2,0.07524752475247524,0.1189108498693262,0.14706004433802256,0.8325053074261877,0,0
21,0.2,0.07524752475247524,0.1189108498693262,0.14706004433802256,0.8325053074261877,0,0
22,0.2,0.07524752475247524,0.1189108498693262,0.14706004433802256,0.8325053074261877,0,0
23,0.0,0.04554455445544555,0.09283729243351321,1.0,-0.0,0,0
24,0.2,0.12871287128712872,0.15816812315022463,0.32610116939510964,0.48664764381614456,0,0
25,0.2,0.14455445544554454,0.16196518848854283,0.3660512769211982,0.4364580738293654,0,0
26,0.4,0.22970297029702974,0.20174709904079255,0.1993035741445986,0.7004849129535093,0,0
27,0.4,0.36831683168316826,0.24492095838312467,0.4485360865522184,0.3482026104570425,0,0
28,0.4,0.36831683168316826,0.24492095838312467,0.4485360865522184,0.3482026104570425,0,0
29,0.2,0.33267326732673264,0.22387625245674686,1.0,-0.0,0,0
30,0.2,0.31089108910891083,0.22066550561005355,1.0,-0.0,0,0
31,0.0,0.22574257425742572,0.22631506354949688,1.0,-0.0,0,0
32,0.0,0.08712871287128712,0.14188502271424044,1.0,-0.0,0,0
33,0.0,0.09306930693069305,0.1422989641443302,1.0,-0.0,0,0
34,0.0,0.0059405940594059415,0.03395332316729158,1.0,-0.0,0,0
35,0.0,0.0059405940594059415,0.03395332316729158,1.0,-0.0,0,0
36,0.0,0.0059405940594059415,0.03395332316729158,1.0,-0.0,0,0
37,0.0,0.02970297029702971,0.08150144802873932,1.0,-0.0,0,0
38,0.0,0.13267326732673265,0.16477341831853246,1.0,-0.0,0,0
39,0.0,0.14455445544554454,0.1691418336955455,1.0,-0.0,0,0
40,0.0,0.15247524752475247,0.1760929431716096,1.0,-0.0,0,0
41,0.0,0.15247524752475247,0.1760929431716096,1.0,-0.0,0,0
42,0.0,0.12673267326732673,0.15599637537608815,1.0,-0.0,0,0
43,0.0,0.017821782178217824,0.056980176514606566,1.0,-0.0,0,0
44,0.0,0.007920792079207921,0.03900537743285587,1.0,-0.0,0,0
45,0.2,0.05742574257425742,0.11021718851545144,0.09790604061927334,1.009190512214366,0,0
46,0.2,0.05742574257425742,0.11021718851545144,0.09790604061927334,1.009190512214366,0,0
47,0.2,0.05742574257425742,0.11021718851545144,0.09790604061927334,1.009190512214366,0,0
48,0.2,0.05742574257425742,0.11021718851545144,0.09790604061927334,1.009190512214366,0,0
49,0.2,0.07524752475247524,0.12851469892742937,0.16584253402843124,0.7803040749629362,0,0
50,0.0,0.017821782178217824,0.056980176514606566,1.0,-0.0,0,0
51,0.2,0.19405940594059407,0.19590954781832298,0.4879046681253387,0.3116650266686788,0,0
52,0.2,0.20396039603960398,0.20094863738570085,1.0,-0.0,0,0
53,0.2,0.22574257425742572,0.2118534265147639,1.0,-0.0,0,0
54,0.2,0.23564356435643566,0.20947088382745171,1.0,-0.0,0,0
55,0.2,0.23564356435643566,0.20947088382745171,1.0,-0.0,0,0
56,0.0,0.05940594059405942,0.10357779667819421,1.0,-0.0,0,0
57,0.0,0.04950495049504951,0.09912864166957489,1.0,-0.0,0,0
58,0.0,0.02772277227722773,0.06910862719451545,1.0,-0.0,0,0
59,0.0,0.0,0.0,1.0,-0.0,0,0
60,0.0,0.0,0.0,1.0,-0.0,0,0
61,0.0,0.0,0.0,1.0,-0.0,0,0
62,0.0,0.0,0.0,1.0,-0.0,0,0
63,0.0,0.011881188118811881,0.047276579747775535,1.0,-0.0,0,0
64,0.0,0.011881188118811881,0.047276579747775535,1.0,-0.0,0,0
65,0.0,0.011881188118811881,0.047276579747775535,1.0,-0.0,0,0
66,0.0,0.011881188118811881,0.047276579747775535,1.0,-0.0,0,0
67,0.0,0.011881188118811881,0.047276579747775535,1.0,-0.0,0,0
68,0.0,0.03762376237623763,0.08771182015980238,1.0,-0.0,0,0
69,0.0,0.03762376237623763,0.08771182015980238,1.0,-0.0,0,0
70,0.0,0.03762376237623763,0.08771182015980238,1.0,-0.0,0,0
71,0.0,0.07326732673267328,0.12177815335858849,1.0,-0.0,0,0
72,0.0,0.24554455445544554,0.2231745542804261,1.0,-0.0,0,0
73,0.0,0.2930693069306931,0.2430244357768744,1.0,-0.0,0,0
74,0.0,0.2930693069306931,0.2430244357768744,1.0,-0.0,0,0
75,0.0,0.2930693069306931,0.2430244357768744,1.0,-0.0,0,0
76,0.0,0.25742574257425743,0.21861242645532802,1.0,-0.0,0,0
77,0.0,0.08514851485148514,0.12379009590564582,1.0,-0.0,0,0
78,0.0,0.04554455445544555,0.10485704788018795,1.0,-0.0,0,0
79,0.0,0.04554455445544555,0.10485704788018795,1.0,-0.0,0,0
80,0.0,0.07524752475247526,0.12851469892742934,1.0,-0.0,0,0
81,0.0,0.07524752475247526,0.12851469892742934,1.0,-0.0,0,0
82,0.0,0.07524752475247526,0.12851469892742934,1.0,-0.0,0,0
83,0.0,0.06930693069306931,0.10316052497133552,1.0,-0.0,0,0
84,0.6,0.4415841584158416,0.3022251887244663,0.3000819192326073,0.5227601712331488,0,0
85,0.6,0.5782178217821783,0.330497363089506,0.4737258271475488,0.32447293724396953,0,0
86,0.8,0.596039603960396,0.32332455939621113,0.26407830592423076,0.5782672746900077,0,0
87,0.8,0.7049504950495048,0.3521858863432191,0.39362456356010955,0.4049178078886895,0,0
88,0.8,0.6653465346534653,0.32834286703014504,0.3408662342767045,0.4674160172328027,0,0
89,0.2,0.29306930693069305,0.22614173499259316,1.0,-0.0,0,0
90,0.2,0.3821782178217822,0.2550076836753307,1.0,-0.0,0,0
91,0.0,0.3801980198019802,0.26176090745057046,1.0,-0.0,0,0
92,0.0,0.41980198019801984,0.2764770600765171,1.0,-0.0,0,0
93,0.0,0.4435643564356437,0.2794676132369334,1.0,-0.0,0,0
94,0.0,0.5168316831683168,0.30084676107553854,1.0,-0.0,1,0
95,0.0,0.26930693069306927,0.20379691612306708,1.0,-0.0,0,0
96,0.0,0.26930693069306927,0.21329223863253066,1.0,-0.0,0,0
97,0.0,0.11881188118811879,0.14122019271030048,1.0,-0.0,0,0
98,0.0,0.09504950495049505,0.11805036483793174,1.0,-0.0,0,0
99,0.0,0.021782178217821784,0.06230547612891991,1.0,-0.0,0,0
100,0.0,0.015841584158415842,0.054012600780142014,1.0,-0.0,0,0
101,0.0,0.0,0.0,1.0,-0.0,0,0
102,0.0,0.0,0.0,1.0,-0.0,0,0
103,0.0,0.0,0.0,1.0,-0.0,0,0
104,0.0,0.0,0.0,1.0,-0.0,0,0
105,0.0,0.0,0.0,1.0,-0.0,0,0
106,0.0,0.0,0.0,1.0,-0.0,0,0
107,0.0,0.0,0.0,1.0,-0.0,0,0
108,0.2,0.019801980198019802,0.059735061897023205,0.001278047474114718,2.8934530136556162,0,0
109,0.2,0.019801980198019802,0.059735061897023205,0.001278047474114718,2.8934530136556162,0,0
110,0.4,0.05544554455445545,0.10575073206193021,0.0005606549752454359,3.2513043195704925,0,0
111,0.4,0.05544554455445545,0.10575073206193021,0.0005606549752454359,3.2513043195704925,0,0
112,0.4,0.05544554455445545,0.10575073206193021,0.0005606549752454359,3.2513043195704925,0,0
113,0.2,0.0594059405940594,0.11447531431916541,0.10969336149637444,0.9598196545832711,0,0
114,0.2,0.07524752475247524,0.13744913773527348,0.18203780302777234,0.7398384145338767,0,0
115,0.0,0.039603960396039604,0.09342674148186497,1.0,-0.0,0,0
116,0.0,0.08118811881188118,0.12325042629382527,1.0,-0.0,0,0
117,0.0,0.08118811881188118,0.12325042629382527,1.0,-0.0,0,0
118,0.0,0.05742574257425742,0.10277971700879983,1.0,-0.0,0,0
119,0.0,0.041584158415841586,0.09039772047931348,1.0,-0.0,0,0
120,0.0,0.041584158415841586,0.09039772047931348,1.0,-0.0,0,0
121,0.0,0.0,0.0,1.0,-0.0,0,0
122,0.0,0.0,0.0,1.0,-0.0,0,0
123,0.0,0.0,0.0,1.0,-0.0,0,0
124,0.2,0.06336633663366337,0.10874875419996817,0.10448261079208833,0.9809559838634979,0,0
125,0.4,0.11881188118811879,0.14939672169394075,0.029907335898716365,1.5242222715563551,0,0
126,0.4,0.11881188118811879,0.14939672169394075,0.029907335898716365,1.5242222715563551,0,0
127,0.4,0.19009900990099005,0.17660435755646178,0.11731075876770582,0.9306621561779068,0,0
128,0.6,0.26534653465346536,0.20316098263256407,0.049755086485185215,1.3031625145257095,0,0
129,0.6,0.26534653465346536,0.20892731388689076,0.05460325989813496,1.2627814284764103,0,0
130,0.6,0.27920792079207923,0.2252904974784617,0.07723710702393036,1.11217400142647,0,0
131,0.6,0.304950495049505,0.24143803404172492,0.11084423800702571,0.9552868778024771,0,0
132,0.6,0.23564356435643566,0.2075716068337213,0.039601534865251746,1.4022879814837932,0,0
133,0.4,0.1603960396039604,0.17804171717219025,0.08918766429912407,1.0496952094948897,0,0
134,0.2,0.1346534653465346,0.14380655568606185,0.3247683851035798,0.48842625419480384,0,0
135,0.0,0.07524752475247526,0.12219602867755656,1.0,-0.0,0,0
136,0.0,0.04950495049504951,0.09504950495049506,1.0,-0.0,0,0
137,0.0,0.04950495049504951,0.09504950495049506,1.0,-0.0,0,0
138,0.2,0.06930693069306931,0.11057238501634631,0.11860911207080795,0.925881945288305,0,0
139,0.6,0.11485148514851484,0.14717547862227365,0.0004896710390435605,3.31009558100426,0,0
140,0.6,0.17227722772277226,0.17355845414780538,0.006861556043661144,2.1635773850885833,0,0
141,0.8,0.18613861386138614,0.17633771771004506,0.00024961525031176043,3.6027288848392933,0,0
142,0.8,0.20000000000000004,0.17575861034074802,0.0003203496573237632,3.4943757362342507,0,0
143,0.6,0.1801980198019802,0.15796966871429013,0.003936308005115619,2.4049109265799724,0,0
144,0.2,0.10099009900990097,0.12781100644043505,0.21927069710826586,0.6590194026794772,0,0
145,0.2,0.033663366336633666,0.07482947971362847,0.013112090674369026,1.8823280561396656,0,0
146,0.0,0.019801980198019802,0.059735061897023205,1.0,-0.0,0,0
147,0.2,0.06534653465346535,0.10571364605971598,0.10137482685028305,0.9940698745616096,0,0
148,0.2,0.06534653465346535,0.10571364605971598,0.10137482685028305,0.9940698745616096,0,0
149,0.2,0.05940594059405942,0.09562531855564071,0.07074570539322604,1.1502999187808278,0,0
150,0.4,0.11485148514851484,0.1416914361980065,0.02208567245422131,1.6558893730090944,0,0
151,0.4,0.11485148514851484,0.1416914361980065,0.02208567245422131,1.6558893730090944,0,0
152,0.2,0.05544554455445545,0.11299281281336322,0.10039143277323,0.9983033475303007,0,0
153,0.2,0.05544554455445545,0.11299281281336322,0.10039143277323,0.9983033475303007,0,0
154,0.2,0.05544554455445545,0.11299281281336322,0.10039143277323,0.9983033475303007,0,0
155,0.2,0.04950495049504951,0.10304643034659552,0.07208203336412715,1.1421729708308164,0,0
156,0.4,0.1188118811881188,0.14399729871443837,0.0254256857888514,1.5947273243325633,0,0
157,0.4,0.1188118811881188,0.14399729871443837,0.0254256857888514,1.5947273243325633,0,0
158,0.4,0.1188118811881188,0.14399729871443837,0.0254256857888514,1.5947273243325633,0,0
159,0.4,0.1188118811881188,0.14399729871443837,0.0254256857888514,1.5947273243325633,0,0
160,0.2,0.06930693069306931,0.11057238501634628,0.11860911207080789,0.9258819452883051,0,0
161,0.0,0.0,0.0,1.0,-0.0,0,0
162,0.0,0.0,0.0,1.0,-0.0,0,0
163,0.0,0.0,0.0,1.0,-0.0,0,0
164,0.0,0.0,0.0,1.0,-0.0,0,0
165,0.0,0.0,0.0,1.0,-0.0,0,0
166,0.0,0.03168316831683169,0.08316831683168319,1.0,-0.0,0,0
167,0.0,0.03168316831683169,0.08316831683168319,1.0,-0.0,0,0
168,0.0,0.0594059405940594,0.11096178792967841,1.0,-0.0,0,0
169,0.0,0.09900990099009899,0.14246420394934614,1.0,-0.0,0,0
170,0.0,0.09900990099009899,0.14246420394934614,1.0,-0.0,0,0
171,0.0,0.06732673267326733,0.1135467024699521,1.0,-0.0,0,0
172,0.0,0.06732673267326733,0.1135467024699521,1.0,-0.0,0,0
173,0.2,0.05940594059405942,0.10357779667819421,0.08733081746926054,1.0588324745635311,0,0
174,0.2,0.019801980198019806,0.05973506189702319,0.0012780474741147156,2.893453013655617,0,0
175,0.2,0.019801980198019806,0.05973506189702319,0.0012780474741147156,2.893453013655617,0,0
176,0.2,0.03168316831683169,0.0730260947112308,0.01058647624307391,1.9752485727397298,0,0
177,0.2,0.09900990099009897,0.14791959918402456,0.24738670286539144,0.6066236475823374,0,0
178,0.0,0.07920792079207921,0.13520562388207177,1.0,-0.0,0,0
179,0.0,0.07920792079207921,0.13520562388207177,1.0,-0.0,0,0
180,0.0,0.11485148514851483,0.15246238855382302,1.0,-0.0,0,0
181,0.0,0.10297029702970294,0.13676274574124359,1.0,-0.0,0,0
182,0.0,0.03564356435643565,0.08154954567118416,1.0,-0.0,0,0
183,0.0,0.03564356435643565,0.08154954567118416,1.0,-0.0,0,0
184,0.0,0.03564356435643565,0.08154954567118416,1.0,-0.0,0,0
185,0.0,0.0,0.0,1.0,-0.0,0,0
186,0.0,0.0,0.0,1.0,-0.0,0,0
187,0.0,0.0,0.0,1.0,-0.0,0,0
188,0.0,0.0,0.0,1.0,-0.0,0,0
189,0.0,0.0,0.0,1.0,-0.0,0,0
190,0.0,0.04752475247524753,0.08965727859541997,1.0,-0.0,0,0
191,0.0,0.04752475247524753,0.08965727859541997,1.0,-0.0,0,0
192,0.0,0.04752475247524753,0.08965727859541997,1.0,-0.0,0,0
193,0.0,0.04752475247524753,0.08965727859541997,1.0,-0.0,0,0
194,0.0,0.04752475247524753,0.08965727859541997,1.0,-0.0,0,0
195,0.0,0.011881188118811883,0.047276579747775535,1.0,-0.0,0,0
196,0.0,0.03168316831683169,0.0730260947112308,1.0,-0.0,0,0
197,0.0,0.041584158415841586,0.08590499787518362,1.0,-0.0,0,0
198,0.0,0.14059405940594058,0.14770737583343774,1.0,-0.0,0,0
199,0.0,0.20792079207920788,0.1733097543528005,1.0,-0.0,0,0
200,0.2,0.2435643564356436,0.18370005771578798,1.0,-0.0,0,0
201,0.2,0.22376237623762374,0.1786353744371313,1.0,-0.0,0,0
202,0.2,0.21386138613861383,0.17407731466008644,1.0,-0.0,0,0
203,0.2,0.3069306930693069,0.22961760107034876,1.0,-0.0,0,0
204,0.2,0.30495049504950494,0.207949078698219,1.0,-0.0,0,0
205,0.0,0.3841584158415841,0.23828291416223882,1.0,-0.0,0,0
206,0.0,0.4732673267326732,0.2724625831733365,1.0,-0.0,0,0
207,0.0,0.4732673267326732,0.2724625831733365,1.0,-0.0,0,0
208,0.0,0.33069306930693076,0.21879171987220805,1.0,-0.0,0,0
209,0.0,0.3227722772277228,0.257897511349297,1.0,-0.0,0,0
210,0.0,0.19603960396039596,0.20868318499307278,1.0,-0.0,0,0
211,0.0,0.12079207920792076,0.1517663861889879,1.0,-0.0,0,0
212,0.0,0.12079207920792076,0.1517663861889879,1.0,-0.0,0,0
213,0.0,0.07326732673267328,0.11848138852793338,1.0,-0.0,0,0
214,0.0,0.015841584158415842,0.05401260078014202,1.0,-0.0,0,0
215,0.0,0.015841584158415842,0.05401260078014202,1.0,-0.0,0,0
216,0.0,0.0,0.0,1.0,-0.0,0,0
217,0.0,0.06336633663366337,0.11233152161332939,1.0,-0.0,0,0
218,0.0,0.06336633663366337,0.11233152161332939,1.0,-0.0,0,0
219,0.0,0.07920792079207921,0.1261123431927973,1.0,-0.0,0,0
220,0.0,0.07920792079207921,0.1261123431927973,1.0,-0.0,0,0
221,0.0,0.07920792079207921,0.1261123431927973,1.0,-0.0,0,0
222,0.0,0.015841584158415842,0.05401260078014202,1.0,-0.0,0,0
223,0.0,0.015841584158415842,0.05401260078014202,1.0,-0.0,0,0
224,0.0,0.0,0.0,1.0,-0.0,0,0
225,0.0,0.0,0.0,1.0,-0.0,0,0
226,0.0,0.0,0.0,1.0,-0.0,0,0
227,0.0,0.0,0.0,1.0,-0.0,0,0
228,0.0,0.0,0.0,1.0,-0.0,0,0
229,0.0,0.0,0.0,1.0,-0.0,0,0
230,0.0,0.017821782178217824,0.05698017651460656,1.0,-0.0,0,0
231,0.0,0.017821782178217824,0.05698017651460656,1.0,-0.0,0,0
232,0.0,0.017821782178217824,0.05698017651460656,1.0,-0.0,0,0
233,0.0,0.017821782178217824,0.05698017651460656,1.0,-0.0,0,0
234,0.0,0.017821782178217824,0.05698017651460656,1.0,-0.0,0,0
235,0.0,0.009900990099009901,0.04338396495090424,1.0,-0.0,0,0
236,0.0,0.009900990099009901,0.04338396495090424,1.0,-0.0,0,0
237,0.0,0.009900990099009901,0.04338396495090424,1.0,-0.0,0,0
238,0.0,0.009900990099009901,0.04338396495090424,1.0,-0.0,0,0
239,0.0,0.07326732673267328,0.10798889666879985,1.0,-0.0,0,0
240,0.0,0.06336633663366337,0.09721138779115705,1.0,-0.0,0,0
241,0.0,0.06336633663366337,0.09721138779115705,1.0,-0.0,0,0
242,0.0,0.07722772277227724,0.10889288780093088,1.0,-0.0,0,0
243,0.0,0.09108910891089109,0.12113245340338318,1.0,-0.0,0,0
244,0.0,0.027722772277227727,0.06910862719451544,1.0,-0.0,0,0
245,0.0,0.027722772277227727,0.06910862719451544,1.0,-0.0,0,0
246,0.0,0.027722772277227727,0.06910862719451544,1.0,-0.0,0,0
247,0.0,0.033663366336633666,0.07994704648786674,1.0,-0.0,0,0
248,0.0,0.019801980198019802,0.0597350618970232,1.0,-0.0,0,0
249,0.0,0.019801980198019802,0.0597350618970232,1.0,-0.0,0,0
250,0.0,0.019801980198019802,0.0597350618970232,1.0,-0.0,0,0
251,0.0,0.019801980198019802,0.0597350618970232,1.0,-0.0,0,0
252,0.0,0.0,0.0,1.0,-0.0,0,0
253,0.0,0.0,0.0,1.0,-0.0,0,0
254,0.0,0.0,0.0,1.0,-0.0,0,0
255,0.0,0.0,0.0,1.0,-0.0,0,0
256,0.0,0.0,0.0,1.0,-0.0,0,0
257,0.0,0.0,0.0,1.0,-0.0,0,0
258,0.0,0.0,0.0,1.0,-0.0,0,0
259,0.0,0.0,0.0,1.0,-0.0,0,0
260,0.0,0.0,0.0,1.0,-0.0,0,0
261,0.0,0.0,0.0,1.0,-0.0,0,0
262,0.2,0.009900990099009901,0.04338396495090424,5.885669548817485e-06,5.230204125035219,0,0
263,0.2,0.009900990099009901,0.04338396495090424,5.885669548817485e-06,5.230204125035219,0,0
264,0.2,0.009900990099009901,0.04338396495090424,5.885669548817485e-06,5.230204125035219,0,0
265,0.2,0.009900990099009901,0.04338396495090424,5.885669548817485e-06,5.230204125035219,0,0
266,0.2,0.025742574257425748,0.06697637435757531,0.004637140001348011,2.3337497919853583,0,0
267,0.0,0.015841584158415842,0.054012600780142014,1.0,-0.0,0,0
268,0.0,0.015841584158415842,0.054012600780142014,1.0,-0.0,0,0
269,0.0,0.015841584158415842,0.054012600780142014,1.0,-0.0,0,0
270,0.0,0.015841584158415842,0.054012600780142014,1.0,-0.0,0,0
271,0.0,0.0,0.0,1.0,-0.0,0,0
272,0.0,0.0,0.0,1.0,-0.0,0,0
273,0.0,0.0,0.0,1.0,-0.0,0,0
274,0.0,0.0,0.0,1.0,-0.0,0,0
275,0.0,0.0,0.0,1.0,-0.0,0,0
276,0.0,0.0,0.0,1.0,-0.0,0,0
277,0.0,0.0,0.0,1.0,-0.0,0,0
278,0.0,0.0,0.0,1.0,-0.0,0,0
279,0.0,0.0,0.0,1.0,-0.0,0,0
280,0.0,0.05346534653465347,0.09704990696905226,1.0,-0.0,0,0
281,0.0,0.05346534653465347,0.09704990696905226,1.0,-0.0,0,0
282,0.0,0.05346534653465347,0.09704990696905226,1.0,-0.0,0,0
283,0.0,0.14455445544554454,0.15445544554455445,1.0,-0.0,0,0
284,0.0,0.14455445544554454,0.15445544554455445,1.0,-0.0,0,0
285,0.0,0.1504950495049505,0.16508249505478284,1.0,-0.0,0,0
286,0.0,0.1504950495049505,0.16508249505478284,1.0,-0.0,0,0
287,0.0,0.18217821782178217,0.18260818825185748,1.0,-0.0,0,0
288,0.0,0.09108910891089109,0.12750384183766536,1.0,-0.0,0,0
289,0.0,0.09108910891089109,0.12750384183766536,1.0,-0.0,0,0
290,0.0,0.031683168316831684,0.07826167463512675,1.0,-0.0,0,0
291,0.0,0.06336633663366337,0.11917436454123627,1.0,-0.0,0,0
292,0.0,0.04752475247524753,0.09809478080396702,1.0,-0.0,0,0
293,0.0,0.17623762376237626,0.19556899208121015,1.0,-0.0,0,0
294,0.0,0.17623762376237626,0.19556899208121015,1.0,-0.0,0,0
295,0.0,0.17623762376237626,0.19556899208121015,1.0,-0.0,0,0
296,0.0,0.26930693069306927,0.21142729211943195,1.0,-0.0,0,0
297,0.0,0.46732673267326735,0.3047832896367513,1.0,-0.0,0,0
298,0.0,0.3633663366336634,0.2848389408650342,1.0,-0.0,0,0
299,0.2,0.403960396039604,0.3133722020942313,1.0,-0.0,0,0
300,0.2,0.403960396039604,0.3133722020942313,1.0,-0.0,0,0
301,0.2,0.2772277227722772,0.2563572646761546,1.0,-0.0,0,0
302,0.2,0.06732673267326733,0.11000352009767247,0.11389293410569636,0.9435032186258506,0,0
303,0.2,0.051485148514851496,0.10011267057239238,0.0689738517569684,1.1613155207112393,0,0
304,0.2,0.03762376237623763,0.08307396817189319,0.025315250600093635,1.5966177690988212,0,0
305,0.2,0.10297029702970295,0.13383560593042218,0.23422856230353267,0.6303601472889672,0,0
306,0.2,0.10297029702970295,0.13383560593042218,0.23422856230353267,0.6303601472889672,0,0
307,0.2,0.09900990099009899,0.1338649012368758,0.22529911544679282,0.6472405133686279,0,0
308,0.2,0.09108910891089109,0.1243589581632284,0.19057525368436823,0.7199334934461744,0,0
309,0.0,0.06534653465346535,0.10571364605971598,1.0,-0.0,0,0
310,0.0,0.0,0.0,1.0,-0.0,0,0
311,0.0,0.0,0.0,1.0,-0.0,0,0
312,0.0,0.0,0.0,1.0,-0.0,0,0
313,0.0,0.0,0.0,1.0,-0.0,0,0
314,0.0,0.0,0.0,1.0,-0.0,0,0
315,0.0,0.0,0.0,1.0,-0.0,0,0
316,0.0,0.0,0.0,1.0,-0.0,0,0
317,0.0,0.0,0.0,1.0,-0.0,0,0
318,0.2,0.04356435643564357,0.09164702150816742,0.043916930442951946,1.3573680223438191,0,0
319,1.4,0.20594059405940596,0.19991175388711227,1.1651318918902215e-09,8.933624910107499,0,0
320,1.4,0.22970297029702968,0.22050551932000087,5.5619300639227747e-08,7.2547744762851245,0,0
321,1.6,0.27326732673267323,0.2211093045894314,9.844782043608144e-10,9.006793894386817,0,0
322,1.6,0.27326732673267323,0.2211093045894314,9.844782043608144e-10,9.006793894386817,0,0
323,1.4,0.27128712871287125,0.2226468293652734,1.9940862366465986e-07,6.700256064033433,0,0
324,0.2,0.10891089108910891,0.13057300215314485,0.24271037887342684,0.6149116518053507,0,0
325,0.2,0.09306930693069307,0.12126186845461279,0.188938075772638,0.7236805120007752,0,0
326,0.0,0.049504950495049514,0.09504950495049506,1.0,-0.0,0,0
327,0.0,0.049504950495049514,0.09504950495049506,1.0,-0.0,0,0
328,0.0,0.007920792079207921,0.03900537743285587,1.0,-0.0,0,0
329,0.0,0.007920792079207921,0.03900537743285587,1.0,-0.0,0,0
330,0.0,0.0,0.0,1.0,-0.0,0,0
331,0.0,0.0,0.0,1.0,-0.0,0,0
332,0.0,0.0,0.0,1.0,-0.0,0,0
333,0.0,0.0,0.0,1.0,-0.0,0,0
334,0.2,0.1396039603960396,0.16049379736991787,0.3533417901022414,0.4518049950658727,0,0
335,0.2,0.1396039603960396,0.16049379736991787,0.3533417901022414,0.4518049950658727,0,0
336,0.2,0.16633663366336632,0.16666633990099655,0.41996594762129563,0.37678592236332387,0,0
337,0.2,0.19405940594059404,0.18337959449964716,0.48707849860934005,0.31240104132007734,0,0
338,0.2,0.19405940594059404,0.18337959449964716,0.48707849860934005,0.31240104132007734,0,0
339,0.0,0.09108910891089109,0.13937555924568537,1.0,-0.0,0,0
340,0.0,0.09108910891089109,0.13937555924568537,1.0,-0.0,0,0
341,0.0,0.07722772277227724,0.11593886073904516,1.0,-0.0,0,0
342,0.0,0.049504950495049514,0.09504950495049508,1.0,-0.0,0,0
343,0.0,0.049504950495049514,0.09504950495049508,1.0,-0.0,0,0
344,0.0,0.025742574257425745,0.0669763743575753,1.0,-0.0,0,0
345,0.0,0.05148514851485149,0.09186070102766893,1.0,-0.0,0,0
346,0.0,0.04752475247524753,0.08965727859541997,1.0,-0.0,0,0
347,0.0,0.04752475247524753,0.08965727859541997,1.0,-0.0,0,0
348,0.0,0.2653465346534653,0.19722613224536606,1.0,-0.0,0,0
349,0.0,0.2514851485148515,0.19630944524980165,1.0,-0.0,0,0
350,0.0,0.22574257425742572,0.17499842451711448,1.0,-0.0,0,0
351,0.0,0.26534653465346536,0.2108143773463095,1.0,-0.0,0,0
352,0.0,0.2831683168316832,0.225620950387154,1.0,-0.0,0,0
353,0.0,0.09306930693069305,0.13661931335176508,1.0,-0.0,0,0
354,0.0,0.09306930693069305,0.13661931335176508,1.0,-0.0,0,0
355,0.0,0.09306930693069305,0.13661931335176508,1.0,-0.0,0,0
356,0.0,0.04554455445544554,0.10100951085035129,1.0,-0.0,0,0
357,0.0,0.1762376237623762,0.18516704518908453,1.0,-0.0,0,0
358,0.0,0.16237623762376235,0.16818865241652334,1.0,-0.0,0,0
359,0.0,0.17425742574257425,0.17499842451711448,1.0,-0.0,0,0
360,0.0,0.17425742574257425,0.17499842451711448,1.0,-0.0,0,0
361,0.0,0.17425742574257425,0.17499842451711448,1.0,-0.0,0,0
362,0.0,0.1762376237623762,0.17863537443713132,1.0,-0.0,0,0
363,0.0,0.16237623762376235,0.16818865241652334,1.0,-0.0,0,0
364,0.0,0.15049504950495046,0.16508249505478284,1.0,-0.0,0,0
365,0.0,0.16633663366336632,0.1713529319032391,1.0,-0.0,0,0
366,0.0,0.16633663366336632,0.1713529319032391,1.0,-0.0,0,0
367,0.0,0.015841584158415842,0.054012600780142014,1.0,-0.0,0,0
368,0.0,0.015841584158415842,0.054012600780142014,1.0,-0.0,0,0
369,0.0,0.015841584158415842,0.054012600780142014,1.0,-0.0,0,0
370,0.0,0.039603960396039604,0.08452453849668534,1.0,-0.0,0,0
371,0.0,0.08514851485148514,0.13304219431477884,1.0,-0.0,0,0
372,0.0,0.09504950495049505,0.14513649268759365,1.0,-0.0,0,0
373,0.0,0.09504950495049505,0.14513649268759365,1.0,-0.0,0,0
374,0.0,0.11881188118811879,0.15460769343321298,1.0,-0.0,0,0
375,0.0,0.097029702970297,0.127780323207142,1.0,-0.0,0,0
376,0.0,0.05148514851485149,0.096075322540263,1.0,-0.0,0,0
377,0.0,0.041584158415841586,0.08590499787518362,1.0,-0.0,0,0
378,0.0,0.041584158415841586,0.08590499787518362,1.0,-0.0,0,0
379,0.0,0.017821782178217824,0.056980176514606566,1.0,-0.0,0,0
380,0.0,0.027722772277227727,0.06910862719451542,1.0,-0.0,0,0
381,0.0,0.027722772277227727,0.06910862719451542,1.0,-0.0,0,0
382,0.0,0.027722772277227727,0.06910862719451542,1.0,-0.0,0,0
383,0.0,0.027722772277227727,0.06910862719451542,1.0,-0.0,0,0
384,0.0,0.027722772277227727,0.06910862719451542,1.0,-0.0,0,0
385,0.0,0.0,0.0,1.0,-0.0,0,0
386,0.0,0.0,0.0,1.0,-0.0,0,0
387,0.0,0.023762376237623766,0.06471340450838889,1.0,-0.0,0,0
388,0.0,0.023762376237623766,0.06471340450838889,1.0,-0.0,0,0
389,0.0,0.023762376237623766,0.06471340450838889,1.0,-0.0,0,0
390,0.2,0.08316831683168316,0.12670172889541695,0.1782381694772629,0.7489992867285711,0,0
391,0.4,0.1188118811881188,0.14939672169394075,0.029907335898716365,1.5242222715563551,0,0
392,0.4,0.09504950495049506,0.13957235791450373,0.014448391830827623,1.840180489091837,0,0
393,0.4,0.09504950495049506,0.13957235791450373,0.014448391830827623,1.840180489091837,0,0
394,0.6,0.19801980198019803,0.18129359046727286,0.013301690724578222,1.8760931540940002,0,0
395,0.4,0.13861386138613863,0.1371349678667785,0.02832184377627346,1.5478784771194023,0,0
396,0.2,0.10099009900990098,0.12781100644043505,0.2192706971082659,0.6590194026794771,0,0
397,0.2,0.10099009900990098,0.12781100644043505,0.2192706971082659,0.6590194026794771,0,0
398,0.2,0.10099009900990098,0.12781100644043505,0.2192706971082659,0.6590194026794771,0,0
399,0.0,0.0,0.0,1.0,-0.0,0,0
400,0.0,0.0,0.0,1.0,-0.0,0,0
401,0.0,0.0,0.0,1.0,-0.0,0,0
402,0.0,0.0,0.0,1.0,-0.0,0,0
403,0.0,0.0,0.0,1.0,-0.0,0,0
404,0.0,0.0,0.0,1.0,-0.0,0,0
405,0.0,0.0,0.0,1.0,-0.0,0,0
406,0.0,0.0,0.0,1.0,-0.0,0,0
407,0.0,0.023762376237623766,0.07056843438101175,1.0,-0.0,0,0
408,0.0,0.049504950495049514,0.09078727434730813,1.0,-0.0,0,0
409,0.0,0.049504950495049514,0.09078727434730813,1.0,-0.0,0,0
410,0.0,0.049504950495049514,0.09078727434730813,1.0,-0.0,0,0
411,0.0,0.049504950495049514,0.09078727434730813,1.0,-0.0,0,0
412,0.0,0.025742574257425748,0.06697637435757531,1.0,-0.0,0,0
413,0.0,0.02772277227722772,0.06910862719451544,1.0,-0.0,0,0
414,0.0,0.02772277227722772,0.06910862719451544,1.0,-0.0,0,0
415,0.0,0.039603960396039604,0.08452453849668534,1.0,-0.0,0,0
416,0.2,0.2495049504950495,0.21323707922331572,1.0,-0.0,0,0
417,0.4,0.2653465346534653,0.22179985785260758,0.2718941126429418,0.5656001961431547,0,0
418,0.4,0.25544554455445545,0.21083297670029566,0.24647167118856772,0.6082329901940408,0,0
419,0.4,0.25742574257425743,0.21124174816783503,0.24985881984616537,0.6023053156513939,0,0
420,0.4,0.24554455445544554,0.2084951990212257,0.22940415512868167,0.6393987201177707,0,0
421,0.2,0.03564356435643565,0.07653920035678292,0.015882722457572503,1.7990750531077893,0,0
422,0.0,0.019801980198019802,0.059735061897023205,1.0,-0.0,0,0
423,0.0,0.0019801980198019802,0.0198019801980198,1.0,-0.0,0,0
424,0.0,0.09504950495049502,0.12457948087149172,1.0,-0.0,0,0
425,0.0,0.09504950495049502,0.12457948087149172,1.0,-0.0,0,0
426,0.0,0.11089108910891086,0.13636075485692528,1.0,-0.0,0,0
427,0.0,0.1504950495049505,0.1577212495187317,1.0,-0.0,0,0
428,0.0,0.20792079207920788,0.1968480181280898,1.0,-0.0,0,0
429,0.0,0.11089108910891088,0.14752142995793405,1.0,-0.0,0,0
430,0.0,0.11089108910891088,0.14752142995793405,1.0,-0.0,0,0
431,0.2,0.13366336633663364,0.16184409300358452,0.340947041182155,0.4673130741116746,0,0
432,0.2,0.09504950495049505,0.14513649268759363,0.234804362963618,0.6292938376057692,0,0
433,0.2,0.03762376237623763,0.08307396817189318,0.025315250600093615,1.5966177690988217,0,0
434,0.2,0.03762376237623763,0.08307396817189318,0.025315250600093615,1.5966177690988217,0,0
435,0.2,0.03762376237623763,0.08307396817189318,0.025315250600093615,1.5966177690988217,0,0
436,0.0,0.0,0.0,1.0,-0.0,0,0
437,0.0,0.0,0.0,1.0,-0.0,0,0
438,0.0,0.0,0.0,1.0,-0.0,0,0
439,0.0,0.0,0.0,1.0,-0.0,0,0
440,0.0,0.017821782178217824,0.056980176514606566,1.0,-0.0,0,0
441,0.0,0.09900990099009901,0.13965661530697393,1.0,-0.0,0,0
442,0.0,0.1465346534653465,0.15642311016341784,1.0,-0.0,0,0
443,0.0,0.1465346534653465,0.15642311016341784,1.0,-0.0,0,0
444,0.0,0.1465346534653465,0.15642311016341784,1.0,-0.0,0,0
445,0.0,0.1277227722772277,0.1476675500000171,1.0,-0.0,0,0
446,0.0,0.04554455445544555,0.08387254884969256,1.0,-0.0,0,0
447,0.0,0.0,0.0,1.0,-0.0,0,0
448,0.0,0.0,0.0,1.0,-0.0,0,0
449,0.0,0.0,0.0,1.0,-0.0,0,0
450,0.0,0.0,0.0,1.0,-0.0,0,0
451,0.0,0.0,0.0,1.0,-0.0,0,0
452,0.0,0.0,0.0,1.0,-0.0,0,0
453,0.2,0.027722772277227727,0.06910862719451544,0.0063361735559086295,2.1981729353735644,0,0
454,0.2,0.041584158415841586,0.0946774898050053,0.04714244196908596,1.326587924861529,0,0
455,0.2,0.041584158415841586,0.0946774898050053,0.04714244196908596,1.326587924861529,0,0
456,0.2,0.14158415841584157,0.17192407185067912,0.36701224320654513,0.43531944782323895,0,0
457,0.2,0.17029702970297034,0.18322985319016175,0.43561052085572194,0.3609016397188166,0,0
458,0.0,0.2950495049504951,0.22793790956873936,1.0,-0.0,0,0
459,0.0,0.2811881188118812,0.22192357585935682,1.0,-0.0,0,0
460,0.0,0.30099009900990104,0.22624574806133213,1.0,-0.0,0,0
461,0.0,0.20198019801980197,0.17687059543257513,1.0,-0.0,0,0
462,0.0,0.2752475247524752,0.21220480514247628,1.0,-0.0,0,0
463,0.0,0.18019801980198016,0.19397856469320326,1.0,-0.0,0,0
464,0.0,0.19009900990099005,0.19975477565019395,1.0,-0.0,0,0
465,0.0,0.17029702970297025,0.1916807135101792,1.0,-0.0,0,0
466,0.0,0.17029702970297025,0.1916807135101792,1.0,-0.0,0,0
467,0.0,0.09108910891089106,0.12113245340338318,1.0,-0.0,0,0
468,0.0,0.04554455445544554,0.08387254884969257,1.0,-0.0,0,0
469,0.0,0.03564356435643564,0.07653920035678292,1.0,-0.0,0,0
