,foreground,bg_means,bg_stdev,pvals,minus_logs,regs,active
2,1.0,0.6198019801980199,0.3089489694733631,0.10923297157848479,0.9616462516198134,0,0
3,0.8,0.5584158415841585,0.2956005220900925,0.20688831079168613,0.6842640463186968,0,0
4,1.2,0.6316831683168317,0.29615713419152345,0.027494027733679312,1.5607616335876267,0,0
5,1.2,0.6316831683168317,0.29615713419152345,0.027494027733679312,1.5607616335876267,0,0
6,1.2,0.6336633663366336,0.30839001528788484,0.03314705311584795,1.4795550757784932,0,0
7,1.2,0.6970297029702968,0.34654031112778994,0.07333357650458242,1.1346971337916854,0,0
8,1.2,0.7148514851485146,0.34737662917616424,0.0812659427796902,1.0900914219547677,0,0
9,1.0,0.592079207920792,0.28551956057103955,0.07654574452446011,1.1160789484133524,0,0
10,1.0,0.592079207920792,0.28551956057103955,0.07654574452446011,1.1160789484133524,0,0
11,1.0,0.7425742574257426,0.3163362463004492,0.2078876417924233,0.6821713272191874,0,0
12,0.8,0.5643564356435643,0.30232896594058156,0.21786391199181232,0.6618147023870962,0,0
13,1.0,0.6693069306930692,0.32873672822886546,0.15721954967014734,0.8034934520244954,0,0
14,0.6,0.5128712871287129,0.28895967937462114,0.38150690262686027,0.41849759992237345,0,0
15,1.0,0.6495049504950494,0.3262823178868135,0.14136475210140076,0.8496588640620806,0,0
16,0.8,0.44752475247524764,0.30331307859164386,0.12260069177465267,0.9115070793031929,0,0
17,0.8,0.44752475247524764,0.30331307859164386,0.12260069177465267,0.9115070793031929,0,0
18,0.8,0.49900990099009906,0.28649298006189033,0.1467207101252515,0.833508579692512,0,0
19,0.8,0.49900990099009906,0.28649298006189033,0.1467207101252515,0.833508579692512,0,0
20,0.4,0.36039603960396044,0.23040180482687977,0.4317616729426763,0.3647559121830564,0,0
21,0.4,0.36237623762376237,0.24326633945245488,0.43854437452721384,0.35798645557669784,0,0
22,0.4,0.6792079207920791,0.3185104041644848,1.0,-0.0,0,0
23,0.2,0.5069306930693069,0.24302443577687444,1.0,-0.0,0,0
24,0.4,0.6316831683168317,0.2907588886016262,1.0,-0.0,0,0
25,0.6,0.7524752475247525,0.32353066465402225,1.0,-0.0,0,0
26,0.4,0.5643564356435643,0.2705272294326822,1.0,-0.0,0,0
27,0.4,0.26534653465346536,0.20702305011778419,0.25770808985175403,0.5888719480659736,0,0
28,0.4,0.3346534653465348,0.23898947471101076,0.3922619219554508,0.4064238480959438,0,0
29,0.2,0.20792079207920788,0.19278221864351283,1.0,-0.0,0,0
30,0.0,0.1584158415841584,0.16486858056632595,1.0,-0.0,0,0
31,0.0,0.1584158415841584,0.16486858056632595,1.0,-0.0,0,0
32,0.2,0.45742574257425733,0.26601069533082533,1.0,-0.0,0,0
33,0.2,0.5267326732673268,0.2782160600345898,1.0,-0.0,0,0
34,0.2,0.5267326732673268,0.2782160600345898,1.0,-0.0,0,0
35,0.2,0.5524752475247524,0.2759660114693924,1.0,-0.0,0,0
36,0.2,0.5524752475247524,0.2759660114693924,1.0,-0.0,0,0
37,0.2,0.5148514851485148,0.30357152536535076,1.0,-0.0,0,0
38,0.2,0.4811881188118813,0.26577473946194563,1.0,-0.0,0,0
39,0.2,0.5366336633663368,0.2727646402409734,1.0,-0.0,0,0
40,0.2,0.4752475247524752,0.2711931614379405,1.0,-0.0,0,0
41,0.2,0.4752475247524752,0.2711931614379405,1.0,-0.0,0,0
42,0.2,0.33861386138613864,0.21012504387932374,1.0,-0.0,0,0
43,0.4,0.4732673267326732,0.25905047067743414,1.0,-0.0,0,0
44,0.4,0.4198019801980198,0.24455245118832364,1.0,-0.0,0,0
45,0.6,0.5544554455445544,0.2741412342784868,0.4340252111842128,0.3624850429294694,0,0
46,0.6,0.6990099009900991,0.29734636585656976,1.0,-0.0,0,0
47,0.4,0.5920792079207922,0.2869032915053439,1.0,-0.0,0,0
48,0.2,0.5287128712871288,0.27943955001316056,1.0,-0.0,0,0
49,0.8,0.8019801980198021,0.30114638985505543,1.0,-0.0,0,0
50,0.6,0.6336633663366336,0.26411714612231535,1.0,-0.0,0,0
51,0.6,0.794059405940594,0.329963028885556,1.0,-0.0,0,0
52,0.6,0.8455445544554454,0.36247902021235434,1.0,-0.0,0,0
53,0.6,0.6673267326732673,0.3321424336275888,1.0,-0.0,0,0
54,0.0,0.4435643564356436,0.2511028512340176,1.0,-0.0,0,0
55,0.0,0.4435643564356436,0.2511028512340176,1.0,-0.0,0,0
56,0.2,0.40990099009900993,0.2569836264364822,1.0,-0.0,0,0
57,0.2,0.3742574257425743,0.25742574257425743,1.0,-0.0,0,0
58,0.2,0.3742574257425743,0.25742574257425743,1.0,-0.0,0,0
59,0.2,0.3247524752475249,0.25462297524688565,1.0,-0.0,0,0
60,0.2,0.3247524752475249,0.25462297524688565,1.0,-0.0,0,0
