,foreground,bg_means,bg_stdev,pvals,minus_logs,regs,active
2,0.0,0.0,0.0,1.0,-0.0,0,0
3,0.0,0.0,0.0,1.0,-0.0,0,0
4,0.0,0.0,0.0,1.0,-0.0,0,0
5,0.4,0.04356435643564356,0.09164702150816742,5.028297628426176e-05,4.29857902403349,0,0
6,0.4,0.04356435643564356,0.09164702150816742,5.028297628426176e-05,4.29857902403349,0,0
7,0.4,0.04356435643564356,0.09164702150816742,5.028297628426176e-05,4.29857902403349,0,0
8,0.4,0.04356435643564356,0.09164702150816742,5.028297628426176e-05,4.29857902403349,0,0
9,0.4,0.04356435643564356,0.09164702150816742,5.028297628426176e-05,4.29857902403349,0,0
10,0.0,0.0,0.0,1.0,-0.0,0,0
11,0.0,0.0,0.0,1.0,-0.0,0,0
12,0.0,0.0,0.0,1.0,-0.0,0,0
13,0.0,0.0,0.0,1.0,-0.0,0,0
14,0.0,0.0,0.0,1.0,-0.0,0,0
15,0.0,0.0,0.0,1.0,-0.0,0,0
16,0.0,0.0,0.0,1.0,-0.0,0,0
17,0.0,0.011881188118811883,0.04727657974777555,1.0,-0.0,0,0
18,0.0,0.031683168316831684,0.0730260947112308,1.0,-0.0,0,0
19,0.0,0.031683168316831684,0.0730260947112308,1.0,-0.0,0,0
20,0.0,0.0594059405940594,0.09138994660763824,1.0,-0.0,0,0
21,0.0,0.17425742574257425,0.18166090995928263,1.0,-0.0,0,0
22,0.0,0.16237623762376235,0.17957677700997438,1.0,-0.0,0,0
23,0.0,0.14158415841584154,0.17421241542909124,1.0,-0.0,0,0
24,0.0,0.19207920792079206,0.19884974591102086,1.0,-0.0,0,0
25,0.0,0.16435643564356434,0.17439238698062573,1.0,-0.0,0,0
26,0.0,0.04950495049504951,0.09078727434730813,1.0,-0.0,0,0
27,0.0,0.1386138613861386,0.13999313775947433,1.0,-0.0,0,0
28,0.0,0.1386138613861386,0.13999313775947433,1.0,-0.0,0,0
29,0.0,0.08712871287128712,0.11050143705587097,1.0,-0.0,0,0
30,0.0,0.08712871287128712,0.11050143705587097,1.0,-0.0,0,0
31,0.0,0.08712871287128712,0.11050143705587097,1.0,-0.0,0,0
32,0.0,0.031683168316831684,0.07826167463512675,1.0,-0.0,0,0
33,0.0,0.031683168316831684,0.07826167463512675,1.0,-0.0,0,0
34,0.0,0.031683168316831684,0.07826167463512675,1.0,-0.0,0,0
35,0.0,0.031683168316831684,0.07826167463512675,1.0,-0.0,0,0
36,0.0,0.031683168316831684,0.07826167463512675,1.0,-0.0,0,0
37,0.0,0.0,0.0,1.0,-0.0,0,0
38,0.0,0.0,0.0,1.0,-0.0,0,0
39,0.0,0.0,0.0,1.0,-0.0,0,0
40,0.0,0.0,0.0,1.0,-0.0,0,0
41,0.0,0.0,0.0,1.0,-0.0,0,0
42,0.0,0.0,0.0,1.0,-0.0,0,0
43,0.0,0.0,0.0,1.0,-0.0,0,0
44,0.0,0.0,0.0,1.0,-0.0,0,0
45,0.0,0.0,0.0,1.0,-0.0,0,0
46,0.0,0.0,0.0,1.0,-0.0,0,0
47,0.0,0.0,0.0,1.0,-0.0,0,0
48,1.0,0.16633663366336635,0.16666633990099655,2.837076649911948e-07,6.547128930617927,0,0
49,1.0,0.21980198019801983,0.19600959866383083,3.439865778698931e-05,4.463458502983017,0,0
50,1.0,0.21980198019801983,0.19600959866383083,3.439865778698931e-05,4.463458502983017,0,0
51,1.0,0.21980198019801983,0.19600959866383083,3.439865778698931e-05,4.463458502983017,0,0
52,1.0,0.21980198019801983,0.19600959866383083,3.439865778698931e-05,4.463458502983017,0,0
53,0.0,0.05346534653465348,0.09704990696905225,1.0,-0.0,0,0
54,0.0,0.0,0.0,1.0,-0.0,0,0
55,0.0,0.04554455445544555,0.08846854615322249,1.0,-0.0,0,0
56,0.0,0.04554455445544555,0.08846854615322249,1.0,-0.0,0,0
57,0.0,0.04554455445544555,0.08846854615322249,1.0,-0.0,0,0
58,0.0,0.14851485148514848,0.16082329112274815,1.0,-0.0,0,0
59,0.0,0.14851485148514848,0.16082329112274815,1.0,-0.0,0,0
60,0.0,0.11485148514851484,0.14445948324625327,1.0,-0.0,0,0
61,0.2,0.13267326732673268,0.16235208707144264,0.339182294566831,0.4695668261459117,0,0
62,0.2,0.13267326732673268,0.16235208707144264,0.339182294566831,0.4695668261459117,0,0
63,0.2,0.05346534653465348,0.09704990696905225,0.0655357875709919,1.1835214771048093,0,0
64,0.2,0.0712871287128713,0.11110305060677654,0.12333004940280475,0.9089310945328979,0,0
65,0.4,0.07920792079207921,0.11285391563386143,0.0022377614537823554,2.65018621129635,0,0
66,0.2,0.0613861386138614,0.10433219700847123,0.09199298471617674,1.0362452902111776,0,0
67,0.2,0.0613861386138614,0.10433219700847123,0.09199298471617674,1.0362452902111776,0,0
68,0.2,0.03960396039603961,0.08908690597387718,0.0358952311958159,1.4449632450960652,0,0
69,0.2,0.04554455445544555,0.08846854615322249,0.040415922396446834,1.3934475050229045,0,0
70,0.0,0.0712871287128713,0.1213265242141813,1.0,-0.0,0,0
71,0.0,0.0712871287128713,0.1213265242141813,1.0,-0.0,0,0
72,0.0,0.0712871287128713,0.1213265242141813,1.0,-0.0,0,0
73,0.2,0.12871287128712872,0.1606525268671035,0.32861713949290217,0.48330978906568245,0,0
74,0.2,0.10495049504950495,0.15049504950495052,0.2638310233953919,0.5786741379130496,0,0
75,0.2,0.057425742574257435,0.10656335878870264,0.0904597157907538,1.0435447810683363,0,0
76,0.2,0.09108910891089109,0.12750384183766536,0.19650337127395107,0.7066299943312295,0,0
77,0.8,0.24158415841584158,0.21492219487073477,0.004685377511976298,2.3292554112302035,0,0
78,1.0,0.3108910891089109,0.2412430638613058,0.0021417531856225205,2.669230578461315,0,0
79,1.0,0.3445544554455445,0.24065720558288065,0.003229075196120432,2.4909218413625496,0,0
80,1.0,0.3445544554455445,0.24065720558288065,0.003229075196120432,2.4909218413625496,0,0
81,1.0,0.3099009900990099,0.22929290813671493,0.001307601612779355,2.8835245524379958,0,0
82,0.6,0.41188118811881197,0.2740553997303477,0.24622218772728155,0.6086728142261958,0,0
83,0.2,0.28316831683168314,0.21483095216024586,1.0,-0.0,0,0
84,1.2,0.35643564356435653,0.2542376846844204,0.0004532986842887766,3.3436155414905144,0,0
85,1.2,0.35643564356435653,0.2542376846844204,0.0004532986842887766,3.3436155414905144,0,0
86,1.2,0.35643564356435653,0.2542376846844204,0.0004532986842887766,3.3436155414905144,0,0
87,1.0,0.10297029702970298,0.1367627457412436,2.7081122215521954e-11,10.567333342870555,0,0
88,1.0,0.10297029702970298,0.1367627457412436,2.7081122215521954e-11,10.567333342870555,0,0
89,0.0,0.0,0.0,1.0,-0.0,0,0
90,0.0,0.0,0.0,1.0,-0.0,0,0
91,0.0,0.0,0.0,1.0,-0.0,0,0
92,0.0,0.0,0.0,1.0,-0.0,0,0
93,0.0,0.0,0.0,1.0,-0.0,0,0
94,0.0,0.0,0.0,1.0,-0.0,0,0
95,0.0,0.0,0.0,1.0,-0.0,0,0
96,0.0,0.04554455445544555,0.08387254884969257,1.0,-0.0,0,0
97,0.0,0.04554455445544555,0.08387254884969257,1.0,-0.0,0,0
98,0.0,0.04554455445544555,0.08387254884969257,1.0,-0.0,0,0
99,0.0,0.04554455445544555,0.08387254884969257,1.0,-0.0,0,0
100,0.0,0.04554455445544555,0.08387254884969257,1.0,-0.0,0,0
101,0.0,0.0,0.0,1.0,-0.0,0,0
102,0.0,0.0,0.0,1.0,-0.0,0,0
103,0.0,0.0,0.0,1.0,-0.0,0,0
104,0.0,0.0,0.0,1.0,-0.0,0,0
105,0.4,0.11782178217821779,0.12927523757583734,0.0145263453626647,1.8378436347363383,0,0
106,0.8,0.21584158415841584,0.17276589394999792,0.0003608319057193054,3.442695067956027,0,0
107,0.8,0.2376237623762376,0.18393470922349497,0.0011160419339001607,2.9523194870119704,0,0
108,0.8,0.31287128712871287,0.24114551965736072,0.02168851882532667,1.663770106259304,0,0
109,0.8,0.31287128712871287,0.24114551965736072,0.02168851882532667,1.663770106259304,0,0
110,0.4,0.19603960396039605,0.19084013945594866,0.14259117096897606,0.8459073645133393,0,0
111,0.0,0.09702970297029702,0.127780323207142,1.0,-0.0,0,0
112,0.0,0.2554455445544554,0.19724601290992394,1.0,-0.0,0,0
113,0.0,0.1801980198019802,0.17235687245139755,1.0,-0.0,0,0
114,0.0,0.1801980198019802,0.17235687245139755,1.0,-0.0,0,0
115,0.0,0.1801980198019802,0.17235687245139755,1.0,-0.0,0,0
116,0.0,0.2693069306930693,0.20379691612306708,1.0,-0.0,0,0
117,0.0,0.0891089108910891,0.11765109526742927,1.0,-0.0,0,0
118,0.0,0.0891089108910891,0.11765109526742927,1.0,-0.0,0,0
119,0.0,0.0891089108910891,0.11765109526742927,1.0,-0.0,0,0
120,0.0,0.0891089108910891,0.11765109526742927,1.0,-0.0,0,0
121,0.0,0.0,0.0,1.0,-0.0,0,0
122,0.0,0.0,0.0,1.0,-0.0,0,0
123,0.0,0.1564356435643564,0.16314716771521567,1.0,-0.0,0,0
124,0.0,0.19801980198019797,0.197999999009802,1.0,-0.0,0,0
125,0.0,0.2158415841584158,0.20811871767574247,1.0,-0.0,0,0
126,0.0,0.2475247524752475,0.2254122996485762,1.0,-0.0,0,0
127,0.0,0.28118811881188116,0.24075494763209412,1.0,-0.0,0,0
128,0.0,0.12475247524752475,0.1511709677939985,1.0,-0.0,0,0
129,0.0,0.18811881188118812,0.17535656953133036,1.0,-0.0,0,0
130,0.0,0.17029702970297028,0.1674175159433525,1.0,-0.0,0,0
131,0.0,0.1386138613861386,0.15348770198080078,1.0,-0.0,0,0
132,0.0,0.10297029702970295,0.13383560593042218,1.0,-0.0,0,0
133,0.0,0.10297029702970295,0.13383560593042218,1.0,-0.0,0,0
134,0.0,0.0,0.0,1.0,-0.0,0,0
135,0.0,0.0,0.0,1.0,-0.0,0,0
136,0.0,0.0,0.0,1.0,-0.0,0,0
137,0.0,0.0,0.0,1.0,-0.0,0,0
138,0.0,0.05544554455445544,0.09384550979067553,1.0,-0.0,0,0
139,0.0,0.05544554455445544,0.09384550979067553,1.0,-0.0,0,0
140,0.0,0.05544554455445544,0.09384550979067553,1.0,-0.0,0,0
141,0.0,0.05544554455445544,0.09384550979067553,1.0,-0.0,0,0
142,0.0,0.05544554455445544,0.09384550979067553,1.0,-0.0,0,0
143,0.0,0.18811881188118815,0.17308335353197749,1.0,-0.0,0,0
144,0.0,0.18811881188118815,0.17308335353197749,1.0,-0.0,0,0
145,0.0,0.18811881188118815,0.17308335353197749,1.0,-0.0,0,0
146,0.0,0.21386138613861383,0.18295143702892827,1.0,-0.0,0,0
147,0.0,0.22772277227722773,0.19906654038593571,1.0,-0.0,0,0
148,0.0,0.07722772277227724,0.122580495370631,1.0,-0.0,0,0
149,0.2,0.2415841584158416,0.21857655012351093,1.0,-0.0,0,0
150,0.2,0.28118811881188116,0.2374421748415618,1.0,-0.0,0,0
151,0.2,0.3405940594059405,0.2462302785274777,1.0,-0.0,0,0
152,0.2,0.3267326732673268,0.2449049478612326,1.0,-0.0,0,0
153,0.2,0.297029702970297,0.22622841587085502,1.0,-0.0,0,0
154,0.0,0.13465346534653466,0.14653465346534655,1.0,-0.0,0,0
155,0.0,0.12277227722772277,0.1488445185977516,1.0,-0.0,0,0
156,0.0,0.039603960396039604,0.08452453849668534,1.0,-0.0,0,0
157,0.0,0.06732673267326733,0.11000352009767247,1.0,-0.0,0,0
158,0.0,0.16435643564356434,0.1766487584013007,1.0,-0.0,0,0
159,0.0,0.16435643564356434,0.1766487584013007,1.0,-0.0,0,0
160,0.0,0.13267326732673265,0.15989409297573348,1.0,-0.0,0,0
161,0.0,0.3108910891089109,0.25247330614668084,1.0,-0.0,0,0
162,0.0,0.28316831683168314,0.2392518483041854,1.0,-0.0,0,0
163,0.0,0.17821782178217818,0.18647536422960084,1.0,-0.0,0,0
164,0.0,0.17821782178217818,0.18647536422960084,1.0,-0.0,0,0
165,0.0,0.17821782178217818,0.18647536422960084,1.0,-0.0,0,0
166,0.0,0.0,0.0,1.0,-0.0,0,0
167,0.0,0.0,0.0,1.0,-0.0,0,0
168,0.0,0.0,0.0,1.0,-0.0,0,0
169,0.0,0.0,0.0,1.0,-0.0,0,0
170,0.0,0.0,0.0,1.0,-0.0,0,0
171,0.0,0.0,0.0,1.0,-0.0,0,0
172,0.0,0.017821782178217824,0.05698017651460656,1.0,-0.0,0,0
173,0.0,0.07722772277227723,0.12258049537063101,1.0,-0.0,0,0
174,0.0,0.07722772277227723,0.12258049537063101,1.0,-0.0,0,0
175,0.0,0.10495049504950495,0.14513649268759363,1.0,-0.0,0,0
176,0.0,0.10495049504950495,0.14513649268759363,1.0,-0.0,0,0
177,0.0,0.08712871287128712,0.13618810981425267,1.0,-0.0,0,0
178,0.0,0.027722772277227727,0.07461957893630407,1.0,-0.0,0,0
179,0.0,0.049504950495049514,0.09078727434730813,1.0,-0.0,0,0
180,0.0,0.031683168316831684,0.0730260947112308,1.0,-0.0,0,0
181,0.0,0.031683168316831684,0.0730260947112308,1.0,-0.0,0,0
182,0.0,0.031683168316831684,0.0730260947112308,1.0,-0.0,0,0
183,0.0,0.06930693069306931,0.11057238501634631,1.0,-0.0,0,0
184,0.0,0.09900990099009901,0.1367914141716479,1.0,-0.0,0,0
185,0.0,0.11287128712871287,0.14188502271424044,1.0,-0.0,0,0
186,0.0,0.16831683168316833,0.17057311261273686,1.0,-0.0,0,0
187,0.0,0.19405940594059407,0.17452724385370855,1.0,-0.0,0,0
188,0.0,0.1564356435643564,0.15821769786485684,1.0,-0.0,0,0
189,0.0,0.10297029702970295,0.12464241569787099,1.0,-0.0,0,0
190,0.0,0.07920792079207921,0.11285391563386142,1.0,-0.0,0,0
191,0.0,0.025742574257425745,0.0669763743575753,1.0,-0.0,0,0
192,0.0,0.0,0.0,1.0,-0.0,0,0
193,0.0,0.14257425742574256,0.1575471230171571,1.0,-0.0,0,0
194,0.0,0.19603960396039602,0.18875348902641545,1.0,-0.0,0,0
195,0.0,0.19603960396039602,0.18875348902641545,1.0,-0.0,0,0
196,0.0,0.5089108910891089,0.27650542397093153,1.0,-0.0,0,0
197,0.0,0.5227722772277228,0.2728221370038888,1.0,-0.0,0,0
198,0.0,0.3940594059405941,0.24121055350958331,1.0,-0.0,0,0
199,0.0,0.4039603960396041,0.25011711794467817,1.0,-0.0,0,0
200,0.0,0.5386138613861388,0.2753828287713659,1.0,-0.0,0,0
201,0.0,0.23168316831683164,0.21010638185665007,1.0,-0.0,0,0
202,0.0,0.24554455445544554,0.2007534088956333,1.0,-0.0,0,0
203,0.0,0.2336633663366337,0.19512739059128734,1.0,-0.0,0,0
204,0.0,0.2792079207920792,0.20504374403274056,1.0,-0.0,0,0
205,0.0,0.27128712871287125,0.19001648373695296,1.0,-0.0,0,0
206,0.0,0.297029702970297,0.2136228959919582,1.0,-0.0,0,0
207,0.0,0.26930693069306927,0.21697404793365954,1.0,-0.0,0,0
208,0.0,0.26930693069306927,0.21697404793365954,1.0,-0.0,0,0
209,0.0,0.27722772277227725,0.21428268001455503,1.0,-0.0,0,0
210,0.0,0.18811881188118815,0.19051110448801098,1.0,-0.0,0,0
211,0.0,0.17029702970297028,0.20174709904079258,1.0,-0.0,0,0
212,0.0,0.27722772277227725,0.23709512153815077,1.0,-0.0,0,0
213,0.0,0.27722772277227725,0.23709512153815077,1.0,-0.0,0,0
214,0.0,0.1603960396039604,0.18883656715060818,1.0,-0.0,0,0
215,0.0,0.12277227722772276,0.15913204437912432,1.0,-0.0,0,0
216,0.0,0.13267326732673265,0.16477341831853243,1.0,-0.0,0,0
217,0.0,0.07326732673267328,0.11509022642946844,1.0,-0.0,0,0
218,0.0,0.07326732673267328,0.11509022642946844,1.0,-0.0,0,0
219,0.0,0.07326732673267328,0.11509022642946844,1.0,-0.0,0,0
220,0.0,0.07326732673267328,0.11509022642946844,1.0,-0.0,0,0
221,0.0,0.047524752475247525,0.08512548617902845,1.0,-0.0,0,0
222,0.0,0.10297029702970295,0.11811677855054843,1.0,-0.0,0,0
223,0.0,0.18019801980198016,0.1629066439699258,1.0,-0.0,0,0
224,0.0,0.2198019801980198,0.19192603875585632,1.0,-0.0,0,0
225,0.0,0.24752475247524747,0.21275843197724026,1.0,-0.0,0,0
226,0.0,0.26732673267326734,0.2166847008498613,1.0,-0.0,0,0
227,0.0,0.16435643564356434,0.17664875840130073,1.0,-0.0,0,0
228,0.0,0.08712871287128714,0.11745095149573798,1.0,-0.0,0,0
229,0.0,0.04752475247524753,0.08965727859541997,1.0,-0.0,0,0
230,0.0,0.019801980198019802,0.059735061897023205,1.0,-0.0,0,0
231,0.0,0.013861386138613863,0.05079507064705211,1.0,-0.0,0,0
232,0.0,0.039603960396039604,0.07970143286137867,1.0,-0.0,0,0
233,0.0,0.039603960396039604,0.07970143286137867,1.0,-0.0,0,0
234,0.0,0.05940594059405942,0.09562531855564071,1.0,-0.0,0,0
235,0.0,0.08712871287128712,0.12401163019288063,1.0,-0.0,0,0
236,0.0,0.09306930693069305,0.1306930693069307,1.0,-0.0,0,0
237,0.0,0.17821782178217818,0.1614316888886243,1.0,-0.0,0,0
238,0.0,0.17821782178217818,0.1614316888886243,1.0,-0.0,0,0
239,0.0,0.1584158415841584,0.16244866773856387,1.0,-0.0,0,0
240,0.0,0.13069306930693067,0.13912212332871524,1.0,-0.0,0,0
241,0.0,0.22772277227722773,0.18674852677785872,1.0,-0.0,0,0
242,0.0,0.11683168316831682,0.14146987009498416,1.0,-0.0,0,0
243,0.0,0.11683168316831682,0.14146987009498416,1.0,-0.0,0,0
244,0.0,0.11683168316831682,0.14146987009498416,1.0,-0.0,0,0
245,0.0,0.13267326732673265,0.14698885988036148,1.0,-0.0,0,0
246,0.0,0.025742574257425748,0.06697637435757531,1.0,-0.0,0,0
247,0.0,0.049504950495049514,0.09078727434730813,1.0,-0.0,0,0
248,0.0,0.049504950495049514,0.09078727434730813,1.0,-0.0,0,0
249,0.0,0.049504950495049514,0.09078727434730813,1.0,-0.0,0,0
250,0.0,0.03564356435643565,0.08154954567118416,1.0,-0.0,0,0
251,0.0,0.023762376237623766,0.06471340450838887,1.0,-0.0,0,0
252,0.0,0.0,0.0,1.0,-0.0,0,0
253,0.0,0.0,0.0,1.0,-0.0,0,0
254,0.0,0.0,0.0,1.0,-0.0,0,0
255,0.0,0.0,0.0,1.0,-0.0,0,0
256,0.0,0.0,0.0,1.0,-0.0,0,0
257,0.0,0.0,0.0,1.0,-0.0,0,0
258,0.0,0.1900990099009901,0.17434741150934763,1.0,-0.0,0,0
259,0.0,0.1900990099009901,0.17434741150934763,1.0,-0.0,0,0
260,0.0,0.1900990099009901,0.17434741150934763,1.0,-0.0,0,0
261,0.0,0.1900990099009901,0.17434741150934763,1.0,-0.0,0,0
262,0.0,0.1900990099009901,0.17434741150934763,1.0,-0.0,0,0
263,0.0,0.0,0.0,1.0,-0.0,0,0
264,0.0,0.0,0.0,1.0,-0.0,0,0
265,0.0,0.017821782178217824,0.05698017651460655,1.0,-0.0,0,0
266,0.0,0.039603960396039604,0.08452453849668534,1.0,-0.0,0,0
267,0.0,0.039603960396039604,0.08452453849668534,1.0,-0.0,0,0
268,0.0,0.0712871287128713,0.11801714396634724,1.0,-0.0,0,0
269,0.0,0.11089108910891088,0.14752142995793407,1.0,-0.0,0,0
270,0.0,0.09306930693069305,0.14229896414433016,1.0,-0.0,0,0
271,0.0,0.08910891089108908,0.14752142995793405,1.0,-0.0,0,0
272,0.0,0.08910891089108908,0.14752142995793405,1.0,-0.0,0,0
273,0.0,0.057425742574257435,0.10656335878870264,1.0,-0.0,0,0
274,0.0,0.017821782178217824,0.05698017651460656,1.0,-0.0,0,0
275,0.0,0.07920792079207921,0.11285391563386143,1.0,-0.0,0,0
276,0.0,0.1861386138613861,0.20730696757706768,1.0,-0.0,0,0
277,0.0,0.1861386138613861,0.20730696757706768,1.0,-0.0,0,0
278,0.0,0.1861386138613861,0.20730696757706768,1.0,-0.0,0,0
279,0.0,0.20396039603960395,0.21244488724065505,1.0,-0.0,0,0
280,0.0,0.23960396039603957,0.20492897002764762,1.0,-0.0,0,0
281,0.0,0.11485148514851484,0.14984225277142665,1.0,-0.0,0,0
282,0.0,0.11485148514851484,0.14984225277142665,1.0,-0.0,0,0
283,0.0,0.11485148514851484,0.14984225277142665,1.0,-0.0,0,0
284,0.0,0.16237623762376235,0.17735766020493526,1.0,-0.0,0,0
285,0.0,0.08118811881188118,0.11664694237642094,1.0,-0.0,0,0
286,0.0,0.09504950495049505,0.13377699607171914,1.0,-0.0,0,0
287,0.0,0.1485148514851485,0.16082329112274815,1.0,-0.0,0,0
288,0.0,0.1603960396039604,0.17353585980361697,1.0,-0.0,0,0
289,0.0,0.09504950495049505,0.1277189346265117,1.0,-0.0,0,0
290,0.0,0.07722772277227724,0.1124710639300034,1.0,-0.0,0,0
291,0.0,0.06336633663366338,0.10504385908811757,1.0,-0.0,0,0
292,0.0,0.011881188118811883,0.047276579747775535,1.0,-0.0,0,0
293,0.0,0.0,0.0,1.0,-0.0,0,0
294,0.0,0.0,0.0,1.0,-0.0,0,0
295,0.0,0.0,0.0,1.0,-0.0,0,0
296,0.0,0.0,0.0,1.0,-0.0,0,0
297,0.0,0.07326732673267328,0.11509022642946842,1.0,-0.0,0,0
298,0.0,0.07326732673267328,0.11509022642946842,1.0,-0.0,0,0
299,0.0,0.12673267326732673,0.16099387425091363,1.0,-0.0,0,0
300,0.0,0.21386138613861383,0.19550883243085124,1.0,-0.0,0,0
301,0.0,0.21386138613861383,0.19550883243085124,1.0,-0.0,0,0
302,0.0,0.1742574257425742,0.1583663288960967,1.0,-0.0,0,0
303,0.0,0.1742574257425742,0.1583663288960967,1.0,-0.0,0,0
304,0.0,0.14257425742574253,0.14981608173764543,1.0,-0.0,0,0
305,0.0,0.05544554455445545,0.09797478714338996,1.0,-0.0,0,0
306,0.0,0.05544554455445545,0.09797478714338996,1.0,-0.0,0,0
307,0.2,0.04752475247524753,0.09397077637785879,0.05233944412570533,1.2811708941229774,0,0
308,0.2,0.10099009900990098,0.1367914141716479,0.23459364655241438,0.6296837539621412,0,0
309,0.2,0.07920792079207921,0.11966689053257921,0.1563907784536167,0.8057888585957333,0,0
310,0.4,0.09504950495049505,0.13078304733432375,0.009857502087670462,2.0062331222777,0,0
311,0.4,0.09504950495049505,0.13078304733432375,0.009857502087670462,2.0062331222777,0,0
312,1.0,0.2594059405940594,0.22610705333684253,0.0005275373891612676,3.2777467543601695,0,0
313,1.0,0.22574257425742575,0.20616895183873854,8.651475712583661e-05,4.062909807082111,0,0
314,1.8,0.41980198019801984,0.2793272689237405,3.8831504020293483e-07,6.410815788051317,0,0
315,1.6,0.4217821782178218,0.27272150971385056,7.793569465182737e-06,5.108263589313136,0,0
316,2.0,0.5237623762376238,0.3041457815032697,6.058423486193199e-07,6.2176403725863985,0,0
317,1.4,0.42574257425742573,0.278131483027001,0.0002301401336177285,3.6380076390938187,0,0
318,1.4,0.405940594059406,0.26016817949059234,6.650059723300595e-05,4.177174454338487,0,0
