,foreground,bg_means,bg_stdev,pvals,minus_logs,regs,active
2,0.0,0.0,0.0,1.0,-0.0,0,0
3,0.0,0.0,0.0,1.0,-0.0,0,0
4,0.0,0.0,0.0,1.0,-0.0,0,0
5,0.0,0.0,0.0,1.0,-0.0,0,0
6,0.0,0.0,0.0,1.0,-0.0,0,0
7,0.0,0.0,0.0,1.0,-0.0,0,0
8,0.0,0.0,0.0,1.0,-0.0,0,0
9,0.2,0.039603960396039604,0.07970143286137865,0.02208567245422131,1.6558893730090944,0,0
10,0.2,0.039603960396039604,0.07970143286137865,0.02208567245422131,1.6558893730090944,0,0
11,0.2,0.08118811881188118,0.09821462786247322,0.11319379864540298,0.9461773654432837,0,0
12,0.4,0.1168316831683168,0.12028786177019753,0.00928408556726957,2.0322608654994294,0,0
13,0.4,0.1168316831683168,0.12028786177019753,0.00928408556726957,2.0322608654994294,1,0
14,0.2,0.07524752475247526,0.10845991237726066,0.12502717670865526,0.9029955756978825,0,0
15,0.2,0.10693069306930691,0.13661931335176508,0.24786267822600483,0.6057888619402982,0,0
16,0.2,0.06534653465346535,0.10571364605971598,0.10137482685028305,0.9940698745616096,0,0
17,0.0,0.031683168316831684,0.0730260947112308,1.0,-0.0,0,0
18,0.0,0.031683168316831684,0.0730260947112308,1.0,-0.0,0,0
19,0.0,0.031683168316831684,0.0730260947112308,1.0,-0.0,1,0
20,0.0,0.0,0.0,1.0,-0.0,0,0
21,0.0,0.0,0.0,1.0,-0.0,0,0
22,0.0,0.0,0.0,1.0,-0.0,0,0
23,0.0,0.0,0.0,1.0,-0.0,0,0
24,0.0,0.0,0.0,1.0,-0.0,0,0
25,0.0,0.0,0.0,1.0,-0.0,0,0
26,0.0,0.0,0.0,1.0,-0.0,0,0
27,0.0,0.0,0.0,1.0,-0.0,0,0
28,0.0,0.0,0.0,1.0,-0.0,0,0
29,0.0,0.0,0.0,1.0,-0.0,0,0
30,0.0,0.0,0.0,1.0,-0.0,0,0
31,0.0,0.0,0.0,1.0,-0.0,0,0
32,0.0,0.0,0.0,1.0,-0.0,0,0
33,0.0,0.0,0.0,1.0,-0.0,0,0
34,0.0,0.0,0.0,1.0,-0.0,0,0
35,0.0,0.0,0.0,1.0,-0.0,0,0
36,0.0,0.0,0.0,1.0,-0.0,0,0
37,0.0,0.0,0.0,1.0,-0.0,0,0
38,0.0,0.0,0.0,1.0,-0.0,0,0
39,0.0,0.0,0.0,1.0,-0.0,0,0
40,0.0,0.0,0.0,1.0,-0.0,0,0
41,0.0,0.0,0.0,1.0,-0.0,0,0
42,0.0,0.0,0.0,1.0,-0.0,0,0
43,0.0,0.0,0.0,1.0,-0.0,0,0
44,0.0,0.0,0.0,1.0,-0.0,0,0
45,0.0,0.0,0.0,1.0,-0.0,0,0
46,0.2,0.0712871287128713,0.10372911567294095,0.10732951799335329,0.9692808210103285,0,0
47,0.2,0.0712871287128713,0.10372911567294095,0.10732951799335329,0.9692808210103285,0,0
48,0.2,0.09900990099009901,0.12467387119760154,0.20896026115900335,0.6799362976224628,0,0
49,0.2,0.14851485148514848,0.13974082189605824,0.3562751486795557,0.4482144700086362,0,0
50,0.2,0.1801980198019802,0.15544239134091375,0.44931542242842515,0.3474486743056806,0,0
51,0.0,0.14059405940594058,0.14770737583343774,1.0,-0.0,0,0
52,0.0,0.14059405940594058,0.14770737583343774,1.0,-0.0,0,0
53,0.0,0.12079207920792079,0.14645435316515326,1.0,-0.0,0,0
54,0.0,0.07326732673267328,0.1115960618107356,1.0,-0.0,0,0
55,0.0,0.041584158415841586,0.08116396646304633,1.0,-0.0,0,0
56,0.0,0.009900990099009901,0.04338396495090424,1.0,-0.0,0,0
57,0.0,0.009900990099009901,0.04338396495090424,1.0,-0.0,0,0
58,0.0,0.0,0.0,1.0,-0.0,0,0
59,0.0,0.0,0.0,1.0,-0.0,0,0
60,0.0,0.0,0.0,1.0,-0.0,0,0
61,0.2,0.017821782178217824,0.056980176514606566,0.0006937928196726553,3.15877019915046,0,0
62,0.2,0.017821782178217824,0.056980176514606566,0.0006937928196726553,3.15877019915046,0,0
63,0.2,0.0712871287128713,0.11110305060677654,0.12333004940280475,0.9089310945328979,0,0
64,0.2,0.08316831683168316,0.11351216354824961,0.15168257774907978,0.8190642993843817,0,0
65,0.2,0.15049504950495046,0.14185738367185993,0.3635533245796667,0.43943187951687807,0,0
66,0.0,0.14653465346534653,0.14041265664345218,1.0,-0.0,0,0
67,0.0,0.17425742574257425,0.1506773257801727,1.0,-0.0,0,0
68,0.0,0.11881188118811879,0.13549532985786933,1.0,-0.0,0,0
69,0.0,0.12277227722772276,0.13191745702927898,1.0,-0.0,0,0
70,0.0,0.05544554455445545,0.08952597667688965,1.0,-0.0,0,0
71,0.0,0.041584158415841586,0.08116396646304633,1.0,-0.0,0,0
72,0.0,0.013861386138613863,0.05079507064705211,1.0,-0.0,0,0
73,0.0,0.013861386138613863,0.05079507064705211,1.0,-0.0,0,0
74,0.0,0.0,0.0,1.0,-0.0,0,0
75,0.0,0.0,0.0,1.0,-0.0,0,0
76,0.0,0.0,0.0,1.0,-0.0,0,0
77,0.0,0.0,0.0,1.0,-0.0,0,0
78,0.0,0.0,0.0,1.0,-0.0,0,0
79,0.0,0.0,0.0,1.0,-0.0,0,0
80,0.0,0.0,0.0,1.0,-0.0,0,0
81,0.0,0.0,0.0,1.0,-0.0,0,0
82,0.0,0.0,0.0,1.0,-0.0,0,0
83,0.0,0.0,0.0,1.0,-0.0,0,0
84,0.0,0.0,0.0,1.0,-0.0,0,0
85,0.0,0.061386138613861385,0.09224407682259103,1.0,-0.0,0,0
86,0.0,0.061386138613861385,0.09224407682259103,1.0,-0.0,0,0
87,0.0,0.08514851485148514,0.11378818137472194,1.0,-0.0,0,0
88,0.0,0.08514851485148514,0.11378818137472194,1.0,-0.0,0,0
89,0.0,0.08514851485148514,0.11378818137472194,1.0,-0.0,0,0
90,0.0,0.023762376237623766,0.06471340450838889,1.0,-0.0,0,0
91,0.0,0.023762376237623766,0.06471340450838889,1.0,-0.0,0,0
92,0.0,0.0,0.0,1.0,-0.0,0,0
93,0.0,0.0,0.0,1.0,-0.0,0,0
94,0.0,0.0,0.0,1.0,-0.0,0,0
95,0.0,0.0,0.0,1.0,-0.0,0,0
96,0.0,0.0,0.0,1.0,-0.0,0,0
97,0.0,0.0,0.0,1.0,-0.0,0,0
98,0.0,0.0,0.0,1.0,-0.0,0,0
99,0.0,0.0,0.0,1.0,-0.0,0,0
100,0.0,0.0,0.0,1.0,-0.0,0,0
101,0.0,0.0,0.0,1.0,-0.0,0,0
102,0.0,0.0,0.0,1.0,-0.0,0,0
103,0.0,0.07722772277227723,0.09737260081698412,1.0,-0.0,0,0
104,0.0,0.07722772277227723,0.09737260081698412,1.0,-0.0,0,0
105,0.0,0.07722772277227723,0.09737260081698412,1.0,-0.0,0,0
106,0.0,0.07722772277227723,0.09737260081698412,1.0,-0.0,0,0
107,0.0,0.07722772277227723,0.09737260081698412,1.0,-0.0,0,0
108,0.0,0.0,0.0,1.0,-0.0,0,0
109,0.0,0.025742574257425745,0.06697637435757531,1.0,-0.0,0,0
110,0.0,0.025742574257425745,0.06697637435757531,1.0,-0.0,0,0
111,0.0,0.025742574257425745,0.06697637435757531,1.0,-0.0,0,0
112,0.0,0.025742574257425745,0.06697637435757531,1.0,-0.0,0,0
113,0.0,0.025742574257425745,0.06697637435757531,1.0,-0.0,0,0
114,0.0,0.0,0.0,1.0,-0.0,0,0
115,0.0,0.0,0.0,1.0,-0.0,0,0
116,0.0,0.0,0.0,1.0,-0.0,0,0
117,0.0,0.0,0.0,1.0,-0.0,0,0
118,0.0,0.0,0.0,1.0,-0.0,0,0
119,0.0,0.0,0.0,1.0,-0.0,0,0
120,0.0,0.0,0.0,1.0,-0.0,0,0
121,0.0,0.0,0.0,1.0,-0.0,0,0
122,0.0,0.0,0.0,1.0,-0.0,0,0
123,0.0,0.021782178217821784,0.06230547612891991,1.0,-0.0,0,0
124,0.0,0.021782178217821784,0.06230547612891991,1.0,-0.0,0,0
125,0.0,0.021782178217821784,0.06230547612891991,1.0,-0.0,0,0
126,0.0,0.021782178217821784,0.06230547612891991,1.0,-0.0,0,0
127,0.0,0.021782178217821784,0.06230547612891991,1.0,-0.0,0,0
128,0.0,0.0,0.0,1.0,-0.0,0,0
129,0.0,0.0,0.0,1.0,-0.0,0,0
130,0.0,0.0,0.0,1.0,-0.0,0,0
131,0.0,0.0,0.0,1.0,-0.0,0,0
132,0.0,0.0,0.0,1.0,-0.0,0,0
133,0.0,0.0,0.0,1.0,-0.0,0,0
134,0.0,0.0,0.0,1.0,-0.0,0,0
135,0.0,0.0,0.0,1.0,-0.0,0,0
136,0.0,0.0,0.0,1.0,-0.0,0,0
137,0.0,0.0,0.0,1.0,-0.0,0,0
138,0.0,0.0,0.0,1.0,-0.0,0,0
139,0.0,0.025742574257425748,0.0669763743575753,1.0,-0.0,0,0
140,0.0,0.025742574257425748,0.0669763743575753,1.0,-0.0,0,0
141,0.0,0.025742574257425748,0.0669763743575753,1.0,-0.0,0,0
142,0.0,0.025742574257425748,0.0669763743575753,1.0,-0.0,0,0
143,0.2,0.05544554455445545,0.1019369320889802,0.07808409030039497,1.1074374449781044,0,0
144,0.2,0.04752475247524753,0.09397077637785879,0.05233944412570533,1.2811708941229774,0,0
145,0.2,0.04752475247524753,0.09397077637785879,0.05233944412570533,1.2811708941229774,0,0
146,0.2,0.04752475247524753,0.09397077637785879,0.05233944412570533,1.2811708941229774,0,0
147,0.2,0.14059405940594055,0.13656189821438944,0.33177718779679244,0.4791534783314394,0,0
148,0.0,0.1089108910891089,0.12435895816322838,1.0,-0.0,0,0
149,0.0,0.09108910891089105,0.11781762202489916,1.0,-0.0,0,0
150,0.0,0.13663366336633662,0.13767717461995008,1.0,-0.0,0,0
151,0.0,0.13663366336633662,0.13767717461995008,1.0,-0.0,0,0
152,0.0,0.06930693069306931,0.10316052497133553,1.0,-0.0,0,0
153,0.0,0.1089108910891089,0.13057300215314485,1.0,-0.0,0,0
154,0.0,0.1089108910891089,0.13057300215314485,1.0,-0.0,0,0
155,0.0,0.06534653465346535,0.09793475658517417,1.0,-0.0,0,0
156,0.0,0.06534653465346535,0.09793475658517417,1.0,-0.0,0,0
157,0.0,0.0712871287128713,0.10747934055534188,1.0,-0.0,0,0
158,0.0,0.031683168316831684,0.0730260947112308,1.0,-0.0,1,0
159,0.0,0.031683168316831684,0.0730260947112308,1.0,-0.0,0,0
160,0.0,0.031683168316831684,0.0730260947112308,1.0,-0.0,0,0
161,0.0,0.057425742574257435,0.09885135821266286,1.0,-0.0,0,0
162,0.0,0.025742574257425745,0.0669763743575753,1.0,-0.0,0,0
163,0.0,0.025742574257425745,0.0669763743575753,1.0,-0.0,0,0
164,0.0,0.025742574257425745,0.0669763743575753,1.0,-0.0,0,0
165,0.2,0.05742574257425742,0.10277971700879983,0.08269301175340939,1.0825311903890302,0,0
166,0.2,0.031683168316831684,0.0730260947112308,0.01058647624307391,1.9752485727397298,0,0
167,0.2,0.031683168316831684,0.0730260947112308,0.01058647624307391,1.9752485727397298,0,0
168,0.2,0.031683168316831684,0.0730260947112308,0.01058647624307391,1.9752485727397298,0,0
169,0.2,0.031683168316831684,0.0730260947112308,0.01058647624307391,1.9752485727397298,0,0
170,0.0,0.0,0.0,1.0,-0.0,0,0
171,0.0,0.03564356435643565,0.07653920035678292,1.0,-0.0,0,0
172,0.0,0.14257425742574253,0.14714883329235087,1.0,-0.0,0,0
173,0.0,0.14257425742574253,0.14714883329235087,1.0,-0.0,0,0
174,0.2,0.24554455445544549,0.1732192295336953,1.0,-0.0,0,0
175,0.2,0.24554455445544549,0.1732192295336953,1.0,-0.0,0,0
176,0.2,0.20990099009900987,0.16259343117237499,1.0,-0.0,0,0
177,0.2,0.10297029702970295,0.11811677855054843,0.2056885485641593,0.6867898863987797,0,0
178,0.2,0.10297029702970295,0.11811677855054843,0.2056885485641593,0.6867898863987797,0,0
179,0.0,0.0,0.0,1.0,-0.0,0,0
180,0.0,0.0,0.0,1.0,-0.0,0,0
