,foreground,bg_means,bg_stdev,pvals,minus_logs,regs,active
2,0.6,2.7940594059405943,0.6579027256904582,1.0,-0.0,1,0
3,0.6,2.9079207920792074,0.672174418712621,1.0,-0.0,0,0
4,0.8,3.120792079207922,0.7053286337030559,1.0,-0.0,0,0
5,1.0,3.445544554455445,0.6447848290225762,1.0,-0.0,0,0
6,1.0,3.192079207920792,0.6305244035158953,1.0,-0.0,0,0
7,0.8,2.6316831683168322,0.6027873692181775,1.0,-0.0,0,0
8,0.8,2.562376237623763,0.6099588502836152,1.0,-0.0,0,0
9,0.8,1.8871287128712873,0.45154593997537434,1.0,-0.0,0,0
10,0.2,0.22970297029702968,0.18322985319016175,1.0,-0.0,0,0
11,0.2,0.22970297029702968,0.18322985319016175,1.0,-0.0,0,0
12,0.4,1.99009900990099,0.46448202823518925,1.0,-0.0,0,0
13,0.8,2.605940594059406,0.551832551402838,1.0,-0.0,0,0
14,0.6,2.4891089108910895,0.5554234830866988,1.0,-0.0,0,0
15,1.4,3.5841584158415842,0.631630402215909,1.0,-0.0,0,0
16,1.4,3.8118811881188126,0.6459756806127788,1.0,-0.0,0,0
17,1.8,2.740594059405941,0.6252410573264439,1.0,-0.0,1,0
18,1.4,2.0792079207920793,0.5870410500064766,1.0,-0.0,0,0
19,8.2,4.692079207920792,0.9222962270115652,7.134327641345775e-05,4.146646949726977,0,0
20,7.4,3.5564356435643565,0.8071973075915216,9.602399028225821e-07,6.017620250860512,0,0
21,7.4,3.3287128712871286,0.7658990231072933,5.312491766579586e-08,7.274701730020563,12,0
22,6.8,2.641584158415842,0.6263626455252902,1.5791915285941563e-11,10.80156519439498,0,0
23,6.8,2.641584158415842,0.6263626455252902,1.5791915285941563e-11,10.80156519439498,0,0
24,0.0,0.09108910891089109,0.11781762202489916,1.0,-0.0,0,0
25,0.2,0.14059405940594058,0.15036471688371983,0.3463922966247934,0.46043177476827185,0,0
26,0.2,0.22970297029702968,0.19778203547221818,1.0,-0.0,0,0
27,0.4,0.28118811881188116,0.21650366255202547,0.2915798016771092,0.535242563769687,0,0
28,0.4,0.28118811881188116,0.21650366255202547,0.2915798016771092,0.535242563769687,0,0
29,0.6,0.5227722772277228,0.27856818783029025,0.39080138878415877,0.4080439016057082,0,0
30,0.4,0.5198019801980197,0.2771923598379191,1.0,-0.0,0,0
31,0.4,0.42970297029702975,0.25545321962527684,1.0,-0.0,1,0
32,0.2,0.37821782178217833,0.2336130168945688,1.0,-0.0,0,0
33,0.2,0.37821782178217833,0.2336130168945688,1.0,-0.0,0,0
34,0.0,0.06336633663366337,0.10504385908811757,1.0,-0.0,0,0
35,0.2,0.10099009900990097,0.1308729634998678,0.22466442305999795,0.6484656952356532,0,0
36,0.2,0.10099009900990097,0.1308729634998678,0.22466442305999795,0.6484656952356532,0,0
37,0.2,0.10099009900990097,0.1308729634998678,0.22466442305999795,0.6484656952356532,0,0
38,0.2,0.10099009900990097,0.1308729634998678,0.22466442305999795,0.6484656952356532,0,0
39,0.2,0.08316831683168316,0.11694909354640316,0.15889830100735314,0.798880746386554,0,0
40,0.0,0.0,0.0,1.0,-0.0,0,0
41,0.0,0.0,0.0,1.0,-0.0,0,0
42,0.0,0.0,0.0,1.0,-0.0,0,0
43,0.4,0.18415841584158413,0.1704581324091671,0.10271287297898864,0.9883751229714898,0,0
44,1.4,0.4633663366336634,0.2654056384596674,0.00020851559896347942,3.6808614500889965,0,0
45,1.4,0.4633663366336634,0.2654056384596674,0.00020851559896347942,3.6808614500889965,0,0
46,1.4,0.4633663366336634,0.2654056384596674,0.00020851559896347942,3.6808614500889965,0,0
47,4.4,2.507920792079208,0.6071656547763276,0.0009158384869812496,3.038181109735631,0,0
48,4.2,2.742574257425742,0.648127009716042,0.01226665236930142,1.9112739422366707,0,0
49,4.8,3.600000000000001,0.6564229498645755,0.033768049091773576,1.471494029478652,0,0
50,4.8,3.600000000000001,0.6564229498645755,0.033768049091773576,1.471494029478652,0,0
51,4.8,3.600000000000001,0.6564229498645755,0.033768049091773576,1.471494029478652,0,0
52,1.8,1.5564356435643563,0.431074145740122,0.28603099346158656,0.5435869054721547,0,0
53,1.8,1.1801980198019801,0.40049963893636414,0.06086270269590053,1.2156487660781787,0,0
54,0.2,0.04356435643564357,0.08255312311158745,0.029048226759887566,1.5368803738382273,0,0
55,0.2,0.04356435643564357,0.08255312311158745,0.029048226759887566,1.5368803738382273,0,0
56,0.2,0.04356435643564357,0.08255312311158745,0.029048226759887566,1.5368803738382273,0,0
57,0.2,0.19603960396039602,0.1845094068165728,0.49143757415131273,0.3085316414604674,0,0
58,0.0,0.15247524752475247,0.1644637607354148,1.0,-0.0,0,0
59,0.0,0.15247524752475247,0.1644637607354148,1.0,-0.0,0,0
60,0.0,0.21980198019801975,0.198019801980198,1.0,-0.0,0,0
61,0.0,0.21980198019801975,0.198019801980198,1.0,-0.0,0,0
62,0.0,0.06732673267326733,0.09451167971312256,1.0,-0.0,0,0
63,2.0,1.7801980198019802,0.4346433161493532,0.306531328008896,0.5135251332626546,0,0
64,2.0,1.7801980198019802,0.4346433161493532,0.306531328008896,0.5135251332626546,0,0
