,foreground,bg_means,bg_stdev,pvals,minus_logs,regs,active
2,0.0,0.0,0.0,1.0,-0.0,0,0
3,0.0,0.0,0.0,1.0,-0.0,0,0
4,0.0,0.0,0.0,1.0,-0.0,0,0
5,0.0,0.0,0.0,1.0,-0.0,0,0
6,0.2,1.4851485148514851,0.41871707374351114,1.0,-0.0,0,0
7,0.2,1.4851485148514851,0.41871707374351114,1.0,-0.0,0,0
8,0.4,2.4613861386138614,0.5315716091454153,1.0,-0.0,0,0
9,0.4,2.4613861386138614,0.5315716091454153,1.0,-0.0,0,0
10,0.4,2.4613861386138614,0.5315716091454153,1.0,-0.0,0,0
11,0.2,0.9762376237623763,0.41198589681991776,1.0,-0.0,0,0
12,0.2,0.9762376237623763,0.41198589681991776,1.0,-0.0,0,0
13,0.0,0.0,0.0,1.0,-0.0,0,0
14,0.0,0.0,0.0,1.0,-0.0,0,0
15,0.0,0.0,0.0,1.0,-0.0,0,0
16,0.0,0.0,0.0,1.0,-0.0,0,0
17,0.4,0.6,0.2453528475522145,1.0,-0.0,0,0
18,0.4,0.6,0.2453528475522145,1.0,-0.0,0,0
19,0.4,0.6,0.2453528475522145,1.0,-0.0,0,0
20,0.4,0.6,0.2453528475522145,1.0,-0.0,0,0
21,0.6,1.2376237623762376,0.3751835155313178,1.0,-0.0,0,0
22,0.2,0.6376237623762375,0.30011597928052397,1.0,-0.0,0,0
23,0.2,0.6376237623762375,0.30011597928052397,1.0,-0.0,0,0
24,0.2,0.6376237623762375,0.30011597928052397,1.0,-0.0,0,0
25,0.4,0.7326732673267327,0.3249094042476033,1.0,-0.0,0,0
26,0.2,0.09306930693069305,0.11795067415315191,0.18231677881311903,0.7391733609082306,0,0
27,0.2,0.09306930693069305,0.11795067415315191,0.18231677881311903,0.7391733609082306,0,0
28,0.6,0.28118811881188116,0.17839375254740927,0.03695866822576567,1.432283686602952,0,0
29,0.6,0.28118811881188116,0.17839375254740927,0.03695866822576567,1.432283686602952,0,0
30,0.6,0.45346534653465354,0.27415553742379056,0.2964996933315571,0.5279757514885259,0,0
31,0.6,0.45346534653465354,0.27415553742379056,0.2964996933315571,0.5279757514885259,0,0
32,0.6,0.5287128712871287,0.3012635547793499,0.40647303766877835,0.3909682569088377,0,0
33,0.2,0.3425742574257426,0.2584594629546096,1.0,-0.0,0,0
34,0.2,0.3425742574257426,0.2584594629546096,1.0,-0.0,0,0
35,2.0,1.2079207920792079,0.4938599569639574,0.05437313246532605,1.2646156463395057,0,0
36,2.2,1.3861386138613865,0.4884871985655664,0.047848203741208545,1.320134361333823,0,0
37,2.4,1.3386138613861387,0.48562918197130556,0.014422818391227993,1.8409498649871097,0,0
38,2.4,1.3386138613861387,0.48562918197130556,0.014422818391227993,1.8409498649871097,0,0
39,2.4,1.3386138613861387,0.48562918197130556,0.014422818391227993,1.8409498649871097,0,0
40,0.4,0.20594059405940596,0.18120705414231045,0.1421012773086086,0.8474020183034434,0,0
41,0.2,0.027722772277227727,0.06910862719451544,0.0063361735559086295,2.1981729353735644,0,0
42,0.0,0.0,0.0,1.0,-0.0,0,0
43,0.0,0.0,0.0,1.0,-0.0,0,0
44,0.2,0.07920792079207921,0.11631029826208643,0.1495109975624142,0.8253268608177716,0,0
45,0.4,0.25346534653465347,0.18645433514983512,0.2159627364522746,0.6656211782437957,0,0
46,0.4,0.25346534653465347,0.18645433514983512,0.2159627364522746,0.6656211782437957,0,0
47,0.4,0.25346534653465347,0.18645433514983512,0.2159627364522746,0.6656211782437957,0,0
48,0.4,0.25346534653465347,0.18645433514983512,0.2159627364522746,0.6656211782437957,0,0
49,0.2,0.1742574257425742,0.15584548411842378,0.43440110994556214,0.36210907374467677,0,0
50,0.0,0.0,0.0,1.0,-0.0,0,0
51,0.0,0.0,0.0,1.0,-0.0,0,0
52,0.0,0.0,0.0,1.0,-0.0,0,0
53,0.0,0.0,0.0,1.0,-0.0,0,0
54,0.0,0.0,0.0,1.0,-0.0,0,0
55,0.0,0.0,0.0,1.0,-0.0,0,0
56,0.0,0.0,0.0,1.0,-0.0,0,0
57,0.0,0.0,0.0,1.0,-0.0,0,0
58,0.0,0.0,0.0,1.0,-0.0,0,0
59,0.2,0.0891089108910891,0.12097048989545554,0.17965547706514468,0.7455595381425463,0,0
60,0.4,0.18613861386138614,0.1694660823392845,0.10347949966628663,0.9851456798076023,0,0
61,0.8,0.45148514851485144,0.25586733156773217,0.08658442259798417,1.0625602348679082,0,0
62,1.0,0.6514851485148515,0.3039716836037507,0.12578646632572582,0.9003660831851736,0,0
63,1.2,0.8079207920792078,0.34574733758754755,0.1283962263331031,0.8914477403387673,0,0
64,1.0,0.7188118811881188,0.32721836088523754,0.19507960549902648,0.7097881313343627,0,0
65,0.8,0.6554455445544554,0.30457737234974586,0.31753367210552996,0.49821021420118566,0,0
66,0.6,0.5237623762376238,0.2768809712634995,0.3915258295622039,0.40723958158482554,0,0
67,0.4,0.3247524752475247,0.21406297796087284,0.36259894839800205,0.4405734597705905,0,0
68,0.2,0.16831683168316827,0.15602150973142348,0.41954045958751107,0.3772261503816554,0,0
69,0.2,0.16831683168316827,0.15602150973142348,0.41954045958751107,0.3772261503816554,0,0
70,0.2,0.13465346534653463,0.13233294611171187,0.31072231323207833,0.507627558571177,0,0
71,0.0,0.0,0.0,1.0,-0.0,0,0
72,0.0,0.0,0.0,1.0,-0.0,0,0
73,0.0,0.0,0.0,1.0,-0.0,0,0
74,0.0,0.0,0.0,1.0,-0.0,0,0
75,0.0,0.0,0.0,1.0,-0.0,0,0
76,0.0,0.0,0.0,1.0,-0.0,0,0
77,0.8,0.47920792079207924,0.2758665309666218,0.12244468051902808,0.9120600775985936,0,0
78,0.8,0.47920792079207924,0.2758665309666218,0.12244468051902808,0.9120600775985936,0,0
79,1.0,0.6475247524752474,0.3110487082311474,0.12856861190231955,0.8908650449535498,0,0
80,1.2,0.8297029702970298,0.342831700896653,0.14004589752258018,0.8537296087925832,0,0
81,1.2,0.8297029702970298,0.342831700896653,0.14004589752258018,0.8537296087925832,0,0
82,0.8,0.4237623762376238,0.2458158833058649,0.06293824921427302,1.201085342248279,0,0
83,0.8,0.4237623762376238,0.2458158833058649,0.06293824921427302,1.201085342248279,0,0
84,0.6,0.3029702970297029,0.22797231269467202,0.0963010245916281,1.0163690921888286,0,0
85,0.4,0.1564356435643564,0.17486393102381254,0.08182814080571428,1.0870973161951825,0,0
86,0.4,0.1564356435643564,0.17486393102381254,0.08182814080571428,1.0870973161951825,0,0
87,0.0,0.08118811881188118,0.1264228887090089,1.0,-0.0,0,0
88,0.0,0.1069306930693069,0.14776046024695158,1.0,-0.0,0,0
89,0.4,0.37821782178217833,0.26980152602377977,0.4678267163330199,0.3299149804219069,0,0
90,1.0,0.8673267326732673,0.3972950398523806,0.3692118840605524,0.43272432850512754,0,0
91,1.0,0.9188118811881187,0.41091852467155016,0.4216879495615987,0.37500880949895826,0,0
92,1.0,0.9188118811881187,0.41091852467155016,0.4216879495615987,0.37500880949895826,0,0
93,1.2,0.9524752475247523,0.43065551218972475,0.28272587653147285,0.5486344408188204,0,0
94,0.8,0.6653465346534653,0.3122691285199438,0.3331579646061247,0.4773497998560152,0,0
95,0.2,0.14257425742574256,0.12375841577821578,0.32131855361418615,0.49306419664076123,0,0
96,0.2,0.08910891089108909,0.11071414454252959,0.15826884268208813,0.8006045733440581,0,0
97,0.4,0.2495049504950495,0.149999183084401,0.15785667068701292,0.8017370610232816,0,0
98,2.8,1.3623762376237627,0.4518063821595507,0.0007314440479679147,3.1358188897548933,0,0
99,3.0,1.358415841584159,0.4505809949569233,0.00013460281723707686,3.8709458502330483,0,0
100,3.2,1.4415841584158418,0.47288190113633194,0.0001002008786126366,3.9991284703355707,0,0
101,3.2,1.4415841584158418,0.47288190113633194,0.0001002008786126366,3.9991284703355707,0,0
102,3.0,1.281188118811881,0.44781380308681307,6.196246680273998e-05,4.207871300766086,0,0
103,0.8,0.514851485148515,0.30746041799946905,0.176851238758863,0.7523918938121675,0,0
104,0.8,0.77029702970297,0.31388481031995347,0.46230429595391226,0.33507207086992163,0,0
105,0.6,0.6851485148514849,0.2996321634752909,1.0,-0.0,0,0
106,0.6,0.6851485148514849,0.2996321634752909,1.0,-0.0,0,0
107,0.6,0.6851485148514849,0.2996321634752909,1.0,-0.0,0,0
108,0.2,0.28118811881188116,0.1953483161210063,1.0,-0.0,0,0
109,0.2,0.041584158415841586,0.09039772047931348,0.03984979219979861,1.3995739389282478,0,0
110,0.2,0.13267326732673265,0.14698885988036148,0.32346196122332527,0.49017678455367025,0,0
111,0.2,0.13267326732673265,0.14698885988036148,0.32346196122332527,0.49017678455367025,0,0
112,0.2,0.13267326732673265,0.14698885988036148,0.32346196122332527,0.49017678455367025,0,0
113,0.2,0.13267326732673265,0.14698885988036148,0.32346196122332527,0.49017678455367025,0,0
114,0.0,0.0891089108910891,0.12734998170941406,1.0,-0.0,0,0
115,0.0,0.5207920792079209,0.28014028723359385,1.0,-0.0,0,0
116,0.0,0.5207920792079209,0.28014028723359385,1.0,-0.0,0,0
117,0.0,0.5980198019801979,0.29314957423678495,1.0,-0.0,0,0
118,0.0,0.5980198019801979,0.29314957423678495,1.0,-0.0,0,0
119,0.0,1.192079207920792,0.44045052729385176,1.0,-0.0,0,0
120,0.0,0.6712871287128711,0.32161000725260874,1.0,-0.0,0,0
121,0.0,0.6712871287128711,0.32161000725260874,1.0,-0.0,0,0
122,0.0,0.594059405940594,0.3010943019207638,1.0,-0.0,0,0
123,0.0,0.594059405940594,0.3010943019207638,1.0,-0.0,0,0
124,0.0,0.0,0.0,1.0,-0.0,0,0
125,0.0,0.0,0.0,1.0,-0.0,0,0
126,0.0,0.0,0.0,1.0,-0.0,0,0
127,0.0,0.0,0.0,1.0,-0.0,0,0
128,0.0,0.0,0.0,1.0,-0.0,0,0
129,0.0,0.0,0.0,1.0,-0.0,0,0
130,0.0,0.0,0.0,1.0,-0.0,0,0
131,0.0,0.0,0.0,1.0,-0.0,0,0
132,0.0,0.0,0.0,1.0,-0.0,0,0
133,0.0,0.0,0.0,1.0,-0.0,0,0
134,0.0,0.0,0.0,1.0,-0.0,0,0
135,0.0,0.08712871287128714,0.13024224675172555,1.0,-0.0,0,0
136,0.0,0.1188118811881188,0.15964866828313962,1.0,-0.0,0,0
137,0.0,0.1188118811881188,0.15964866828313962,1.0,-0.0,0,0
138,0.0,0.28118811881188116,0.23744217484156183,1.0,-0.0,0,0
139,0.0,0.28118811881188116,0.23744217484156183,1.0,-0.0,0,0
140,0.0,0.2772277227722772,0.21428268001455503,1.0,-0.0,0,0
141,0.0,0.34257425742574255,0.23936654631701504,1.0,-0.0,0,0
142,0.0,0.34257425742574255,0.23936654631701504,1.0,-0.0,0,0
143,0.0,0.1801980198019802,0.16531985318607365,1.0,-0.0,0,0
144,0.0,0.1801980198019802,0.16531985318607365,1.0,-0.0,0,0
145,0.0,0.09504950495049505,0.09987738782509697,1.0,-0.0,0,0
