,foreground,bg_means,bg_stdev,pvals,minus_logs,regs,active
2,0.0,0.03168316831683169,0.08780118525701135,1.0,-0.0,0,0
3,0.0,0.16831683168316827,0.19847472496357746,1.0,-0.0,0,0
4,0.0,0.16831683168316827,0.19847472496357746,1.0,-0.0,0,0
5,0.0,0.16831683168316827,0.19847472496357746,1.0,-0.0,0,0
6,0.0,0.1475247524752475,0.18162852929713905,1.0,-0.0,0,0
7,0.0,0.1564356435643564,0.19213023717381655,1.0,-0.0,0,0
8,0.0,0.019801980198019802,0.0597350618970232,1.0,-0.0,0,0
9,0.0,0.019801980198019802,0.0597350618970232,1.0,-0.0,0,0
10,0.0,0.019801980198019802,0.0597350618970232,1.0,-0.0,0,0
11,0.0,0.007920792079207921,0.03900537743285587,1.0,-0.0,0,0
12,0.0,0.0,0.0,1.0,-0.0,0,0
13,0.0,0.0,0.0,1.0,-0.0,0,0
14,0.0,0.0,0.0,1.0,-0.0,0,0
15,0.0,0.0,0.0,1.0,-0.0,0,0
16,0.0,0.0,0.0,1.0,-0.0,0,0
17,0.0,0.023762376237623766,0.0759735686861421,1.0,-0.0,0,0
18,0.0,0.027722772277227727,0.07975061610139512,1.0,-0.0,0,0
19,0.0,0.027722772277227727,0.07975061610139512,1.0,-0.0,0,0
20,0.0,0.027722772277227727,0.07975061610139512,1.0,-0.0,0,0
21,0.0,0.027722772277227727,0.07975061610139512,1.0,-0.0,0,0
22,0.0,0.0039603960396039604,0.027863855998951068,1.0,-0.0,0,0
23,0.0,0.0,0.0,1.0,-0.0,0,0
24,0.0,0.0,0.0,1.0,-0.0,0,0
25,0.0,0.0,0.0,1.0,-0.0,0,0
26,0.0,0.06732673267326733,0.11000352009767247,1.0,-0.0,0,0
27,0.0,0.06732673267326733,0.11000352009767247,1.0,-0.0,0,0
28,0.0,0.07920792079207921,0.12293186689242579,1.0,-0.0,0,0
29,0.0,0.07920792079207921,0.12293186689242579,1.0,-0.0,0,0
30,0.0,0.08316831683168316,0.12670172889541698,1.0,-0.0,0,0
31,0.0,0.015841584158415842,0.054012600780142014,1.0,-0.0,0,0
32,0.0,0.015841584158415842,0.054012600780142014,1.0,-0.0,0,0
33,0.0,0.0039603960396039604,0.027863855998951064,1.0,-0.0,0,0
34,0.0,0.0039603960396039604,0.027863855998951064,1.0,-0.0,0,0
35,0.0,0.0059405940594059415,0.03395332316729158,1.0,-0.0,0,0
36,0.0,0.0059405940594059415,0.03395332316729158,1.0,-0.0,0,0
37,0.0,0.0059405940594059415,0.03395332316729158,1.0,-0.0,0,0
38,0.0,0.0059405940594059415,0.03395332316729158,1.0,-0.0,0,0
39,0.0,0.0059405940594059415,0.03395332316729158,1.0,-0.0,0,0
40,0.0,0.0,0.0,1.0,-0.0,0,0
41,0.0,0.0,0.0,1.0,-0.0,0,0
42,0.0,0.0,0.0,1.0,-0.0,0,0
43,0.0,0.0,0.0,1.0,-0.0,0,0
44,0.0,0.0,0.0,1.0,-0.0,0,0
45,0.0,0.0,0.0,1.0,-0.0,0,0
46,0.0,0.0,0.0,1.0,-0.0,0,0
47,0.0,0.0,0.0,1.0,-0.0,0,0
48,0.0,0.0,0.0,1.0,-0.0,0,0
49,0.0,0.0,0.0,1.0,-0.0,0,0
50,0.0,0.0,0.0,1.0,-0.0,0,0
51,0.0,0.0,0.0,1.0,-0.0,0,0
52,0.0,0.0,0.0,1.0,-0.0,0,0
53,0.0,0.011881188118811883,0.04727657974777555,1.0,-0.0,0,0
54,0.0,0.013861386138613863,0.050795070647052104,1.0,-0.0,0,0
55,0.0,0.013861386138613863,0.050795070647052104,1.0,-0.0,0,0
56,0.0,0.013861386138613863,0.050795070647052104,1.0,-0.0,0,0
57,0.0,0.013861386138613863,0.050795070647052104,1.0,-0.0,0,0
58,0.0,0.0039603960396039604,0.027863855998951068,1.0,-0.0,0,0
59,0.0,0.0019801980198019802,0.0198019801980198,1.0,-0.0,0,0
60,0.0,0.0019801980198019802,0.0198019801980198,1.0,-0.0,0,0
61,0.0,0.0039603960396039604,0.027863855998951064,1.0,-0.0,0,0
62,0.0,0.0039603960396039604,0.027863855998951064,1.0,-0.0,0,0
63,0.0,0.0019801980198019802,0.019801980198019802,1.0,-0.0,0,0
64,0.0,0.0019801980198019802,0.019801980198019802,1.0,-0.0,0,0
65,0.0,0.031683168316831684,0.08316831683168316,1.0,-0.0,0,0
66,0.0,0.05742574257425742,0.11021718851545144,1.0,-0.0,0,0
67,0.0,0.05742574257425742,0.11021718851545144,1.0,-0.0,0,0
68,0.0,0.05742574257425742,0.11021718851545144,1.0,-0.0,0,0
69,0.0,0.05742574257425742,0.11021718851545144,1.0,-0.0,0,0
70,0.0,0.02772277227722772,0.07461957893630407,1.0,-0.0,0,0
71,0.0,0.0,0.0,1.0,-0.0,0,0
72,0.0,0.0,0.0,1.0,-0.0,0,0
73,0.0,0.0,0.0,1.0,-0.0,0,0
74,0.0,0.0,0.0,1.0,-0.0,0,0
75,0.0,0.033663366336633666,0.08930671115865095,1.0,-0.0,0,0
76,0.0,0.13465346534653463,0.16436836411443276,1.0,-0.0,0,0
77,0.0,0.21386138613861383,0.1975241321114852,1.0,-0.0,0,0
78,0.0,0.21386138613861383,0.1975241321114852,1.0,-0.0,0,0
79,0.0,0.21386138613861383,0.1975241321114852,1.0,-0.0,0,0
80,0.0,0.1801980198019802,0.1791176404070512,1.0,-0.0,0,0
81,0.0,0.07920792079207921,0.12293186689242579,1.0,-0.0,0,0
82,0.0,0.0,0.0,1.0,-0.0,0,0
83,0.0,0.0,0.0,1.0,-0.0,0,0
84,0.0,0.0,0.0,1.0,-0.0,0,0
85,0.0,0.0019801980198019802,0.019801980198019802,1.0,-0.0,0,0
86,0.0,0.0019801980198019802,0.019801980198019802,1.0,-0.0,0,0
87,0.0,0.011881188118811881,0.04727657974777554,1.0,-0.0,0,0
88,0.0,0.011881188118811881,0.04727657974777554,1.0,-0.0,0,0
89,0.0,0.011881188118811881,0.04727657974777554,1.0,-0.0,0,0
90,0.0,0.009900990099009901,0.04338396495090425,1.0,-0.0,0,0
91,0.0,0.02772277227722772,0.06910862719451544,1.0,-0.0,0,0
92,0.0,0.03762376237623762,0.08771182015980238,1.0,-0.0,0,0
93,0.0,0.03762376237623762,0.08771182015980238,1.0,-0.0,0,0
94,0.0,0.03762376237623762,0.08771182015980238,1.0,-0.0,0,0
95,0.0,0.03762376237623762,0.08771182015980238,1.0,-0.0,0,0
96,0.0,0.019801980198019802,0.0597350618970232,1.0,-0.0,0,0
97,0.0,0.0,0.0,1.0,-0.0,0,0
98,0.0,0.015841584158415842,0.06090517425437506,1.0,-0.0,0,0
99,0.0,0.017821782178217824,0.0635517090529949,1.0,-0.0,0,0
100,0.0,0.017821782178217824,0.0635517090529949,1.0,-0.0,0,0
101,0.0,0.017821782178217824,0.0635517090529949,1.0,-0.0,0,0
102,0.0,0.017821782178217824,0.0635517090529949,1.0,-0.0,0,0
103,0.0,0.0039603960396039604,0.027863855998951064,1.0,-0.0,0,0
104,0.0,0.0019801980198019802,0.019801980198019802,1.0,-0.0,0,0
105,0.0,0.0019801980198019802,0.019801980198019802,1.0,-0.0,0,0
106,0.0,0.0019801980198019802,0.019801980198019802,1.0,-0.0,0,0
107,0.0,0.11881188118811879,0.1467218499235066,1.0,-0.0,0,0
108,0.0,0.21584158415841584,0.2003623812378767,1.0,-0.0,0,0
109,0.0,0.21584158415841584,0.2003623812378767,1.0,-0.0,0,0
110,0.0,0.21584158415841584,0.2003623812378767,1.0,-0.0,0,0
111,0.0,0.21584158415841584,0.2003623812378767,1.0,-0.0,0,0
112,0.0,0.09702970297029702,0.12778032320714203,1.0,-0.0,0,0
113,0.0,0.0,0.0,1.0,-0.0,0,0
114,0.0,0.0,0.0,1.0,-0.0,0,0
115,0.0,0.0,0.0,1.0,-0.0,0,0
116,0.0,0.0,0.0,1.0,-0.0,0,0
117,0.0,0.0,0.0,1.0,-0.0,0,0
118,0.0,0.0019801980198019802,0.0198019801980198,1.0,-0.0,0,0
119,0.0,0.017821782178217824,0.05698017651460656,1.0,-0.0,0,0
120,0.0,0.07920792079207921,0.12293186689242579,1.0,-0.0,0,0
121,0.0,0.07920792079207921,0.12293186689242579,1.0,-0.0,0,0
122,0.0,0.08316831683168319,0.12353642740976015,1.0,-0.0,0,0
123,0.0,0.09504950495049505,0.13670539084430267,1.0,-0.0,0,0
124,0.0,0.08316831683168317,0.13280619910579972,1.0,-0.0,0,0
125,0.0,0.03762376237623763,0.07816140339006158,1.0,-0.0,0,0
126,0.0,0.03762376237623763,0.07816140339006158,1.0,-0.0,0,0
127,0.0,0.033663366336633666,0.07482947971362845,1.0,-0.0,0,0
128,0.0,0.019801980198019802,0.0597350618970232,1.0,-0.0,0,0
129,0.0,0.015841584158415842,0.054012600780142014,1.0,-0.0,0,0
130,0.0,0.0,0.0,1.0,-0.0,0,0
131,0.0,0.0,0.0,1.0,-0.0,0,0
132,0.0,0.0,0.0,1.0,-0.0,0,0
133,0.0,0.0,0.0,1.0,-0.0,0,0
134,0.0,0.0,0.0,1.0,-0.0,0,0
135,0.0,0.0,0.0,1.0,-0.0,0,0
136,0.0,0.0,0.0,1.0,-0.0,0,0
137,0.0,0.0,0.0,1.0,-0.0,0,0
138,0.0,0.0,0.0,1.0,-0.0,0,0
139,0.0,0.0,0.0,1.0,-0.0,0,0
140,0.0,0.0,0.0,1.0,-0.0,0,0
141,0.0,0.0,0.0,1.0,-0.0,0,0
142,0.0,0.0,0.0,1.0,-0.0,0,0
143,0.0,0.0,0.0,1.0,-0.0,0,0
144,0.0,0.0,0.0,1.0,-0.0,0,0
145,0.0,0.0,0.0,1.0,-0.0,0,0
146,0.0,0.0,0.0,1.0,-0.0,0,0
147,0.0,0.0,0.0,1.0,-0.0,0,0
148,0.0,0.0,0.0,1.0,-0.0,0,0
149,0.0,0.0,0.0,1.0,-0.0,0,0
150,0.0,0.007920792079207921,0.03900537743285587,1.0,-0.0,0,0
151,0.0,0.007920792079207921,0.03900537743285587,1.0,-0.0,0,0
152,0.0,0.007920792079207921,0.03900537743285587,1.0,-0.0,0,0
153,0.0,0.017821782178217824,0.0635517090529949,1.0,-0.0,0,0
154,0.0,0.017821782178217824,0.0635517090529949,1.0,-0.0,0,0
155,0.0,0.009900990099009901,0.04338396495090425,1.0,-0.0,0,0
156,0.0,0.009900990099009901,0.04338396495090425,1.0,-0.0,0,0
157,0.0,0.015841584158415842,0.05401260078014202,1.0,-0.0,0,0
158,0.0,0.0059405940594059415,0.033953323167291584,1.0,-0.0,0,0
159,0.0,0.0059405940594059415,0.033953323167291584,1.0,-0.0,0,0
160,0.0,0.0059405940594059415,0.033953323167291584,1.0,-0.0,0,0
161,0.0,0.0059405940594059415,0.033953323167291584,1.0,-0.0,0,0
162,0.0,0.0,0.0,1.0,-0.0,0,0
163,0.0,0.0,0.0,1.0,-0.0,0,0
164,0.0,0.0,0.0,1.0,-0.0,0,0
165,0.0,0.11089108910891086,0.15789518399405605,1.0,-0.0,0,0
166,0.0,0.11089108910891086,0.15789518399405605,1.0,-0.0,0,0
167,0.0,0.11089108910891086,0.15789518399405605,1.0,-0.0,0,0
168,0.0,0.11683168316831682,0.1598695674609062,1.0,-0.0,0,0
169,0.0,0.11683168316831682,0.1598695674609062,1.0,-0.0,0,0
170,0.0,0.0059405940594059415,0.033953323167291584,1.0,-0.0,0,0
171,0.0,0.0059405940594059415,0.033953323167291584,1.0,-0.0,0,0
172,0.0,0.0059405940594059415,0.033953323167291584,1.0,-0.0,0,0
173,0.0,0.0,0.0,1.0,-0.0,0,0
174,0.0,0.0,0.0,1.0,-0.0,0,0
175,0.0,0.0,0.0,1.0,-0.0,0,0
176,0.0,0.0,0.0,1.0,-0.0,0,0
177,0.2,0.0039603960396039604,0.02786385599895107,9.91868616164111e-13,12.003545851085573,0,0
178,0.2,0.0039603960396039604,0.02786385599895107,9.91868616164111e-13,12.003545851085573,0,0
179,0.2,0.0039603960396039604,0.02786385599895107,9.91868616164111e-13,12.003545851085573,0,0
180,0.2,0.0039603960396039604,0.02786385599895107,9.91868616164111e-13,12.003545851085573,0,0
181,0.2,0.0039603960396039604,0.02786385599895107,9.91868616164111e-13,12.003545851085573,0,0
182,0.0,0.0019801980198019802,0.0198019801980198,1.0,-0.0,0,0
183,0.0,0.0019801980198019802,0.0198019801980198,1.0,-0.0,0,0
184,0.0,0.0019801980198019802,0.0198019801980198,1.0,-0.0,0,0
185,0.0,0.0019801980198019802,0.0198019801980198,1.0,-0.0,0,0
186,0.0,0.0059405940594059415,0.033953323167291584,1.0,-0.0,0,0
187,0.0,0.0039603960396039604,0.027863855998951068,1.0,-0.0,0,0
188,0.0,0.0039603960396039604,0.027863855998951068,1.0,-0.0,0,0
189,0.0,0.0039603960396039604,0.027863855998951068,1.0,-0.0,0,0
190,0.0,0.0039603960396039604,0.027863855998951068,1.0,-0.0,0,0
191,0.0,0.0,0.0,1.0,-0.0,0,0
192,0.0,0.0,0.0,1.0,-0.0,0,0
193,0.0,0.0,0.0,1.0,-0.0,0,0
194,0.0,0.0,0.0,1.0,-0.0,0,0
195,0.0,0.013861386138613863,0.05079507064705211,1.0,-0.0,0,0
196,0.0,0.013861386138613863,0.05079507064705211,1.0,-0.0,0,0
197,0.0,0.013861386138613863,0.05079507064705211,1.0,-0.0,0,0
198,0.0,0.019801980198019802,0.059735061897023205,1.0,-0.0,0,0
199,0.0,0.019801980198019802,0.059735061897023205,1.0,-0.0,0,0
200,0.0,0.0059405940594059415,0.03395332316729158,1.0,-0.0,0,0
201,0.0,0.009900990099009901,0.04338396495090424,1.0,-0.0,0,0
202,0.0,0.009900990099009901,0.04338396495090424,1.0,-0.0,0,0
203,0.0,0.0039603960396039604,0.02786385599895107,1.0,-0.0,0,0
204,0.0,0.0039603960396039604,0.02786385599895107,1.0,-0.0,0,0
205,0.0,0.0039603960396039604,0.02786385599895107,1.0,-0.0,0,0
206,0.0,0.09504950495049505,0.13377699607171914,1.0,-0.0,0,0
207,0.0,0.09504950495049505,0.13377699607171914,1.0,-0.0,0,0
208,0.0,0.09504950495049505,0.13377699607171914,1.0,-0.0,0,0
209,0.0,0.17425742574257425,0.17724708119287327,1.0,-0.0,0,0
210,0.2,0.1861386138613861,0.18077375114498545,0.46943981703783805,0.3284200771011962,0,0
211,0.2,0.08910891089108909,0.13042276277287215,0.19759489744115794,0.7042242745346299,0,0
212,0.2,0.09306930693069305,0.1306930693069307,0.20662668774682014,0.6848135860465708,0,0
213,0.4,0.09504950495049502,0.13377699607171908,0.01131738567331034,1.946253883994295,0,0
214,0.6,0.025742574257425745,0.06697637435757531,1.499628024474401e-17,16.82401645224564,0,0
215,0.4,0.013861386138613863,0.05079507064705211,1.4601672822824464e-14,13.83559738694809,0,0
216,0.4,0.013861386138613863,0.05079507064705211,1.4601672822824464e-14,13.83559738694809,0,0
217,0.4,0.009900990099009901,0.04338396495090424,1.0121630622599334e-17,16.99474951582134,0,0
218,0.2,0.007920792079207921,0.03900537743285587,4.2303541670263104e-07,6.3736232717865695,0,0
219,0.0,0.0039603960396039604,0.027863855998951068,1.0,-0.0,0,0
220,0.0,0.0039603960396039604,0.027863855998951068,1.0,-0.0,0,0
221,0.0,0.0059405940594059415,0.03395332316729158,1.0,-0.0,0,0
222,0.0,0.0059405940594059415,0.03395332316729158,1.0,-0.0,0,0
223,0.0,0.0059405940594059415,0.03395332316729158,1.0,-0.0,0,0
224,0.0,0.0019801980198019802,0.019801980198019802,1.0,-0.0,0,0
225,0.0,0.0019801980198019802,0.019801980198019802,1.0,-0.0,0,0
226,0.0,0.0019801980198019802,0.019801980198019802,1.0,-0.0,0,0
227,0.0,0.0019801980198019802,0.019801980198019802,1.0,-0.0,0,0
228,0.0,0.0019801980198019802,0.019801980198019802,1.0,-0.0,0,0
229,0.0,0.0019801980198019802,0.019801980198019802,1.0,-0.0,0,0
230,0.0,0.015841584158415842,0.054012600780142014,1.0,-0.0,0,0
231,0.0,0.013861386138613863,0.05079507064705211,1.0,-0.0,0,0
232,0.0,0.013861386138613863,0.05079507064705211,1.0,-0.0,0,0
233,0.0,0.013861386138613863,0.05079507064705211,1.0,-0.0,0,0
234,0.0,0.015841584158415842,0.054012600780142014,1.0,-0.0,0,0
235,0.0,0.0019801980198019802,0.0198019801980198,1.0,-0.0,0,0
236,0.0,0.0019801980198019802,0.0198019801980198,1.0,-0.0,0,0
237,0.0,0.0019801980198019802,0.0198019801980198,1.0,-0.0,0,0
238,0.0,0.0019801980198019802,0.0198019801980198,1.0,-0.0,0,0
239,0.0,0.0059405940594059415,0.033953323167291584,1.0,-0.0,0,0
240,0.0,0.009900990099009901,0.04338396495090425,1.0,-0.0,0,0
241,0.0,0.009900990099009901,0.04338396495090425,1.0,-0.0,0,0
242,0.0,0.013861386138613863,0.05079507064705211,1.0,-0.0,0,0
243,0.0,0.015841584158415842,0.054012600780142014,1.0,-0.0,0,0
244,0.0,0.013861386138613863,0.05807080514303042,1.0,-0.0,0,0
245,0.0,0.015841584158415842,0.06709336374692047,1.0,-0.0,0,0
246,0.0,0.017821782178217824,0.06950466841498709,1.0,-0.0,0,0
247,0.0,0.01386138613861386,0.05807080514303042,1.0,-0.0,0,0
248,0.0,0.011881188118811883,0.047276579747775535,1.0,-0.0,0,0
249,0.0,0.007920792079207921,0.03900537743285587,1.0,-0.0,0,0
250,0.0,0.0019801980198019802,0.0198019801980198,1.0,-0.0,0,0
251,0.0,0.0,0.0,1.0,-0.0,0,0
252,0.0,0.0,0.0,1.0,-0.0,0,0
253,0.0,0.0,0.0,1.0,-0.0,0,0
254,0.0,0.0019801980198019802,0.0198019801980198,1.0,-0.0,0,0
255,0.0,0.0019801980198019802,0.0198019801980198,1.0,-0.0,0,0
256,0.0,0.0019801980198019802,0.0198019801980198,1.0,-0.0,0,0
257,0.0,0.0059405940594059415,0.033953323167291584,1.0,-0.0,0,0
258,0.0,0.0059405940594059415,0.033953323167291584,1.0,-0.0,0,0
259,0.0,0.027722772277227727,0.07461957893630405,1.0,-0.0,0,0
260,0.0,0.027722772277227727,0.07461957893630405,1.0,-0.0,0,0
261,0.0,0.027722772277227727,0.07461957893630405,1.0,-0.0,0,0
262,0.0,0.023762376237623766,0.07056843438101174,1.0,-0.0,0,0
263,0.0,0.023762376237623766,0.07056843438101174,1.0,-0.0,0,0
264,0.0,0.0,0.0,1.0,-0.0,0,0
265,0.0,0.100990099009901,0.13965661530697393,1.0,-0.0,0,0
266,0.0,0.100990099009901,0.13965661530697393,1.0,-0.0,0,0
267,0.0,0.100990099009901,0.13965661530697393,1.0,-0.0,0,0
268,0.0,0.100990099009901,0.13965661530697393,1.0,-0.0,0,0
269,0.0,0.11485148514851484,0.15246238855382307,1.0,-0.0,0,0
270,0.0,0.03960396039603961,0.08908690597387718,1.0,-0.0,0,0
271,0.0,0.03960396039603961,0.08908690597387718,1.0,-0.0,0,0
272,0.0,0.03960396039603961,0.08908690597387718,1.0,-0.0,0,0
273,0.0,0.03960396039603961,0.08908690597387718,1.0,-0.0,0,0
274,0.0,0.03762376237623763,0.08307396817189319,1.0,-0.0,0,0
275,0.0,0.011881188118811883,0.047276579747775535,1.0,-0.0,0,0
276,0.0,0.011881188118811883,0.047276579747775535,1.0,-0.0,0,0
277,0.0,0.011881188118811883,0.047276579747775535,1.0,-0.0,0,0
278,0.0,0.011881188118811883,0.047276579747775535,1.0,-0.0,0,0
279,0.0,0.0,0.0,1.0,-0.0,0,0
280,0.0,0.039603960396039604,0.08452453849668534,1.0,-0.0,0,0
281,0.0,0.039603960396039604,0.08452453849668534,1.0,-0.0,0,0
282,0.0,0.07326732673267328,0.11509022642946842,1.0,-0.0,0,0
283,0.0,0.09504950495049502,0.12457948087149173,1.0,-0.0,0,0
284,0.0,0.1346534653465346,0.14653465346534653,1.0,-0.0,0,0
285,0.0,0.09306930693069305,0.12762679639066946,1.0,-0.0,0,0
286,0.0,0.09306930693069305,0.12762679639066946,1.0,-0.0,0,0
287,0.0,0.06732673267326733,0.11698261772468856,1.0,-0.0,0,0
288,0.0,0.04554455445544555,0.08846854615322249,1.0,-0.0,0,0
289,0.0,0.007920792079207921,0.03900537743285587,1.0,-0.0,0,0
290,0.0,0.007920792079207921,0.03900537743285587,1.0,-0.0,0,0
291,0.0,0.007920792079207921,0.03900537743285587,1.0,-0.0,0,0
292,0.0,0.0059405940594059415,0.033953323167291584,1.0,-0.0,0,0
293,0.0,0.0059405940594059415,0.033953323167291584,1.0,-0.0,0,0
294,0.0,0.0059405940594059415,0.033953323167291584,1.0,-0.0,0,0
295,0.0,0.0059405940594059415,0.033953323167291584,1.0,-0.0,0,0
296,0.0,0.013861386138613863,0.05079507064705211,1.0,-0.0,0,0
297,0.0,0.015841584158415842,0.05401260078014202,1.0,-0.0,0,0
298,0.0,0.015841584158415842,0.05401260078014202,1.0,-0.0,0,0
299,0.0,0.017821782178217824,0.05698017651460656,1.0,-0.0,0,0
300,0.0,0.11485148514851484,0.1388682248893999,1.0,-0.0,0,0
301,0.0,0.10693069306930691,0.12762679639066946,1.0,-0.0,0,0
302,0.0,0.1089108910891089,0.1335716590419014,1.0,-0.0,0,0
303,0.0,0.1089108910891089,0.1335716590419014,1.0,-0.0,0,0
304,0.0,0.11089108910891088,0.13342479626077636,1.0,-0.0,0,0
305,0.0,0.013861386138613863,0.05079507064705211,1.0,-0.0,0,0
306,0.0,0.013861386138613863,0.05079507064705211,1.0,-0.0,0,0
307,0.0,0.0039603960396039604,0.027863855998951064,1.0,-0.0,0,0
308,0.0,0.0059405940594059415,0.03395332316729158,1.0,-0.0,0,0
309,0.0,0.0019801980198019802,0.019801980198019802,1.0,-0.0,0,0
310,0.0,0.0019801980198019802,0.019801980198019802,1.0,-0.0,0,0
311,0.0,0.0019801980198019802,0.019801980198019802,1.0,-0.0,0,0
312,0.0,0.0019801980198019802,0.019801980198019802,1.0,-0.0,0,0
313,0.0,0.011881188118811881,0.047276579747775535,1.0,-0.0,0,0
314,0.0,0.011881188118811881,0.047276579747775535,1.0,-0.0,0,0
315,0.0,0.1485148514851485,0.1703891070439521,1.0,-0.0,0,0
316,0.0,0.16237623762376235,0.1795767770099744,1.0,-0.0,0,0
317,0.0,0.16237623762376235,0.1795767770099744,1.0,-0.0,0,0
318,0.0,0.15049504950495046,0.1744148703671667,1.0,-0.0,0,0
319,0.0,0.15049504950495046,0.1744148703671667,1.0,-0.0,0,0
320,0.0,0.01386138613861386,0.05079507064705211,1.0,-0.0,0,0
321,0.0,0.0,0.0,1.0,-0.0,0,0
322,0.0,0.0,0.0,1.0,-0.0,0,0
323,0.0,0.013861386138613863,0.05079507064705211,1.0,-0.0,0,0
324,0.0,0.013861386138613863,0.05079507064705211,1.0,-0.0,0,0
325,0.0,0.013861386138613863,0.05079507064705211,1.0,-0.0,0,0
326,0.0,0.027722772277227727,0.06910862719451544,1.0,-0.0,0,0
327,0.0,0.027722772277227727,0.06910862719451544,1.0,-0.0,0,0
328,0.0,0.01386138613861386,0.05079507064705211,1.0,-0.0,0,0
329,0.0,0.061386138613861385,0.12184253515180327,1.0,-0.0,0,0
330,0.0,0.061386138613861385,0.12184253515180327,1.0,-0.0,0,0
331,0.0,0.047524752475247525,0.10953914206684619,1.0,-0.0,0,0
332,0.0,0.047524752475247525,0.10953914206684619,1.0,-0.0,0,0
333,0.0,0.047524752475247525,0.10953914206684619,1.0,-0.0,0,0
334,0.0,0.0,0.0,1.0,-0.0,0,0
335,0.0,0.0,0.0,1.0,-0.0,0,0
336,0.0,0.0,0.0,1.0,-0.0,0,0
337,0.0,0.025742574257425745,0.07264925278354115,1.0,-0.0,0,0
338,0.0,0.025742574257425745,0.07264925278354115,1.0,-0.0,0,0
339,0.0,0.025742574257425745,0.07264925278354115,1.0,-0.0,0,0
340,0.0,0.15049504950495046,0.16981280455064035,1.0,-0.0,0,0
341,0.0,0.15247524752475244,0.16921136785416444,1.0,-0.0,0,0
342,0.0,0.1267326732673267,0.15083338726765974,1.0,-0.0,0,0
343,0.0,0.1267326732673267,0.15083338726765974,1.0,-0.0,0,0
344,0.0,0.1267326732673267,0.15083338726765974,1.0,-0.0,0,0
345,0.0,0.011881188118811883,0.04727657974777554,1.0,-0.0,0,0
346,0.0,0.08712871287128714,0.127165103825761,1.0,-0.0,0,0
347,0.0,0.0891089108910891,0.13342479626077636,1.0,-0.0,0,0
348,0.0,0.0891089108910891,0.13342479626077636,1.0,-0.0,0,0
349,0.0,0.0891089108910891,0.13342479626077636,1.0,-0.0,0,0
350,0.0,0.0811881188118812,0.12642288870900886,1.0,-0.0,0,0
351,0.0,0.10297029702970295,0.13962853515884507,1.0,-0.0,0,0
352,0.0,0.10099009900990098,0.13386490123687583,1.0,-0.0,0,0
353,0.0,0.10099009900990098,0.13386490123687583,1.0,-0.0,0,0
354,0.0,0.10099009900990098,0.13386490123687583,1.0,-0.0,0,0
355,0.0,0.10495049504950495,0.13377699607171908,1.0,-0.0,0,0
356,0.0,0.011881188118811881,0.047276579747775535,1.0,-0.0,0,0
357,0.0,0.009900990099009901,0.04338396495090425,1.0,-0.0,0,0
358,0.0,0.009900990099009901,0.04338396495090425,1.0,-0.0,0,0
359,0.0,0.017821782178217824,0.05698017651460657,1.0,-0.0,0,0
360,0.0,0.013861386138613863,0.05079507064705211,1.0,-0.0,0,0
361,0.0,0.007920792079207921,0.03900537743285587,1.0,-0.0,0,0
362,0.0,0.039603960396039604,0.08452453849668534,1.0,-0.0,0,0
363,0.0,0.15247524752475247,0.16921136785416444,1.0,-0.0,0,0
364,0.0,0.15247524752475247,0.18053499120857794,1.0,-0.0,0,0
365,0.0,0.15247524752475247,0.18053499120857794,1.0,-0.0,0,0
366,0.0,0.15247524752475247,0.18053499120857794,1.0,-0.0,0,0
367,0.0,0.1188118811881188,0.157148395081398,1.0,-0.0,0,0
368,0.0,0.007920792079207921,0.03900537743285587,1.0,-0.0,0,0
369,0.0,0.0,0.0,1.0,-0.0,0,0
370,0.0,0.0,0.0,1.0,-0.0,0,0
371,0.0,0.0,0.0,1.0,-0.0,0,0
372,0.0,0.0019801980198019802,0.0198019801980198,1.0,-0.0,0,0
373,0.0,0.0019801980198019802,0.0198019801980198,1.0,-0.0,0,0
374,0.0,0.0019801980198019802,0.0198019801980198,1.0,-0.0,0,0
375,0.0,0.02970297029702971,0.07112192077650681,1.0,-0.0,0,0
376,0.0,0.1603960396039604,0.19298551113766993,1.0,-0.0,0,0
377,0.0,0.1574257425742574,0.1936346128607071,1.0,-0.0,0,0
378,0.0,0.1574257425742574,0.1936346128607071,1.0,-0.0,0,0
379,0.0,0.1574257425742574,0.1936346128607071,1.0,-0.0,0,0
380,0.0,0.15445544554455445,0.179947600995427,1.0,-0.0,0,0
381,0.0,0.023762376237623766,0.07056843438101174,1.0,-0.0,0,0
382,0.0,0.023762376237623766,0.07056843438101174,1.0,-0.0,0,0
383,0.0,0.11485148514851487,0.1444594832462533,1.0,-0.0,0,0
384,0.0,0.12673267326732673,0.15083338726765974,1.0,-0.0,0,0
385,0.0,0.10297029702970295,0.14243667729389659,1.0,-0.0,0,0
386,0.0,0.10297029702970295,0.14243667729389659,1.0,-0.0,0,0
387,0.0,0.10495049504950493,0.1423816080178024,1.0,-0.0,0,0
388,0.0,0.019801980198019802,0.0597350618970232,1.0,-0.0,0,0
389,0.0,0.007920792079207921,0.03900537743285587,1.0,-0.0,0,0
390,0.0,0.007920792079207921,0.03900537743285587,1.0,-0.0,0,0
391,0.0,0.007920792079207921,0.03900537743285587,1.0,-0.0,0,0
392,0.0,0.015841584158415842,0.054012600780142014,1.0,-0.0,0,0
393,0.0,0.017821782178217824,0.056980176514606566,1.0,-0.0,0,0
394,0.0,0.017821782178217824,0.056980176514606566,1.0,-0.0,0,0
395,0.0,0.017821782178217824,0.056980176514606566,1.0,-0.0,0,0
396,0.0,0.017821782178217824,0.056980176514606566,1.0,-0.0,0,0
397,0.0,0.007920792079207921,0.03900537743285587,1.0,-0.0,0,0
398,0.0,0.0,0.0,1.0,-0.0,0,0
399,0.0,0.0,0.0,1.0,-0.0,0,0
400,0.0,0.019801980198019802,0.059735061897023205,1.0,-0.0,0,0
401,0.0,0.019801980198019802,0.059735061897023205,1.0,-0.0,0,0
402,0.0,0.027722772277227727,0.06910862719451545,1.0,-0.0,0,0
403,0.0,0.027722772277227727,0.06910862719451545,1.0,-0.0,0,0
404,0.0,0.05544554455445544,0.10575073206193022,1.0,-0.0,0,0
405,0.0,0.03762376237623763,0.08307396817189318,1.0,-0.0,0,0
406,0.0,0.03762376237623763,0.08307396817189318,1.0,-0.0,0,0
407,0.0,0.033663366336633666,0.07482947971362845,1.0,-0.0,0,0
408,0.0,0.041584158415841586,0.08590499787518362,1.0,-0.0,0,0
409,0.0,0.013861386138613863,0.05079507064705211,1.0,-0.0,0,0
410,0.0,0.011881188118811883,0.047276579747775535,1.0,-0.0,0,0
411,0.0,0.011881188118811883,0.047276579747775535,1.0,-0.0,0,0
412,0.0,0.009900990099009901,0.04338396495090425,1.0,-0.0,0,0
413,0.0,0.0019801980198019802,0.0198019801980198,1.0,-0.0,0,0
414,0.0,0.03762376237623763,0.08771182015980238,1.0,-0.0,0,0
415,0.0,0.06732673267326733,0.11698261772468857,1.0,-0.0,0,0
416,0.0,0.06732673267326733,0.11698261772468857,1.0,-0.0,0,0
417,0.0,0.07920792079207921,0.11966689053257921,1.0,-0.0,0,0
418,0.0,0.07920792079207921,0.11966689053257921,1.0,-0.0,0,0
419,0.0,0.047524752475247525,0.09809478080396704,1.0,-0.0,0,0
420,0.0,0.02772277227722772,0.06910862719451544,1.0,-0.0,0,0
421,0.0,0.04752475247524753,0.09397077637785879,1.0,-0.0,0,0
422,0.0,0.05148514851485149,0.10399339410297728,1.0,-0.0,0,0
423,0.0,0.05346534653465347,0.10860442931328386,1.0,-0.0,0,0
424,0.0,0.049504950495049514,0.10304643034659555,1.0,-0.0,0,0
425,0.0,0.039603960396039604,0.09757374253271224,1.0,-0.0,0,0
426,0.0,0.019801980198019806,0.06603299802191315,1.0,-0.0,0,0
427,0.0,0.0019801980198019802,0.0198019801980198,1.0,-0.0,0,0
428,0.0,0.0,0.0,1.0,-0.0,0,0
429,0.0,0.025742574257425748,0.07264925278354115,1.0,-0.0,0,0
430,0.0,0.025742574257425748,0.07264925278354115,1.0,-0.0,0,0
431,0.0,0.025742574257425748,0.07264925278354115,1.0,-0.0,0,0
432,0.0,0.025742574257425748,0.07264925278354115,1.0,-0.0,0,0
433,0.0,0.025742574257425748,0.07264925278354115,1.0,-0.0,0,0
434,0.0,0.0,0.0,1.0,-0.0,0,0
435,0.0,0.0,0.0,1.0,-0.0,0,0
436,0.0,0.017821782178217824,0.05698017651460656,1.0,-0.0,0,0
437,0.0,0.025742574257425745,0.0669763743575753,1.0,-0.0,0,0
438,0.0,0.025742574257425745,0.0669763743575753,1.0,-0.0,0,0
439,0.0,0.025742574257425745,0.0669763743575753,1.0,-0.0,0,0
440,0.0,0.025742574257425745,0.0669763743575753,1.0,-0.0,0,0
441,0.0,0.007920792079207921,0.03900537743285587,1.0,-0.0,0,0
442,0.0,0.0,0.0,1.0,-0.0,0,0
443,0.0,0.0,0.0,1.0,-0.0,0,0
444,0.0,0.011881188118811883,0.047276579747775535,1.0,-0.0,0,0
445,0.0,0.011881188118811883,0.047276579747775535,1.0,-0.0,0,0
446,0.0,0.011881188118811883,0.047276579747775535,1.0,-0.0,0,0
447,0.0,0.011881188118811883,0.047276579747775535,1.0,-0.0,0,0
448,0.0,0.033663366336633666,0.07994704648786674,1.0,-0.0,0,0
449,0.0,0.0297029702970297,0.07112192077650681,1.0,-0.0,0,0
450,0.0,0.0297029702970297,0.07112192077650681,1.0,-0.0,0,0
451,0.0,0.0297029702970297,0.07112192077650681,1.0,-0.0,0,0
452,0.0,0.0297029702970297,0.07112192077650681,1.0,-0.0,0,0
453,0.0,0.007920792079207921,0.03900537743285587,1.0,-0.0,0,0
454,0.0,0.0,0.0,1.0,-0.0,0,0
455,0.0,0.0,0.0,1.0,-0.0,0,0
456,0.0,0.0,0.0,1.0,-0.0,0,0
457,0.0,0.0,0.0,1.0,-0.0,0,0
458,0.0,0.0,0.0,1.0,-0.0,0,0
459,0.0,0.0,0.0,1.0,-0.0,0,0
460,0.0,0.0,0.0,1.0,-0.0,0,0
461,0.0,0.0,0.0,1.0,-0.0,0,0
462,0.0,0.0,0.0,1.0,-0.0,0,0
463,0.0,0.0019801980198019802,0.019801980198019802,1.0,-0.0,0,0
464,0.0,0.09504950495049505,0.14238160801780242,1.0,-0.0,0,0
465,0.0,0.09504950495049505,0.14238160801780242,1.0,-0.0,0,0
466,0.0,0.09504950495049505,0.14238160801780242,1.0,-0.0,0,0
467,0.0,0.09504950495049505,0.14238160801780242,1.0,-0.0,0,0
468,0.0,0.09306930693069305,0.13661931335176508,1.0,-0.0,0,0
469,0.0,0.0,0.0,1.0,-0.0,0,0
470,0.0,0.0,0.0,1.0,-0.0,0,0
471,0.0,0.0,0.0,1.0,-0.0,0,0
472,0.0,0.021782178217821784,0.06836703565002801,1.0,-0.0,0,0
473,0.0,0.023762376237623766,0.07056843438101175,1.0,-0.0,0,0
474,0.0,0.031683168316831684,0.08316831683168317,1.0,-0.0,0,0
475,0.0,0.03564356435643565,0.08626938974571076,1.0,-0.0,0,0
476,0.0,0.03564356435643565,0.08626938974571076,1.0,-0.0,0,0
477,0.0,0.01386138613861386,0.05079507064705211,1.0,-0.0,0,0
478,0.0,0.027722772277227727,0.07461957893630407,1.0,-0.0,0,0
479,0.0,0.019801980198019802,0.06603299802191315,1.0,-0.0,0,0
480,0.0,0.015841584158415842,0.06090517425437506,1.0,-0.0,0,0
481,0.0,0.015841584158415842,0.06090517425437506,1.0,-0.0,0,0
482,0.0,0.019801980198019802,0.06603299802191315,1.0,-0.0,0,0
483,0.0,0.017821782178217824,0.05698017651460656,1.0,-0.0,0,0
484,0.0,0.017821782178217824,0.05698017651460656,1.0,-0.0,0,0
485,0.0,0.017821782178217824,0.05698017651460656,1.0,-0.0,0,0
486,0.0,0.12871287128712872,0.16788529421169618,1.0,-0.0,0,0
487,0.0,0.12475247524752475,0.16374693140141006,1.0,-0.0,0,0
488,0.0,0.11089108910891088,0.14481192315867106,1.0,-0.0,0,0
489,0.0,0.11089108910891088,0.14481192315867106,1.0,-0.0,0,0
490,0.0,0.11089108910891088,0.14481192315867106,1.0,-0.0,0,0
491,0.0,0.0,0.0,1.0,-0.0,0,0
492,0.0,0.0019801980198019802,0.019801980198019802,1.0,-0.0,0,0
493,0.0,0.0019801980198019802,0.019801980198019802,1.0,-0.0,0,0
494,0.0,0.0019801980198019802,0.019801980198019802,1.0,-0.0,0,0
495,0.0,0.0019801980198019802,0.019801980198019802,1.0,-0.0,0,0
496,0.0,0.0019801980198019802,0.019801980198019802,1.0,-0.0,0,0
497,0.0,0.0,0.0,1.0,-0.0,0,0
498,0.0,0.0,0.0,1.0,-0.0,0,0
499,0.0,0.0,0.0,1.0,-0.0,0,0
500,0.0,0.011881188118811883,0.05501958015623685,1.0,-0.0,0,0
501,0.0,0.011881188118811883,0.05501958015623685,1.0,-0.0,0,0
502,0.0,0.039603960396039604,0.0890869059738772,1.0,-0.0,0,0
503,0.0,0.039603960396039604,0.0890869059738772,1.0,-0.0,0,0
504,0.0,0.039603960396039604,0.0890869059738772,1.0,-0.0,0,0
505,0.0,0.027722772277227727,0.06910862719451544,1.0,-0.0,0,0
506,0.0,0.027722772277227727,0.06910862719451544,1.0,-0.0,0,0
507,0.0,0.0,0.0,1.0,-0.0,0,0
508,0.0,0.0,0.0,1.0,-0.0,0,0
509,0.0,0.0,0.0,1.0,-0.0,0,0
510,0.0,0.0019801980198019802,0.0198019801980198,1.0,-0.0,0,0
511,0.0,0.009900990099009901,0.04338396495090424,1.0,-0.0,0,0
512,0.0,0.011881188118811881,0.047276579747775535,1.0,-0.0,0,0
513,0.0,0.011881188118811881,0.047276579747775535,1.0,-0.0,0,0
514,0.0,0.011881188118811881,0.047276579747775535,1.0,-0.0,0,0
515,0.0,0.011881188118811881,0.047276579747775535,1.0,-0.0,0,0
516,0.0,0.0039603960396039604,0.02786385599895107,1.0,-0.0,0,0
517,0.0,0.015841584158415842,0.054012600780142014,1.0,-0.0,0,0
518,0.0,0.019801980198019802,0.0597350618970232,1.0,-0.0,0,0
519,0.0,0.025742574257425748,0.0669763743575753,1.0,-0.0,0,0
520,0.0,0.023762376237623766,0.06471340450838889,1.0,-0.0,0,0
521,0.0,0.023762376237623766,0.06471340450838889,1.0,-0.0,0,0
522,0.0,0.009900990099009901,0.04338396495090424,1.0,-0.0,0,0
523,0.0,0.0059405940594059415,0.033953323167291584,1.0,-0.0,0,0
524,0.0,0.0,0.0,1.0,-0.0,0,0
525,0.0,0.0,0.0,1.0,-0.0,0,0
526,0.0,0.0,0.0,1.0,-0.0,0,0
527,0.0,0.0039603960396039604,0.027863855998951064,1.0,-0.0,0,0
528,0.0,0.0039603960396039604,0.027863855998951064,1.0,-0.0,0,0
529,0.0,0.0039603960396039604,0.027863855998951064,1.0,-0.0,0,0
530,0.0,0.0039603960396039604,0.027863855998951064,1.0,-0.0,0,0
531,0.0,0.0039603960396039604,0.027863855998951064,1.0,-0.0,0,0
532,0.0,0.0,0.0,1.0,-0.0,0,0
533,0.0,0.0,0.0,1.0,-0.0,0,0
534,0.0,0.007920792079207921,0.03900537743285587,1.0,-0.0,0,0
535,0.0,0.007920792079207921,0.03900537743285587,1.0,-0.0,0,0
536,0.0,0.007920792079207921,0.03900537743285587,1.0,-0.0,0,0
537,0.0,0.015841584158415842,0.05401260078014202,1.0,-0.0,0,0
538,0.0,0.031683168316831684,0.08316831683168317,1.0,-0.0,0,0
539,0.0,0.10099009900990098,0.13679141417164786,1.0,-0.0,0,0
540,0.0,0.12475247524752472,0.1511709677939985,1.0,-0.0,0,0
541,0.0,0.12475247524752472,0.1511709677939985,1.0,-0.0,0,0
542,0.0,0.12475247524752472,0.1511709677939985,1.0,-0.0,0,0
543,0.0,0.11683168316831682,0.14146987009498416,1.0,-0.0,0,0
544,0.0,0.039603960396039604,0.07970143286137865,1.0,-0.0,0,0
545,0.0,0.017821782178217824,0.05698017651460656,1.0,-0.0,0,0
546,0.0,0.017821782178217824,0.05698017651460656,1.0,-0.0,0,0
547,0.0,0.009900990099009901,0.04338396495090424,1.0,-0.0,0,0
548,0.0,0.0019801980198019802,0.019801980198019802,1.0,-0.0,0,0
549,0.0,0.0019801980198019802,0.019801980198019802,1.0,-0.0,0,0
550,0.0,0.0,0.0,1.0,-0.0,0,0
551,0.0,0.009900990099009901,0.04338396495090424,1.0,-0.0,0,0
552,0.0,0.009900990099009901,0.04338396495090424,1.0,-0.0,0,0
553,0.0,0.009900990099009901,0.04338396495090424,1.0,-0.0,0,0
554,0.0,0.009900990099009901,0.04338396495090424,1.0,-0.0,0,0
555,0.0,0.009900990099009901,0.04338396495090424,1.0,-0.0,0,0
556,0.0,0.0,0.0,1.0,-0.0,0,0
557,0.0,0.0019801980198019802,0.019801980198019802,1.0,-0.0,0,0
558,0.0,0.0019801980198019802,0.019801980198019802,1.0,-0.0,0,0
559,0.0,0.007920792079207921,0.03900537743285587,1.0,-0.0,0,0
560,0.0,0.007920792079207921,0.03900537743285587,1.0,-0.0,0,0
561,0.0,0.007920792079207921,0.03900537743285587,1.0,-0.0,0,0
562,0.0,0.015841584158415842,0.05401260078014202,1.0,-0.0,0,0
563,0.0,0.015841584158415842,0.05401260078014202,1.0,-0.0,0,0
564,0.0,0.009900990099009901,0.04338396495090424,1.0,-0.0,0,0
565,0.0,0.009900990099009901,0.04338396495090424,1.0,-0.0,0,0
566,0.0,0.009900990099009901,0.04338396495090424,1.0,-0.0,0,0
567,0.0,0.0039603960396039604,0.027863855998951064,1.0,-0.0,0,0
568,0.0,0.009900990099009901,0.04338396495090424,1.0,-0.0,0,0
569,0.0,0.009900990099009901,0.04338396495090424,1.0,-0.0,0,0
570,0.0,0.009900990099009901,0.04338396495090424,1.0,-0.0,0,0
571,0.0,0.015841584158415842,0.054012600780142014,1.0,-0.0,0,0
572,0.0,0.011881188118811883,0.047276579747775535,1.0,-0.0,0,0
573,0.0,0.0059405940594059415,0.03395332316729157,1.0,-0.0,0,0
574,0.0,0.0059405940594059415,0.03395332316729157,1.0,-0.0,0,0
575,0.0,0.025742574257425748,0.0669763743575753,1.0,-0.0,0,0
576,0.0,0.019801980198019806,0.05973506189702319,1.0,-0.0,0,0
577,0.0,0.019801980198019806,0.05973506189702319,1.0,-0.0,0,0
578,0.0,0.019801980198019806,0.05973506189702319,1.0,-0.0,0,0
579,0.0,0.019801980198019806,0.05973506189702319,1.0,-0.0,0,0
580,0.0,0.0,0.0,1.0,-0.0,0,0
581,0.0,0.0,0.0,1.0,-0.0,0,0
582,0.0,0.0,0.0,1.0,-0.0,0,0
583,0.0,0.09504950495049506,0.13078304733432375,1.0,-0.0,0,0
584,0.0,0.1861386138613861,0.16472581657889443,1.0,-0.0,0,0
585,0.0,0.19207920792079206,0.1639144719728703,1.0,-0.0,0,0
586,0.0,0.19207920792079206,0.1639144719728703,1.0,-0.0,0,0
587,0.0,0.19405940594059404,0.1652012167494195,1.0,-0.0,0,0
588,0.0,0.09702970297029702,0.13084299831035082,1.0,-0.0,0,0
589,0.0,0.007920792079207921,0.03900537743285587,1.0,-0.0,0,0
590,0.0,0.0019801980198019802,0.0198019801980198,1.0,-0.0,0,0
591,0.0,0.0019801980198019802,0.0198019801980198,1.0,-0.0,0,0
592,0.0,0.0019801980198019802,0.0198019801980198,1.0,-0.0,0,0
593,0.0,0.015841584158415842,0.05401260078014202,1.0,-0.0,0,0
594,0.0,0.015841584158415842,0.05401260078014202,1.0,-0.0,0,0
595,0.0,0.015841584158415842,0.05401260078014202,1.0,-0.0,0,0
596,0.0,0.0712871287128713,0.11461224656227945,1.0,-0.0,0,0
597,0.0,0.06930693069306931,0.11409790329416189,1.0,-0.0,0,0
598,0.0,0.05544554455445545,0.09797478714338996,1.0,-0.0,0,0
599,0.0,0.05544554455445545,0.09797478714338996,1.0,-0.0,0,0
600,0.0,0.1564356435643564,0.18584345673901095,1.0,-0.0,0,0
601,0.0,0.09900990099009901,0.15057319492752777,1.0,-0.0,0,0
602,0.0,0.10099009900990098,0.15057319492752777,1.0,-0.0,0,0
603,0.0,0.10099009900990098,0.15057319492752777,1.0,-0.0,0,0
604,0.0,0.10693069306930691,0.15302716108009237,1.0,-0.0,0,0
605,0.0,0.007920792079207921,0.03900537743285587,1.0,-0.0,0,0
606,0.0,0.007920792079207921,0.03900537743285587,1.0,-0.0,0,0
607,0.0,0.0059405940594059415,0.033953323167291584,1.0,-0.0,0,0
608,0.0,0.0059405940594059415,0.033953323167291584,1.0,-0.0,0,0
609,0.0,0.0,0.0,1.0,-0.0,0,0
610,0.0,0.0,0.0,1.0,-0.0,0,0
611,0.0,0.12871287128712872,0.1630990913423683,1.0,-0.0,0,0
612,0.0,0.12871287128712872,0.1630990913423683,1.0,-0.0,0,0
613,0.0,0.19207920792079206,0.19482572477225893,1.0,-0.0,0,0
614,0.0,0.20594059405940596,0.20768492042973297,1.0,-0.0,0,0
615,0.0,0.21188118811881188,0.2121493629977959,1.0,-0.0,0,0
616,0.0,0.08118811881188118,0.11664694237642095,1.0,-0.0,0,0
617,0.0,0.08118811881188118,0.11664694237642095,1.0,-0.0,0,0
618,0.0,0.019801980198019802,0.059735061897023205,1.0,-0.0,0,0
619,0.0,0.0059405940594059415,0.033953323167291584,1.0,-0.0,0,0
620,0.0,0.0,0.0,1.0,-0.0,0,0
621,0.0,0.015841584158415842,0.05401260078014202,1.0,-0.0,0,0
622,0.0,0.015841584158415842,0.05401260078014202,1.0,-0.0,0,0
623,0.0,0.015841584158415842,0.05401260078014202,1.0,-0.0,0,0
624,0.0,0.027722772277227727,0.06910862719451544,1.0,-0.0,0,0
625,0.0,0.027722772277227727,0.06910862719451544,1.0,-0.0,0,0
626,0.0,0.011881188118811881,0.04727657974777554,1.0,-0.0,0,0
627,0.0,0.011881188118811881,0.04727657974777554,1.0,-0.0,0,0
628,0.0,0.16435643564356434,0.1896239939782038,1.0,-0.0,0,0
629,0.0,0.21386138613861383,0.2148126989674553,1.0,-0.0,0,0
630,0.0,0.21386138613861383,0.2148126989674553,1.0,-0.0,0,0
631,0.0,0.21386138613861383,0.2148126989674553,1.0,-0.0,0,0
632,0.0,0.21386138613861383,0.2148126989674553,1.0,-0.0,0,0
633,0.0,0.061386138613861385,0.11854756076907538,1.0,-0.0,0,0
634,0.0,0.0,0.0,1.0,-0.0,0,0
635,0.0,0.0,0.0,1.0,-0.0,0,0
636,0.0,0.0,0.0,1.0,-0.0,0,0
637,0.0,0.0,0.0,1.0,-0.0,0,0
638,0.0,0.021782178217821784,0.06836703565002801,1.0,-0.0,0,0
639,0.0,0.025742574257425745,0.07791016068477624,1.0,-0.0,0,0
640,0.0,0.02970297029702971,0.08150144802873932,1.0,-0.0,0,0
641,0.0,0.02970297029702971,0.08150144802873932,1.0,-0.0,0,0
642,0.0,0.02970297029702971,0.08150144802873932,1.0,-0.0,0,0
643,0.0,0.0297029702970297,0.07112192077650681,1.0,-0.0,0,0
644,0.0,0.025742574257425748,0.06697637435757531,1.0,-0.0,0,0
645,0.0,0.027722772277227727,0.07461957893630407,1.0,-0.0,0,0
646,0.0,0.02970297029702971,0.07648795214189294,1.0,-0.0,0,0
647,0.0,0.02970297029702971,0.07648795214189294,1.0,-0.0,0,0
648,0.0,0.007920792079207921,0.03900537743285587,1.0,-0.0,0,0
649,0.0,0.007920792079207921,0.03900537743285587,1.0,-0.0,0,0
650,0.0,0.021782178217821784,0.06836703565002801,1.0,-0.0,0,0
651,0.0,0.019801980198019802,0.06603299802191315,1.0,-0.0,0,0
652,0.0,0.12079207920792079,0.15435386352400063,1.0,-0.0,0,0
653,0.0,0.12079207920792079,0.15435386352400063,1.0,-0.0,0,0
654,0.0,0.1465346534653465,0.15893479355105836,1.0,-0.0,0,0
655,0.0,0.12574257425742572,0.13976887948531722,1.0,-0.0,0,0
656,0.0,0.13465346534653463,0.13818888176132993,1.0,-0.0,0,0
657,0.0,0.03168316831683169,0.0730260947112308,1.0,-0.0,0,0
658,0.0,0.03168316831683169,0.0730260947112308,1.0,-0.0,0,0
659,0.0,0.007920792079207921,0.03900537743285587,1.0,-0.0,0,0
660,0.0,0.07326732673267328,0.11848138852793338,1.0,-0.0,0,0
661,0.0,0.06534653465346535,0.11641139371642828,1.0,-0.0,0,0
662,0.0,0.06534653465346535,0.11641139371642828,1.0,-0.0,0,0
663,0.0,0.0891089108910891,0.13042276277287215,1.0,-0.0,0,0
664,0.0,0.0891089108910891,0.13042276277287215,1.0,-0.0,0,0
665,0.0,0.025742574257425745,0.07791016068477624,1.0,-0.0,0,0
666,0.0,0.025742574257425745,0.07791016068477624,1.0,-0.0,0,0
667,0.0,0.025742574257425745,0.07791016068477624,1.0,-0.0,0,0
668,0.0,0.033663366336633666,0.07994704648786674,1.0,-0.0,0,0
669,0.0,0.033663366336633666,0.07994704648786674,1.0,-0.0,0,0
670,0.0,0.07326732673267328,0.12811743461086583,1.0,-0.0,0,0
671,0.0,0.07326732673267328,0.12811743461086583,1.0,-0.0,0,0
672,0.0,0.07326732673267328,0.12811743461086583,1.0,-0.0,0,0
673,0.0,0.041584158415841586,0.09039772047931348,1.0,-0.0,0,0
674,0.0,0.041584158415841586,0.09039772047931348,1.0,-0.0,0,0
675,0.0,0.015841584158415842,0.05401260078014202,1.0,-0.0,0,0
676,0.0,0.015841584158415842,0.05401260078014202,1.0,-0.0,0,0
677,0.0,0.041584158415841586,0.09039772047931349,1.0,-0.0,0,0
678,0.0,0.04752475247524753,0.09809478080396702,1.0,-0.0,0,0
679,0.0,0.04950495049504951,0.09912864166957489,1.0,-0.0,0,0
680,0.0,0.0891089108910891,0.13636075485692528,1.0,-0.0,0,0
681,0.0,0.0891089108910891,0.13636075485692528,1.0,-0.0,0,0
682,0.0,0.06336633663366337,0.1158034971660471,1.0,-0.0,0,0
683,0.0,0.057425742574257435,0.10656335878870264,1.0,-0.0,0,0
684,0.0,0.05544554455445545,0.10575073206193021,1.0,-0.0,0,0
685,0.0,0.021782178217821784,0.06230547612891991,1.0,-0.0,0,0
686,0.0,0.023762376237623766,0.06471340450838889,1.0,-0.0,0,0
687,0.0,0.023762376237623766,0.06471340450838889,1.0,-0.0,0,0
688,0.0,0.027722772277227727,0.06910862719451544,1.0,-0.0,0,0
689,0.0,0.027722772277227727,0.06910862719451544,1.0,-0.0,0,0
690,0.0,0.0059405940594059415,0.03395332316729158,1.0,-0.0,0,0
691,0.0,0.007920792079207921,0.03900537743285587,1.0,-0.0,0,0
692,0.0,0.01386138613861386,0.05079507064705211,1.0,-0.0,0,0
693,0.0,0.009900990099009901,0.04338396495090425,1.0,-0.0,0,0
694,0.0,0.009900990099009901,0.04338396495090425,1.0,-0.0,0,0
695,0.0,0.009900990099009901,0.04338396495090425,1.0,-0.0,0,0
696,0.0,0.0059405940594059415,0.033953323167291584,1.0,-0.0,0,0
697,0.0,0.0,0.0,1.0,-0.0,0,0
698,0.0,0.0,0.0,1.0,-0.0,0,0
699,0.0,0.0,0.0,1.0,-0.0,0,0
700,0.0,0.0,0.0,1.0,-0.0,0,0
701,0.0,0.0,0.0,1.0,-0.0,0,0
702,0.0,0.0039603960396039604,0.027863855998951068,1.0,-0.0,0,0
703,0.0,0.0039603960396039604,0.027863855998951068,1.0,-0.0,0,0
704,0.0,0.0039603960396039604,0.027863855998951068,1.0,-0.0,0,0
705,0.0,0.0039603960396039604,0.027863855998951068,1.0,-0.0,0,0
706,0.0,0.0059405940594059415,0.03395332316729158,1.0,-0.0,0,0
707,0.0,0.015841584158415842,0.05401260078014202,1.0,-0.0,0,0
708,0.0,0.015841584158415842,0.05401260078014202,1.0,-0.0,0,0
709,0.0,0.015841584158415842,0.05401260078014202,1.0,-0.0,0,0
710,0.0,0.015841584158415842,0.05401260078014202,1.0,-0.0,0,0
711,0.0,0.05346534653465347,0.09704990696905226,1.0,-0.0,0,0
712,0.0,0.041584158415841586,0.08590499787518362,1.0,-0.0,0,0
713,0.0,0.041584158415841586,0.08590499787518362,1.0,-0.0,0,0
714,0.0,0.041584158415841586,0.08590499787518362,1.0,-0.0,0,0
715,0.0,0.041584158415841586,0.08590499787518362,1.0,-0.0,0,0
716,0.0,0.0019801980198019802,0.019801980198019802,1.0,-0.0,0,0
717,0.0,0.0910891089108911,0.1335716590419014,1.0,-0.0,0,0
718,0.0,0.0910891089108911,0.1335716590419014,1.0,-0.0,0,0
719,0.0,0.0910891089108911,0.1335716590419014,1.0,-0.0,0,0
720,0.0,0.0910891089108911,0.1335716590419014,1.0,-0.0,0,0
721,0.0,0.0910891089108911,0.1335716590419014,1.0,-0.0,0,0
722,0.0,0.0,0.0,1.0,-0.0,0,0
723,0.0,0.0,0.0,1.0,-0.0,0,0
724,0.0,0.0,0.0,1.0,-0.0,0,0
725,0.0,0.011881188118811883,0.047276579747775535,1.0,-0.0,0,0
726,0.0,0.0594059405940594,0.10733330877518932,1.0,-0.0,0,0
727,0.0,0.09702970297029702,0.13084299831035082,1.0,-0.0,0,0
728,0.0,0.09702970297029702,0.13084299831035082,1.0,-0.0,0,0
729,0.0,0.1089108910891089,0.13937555924568534,1.0,-0.0,0,0
730,0.0,0.11683168316831682,0.14696218071508493,1.0,-0.0,0,0
731,0.0,0.06930693069306931,0.12407485305204391,1.0,-0.0,0,0
732,0.0,0.031683168316831684,0.0730260947112308,1.0,-0.0,0,0
733,0.2,0.07326732673267328,0.11159606181073561,0.12805415268855674,0.8926063331621106,0,0
734,0.2,0.0613861386138614,0.10433219700847123,0.09199298471617674,1.0362452902111776,0,0
735,0.2,0.041584158415841586,0.08590499787518362,0.03258561123651815,1.4869741281544258,0,0
736,0.2,0.041584158415841586,0.08590499787518362,0.03258561123651815,1.4869741281544258,0,0
737,0.2,0.041584158415841586,0.08590499787518362,0.03258561123651815,1.4869741281544258,0,0
738,0.0,0.0,0.0,1.0,-0.0,0,0
739,0.0,0.0,0.0,1.0,-0.0,0,0
740,0.0,0.0,0.0,1.0,-0.0,0,0
741,0.0,0.06732673267326733,0.11000352009767247,1.0,-0.0,0,0
742,0.0,0.07524752475247526,0.11553229422427584,1.0,-0.0,0,0
743,0.0,0.07524752475247526,0.11553229422427584,1.0,-0.0,0,0
744,0.0,0.07524752475247526,0.11553229422427584,1.0,-0.0,0,0
745,0.0,0.07524752475247526,0.11553229422427584,1.0,-0.0,0,0
746,0.0,0.04554455445544555,0.11900973624805325,1.0,-0.0,0,0
747,0.0,0.04158415841584159,0.10648973987919805,1.0,-0.0,0,0
748,0.2,0.10099009900990098,0.14521752172118102,0.2476814172531363,0.6061065759218802,0,0
749,0.2,0.10099009900990098,0.14521752172118102,0.2476814172531363,0.6061065759218802,0,0
750,0.2,0.15247524752475247,0.1644637607354148,0.3863029596859729,0.4130719644662017,0,0
751,0.2,0.12376237623762376,0.13726357881681875,0.289306978996085,0.5386410896740678,0,0
752,0.2,0.13267326732673265,0.13578441772620808,0.31000524321749034,0.5086309607426089,0,0
753,0.0,0.0712871287128713,0.10372911567294095,1.0,-0.0,0,0
754,0.0,0.1267326732673267,0.139937106883602,1.0,-0.0,0,0
755,0.0,0.13465346534653466,0.15697363312955576,1.0,-0.0,0,0
756,0.0,0.12277227722772277,0.15148191286261609,1.0,-0.0,0,0
757,0.0,0.1207920792079208,0.15689867556071532,1.0,-0.0,0,0
758,0.0,0.1603960396039604,0.17804171717219025,1.0,-0.0,0,0
759,0.0,0.15049504950495046,0.1744148703671667,1.0,-0.0,0,0
760,0.0,0.13465346534653463,0.16911864928947465,1.0,-0.0,0,0
761,0.0,0.13465346534653463,0.16911864928947465,1.0,-0.0,0,0
762,0.0,0.12475247524752472,0.16374693140141006,1.0,-0.0,0,0
763,0.0,0.2613861386138614,0.22819580658832372,1.0,-0.0,0,0
764,0.0,0.21980198019801983,0.198019801980198,1.0,-0.0,0,0
765,0.0,0.18019801980198022,0.18985132378941597,1.0,-0.0,0,0
766,0.0,0.18415841584158418,0.19229343978313213,1.0,-0.0,0,0
767,0.0,0.2693069306930693,0.2293954923972211,1.0,-0.0,0,0
768,0.0,0.09702970297029702,0.13383560593042218,1.0,-0.0,0,0
769,0.0,0.1603960396039604,0.17580322478754876,1.0,-0.0,0,0
770,0.0,0.15643564356435644,0.17486393102381254,1.0,-0.0,0,0
771,0.0,0.15247524752475247,0.17382935720677029,1.0,-0.0,0,0
772,0.0,0.06534653465346535,0.12302752132284413,1.0,-0.0,0,0
773,0.0,0.06336633663366337,0.1158034971660471,1.0,-0.0,0,0
774,0.0,0.0,0.0,1.0,-0.0,0,0
775,0.0,0.07326732673267328,0.10798889666879984,1.0,-0.0,0,0
776,0.0,0.08316831683168316,0.12028786177019754,1.0,-0.0,0,0
777,0.0,0.13564356435643563,0.1686194135234681,1.0,-0.0,0,0
778,0.0,0.30891089108910885,0.22954928282989867,1.0,-0.0,0,0
779,0.0,0.3623762376237625,0.24969346956274244,1.0,-0.0,0,0
780,0.0,0.2871287128712871,0.2095083194248961,1.0,-0.0,0,0
781,0.0,0.2792079207920792,0.20696621988837896,1.0,-0.0,0,0
782,0.0,0.22772277227722773,0.21253715429700973,1.0,-0.0,0,0
783,0.0,0.05346534653465348,0.09704990696905226,1.0,-0.0,0,0
784,0.0,0.03762376237623763,0.08307396817189318,1.0,-0.0,0,0
785,0.0,0.1762376237623762,0.18301572450512466,1.0,-0.0,0,0
786,0.0,0.17425742574257425,0.18166090995928266,1.0,-0.0,0,0
787,0.0,0.19801980198019797,0.18773279832857556,1.0,-0.0,0,0
788,0.0,0.299009900990099,0.22093189197594218,1.0,-0.0,0,0
789,0.0,0.2673267326732673,0.1975638314651393,1.0,-0.0,0,0
790,0.0,0.12970297029702968,0.14728201173692712,1.0,-0.0,0,0
791,0.0,0.1386138613861386,0.14823736453237937,1.0,-0.0,0,0
792,0.0,0.11287128712871287,0.1390657415135005,1.0,-0.0,0,0
793,0.0,0.041584158415841586,0.08116396646304633,1.0,-0.0,0,0
794,0.0,0.03762376237623763,0.07816140339006158,1.0,-0.0,0,0
795,0.0,0.03762376237623763,0.07816140339006158,1.0,-0.0,0,0
796,0.0,0.0297029702970297,0.07112192077650681,1.0,-0.0,0,0
797,0.0,0.04752475247524753,0.08965727859541997,1.0,-0.0,0,0
798,0.0,0.017821782178217824,0.056980176514606566,1.0,-0.0,0,0
799,0.0,0.017821782178217824,0.056980176514606566,1.0,-0.0,0,0
800,0.0,0.017821782178217824,0.056980176514606566,1.0,-0.0,0,0
801,0.0,0.017821782178217824,0.056980176514606566,1.0,-0.0,0,0
802,0.0,0.0,0.0,1.0,-0.0,0,0
803,0.0,0.0,0.0,1.0,-0.0,0,0
804,0.0,0.05346534653465347,0.09704990696905226,1.0,-0.0,0,0
805,0.0,0.05346534653465347,0.09704990696905226,1.0,-0.0,0,0
806,0.0,0.05346534653465347,0.09704990696905226,1.0,-0.0,0,0
807,0.0,0.05346534653465347,0.09704990696905226,1.0,-0.0,0,0
808,0.0,0.05346534653465347,0.09704990696905226,1.0,-0.0,0,0
809,0.0,0.0,0.0,1.0,-0.0,0,0
810,0.0,0.0,0.0,1.0,-0.0,0,0
811,0.0,0.0,0.0,1.0,-0.0,0,0
812,0.0,0.0,0.0,1.0,-0.0,0,0
813,0.0,0.013861386138613863,0.05079507064705212,1.0,-0.0,0,0
814,0.0,0.015841584158415842,0.054012600780142014,1.0,-0.0,0,0
815,0.0,0.015841584158415842,0.054012600780142014,1.0,-0.0,0,0
816,0.0,0.015841584158415842,0.054012600780142014,1.0,-0.0,0,0
817,0.0,0.015841584158415842,0.054012600780142014,1.0,-0.0,0,0
818,0.0,0.06930693069306931,0.10316052497133553,1.0,-0.0,0,0
819,0.0,0.06732673267326733,0.10255055347504201,1.0,-0.0,0,0
820,0.0,0.09504950495049502,0.13078304733432372,1.0,-0.0,0,0
821,0.0,0.10099009900990098,0.1338649012368758,1.0,-0.0,0,0
822,0.0,0.10099009900990098,0.1338649012368758,1.0,-0.0,0,0
823,0.0,0.033663366336633666,0.07994704648786674,1.0,-0.0,0,0
824,0.0,0.039603960396039604,0.08908690597387718,1.0,-0.0,0,0
825,0.0,0.021782178217821784,0.06230547612891991,1.0,-0.0,0,0
826,0.0,0.015841584158415842,0.05401260078014202,1.0,-0.0,0,0
827,0.0,0.015841584158415842,0.05401260078014202,1.0,-0.0,0,0
828,0.0,0.015841584158415842,0.05401260078014202,1.0,-0.0,0,0
829,0.0,0.011881188118811883,0.047276579747775535,1.0,-0.0,0,0
830,0.0,0.013861386138613863,0.05079507064705211,1.0,-0.0,0,0
831,0.0,0.13366336633663364,0.1568736817452543,1.0,-0.0,0,0
832,0.0,0.13366336633663364,0.1568736817452543,1.0,-0.0,0,0
833,0.0,0.13366336633663364,0.1568736817452543,1.0,-0.0,0,0
834,0.0,0.13663366336633662,0.1565233492702535,1.0,-0.0,0,0
835,0.0,0.12277227722772276,0.14884451859775158,1.0,-0.0,0,0
836,0.0,0.04356435643564357,0.09164702150816742,1.0,-0.0,0,0
837,0.0,0.04356435643564357,0.09164702150816742,1.0,-0.0,0,0
838,0.0,0.0594059405940594,0.10357779667819421,1.0,-0.0,0,0
839,0.0,0.05544554455445544,0.09797478714338995,1.0,-0.0,0,0
840,0.0,0.05544554455445544,0.09797478714338995,1.0,-0.0,0,0
841,0.0,0.015841584158415842,0.05401260078014202,1.0,-0.0,0,0
842,0.0,0.04554455445544555,0.09283729243351323,1.0,-0.0,0,0
843,0.0,0.0297029702970297,0.07648795214189293,1.0,-0.0,0,0
844,0.0,0.03564356435643565,0.08626938974571076,1.0,-0.0,0,0
845,0.0,0.03564356435643565,0.08626938974571076,1.0,-0.0,0,0
846,0.0,0.03564356435643565,0.08626938974571076,1.0,-0.0,0,0
847,0.0,0.0059405940594059415,0.03395332316729158,1.0,-0.0,0,0
848,0.0,0.009900990099009901,0.04338396495090424,1.0,-0.0,0,0
849,0.0,0.0039603960396039604,0.027863855998951064,1.0,-0.0,0,0
850,0.0,0.0039603960396039604,0.027863855998951064,1.0,-0.0,0,0
851,0.0,0.0059405940594059415,0.03395332316729158,1.0,-0.0,0,0
852,0.0,0.0059405940594059415,0.03395332316729158,1.0,-0.0,0,0
853,0.0,0.0019801980198019802,0.019801980198019802,1.0,-0.0,0,0
854,0.0,0.019801980198019802,0.06603299802191316,1.0,-0.0,0,0
855,0.0,0.019801980198019802,0.06603299802191316,1.0,-0.0,0,0
856,0.0,0.017821782178217824,0.05698017651460656,1.0,-0.0,0,0
857,0.0,0.06336633663366337,0.11233152161332939,1.0,-0.0,0,0
858,0.0,0.06336633663366337,0.11233152161332939,1.0,-0.0,0,0
859,0.0,0.051485148514851496,0.10011267057239238,1.0,-0.0,0,0
860,0.0,0.10495049504950493,0.14784005112815915,1.0,-0.0,0,0
861,0.0,0.10495049504950493,0.14784005112815915,1.0,-0.0,0,0
862,0.0,0.14257425742574253,0.16491614109827338,1.0,-0.0,0,0
863,0.0,0.14257425742574253,0.16491614109827338,1.0,-0.0,0,0
864,0.0,0.1564356435643564,0.1771142952475081,1.0,-0.0,0,0
865,0.0,0.10297029702970295,0.1531552280211446,1.0,-0.0,0,0
866,0.0,0.19801980198019803,0.19395834911660806,1.0,-0.0,0,0
867,0.0,0.12376237623762375,0.1401191253095801,1.0,-0.0,0,0
868,0.0,0.12574257425742572,0.14257425742574256,1.0,-0.0,0,0
869,0.0,0.12079207920792079,0.14913402284168503,1.0,-0.0,0,0
870,0.0,0.15445544554455443,0.1732192295336953,1.0,-0.0,0,0
871,0.0,0.08316831683168317,0.12028786177019754,1.0,-0.0,0,0
872,0.0,0.07524752475247526,0.11553229422427584,1.0,-0.0,0,0
873,0.0,0.09306930693069307,0.13069306930693073,1.0,-0.0,0,0
874,0.0,0.07722772277227724,0.1193059036149867,1.0,-0.0,0,0
875,0.0,0.04356435643564357,0.09164702150816742,1.0,-0.0,0,0
876,0.0,0.019801980198019802,0.0597350618970232,1.0,-0.0,0,0
877,0.0,0.021782178217821784,0.06230547612891991,1.0,-0.0,0,0
878,0.0,0.0019801980198019802,0.0198019801980198,1.0,-0.0,0,0
879,0.0,0.0059405940594059415,0.03395332316729157,1.0,-0.0,0,0
880,0.0,0.0059405940594059415,0.03395332316729157,1.0,-0.0,0,0
881,0.0,0.0059405940594059415,0.03395332316729157,1.0,-0.0,0,0
882,0.0,0.0039603960396039604,0.027863855998951068,1.0,-0.0,0,0
883,0.0,0.0039603960396039604,0.027863855998951068,1.0,-0.0,0,0
884,0.0,0.0,0.0,1.0,-0.0,0,0
885,0.0,0.0059405940594059415,0.033953323167291584,1.0,-0.0,0,0
886,0.0,0.0059405940594059415,0.033953323167291584,1.0,-0.0,0,0
887,0.0,0.0059405940594059415,0.033953323167291584,1.0,-0.0,0,0
888,0.0,0.0059405940594059415,0.033953323167291584,1.0,-0.0,0,0
889,0.0,0.0059405940594059415,0.033953323167291584,1.0,-0.0,0,0
890,0.0,0.0059405940594059415,0.03395332316729158,1.0,-0.0,0,0
891,0.0,0.0059405940594059415,0.03395332316729158,1.0,-0.0,0,0
892,0.0,0.0059405940594059415,0.03395332316729158,1.0,-0.0,0,0
893,0.0,0.0059405940594059415,0.03395332316729158,1.0,-0.0,0,0
894,0.0,0.0059405940594059415,0.03395332316729158,1.0,-0.0,0,0
895,0.0,0.0,0.0,1.0,-0.0,0,0
896,0.0,0.0,0.0,1.0,-0.0,0,0
897,0.0,0.0,0.0,1.0,-0.0,0,0
898,0.0,0.0,0.0,1.0,-0.0,0,0
899,0.0,0.0,0.0,1.0,-0.0,0,0
900,0.0,0.0,0.0,1.0,-0.0,0,0
901,0.0,0.0,0.0,1.0,-0.0,0,0
902,0.0,0.0,0.0,1.0,-0.0,0,0
903,0.0,0.017821782178217824,0.056980176514606566,1.0,-0.0,0,0
904,0.0,0.019801980198019802,0.0597350618970232,1.0,-0.0,0,0
905,0.0,0.019801980198019802,0.0597350618970232,1.0,-0.0,0,0
906,0.0,0.021782178217821784,0.06230547612891991,1.0,-0.0,0,0
907,0.0,0.025742574257425738,0.0669763743575753,1.0,-0.0,0,0
908,0.0,0.007920792079207921,0.03900537743285587,1.0,-0.0,0,0
909,0.0,0.009900990099009901,0.04338396495090425,1.0,-0.0,0,0
910,0.0,0.009900990099009901,0.04338396495090425,1.0,-0.0,0,0
911,0.0,0.011881188118811881,0.047276579747775535,1.0,-0.0,0,0
912,0.0,0.05148514851485149,0.09607532254026298,1.0,-0.0,0,0
913,0.0,0.09702970297029702,0.127780323207142,1.0,-0.0,0,0
914,0.0,0.09504950495049505,0.12457948087149173,1.0,-0.0,0,0
915,0.0,0.09504950495049505,0.12457948087149173,1.0,-0.0,0,0
916,0.0,0.09108910891089109,0.1243589581632284,1.0,-0.0,0,0
917,0.0,0.047524752475247525,0.08512548617902845,1.0,-0.0,0,0
918,0.0,0.0059405940594059415,0.03395332316729158,1.0,-0.0,0,0
919,0.0,0.03762376237623763,0.09631989312487374,1.0,-0.0,0,0
920,0.0,0.041584158415841586,0.0987719913927915,1.0,-0.0,0,0
921,0.0,0.041584158415841586,0.0987719913927915,1.0,-0.0,0,0
922,0.0,0.04356435643564357,0.10380469245212799,1.0,-0.0,0,0
923,0.0,0.1900990099009901,0.20943344153850715,1.0,-0.0,0,0
924,0.0,0.16237623762376235,0.1795767770099744,1.0,-0.0,0,0
925,0.0,0.1584158415841584,0.18090385101871284,1.0,-0.0,0,0
926,0.0,0.16435643564356434,0.1875238115128985,1.0,-0.0,0,0
927,0.0,0.16831683168316827,0.18611754673281874,1.0,-0.0,0,0
928,0.0,0.12574257425742574,0.14257425742574256,1.0,-0.0,0,0
929,0.0,0.12871287128712872,0.15564406822280066,1.0,-0.0,0,0
930,0.0,0.13465346534653466,0.1594766462708981,1.0,-0.0,0,0
931,0.4,0.1306930693069307,0.1552657091795062,0.04141552603120519,1.3828368181635877,0,0
932,0.4,0.1306930693069307,0.1577958163416755,0.043940792809908945,1.3571321115060304,0,0
933,0.4,0.023762376237623766,0.07056843438101175,4.8694748720547356e-08,7.31251787091382,0,0
934,0.4,0.047524752475247525,0.10205226714237722,0.0002763020078463148,3.5586159591174855,0,0
935,0.4,0.041584158415841586,0.0987719913927915,0.00014241531098393794,3.846443317452088,0,0
936,0.0,0.03960396039603961,0.09342674148186496,1.0,-0.0,0,0
937,0.0,0.03762376237623763,0.09211646217515253,1.0,-0.0,0,0
938,0.0,0.03762376237623763,0.09211646217515253,1.0,-0.0,0,0
939,0.0,0.011881188118811883,0.047276579747775535,1.0,-0.0,0,0
940,0.0,0.019801980198019802,0.059735061897023205,1.0,-0.0,0,0
941,0.0,0.0297029702970297,0.07648795214189293,1.0,-0.0,0,0
942,0.0,0.025742574257425745,0.07264925278354116,1.0,-0.0,0,0
943,0.0,0.025742574257425745,0.07264925278354116,1.0,-0.0,0,0
944,0.0,0.017821782178217824,0.0635517090529949,1.0,-0.0,0,0
945,0.0,0.009900990099009901,0.04338396495090424,1.0,-0.0,0,0
946,0.0,0.0,0.0,1.0,-0.0,0,0
947,0.0,0.0,0.0,1.0,-0.0,0,0
948,0.0,0.0,0.0,1.0,-0.0,0,0
949,0.0,0.0,0.0,1.0,-0.0,0,0
950,0.0,0.0,0.0,1.0,-0.0,0,0
951,0.0,0.0,0.0,1.0,-0.0,0,0
952,0.0,0.0,0.0,1.0,-0.0,0,0
953,0.0,0.0,0.0,1.0,-0.0,0,0
954,0.0,0.0,0.0,1.0,-0.0,0,0
955,0.0,0.0,0.0,1.0,-0.0,0,0
956,0.0,0.0,0.0,1.0,-0.0,0,0
957,0.0,0.0059405940594059415,0.03395332316729158,1.0,-0.0,0,0
958,0.0,0.009900990099009901,0.04338396495090424,1.0,-0.0,0,0
959,0.0,0.009900990099009901,0.04338396495090424,1.0,-0.0,0,0
960,0.0,0.009900990099009901,0.04338396495090424,1.0,-0.0,0,0
961,0.2,0.011881188118811881,0.047276579747775535,3.4586556520905853e-05,4.461092674713385,0,0
962,0.2,0.0059405940594059415,0.03395332316729158,5.469865928325192e-09,8.262023318511567,0,0
963,0.2,0.0019801980198019802,0.019801980198019802,1.0000007619853025e-17,16.999999669074114,0,0
964,0.2,0.0019801980198019802,0.019801980198019802,1.0000007619853025e-17,16.999999669074114,0,0
965,0.2,0.041584158415841586,0.0987719913927915,0.05437313246532605,1.2646156463395057,0,0
966,0.0,0.039603960396039604,0.09757374253271224,1.0,-0.0,0,0
967,0.0,0.039603960396039604,0.09757374253271224,1.0,-0.0,0,0
968,0.0,0.049504950495049514,0.11399475615543964,1.0,-0.0,0,0
969,0.0,0.05346534653465348,0.11566797518027905,1.0,-0.0,0,0
970,0.2,0.07524752475247526,0.12539516989297084,0.1598986177526046,0.7961552905064926,0,0
971,0.2,0.07524752475247526,0.12539516989297084,0.1598986177526046,0.7961552905064926,0,0
972,0.2,0.08514851485148514,0.14169143619800648,0.20880499211361325,0.6802591224251481,0,0
973,0.2,0.07524752475247526,0.13156027914354926,0.17150024704312544,0.7657352500271064,0,0
974,0.2,0.0712871287128713,0.1307530615383697,0.16246027067982483,0.7892528275102895,0,0
975,0.0,0.017821782178217824,0.056980176514606566,1.0,-0.0,0,0
976,0.0,0.017821782178217824,0.056980176514606566,1.0,-0.0,0,0
977,0.0,0.007920792079207921,0.03900537743285587,1.0,-0.0,0,0
978,0.0,0.007920792079207921,0.03900537743285587,1.0,-0.0,0,0
979,0.0,0.023762376237623763,0.0759735686861421,1.0,-0.0,0,0
980,0.0,0.017821782178217824,0.06950466841498709,1.0,-0.0,0,0
981,0.0,0.017821782178217824,0.06950466841498709,1.0,-0.0,0,0
982,0.0,0.02772277227722772,0.07975061610139514,1.0,-0.0,0,0
983,0.0,0.02772277227722772,0.07975061610139514,1.0,-0.0,0,0
984,0.0,0.011881188118811883,0.047276579747775535,1.0,-0.0,0,0
985,0.0,0.009900990099009901,0.04338396495090424,1.0,-0.0,0,0
986,0.0,0.015841584158415842,0.05401260078014202,1.0,-0.0,0,0
987,0.0,0.0059405940594059415,0.03395332316729158,1.0,-0.0,0,0
988,0.0,0.0059405940594059415,0.03395332316729158,1.0,-0.0,0,0
989,0.0,0.0059405940594059415,0.03395332316729158,1.0,-0.0,0,0
990,0.0,0.0059405940594059415,0.03395332316729158,1.0,-0.0,0,0
991,0.0,0.0,0.0,1.0,-0.0,0,0
992,0.0,0.0,0.0,1.0,-0.0,0,0
993,0.0,0.0,0.0,1.0,-0.0,0,0
994,0.0,0.02772277227722773,0.06910862719451544,1.0,-0.0,0,0
995,0.0,0.02772277227722773,0.06910862719451544,1.0,-0.0,0,0
996,0.0,0.03762376237623763,0.07816140339006158,1.0,-0.0,0,0
997,0.0,0.07524752475247526,0.10474480123119363,1.0,-0.0,0,0
998,0.0,0.07524752475247526,0.10474480123119363,1.0,-0.0,0,0
999,0.0,0.05544554455445545,0.09797478714338997,1.0,-0.0,0,0
1000,0.0,0.05544554455445545,0.09797478714338997,1.0,-0.0,0,0
1001,0.0,0.05346534653465348,0.10104832334394513,1.0,-0.0,0,0
1002,0.0,0.023762376237623763,0.07056843438101174,1.0,-0.0,0,0
1003,0.8,0.1485148514851485,0.15065129981473455,7.645382700219138e-06,5.116600770495804,0,0
1004,0.8,0.14059405940594058,0.14770737583343774,4.0170675798956775e-06,5.396090861987795,0,0
1005,1.4,0.1801980198019802,0.18348647776016433,1.4863994561439738e-11,10.827864462253633,0,0
1006,1.4,0.1861386138613861,0.187230838076401,4.488847503589122e-11,10.347865148324056,0,0
1007,2.2,0.2851485148514851,0.19568925589830413,1.0000065191793028e-17,16.99999716876563,0,0
1008,1.4,0.16633663366336635,0.16666633990099655,6.708692324222365e-14,13.173362125392948,0,0
1009,1.4,0.16633663366336635,0.16666633990099655,6.708692324222365e-14,13.173362125392948,0,0
1010,0.8,0.13762376237623763,0.15849008161397024,1.4620939056763133e-05,4.835024733118691,0,0
1011,2.0,0.2772277227722772,0.23709512153815074,1.8492838219697403e-13,12.732996429643492,0,0
1012,1.2,0.23168316831683164,0.21198294956154667,2.463179369151664e-06,5.60850396160937,0,0
1013,1.2,0.24356435643564353,0.22089639235460343,7.46247996556537e-06,5.127116821806439,0,0
1014,1.2,0.24356435643564353,0.22089639235460343,7.46247996556537e-06,5.127116821806439,0,0
1015,1.2,0.23168316831683164,0.21932872072871898,5.052572471143862e-06,5.296487448501989,0,0
1016,0.0,0.07920792079207921,0.1292145592164392,1.0,-0.0,0,0
1017,0.0,0.017821782178217824,0.0635517090529949,1.0,-0.0,0,0
1018,0.0,0.031683168316831684,0.0730260947112308,1.0,-0.0,0,0
1019,0.0,0.031683168316831684,0.0730260947112308,1.0,-0.0,0,0
1020,0.0,0.031683168316831684,0.0730260947112308,1.0,-0.0,0,0
1021,0.0,0.0297029702970297,0.07112192077650681,1.0,-0.0,0,0
1022,0.0,0.0297029702970297,0.07112192077650681,1.0,-0.0,0,0
1023,0.0,0.0,0.0,1.0,-0.0,0,0
1024,0.0,0.0,0.0,1.0,-0.0,0,0
1025,0.0,0.041584158415841586,0.08116396646304633,1.0,-0.0,0,0
1026,0.0,0.041584158415841586,0.08116396646304633,1.0,-0.0,0,0
1027,0.0,0.041584158415841586,0.08116396646304633,1.0,-0.0,0,0
1028,0.0,0.041584158415841586,0.08116396646304633,1.0,-0.0,0,0
1029,0.0,0.05544554455445545,0.08952597667688963,1.0,-0.0,0,0
1030,0.0,0.013861386138613863,0.05079507064705211,1.0,-0.0,0,0
1031,0.0,0.025742574257425748,0.07264925278354116,1.0,-0.0,0,0
1032,0.0,0.0297029702970297,0.07648795214189293,1.0,-0.0,0,0
1033,0.0,0.06534653465346535,0.11976515267356391,1.0,-0.0,0,0
1034,0.0,0.06336633663366337,0.13476989724493907,1.0,-0.0,0,0
1035,0.0,0.06336633663366337,0.13476989724493907,1.0,-0.0,0,0
1036,0.0,0.08910891089108909,0.13636075485692528,1.0,-0.0,0,0
1037,0.0,0.19207920792079206,0.18651741527630283,1.0,-0.0,0,0
1038,0.0,0.1584158415841584,0.17421241542909127,1.0,-0.0,0,0
1039,0.0,0.1485148514851485,0.1772249571110055,1.0,-0.0,0,0
1040,0.0,0.1504950495049505,0.17667095463917198,1.0,-0.0,0,0
1041,0.2,0.15049504950495046,0.16266576457752752,0.38043618913126476,0.41971817734855865,0,0
1042,0.2,0.04356435643564357,0.09164702150816742,0.043916930442951946,1.3573680223438191,0,0
1043,0.2,0.041584158415841586,0.09039772047931348,0.03984979219979861,1.3995739389282478,0,0
1044,0.2,0.039603960396039604,0.08452453849668534,0.028872622852877186,1.5395137620565469,0,0
1045,0.2,0.08118811881188118,0.11664694237642095,0.1542060090621744,0.8118987024738039,0,0
1046,0.0,0.04356435643564357,0.08721867542790196,1.0,-0.0,0,0
1047,0.2,0.04356435643564357,0.08721867542790196,0.03643831012751651,1.4384417721851057,0,0
1048,0.2,0.0712871287128713,0.11801714396634724,0.13771817209143733,0.8610087502417649,0,0
1049,0.2,0.0712871287128713,0.11801714396634724,0.13771817209143733,0.8610087502417649,0,0
1050,0.2,0.027722772277227727,0.06910862719451544,0.0063361735559086295,2.1981729353735644,0,0
1051,0.2,0.031683168316831684,0.0730260947112308,0.01058647624307391,1.9752485727397298,0,0
1052,0.0,0.07524752475247526,0.10845991237726066,1.0,-0.0,0,0
1053,0.0,0.04752475247524753,0.08512548617902843,1.0,-0.0,0,0
1054,0.0,0.08316831683168316,0.10996786833199856,1.0,-0.0,0,0
1055,0.0,0.08316831683168316,0.10996786833199856,1.0,-0.0,0,0
1056,0.0,0.07920792079207921,0.10928827506175547,1.0,-0.0,0,0
1057,0.0,0.04554455445544555,0.08846854615322249,1.0,-0.0,0,0
1058,0.0,0.04554455445544555,0.08846854615322249,1.0,-0.0,0,0
1059,0.0,0.009900990099009901,0.04338396495090424,1.0,-0.0,0,0
1060,0.0,0.013861386138613863,0.05079507064705211,1.0,-0.0,0,0
1061,0.0,0.019801980198019806,0.05973506189702319,1.0,-0.0,0,0
1062,0.0,0.025742574257425748,0.06697637435757531,1.0,-0.0,0,0
1063,0.0,0.025742574257425748,0.06697637435757531,1.0,-0.0,0,0
1064,0.0,0.025742574257425748,0.06697637435757531,1.0,-0.0,0,0
1065,0.0,0.021782178217821784,0.06230547612891991,1.0,-0.0,0,0
1066,0.0,0.017821782178217824,0.05698017651460656,1.0,-0.0,0,0
1067,0.0,0.0019801980198019802,0.0198019801980198,1.0,-0.0,0,0
1068,0.0,0.0059405940594059415,0.03395332316729158,1.0,-0.0,0,0
1069,0.0,0.0059405940594059415,0.03395332316729158,1.0,-0.0,0,0
1070,0.0,0.0059405940594059415,0.03395332316729158,1.0,-0.0,0,0
1071,0.0,0.0039603960396039604,0.027863855998951064,1.0,-0.0,0,0
1072,0.0,0.0039603960396039604,0.027863855998951064,1.0,-0.0,0,0
1073,0.0,0.015841584158415842,0.06090517425437505,1.0,-0.0,0,0
1074,0.0,0.015841584158415842,0.06090517425437505,1.0,-0.0,0,0
1075,0.0,0.015841584158415842,0.06090517425437505,1.0,-0.0,0,0
1076,0.0,0.023762376237623766,0.07056843438101175,1.0,-0.0,0,0
1077,0.0,0.023762376237623766,0.07056843438101175,1.0,-0.0,0,0
1078,0.0,0.007920792079207921,0.03900537743285587,1.0,-0.0,0,0
1079,0.0,0.05346534653465347,0.09287951999650358,1.0,-0.0,0,0
1080,0.0,0.05544554455445544,0.09797478714338995,1.0,-0.0,0,0
1081,0.0,0.061386138613861385,0.10046456153636296,1.0,-0.0,0,0
1082,0.2,0.15445544554455443,0.16858452795083376,0.39351913338152733,0.4050341468627193,0,0
1083,0.2,0.21782178217821782,0.1972062495766079,1.0,-0.0,0,0
1084,0.2,0.17227722772277226,0.1802741651760957,0.43889114017311737,0.3576431861013988,0,0
1085,0.2,0.17029702970297028,0.18105551605009843,0.43484412412637186,0.3616663939962067,0,0
1086,0.2,0.16831683168316833,0.18397734097959503,0.4316352986206675,0.36488304645130676,0,0
1087,0.0,0.07920792079207921,0.12293186689242579,1.0,-0.0,0,0
1088,0.0,0.015841584158415842,0.06090517425437505,1.0,-0.0,0,0
1089,0.0,0.015841584158415842,0.06090517425437505,1.0,-0.0,0,0
1090,0.0,0.027722772277227727,0.09761392113953458,1.0,-0.0,0,0
1091,0.6,0.14158415841584157,0.16960485628010974,0.0034374274343264683,2.4637664612210948,0,0
1092,0.6,0.1376237623762376,0.1609695163002105,0.0020365386356802056,2.691107346391362,0,0
1093,0.6,0.1801980198019801,0.17689276383467162,0.008817346225881807,2.054662105670491,0,0
1094,0.6,0.18217821782178212,0.18042635951740818,0.010286046098845493,1.9877515336383629,0,0
1095,0.6,0.17029702970297025,0.17662655937408125,0.007490598761263204,2.125483465568997,0,0
1096,0.0,0.04356435643564357,0.08255312311158745,1.0,-0.0,0,0
1097,0.2,0.11089108910891088,0.15536669501729133,0.2831397870226645,0.5479990989489611,0,0
1098,0.6,0.13465346534653466,0.1782398226244054,0.00451668297760434,2.345180391154086,0,0
1099,0.6,0.13267326732673268,0.17638218567638297,0.004030404454172938,2.394651369888226,0,0
1100,0.8,0.15643564356435644,0.18584345673901093,0.0002671558130536404,3.5732353715478817,0,0
1101,0.8,0.15643564356435644,0.18584345673901093,0.0002671558130536404,3.5732353715478817,0,0
1102,0.6,0.08712871287128714,0.1390657415135005,0.00011302193966125334,3.9468372436940165,0,0
1103,0.2,0.021782178217821784,0.06230547612891991,0.002115616449879084,2.6745630648030154,0,0
1104,0.2,0.021782178217821784,0.06230547612891991,0.002115616449879084,2.6745630648030154,0,0
1105,0.0,0.0039603960396039604,0.027863855998951064,1.0,-0.0,0,0
1106,0.4,0.11089108910891088,0.13342479626077636,0.015123892478440452,1.8203364188647775,0,0
1107,0.6,0.1267326732673267,0.13707776871189528,0.00027766120597336885,3.556484794389538,0,0
1108,1.4,0.2356435643564356,0.18539984001180873,1.6901985804195916e-10,9.772062267389899,0,0
1109,1.4,0.2356435643564356,0.18539984001180873,1.6901985804195916e-10,9.772062267389899,0,0
1110,1.6,0.2613861386138614,0.21012504387932376,9.417062005238449e-11,10.026084570023722,0,0
1111,1.2,0.15445544554455443,0.17091758912506996,4.76038409892192e-10,9.322358004146656,0,0
1112,1.0,0.16237623762376235,0.16096951630021047,9.772313635133919e-08,7.010002603116715,0,0
1113,0.2,0.05148514851485149,0.10399339410297728,0.07662893002971194,1.1156072384578781,0,0
1114,0.2,0.05148514851485149,0.10399339410297728,0.07662893002971194,1.1156072384578781,0,0
1115,0.0,0.021782178217821788,0.062305476128919894,1.0,-0.0,0,0
1116,0.0,0.023762376237623766,0.06471340450838889,1.0,-0.0,0,0
1117,0.2,0.09108910891089109,0.16536728392960764,0.2550763355402901,0.5933298307708051,0,0
1118,0.2,0.09108910891089109,0.16536728392960764,0.2550763355402901,0.5933298307708051,0,0
1119,0.2,0.09108910891089109,0.16536728392960764,0.2550763355402901,0.5933298307708051,0,0
1120,0.4,0.20792079207920797,0.2302315529712012,0.20205961792083904,0.6945204725634041,0,0
1121,0.4,0.20594059405940596,0.23114942326745008,0.20058291045710458,0.6977060713671421,0,0
1122,0.2,0.12475247524752472,0.17988221701664575,0.33785821866796667,0.47126551205428546,0,0
1123,0.2,0.1287128712871287,0.17929268822835956,0.34546179859103987,0.4615999702243182,0,0
1124,0.2,0.1287128712871287,0.17929268822835956,0.34546179859103987,0.4615999702243182,0,0
1125,0.0,0.05544554455445545,0.1094316980566186,1.0,-0.0,0,0
1126,0.0,0.1762376237623762,0.1872936566784291,1.0,-0.0,0,0
1127,0.0,0.16633663366336632,0.18683249644342295,1.0,-0.0,0,0
1128,0.0,0.1623762376237624,0.18819175240422528,1.0,-0.0,0,0
1129,0.0,0.1623762376237624,0.18819175240422528,1.0,-0.0,0,0
1130,0.0,0.12079207920792076,0.1594028657227573,1.0,-0.0,0,0
1131,0.0,0.0019801980198019802,0.019801980198019802,1.0,-0.0,0,0
1132,0.0,0.0019801980198019802,0.019801980198019802,1.0,-0.0,0,0
1133,0.0,0.0019801980198019802,0.019801980198019802,1.0,-0.0,0,0
1134,0.0,0.0019801980198019802,0.019801980198019802,1.0,-0.0,0,0
1135,0.0,0.0,0.0,1.0,-0.0,0,0
1136,0.0,0.04752475247524753,0.10205226714237721,1.0,-0.0,0,0
1137,0.0,0.04752475247524753,0.10205226714237721,1.0,-0.0,0,0
1138,0.0,0.04752475247524753,0.10205226714237721,1.0,-0.0,0,0
1139,0.0,0.04752475247524753,0.10205226714237721,1.0,-0.0,0,0
1140,0.0,0.08118811881188118,0.11664694237642095,1.0,-0.0,0,0
1141,0.0,0.033663366336633666,0.07482947971362848,1.0,-0.0,0,0
1142,0.0,0.0712871287128713,0.11110305060677654,1.0,-0.0,0,0
1143,0.0,0.0712871287128713,0.11110305060677654,1.0,-0.0,0,0
1144,0.0,0.0712871287128713,0.11110305060677654,1.0,-0.0,0,0
1145,0.0,0.03762376237623763,0.09211646217515253,1.0,-0.0,0,0
1146,0.0,0.03762376237623763,0.09211646217515253,1.0,-0.0,0,0
1147,0.0,0.0,0.0,1.0,-0.0,0,0
1148,0.0,0.12277227722772276,0.15913204437912432,1.0,-0.0,0,0
1149,0.0,0.12277227722772276,0.15913204437912432,1.0,-0.0,0,0
1150,0.0,0.18217821782178217,0.20118266149922803,1.0,-0.0,0,0
1151,0.0,0.297029702970297,0.2664231152611506,1.0,-0.0,0,0
1152,0.0,0.33069306930693065,0.286232811929787,1.0,-0.0,0,0
1153,0.0,0.21782178217821782,0.2031416808432818,1.0,-0.0,0,0
1154,0.0,0.22574257425742572,0.21371465446704224,1.0,-0.0,0,0
1155,0.0,0.16831683168316827,0.19444294287406302,1.0,-0.0,0,0
1156,0.0,0.05940594059405942,0.11096178792967841,1.0,-0.0,0,0
1157,0.0,0.05346534653465347,0.11566797518027906,1.0,-0.0,0,0
1158,0.0,0.041584158415841586,0.09039772047931348,1.0,-0.0,0,0
1159,0.0,0.041584158415841586,0.09467748980500532,1.0,-0.0,0,0
1160,0.0,0.04356435643564357,0.09587103712404124,1.0,-0.0,0,0
1161,0.0,0.03564356435643565,0.08154954567118415,1.0,-0.0,0,0
1162,0.0,0.009900990099009901,0.05171312814732909,1.0,-0.0,0,0
1163,0.0,0.01386138613861386,0.05807080514303042,1.0,-0.0,0,0
1164,0.0,0.0059405940594059415,0.033953323167291584,1.0,-0.0,0,0
1165,0.0,0.0039603960396039604,0.02786385599895107,1.0,-0.0,0,0
1166,0.0,0.011881188118811881,0.047276579747775535,1.0,-0.0,0,0
1167,0.0,0.051485148514851496,0.096075322540263,1.0,-0.0,0,0
1168,0.0,0.04752475247524753,0.09397077637785879,1.0,-0.0,0,0
1169,0.0,0.04752475247524753,0.09397077637785879,1.0,-0.0,0,0
1170,0.0,0.049504950495049514,0.09504950495049506,1.0,-0.0,0,0
1171,0.0,0.06336633663366337,0.10874875419996817,1.0,-0.0,0,0
1172,0.0,0.023762376237623763,0.07056843438101175,1.0,-0.0,0,0
1173,0.0,0.033663366336633666,0.08475617647141663,1.0,-0.0,0,0
1174,0.0,0.03564356435643565,0.08626938974571076,1.0,-0.0,0,0
1175,0.0,0.033663366336633666,0.08475617647141663,1.0,-0.0,0,0
1176,0.0,0.033663366336633666,0.07482947971362847,1.0,-0.0,0,0
1177,0.0,0.09900990099009899,0.1396566153069739,1.0,-0.0,0,0
1178,0.0,0.10099009900990098,0.1396566153069739,1.0,-0.0,0,0
1179,0.0,0.10297029702970298,0.1396285351588451,1.0,-0.0,0,0
1180,0.0,0.10693069306930691,0.14505541839059358,1.0,-0.0,0,0
1181,0.0,0.08514851485148517,0.13598641357140118,1.0,-0.0,0,0
1182,0.0,0.049504950495049514,0.1104659459879711,1.0,-0.0,0,0
1183,0.0,0.03762376237623763,0.10034740165797962,1.0,-0.0,0,0
1184,0.0,0.033663366336633666,0.08475617647141663,1.0,-0.0,0,0
1185,0.0,0.02970297029702971,0.07648795214189293,1.0,-0.0,0,0
1186,0.0,0.02970297029702971,0.07648795214189293,1.0,-0.0,0,0
1187,0.0,0.0039603960396039604,0.027863855998951057,1.0,-0.0,0,0
1188,0.0,0.09900990099009901,0.15826725705099476,1.0,-0.0,0,0
1189,0.0,0.10495049504950493,0.1631231312999523,1.0,-0.0,0,0
1190,0.0,0.12277227722772276,0.166430902094659,1.0,-0.0,0,0
1191,0.0,0.12277227722772276,0.166430902094659,1.0,-0.0,0,0
1192,0.0,0.14752475247524752,0.1859383797672855,1.0,-0.0,0,0
1193,0.0,0.05148514851485149,0.096075322540263,1.0,-0.0,0,0
1194,0.0,0.04554455445544555,0.08846854615322249,1.0,-0.0,0,0
1195,0.0,0.10099009900990098,0.1367914141716479,1.0,-0.0,0,0
1196,0.0,0.10495049504950495,0.1367053908443026,1.0,-0.0,0,0
1197,0.0,0.08316831683168316,0.12028786177019754,1.0,-0.0,0,0
1198,0.0,0.08316831683168316,0.12028786177019754,1.0,-0.0,0,0
1199,0.0,0.08316831683168316,0.12028786177019754,1.0,-0.0,0,0
1200,0.0,0.009900990099009901,0.04338396495090425,1.0,-0.0,0,0
1201,0.0,0.0059405940594059415,0.03395332316729158,1.0,-0.0,0,0
1202,0.0,0.0,0.0,1.0,-0.0,0,0
1203,0.0,0.0,0.0,1.0,-0.0,0,0
1204,0.0,0.0,0.0,1.0,-0.0,0,0
1205,0.0,0.0,0.0,1.0,-0.0,0,0
1206,0.0,0.02772277227722772,0.07461957893630407,1.0,-0.0,0,0
1207,0.0,0.061386138613861385,0.10806149425459212,1.0,-0.0,0,0
1208,0.0,0.08712871287128712,0.13324834725751067,1.0,-0.0,0,0
1209,0.0,0.08712871287128712,0.13324834725751067,1.0,-0.0,0,0
1210,0.0,0.08712871287128712,0.13324834725751067,1.0,-0.0,0,0
1211,0.0,0.0594059405940594,0.09562531855564069,1.0,-0.0,0,0
1212,0.0,0.025742574257425745,0.0669763743575753,1.0,-0.0,0,0
1213,0.0,0.0,0.0,1.0,-0.0,0,0
1214,0.0,0.0,0.0,1.0,-0.0,0,0
1215,0.0,0.009900990099009901,0.04338396495090424,1.0,-0.0,0,0
1216,0.0,0.019801980198019802,0.0597350618970232,1.0,-0.0,0,0
1217,0.0,0.019801980198019802,0.0597350618970232,1.0,-0.0,0,0
1218,0.0,0.019801980198019802,0.0597350618970232,1.0,-0.0,0,0
1219,0.0,0.029702970297029712,0.07112192077650681,1.0,-0.0,0,0
1220,0.0,0.019801980198019802,0.0597350618970232,1.0,-0.0,0,0
1221,0.0,0.009900990099009901,0.04338396495090424,1.0,-0.0,0,0
1222,0.0,0.009900990099009901,0.04338396495090424,1.0,-0.0,0,0
1223,0.0,0.009900990099009901,0.04338396495090424,1.0,-0.0,0,0
1224,0.0,0.0,0.0,1.0,-0.0,0,0
1225,0.0,0.0,0.0,1.0,-0.0,0,0
1226,0.0,0.0039603960396039604,0.027863855998951068,1.0,-0.0,0,0
1227,0.0,0.0039603960396039604,0.027863855998951068,1.0,-0.0,0,0
1228,0.0,0.0039603960396039604,0.027863855998951068,1.0,-0.0,0,0
1229,0.0,0.041584158415841586,0.0987719913927915,1.0,-0.0,0,0
1230,0.0,0.08712871287128712,0.127165103825761,1.0,-0.0,0,0
1231,0.0,0.11485148514851483,0.1444594832462533,1.0,-0.0,0,0
1232,0.0,0.13366336633663367,0.15432845757147498,1.0,-0.0,0,0
1233,0.0,0.13366336633663367,0.15432845757147498,1.0,-0.0,0,0
1234,0.0,0.09504950495049505,0.13670539084430264,1.0,-0.0,0,0
1235,0.0,0.09702970297029702,0.1451905170679078,1.0,-0.0,0,0
1236,0.0,0.06534653465346535,0.11641139371642828,1.0,-0.0,0,0
1237,0.0,0.057425742574257435,0.11718356139020586,1.0,-0.0,0,0
1238,0.0,0.0712871287128713,0.1307530615383697,1.0,-0.0,0,0
1239,0.0,0.08316831683168317,0.14146987009498416,1.0,-0.0,0,0
1240,0.0,0.03564356435643565,0.08626938974571075,1.0,-0.0,0,0
1241,0.0,0.03564356435643565,0.08626938974571075,1.0,-0.0,0,0
1242,0.0,0.03564356435643565,0.08626938974571076,1.0,-0.0,0,0
1243,0.0,0.021782178217821784,0.06230547612891991,1.0,-0.0,0,0
1244,0.0,0.009900990099009901,0.04338396495090424,1.0,-0.0,0,0
1245,0.0,0.02772277227722772,0.07461957893630407,1.0,-0.0,0,0
1246,0.0,0.039603960396039604,0.08908690597387718,1.0,-0.0,0,0
1247,0.0,0.06534653465346535,0.10571364605971598,1.0,-0.0,0,0
1248,0.0,0.06534653465346535,0.10571364605971598,1.0,-0.0,0,0
1249,0.0,0.09900990099009901,0.12467387119760154,1.0,-0.0,0,0
1250,0.0,0.1089108910891089,0.14494724878689189,1.0,-0.0,0,0
1251,0.0,0.10297029702970295,0.14519051706790778,1.0,-0.0,0,0
1252,0.0,0.06732673267326733,0.12356816445008077,1.0,-0.0,0,0
1253,0.0,0.06732673267326733,0.12356816445008077,1.0,-0.0,0,0
1254,0.0,0.033663366336633666,0.08475617647141663,1.0,-0.0,0,0
1255,0.0,0.04752475247524753,0.08512548617902843,1.0,-0.0,0,0
1256,0.0,0.041584158415841586,0.08116396646304633,1.0,-0.0,0,0
1257,0.0,0.05346534653465347,0.10489443673781407,1.0,-0.0,0,0
1258,0.0,0.05346534653465347,0.10489443673781407,1.0,-0.0,0,0
1259,0.0,0.08712871287128712,0.13024224675172555,1.0,-0.0,0,0
1260,0.0,0.04554455445544555,0.09283729243351323,1.0,-0.0,0,0
1261,0.0,0.049504950495049514,0.09912864166957487,1.0,-0.0,0,0
1262,0.0,0.03762376237623763,0.08771182015980238,1.0,-0.0,0,0
1263,0.0,0.05742574257425742,0.10656335878870264,1.0,-0.0,0,0
1264,0.0,0.05544554455445545,0.09384550979067555,1.0,-0.0,0,0
1265,0.0,0.07524752475247526,0.1189108498693262,1.0,-0.0,0,0
1266,0.0,0.1762376237623762,0.17185563527720504,1.0,-0.0,0,0
1267,0.0,0.1821782178217822,0.17598156946925847,1.0,-0.0,0,0
1268,0.0,0.16237623762376235,0.17052712983454243,1.0,-0.0,0,0
1269,0.0,0.12871287128712872,0.1725387794914215,1.0,-0.0,0,0
1270,0.0,0.11287128712871286,0.16268986856589093,1.0,-0.0,0,0
1271,0.0,0.013861386138613863,0.05079507064705211,1.0,-0.0,0,0
1272,0.0,0.05544554455445545,0.1164450726969438,1.0,-0.0,0,0
1273,0.0,0.07920792079207921,0.1292145592164392,1.0,-0.0,0,0
1274,0.0,0.15247524752475247,0.16203780234042603,1.0,-0.0,0,0
1275,0.0,0.1485148514851485,0.15834156674616873,1.0,-0.0,0,0
1276,0.0,0.14455445544554454,0.15445544554455445,1.0,-0.0,0,0
1277,0.0,0.09504950495049505,0.1423816080178024,1.0,-0.0,0,0
1278,0.0,0.07722772277227724,0.12888031758632068,1.0,-0.0,0,0
1279,0.0,0.007920792079207921,0.03900537743285587,1.0,-0.0,0,0
1280,0.0,0.007920792079207921,0.03900537743285587,1.0,-0.0,0,0
1281,0.0,0.007920792079207921,0.03900537743285587,1.0,-0.0,0,0
1282,0.0,0.05544554455445545,0.11979788880993406,1.0,-0.0,0,0
1283,0.0,0.04950495049504951,0.1068206254198905,1.0,-0.0,0,0
1284,0.0,0.04752475247524753,0.10586191211583096,1.0,-0.0,0,0
1285,0.0,0.04752475247524753,0.10586191211583096,1.0,-0.0,0,0
1286,0.0,0.04752475247524753,0.10586191211583096,1.0,-0.0,0,0
1287,0.0,0.0,0.0,1.0,-0.0,0,0
1288,0.0,0.021782178217821784,0.062305476128919915,1.0,-0.0,0,0
1289,0.0,0.021782178217821784,0.062305476128919915,1.0,-0.0,0,0
1290,0.0,0.021782178217821784,0.062305476128919915,1.0,-0.0,0,0
1291,0.0,0.041584158415841586,0.09039772047931348,1.0,-0.0,0,0
1292,0.0,0.04554455445544555,0.09283729243351321,1.0,-0.0,0,0
1293,0.0,0.023762376237623766,0.06471340450838887,1.0,-0.0,0,0
1294,0.0,0.027722772277227727,0.07461957893630407,1.0,-0.0,0,0
1295,0.0,0.027722772277227727,0.07461957893630407,1.0,-0.0,0,0
1296,0.2,0.039603960396039604,0.08908690597387718,0.0358952311958159,1.4449632450960652,0,0
1297,0.2,0.049504950495049514,0.09504950495049506,0.056672754609762954,1.2466256777282643,0,0
1298,0.2,0.07722772277227724,0.1124710639300034,0.13750669912875174,0.8616761431153293,0,0
1299,0.4,0.13861386138613863,0.16588812705842176,0.05755010791628536,1.2399538576570686,0,0
1300,0.4,0.13861386138613863,0.16588812705842176,0.05755010791628536,1.2399538576570686,0,0
1301,0.2,0.10693069306930694,0.15811853289249214,0.27806325009730926,0.5558564053630553,0,0
1302,0.2,0.1089108910891089,0.17240236720537758,0.2986275766631325,0.5248700899812789,0,0
1303,0.2,0.09504950495049505,0.15049504950495052,0.24278612946373423,0.6147761284264038,0,0
1304,0.0,0.06336633663366337,0.10504385908811757,1.0,-0.0,0,0
1305,0.0,0.06336633663366337,0.10504385908811757,1.0,-0.0,0,0
1306,0.0,0.06336633663366337,0.10504385908811757,1.0,-0.0,0,0
1307,0.0,0.0594059405940594,0.10357779667819421,1.0,-0.0,0,0
1308,0.0,0.04950495049504951,0.09912864166957489,1.0,-0.0,0,0
1309,0.0,0.041584158415841586,0.09039772047931348,1.0,-0.0,0,0
1310,0.0,0.041584158415841586,0.09039772047931348,1.0,-0.0,0,0
1311,0.0,0.041584158415841586,0.09039772047931348,1.0,-0.0,0,0
1312,0.0,0.0297029702970297,0.07648795214189293,1.0,-0.0,0,0
1313,0.0,0.03564356435643565,0.08154954567118415,1.0,-0.0,0,0
1314,0.0,0.04158415841584158,0.09039772047931348,1.0,-0.0,0,0
1315,0.0,0.04950495049504951,0.09912864166957489,1.0,-0.0,0,0
1316,0.0,0.04950495049504951,0.09912864166957489,1.0,-0.0,0,0
1317,0.2,0.15049504950495046,0.16266576457752752,0.38043618913126476,0.41971817734855865,0,0
1318,0.2,0.13861386138613863,0.1634833064598043,0.3536485143955464,0.4514281619592285,0,0
1319,0.2,0.10693069306930691,0.14505541839059358,0.2605625477598812,0.584088007925498,0,0
1320,0.2,0.1108910891089109,0.14752142995793407,0.27290837483526315,0.5639831367781287,0,0
1321,0.6,0.17425742574257425,0.17499842451711448,0.0074905296551149875,2.1254874722656893,0,0
1322,0.4,0.09900990099009901,0.14246420394934614,0.01731143063739447,1.7616670400245433,0,0
1323,0.4,0.09900990099009901,0.14246420394934614,0.01731143063739447,1.7616670400245433,0,0
1324,0.6,0.15445544554455445,0.1613831014717559,0.0028831033053370227,2.5401397959974927,0,0
1325,0.6,0.14257425742574256,0.15243666735776418,0.0013465368944185839,2.870781742643937,0,0
1326,0.2,0.07920792079207921,0.11631029826208643,0.1495109975624142,0.8253268608177716,0,0
1327,0.2,0.05346534653465347,0.10860442931328386,0.08862815178171936,1.0524283072157032,0,0
1328,0.4,0.057425742574257435,0.11375371577303027,0.0012996160129178428,2.886184946235169,0,0
1329,0.2,0.0039603960396039604,0.027863855998951064,9.918686161641043e-13,12.003545851085576,0,0
1330,1.4,0.08712871287128712,0.12077584698595573,1.000000000079826e-17,16.999999999965333,0,0
1331,1.4,0.08712871287128712,0.12077584698595573,1.000000000079826e-17,16.999999999965333,0,0
1332,1.4,0.0891089108910891,0.12097048989545554,1.0000000001156317e-17,16.999999999949782,0,0
1333,2.2,0.13069306930693067,0.1447035715361989,1e-17,17.0,0,0
1334,2.2,0.13069306930693067,0.1447035715361989,1e-17,17.0,0,0
1335,1.0,0.04554455445544555,0.10485704788018795,1.004416062105488e-17,16.998086350889416,0,0
1336,1.2,0.06732673267326733,0.1135467024699521,1.0000009766084033e-17,16.999999575864567,0,0
1337,1.2,0.07920792079207921,0.11285391563386142,1.0000015205033665e-17,16.99999933965428,0,0
1338,0.2,0.03564356435643564,0.07653920035678292,0.015882722457572503,1.7990750531077893,0,0
1339,0.4,0.047524752475247525,0.09397077637785882,8.809950274804049e-05,4.055026542829627,0,0
1340,0.4,0.047524752475247525,0.09397077637785882,8.809950274804049e-05,4.055026542829627,0,0
1341,0.2,0.025742574257425745,0.0669763743575753,0.0046371400013480064,2.3337497919853587,0,0
1342,0.2,0.011881188118811881,0.047276579747775535,3.4586556520905853e-05,4.461092674713385,0,0
1343,0.2,0.05346534653465347,0.10489443673781407,0.08121090620767592,1.0903856433234342,0,0
1344,0.0,0.041584158415841586,0.09039772047931348,1.0,-0.0,0,0
1345,0.2,0.05346534653465347,0.09704990696905226,0.0655357875709919,1.1835214771048093,0,0
1346,0.2,0.05346534653465347,0.09704990696905226,0.0655357875709919,1.1835214771048093,0,0
1347,0.2,0.15247524752475247,0.17153590358580373,0.39086922215113845,0.40796852546483753,0,0
1348,0.2,0.10891089108910891,0.14494724878689189,0.26486134954069185,0.5769814124309087,0,0
1349,0.2,0.10891089108910891,0.14494724878689189,0.26486134954069185,0.5769814124309087,0,0
1350,0.0,0.097029702970297,0.13962853515884507,1.0,-0.0,0,0
1351,0.0,0.097029702970297,0.13962853515884507,1.0,-0.0,0,0
1352,0.0,0.0,0.0,1.0,-0.0,0,0
1353,0.0,0.0891089108910891,0.14481192315867106,1.0,-0.0,0,0
1354,0.0,0.10495049504950493,0.15566925946165186,1.0,-0.0,0,0
1355,0.0,0.12673267326732673,0.1658408452769117,1.0,-0.0,0,0
1356,0.0,0.1485148514851485,0.17944571499737336,1.0,-0.0,0,0
1357,0.0,0.15247524752475247,0.1848703369027138,1.0,-0.0,0,0
1358,0.0,0.06336633663366338,0.1224524739306163,1.0,-0.0,0,0
1359,0.0,0.047524752475247525,0.10586191211583096,1.0,-0.0,0,0
1360,0.0,0.025742574257425745,0.07791016068477624,1.0,-0.0,0,0
1361,0.0,0.021782178217821784,0.06230547612891991,1.0,-0.0,0,0
1362,0.0,0.021782178217821784,0.06230547612891991,1.0,-0.0,0,0
1363,0.0,0.021782178217821784,0.06230547612891991,1.0,-0.0,0,0
1364,0.0,0.03564356435643565,0.07653920035678292,1.0,-0.0,0,0
1365,0.0,0.039603960396039604,0.07970143286137865,1.0,-0.0,0,0
1366,0.0,0.021782178217821784,0.06230547612891991,1.0,-0.0,0,0
1367,0.0,0.017821782178217824,0.05698017651460656,1.0,-0.0,0,0
1368,0.0,0.017821782178217824,0.05698017651460656,1.0,-0.0,0,0
1369,0.0,0.0039603960396039604,0.027863855998951064,1.0,-0.0,0,0
1370,0.0,0.0,0.0,1.0,-0.0,0,0
1371,0.0,0.0,0.0,1.0,-0.0,0,0
1372,0.0,0.0,0.0,1.0,-0.0,0,0
1373,0.0,0.025742574257425748,0.0669763743575753,1.0,-0.0,0,0
1374,0.0,0.09504950495049505,0.13078304733432372,1.0,-0.0,0,0
1375,0.0,0.16237623762376235,0.1584900816139702,1.0,-0.0,0,0
1376,0.2,0.23366336633663368,0.1847005753086894,1.0,-0.0,0,0
1377,0.8,0.2930693069306931,0.2208253759912974,0.010848868263616007,1.964615564350221,0,0
1378,0.8,0.3168316831683169,0.23082688508352958,0.018165366131682376,1.7407558442991005,0,0
1379,0.8,0.3089108910891089,0.21159414256664313,0.010146087175401435,1.9937014105349606,0,0
1380,1.0,0.28910891089108914,0.21150146412386042,0.0003880737485152346,3.411085734380769,0,0
1381,0.8,0.2178217821782178,0.1931479910747968,0.001288475402760067,2.8899238677980104,0,0
1382,0.2,0.18019801980198016,0.18348647776016436,0.4570293176845776,0.34005593975456844,0,0
1383,0.2,0.1287128712871287,0.1606525268671035,0.32861713949290206,0.48330978906568267,0,0
1384,0.2,0.06732673267326733,0.1135467024699521,0.12131331785204298,0.9160915193958917,0,0
1385,0.0,0.021782178217821784,0.06230547612891991,1.0,-0.0,0,0
1386,0.0,0.031683168316831684,0.08316831683168317,1.0,-0.0,0,0
1387,0.0,0.023762376237623766,0.07056843438101175,1.0,-0.0,0,0
1388,0.0,0.04752475247524753,0.09809478080396702,1.0,-0.0,0,0
1389,0.0,0.04752475247524753,0.09809478080396702,1.0,-0.0,0,0
1390,0.0,0.09900990099009899,0.13679141417164786,1.0,-0.0,0,0
1391,0.0,0.1287128712871287,0.1337476815110359,1.0,-0.0,0,0
1392,0.2,0.16633663366336632,0.16184409300358454,0.4176149782033498,0.3792239332950453,0,0
1393,0.4,0.14257425742574253,0.15243666735776418,0.04563473077969461,1.3407045072295525,0,0
1394,0.4,0.14257425742574253,0.15243666735776418,0.04563473077969461,1.3407045072295525,0,0
1395,0.4,0.09702970297029702,0.13084299831035082,0.01029209577109293,1.9874961812001608,0,0
1396,0.4,0.05940594059405942,0.0996808946427978,0.0003167579367343702,3.4992724945605174,0,0
1397,0.2,0.013861386138613863,0.05079507064705211,0.00012391038159364294,3.90689230556944,0,0
1398,0.0,0.013861386138613863,0.05079507064705211,1.0,-0.0,0,0
1399,0.0,0.013861386138613863,0.05079507064705211,1.0,-0.0,0,0
1400,0.0,0.0594059405940594,0.11447531431916541,1.0,-0.0,0,0
1401,0.0,0.06534653465346535,0.11976515267356391,1.0,-0.0,0,0
1402,0.0,0.06732673267326733,0.12356816445008076,1.0,-0.0,0,0
1403,0.0,0.06732673267326733,0.12356816445008076,1.0,-0.0,0,0
1404,0.0,0.07524752475247526,0.12851469892742934,1.0,-0.0,0,0
1405,0.0,0.04752475247524753,0.09397077637785879,1.0,-0.0,0,0
1406,0.0,0.05742574257425742,0.11021718851545143,1.0,-0.0,0,0
1407,0.0,0.07326732673267328,0.1115960618107356,1.0,-0.0,0,0
1408,0.0,0.08118811881188118,0.11320083903331847,1.0,-0.0,0,0
1409,0.0,0.0891089108910891,0.12734998170941406,1.0,-0.0,0,0
1410,0.0,0.08514851485148517,0.12694907267187808,1.0,-0.0,0,0
1411,0.0,0.06930693069306931,0.10693069306930696,1.0,-0.0,0,0
1412,0.0,0.10693069306930691,0.14229896414433016,1.0,-0.0,0,0
1413,0.0,0.1267326732673267,0.15083338726765974,1.0,-0.0,0,0
1414,0.0,0.11683168316831682,0.14146987009498416,1.0,-0.0,0,0
1415,0.0,0.09504950495049502,0.1213588391765906,1.0,-0.0,0,0
1416,0.0,0.10297029702970295,0.13084299831035082,1.0,-0.0,0,0
1417,0.0,0.04554455445544555,0.10485704788018795,1.0,-0.0,0,0
1418,0.0,0.047524752475247525,0.09809478080396704,1.0,-0.0,0,0
1419,0.0,0.05346534653465347,0.09704990696905226,1.0,-0.0,0,0
1420,0.0,0.07722772277227724,0.12576985749069639,1.0,-0.0,0,0
1421,0.0,0.09900990099009901,0.14246420394934614,1.0,-0.0,0,0
1422,0.0,0.09504950495049505,0.14238160801780242,1.0,-0.0,0,0
1423,0.0,0.06534653465346535,0.1164113937164283,1.0,-0.0,0,0
1424,0.0,0.05346534653465347,0.10489443673781407,1.0,-0.0,0,0
1425,0.0,0.02970297029702971,0.07648795214189293,1.0,-0.0,0,0
1426,0.0,0.0,0.0,1.0,-0.0,0,0
1427,0.0,0.0,0.0,1.0,-0.0,0,0
1428,0.0,0.0,0.0,1.0,-0.0,0,0
1429,0.0,0.0,0.0,1.0,-0.0,0,0
1430,0.0,0.0,0.0,1.0,-0.0,0,0
1431,0.0,0.0,0.0,1.0,-0.0,0,0
1432,0.0,0.0,0.0,1.0,-0.0,0,0
1433,0.0,0.0,0.0,1.0,-0.0,0,0
1434,0.0,0.0,0.0,1.0,-0.0,0,0
1435,0.0,0.007920792079207921,0.03900537743285587,1.0,-0.0,0,0
1436,0.0,0.007920792079207921,0.03900537743285587,1.0,-0.0,0,0
1437,0.0,0.007920792079207921,0.03900537743285587,1.0,-0.0,0,0
1438,0.2,0.05544554455445544,0.10943169805661862,0.0932580219618135,1.030313800335309,0,0
1439,0.2,0.057425742574257435,0.11021718851545144,0.09790604061927334,1.009190512214366,0,0
1440,0.2,0.06732673267326733,0.11354670246995209,0.12131331785204293,0.9160915193958918,0,0
1441,0.2,0.0712871287128713,0.11801714396634724,0.13771817209143733,0.8610087502417649,0,0
1442,0.2,0.11287128712871286,0.13324834725751067,0.25659387447902315,0.5907537155047866,0,0
1443,0.2,0.1306930693069307,0.16515373831281616,0.3373702145065477,0.4718932627263186,0,0
1444,0.2,0.12871287128712872,0.16065252686710352,0.32861713949290217,0.48330978906568245,0,0
1445,0.2,0.11089108910891088,0.14205074403533427,0.26523019637673795,0.5763770331585044,0,0
1446,0.2,0.10693069306930691,0.1422989641443302,0.2565428085145365,0.5908401551120017,0,0
1447,0.2,0.06732673267326733,0.10634234916512914,0.10608783743468066,0.9743344034481476,0,0
1448,0.0,0.03168316831683169,0.0730260947112308,1.0,-0.0,0,0
1449,0.0,0.03168316831683169,0.0730260947112308,1.0,-0.0,0,0
1450,0.0,0.05544554455445545,0.10575073206193021,1.0,-0.0,0,0
1451,0.0,0.06930693069306931,0.12084076279122662,1.0,-0.0,0,0
1452,0.0,0.07722772277227724,0.12888031758632065,1.0,-0.0,0,0
1453,0.0,0.05346534653465347,0.10104832334394512,1.0,-0.0,0,0
1454,0.0,0.07920792079207921,0.12293186689242579,1.0,-0.0,0,0
1455,0.0,0.05544554455445545,0.1019369320889802,1.0,-0.0,0,0
1456,0.0,0.049504950495049514,0.09504950495049506,1.0,-0.0,0,0
1457,0.0,0.06336633663366337,0.11917436454123627,1.0,-0.0,0,0
1458,0.0,0.11485148514851484,0.14984225277142663,1.0,-0.0,0,0
1459,0.0,0.08910891089108909,0.13042276277287215,1.0,-0.0,0,0
1460,0.0,0.08910891089108909,0.13042276277287215,1.0,-0.0,0,0
1461,0.0,0.10297029702970298,0.1367627457412436,1.0,-0.0,0,0
1462,0.0,0.07920792079207921,0.11966689053257921,1.0,-0.0,0,0
1463,0.0,0.041584158415841586,0.11014601176374957,1.0,-0.0,0,0
1464,0.0,0.07920792079207921,0.1517663861889879,1.0,-0.0,0,0
1465,0.0,0.07920792079207921,0.1517663861889879,1.0,-0.0,0,0
1466,0.0,0.057425742574257435,0.12051583409665693,1.0,-0.0,0,0
1467,0.0,0.057425742574257435,0.12051583409665693,1.0,-0.0,0,0
1468,0.0,0.03762376237623763,0.08771182015980238,1.0,-0.0,0,0
1469,0.2,0.009900990099009901,0.04338396495090424,5.885669548817485e-06,5.230204125035219,0,0
1470,0.4,0.013861386138613863,0.05079507064705211,1.4601672822824464e-14,13.83559738694809,0,0
1471,0.4,0.041584158415841586,0.08590499787518362,1.5081313231807476e-05,4.821560839865747,0,0
1472,0.4,0.05742574257425742,0.09885135821266286,0.0002645747299198912,3.577451638532637,0,0
1473,0.4,0.13267326732673265,0.13867042693078493,0.02694095340784628,1.5695870391831883,0,0
1474,0.2,0.12673267326732673,0.13707776871189528,0.29649969333155696,0.5279757514885262,0,0
1475,0.0,0.12178217821782177,0.13759170507754623,1.0,-0.0,0,0
1476,0.0,0.10297029702970298,0.1424366772938966,1.0,-0.0,0,0
1477,0.0,0.1089108910891089,0.13650445892763632,1.0,-0.0,0,0
1478,0.0,0.041584158415841586,0.08590499787518362,1.0,-0.0,0,0
1479,0.0,0.04554455445544555,0.09283729243351321,1.0,-0.0,0,0
1480,0.0,0.04554455445544555,0.09283729243351321,1.0,-0.0,0,0
1481,0.0,0.039603960396039604,0.08452453849668534,1.0,-0.0,0,0
1482,0.0,0.017821782178217824,0.05698017651460656,1.0,-0.0,0,0
1483,0.0,0.06732673267326733,0.11000352009767247,1.0,-0.0,0,0
1484,0.0,0.0594059405940594,0.10357779667819421,1.0,-0.0,0,0
1485,0.0,0.06138613861386138,0.10433219700847123,1.0,-0.0,0,0
1486,0.0,0.05742574257425742,0.10277971700879983,1.0,-0.0,0,0
1487,0.0,0.06336633663366337,0.10504385908811757,1.0,-0.0,0,0
1488,0.0,0.015841584158415842,0.05401260078014202,1.0,-0.0,0,0
1489,0.0,0.015841584158415842,0.05401260078014202,1.0,-0.0,0,0
1490,0.0,0.013861386138613863,0.05079507064705211,1.0,-0.0,0,0
1491,0.0,0.0594059405940594,0.11096178792967841,1.0,-0.0,0,0
1492,0.0,0.05742574257425742,0.11021718851545144,1.0,-0.0,0,0
1493,0.0,0.05346534653465347,0.10489443673781407,1.0,-0.0,0,0
1494,0.0,0.05346534653465347,0.10489443673781407,1.0,-0.0,0,0
1495,0.0,0.05346534653465347,0.10489443673781407,1.0,-0.0,0,0
1496,0.0,0.007920792079207921,0.03900537743285587,1.0,-0.0,0,0
1497,0.0,0.0039603960396039604,0.027863855998951064,1.0,-0.0,0,0
1498,0.0,0.0,0.0,1.0,-0.0,0,0
1499,0.0,0.0059405940594059415,0.033953323167291584,1.0,-0.0,0,0
1500,0.0,0.0059405940594059415,0.033953323167291584,1.0,-0.0,0,0
1501,0.0,0.033663366336633666,0.08930671115865095,1.0,-0.0,0,0
1502,0.0,0.047524752475247525,0.09809478080396702,1.0,-0.0,0,0
1503,0.0,0.047524752475247525,0.09809478080396702,1.0,-0.0,0,0
1504,0.0,0.041584158415841586,0.09039772047931348,1.0,-0.0,0,0
1505,0.2,0.061386138613861385,0.11854756076907538,0.12114784922992496,0.9166842916037904,0,0
1506,0.2,0.05346534653465347,0.10104832334394513,0.0735091372710952,1.1336586742521857,0,0
1507,0.2,0.10297029702970298,0.1451905170679078,0.25197351730651485,0.5986451016471239,0,0
1508,0.4,0.1227722772277228,0.15148191286261609,0.033617160855553524,1.4734389677803268,0,0
1509,0.4,0.12475247524752477,0.15632280678012317,0.0391392024871771,1.4073880279101825,0,0
1510,0.2,0.10495049504950495,0.14238160801780236,0.2522044715005415,0.5982472177994327,0,0
1511,0.2,0.08514851485148513,0.130031327995105,0.18854787530201733,0.7245783571846864,0,0
1512,0.2,0.021782178217821784,0.06230547612891991,0.002115616449879084,2.6745630648030154,0,0
1513,0.0,0.0019801980198019802,0.0198019801980198,1.0,-0.0,0,0
1514,0.0,0.0059405940594059415,0.03395332316729158,1.0,-0.0,0,0
