,foreground,bg_means,bg_stdev,pvals,minus_logs,regs,active
2,0.2,0.6495049504950494,0.36414113311596336,1.0,-0.0,0,0
3,1.2,1.269306930693069,0.5037960011195451,1.0,-0.0,0,0
4,1.2,1.269306930693069,0.5037960011195451,1.0,-0.0,0,0
5,1.2,1.269306930693069,0.5037960011195451,1.0,-0.0,0,0
6,2.8,0.9346534653465346,0.41277511523263866,3.106058604672715e-06,5.507790354323538,0,0
7,3.0,1.2356435643564359,0.4381744664544501,2.82937304473492e-05,4.54830978828389,0,0
8,2.0,0.6158415841584158,0.3167697959359327,6.2236161209342655e-06,5.205957202924133,0,0
9,2.2,0.6356435643564357,0.325054194541888,7.448893216178059e-07,6.127908251522126,0,0
10,2.2,0.6356435643564357,0.325054194541888,7.448893216178059e-07,6.127908251522126,0,0
11,3.0,0.9663366336633663,0.44860117631438284,2.902859996701609e-06,5.537173909440856,0,0
12,2.6,0.6594059405940592,0.32156123412414317,7.952419687834211e-10,9.099500708175526,0,0
13,4.2,0.9594059405940594,0.40885694751228785,1.1417239953755339e-15,14.942438871372833,0,0
14,4.0,0.9396039603960396,0.40346990217922485,1.6609954871250548e-14,13.779631547512091,0,0
15,4.0,0.9396039603960396,0.40346990217922485,1.6609954871250548e-14,13.779631547512091,0,0
16,1.6,0.299009900990099,0.2314376290485066,9.473979084626765e-09,8.023467578383785,0,0
17,4.0,0.6851485148514851,0.37054579455734077,1.0184529242792135e-17,16.992059040496187,0,0
18,2.4,0.3861386138613862,0.2859861185339565,9.487671942749903e-13,12.022840340412845,0,0
19,2.4,0.3861386138613862,0.2859861185339565,9.487671942749903e-13,12.022840340412845,0,0
20,2.4,0.3861386138613862,0.2859861185339565,9.487671942749903e-13,12.022840340412845,0,0
21,2.4,0.3861386138613862,0.2859861185339565,9.487671942749903e-13,12.022840340412845,0,0
22,0.0,0.04752475247524753,0.08965727859541997,1.0,-0.0,0,0
23,1.0,0.679207920792079,0.3659564524445168,0.19035593906620313,0.7204335687395935,0,0
24,1.2,1.3504950495049506,0.4796087023827187,1.0,-0.0,0,0
25,1.6,1.9584158415841588,0.5408587463575129,1.0,-0.0,0,0
26,1.6,1.9584158415841588,0.5408587463575129,1.0,-0.0,0,0
27,1.8,2.334653465346535,0.5768531298164902,1.0,-0.0,0,0
28,0.8,1.702970297029703,0.5418076538506991,1.0,-0.0,0,0
29,0.6,1.0336633663366337,0.45386726103363384,1.0,-0.0,0,0
30,0.2,0.42376237623762375,0.2732816756169664,1.0,-0.0,0,0
31,0.2,0.42376237623762375,0.2732816756169664,1.0,-0.0,0,0
32,0.0,0.0,0.0,1.0,-0.0,0,0
33,0.0,0.025742574257425748,0.06697637435757531,1.0,-0.0,0,0
34,0.0,0.02970297029702971,0.07112192077650681,1.0,-0.0,0,0
35,0.0,0.33069306930693076,0.2460550426456882,1.0,-0.0,0,0
36,0.0,0.33069306930693076,0.2460550426456882,1.0,-0.0,0,0
37,0.0,0.5247524752475248,0.3119424739408351,1.0,-0.0,0,0
38,0.0,0.8257425742574257,0.36333261235035536,1.0,-0.0,0,0
39,0.2,1.310891089108911,0.44452689058734063,1.0,-0.0,0,0
40,0.2,1.0079207920792077,0.3888758024944587,1.0,-0.0,0,0
41,0.2,1.0079207920792077,0.3888758024944587,1.0,-0.0,0,0
42,0.2,0.8138613861386139,0.38202941750040975,1.0,-0.0,0,0
43,0.8,0.7297029702970297,0.3416745468011502,0.41849596721755056,0.37830872267335713,0,0
44,1.0,0.46534653465346526,0.24873368141482083,0.01579732664429076,1.8014164017712868,0,0
45,1.0,0.46534653465346526,0.24873368141482083,0.01579732664429076,1.8014164017712868,0,0
46,1.0,0.46534653465346526,0.24873368141482083,0.01579732664429076,1.8014164017712868,0,0
47,1.6,0.5485148514851484,0.2766897184112248,7.228031411013336e-05,4.140979968784028,0,0
48,1.0,0.3564356435643564,0.23980843905585897,0.003641054206356766,2.438772855439473,0,0
49,0.6,0.16831683168316833,0.1534621526336441,0.002454374349056321,2.6100591965681033,0,0
50,0.6,0.16831683168316833,0.1534621526336441,0.002454374349056321,2.6100591965681033,0,0
51,0.6,0.16831683168316833,0.1534621526336441,0.002454374349056321,2.6100591965681033,0,0
52,0.0,0.08514851485148514,0.12054836637801526,1.0,-0.0,0,0
53,0.2,0.4396039603960396,0.3018357063829288,1.0,-0.0,0,0
54,0.2,0.403960396039604,0.2785822636842609,1.0,-0.0,0,0
55,0.2,0.403960396039604,0.2785822636842609,1.0,-0.0,0,0
56,0.2,0.403960396039604,0.2785822636842609,1.0,-0.0,0,0
57,1.6,0.801980198019802,0.38123826338559946,0.018164263423622026,1.7407822084559483,0,0
58,1.4,0.4217821782178217,0.2593227891823523,8.090673759906895e-05,4.092015310523002,0,0
59,1.4,0.4217821782178217,0.2593227891823523,8.090673759906895e-05,4.092015310523002,0,0
60,1.4,0.4217821782178217,0.2593227891823523,8.090673759906895e-05,4.092015310523002,0,0
61,1.4,0.45940594059405937,0.2678030227137295,0.00022215587864755055,3.653342190051233,0,0
62,0.0,0.23960396039603957,0.19502688716427927,1.0,-0.0,0,0
63,0.0,0.2158415841584158,0.18601217530007724,1.0,-0.0,0,0
64,0.0,0.2158415841584158,0.18601217530007724,1.0,-0.0,0,0
65,0.0,0.23564356435643566,0.19170116927177738,1.0,-0.0,0,0
66,0.0,0.19801980198019797,0.17461709057464242,1.0,-0.0,0,0
67,0.0,0.019801980198019802,0.05973506189702322,1.0,-0.0,0,0
68,0.0,0.019801980198019802,0.05973506189702322,1.0,-0.0,0,0
69,0.0,0.3722772277227723,0.2670405508870461,1.0,-0.0,0,0
70,0.0,0.35049504950495053,0.2616110643405466,1.0,-0.0,0,0
71,0.0,0.35049504950495053,0.2616110643405466,1.0,-0.0,0,0
72,0.0,0.38019801980198026,0.2764770600765171,1.0,-0.0,0,0
73,0.0,0.6534653465346535,0.3635807498622891,1.0,-0.0,0,0
74,0.0,0.44752475247524764,0.28444633014656673,1.0,-0.0,0,0
75,0.0,0.502970297029703,0.311640642739105,1.0,-0.0,0,0
76,0.0,0.502970297029703,0.311640642739105,1.0,-0.0,0,0
77,0.0,0.47524752475247534,0.31067028799099505,1.0,-0.0,0,0
78,0.0,0.20198019801980197,0.19395834911660803,1.0,-0.0,0,0
79,0.0,0.07722772277227723,0.12576985749069639,1.0,-0.0,0,0
80,0.0,0.021782178217821784,0.06230547612891991,1.0,-0.0,0,0
81,0.0,0.021782178217821784,0.06230547612891991,1.0,-0.0,0,0
82,0.0,0.0297029702970297,0.07112192077650681,1.0,-0.0,0,0
83,0.0,0.0297029702970297,0.07112192077650681,1.0,-0.0,0,0
84,0.0,0.007920792079207921,0.03900537743285587,1.0,-0.0,0,0
85,0.0,0.6059405940594059,0.36744280411067576,1.0,-0.0,0,0
86,0.0,0.6316831683168317,0.3814850328790814,1.0,-0.0,0,0
87,0.0,0.6237623762376237,0.37789110350629446,1.0,-0.0,0,0
88,0.0,0.6237623762376237,0.37789110350629446,1.0,-0.0,0,0
89,0.0,0.691089108910891,0.39454172184627545,1.0,-0.0,0,0
90,0.0,0.09306930693069305,0.13948804962658473,1.0,-0.0,0,0
91,0.0,0.06732673267326733,0.12356816445008077,1.0,-0.0,0,0
92,0.0,0.06732673267326733,0.12356816445008077,1.0,-0.0,0,0
93,0.0,0.06732673267326733,0.12356816445008077,1.0,-0.0,0,0
94,0.0,0.0,0.0,1.0,-0.0,0,0
95,0.0,0.0,0.0,1.0,-0.0,0,0
96,0.6,0.6435643564356435,0.341926933768703,1.0,-0.0,0,0
97,0.6,0.6435643564356435,0.341926933768703,1.0,-0.0,0,0
98,0.6,0.6435643564356435,0.341926933768703,1.0,-0.0,0,0
99,0.6,1.3485148514851486,0.5063192475824939,1.0,-0.0,0,0
100,0.6,1.3485148514851486,0.5063192475824939,1.0,-0.0,0,0
101,0.0,0.7029702970297028,0.34768127134556187,1.0,-0.0,0,0
102,0.0,0.7029702970297028,0.34768127134556187,1.0,-0.0,0,0
103,0.0,0.7029702970297028,0.34768127134556187,1.0,-0.0,0,0
104,0.0,0.0,0.0,1.0,-0.0,0,0
105,0.0,0.0,0.0,1.0,-0.0,0,0
106,0.0,0.0,0.0,1.0,-0.0,0,0
107,0.0,0.011881188118811881,0.047276579747775535,1.0,-0.0,0,0
108,0.0,0.011881188118811881,0.047276579747775535,1.0,-0.0,0,0
109,0.0,0.011881188118811881,0.047276579747775535,1.0,-0.0,0,0
110,0.0,0.1603960396039604,0.14897618117864575,1.0,-0.0,0,0
111,0.0,0.1603960396039604,0.14897618117864575,1.0,-0.0,0,0
112,0.0,0.1485148514851485,0.13974082189605824,1.0,-0.0,0,0
113,0.0,0.1485148514851485,0.13974082189605824,1.0,-0.0,0,0
114,0.0,0.1485148514851485,0.13974082189605824,1.0,-0.0,0,0
115,0.0,0.01386138613861386,0.05079507064705211,1.0,-0.0,0,0
116,0.0,0.01386138613861386,0.05079507064705211,1.0,-0.0,0,0
117,0.0,0.01386138613861386,0.05079507064705211,1.0,-0.0,0,0
118,0.0,0.01386138613861386,0.05079507064705211,1.0,-0.0,0,0
119,0.0,0.01386138613861386,0.05079507064705211,1.0,-0.0,0,0
120,0.0,0.017821782178217824,0.056980176514606566,1.0,-0.0,0,0
121,0.0,0.017821782178217824,0.056980176514606566,1.0,-0.0,0,0
122,0.0,0.017821782178217824,0.056980176514606566,1.0,-0.0,0,0
123,0.0,0.031683168316831684,0.0730260947112308,1.0,-0.0,0,0
124,0.0,0.031683168316831684,0.0730260947112308,1.0,-0.0,0,0
125,0.0,0.013861386138613863,0.05079507064705211,1.0,-0.0,0,0
126,0.0,0.6237623762376238,0.29955363322535733,1.0,-0.0,0,0
127,0.0,0.6237623762376238,0.29955363322535733,1.0,-0.0,0,0
128,0.0,0.6099009900990099,0.30491191732326955,1.0,-0.0,0,0
129,0.0,1.1306930693069306,0.4178546277737815,1.0,-0.0,0,0
130,0.0,1.1306930693069306,0.4178546277737815,1.0,-0.0,0,0
131,0.0,0.5207920792079207,0.30582361825375015,1.0,-0.0,0,0
132,0.0,0.5207920792079207,0.30582361825375015,1.0,-0.0,0,0
133,0.0,0.5207920792079207,0.30582361825375015,1.0,-0.0,0,0
134,0.0,0.0,0.0,1.0,-0.0,0,0
135,0.0,0.0712871287128713,0.11110305060677653,1.0,-0.0,0,0
136,0.0,0.7554455445544556,0.34310038005951066,1.0,-0.0,0,0
137,0.0,0.7554455445544556,0.34310038005951066,1.0,-0.0,0,0
138,0.0,0.7554455445544556,0.34310038005951066,1.0,-0.0,0,0
139,0.0,0.7554455445544556,0.34310038005951066,1.0,-0.0,0,0
140,0.0,1.2237623762376237,0.39830047736303414,1.0,-0.0,0,0
141,0.0,0.5405940594059406,0.3115525535573022,1.0,-0.0,0,0
142,0.0,0.5405940594059406,0.3115525535573022,1.0,-0.0,0,0
143,0.0,0.5405940594059406,0.3115525535573022,1.0,-0.0,0,0
144,0.0,0.5405940594059406,0.3115525535573022,1.0,-0.0,0,0
145,0.0,0.0,0.0,1.0,-0.0,0,0
146,0.0,0.0,0.0,1.0,-0.0,0,0
147,0.0,0.0,0.0,1.0,-0.0,0,0
148,0.0,0.5386138613861386,0.31684405916422664,1.0,-0.0,0,0
149,0.0,0.5386138613861386,0.31684405916422664,1.0,-0.0,0,0
150,0.0,0.5386138613861386,0.31684405916422664,1.0,-0.0,0,0
151,0.0,0.5386138613861386,0.31684405916422664,1.0,-0.0,0,0
152,0.0,0.5643564356435643,0.3274818892780441,1.0,-0.0,0,0
153,0.0,0.023762376237623766,0.06471340450838887,1.0,-0.0,0,0
154,0.0,0.023762376237623766,0.06471340450838887,1.0,-0.0,0,0
155,0.0,0.023762376237623766,0.06471340450838887,1.0,-0.0,0,0
156,0.0,0.023762376237623766,0.06471340450838887,1.0,-0.0,0,0
157,0.0,0.0,0.0,1.0,-0.0,0,0
158,0.0,0.0,0.0,1.0,-0.0,0,0
159,0.0,0.0,0.0,1.0,-0.0,0,0
160,0.0,0.06732673267326733,0.12032045569079852,1.0,-0.0,0,0
161,1.4,0.7247524752475247,0.39386531863893065,0.043226520709616925,1.364249719299199,0,0
162,1.4,0.9495049504950496,0.43908630658329345,0.152449818278951,0.8168730889797804,0,0
163,1.4,0.9495049504950496,0.43908630658329345,0.152449818278951,0.8168730889797804,0,0
164,1.4,0.9495049504950496,0.43908630658329345,0.152449818278951,0.8168730889797804,0,0
165,1.4,0.8811881188118812,0.44157971848764693,0.12001742173817938,0.9207557071558972,0,0
166,0.0,0.2514851485148515,0.21369630592401923,1.0,-0.0,0,0
167,0.0,0.02772277227722772,0.07461957893630407,1.0,-0.0,0,0
168,0.0,0.02772277227722772,0.07461957893630407,1.0,-0.0,0,0
169,0.0,0.02772277227722772,0.07461957893630407,1.0,-0.0,0,0
170,0.0,0.02772277227722772,0.07461957893630407,1.0,-0.0,0,0
171,0.0,0.0,0.0,1.0,-0.0,0,0
172,0.0,0.0,0.0,1.0,-0.0,0,0
173,0.0,0.0,0.0,1.0,-0.0,0,0
174,0.0,0.0,0.0,1.0,-0.0,0,0
175,0.0,0.0,0.0,1.0,-0.0,0,0
176,0.0,0.0,0.0,1.0,-0.0,0,0
177,0.0,0.0,0.0,1.0,-0.0,0,0
178,0.0,0.5168316831683167,0.318744227493665,1.0,-0.0,0,0
179,0.0,0.5168316831683167,0.318744227493665,1.0,-0.0,0,0
180,0.0,0.5168316831683167,0.318744227493665,1.0,-0.0,0,0
181,0.0,0.5168316831683167,0.318744227493665,1.0,-0.0,0,0
182,0.0,0.5168316831683167,0.318744227493665,1.0,-0.0,0,0
183,0.0,0.0,0.0,1.0,-0.0,0,0
184,0.0,0.0,0.0,1.0,-0.0,0,0
185,0.0,0.0,0.0,1.0,-0.0,0,0
186,0.0,0.613861386138614,0.3333091518203296,1.0,-0.0,0,0
187,0.0,0.613861386138614,0.3333091518203296,1.0,-0.0,0,0
188,0.0,0.6376237623762375,0.33621406581107055,1.0,-0.0,0,0
189,0.0,1.2376237623762376,0.4348327287700489,1.0,-0.0,0,0
190,0.0,1.2376237623762376,0.4348327287700489,1.0,-0.0,0,0
191,0.0,0.7801980198019802,0.3587712258129494,1.0,-0.0,0,0
192,0.0,0.7801980198019802,0.3587712258129494,1.0,-0.0,0,0
193,0.0,0.7564356435643564,0.3555544663360545,1.0,-0.0,0,0
194,0.0,0.1564356435643564,0.15312962320143528,1.0,-0.0,0,0
195,0.0,0.22574257425742572,0.17272049494935862,1.0,-0.0,0,0
196,0.0,0.08316831683168316,0.14696218071508493,1.0,-0.0,0,0
197,0.0,0.08316831683168316,0.14696218071508493,1.0,-0.0,0,0
198,0.0,0.1405940594059406,0.20400845343666582,1.0,-0.0,0,0
199,0.0,0.1405940594059406,0.20400845343666582,1.0,-0.0,0,0
200,0.0,0.0712871287128713,0.12454800153280307,1.0,-0.0,0,0
201,0.0,0.05742574257425742,0.10656335878870264,1.0,-0.0,0,0
202,0.0,0.05742574257425742,0.10656335878870264,1.0,-0.0,0,0
203,0.0,0.47524752475247517,0.3081101579379787,1.0,-0.0,0,0
204,0.0,0.5386138613861386,0.3374248129025449,1.0,-0.0,0,0
205,0.0,0.5386138613861386,0.3374248129025449,1.0,-0.0,0,0
206,0.0,0.5386138613861386,0.3374248129025449,1.0,-0.0,0,0
207,0.0,0.5386138613861386,0.3374248129025449,1.0,-0.0,0,0
208,0.0,0.3524752475247525,0.27739740210435576,1.0,-0.0,0,0
209,0.0,0.29108910891089107,0.2493949152303838,1.0,-0.0,0,0
210,0.0,0.29108910891089107,0.2493949152303838,1.0,-0.0,0,0
211,0.0,0.29108910891089107,0.2493949152303838,1.0,-0.0,0,0
212,0.0,0.29108910891089107,0.2493949152303838,1.0,-0.0,0,0
213,0.0,0.0,0.0,1.0,-0.0,0,0
214,0.0,0.0,0.0,1.0,-0.0,0,0
215,0.0,0.0,0.0,1.0,-0.0,0,0
216,0.0,0.0297029702970297,0.07112192077650681,1.0,-0.0,0,0
217,0.0,0.05544554455445545,0.09797478714338997,1.0,-0.0,0,0
218,0.0,0.05544554455445545,0.09797478714338997,1.0,-0.0,0,0
219,0.0,0.05544554455445545,0.09797478714338997,1.0,-0.0,0,0
220,0.0,0.05544554455445545,0.09797478714338997,1.0,-0.0,0,0
221,0.0,0.025742574257425748,0.0669763743575753,1.0,-0.0,0,0
222,0.0,0.0,0.0,1.0,-0.0,0,0
223,0.0,0.0,0.0,1.0,-0.0,0,0
224,0.0,0.0,0.0,1.0,-0.0,0,0
225,0.0,0.0,0.0,1.0,-0.0,0,0
226,0.0,0.0,0.0,1.0,-0.0,0,0
227,0.0,0.0,0.0,1.0,-0.0,0,0
228,0.8,0.5623762376237625,0.3130341724136772,0.22389682617515444,0.6499520626710207,0,0
229,0.8,0.5623762376237625,0.3130341724136772,0.22389682617515444,0.6499520626710207,0,0
230,0.8,0.5623762376237625,0.3130341724136772,0.22389682617515444,0.6499520626710207,0,0
231,5.2,1.2514851485148515,0.44021008966942154,1.0148776854581641e-17,16.993586296402523,0,0
232,5.2,1.2514851485148515,0.44021008966942154,1.0148776854581641e-17,16.993586296402523,0,0
233,4.4,0.6891089108910892,0.3463818616484008,1.0000000004408337e-17,16.999999999808548,0,0
234,4.4,0.6891089108910892,0.3463818616484008,1.0000000004408337e-17,16.999999999808548,0,0
235,4.4,1.1702970297029702,0.4390684455664828,9.489816178665958e-14,13.022742199939854,0,0
236,0.0,0.47920792079207913,0.29795236235729144,1.0,-0.0,0,0
237,0.2,0.5128712871287128,0.3201680766322322,1.0,-0.0,0,0
238,0.2,0.5128712871287128,0.3201680766322322,1.0,-0.0,0,0
239,0.2,0.5504950495049503,0.32262038581253544,1.0,-0.0,0,0
240,0.2,0.06930693069306931,0.10316052497133552,0.10259725727169978,0.9888642490457182,0,0
241,0.2,0.06930693069306931,0.10316052497133552,0.10259725727169978,0.9888642490457182,0,0
242,0.0,0.057425742574257435,0.09048443294095733,1.0,-0.0,0,0
243,0.0,0.057425742574257435,0.09048443294095733,1.0,-0.0,0,0
244,0.0,0.08316831683168317,0.12028786177019754,1.0,-0.0,0,0
245,0.0,0.6613861386138613,0.34439509231381643,1.0,-0.0,0,0
246,0.0,0.6613861386138613,0.34439509231381643,1.0,-0.0,0,0
247,0.0,0.6396039603960395,0.34124965685132486,1.0,-0.0,0,0
248,0.0,0.6396039603960395,0.34124965685132486,1.0,-0.0,0,0
249,0.0,0.5782178217821782,0.3445772155905934,1.0,-0.0,0,0
250,0.0,0.0,0.0,1.0,-0.0,0,0
251,0.0,0.0,0.0,1.0,-0.0,0,0
252,0.0,0.0,0.0,1.0,-0.0,0,0
253,0.0,0.0,0.0,1.0,-0.0,0,0
254,0.0,0.2396039603960396,0.1970471160025168,1.0,-0.0,0,0
255,0.0,0.2396039603960396,0.1970471160025168,1.0,-0.0,0,0
256,0.0,0.2396039603960396,0.1970471160025168,1.0,-0.0,0,0
257,0.0,0.30297029702970296,0.2297029702970297,1.0,-0.0,0,0
258,0.0,0.6534653465346535,0.36139563258924823,1.0,-0.0,0,0
259,0.0,0.41386138613861395,0.2673780662117742,1.0,-0.0,0,0
260,0.0,0.9544554455445542,0.39389518444851823,1.0,-0.0,0,0
261,0.0,0.9732673267326731,0.3977389285311299,1.0,-0.0,0,0
262,0.0,0.9366336633663365,0.40680420090834707,1.0,-0.0,0,0
