,foreground,bg_means,bg_stdev,pvals,minus_logs,regs,active
2,0.0,0.11485148514851483,0.13598641357140118,1.0,-0.0,0,0
3,0.0,0.11485148514851483,0.13598641357140118,1.0,-0.0,0,0
4,0.0,0.13663366336633662,0.14605218942246156,1.0,-0.0,0,0
5,0.0,0.22574257425742572,0.16329131190564994,1.0,-0.0,0,0
6,0.4,0.2653465346534653,0.19722613224536606,0.24738670286539144,0.6066236475823374,0,0
7,0.4,0.2613861386138614,0.206321049942671,0.25084412715019766,0.6005960623704099,0,0
8,0.4,0.30297029702970296,0.227972312694672,0.33519217881136293,0.47470612351042174,0,0
9,0.4,0.25346534653465347,0.21227870547734487,0.24500475381763165,0.6108254889549124,0,0
10,0.4,0.16435643564356434,0.1853998400118088,0.10186397153106826,0.9919793953068738,0,0
11,0.0,0.1861386138613861,0.1694660823392845,1.0,-0.0,0,0
12,0.0,0.13168316831683166,0.15474712241238045,1.0,-0.0,0,0
13,0.0,0.0891089108910891,0.12734998170941406,1.0,-0.0,0,0
14,0.0,0.061386138613861385,0.10806149425459212,1.0,-0.0,0,0
15,0.0,0.061386138613861385,0.10806149425459212,1.0,-0.0,0,0
16,0.2,0.06534653465346535,0.1129581045303102,0.11661777127180513,0.9332352628086961,0,0
17,0.2,0.06534653465346535,0.1129581045303102,0.11661777127180513,0.9332352628086961,0,0
18,0.2,0.06534653465346535,0.1129581045303102,0.11661777127180513,0.9332352628086961,0,0
19,0.2,0.06534653465346535,0.1129581045303102,0.11661777127180513,0.9332352628086961,0,0
20,0.4,0.08514851485148514,0.12379009590564582,0.0054884971830115705,2.260546554360662,0,0
21,0.2,0.18217821782178212,0.18900261384538627,0.4624378716488633,0.3349466063033225,0,0
22,0.2,0.18217821782178212,0.18900261384538627,0.4624378716488633,0.3349466063033225,0,0
23,0.2,0.18217821782178212,0.18900261384538627,0.4624378716488633,0.3349466063033225,0,0
24,0.2,0.2059405940594059,0.19991175388711227,1.0,-0.0,0,0
25,0.2,0.22376237623762374,0.2035081017928858,1.0,-0.0,0,0
26,0.2,0.061386138613861385,0.1080614942545921,0.09979311443423107,1.000899423305625,0,0
27,0.4,0.10891089108910891,0.13057300215314485,0.012896284010276652,1.8895354111207339,0,0
28,0.6,0.2792079207920791,0.21075856943604074,0.06399411662505894,1.1938599515586463,0,0
29,0.8,0.3247524752475248,0.24185993024932795,0.02470885071864744,1.6071474544424091,0,0
30,0.6,0.28712871287128716,0.23448421017018475,0.09105347351670841,1.0407034820451717,0,0
31,0.6,0.33069306930693065,0.2570751611237791,0.14741595841430793,0.831455499678298,0,0
32,0.4,0.4099009900990099,0.24756435326783358,1.0,-0.0,0,0
33,0.2,0.2396039603960396,0.1970471160025168,1.0,-0.0,0,0
34,0.0,0.2079207920792079,0.19684801812808977,1.0,-0.0,0,0
35,0.0,0.24554455445544549,0.2122602328057286,1.0,-0.0,0,0
36,0.0,0.20396039603960395,0.2086831849930728,1.0,-0.0,0,0
37,0.0,0.07524752475247524,0.1189108498693262,1.0,-0.0,0,0
38,0.0,0.16435643564356434,0.18325125229717662,1.0,-0.0,0,0
39,0.0,0.12475247524752472,0.16614793634378633,1.0,-0.0,0,0
40,0.0,0.08712871287128714,0.14188502271424044,1.0,-0.0,0,0
41,0.0,0.10891089108910891,0.16295477712032463,1.0,-0.0,0,0
42,0.0,0.10891089108910891,0.16295477712032463,1.0,-0.0,0,0
43,0.0,0.021782178217821784,0.06230547612891991,1.0,-0.0,0,0
44,0.0,0.021782178217821784,0.06230547612891991,1.0,-0.0,0,0
45,0.0,0.021782178217821784,0.06230547612891991,1.0,-0.0,0,0
46,0.0,0.0,0.0,1.0,-0.0,0,0
47,0.0,0.0,0.0,1.0,-0.0,0,0
48,0.0,0.0,0.0,1.0,-0.0,0,0
49,0.0,0.0,0.0,1.0,-0.0,0,0
50,0.0,0.0,0.0,1.0,-0.0,0,0
51,0.0,0.0,0.0,1.0,-0.0,0,0
52,0.2,0.03564356435643565,0.07653920035678292,0.015882722457572503,1.7990750531077893,0,0
53,0.2,0.03564356435643565,0.07653920035678292,0.015882722457572503,1.7990750531077893,0,0
54,0.2,0.03564356435643565,0.07653920035678292,0.015882722457572503,1.7990750531077893,0,0
55,0.2,0.03564356435643565,0.07653920035678292,0.015882722457572503,1.7990750531077893,0,0
56,0.2,0.03564356435643565,0.07653920035678292,0.015882722457572503,1.7990750531077893,0,0
57,0.0,0.0,0.0,1.0,-0.0,0,0
58,0.0,0.0,0.0,1.0,-0.0,0,0
59,0.0,0.0,0.0,1.0,-0.0,0,0
60,0.0,0.0,0.0,1.0,-0.0,0,0
61,0.0,0.0,0.0,1.0,-0.0,0,0
62,0.2,0.031683168316831684,0.07826167463512675,0.015750221703151112,1.8027133286186672,0,0
63,0.4,0.06930693069306931,0.11409790329416186,0.001875794216145872,2.726814807585068,0,0
64,0.4,0.09504950495049505,0.13078304733432375,0.009857502087670462,2.0062331222777,0,0
65,0.4,0.11485148514851484,0.14717547862227362,0.026343775878197723,1.5793219770758344,0,0
66,0.4,0.11485148514851484,0.14717547862227362,0.026343775878197723,1.5793219770758344,0,0
67,0.2,0.08316831683168317,0.12353642740976016,0.17214403052095056,0.7641080328301242,0,0
68,0.0,0.07524752475247526,0.11553229422427584,1.0,-0.0,0,0
69,0.0,0.04950495049504951,0.09504950495049506,1.0,-0.0,0,0
70,0.0,0.02970297029702971,0.07648795214189293,1.0,-0.0,0,0
71,0.0,0.02970297029702971,0.07648795214189293,1.0,-0.0,0,0
72,0.0,0.02970297029702971,0.07648795214189293,1.0,-0.0,0,0
73,0.4,0.039603960396039604,0.08452453849668534,1.0048801267895168e-05,4.9978857426005865,0,0
74,0.8,0.07722772277227724,0.1193059036149867,6.885079143855817e-10,9.16209106317143,0,0
75,1.2,0.1267326732673267,0.15599637537608815,2.990986903537836e-12,11.524185488584765,0,0
76,1.2,0.1267326732673267,0.15599637537608815,2.990986903537836e-12,11.524185488584765,0,0
77,1.2,0.1267326732673267,0.15599637537608815,2.990986903537836e-12,11.524185488584765,0,0
78,0.8,0.08712871287128714,0.13324834725751067,4.399055981895089e-08,7.3566405112049,0,0
79,0.4,0.04950495049504951,0.09504950495049506,0.00011323404682251737,3.946022971345902,0,0
80,0.0,0.0,0.0,1.0,-0.0,0,0
81,0.0,0.0,0.0,1.0,-0.0,0,0
82,0.0,0.0,0.0,1.0,-0.0,0,0
83,0.0,0.04356435643564357,0.08255312311158745,1.0,-0.0,0,0
84,0.0,0.04356435643564357,0.08255312311158745,1.0,-0.0,0,0
85,0.0,0.06336633663366337,0.09304823860966917,1.0,-0.0,0,0
86,0.0,0.06336633663366337,0.09304823860966917,1.0,-0.0,0,0
87,0.0,0.06336633663366337,0.09304823860966917,1.0,-0.0,0,0
88,0.0,0.019801980198019802,0.0597350618970232,1.0,-0.0,0,0
89,0.0,0.019801980198019802,0.0597350618970232,1.0,-0.0,0,0
90,0.0,0.0,0.0,1.0,-0.0,0,0
91,0.0,0.0,0.0,1.0,-0.0,0,0
92,0.0,0.0,0.0,1.0,-0.0,0,0
93,0.0,0.0811881188118812,0.11664694237642093,1.0,-0.0,0,0
94,0.0,0.0811881188118812,0.11664694237642093,1.0,-0.0,0,0
95,0.0,0.0811881188118812,0.11664694237642093,1.0,-0.0,0,0
96,0.0,0.12079207920792076,0.14094225464771679,1.0,-0.0,0,0
97,0.0,0.12079207920792076,0.14094225464771679,1.0,-0.0,0,0
98,0.0,0.039603960396039604,0.08452453849668534,1.0,-0.0,0,0
99,0.0,0.039603960396039604,0.08452453849668534,1.0,-0.0,0,0
100,0.0,0.039603960396039604,0.08452453849668534,1.0,-0.0,0,0
101,0.0,0.0,0.0,1.0,-0.0,0,0
102,0.0,0.0,0.0,1.0,-0.0,0,0
103,0.0,0.27722772277227725,0.2161229885091842,1.0,-0.0,0,0
104,0.0,0.27722772277227725,0.2161229885091842,1.0,-0.0,0,0
105,0.0,0.3207920792079208,0.24059202215655423,1.0,-0.0,0,0
106,0.0,0.3207920792079208,0.24059202215655423,1.0,-0.0,0,0
107,0.0,0.3207920792079208,0.24059202215655423,1.0,-0.0,0,0
108,0.0,0.3504950495049505,0.23446748698005046,1.0,-0.0,0,0
109,0.0,0.3504950495049505,0.23446748698005046,1.0,-0.0,0,0
110,0.0,0.35841584158415846,0.24906451775889302,1.0,-0.0,0,0
111,0.0,0.35841584158415846,0.24906451775889302,1.0,-0.0,0,0
112,0.0,0.35841584158415846,0.24906451775889302,1.0,-0.0,0,0
113,0.0,0.05148514851485149,0.096075322540263,1.0,-0.0,0,0
114,0.0,0.05148514851485149,0.096075322540263,1.0,-0.0,0,0
115,0.0,0.0,0.0,1.0,-0.0,0,0
116,0.0,0.19405940594059404,0.19387746573147427,1.0,-0.0,0,0
117,0.0,0.2653465346534654,0.22000704019534495,1.0,-0.0,0,0
118,0.0,0.3366336633663367,0.259368147802502,1.0,-0.0,0,0
119,0.0,0.40990099009901004,0.27195840920194647,1.0,-0.0,0,0
120,0.0,0.40990099009901004,0.27195840920194647,1.0,-0.0,0,0
121,0.0,0.21584158415841578,0.19022273201620318,1.0,-0.0,0,0
122,0.0,0.1564356435643564,0.15821769786485684,1.0,-0.0,0,0
123,0.0,0.08316831683168316,0.12670172889541698,1.0,-0.0,0,0
124,0.0,0.011881188118811881,0.047276579747775535,1.0,-0.0,0,0
125,0.0,0.011881188118811881,0.047276579747775535,1.0,-0.0,0,0
126,0.0,0.011881188118811881,0.047276579747775535,1.0,-0.0,0,0
127,0.0,0.04356435643564357,0.09164702150816742,1.0,-0.0,0,0
128,0.0,0.04356435643564357,0.09164702150816742,1.0,-0.0,0,0
129,0.0,0.04356435643564357,0.09164702150816742,1.0,-0.0,0,0
130,0.0,0.04356435643564357,0.09164702150816742,1.0,-0.0,0,0
131,0.0,0.04356435643564357,0.09164702150816742,1.0,-0.0,0,0
132,0.0,0.0,0.0,1.0,-0.0,0,0
133,0.0,0.0,0.0,1.0,-0.0,0,0
134,0.0,0.0,0.0,1.0,-0.0,0,0
135,0.0,0.0,0.0,1.0,-0.0,0,0
136,0.0,0.0,0.0,1.0,-0.0,0,0
137,0.0,0.025742574257425745,0.06697637435757531,1.0,-0.0,0,0
138,0.0,0.05742574257425744,0.11375371577303027,1.0,-0.0,0,0
139,0.0,0.05742574257425744,0.11375371577303027,1.0,-0.0,0,0
140,0.0,0.05742574257425744,0.11375371577303027,1.0,-0.0,0,0
141,0.0,0.05742574257425744,0.11375371577303027,1.0,-0.0,0,0
142,0.0,0.031683168316831684,0.08316831683168317,1.0,-0.0,0,0
143,0.0,0.0,0.0,1.0,-0.0,0,0
144,0.0,0.057425742574257435,0.09476028605152792,1.0,-0.0,0,0
145,0.0,0.057425742574257435,0.09476028605152792,1.0,-0.0,0,17
146,0.0,0.057425742574257435,0.09476028605152792,1.0,-0.0,0,0
147,0.0,0.057425742574257435,0.09476028605152792,1.0,-0.0,0,0
148,0.0,0.057425742574257435,0.09476028605152792,1.0,-0.0,0,0
149,0.0,0.0,0.0,1.0,-0.0,0,0
150,0.0,0.0,0.0,1.0,-0.0,0,0
151,0.0,0.08316831683168316,0.12028786177019754,1.0,-0.0,0,0
152,0.0,0.09900990099009901,0.1308729634998678,1.0,-0.0,0,0
153,0.0,0.09900990099009901,0.1308729634998678,1.0,-0.0,0,0
154,0.0,0.09900990099009901,0.1308729634998678,1.0,-0.0,0,0
155,0.0,0.09900990099009901,0.1308729634998678,1.0,-0.0,0,0
156,0.0,0.015841584158415842,0.05401260078014202,1.0,-0.0,0,0
157,0.0,0.023762376237623763,0.07056843438101176,1.0,-0.0,0,0
158,0.0,0.023762376237623763,0.07056843438101176,1.0,-0.0,0,0
159,0.0,0.04950495049504951,0.1068206254198905,1.0,-0.0,0,0
160,0.2,0.061386138613861385,0.11515834731523734,0.11435653877291625,0.9417389978975692,0,0
161,0.2,0.061386138613861385,0.11515834731523734,0.11435653877291625,0.9417389978975692,0,0
162,0.2,0.03762376237623763,0.07816140339006158,0.01888012292982573,1.723995182306426,0,0
163,0.2,0.05346534653465347,0.09287951999650358,0.05731896239780438,1.2417016799108866,0,0
164,0.2,0.02772277227722772,0.06910862719451544,0.0063361735559086295,2.1981729353735644,0,0
165,0.0,0.015841584158415842,0.05401260078014202,1.0,-0.0,0,0
166,0.0,0.015841584158415842,0.05401260078014202,1.0,-0.0,0,0
167,0.2,0.05544554455445544,0.10193693208898019,0.07808409030039491,1.1074374449781046,0,0
168,0.2,0.06534653465346535,0.11295810453031019,0.11661777127180513,0.9332352628086961,0,0
169,0.2,0.15247524752475247,0.16921136785416444,0.3894087826801889,0.4095942576785224,0,0
170,0.4,0.18613861386138614,0.187230838076401,0.1266784310982939,0.8972973239674205,0,0
171,0.4,0.18613861386138614,0.187230838076401,0.1266784310982939,0.8972973239674205,0,0
172,0.2,0.14653465346534653,0.1564231101634178,0.36625087925190963,0.4362213240336179,0,0
173,0.2,0.1198019801980198,0.13498793637349912,0.27621843680882996,0.5587473368467784,0,0
174,0.2,0.07326732673267328,0.10798889666879985,0.12028338488133557,0.9197943589669167,0,0
175,0.0,0.08118811881188118,0.11320083903331847,1.0,-0.0,0,0
176,0.0,0.08118811881188118,0.11320083903331847,1.0,-0.0,0,0
177,0.0,0.08118811881188118,0.11320083903331847,1.0,-0.0,0,0
178,0.0,0.08118811881188118,0.11320083903331847,1.0,-0.0,0,0
179,0.0,0.041584158415841586,0.08590499787518362,1.0,-0.0,0,0
180,0.0,0.019801980198019802,0.059735061897023205,1.0,-0.0,0,0
181,0.0,0.019801980198019802,0.059735061897023205,1.0,-0.0,0,0
182,0.2,0.03762376237623763,0.08307396817189318,0.025315250600093615,1.5966177690988217,0,0
183,0.2,0.03762376237623763,0.08307396817189318,0.025315250600093615,1.5966177690988217,0,0
184,0.2,0.06534653465346535,0.10571364605971598,0.10137482685028305,0.9940698745616096,0,0
185,0.2,0.04554455445544555,0.09283729243351321,0.04808399917069303,1.3179994190099724,0,0
186,0.2,0.04554455445544555,0.09283729243351321,0.04808399917069303,1.3179994190099724,0,0
187,0.0,0.027722772277227727,0.06910862719451544,1.0,-0.0,0,0
188,0.0,0.027722772277227727,0.06910862719451544,1.0,-0.0,0,0
189,0.0,0.031683168316831684,0.0730260947112308,1.0,-0.0,0,0
190,0.0,0.10099009900990097,0.13386490123687583,1.0,-0.0,0,0
191,0.0,0.10099009900990097,0.13386490123687583,1.0,-0.0,0,0
192,0.0,0.10099009900990097,0.13386490123687583,1.0,-0.0,0,0
193,0.0,0.12574257425742572,0.13976887948531722,1.0,-0.0,0,0
194,0.0,0.09306930693069305,0.12126186845461277,1.0,-0.0,0,0
195,0.0,0.023762376237623766,0.06471340450838887,1.0,-0.0,0,0
196,0.0,0.023762376237623766,0.06471340450838887,1.0,-0.0,0,0
197,0.0,0.023762376237623766,0.06471340450838887,1.0,-0.0,0,0
198,0.0,0.04554455445544555,0.10100951085035129,1.0,-0.0,0,0
199,0.0,0.04554455445544555,0.10100951085035129,1.0,-0.0,0,0
200,0.0,0.04554455445544555,0.10100951085035129,1.0,-0.0,0,0
201,0.0,0.04554455445544555,0.10100951085035129,1.0,-0.0,0,0
202,0.0,0.0891089108910891,0.12734998170941408,1.0,-0.0,0,0
203,0.0,0.04356435643564357,0.08721867542790195,1.0,-0.0,0,0
204,0.0,0.04356435643564357,0.08721867542790195,1.0,-0.0,0,0
205,0.0,0.08712871287128714,0.12401163019288061,1.0,-0.0,0,0
206,0.0,0.1861386138613861,0.176337717710045,1.0,-0.0,0,0
207,0.0,0.1900990099009901,0.17434741150934763,1.0,-0.0,0,0
208,0.0,0.1900990099009901,0.17434741150934763,1.0,-0.0,0,0
209,0.0,0.1900990099009901,0.17434741150934763,1.0,-0.0,0,0
210,0.0,0.1465346534653465,0.1638426898490107,1.0,-0.0,0,0
211,0.0,0.047524752475247525,0.09397077637785882,1.0,-0.0,0,0
212,0.0,0.0,0.0,1.0,-0.0,0,0
213,0.2,0.015841584158415842,0.05401260078014202,0.00032535620257014524,3.4876409094885674,0,0
214,0.2,0.015841584158415842,0.05401260078014202,0.00032535620257014524,3.4876409094885674,0,0
215,0.2,0.031683168316831684,0.0730260947112308,0.01058647624307391,1.9752485727397298,0,0
216,0.2,0.031683168316831684,0.0730260947112308,0.01058647624307391,1.9752485727397298,0,0
217,0.4,0.12871287128712872,0.15816812315022463,0.04315592565441793,1.3649595637418739,0,0
218,0.2,0.11287128712871287,0.14188502271424047,0.2695813293766278,0.5693101893974302,0,0
219,0.2,0.11287128712871287,0.14188502271424047,0.2695813293766278,0.5693101893974302,0,0
220,0.2,0.09702970297029703,0.13383560593042218,0.22083419262354137,0.6559336822197845,0,0
221,0.2,0.13465346534653466,0.14921288105967928,0.33071429276543246,0.4805470354007088,0,0
222,0.0,0.03564356435643565,0.07653920035678292,1.0,-0.0,0,0
223,0.0,0.03564356435643565,0.07653920035678292,1.0,-0.0,0,0
224,0.0,0.03564356435643565,0.07653920035678292,1.0,-0.0,0,0
225,0.0,0.03564356435643565,0.07653920035678292,1.0,-0.0,0,0
226,0.0,0.0,0.0,1.0,-0.0,0,0
227,0.0,0.021782178217821784,0.06230547612891991,1.0,-0.0,0,0
228,0.0,0.021782178217821784,0.06230547612891991,1.0,-0.0,0,0
229,0.0,0.021782178217821784,0.06230547612891991,1.0,-0.0,0,0
230,0.0,0.021782178217821784,0.06230547612891991,1.0,-0.0,0,0
231,0.0,0.021782178217821784,0.06230547612891991,1.0,-0.0,0,0
232,0.0,0.0,0.0,1.0,-0.0,0,0
233,0.0,0.0,0.0,1.0,-0.0,0,0
234,0.0,0.0,0.0,1.0,-0.0,0,0
235,0.0,0.02772277227722773,0.07461957893630405,1.0,-0.0,0,0
236,0.0,0.02772277227722773,0.07461957893630405,1.0,-0.0,0,0
237,0.0,0.02772277227722773,0.07461957893630405,1.0,-0.0,0,0
238,0.0,0.02772277227722773,0.07461957893630405,1.0,-0.0,0,0
239,0.0,0.02772277227722773,0.07461957893630405,1.0,-0.0,0,0
240,0.0,0.0,0.0,1.0,-0.0,0,0
241,0.0,0.0,0.0,1.0,-0.0,0,0
242,0.0,0.0,0.0,1.0,-0.0,0,0
243,0.0,0.1287128712871287,0.13075306153836974,1.0,-0.0,0,0
244,0.0,0.17227722772277226,0.16174715133989812,1.0,-0.0,0,0
245,0.0,0.17227722772277226,0.16174715133989812,1.0,-0.0,0,0
246,0.0,0.2871287128712871,0.18756562750439,1.0,-0.0,0,0
247,0.0,0.2871287128712871,0.18756562750439,1.0,-0.0,0,0
248,0.0,0.18217821782178217,0.19108654387033375,1.0,-0.0,0,0
249,0.0,0.20198019801980194,0.18129359046727286,1.0,-0.0,0,0
250,0.6,0.34851485148514855,0.2314884516445257,0.13865476117087822,0.8580652128893084,0,0
251,0.6,0.26732673267326734,0.2129978900518789,0.05916027497026597,1.2279698161188288,0,0
252,0.6,0.2891089108910891,0.22245301655419594,0.08112285409801968,1.0908567782127132,1,0
253,0.6,0.2673267326732673,0.218504779788257,0.06394207160971689,1.1942132974654196,0,0
254,0.8,0.3188118811881188,0.24075494763209415,0.022822389058301997,1.6416388953897698,0,0
255,0.2,0.1742574257425742,0.17724708119287327,0.4422624561514123,0.3543199265094926,0,0
256,0.2,0.1386138613861386,0.15088537189345533,0.34206291389542953,0.4658940090176627,0,0
257,0.2,0.11485148514851483,0.13304219431477882,0.26108260912291403,0.5832220558426834,0,0
258,0.2,0.11485148514851483,0.13304219431477882,0.26108260912291403,0.5832220558426834,0,0
259,0.0,0.0,0.0,1.0,-0.0,0,0
260,0.0,0.0,0.0,1.0,-0.0,0,0
261,0.0,0.027722772277227727,0.07461957893630407,1.0,-0.0,0,0
262,0.8,0.1326732673267327,0.16951235294283326,4.129732353612208e-05,4.38407809389224,0,0
263,0.8,0.1326732673267327,0.16951235294283326,4.129732353612208e-05,4.38407809389224,0,0
264,0.8,0.1326732673267327,0.16951235294283326,4.129732353612208e-05,4.38407809389224,1,0
265,0.8,0.1326732673267327,0.16951235294283326,4.129732353612208e-05,4.38407809389224,0,0
266,0.8,0.10495049504950495,0.14513649268759363,8.383359517091954e-07,6.076581908893029,0,0
267,0.0,0.0,0.0,1.0,-0.0,0,0
268,0.0,0.0,0.0,1.0,-0.0,0,0
269,0.0,0.0,0.0,1.0,-0.0,0,0
270,0.0,0.0,0.0,1.0,-0.0,0,0
271,0.0,0.09306930693069305,0.1336890331058871,1.0,-0.0,0,0
272,0.0,0.09306930693069305,0.1336890331058871,1.0,-0.0,0,0
273,0.0,0.11782178217821779,0.1352636147163411,1.0,-0.0,0,0
274,0.2,0.17029702970297028,0.15767151871203475,0.425287375918109,0.3713175085403263,0,0
275,0.2,0.17029702970297028,0.15767151871203475,0.425287375918109,0.3713175085403263,0,0
276,0.2,0.09702970297029702,0.14243667729389656,0.2348645731342125,0.629182487065092,0,0
277,0.2,0.09702970297029702,0.14243667729389656,0.2348645731342125,0.629182487065092,0,0
278,0.2,0.08514851485148514,0.12379009590564582,0.17675768599419261,0.7526216925958915,0,0
279,0.0,0.03366336633663367,0.07482947971362847,1.0,-0.0,0,0
280,0.0,0.07722772277227724,0.1124710639300034,1.0,-0.0,0,0
281,0.0,0.09504950495049506,0.12135883917659061,1.0,-0.0,0,0
282,0.0,0.1861386138613861,0.16711275790766056,1.0,-0.0,0,0
283,0.0,0.38217821782178213,0.2373100239061317,1.0,-0.0,0,0
284,0.0,0.4158415841584158,0.2512277469648112,1.0,-0.0,0,0
285,0.0,0.3722772277227724,0.23885817983791718,1.0,-0.0,0,0
286,0.0,0.3326732673267327,0.22563832923951074,1.0,-0.0,0,0
287,0.0,0.2633663366336634,0.21605040312056809,1.0,-0.0,0,0
288,0.0,0.05544554455445545,0.09384550979067553,1.0,-0.0,0,0
289,0.0,0.021782178217821784,0.06230547612891991,1.0,-0.0,0,0
290,0.0,0.03762376237623763,0.08307396817189319,1.0,-0.0,0,0
291,0.0,0.03762376237623763,0.08307396817189319,1.0,-0.0,0,0
292,0.0,0.015841584158415842,0.05401260078014202,1.0,-0.0,0,0
293,0.0,0.05940594059405942,0.0996808946427978,1.0,-0.0,0,0
294,0.0,0.08514851485148513,0.13304219431477882,1.0,-0.0,0,0
295,0.0,0.08118811881188118,0.12951766673875514,1.0,-0.0,0,0
296,0.0,0.11089108910891086,0.13923481846532232,1.0,-0.0,0,0
297,0.0,0.11089108910891086,0.13923481846532232,1.0,-0.0,0,0
298,0.0,0.06732673267326733,0.11000352009767247,1.0,-0.0,0,0
299,0.0,0.041584158415841586,0.08116396646304633,1.0,-0.0,0,0
300,0.0,0.07524752475247526,0.11553229422427584,1.0,-0.0,0,0
301,0.0,0.06930693069306931,0.12084076279122662,1.0,-0.0,0,0
302,0.0,0.06930693069306931,0.12084076279122662,1.0,-0.0,0,0
303,0.0,0.06930693069306931,0.12084076279122662,1.0,-0.0,0,0
304,0.0,0.1108910891089109,0.16038381569359675,1.0,-0.0,0,0
305,0.0,0.06534653465346535,0.12302752132284413,1.0,-0.0,0,0
306,0.0,0.041584158415841586,0.0946774898050053,1.0,-0.0,0,0
307,0.0,0.0712871287128713,0.1213265242141813,1.0,-0.0,0,0
308,0.0,0.09108910891089106,0.12750384183766536,1.0,-0.0,0,0
309,0.0,0.07524752475247526,0.11205191564986226,1.0,-0.0,0,0
310,0.0,0.10693069306930691,0.1306930693069307,1.0,-0.0,0,0
311,0.0,0.10693069306930691,0.1306930693069307,1.0,-0.0,0,0
312,0.0,0.07722772277227724,0.10519306919044298,1.0,-0.0,0,0
313,0.0,0.09504950495049505,0.12135883917659061,1.0,-0.0,0,0
314,0.0,0.06930693069306931,0.11057238501634628,1.0,-0.0,0,0
315,0.0,0.03762376237623762,0.08771182015980239,1.0,-0.0,0,0
316,0.0,0.09504950495049505,0.11805036483793174,1.0,-0.0,0,0
317,0.0,0.09504950495049505,0.11805036483793174,1.0,-0.0,0,0
318,0.2,0.1168316831683168,0.16232793292609263,0.304203900116499,0.5168352222744195,0,0
319,0.2,0.1584158415841584,0.18307998940714806,0.41015877929826944,0.3870479880993875,0,0
320,0.4,0.16831683168316827,0.19239537111273064,0.11425547777643842,0.9421229692795415,0,0
321,0.4,0.10891089108910891,0.15549283508436104,0.030600400595916087,1.5142728880459675,0,0
322,0.4,0.1287128712871287,0.16550949460567813,0.050595892874666176,1.2958847356159928,0,0
323,0.2,0.06930693069306931,0.1303024465454424,0.15793095749934505,0.8015327315917935,0,0
324,0.2,0.0297029702970297,0.07112192077650681,0.008322928729312118,2.079723824290396,0,0
325,0.0,0.019801980198019802,0.059735061897023205,1.0,-0.0,0,0
326,0.0,0.019801980198019802,0.059735061897023205,1.0,-0.0,0,0
327,0.0,0.0,0.0,1.0,-0.0,0,0
328,0.0,0.0,0.0,1.0,-0.0,0,0
329,0.0,0.0,0.0,1.0,-0.0,0,0
330,0.0,0.0,0.0,1.0,-0.0,0,0
331,0.0,0.0,0.0,1.0,-0.0,0,14
332,0.0,0.0,0.0,1.0,-0.0,0,0
333,0.0,0.08712871287128714,0.11745095149573796,1.0,-0.0,0,14
334,0.0,0.08712871287128714,0.11745095149573796,1.0,-0.0,0,0
335,0.0,0.15841584158415842,0.17870121461668875,1.0,-0.0,0,0
336,0.0,0.15841584158415842,0.17870121461668875,1.0,-0.0,0,0
337,0.0,0.15841584158415842,0.17870121461668875,1.0,-0.0,0,0
338,0.0,0.06930693069306931,0.11057238501634628,1.0,-0.0,0,0
339,0.0,0.06930693069306931,0.11057238501634628,1.0,-0.0,0,0
340,0.0,0.0,0.0,1.0,-0.0,0,0
341,0.0,0.0,0.0,1.0,-0.0,0,0
342,0.0,0.0,0.0,1.0,-0.0,0,0
343,0.0,0.0,0.0,1.0,-0.0,0,0
344,0.0,0.0,0.0,1.0,-0.0,0,0
345,0.0,0.0,0.0,1.0,-0.0,0,0
346,0.0,0.01782178217821782,0.05698017651460657,1.0,-0.0,0,0
347,0.0,0.01782178217821782,0.05698017651460657,1.0,-0.0,0,0
348,0.0,0.05742574257425742,0.09476028605152792,1.0,-0.0,0,0
349,0.0,0.05742574257425742,0.09476028605152792,1.0,-0.0,0,0
350,0.0,0.16633663366336632,0.18036114909680317,1.0,-0.0,0,0
351,0.0,0.14851485148514848,0.1703891070439521,1.0,-0.0,0,0
352,0.0,0.15445544554455443,0.17091758912506996,1.0,-0.0,0,0
353,0.0,0.11287128712871286,0.14188502271424044,1.0,-0.0,0,0
354,0.0,0.16831683168316833,0.17515520306927512,1.0,-0.0,0,0
355,0.0,0.05940594059405942,0.0956253185556407,1.0,-0.0,0,0
356,0.0,0.07524752475247526,0.10474480123119365,1.0,-0.0,0,0
