,foreground,bg_means,bg_stdev,pvals,minus_logs,regs,active
2,0.0,0.11485148514851483,0.1416914361980065,1.0,-0.0,0,0
3,0.0,0.025742574257425745,0.0669763743575753,1.0,-0.0,0,0
4,0.0,0.025742574257425745,0.0669763743575753,1.0,-0.0,0,0
5,0.0,0.025742574257425745,0.0669763743575753,1.0,-0.0,0,0
6,0.0,0.0,0.0,1.0,-0.0,0,0
7,0.0,0.0,0.0,1.0,-0.0,0,0
8,0.0,0.0,0.0,1.0,-0.0,0,0
9,0.0,0.0,0.0,1.0,-0.0,0,0
10,0.0,0.019801980198019802,0.059735061897023205,1.0,-0.0,0,0
11,0.0,0.019801980198019802,0.059735061897023205,1.0,-0.0,0,0
12,0.0,0.019801980198019802,0.059735061897023205,1.0,-0.0,0,0
13,0.0,0.019801980198019802,0.059735061897023205,1.0,-0.0,0,0
14,0.0,0.019801980198019802,0.059735061897023205,1.0,-0.0,0,35
15,0.0,0.0,0.0,1.0,-0.0,0,0
16,0.0,0.7623762376237624,0.3385617469015843,1.0,-0.0,0,0
17,0.0,0.7623762376237624,0.3385617469015843,1.0,-0.0,0,0
18,0.0,0.7623762376237624,0.3385617469015843,1.0,-0.0,0,0
19,0.0,0.8415841584158416,0.38312610098242417,1.0,-0.0,0,0
20,0.0,0.8415841584158416,0.38312610098242417,1.0,-0.0,0,0
21,0.2,0.1386138613861386,0.15088537189345533,0.34206291389542953,0.4658940090176627,0,0
22,0.4,0.16435643564356436,0.15516465761710677,0.06442307175910375,1.190958571409783,0,0
23,0.4,0.16435643564356436,0.15516465761710677,0.06442307175910375,1.190958571409783,0,0
24,0.6,0.10099009900990098,0.118149971407337,1.2025288545253221e-05,4.919904493988825,0,0
25,0.6,0.10099009900990098,0.118149971407337,1.2025288545253221e-05,4.919904493988825,0,0
26,0.4,0.04356435643564357,0.08255312311158745,7.884896149188503e-06,5.103204022326377,0,0
27,0.2,0.017821782178217824,0.05698017651460656,0.0006937928196726553,3.15877019915046,0,0
28,0.2,0.017821782178217824,0.05698017651460656,0.0006937928196726553,3.15877019915046,0,0
29,0.0,0.0,0.0,1.0,-0.0,0,0
30,0.0,0.039603960396039604,0.07970143286137865,1.0,-0.0,0,0
31,0.0,0.06930693069306931,0.11057238501634628,1.0,-0.0,0,0
32,0.0,0.06930693069306931,0.11057238501634628,1.0,-0.0,1,0
33,0.0,0.14455445544554454,0.14383382017690993,1.0,-0.0,0,0
34,0.0,0.14455445544554454,0.14383382017690993,1.0,-0.0,0,0
35,0.0,0.12277227722772274,0.12888031758632065,1.0,-0.0,0,0
36,0.0,0.1168316831683168,0.12353642740976015,1.0,-0.0,0,0
37,0.0,0.1168316831683168,0.12353642740976015,1.0,-0.0,0,0
38,0.4,0.8158415841584159,0.4104411230596667,1.0,-0.0,0,0
39,0.4,0.8158415841584159,0.4104411230596667,1.0,-0.0,0,0
40,0.4,0.798019801980198,0.41505819656835435,1.0,-0.0,0,0
41,0.4,0.7742574257425743,0.4113858407500321,1.0,-0.0,0,0
42,0.4,0.7742574257425743,0.4113858407500321,1.0,-0.0,0,0
43,0.0,0.0,0.0,1.0,-0.0,0,0
44,0.0,0.009900990099009901,0.04338396495090425,1.0,-0.0,0,0
45,0.0,0.009900990099009901,0.04338396495090425,1.0,-0.0,0,0
46,0.0,0.009900990099009901,0.04338396495090425,1.0,-0.0,0,0
47,0.0,0.023762376237623766,0.06471340450838889,1.0,-0.0,0,0
48,0.0,0.023762376237623766,0.06471340450838889,1.0,-0.0,0,0
49,0.0,0.013861386138613863,0.05079507064705211,1.0,-0.0,0,0
50,0.0,0.013861386138613863,0.05079507064705211,1.0,-0.0,0,0
51,0.0,0.06732673267326733,0.11354670246995209,1.0,-0.0,0,0
52,0.0,0.05346534653465348,0.09704990696905226,1.0,-0.0,0,0
53,0.0,0.05346534653465348,0.09704990696905226,1.0,-0.0,0,0
54,0.0,0.05346534653465348,0.09704990696905226,1.0,-0.0,0,0
55,0.0,0.05346534653465348,0.09704990696905226,1.0,-0.0,0,0
56,0.0,0.011881188118811883,0.047276579747775535,1.0,-0.0,0,0
57,0.0,0.011881188118811883,0.047276579747775535,1.0,-0.0,0,0
58,0.0,0.011881188118811883,0.047276579747775535,1.0,-0.0,0,0
59,0.0,0.011881188118811883,0.047276579747775535,1.0,-0.0,0,0
60,0.0,0.011881188118811883,0.047276579747775535,1.0,-0.0,0,0
61,0.0,0.0,0.0,1.0,-0.0,0,0
62,0.0,0.0,0.0,1.0,-0.0,0,0
63,0.0,0.011881188118811883,0.047276579747775535,1.0,-0.0,0,0
64,0.0,0.011881188118811883,0.047276579747775535,1.0,-0.0,0,0
65,0.0,0.011881188118811883,0.047276579747775535,1.0,-0.0,0,0
66,0.0,0.011881188118811883,0.047276579747775535,1.0,-0.0,0,0
67,0.0,0.011881188118811883,0.047276579747775535,1.0,-0.0,0,0
68,0.0,0.0,0.0,1.0,-0.0,0,0
69,0.0,0.0871287128712871,0.11745095149573796,1.0,-0.0,0,0
70,0.0,0.10891089108910887,0.13650445892763632,1.0,-0.0,0,0
71,0.0,0.10891089108910887,0.13650445892763632,1.0,-0.0,0,0
72,0.0,0.13663366336633656,0.14873910461951623,1.0,-0.0,0,0
73,0.0,0.16831683168316827,0.15602150973142348,1.0,-0.0,0,0
74,0.0,0.07920792079207921,0.11285391563386143,1.0,-0.0,0,0
75,0.0,0.057425742574257435,0.09885135821266286,1.0,-0.0,0,0
76,0.0,0.057425742574257435,0.09885135821266286,1.0,-0.0,0,0
77,0.0,0.031683168316831684,0.0730260947112308,1.0,-0.0,0,0
78,0.0,0.0,0.0,1.0,-0.0,0,0
79,0.0,0.14059405940594058,0.13063304952451993,1.0,-0.0,0,0
80,0.0,0.19405940594059407,0.15784550798716543,1.0,-0.0,0,0
81,0.4,1.1376237623762377,0.41335418254498,1.0,-0.0,0,0
82,0.4,1.1376237623762377,0.41335418254498,1.0,-0.0,0,0
83,0.4,1.1376237623762377,0.41335418254498,1.0,-0.0,0,0
84,0.4,1.3128712871287131,0.42998120298234593,1.0,-0.0,0,0
85,0.4,1.2574257425742577,0.41870770888047154,1.0,-0.0,0,0
86,0.0,0.31386138613861386,0.22384121979047228,1.0,-0.0,0,0
87,0.0,0.31386138613861386,0.22384121979047228,1.0,-0.0,0,0
88,0.0,0.31386138613861386,0.22384121979047228,1.0,-0.0,0,0
89,0.0,0.061386138613861385,0.10046456153636295,1.0,-0.0,0,0
90,0.0,0.07920792079207921,0.12293186689242579,1.0,-0.0,0,0
91,0.0,0.07920792079207921,0.12293186689242579,1.0,-0.0,0,0
92,0.2,0.23168316831683167,0.2024262207946621,1.0,-0.0,0,0
93,0.2,0.23168316831683167,0.2024262207946621,1.0,-0.0,0,0
94,0.2,0.17029702970297025,0.16503498246348225,0.4285841962189427,0.36796384734329984,0,0
95,0.4,0.3346534653465348,0.2339652354493771,0.39000723034436274,0.4089273415131119,0,0
96,0.4,0.4356435643564357,0.27632100661405795,1.0,-0.0,0,0
97,0.4,0.4316831683168318,0.30924074798083123,1.0,-0.0,0,0
98,0.6,0.4811881188118813,0.3085298487693041,0.35008522216959603,0.45582622132766715,0,0
99,0.6,0.4811881188118813,0.3085298487693041,0.35008522216959603,0.45582622132766715,0,0
100,0.4,0.297029702970297,0.23481842386627266,0.33050820335559666,0.48081775666894666,0,0
101,0.4,0.19801980198019797,0.18346510608951241,0.1354659833991283,0.8681697459462843,0,0
102,0.2,0.04950495049504951,0.09504950495049506,0.056672754609762926,1.2466256777282645,0,0
103,0.0,0.0,0.0,1.0,-0.0,0,0
104,0.0,0.007920792079207921,0.03900537743285587,1.0,-0.0,0,0
105,0.2,0.10495049504950493,0.15310401409962543,0.2673601682426244,0.5729032941606614,0,0
106,0.2,0.10495049504950493,0.15310401409962543,0.2673601682426244,0.5729032941606614,0,0
107,0.4,0.23762376237623759,0.19235460506266758,0.19929265329320972,0.7005087107978972,0,0
108,0.4,0.23762376237623759,0.19235460506266758,0.19929265329320972,0.7005087107978972,0,0
109,0.4,0.22970297029702966,0.1810555160500984,0.17346030479729263,0.7607998948206784,0,0
110,0.2,0.13267326732673265,0.12032045569079852,0.28788917803130276,0.5407746602682334,0,0
111,0.2,0.13267326732673265,0.12032045569079852,0.28788917803130276,0.5407746602682334,0,0
112,0.0,0.0,0.0,1.0,-0.0,0,0
113,0.0,0.0,0.0,1.0,-0.0,0,0
114,0.0,0.0,0.0,1.0,-0.0,0,0
115,0.0,0.0,0.0,1.0,-0.0,0,0
116,0.0,0.0,0.0,1.0,-0.0,0,0
117,0.0,0.0,0.0,1.0,-0.0,0,0
118,0.0,0.0,0.0,1.0,-0.0,0,0
119,0.0,0.0,0.0,1.0,-0.0,0,0
120,0.0,0.0,0.0,1.0,-0.0,0,0
121,0.0,0.0,0.0,1.0,-0.0,0,0
122,0.0,0.0,0.0,1.0,-0.0,0,0
123,0.0,0.0,0.0,1.0,-0.0,0,0
124,0.0,0.0,0.0,1.0,-0.0,0,0
125,0.0,0.0,0.0,1.0,-0.0,0,1
126,0.0,0.0,0.0,1.0,-0.0,0,0
127,0.0,0.0,0.0,1.0,-0.0,0,0
128,0.0,0.0,0.0,1.0,-0.0,0,0
129,0.2,0.4712871287128713,0.3166459851843062,1.0,-0.0,0,0
130,0.2,0.4712871287128713,0.3166459851843062,1.0,-0.0,0,0
131,0.2,0.4712871287128713,0.3166459851843062,1.0,-0.0,0,0
132,0.2,0.4712871287128713,0.3166459851843062,1.0,-0.0,0,0
133,0.2,0.4712871287128713,0.3166459851843062,1.0,-0.0,0,0
134,0.0,0.0,0.0,1.0,-0.0,0,0
135,0.0,0.0,0.0,1.0,-0.0,0,0
136,0.0,0.02772277227722772,0.06910862719451544,1.0,-0.0,0,34
137,0.4,0.22376237623762377,0.17185563527720504,0.15256411579120888,0.816547603645193,0,0
138,0.4,0.22376237623762377,0.17185563527720504,0.15256411579120888,0.816547603645193,0,0
139,0.8,0.3069306930693069,0.1981385782391919,0.0064140293995049984,2.1928690537600057,1,0
140,0.8,0.3069306930693069,0.1981385782391919,0.0064140293995049984,2.1928690537600057,0,0
141,0.8,0.3069306930693069,0.20209664668789026,0.007348310683740325,2.1338124901749334,0,0
142,0.4,0.11089108910891086,0.13042276277287215,0.013321596849220298,1.8754437135111883,0,0
143,0.4,0.11089108910891086,0.13042276277287215,0.013321596849220298,1.8754437135111883,0,0
144,0.2,0.14257425742574256,0.14166375938629638,0.34260406516023395,0.4652074882292838,0,0
145,0.2,0.15445544554455443,0.15124876399151133,0.3816601677710013,0.41832316313167517,0,0
146,0.2,0.23168316831683164,0.17962044309621494,1.0,-0.0,0,0
147,0.2,0.23168316831683164,0.17962044309621494,1.0,-0.0,0,0
148,0.2,0.2891089108910891,0.20962058610407477,1.0,-0.0,0,0
149,0.0,0.1881188118811881,0.16844491341098408,1.0,-0.0,0,0
150,0.0,0.17623762376237626,0.1599186147292671,1.0,-0.0,0,0
151,0.0,0.06732673267326733,0.10255055347504201,1.0,-0.0,0,0
152,0.0,0.1188118811881188,0.14122019271030048,1.0,-0.0,0,0
153,0.0,0.10495049504950493,0.1367053908443026,1.0,-0.0,0,0
154,0.0,0.14059405940594058,0.15036471688371983,1.0,-0.0,0,0
155,0.0,0.14059405940594058,0.15036471688371983,1.0,-0.0,0,0
156,0.0,0.14059405940594058,0.15036471688371983,1.0,-0.0,0,0
157,0.0,0.08712871287128712,0.11402914890208293,1.0,-0.0,0,0
158,0.0,0.07920792079207921,0.11631029826208643,1.0,-0.0,0,0
159,0.0,0.05940594059405942,0.10733330877518933,1.0,-0.0,0,0
160,0.0,0.11485148514851483,0.1444594832462533,1.0,-0.0,0,0
161,0.0,0.14455445544554454,0.16439221845954266,1.0,-0.0,0,0
162,0.0,0.17821782178217815,0.1843393128354381,1.0,-0.0,0,0
163,3.2,0.8277227722772277,0.3582462264816673,1.772836627918898e-11,10.751331284062037,0,0
164,3.4,0.8396039603960396,0.35712804036093,3.766283760577062e-13,12.424086962330438,0,0
165,3.4,0.8217821782178216,0.3722034896426766,2.1507621149215733e-12,11.667407622104449,1,0
166,3.6,0.8356435643564356,0.367378769231899,2.6463022071356546e-14,13.577360560981118,0,0
167,3.6,0.801980198019802,0.3642380350025723,7.850730048823418e-15,14.105089955811009,0,0
168,0.4,0.13663366336633662,0.15137833547418927,0.04094805258795717,1.3877667476377513,0,0
169,0.4,0.11287128712871286,0.14736186103080443,0.025679964702352388,1.5904055775496064,0,0
170,0.6,0.10693069306930691,0.13661931335176508,0.0001536455626144444,3.813479977938609,0,0
171,0.4,0.06534653465346535,0.10939585993610405,0.0011099951699931328,2.954678910988022,0,0
172,0.4,0.06534653465346535,0.10939585993610405,0.0011099951699931328,2.954678910988022,0,0
173,0.4,0.24356435643564353,0.21728105701932995,0.23577201545498916,0.6275077440022503,0,0
174,0.4,0.5188118811881188,0.3414334579320999,1.0,-0.0,0,0
175,2.2,1.0336633663366337,0.4136955468574177,0.0024063390572548137,2.618643179855529,0,0
176,2.2,1.0336633663366337,0.4136955468574177,0.0024063390572548137,2.618643179855529,0,0
177,3.0,1.2415841584158416,0.43355937086617785,2.4985013913522446e-05,4.602320404373712,0,0
178,4.0,1.6871287128712873,0.4787904244674383,6.804236408027154e-07,6.167220605565341,0,0
179,3.8,1.3980198019801982,0.4445445322934925,3.272414475181463e-08,7.485131694950505,0,0
180,1.8,0.895049504950495,0.39959787649059714,0.011766993565207443,1.9293344840405922,0,0
181,1.8,0.895049504950495,0.39959787649059714,0.011766993565207443,1.9293344840405922,0,0
182,1.0,0.6871287128712871,0.3994212065785691,0.21672205978512615,0.6640968803029468,0,0
183,0.0,0.04356435643564357,0.08721867542790195,1.0,-0.0,0,0
184,0.0,0.04356435643564357,0.08721867542790195,1.0,-0.0,0,0
185,0.0,0.027722772277227727,0.06910862719451544,1.0,-0.0,0,0
186,0.2,0.1287128712871287,0.13954426081146826,0.3047256810291634,0.5160909436792886,0,0
187,0.2,0.1287128712871287,0.13954426081146826,0.3047256810291634,0.5160909436792886,0,0
188,0.2,0.1287128712871287,0.13954426081146826,0.3047256810291634,0.5160909436792886,0,0
189,0.2,0.1287128712871287,0.13954426081146826,0.3047256810291634,0.5160909436792886,0,0
190,0.2,0.09900990099009899,0.12467387119760154,0.20896026115900324,0.679936297622463,0,0
191,0.2,0.0792079207920792,0.12921455921643918,0.1749410839229233,0.7571081869435705,0,0
192,0.2,0.0792079207920792,0.12921455921643918,0.1749410839229233,0.7571081869435705,0,0
193,0.2,0.0792079207920792,0.12921455921643918,0.1749410839229233,0.7571081869435705,0,0
194,0.2,0.0792079207920792,0.12921455921643918,0.1749410839229233,0.7571081869435705,0,0
195,0.2,0.0792079207920792,0.12921455921643918,0.1749410839229233,0.7571081869435705,0,0
196,0.0,0.0,0.0,1.0,-0.0,0,0
197,0.0,0.0,0.0,1.0,-0.0,0,0
198,0.0,0.25346534653465347,0.20468007222847603,1.0,-0.0,0,0
199,0.0,0.25346534653465347,0.20468007222847603,1.0,-0.0,0,0
200,0.0,0.25346534653465347,0.20468007222847603,1.0,-0.0,0,0
201,0.0,0.25346534653465347,0.20468007222847603,1.0,-0.0,0,0
202,0.0,0.25346534653465347,0.20468007222847603,1.0,-0.0,0,0
203,0.0,0.0,0.0,1.0,-0.0,0,0
204,0.0,0.021782178217821784,0.06230547612891991,1.0,-0.0,0,0
205,0.0,0.021782178217821784,0.06230547612891991,1.0,-0.0,0,0
206,0.0,0.021782178217821784,0.06230547612891991,1.0,-0.0,0,0
207,0.0,0.021782178217821784,0.06230547612891991,1.0,-0.0,0,0
208,0.0,0.021782178217821784,0.06230547612891991,1.0,-0.0,0,0
209,0.0,0.04554455445544555,0.08846854615322249,1.0,-0.0,0,0
210,0.0,0.10495049504950495,0.1245794808714917,1.0,-0.0,0,0
211,0.0,0.10495049504950495,0.1245794808714917,1.0,-0.0,0,0
212,0.2,0.19405940594059404,0.1938774657314743,0.48777793314902673,0.3117778508619443,0,0
213,0.2,0.19405940594059404,0.1938774657314743,0.48777793314902673,0.3117778508619443,0,0
214,0.2,0.1485148514851485,0.17497601611385763,0.38428680982864105,0.4153445219029317,0,0
215,0.2,0.16435643564356434,0.17664875840130073,0.42004573548133184,0.3767034201121342,0,0
216,0.2,0.16435643564356434,0.17664875840130073,0.42004573548133184,0.3767034201121342,0,0
217,0.0,0.07524752475247526,0.12851469892742937,1.0,-0.0,0,0
218,0.0,0.07524752475247526,0.12851469892742937,1.0,-0.0,0,0
219,0.0,0.10495049504950496,0.14513649268759365,1.0,-0.0,0,0
220,0.0,0.15247524752475247,0.1466416521312762,1.0,-0.0,0,0
221,0.0,0.15247524752475247,0.1466416521312762,1.0,-0.0,0,0
222,0.0,0.15247524752475247,0.1466416521312762,1.0,-0.0,0,0
223,0.0,0.15247524752475247,0.1466416521312762,1.0,-0.0,0,0
224,0.0,0.1603960396039604,0.14897618117864575,1.0,-0.0,0,0
225,0.0,0.03762376237623763,0.07816140339006158,1.0,-0.0,0,0
226,0.0,0.03762376237623763,0.07816140339006158,1.0,-0.0,0,0
227,0.0,0.03762376237623763,0.07816140339006158,1.0,-0.0,0,0
228,0.0,0.03762376237623763,0.07816140339006158,1.0,-0.0,0,0
229,0.0,0.0,0.0,1.0,-0.0,0,0
230,0.0,0.0,0.0,1.0,-0.0,0,0
231,0.0,0.0,0.0,1.0,-0.0,0,0
232,0.0,0.0,0.0,1.0,-0.0,0,0
233,0.0,0.0,0.0,1.0,-0.0,0,10
234,0.0,0.0,0.0,1.0,-0.0,0,0
235,0.0,0.0,0.0,1.0,-0.0,0,0
236,0.0,0.0,0.0,1.0,-0.0,0,0
237,0.0,0.37623762376237624,0.27472705261029107,1.0,-0.0,0,0
238,0.0,0.37623762376237624,0.27472705261029107,1.0,-0.0,0,0
239,0.0,0.37623762376237624,0.27472705261029107,1.0,-0.0,0,0
240,0.0,0.3821782178217822,0.27732671499923944,1.0,-0.0,0,0
241,0.0,0.3821782178217822,0.27732671499923944,1.0,-0.0,0,0
242,0.0,0.021782178217821784,0.06230547612891991,1.0,-0.0,0,0
243,0.0,0.021782178217821784,0.06230547612891991,1.0,-0.0,0,0
244,0.0,0.04356435643564357,0.08255312311158747,1.0,-0.0,0,0
245,0.0,0.03762376237623763,0.07816140339006158,1.0,-0.0,0,0
246,0.0,0.03762376237623763,0.07816140339006158,1.0,-0.0,0,0
247,0.0,0.03564356435643565,0.07653920035678292,1.0,-0.0,0,0
248,0.0,0.03564356435643565,0.07653920035678292,1.0,-0.0,0,0
249,0.0,0.2178217821782178,0.20508198776039438,1.0,-0.0,0,0
250,0.0,0.2178217821782178,0.20508198776039438,1.0,-0.0,0,0
251,0.0,0.24356435643564353,0.21174234370025033,1.0,-0.0,0,0
252,0.0,0.22970297029702966,0.20370069017874276,1.0,-0.0,0,0
253,0.0,0.2396039603960396,0.2068525125893164,1.0,-0.0,0,0
254,0.0,0.06732673267326733,0.09451167971312256,1.0,-0.0,0,0
255,0.0,0.06732673267326733,0.09451167971312256,1.0,-0.0,0,0
256,0.0,0.041584158415841586,0.08116396646304633,1.0,-0.0,0,0
257,0.0,0.07524752475247526,0.10474480123119365,1.0,-0.0,0,0
258,0.0,0.06534653465346535,0.10189845806153354,1.0,-0.0,0,0
259,0.0,0.033663366336633666,0.07482947971362847,1.0,-0.0,0,0
260,0.0,0.033663366336633666,0.07482947971362847,1.0,-0.0,0,0
261,0.0,0.033663366336633666,0.07482947971362847,1.0,-0.0,0,0
262,0.0,0.0,0.0,1.0,-0.0,0,0
263,0.0,0.0,0.0,1.0,-0.0,0,0
264,0.0,0.0,0.0,1.0,-0.0,0,0
265,0.0,0.0,0.0,1.0,-0.0,0,0
266,0.0,0.0,0.0,1.0,-0.0,0,0
267,0.0,0.0,0.0,1.0,-0.0,0,0
268,0.0,0.0,0.0,1.0,-0.0,0,0
269,0.0,0.0,0.0,1.0,-0.0,0,0
270,0.0,0.0,0.0,1.0,-0.0,0,0
271,0.0,0.0,0.0,1.0,-0.0,0,0
272,0.0,0.0,0.0,1.0,-0.0,0,0
273,0.0,0.0297029702970297,0.07112192077650681,1.0,-0.0,0,0
274,0.0,0.0297029702970297,0.07112192077650681,1.0,-0.0,0,0
275,0.0,0.04752475247524753,0.08965727859541997,1.0,-0.0,0,0
276,0.0,0.061386138613861385,0.09644194583672018,1.0,-0.0,0,0
277,0.0,0.061386138613861385,0.09644194583672018,1.0,-0.0,0,0
278,0.0,0.14257425742574253,0.16249693654596944,1.0,-0.0,0,0
279,0.0,0.1801980198019802,0.17463954503246998,1.0,-0.0,0,0
280,0.0,0.16237623762376235,0.16581719933036293,1.0,-0.0,0,0
281,0.2,0.1603960396039604,0.16654866260050913,0.40602116342229283,0.3914513286938006,0,0
282,0.2,0.1603960396039604,0.16654866260050913,0.40602116342229283,0.3914513286938006,0,0
283,0.2,0.0712871287128713,0.11801714396634724,0.13771817209143733,0.8610087502417649,0,0
284,0.2,0.033663366336633666,0.07482947971362847,0.013112090674369026,1.8823280561396656,0,0
285,0.2,0.033663366336633666,0.07482947971362847,0.013112090674369026,1.8823280561396656,0,0
286,0.0,0.049504950495049514,0.08631483056516186,1.0,-0.0,0,0
287,0.0,0.049504950495049514,0.08631483056516186,1.0,-0.0,0,0
288,0.0,0.13465346534653463,0.13818888176132993,1.0,-0.0,0,0
289,0.0,0.13465346534653463,0.13818888176132993,1.0,-0.0,0,0
290,0.0,0.13465346534653463,0.13818888176132993,1.0,-0.0,0,0
291,0.0,0.10495049504950493,0.12771893462651168,1.0,-0.0,0,0
