,foreground,bg_means,bg_stdev,pvals,minus_logs,regs,active
2,0.0,0.7683168316831682,0.3720243506001546,1.0,-0.0,0,0
3,0.0,0.7366336633663365,0.3657956937415298,1.0,-0.0,0,0
4,0.0,0.7267326732673266,0.3633973602101495,1.0,-0.0,0,0
5,0.0,0.7267326732673266,0.3633973602101495,1.0,-0.0,0,0
6,0.0,0.3920792079207921,0.22676509777231907,1.0,-0.0,0,0
7,0.0,0.02772277227722772,0.07461957893630407,1.0,-0.0,0,0
8,0.0,0.02772277227722772,0.07461957893630407,1.0,-0.0,0,0
9,0.0,0.02772277227722772,0.07461957893630407,1.0,-0.0,0,0
10,0.0,0.02772277227722772,0.07461957893630407,1.0,-0.0,0,0
11,0.0,0.0,0.0,1.0,-0.0,0,0
12,0.0,0.013861386138613863,0.05079507064705211,1.0,-0.0,0,0
13,0.0,0.0613861386138614,0.10433219700847123,1.0,-0.0,0,0
14,0.0,0.0613861386138614,0.10433219700847123,1.0,-0.0,0,0
15,0.2,0.16633663366336632,0.16666633990099655,0.41996594762129563,0.37678592236332387,0,0
16,0.2,0.21188118811881188,0.19257871154715578,1.0,-0.0,0,0
17,0.2,0.19801980198019797,0.17233412057057096,0.4954160712475375,0.3050299090523377,0,0
18,0.2,0.1801980198019802,0.16531985318607367,0.45232878900510537,0.3445457701842889,0,0
19,0.2,0.1801980198019802,0.16531985318607367,0.45232878900510537,0.3445457701842889,0,0
20,0.2,0.22970297029702968,0.20563572254648982,1.0,-0.0,0,0
21,0.2,0.37029702970297035,0.24597534870265994,1.0,-0.0,0,0
22,0.2,0.403960396039604,0.278582263684261,1.0,-0.0,0,0
23,0.4,0.5445544554455446,0.3058749008261327,1.0,-0.0,0,0
24,0.6,0.5742574257425742,0.31549221808561473,0.4674844054633868,0.33023287192335565,0,0
25,0.6,0.5207920792079209,0.3209875947398357,0.402545752336364,0.3951847516737824,0,0
26,0.6,0.3326732673267327,0.26740739523793733,0.1587282546162908,0.7993457592455482,0,0
27,1.4,0.5108910891089108,0.29714849109860914,0.0013851608313526658,2.858499797636515,0,0
28,1.2,0.3425742574257426,0.24750098895830633,0.0002657744358506849,3.575486795037075,0,0
29,1.0,0.31287128712871287,0.23278910114353418,0.001580036442256996,2.801332896280637,0,0
30,0.8,0.22970297029702968,0.20755271521986346,0.003000549195730081,2.52279924833166,0,0
31,1.8,0.4217821782178219,0.2770437862222581,3.266945205999472e-07,6.485858149556283,0,0
32,1.0,0.20990099009900987,0.2075338218863193,7.030706297558475e-05,4.153001044009442,0,0
33,1.0,0.20990099009900987,0.2075338218863193,7.030706297558475e-05,4.153001044009442,0,0
34,1.0,0.20990099009900987,0.2075338218863193,7.030706297558475e-05,4.153001044009442,0,0
35,1.2,0.34257425742574266,0.23094576734837932,0.00010254154620324693,3.989100138207544,0,0
36,0.2,0.18019801980198016,0.17689276383467162,0.4554341360823209,0.3415744208957119,0,0
37,0.2,0.18019801980198016,0.17689276383467162,0.4554341360823209,0.3415744208957119,0,0
38,0.4,0.25742574257425743,0.2055403574611095,0.24394905115372095,0.6127008667482903,0,0
39,0.4,0.27524752475247527,0.21954315329164673,0.2849371298542502,0.5452509546210554,0,0
40,0.2,0.12673267326732673,0.139937106883602,0.300287693297452,0.5224624661444329,0,0
41,0.2,0.09504950495049505,0.1277189346265117,0.20561525732768132,0.6869446624035489,0,0
42,0.2,0.09504950495049505,0.1277189346265117,0.20561525732768132,0.6869446624035489,0,0
43,0.0,0.017821782178217824,0.056980176514606566,1.0,-0.0,0,0
44,0.0,0.0,0.0,1.0,-0.0,0,0
45,0.0,0.04950495049504951,0.09912864166957489,1.0,-0.0,0,0
46,0.0,0.04950495049504951,0.09912864166957489,1.0,-0.0,0,0
47,0.0,0.16633663366336635,0.17815180295354432,1.0,-0.0,0,0
48,0.4,0.5584158415841584,0.34620068772994633,1.0,-0.0,0,0
49,0.4,0.5584158415841584,0.34620068772994633,1.0,-0.0,0,0
50,0.4,0.5089108910891089,0.332437445884092,1.0,-0.0,0,0
51,0.4,0.5148514851485148,0.3310308347977621,1.0,-0.0,0,0
52,0.4,0.398019801980198,0.2849284078986922,0.4972274496594366,0.3034449039512318,0,0
53,0.0,0.019801980198019802,0.059735061897023205,1.0,-0.0,0,0
54,0.0,0.16435643564356434,0.16744093589393827,1.0,-0.0,0,0
55,0.0,0.16435643564356434,0.16744093589393827,1.0,-0.0,0,0
56,0.0,0.17821782178217818,0.18647536422960084,1.0,-0.0,0,0
57,0.0,0.20396039603960395,0.18875348902641548,1.0,-0.0,0,0
58,0.0,0.24356435643564353,0.19418060470702989,1.0,-0.0,0,0
59,0.0,0.09900990099009899,0.12145573247679727,1.0,-0.0,0,0
60,0.0,0.09900990099009899,0.12145573247679727,1.0,-0.0,0,0
61,0.0,0.07920792079207921,0.10928827506175545,1.0,-0.0,0,0
62,0.0,0.05346534653465347,0.09704990696905226,1.0,-0.0,0,0
63,0.0,0.09108910891089109,0.12113245340338318,1.0,-0.0,0,0
64,0.0,0.09702970297029702,0.127780323207142,1.0,-0.0,0,0
65,0.0,0.09702970297029702,0.127780323207142,1.0,-0.0,0,0
66,0.0,0.09702970297029702,0.127780323207142,1.0,-0.0,0,0
67,0.0,0.09702970297029702,0.127780323207142,1.0,-0.0,0,0
68,0.0,0.04950495049504951,0.09504950495049506,1.0,-0.0,0,0
69,0.0,0.11089108910891088,0.13042276277287215,1.0,-0.0,0,0
70,0.0,0.11089108910891088,0.13042276277287215,1.0,-0.0,0,0
71,0.0,0.11089108910891088,0.13042276277287215,1.0,-0.0,0,0
72,0.0,0.11089108910891088,0.13042276277287215,1.0,-0.0,0,0
73,0.0,0.06732673267326733,0.11000352009767247,1.0,-0.0,0,0
74,0.0,0.0,0.0,1.0,-0.0,0,0
75,0.0,0.0,0.0,1.0,-0.0,0,0
76,0.0,0.0,0.0,1.0,-0.0,0,0
77,0.0,0.0297029702970297,0.07112192077650681,1.0,-0.0,0,0
78,0.0,0.04356435643564357,0.08721867542790195,1.0,-0.0,0,0
79,0.0,0.04356435643564357,0.08721867542790195,1.0,-0.0,0,0
80,0.0,0.05346534653465347,0.09287951999650357,1.0,-0.0,0,0
81,0.0,0.05346534653465347,0.09287951999650357,1.0,-0.0,0,0
82,0.0,0.023762376237623766,0.06471340450838889,1.0,-0.0,0,0
83,0.0,0.009900990099009901,0.04338396495090425,1.0,-0.0,0,0
84,0.0,0.2633663366336634,0.2028132693713959,1.0,-0.0,0,0
85,0.0,0.2792079207920792,0.20696621988837893,1.0,-0.0,0,0
86,0.0,0.2792079207920792,0.20696621988837893,1.0,-0.0,0,0
87,0.0,0.29504950495049503,0.21543243990430327,1.0,-0.0,0,0
88,0.0,0.29504950495049503,0.21543243990430327,1.0,-0.0,0,0
89,0.0,0.24158415841584158,0.1956291332313421,1.0,-0.0,0,0
90,0.0,0.2475247524752475,0.20517756589288896,1.0,-0.0,0,0
91,0.0,0.2475247524752475,0.20517756589288896,1.0,-0.0,0,0
92,0.0,0.24950495049504945,0.20759049672836247,1.0,-0.0,0,0
93,0.0,0.2792079207920792,0.2235256787176184,1.0,-0.0,0,0
94,0.0,0.19207920792079203,0.1733097543528005,1.0,-0.0,0,0
95,0.0,0.21188118811881188,0.1884208102236084,1.0,-0.0,0,0
96,0.0,0.22178217821782176,0.19478546736408614,1.0,-0.0,0,0
97,0.0,0.22970297029702966,0.2075527152198634,1.0,-0.0,0,0
98,0.0,0.19999999999999996,0.19088122894710324,1.0,-0.0,0,0
99,0.0,0.10297029702970295,0.13084299831035082,1.0,-0.0,0,0
100,0.0,0.05148514851485149,0.096075322540263,1.0,-0.0,0,0
101,0.0,0.04158415841584159,0.08590499787518362,1.0,-0.0,0,0
102,0.0,0.015841584158415842,0.05401260078014202,1.0,-0.0,0,0
103,0.0,0.033663366336633666,0.07482947971362847,1.0,-0.0,0,0
104,0.0,0.017821782178217824,0.05698017651460657,1.0,-0.0,0,0
105,0.0,0.017821782178217824,0.05698017651460657,1.0,-0.0,0,0
106,0.0,0.04950495049504951,0.09078727434730813,1.0,-0.0,0,0
107,0.0,0.061386138613861385,0.10433219700847123,1.0,-0.0,0,0
108,0.2,0.05940594059405942,0.11447531431916541,0.10969336149637444,0.9598196545832711,0,0
109,0.2,0.06930693069306931,0.12084076279122662,0.13973041895704236,0.8547090387884151,0,0
110,0.2,0.06930693069306931,0.12084076279122662,0.13973041895704236,0.8547090387884151,0,0
111,0.2,0.03762376237623762,0.09211646217515253,0.03897321499939909,1.4092337666757113,0,0
112,0.2,0.025742574257425745,0.06697637435757531,0.004637140001348011,2.3337497919853583,0,0
113,0.2,0.015841584158415842,0.05401260078014202,0.00032535620257014524,3.4876409094885674,0,0
114,0.2,0.021782178217821784,0.06230547612891991,0.002115616449879084,2.6745630648030154,0,0
115,0.2,0.041584158415841586,0.0859049978751836,0.03258561123651813,1.486974128154426,0,0
116,0.2,0.057425742574257435,0.11021718851545144,0.09790604061927334,1.009190512214366,0,0
117,0.2,0.06930693069306931,0.11751770396006173,0.13304459555834885,0.8760027623516582,0,0
118,0.0,0.14455445544554452,0.17146731208545954,1.0,-0.0,0,0
119,0.0,0.12673267326732673,0.15599637537608815,1.0,-0.0,0,0
120,0.0,0.10693069306930691,0.14776046024695155,1.0,-0.0,0,0
121,0.0,0.09108910891089106,0.12750384183766536,1.0,-0.0,0,0
122,0.0,0.2495049504950495,0.20178596757001188,1.0,-0.0,0,0
123,0.0,0.17029702970297028,0.1853786889262329,1.0,-0.0,0,0
124,0.0,0.18217821782178217,0.1951876678075502,1.0,-0.0,0,0
125,0.0,0.2594059405940594,0.24461657927417443,1.0,-0.0,0,0
126,0.2,0.35049504950495064,0.2834105451535025,1.0,-0.0,0,0
127,0.4,0.21782178217821785,0.19920437766272148,0.18021942394895546,0.7441984028173692,0,0
128,0.4,0.22376237623762377,0.19957802754687703,0.18860429492563358,0.724448421666216,0,0
129,0.4,0.22970297029702968,0.1810555160500984,0.17346030479729263,0.7607998948206784,0,0
130,0.4,0.2059405940594059,0.17224308299392185,0.12994311301948774,0.8862467331455997,0,0
131,0.2,0.11287128712871287,0.1390657415135005,0.26548402751583466,0.5759616025312937,0,0
132,0.0,0.18811881188118812,0.15369194385688914,1.0,-0.0,0,0
133,0.0,0.1821782178217822,0.1544046628880628,1.0,-0.0,0,0
134,0.0,0.16435643564356434,0.1576963860757588,1.0,-0.0,0,0
135,0.0,0.10891089108910891,0.13650445892763632,1.0,-0.0,0,0
136,0.0,0.10891089108910891,0.13650445892763632,1.0,-0.0,0,0
137,0.0,0.0,0.0,1.0,-0.0,0,0
138,0.0,0.0,0.0,1.0,-0.0,0,0
139,0.0,0.0,0.0,1.0,-0.0,0,0
140,0.0,0.07722772277227723,0.11593886073904514,1.0,-0.0,0,0
141,0.0,0.07722772277227723,0.11593886073904514,1.0,-0.0,0,0
142,0.0,0.07722772277227723,0.11593886073904514,1.0,-0.0,0,0
143,0.2,0.0891089108910891,0.13042276277287218,0.197594897441158,0.7042242745346298,0,0
144,0.2,0.09900990099009899,0.1308729634998678,0.2201564018743143,0.6572686812775224,0,0
145,0.2,0.021782178217821784,0.062305476128919915,0.0021156164498790874,2.6745630648030145,0,0
146,0.2,0.06336633663366338,0.10874875419996817,0.10448261079208833,0.9809559838634979,0,0
147,0.2,0.09900990099009901,0.13386490123687583,0.22529911544679287,0.6472405133686278,0,0
148,0.0,0.10495049504950495,0.12457948087149172,1.0,-0.0,0,0
149,0.0,0.1386138613861386,0.134215946161034,1.0,-0.0,0,0
150,0.0,0.15445544554455445,0.14038472772091964,1.0,-0.0,0,0
151,0.0,0.13267326732673265,0.13867042693078493,1.0,-0.0,0,0
152,0.0,0.10495049504950493,0.13377699607171908,1.0,-0.0,0,0
153,0.0,0.08712871287128712,0.11745095149573798,1.0,-0.0,0,0
154,0.0,0.04554455445544555,0.08846854615322249,1.0,-0.0,0,0
155,0.0,0.0613861386138614,0.10433219700847123,1.0,-0.0,0,0
156,0.0,0.041584158415841586,0.09039772047931348,1.0,-0.0,0,0
157,0.0,0.08118811881188118,0.11999411807954947,1.0,-0.0,0,0
158,0.0,0.09900990099009899,0.12467387119760154,1.0,-0.0,0,0
159,0.0,0.09900990099009899,0.12467387119760154,1.0,-0.0,0,0
160,0.4,0.16633663366336632,0.1491077275011224,0.058548287670935326,1.232485801974001,0,0
161,0.4,0.16633663366336632,0.1491077275011224,0.058548287670935326,1.232485801974001,0,0
162,0.6,0.14653465346534653,0.14594475859555073,0.0009446539056841288,3.0247272754931878,0,0
163,0.8,0.2138613861386138,0.1740773146600864,0.00037979284025196273,3.4204532267195207,0,0
164,0.8,0.2138613861386138,0.1740773146600864,0.00037979284025196273,3.4204532267195207,0,0
165,0.4,0.11683168316831682,0.12353642740976015,0.010947491848788404,1.96068536949985,0,0
166,0.4,0.11683168316831682,0.12353642740976015,0.010947491848788404,1.96068536949985,0,0
167,0.4,0.12079207920792079,0.1568986755607153,0.037575400777817826,1.4250963785476674,0,0
168,0.2,0.03564356435643565,0.08626938974571075,0.028380055950301408,1.5469867526811096,0,0
169,0.6,0.2633663366336633,0.10504385908811757,0.0006760253672663784,3.1700370072283235,0,0
170,0.6,0.2633663366336633,0.10504385908811757,0.0006760253672663784,3.1700370072283235,0,0
171,0.6,0.2633663366336633,0.10504385908811757,0.0006760253672663784,3.1700370072283235,0,0
172,0.4,0.28118811881188116,0.12325042629382525,0.16752607431728705,0.7759175883237082,0,0
173,0.4,0.28118811881188116,0.12325042629382525,0.16752607431728705,0.7759175883237082,0,0
174,0.0,0.05346534653465347,0.09287951999650358,1.0,-0.0,0,0
175,0.0,0.07326732673267328,0.11509022642946842,1.0,-0.0,0,0
176,0.0,0.07326732673267328,0.11509022642946842,1.0,-0.0,0,0
177,0.0,0.019801980198019802,0.0597350618970232,1.0,-0.0,0,0
178,0.0,0.019801980198019802,0.0597350618970232,1.0,-0.0,0,0
179,0.0,0.019801980198019802,0.0597350618970232,1.0,-0.0,0,0
180,0.0,0.22970297029702968,0.18750290002005254,1.0,-0.0,0,0
181,0.0,0.2613861386138614,0.206321049942671,1.0,-0.0,0,0
182,0.0,0.2613861386138614,0.206321049942671,1.0,-0.0,0,0
183,0.0,0.2613861386138614,0.206321049942671,1.0,-0.0,0,0
184,0.0,0.2613861386138614,0.206321049942671,1.0,-0.0,0,0
185,0.0,0.03168316831683169,0.0730260947112308,1.0,-0.0,0,0
186,0.0,0.0,0.0,1.0,-0.0,0,0
187,0.0,0.0,0.0,1.0,-0.0,0,0
188,0.0,0.0,0.0,1.0,-0.0,0,0
189,0.0,0.0,0.0,1.0,-0.0,0,0
190,0.0,0.0,0.0,1.0,-0.0,0,0
191,0.0,0.0,0.0,1.0,-0.0,0,0
192,0.0,0.02970297029702971,0.07112192077650681,1.0,-0.0,0,0
193,0.0,0.02970297029702971,0.07112192077650681,1.0,-0.0,0,0
194,0.0,0.02970297029702971,0.07112192077650681,1.0,-0.0,0,0
195,0.0,0.02970297029702971,0.07112192077650681,1.0,-0.0,0,0
196,0.0,0.02970297029702971,0.07112192077650681,1.0,-0.0,0,0
197,0.2,0.049504950495049514,0.08631483056516186,0.040617958542992716,1.3912819080063723,0,0
198,0.2,0.049504950495049514,0.08631483056516186,0.040617958542992716,1.3912819080063723,0,0
199,0.2,0.049504950495049514,0.08631483056516186,0.040617958542992716,1.3912819080063723,0,0
200,0.2,0.049504950495049514,0.08631483056516186,0.040617958542992716,1.3912819080063723,0,0
201,0.2,0.049504950495049514,0.08631483056516186,0.040617958542992716,1.3912819080063723,0,0
202,0.0,0.0,0.0,1.0,-0.0,0,0
203,0.0,0.0,0.0,1.0,-0.0,0,0
204,0.0,0.0,0.0,1.0,-0.0,0,0
205,0.2,0.05544554455445544,0.1019369320889802,0.07808409030039497,1.1074374449781044,0,0
206,0.2,0.08514851485148517,0.12694907267187808,0.18281079492823915,0.737998162872722,0,0
207,0.2,0.08514851485148517,0.12694907267187808,0.18281079492823915,0.737998162872722,0,0
208,0.2,0.08514851485148517,0.12694907267187808,0.18281079492823915,0.737998162872722,0,0
209,0.2,0.08514851485148517,0.12694907267187808,0.18281079492823915,0.737998162872722,0,0
210,0.0,0.0297029702970297,0.07112192077650681,1.0,-0.0,0,0
211,0.4,0.05544554455445545,0.1019369320889802,0.0003623305243434886,3.4408950775152025,0,0
212,0.4,0.05544554455445545,0.1019369320889802,0.0003623305243434886,3.4408950775152025,0,0
213,0.4,0.05544554455445545,0.1019369320889802,0.0003623305243434886,3.4408950775152025,0,0
214,0.4,0.05544554455445545,0.1019369320889802,0.0003623305243434886,3.4408950775152025,0,0
215,0.4,0.0891089108910891,0.13636075485692528,0.01130633060330483,1.9466783196815078,0,0
216,0.0,0.033663366336633666,0.08475617647141663,1.0,-0.0,0,0
217,0.0,0.033663366336633666,0.08475617647141663,1.0,-0.0,0,0
218,0.0,0.033663366336633666,0.08475617647141663,1.0,-0.0,0,0
219,0.0,0.033663366336633666,0.08475617647141663,1.0,-0.0,0,0
220,0.0,0.0,0.0,1.0,-0.0,0,0
221,0.2,0.04554455445544554,0.09283729243351323,0.048083999170693,1.3179994190099729,0,0
222,0.2,0.04554455445544554,0.09283729243351323,0.048083999170693,1.3179994190099729,0,0
223,0.2,0.11683168316831684,0.15225649732072147,0.29245110138762687,0.533946738719643,0,0
224,0.2,0.11683168316831684,0.15225649732072147,0.29245110138762687,0.533946738719643,0,0
225,0.4,0.14653465346534653,0.1686077858012515,0.0663829428093936,1.1779434988760122,0,0
226,0.2,0.09900990099009901,0.14246420394934614,0.239199312215381,0.6212400734356929,0,0
227,0.2,0.14455445544554454,0.16914183369554553,0.3715295404175921,0.4300066496549224,0,0
228,0.2,0.0891089108910891,0.13923481846532232,0.21289044200289597,0.6718438363474027,0,0
229,0.2,0.0891089108910891,0.13923481846532232,0.21289044200289597,0.6718438363474027,0,0
230,0.0,0.07326732673267328,0.13415750246300454,1.0,-0.0,0,0
231,0.0,0.10297029702970295,0.14243667729389659,1.0,-0.0,0,0
232,0.0,0.1287128712871287,0.1423540653909816,1.0,-0.0,0,0
233,0.0,0.16831683168316833,0.1751552030692751,1.0,-0.0,0,0
234,0.2,0.21782178217821782,0.1972062495766079,1.0,-0.0,0,0
235,0.2,0.2732673267326733,0.22466304322665875,1.0,-0.0,0,0
236,0.2,0.2693069306930693,0.22939549239722112,1.0,-0.0,0,0
237,0.2,0.21188118811881188,0.1841690617597849,1.0,-0.0,0,0
238,0.2,0.18811881188118812,0.17981680926331076,0.47365951670166656,0.3245337324863135,0,0
239,0.0,0.1782178217821782,0.2027552591868547,1.0,-0.0,0,0
240,0.0,0.12475247524752477,0.16374693140141006,1.0,-0.0,0,0
241,0.0,0.14257425742574253,0.16249693654596944,1.0,-0.0,0,0
242,0.0,0.29504950495049503,0.20215484586740853,1.0,-0.0,0,0
243,0.0,0.2792079207920792,0.20310307176171227,1.0,-0.0,0,0
244,0.0,0.23960396039603957,0.18459439503241848,1.0,-0.0,0,0
